# gene-model: GENCODE v36
gene_id	gene_name	gene_type	unstranded	stranded_first	stranded_second	tpm_unstranded	fpkm_unstranded	fpkm_uq_unstranded
N_unmapped			1168858	1168858	1168858			
N_multimapping			3351216	3351216	3351216			
N_noFeature			1356135	23168459	23268633			
N_ambiguous			4859493	1144605	1140075			
ENSG00000000003.15	TSPAN6	protein_coding	988	491	497	18.4968	5.4180	5.2171
ENSG00000000005.6	TNMD	protein_coding	0	0	0	0.0000	0.0000	0.0000
ENSG00000000419.13	DPM1	protein_coding	865	435	430	60.8585	17.8264	17.1655
ENSG00000000457.14	SCYL3	protein_coding	371	304	316	4.5773	1.3408	1.2911
ENSG00000000460.17	C1orf112	protein_coding	234	239	279	3.3285	0.9750	0.9388
ENSG00000000938.13	FGR	protein_coding	293	140	153	7.3571	2.1550	2.0751
ENSG00000000971.16	CFH	protein_coding	1852	922	930	19.7084	5.7729	5.5589
ENSG00000001036.14	FUCA2	protein_coding	2912	2378	2381	87.6288	25.6678	24.7162
ENSG00000001084.13	GCLC	protein_coding	444	256	271	4.3751	1.2815	1.2340
ENSG00000001167.14	NFYA	protein_coding	811	499	466	18.0715	5.2934	5.0972
ENSG00000001460.18	STPG1	protein_coding	1949	1009	1091	19.4466	5.6962	5.4850
ENSG00000001461.17	NIPAL3	protein_coding	11534	5783	5902	104.2436	30.5346	29.4025
ENSG00000001497.18	LAS1L	protein_coding	1583	788	796	10.7072	3.1363	3.0200
ENSG00000001561.7	ENPP4	protein_coding	2391	1186	1205	43.7220	12.8068	12.3320
ENSG00000001617.12	SEMA3F	protein_coding	416	201	216	7.3201	2.1442	2.0647
ENSG00000001626.16	CFTR	protein_coding	7	4	3	0.0598	0.0175	0.0169
ENSG00000001629.10	ANKIB1	protein_coding	3506	1750	1764	40.2938	11.8027	11.3651
ENSG00000001630.17	CYP51A1	protein_coding	259	126	133	6.2325	1.8256	1.7579
ENSG00000001631.16	KRIT1	protein_coding	242	140	109	3.3125	0.9703	0.9343
ENSG00000002016.18	RAD52	protein_coding	418	197	226	7.8829	2.3090	2.2234
ENSG00000002079.14	MYH16	transcribed_unitary_pseudogene	4	3	3	0.0539	0.0158	0.0152
ENSG00000002330.14	BAD	protein_coding	363	871	811	18.0481	5.2866	5.0906
ENSG00000002549.12	LAP3	protein_coding	9013	4479	4534	202.2161	59.2323	57.0362
ENSG00000002586.20	CD99	protein_coding	8315	3674	4642	145.3507	42.5755	40.9970
ENSG00000002586.20_PAR_Y	CD99	protein_coding	0	0	0	0.0000	0.0000	0.0000
ENSG00000002587.10	HS3ST1	protein_coding	499	260	239	5.6994	1.6695	1.6076
ENSG00000002726.21	AOC1	protein_coding	17	7	10	0.3813	0.1117	0.1076
ENSG00000002745.13	WNT16	protein_coding	1	0	1	0.0260	0.0076	0.0073
ENSG00000002746.15	HECW1	protein_coding	4	0	4	0.0244	0.0071	0.0069
ENSG00000002822.15	MAD1L1	protein_coding	248	136	112	2.9129	0.8532	0.8216
ENSG00000002834.18	LASP1	protein_coding	12333	7560	7687	148.3251	43.4468	41.8360
ENSG00000002919.15	SNX11	protein_coding	1354	712	642	27.8205	8.1491	7.8469
ENSG00000002933.9	TMEM176A	protein_coding	1086	552	541	26.5239	7.7693	7.4812
ENSG00000003056.8	M6PR	protein_coding	6536	4092	4021	154.8229	45.3500	43.6687
ENSG00000003096.14	KLHL13	protein_coding	13	5	8	0.1581	0.0463	0.0446
ENSG00000003137.8	CYP26B1	protein_coding	248	125	123	4.1995	1.2301	1.1845
ENSG00000003147.19	ICA1	protein_coding	384	219	225	6.6782	1.9561	1.8836
ENSG00000003249.15	DBNDD1	protein_coding	5568	2804	2788	105.9698	31.0402	29.8894
ENSG00000003393.15	ALS2	protein_coding	1886	912	974	15.3439	4.4945	4.3278
ENSG00000003400.15	CASP10	protein_coding	288	152	136	3.2261	0.9450	0.9099
ENSG00000003402.20	CFLAR	protein_coding	2702	1560	1483	10.2075	2.9899	2.8791
ENSG00000003436.16	TFPI	protein_coding	334	172	189	2.4213	0.7092	0.6829
ENSG00000003509.16	NDUFAF7	protein_coding	350	406	410	8.1408	2.3846	2.2962
ENSG00000003756.17	RBM5	protein_coding	1066	750	807	8.7405	2.5602	2.4653
ENSG00000003987.14	MTMR7	protein_coding	46	191	182	0.5638	0.1652	0.1590
ENSG00000003989.18	SLC7A2	protein_coding	134	59	75	1.4395	0.4217	0.4060
ENSG00000004059.11	ARF5	protein_coding	2819	1422	1410	131.1730	38.4226	36.9981
ENSG00000004139.14	SARM1	protein_coding	165	1064	1127	1.2618	0.3696	0.3559
ENSG00000004142.12	POLDIP2	protein_coding	4519	2487	2477	143.7287	42.1004	40.5395
ENSG00000004399.13	PLXND1	protein_coding	8016	3908	4108	71.2276	20.8637	20.0902
ENSG00000004455.17	AK2	protein_coding	5710	2923	2828	50.3788	14.7567	14.2096
ENSG00000004468.13	CD38	protein_coding	460	229	231	5.6969	1.6687	1.6068
ENSG00000004478.8	FKBP4	protein_coding	3590	2373	2465	59.0479	17.2961	16.6548
ENSG00000004487.17	KDM1A	protein_coding	2872	1453	1421	44.8330	13.1323	12.6454
ENSG00000004534.15	RBM6	protein_coding	947	481	466	11.0179	3.2273	3.1077
ENSG00000004660.15	CAMKK1	protein_coding	545	269	276	6.2265	1.8238	1.7562
ENSG00000004700.16	RECQL	protein_coding	2254	2230	2241	50.6511	14.8365	14.2865
ENSG00000004766.17	VPS50	protein_coding	1585	794	791	14.0809	4.1245	3.9716
ENSG00000004776.13	HSPB6	protein_coding	15	68	48	0.7389	0.2164	0.2084
ENSG00000004777.18	ARHGAP33	protein_coding	184	95	113	2.9706	0.8701	0.8379
ENSG00000004779.10	NDUFAB1	protein_coding	1860	927	933	102.0362	29.8880	28.7799
ENSG00000004799.8	PDK4	protein_coding	126	54	72	2.3547	0.6897	0.6642
ENSG00000004809.14	SLC22A16	protein_coding	5	0	5	0.1087	0.0318	0.0307
ENSG00000004838.14	ZMYND10	protein_coding	16	13	6	0.4703	0.1378	0.1327
ENSG00000004846.16	ABCB5	protein_coding	222	121	101	2.0365	0.5965	0.5744
ENSG00000004848.8	ARX	protein_coding	4	2	2	0.1091	0.0320	0.0308
ENSG00000004864.14	SLC25A13	protein_coding	781	388	393	17.8768	5.2364	5.0423
ENSG00000004866.22	ST7	protein_coding	2191	1202	1204	28.5107	8.3512	8.0416
ENSG00000004897.12	CDC27	protein_coding	4608	2409	2444	57.3437	16.7969	16.1741
ENSG00000004939.15	SLC4A1	protein_coding	0	0	1	0.0000	0.0000	0.0000
ENSG00000004948.16	CALCR	protein_coding	53	26	28	1.0660	0.3123	0.3007
ENSG00000004961.15	HCCS	protein_coding	1163	541	622	42.1521	12.3470	11.8893
ENSG00000004975.12	DVL2	protein_coding	3317	1636	1685	52.9376	15.5063	14.9314
ENSG00000005001.10	PRSS22	protein_coding	4	2	2	0.1425	0.0417	0.0402
ENSG00000005007.13	UPF1	protein_coding	3363	1697	1666	33.3124	9.7577	9.3960
ENSG00000005020.13	SKAP2	protein_coding	4626	2376	2252	73.2777	21.4642	20.6684
ENSG00000005022.6	SLC25A5	protein_coding	15387	9383	9316	840.3028	246.1379	237.0123
ENSG00000005059.16	MCUB	protein_coding	1356	726	634	32.3916	9.4880	9.1362
ENSG00000005073.6	HOXA11	protein_coding	110	53	68	3.4999	1.0252	0.9872
ENSG00000005075.15	POLR2J	protein_coding	1237	628	634	77.5252	22.7083	21.8664
ENSG00000005100.13	DHX33	protein_coding	3951	1982	1970	57.9583	16.9769	16.3475
ENSG00000005102.14	MEOX1	protein_coding	199	99	100	6.3198	1.8512	1.7825
ENSG00000005108.16	THSD7A	protein_coding	103	51	64	0.8009	0.2346	0.2259
ENSG00000005156.12	LIG3	protein_coding	1653	1309	1289	10.8808	3.1872	3.0690
ENSG00000005175.10	RPAP3	protein_coding	1557	794	763	24.7142	7.2392	6.9708
ENSG00000005187.12	ACSM3	protein_coding	40	146	114	0.4523	0.1325	0.1276
ENSG00000005189.20	REXO5	protein_coding	255	122	150	5.2675	1.5429	1.4857
ENSG00000005194.15	CIAPIN1	protein_coding	1758	931	827	44.1295	12.9262	12.4470
ENSG00000005206.17	SPPL2B	protein_coding	1256	616	640	14.3766	4.2111	4.0550
ENSG00000005238.20	FAM214B	protein_coding	2016	1010	1006	26.8548	7.8662	7.5746
ENSG00000005243.10	COPZ2	protein_coding	3384	1661	1724	154.0036	45.1101	43.4376
ENSG00000005249.13	PRKAR2B	protein_coding	2031	1021	1010	40.4677	11.8536	11.4142
ENSG00000005302.19	MSL3	protein_coding	560	272	288	4.8625	1.4243	1.3715
ENSG00000005339.15	CREBBP	protein_coding	4317	2127	2191	23.6838	6.9374	6.6802
ENSG00000005379.17	TSPOAP1	protein_coding	84	43	42	0.6263	0.1835	0.1767
ENSG00000005381.8	MPO	protein_coding	7	3	4	0.1685	0.0494	0.0475
ENSG00000005421.9	PON1	protein_coding	2	0	2	0.0639	0.0187	0.0180
ENSG00000005436.14	GCFC2	protein_coding	1096	829	822	17.0401	4.9913	4.8062
ENSG00000005448.17	WDR54	protein_coding	852	441	416	25.3689	7.4310	7.1555
ENSG00000005469.12	CROT	protein_coding	1092	569	523	18.5652	5.4380	5.2364
ENSG00000005471.19	ABCB4	protein_coding	2606	1289	1317	28.6365	8.3881	8.0771
ENSG00000005483.21	KMT2E	protein_coding	4461	2427	2491	38.0772	11.1534	10.7399
ENSG00000005486.17	RHBDD2	protein_coding	5150	2489	2662	182.9876	53.5999	51.6127
ENSG00000005513.10	SOX8	protein_coding	102	41	62	1.9378	0.5676	0.5466
ENSG00000005700.15	IBTK	protein_coding	1860	949	911	18.1158	5.3064	5.1097
ENSG00000005801.18	ZNF195	protein_coding	417	219	198	3.0238	0.8857	0.8529
ENSG00000005810.18	MYCBP2	protein_coding	1704	1126	1112	9.0514	2.6513	2.5530
ENSG00000005812.11	FBXL3	protein_coding	826	1139	1113	9.9130	2.9037	2.7960
ENSG00000005844.19	ITGAL	protein_coding	1077	606	600	9.2720	2.7159	2.6152
ENSG00000005882.12	PDK2	protein_coding	584	553	527	9.0648	2.6552	2.5568
ENSG00000005884.18	ITGA3	protein_coding	48338	24058	24290	418.7803	122.6673	118.1194
ENSG00000005889.16	ZFX	protein_coding	1239	643	598	11.6428	3.4104	3.2839
ENSG00000005893.16	LAMP2	protein_coding	24341	12373	11968	219.8053	64.3844	61.9974
ENSG00000005961.19	ITGA2B	protein_coding	25	14	11	0.3728	0.1092	0.1051
ENSG00000005981.13	ASB4	protein_coding	3	2	1	0.0553	0.0162	0.0156
ENSG00000006007.12	GDE1	protein_coding	3625	2208	2303	70.1222	20.5399	19.7784
ENSG00000006015.18	REX1BD	protein_coding	742	375	367	18.6921	5.4752	5.2722
ENSG00000006016.11	CRLF1	protein_coding	68	118	108	1.9463	0.5701	0.5490
ENSG00000006025.12	OSBPL7	protein_coding	281	143	138	3.6310	1.0636	1.0241
ENSG00000006042.12	TMEM98	protein_coding	3913	1947	1966	64.0628	18.7650	18.0693
ENSG00000006047.13	YBX2	protein_coding	12	8	4	0.2200	0.0645	0.0621
ENSG00000006059.4	KRT33A	protein_coding	0	0	0	0.0000	0.0000	0.0000
ENSG00000006062.17	MAP3K14	protein_coding	437	309	306	6.5473	1.9178	1.8467
ENSG00000006071.15	ABCC8	protein_coding	1	1	0	0.0067	0.0020	0.0019
ENSG00000006116.4	CACNG3	protein_coding	0	0	0	0.0000	0.0000	0.0000
ENSG00000006118.15	TMEM132A	protein_coding	396	248	242	4.6231	1.3542	1.3040
ENSG00000006125.18	AP2B1	protein_coding	15127	7507	7686	169.2256	49.5688	47.7311
ENSG00000006128.12	TAC1	protein_coding	0	0	0	0.0000	0.0000	0.0000
ENSG00000006194.10	ZNF263	protein_coding	949	566	551	12.5862	3.6867	3.5500
ENSG00000006210.7	CX3CL1	protein_coding	3284	1639	1646	46.7917	13.7060	13.1979
ENSG00000006282.21	SPATA20	protein_coding	6616	3328	3291	105.2714	30.8357	29.6924
ENSG00000006283.18	CACNA1G	protein_coding	13	10	5	0.1097	0.0321	0.0309
ENSG00000006327.14	TNFRSF12A	protein_coding	3025	1559	1467	142.6343	41.7798	40.2308
ENSG00000006377.11	DLX6	protein_coding	38	20	18	0.9367	0.2744	0.2642
ENSG00000006432.15	MAP3K9	protein_coding	72	38	34	0.4936	0.1446	0.1392
ENSG00000006451.8	RALA	protein_coding	1953	1028	925	46.3397	13.5736	13.0704
ENSG00000006453.14	BAIAP2L1	protein_coding	883	676	726	15.5538	4.5559	4.3870
ENSG00000006459.11	KDM7A	protein_coding	827	408	419	7.4887	2.1936	2.1122
ENSG00000006468.14	ETV1	protein_coding	4546	2231	2315	40.1506	11.7608	11.3247
ENSG00000006530.18	AGK	protein_coding	3610	2054	2119	28.6588	8.3946	8.0834
ENSG00000006534.16	ALDH3B1	protein_coding	1737	888	855	22.2618	6.5208	6.2791
ENSG00000006555.11	TTC22	protein_coding	15	6	9	0.2084	0.0611	0.0588
ENSG00000006576.16	PHTF2	protein_coding	2447	1163	1284	24.0343	7.0400	6.7790
ENSG00000006606.9	CCL26	protein_coding	2	2	0	0.2416	0.0708	0.0681
ENSG00000006607.14	FARP2	protein_coding	14500	9049	8729	85.6827	25.0978	24.1673
ENSG00000006611.17	USH1C	protein_coding	0	0	1	0.0000	0.0000	0.0000
ENSG00000006625.18	GGCT	protein_coding	441	221	220	23.4943	6.8818	6.6267
ENSG00000006634.8	DBF4	protein_coding	848	453	437	15.6719	4.5906	4.4204
ENSG00000006638.13	TBXA2R	protein_coding	57	30	28	1.7122	0.5015	0.4829
ENSG00000006652.15	IFRD1	protein_coding	129	69	60	1.3863	0.4061	0.3910
ENSG00000006659.13	LGALS14	protein_coding	0	0	0	0.0000	0.0000	0.0000
ENSG00000006695.12	COX10	protein_coding	687	341	346	8.6353	2.5294	2.4356
ENSG00000006704.11	GTF2IRD1	protein_coding	751	374	377	9.8131	2.8744	2.7678
ENSG00000006712.15	PAF1	protein_coding	4026	2133	2027	119.9613	35.1385	33.8358
ENSG00000006715.16	VPS41	protein_coding	5262	2620	2642	57.6434	16.8846	16.2587
ENSG00000006740.17	ARHGAP44	protein_coding	18	18	12	0.1640	0.0480	0.0462
ENSG00000006744.19	ELAC2	protein_coding	3442	1731	1719	41.7447	12.2277	11.7743
ENSG00000006747.15	SCIN	protein_coding	51	28	26	0.3725	0.1091	0.1051
ENSG00000006756.16	ARSD	protein_coding	1070	685	664	12.9327	3.7882	3.6477
ENSG00000006757.12	PNPLA4	protein_coding	705	350	355	17.5517	5.1412	4.9506
ENSG00000006788.14	MYH13	protein_coding	0	0	1	0.0000	0.0000	0.0000
ENSG00000006831.10	ADIPOR2	protein_coding	7615	3714	3906	110.9019	32.4849	31.2805
ENSG00000006837.12	CDKL3	protein_coding	39	13	26	1.0517	0.3081	0.2966
ENSG00000007001.13	UPP2	protein_coding	154	78	76	4.4226	1.2955	1.2474
ENSG00000007038.11	PRSS21	protein_coding	2	1	1	0.0863	0.0253	0.0244
ENSG00000007047.15	MARK4	protein_coding	2106	1102	1005	26.8694	7.8705	7.5787
ENSG00000007062.12	PROM1	protein_coding	31	20	11	0.3530	0.1034	0.0996
ENSG00000007080.11	CCDC124	protein_coding	3507	1711	1796	179.2992	52.5196	50.5724
ENSG00000007129.18	CEACAM21	protein_coding	73	37	36	3.1357	0.9185	0.8844
ENSG00000007168.14	PAFAH1B1	protein_coding	7477	4561	4540	46.1078	13.5057	13.0050
ENSG00000007171.18	NOS2	protein_coding	11	3	8	0.2123	0.0622	0.0599
ENSG00000007174.18	DNAH9	protein_coding	2129	1237	1245	10.6721	3.1260	3.0101
ENSG00000007202.15	KIAA0100	protein_coding	5923	4868	4820	54.4826	15.9588	15.3672
ENSG00000007216.15	SLC13A2	protein_coding	0	0	0	0.0000	0.0000	0.0000
ENSG00000007237.19	GAS7	protein_coding	24209	12140	12069	202.3862	59.2821	57.0842
ENSG00000007255.10	TRAPPC6A	protein_coding	1001	534	471	91.1097	26.6875	25.6980
ENSG00000007264.15	MATK	protein_coding	241	113	128	4.9458	1.4487	1.3950
ENSG00000007306.15	CEACAM7	protein_coding	0	0	0	0.0000	0.0000	0.0000
ENSG00000007312.13	CD79B	protein_coding	101	53	48	4.1595	1.2184	1.1732
ENSG00000007314.12	SCN4A	protein_coding	18	7	11	0.1854	0.0543	0.0523
ENSG00000007341.19	ST7L	protein_coding	163	146	126	1.7072	0.5001	0.4815
ENSG00000007350.17	TKTL1	protein_coding	9	6	6	0.2168	0.0635	0.0611
ENSG00000007372.24	PAX6	protein_coding	62	65	70	0.2551	0.0747	0.0720
ENSG00000007376.8	RPUSD1	protein_coding	1195	580	634	36.6486	10.7349	10.3369
ENSG00000007384.15	RHBDF1	protein_coding	3914	1979	1935	67.6391	19.8126	19.0780
ENSG00000007392.17	LUC7L	protein_coding	583	319	266	8.0163	2.3481	2.2610
ENSG00000007402.12	CACNA2D2	protein_coding	17	19	23	0.2218	0.0650	0.0626
ENSG00000007516.14	BAIAP3	protein_coding	57	341	342	0.7923	0.2321	0.2235
ENSG00000007520.4	TSR3	protein_coding	1708	1116	1219	119.8712	35.1121	33.8104
ENSG00000007541.17	PIGQ	protein_coding	1437	703	735	15.5334	4.5500	4.3813
ENSG00000007545.16	CRAMP1	protein_coding	359	185	180	3.5466	1.0389	1.0003
ENSG00000007866.22	TEAD3	protein_coding	376	179	197	10.4723	3.0675	2.9538
ENSG00000007908.16	SELE	protein_coding	365	190	176	6.7588	1.9798	1.9064
ENSG00000007923.16	DNAJC11	protein_coding	1461	1270	1322	24.4086	7.1497	6.8846
ENSG00000007933.13	FMO3	protein_coding	69	31	38	1.7038	0.4991	0.4806
ENSG00000007944.15	MYLIP	protein_coding	656	309	347	18.1341	5.3117	5.1148
ENSG00000007952.18	NOX1	protein_coding	47	29	18	1.5695	0.4597	0.4427
ENSG00000007968.7	E2F2	protein_coding	275	126	149	4.2756	1.2524	1.2059
ENSG00000008018.9	PSMB1	protein_coding	3206	1611	1595	122.6926	35.9386	34.6062
ENSG00000008056.14	SYN1	protein_coding	68	58	53	1.5469	0.4531	0.4363
ENSG00000008083.14	JARID2	protein_coding	837	414	423	11.3835	3.3344	3.2108
ENSG00000008086.13	CDKL5	protein_coding	669	343	327	2.9813	0.8733	0.8409
ENSG00000008118.10	CAMK1G	protein_coding	26	13	13	0.6634	0.1943	0.1871
ENSG00000008128.23	CDK11A	protein_coding	41	25	18	0.6847	0.2006	0.1931
ENSG00000008130.15	NADK	protein_coding	1926	945	981	29.3639	8.6011	8.2823
ENSG00000008196.13	TFAP2B	protein_coding	504	252	252	6.9537	2.0368	1.9613
ENSG00000008197.5	TFAP2D	protein_coding	0	0	0	0.0000	0.0000	0.0000
ENSG00000008226.20	DLEC1	protein_coding	3	192	171	0.0306	0.0089	0.0086
ENSG00000008256.16	CYTH3	protein_coding	10539	5166	5373	154.0938	45.1365	43.4631
ENSG00000008277.14	ADAM22	protein_coding	30	19	11	0.2088	0.0612	0.0589
ENSG00000008282.9	SYPL1	protein_coding	7280	3658	3622	222.1419	65.0688	62.6564
ENSG00000008283.16	CYB561	protein_coding	2120	1048	1074	33.9938	9.9573	9.5882
ENSG00000008294.21	SPAG9	protein_coding	6755	3428	3327	47.9390	14.0421	13.5215
ENSG00000008300.17	CELSR3	protein_coding	67	43	25	0.4108	0.1203	0.1159
ENSG00000008311.15	AASS	protein_coding	2532	1253	1280	32.2657	9.4511	9.1007
ENSG00000008323.15	PLEKHG6	protein_coding	2	1	1	0.0399	0.0117	0.0112
ENSG00000008324.12	SS18L2	protein_coding	333	191	199	9.0694	2.6566	2.5581
ENSG00000008382.16	MPND	protein_coding	591	632	607	24.4939	7.1746	6.9086
ENSG00000008394.13	MGST1	protein_coding	17	8	9	0.1940	0.0568	0.0547
ENSG00000008405.12	CRY1	protein_coding	352	198	171	6.2509	1.8310	1.7631
ENSG00000008438.5	PGLYRP1	protein_coding	1	1	0	0.1199	0.0351	0.0338
ENSG00000008441.18	NFIX	protein_coding	2066	1059	1007	27.2643	7.9861	7.6901
ENSG00000008513.16	ST3GAL1	protein_coding	1134	564	570	10.8789	3.1866	3.0685
ENSG00000008516.17	MMP25	protein_coding	46	39	38	0.9200	0.2695	0.2595
ENSG00000008517.18	IL32	protein_coding	1258	622	637	33.2907	9.7514	9.3898
ENSG00000008710.20	PKD1	protein_coding	1302	928	924	5.9656	1.7474	1.6826
ENSG00000008735.14	MAPK8IP2	protein_coding	263	127	139	3.8554	1.1293	1.0874
ENSG00000008838.20	MED24	protein_coding	3452	1753	1700	42.1065	12.3337	11.8764
ENSG00000008853.17	RHOBTB2	protein_coding	3106	2913	2792	39.8976	11.6866	11.2533
ENSG00000008869.12	HEATR5B	protein_coding	2509	1253	1256	25.8637	7.5759	7.2950
ENSG00000008952.17	SEC62	protein_coding	7797	3946	3852	83.5172	24.4635	23.5565
ENSG00000008988.11	RPS20	protein_coding	22817	11746	11072	286.4198	83.8968	80.7864
ENSG00000009307.16	CSDE1	protein_coding	10542	5335	5208	154.9379	45.3837	43.7012
ENSG00000009335.18	UBE3C	protein_coding	5209	2504	2705	48.0033	14.0609	13.5396
ENSG00000009413.16	REV3L	protein_coding	1491	844	876	10.1905	2.9849	2.8743
ENSG00000009694.13	TENM1	protein_coding	13	6	7	0.0856	0.0251	0.0241
ENSG00000009709.12	PAX7	protein_coding	0	0	0	0.0000	0.0000	0.0000
ENSG00000009724.17	MASP2	protein_coding	22	24	15	0.4389	0.1286	0.1238
ENSG00000009765.15	IYD	protein_coding	0	0	0	0.0000	0.0000	0.0000
ENSG00000009780.16	FAM76A	protein_coding	719	369	350	15.0909	4.4204	4.2565
ENSG00000009790.15	TRAF3IP3	protein_coding	327	302	319	3.5831	1.0495	1.0106
ENSG00000009830.12	POMT2	protein_coding	1146	575	571	9.7251	2.8486	2.7430
ENSG00000009844.16	VTA1	protein_coding	1199	621	578	14.0286	4.1092	3.9569
ENSG00000009950.16	MLXIPL	protein_coding	10	6	5	0.1764	0.0517	0.0497
ENSG00000009954.11	BAZ1B	protein_coding	7346	3576	3770	88.3606	25.8822	24.9226
ENSG00000010017.13	RANBP9	protein_coding	1387	962	952	32.5552	9.5359	9.1824
ENSG00000010030.14	ETV7	protein_coding	332	147	186	11.8760	3.4787	3.3497
ENSG00000010072.16	SPRTN	protein_coding	697	451	401	10.0219	2.9356	2.8267
ENSG00000010165.20	EEF1AKNMT	protein_coding	2570	1298	1272	56.9683	16.6869	16.0682
ENSG00000010219.13	DYRK4	protein_coding	337	149	188	4.0570	1.1884	1.1443
ENSG00000010244.19	ZNF207	protein_coding	4197	2118	2079	22.5320	6.6000	6.3553
ENSG00000010256.11	UQCRC1	protein_coding	4784	2405	2380	126.7976	37.1410	35.7640
ENSG00000010270.14	STARD3NL	protein_coding	1982	980	1002	38.9251	11.4018	10.9791
ENSG00000010278.15	CD9	protein_coding	12960	6555	6405	188.8092	55.3052	53.2548
ENSG00000010282.15	HHATL	protein_coding	1	0	1	0.0294	0.0086	0.0083
ENSG00000010292.13	NCAPD2	protein_coding	2784	1512	1467	36.5407	10.7034	10.3065
ENSG00000010295.20	IFFO1	protein_coding	1043	531	516	17.9114	5.2465	5.0520
ENSG00000010310.9	GIPR	protein_coding	8	5	3	0.1340	0.0393	0.0378
ENSG00000010318.21	PHF7	protein_coding	124	56	68	3.1302	0.9169	0.8829
ENSG00000010319.7	SEMA3G	protein_coding	287	140	147	4.8290	1.4145	1.3621
ENSG00000010322.16	NISCH	protein_coding	1357	685	672	12.7165	3.7249	3.5868
ENSG00000010327.10	STAB1	protein_coding	1381	754	800	11.0762	3.2444	3.1241
ENSG00000010361.14	FUZ	protein_coding	803	825	800	23.0921	6.7641	6.5133
ENSG00000010379.16	SLC6A13	protein_coding	5	1	4	0.1001	0.0293	0.0282
ENSG00000010404.18	IDS	protein_coding	757	392	365	6.9168	2.0260	1.9509
ENSG00000010438.17	PRSS3	protein_coding	0	0	0	0.0000	0.0000	0.0000
ENSG00000010539.12	ZNF200	protein_coding	330	173	182	3.7375	1.0948	1.0542
ENSG00000010610.10	CD4	protein_coding	2996	1513	1483	55.8310	16.3538	15.7474
ENSG00000010626.15	LRRC23	protein_coding	655	332	323	18.2251	5.3384	5.1405
ENSG00000010671.16	BTK	protein_coding	272	146	126	5.0488	1.4789	1.4240
ENSG00000010704.18	HFE	protein_coding	64	31	33	0.9577	0.2805	0.2701
ENSG00000010803.16	SCMH1	protein_coding	1308	735	765	24.9777	7.3164	7.0451
ENSG00000010810.17	FYN	protein_coding	4153	2096	2057	47.5880	13.9393	13.4225
ENSG00000010818.10	HIVEP2	protein_coding	1375	773	702	10.9588	3.2100	3.0910
ENSG00000010932.17	FMO1	protein_coding	269	136	133	6.3419	1.8576	1.7888
ENSG00000011007.12	ELOA	protein_coding	3639	2258	2216	57.3225	16.7907	16.1681
ENSG00000011009.11	LYPLA2	protein_coding	4494	2296	2199	188.8335	55.3123	53.2616
ENSG00000011021.23	CLCN6	protein_coding	1146	575	604	11.9074	3.4879	3.3585
ENSG00000011028.14	MRC2	protein_coding	3269	1768	1848	42.1188	12.3373	11.8799
ENSG00000011052.21	NME1-NME2	protein_coding	0	0	0	0.0000	0.0000	0.0000
ENSG00000011083.9	SLC6A7	protein_coding	6	43	39	0.1191	0.0349	0.0336
ENSG00000011105.14	TSPAN9	protein_coding	1490	750	740	18.3246	5.3676	5.1686
ENSG00000011114.15	BTBD7	protein_coding	1319	645	674	9.8835	2.8950	2.7877
ENSG00000011132.12	APBA3	protein_coding	977	523	541	14.8262	4.3428	4.1818
ENSG00000011143.19	MKS1	protein_coding	409	244	220	3.0778	0.9015	0.8681
ENSG00000011198.10	ABHD5	protein_coding	548	257	291	6.1728	1.8081	1.7411
ENSG00000011201.12	ANOS1	protein_coding	81	29	52	0.9713	0.2845	0.2740
ENSG00000011243.18	AKAP8L	protein_coding	854	754	738	14.2788	4.1825	4.0274
ENSG00000011258.16	MBTD1	protein_coding	352	168	184	4.1609	1.2188	1.1736
ENSG00000011260.14	UTP18	protein_coding	1851	903	948	58.1531	17.0339	16.4024
ENSG00000011275.19	RNF216	protein_coding	3617	1777	1840	40.5435	11.8758	11.4355
ENSG00000011295.16	TTC19	protein_coding	2035	1028	1029	28.5453	8.3614	8.0514
ENSG00000011304.22	PTBP1	protein_coding	8446	4114	4334	95.3647	27.9338	26.8982
ENSG00000011332.19	DPF1	protein_coding	204	107	102	3.6091	1.0572	1.0180
ENSG00000011347.10	SYT7	protein_coding	117	61	56	1.3156	0.3854	0.3711
ENSG00000011376.12	LARS2	protein_coding	896	431	466	6.1327	1.7964	1.7298
ENSG00000011405.13	PIK3C2A	protein_coding	1852	938	916	17.0874	5.0052	4.8196
ENSG00000011422.12	PLAUR	protein_coding	8561	4266	4296	163.1151	47.7790	46.0076
ENSG00000011426.11	ANLN	protein_coding	2960	1578	1476	41.9150	12.2776	11.8224
ENSG00000011451.21	WIZ	protein_coding	2698	1368	1332	22.8271	6.6864	6.4385
ENSG00000011454.18	RABGAP1	protein_coding	1817	942	875	20.1542	5.9035	5.6846
ENSG00000011465.18	DCN	protein_coding	8629	4368	4261	56.6246	16.5862	15.9713
ENSG00000011478.13	QPCTL	protein_coding	545	269	279	16.3829	4.7988	4.6209
ENSG00000011485.15	PPP5C	protein_coding	2305	1238	1274	27.6120	8.0880	7.7881
ENSG00000011523.14	CEP68	protein_coding	1336	808	763	13.1571	3.8539	3.7110
ENSG00000011566.15	MAP4K3	protein_coding	1786	872	914	25.0442	7.3359	7.0639
ENSG00000011590.14	ZBTB32	protein_coding	42	23	19	1.3022	0.3814	0.3673
ENSG00000011600.12	TYROBP	protein_coding	2274	1123	1152	212.9097	62.3646	60.0524
ENSG00000011638.11	TMEM159	protein_coding	2587	1355	1232	85.8832	25.1565	24.2239
ENSG00000011677.13	GABRA3	protein_coding	3	1	2	0.0614	0.0180	0.0173
ENSG00000012048.23	BRCA1	protein_coding	1415	668	748	12.9124	3.7822	3.6420
ENSG00000012061.16	ERCC1	protein_coding	3042	2209	2153	46.3369	13.5728	13.0696
ENSG00000012124.17	CD22	protein_coding	613	287	326	8.4438	2.4733	2.3816
ENSG00000012171.20	SEMA3B	protein_coding	472	263	210	6.9491	2.0355	1.9600
ENSG00000012174.12	MBTPS2	protein_coding	3618	1791	1827	34.3479	10.0610	9.6880
ENSG00000012211.13	PRICKLE3	protein_coding	687	2160	2087	15.9574	4.6742	4.5009
ENSG00000012223.13	LTF	protein_coding	137	78	59	2.9165	0.8543	0.8226
ENSG00000012232.9	EXTL3	protein_coding	3567	1773	1797	23.2187	6.8011	6.5490
ENSG00000012504.15	NR1H4	protein_coding	12	7	5	0.2809	0.0823	0.0792
ENSG00000012660.14	ELOVL5	protein_coding	2887	1455	1432	64.2972	18.8337	18.1354
ENSG00000012779.11	ALOX5	protein_coding	445	226	219	10.1313	2.9676	2.8576
ENSG00000012817.16	KDM5D	protein_coding	369	182	187	3.3114	0.9700	0.9340
ENSG00000012822.16	CALCOCO1	protein_coding	2470	1235	1236	23.5731	6.9049	6.6489
ENSG00000012963.15	UBR7	protein_coding	2045	1037	1008	49.4905	14.4966	13.9591
ENSG00000012983.11	MAP4K5	protein_coding	1432	774	766	15.9588	4.6746	4.5013
ENSG00000013016.16	EHD3	protein_coding	2566	1266	1300	45.1618	13.2286	12.7382
ENSG00000013275.8	PSMC4	protein_coding	5850	2968	2884	194.8175	57.0651	54.9494
ENSG00000013288.9	MAN2B2	protein_coding	4950	2475	2475	47.3161	13.8596	13.3458
ENSG00000013293.6	SLC7A14	protein_coding	1	2	0	0.0081	0.0024	0.0023
ENSG00000013297.12	CLDN11	protein_coding	30	15	15	0.5896	0.1727	0.1663
ENSG00000013306.16	SLC25A39	protein_coding	5794	2931	2863	139.5431	40.8744	39.3590
ENSG00000013364.19	MVP	protein_coding	24243	12173	12073	335.2429	98.1979	94.5572
ENSG00000013374.16	NUB1	protein_coding	2803	1698	1732	43.9904	12.8855	12.4077
ENSG00000013375.16	PGM3	protein_coding	976	749	742	11.0835	3.2465	3.1262
ENSG00000013392.8	RWDD2A	protein_coding	298	155	143	6.7143	1.9667	1.8938
ENSG00000013441.16	CLK1	protein_coding	1244	615	629	20.4335	5.9853	5.7634
ENSG00000013503.10	POLR3B	protein_coding	314	175	170	5.5925	1.6381	1.5774
ENSG00000013523.11	ANGEL1	protein_coding	1327	723	716	17.2704	5.0588	4.8712
ENSG00000013561.18	RNF14	protein_coding	4136	2168	2204	70.4152	20.6257	19.8610
ENSG00000013563.14	DNASE1L1	protein_coding	1006	2128	2088	20.6752	6.0561	5.8316
ENSG00000013573.17	DDX11	protein_coding	839	437	403	8.5154	2.4943	2.4018
ENSG00000013583.10	HEBP1	protein_coding	1424	668	767	35.2762	10.3329	9.9499
ENSG00000013588.9	GPRC5A	protein_coding	4119	2031	2088	45.6463	13.3705	12.8748
ENSG00000013619.14	MAMLD1	protein_coding	1259	636	623	17.9448	5.2563	5.0614
ENSG00000013725.14	CD6	protein_coding	525	251	274	7.4829	2.1919	2.1106
ENSG00000013810.20	TACC3	protein_coding	1641	845	808	17.0235	4.9865	4.8016
ENSG00000014123.10	UFL1	protein_coding	1466	713	753	27.4275	8.0339	7.7361
ENSG00000014138.9	POLA2	protein_coding	155	83	77	2.3640	0.6924	0.6668
ENSG00000014164.7	ZC3H3	protein_coding	2160	1063	1101	49.2954	14.4394	13.9041
ENSG00000014216.16	CAPN1	protein_coding	9935	4992	5055	112.4014	32.9241	31.7035
ENSG00000014257.16	ACP3	protein_coding	10	4	6	0.1984	0.0581	0.0560
ENSG00000014641.21	MDH1	protein_coding	16034	8119	7923	272.8686	79.9275	76.9642
ENSG00000014824.14	SLC30A9	protein_coding	3063	1535	1528	36.1316	10.5835	10.1911
ENSG00000014914.21	MTMR11	protein_coding	367	178	189	6.8167	1.9967	1.9227
ENSG00000014919.13	COX15	protein_coding	1683	910	913	27.4058	8.0276	7.7300
ENSG00000015133.19	CCDC88C	protein_coding	699	336	363	4.7770	1.3993	1.3474
ENSG00000015153.15	YAF2	protein_coding	455	232	223	3.5648	1.0442	1.0055
ENSG00000015171.20	ZMYND11	protein_coding	3449	1727	1723	55.0029	16.1112	15.5139
ENSG00000015285.11	WAS	protein_coding	655	320	335	23.5590	6.9008	6.6450
ENSG00000015413.9	DPEP1	protein_coding	18	12	6	0.5585	0.1636	0.1575
ENSG00000015475.19	BID	protein_coding	1171	574	597	22.4982	6.5901	6.3457
ENSG00000015479.20	MATR3	protein_coding	50	23	27	0.3520	0.1031	0.0993
ENSG00000015520.15	NPC1L1	protein_coding	3	2	1	0.0484	0.0142	0.0136
ENSG00000015532.10	XYLT2	protein_coding	2417	1224	1198	37.5096	10.9872	10.5798
ENSG00000015568.13	RGPD5	protein_coding	2	0	2	0.0120	0.0035	0.0034
ENSG00000015592.16	STMN4	protein_coding	2	1	1	0.0516	0.0151	0.0145
ENSG00000015676.18	NUDCD3	protein_coding	6532	3309	3224	56.0700	16.4238	15.8149
ENSG00000016082.15	ISL1	protein_coding	7	3	4	0.2110	0.0618	0.0595
ENSG00000016391.11	CHDH	protein_coding	4	4	3	0.0436	0.0128	0.0123
ENSG00000016402.13	IL20RA	protein_coding	3	1	2	0.0539	0.0158	0.0152
ENSG00000016490.16	CLCA1	protein_coding	0	0	0	0.0000	0.0000	0.0000
ENSG00000016602.9	CLCA4	protein_coding	0	0	0	0.0000	0.0000	0.0000
ENSG00000016864.18	GLT8D1	protein_coding	1561	807	775	35.0412	10.2641	9.8836
ENSG00000017260.20	ATP2C1	protein_coding	7193	3946	3903	71.7782	21.0250	20.2455
ENSG00000017427.17	IGF1	protein_coding	85	300	311	0.8895	0.2605	0.2509
ENSG00000017483.15	SLC38A5	protein_coding	261	139	123	5.5162	1.6158	1.5559
ENSG00000017797.13	RALBP1	protein_coding	2311	1138	1179	24.4063	7.1490	6.8839
ENSG00000018189.13	RUFY3	protein_coding	2755	1359	1404	24.8757	7.2865	7.0163
ENSG00000018236.15	CNTN1	protein_coding	684	374	310	7.7530	2.2710	2.1868
ENSG00000018280.17	SLC11A1	protein_coding	168	73	95	1.6444	0.4817	0.4638
ENSG00000018408.15	WWTR1	protein_coding	5872	3053	3086	59.6975	17.4863	16.8380
ENSG00000018510.17	AGPS	protein_coding	3549	1759	1825	34.0969	9.9875	9.6172
ENSG00000018607.7	ZNF806	transcribed_unprocessed_pseudogene	2	0	2	0.0329	0.0096	0.0093
ENSG00000018610.15	CXorf56	protein_coding	964	453	512	31.7177	9.2906	8.9462
ENSG00000018625.15	ATP1A2	protein_coding	3	1	2	0.0405	0.0118	0.0114
ENSG00000018699.13	TTC27	protein_coding	1261	626	635	31.1021	9.1103	8.7725
ENSG00000018869.17	ZNF582	protein_coding	6	5	7	0.1521	0.0446	0.0429
ENSG00000019102.12	VSIG2	protein_coding	4	2	2	0.2347	0.0688	0.0662
ENSG00000019144.19	PHLDB1	protein_coding	2820	1900	1820	11.0281	3.2303	3.1105
ENSG00000019169.10	MARCO	protein_coding	106	52	54	4.3298	1.2683	1.2212
ENSG00000019186.10	CYP24A1	protein_coding	1	1	0	0.0213	0.0062	0.0060
ENSG00000019485.13	PRDM11	protein_coding	362	196	166	2.2053	0.6460	0.6220
ENSG00000019505.8	SYT13	protein_coding	1	0	1	0.0156	0.0046	0.0044
ENSG00000019549.13	SNAI2	protein_coding	1001	509	492	25.9084	7.5890	7.3076
ENSG00000019582.15	CD74	protein_coding	146046	75309	71143	2594.6217	760.0054	731.8283
ENSG00000019991.18	HGF	protein_coding	167	93	74	1.4541	0.4259	0.4101
ENSG00000019995.6	ZRANB1	protein_coding	448	722	715	6.3481	1.8595	1.7905
ENSG00000020129.16	NCDN	protein_coding	4509	2312	2347	77.8740	22.8105	21.9648
ENSG00000020181.18	ADGRA2	protein_coding	1158	1230	1296	13.8817	4.0662	3.9154
ENSG00000020219.9	CCT8L1P	processed_pseudogene	0	0	0	0.0000	0.0000	0.0000
ENSG00000020256.20	ZFP64	protein_coding	1093	533	560	13.6698	4.0041	3.8557
ENSG00000020426.11	MNAT1	protein_coding	535	274	270	11.7185	3.4325	3.3053
ENSG00000020577.14	SAMD4A	protein_coding	3221	1634	1588	22.1786	6.4965	6.2556
ENSG00000020633.19	RUNX3	protein_coding	7004	3405	3599	120.8417	35.3964	34.0841
ENSG00000020922.13	MRE11	protein_coding	743	378	365	8.2220	2.4084	2.3191
ENSG00000021300.14	PLEKHB1	protein_coding	1606	817	789	27.6469	8.0982	7.7980
ENSG00000021355.13	SERPINB1	protein_coding	2150	1075	1076	59.9209	17.5518	16.9010
ENSG00000021461.17	CYP3A43	protein_coding	4	3	1	0.1288	0.0377	0.0363
ENSG00000021488.13	SLC7A9	protein_coding	1	1	0	0.0327	0.0096	0.0092
ENSG00000021574.13	SPAST	protein_coding	990	497	493	8.8673	2.5974	2.5011
ENSG00000021645.20	NRXN3	protein_coding	5079	2542	2537	27.7656	8.1330	7.8315
ENSG00000021762.20	OSBPL5	protein_coding	1153	590	563	13.1023	3.8379	3.6956
ENSG00000021776.11	AQR	protein_coding	2469	1245	1224	15.6108	4.5726	4.4031
ENSG00000021826.17	CPS1	protein_coding	172	92	81	1.3257	0.3883	0.3739
ENSG00000021852.13	C8B	protein_coding	0	0	0	0.0000	0.0000	0.0000
ENSG00000022267.19	FHL1	protein_coding	406	206	200	5.8816	1.7228	1.6589
ENSG00000022277.13	RTF2	protein_coding	2644	1331	1315	55.2620	16.1871	15.5870
ENSG00000022355.18	GABRA1	protein_coding	0	0	0	0.0000	0.0000	0.0000
ENSG00000022556.16	NLRP2	protein_coding	13	9	4	0.1749	0.0512	0.0493
ENSG00000022567.10	SLC45A4	protein_coding	1618	831	819	15.9620	4.6755	4.5022
ENSG00000022840.16	RNF10	protein_coding	3244	1647	1600	46.6919	13.6768	13.1697
ENSG00000022976.15	ZNF839	protein_coding	209	203	226	3.1750	0.9300	0.8955
ENSG00000023041.11	ZDHHC6	protein_coding	1492	775	763	33.8050	9.9020	9.5349
ENSG00000023171.18	GRAMD1B	protein_coding	71	38	35	0.4035	0.1182	0.1138
ENSG00000023191.17	RNH1	protein_coding	5880	2921	2960	67.7152	19.8349	19.0995
ENSG00000023228.14	NDUFS1	protein_coding	4637	2482	2451	32.3457	9.4746	9.1233
ENSG00000023287.13	RB1CC1	protein_coding	3408	1686	1722	38.0151	11.1352	10.7224
ENSG00000023318.8	ERP44	protein_coding	2977	1525	1453	52.5807	15.4017	14.8307
ENSG00000023330.15	ALAS1	protein_coding	2012	1042	971	67.3738	19.7348	19.0032
ENSG00000023445.16	BIRC3	protein_coding	2882	1456	1505	32.5540	9.5356	9.1820
ENSG00000023516.9	AKAP11	protein_coding	2241	1141	1100	19.1938	5.6222	5.4137
ENSG00000023572.10	GLRX2	protein_coding	1424	1067	1143	19.4729	5.7039	5.4924
ENSG00000023608.5	SNAPC1	protein_coding	369	188	181	12.0847	3.5398	3.4086
ENSG00000023697.13	DERA	protein_coding	1544	746	798	46.6112	13.6531	13.1469
ENSG00000023734.11	STRAP	protein_coding	4947	2410	2537	189.6621	55.5550	53.4953
ENSG00000023839.12	ABCC2	protein_coding	14	7	7	0.1517	0.0444	0.0428
ENSG00000023892.11	DEF6	protein_coding	519	262	257	17.0895	5.0058	4.8202
ENSG00000023902.14	PLEKHO1	protein_coding	2293	1138	1156	29.3744	8.6042	8.2852
ENSG00000023909.10	GCLM	protein_coding	188	103	85	2.9423	0.8619	0.8299
ENSG00000024048.11	UBR2	protein_coding	1655	814	841	15.8377	4.6391	4.4671
ENSG00000024422.12	EHD2	protein_coding	7576	3759	3819	167.3666	49.0243	47.2067
ENSG00000024526.17	DEPDC1	protein_coding	576	327	314	8.2849	2.4268	2.3368
ENSG00000024862.18	CCDC28A	protein_coding	362	162	200	24.6521	7.2210	6.9533
ENSG00000025039.15	RRAGD	protein_coding	3599	1830	1769	59.9860	17.5708	16.9194
ENSG00000025156.13	HSF2	protein_coding	410	204	206	12.9097	3.7814	3.6412
ENSG00000025293.17	PHF20	protein_coding	2715	1382	1333	27.5393	8.0667	7.7676
ENSG00000025423.11	HSD17B6	protein_coding	51	54	51	1.9062	0.5584	0.5377
ENSG00000025434.19	NR1H3	protein_coding	965	548	638	18.0742	5.2942	5.0979
ENSG00000025708.14	TYMP	protein_coding	11615	6132	5483	273.9864	80.2549	77.2795
ENSG00000025770.19	NCAPH2	protein_coding	3864	2262	2179	73.5888	21.5553	20.7562
ENSG00000025772.8	TOMM34	protein_coding	2698	1358	1341	116.1254	34.0149	32.7538
ENSG00000025796.14	SEC63	protein_coding	3997	2107	2095	39.4407	11.5528	11.1245
ENSG00000025800.14	KPNA6	protein_coding	4777	2487	2290	54.4006	15.9348	15.3440
ENSG00000026025.16	VIM	protein_coding	142553	175558	175028	2338.8069	685.0732	659.6742
ENSG00000026036.22	RTEL1-TNFRSF6B	protein_coding	16	7	10	0.1494	0.0438	0.0421
ENSG00000026103.22	FAS	protein_coding	159	110	99	2.4206	0.7090	0.6828
ENSG00000026297.16	RNASET2	protein_coding	398	194	204	2.2618	0.6625	0.6380
ENSG00000026508.20	CD44	protein_coding	42187	22552	22549	358.5407	105.0222	101.1285
ENSG00000026559.14	KCNG1	protein_coding	39	26	29	0.6116	0.1792	0.1725
ENSG00000026652.15	AGPAT4	protein_coding	383	198	185	2.2819	0.6684	0.6436
ENSG00000026751.17	SLAMF7	protein_coding	1011	499	512	17.7642	5.2034	5.0105
ENSG00000026950.17	BTN3A1	protein_coding	4114	2021	2093	63.0732	18.4751	17.7902
ENSG00000027001.10	MIPEP	protein_coding	696	354	349	17.4453	5.1100	4.9205
ENSG00000027075.15	PRKCH	protein_coding	590	293	301	5.6742	1.6621	1.6004
ENSG00000027644.5	INSRR	protein_coding	11	4	7	0.1796	0.0526	0.0507
ENSG00000027697.15	IFNGR1	protein_coding	1625	838	787	42.1232	12.3386	11.8811
ENSG00000027847.14	B4GALT7	protein_coding	1158	584	574	20.1595	5.9050	5.6861
ENSG00000027869.12	SH2D2A	protein_coding	306	132	174	10.4026	3.0471	2.9341
ENSG00000028116.18	VRK2	protein_coding	1076	1042	1096	25.8778	7.5800	7.2990
ENSG00000028137.19	TNFRSF1B	protein_coding	2517	1245	1273	56.5762	16.5720	15.9576
ENSG00000028203.18	VEZT	protein_coding	939	461	478	9.0965	2.6645	2.5657
ENSG00000028277.21	POU2F2	protein_coding	307	159	149	2.8737	0.8418	0.8106
ENSG00000028310.18	BRD9	protein_coding	1607	768	840	14.2913	4.1861	4.0309
ENSG00000028528.15	SNX1	protein_coding	6312	3123	3189	54.7572	16.0392	15.4446
ENSG00000028839.10	TBPL1	protein_coding	236	156	145	3.9772	1.1650	1.1218
ENSG00000029153.14	ARNTL2	protein_coding	514	263	280	6.2508	1.8309	1.7631
ENSG00000029363.17	BCLAF1	protein_coding	3981	1963	2018	35.4629	10.3877	10.0025
ENSG00000029364.12	SLC39A9	protein_coding	5090	2998	2873	60.5555	17.7377	17.0800
ENSG00000029534.21	ANK1	protein_coding	40	17	23	0.3146	0.0922	0.0887
ENSG00000029559.7	IBSP	protein_coding	24	12	12	1.2957	0.3795	0.3655
ENSG00000029639.11	TFB1M	protein_coding	228	145	120	4.7098	1.3796	1.3284
ENSG00000029725.17	RABEP1	protein_coding	3120	2452	2549	37.5339	10.9943	10.5867
ENSG00000029993.15	HMGB3	protein_coding	752	369	383	16.3158	4.7792	4.6020
ENSG00000030066.13	NUP160	protein_coding	2584	1285	1299	25.5870	7.4948	7.2170
ENSG00000030110.13	BAK1	protein_coding	580	365	317	22.2667	6.5223	6.2804
ENSG00000030304.14	MUSK	protein_coding	1	1	0	0.0093	0.0027	0.0026
ENSG00000030419.16	IKZF2	protein_coding	118	62	56	0.8187	0.2398	0.2309
ENSG00000030582.18	GRN	protein_coding	25490	12798	12693	614.2515	179.9239	173.2532
ENSG00000031003.10	FAM13B	protein_coding	1188	759	734	14.8187	4.3406	4.1797
ENSG00000031081.11	ARHGAP31	protein_coding	6717	3326	3391	60.8503	17.8240	17.1632
ENSG00000031691.7	CENPQ	protein_coding	203	94	109	9.9017	2.9004	2.7928
ENSG00000031698.13	SARS1	protein_coding	5876	2996	2880	129.6421	37.9742	36.5663
ENSG00000031823.14	RANBP3	protein_coding	3040	1603	1486	34.6754	10.1570	9.7804
ENSG00000032219.19	ARID4A	protein_coding	1425	684	743	16.2454	4.7585	4.5821
ENSG00000032389.13	EIPR1	protein_coding	1762	897	865	26.1453	7.6584	7.3744
ENSG00000032444.17	PNPLA6	protein_coding	3736	1873	1864	44.3043	12.9774	12.4963
ENSG00000032742.18	IFT88	protein_coding	212	108	104	2.9762	0.8718	0.8395
ENSG00000033011.13	ALG1	protein_coding	1431	1361	1335	22.5624	6.6089	6.3639
ENSG00000033030.15	ZCCHC8	protein_coding	469	225	244	4.3647	1.2785	1.2311
ENSG00000033050.9	ABCF2	protein_coding	1174	557	618	19.3285	5.6616	5.4517
ENSG00000033100.16	CHPF2	protein_coding	2358	1231	1170	47.6201	13.9487	13.4315
ENSG00000033122.21	LRRC7	protein_coding	19	6	13	0.0537	0.0157	0.0151
ENSG00000033170.17	FUT8	protein_coding	2366	1242	1188	28.8019	8.4365	8.1237
ENSG00000033178.13	UBA6	protein_coding	3684	1776	1908	27.4235	8.0328	7.7350
ENSG00000033327.13	GAB2	protein_coding	2421	1218	1302	30.3457	8.8887	8.5592
ENSG00000033627.17	ATP6V0A1	protein_coding	12749	6382	6370	99.0894	29.0248	27.9487
ENSG00000033800.14	PIAS1	protein_coding	1476	980	947	11.7726	3.4484	3.3205
ENSG00000033867.16	SLC4A7	protein_coding	545	289	256	4.8130	1.4098	1.3575
ENSG00000034053.14	APBA2	protein_coding	101	46	55	1.2486	0.3657	0.3522
ENSG00000034152.19	MAP2K3	protein_coding	3816	1870	1946	85.8428	25.1447	24.2125
ENSG00000034239.11	EFCAB1	protein_coding	0	0	0	0.0000	0.0000	0.0000
ENSG00000034510.6	TMSB10	protein_coding	31211	16657	15406	5749.3537	1684.0758	1621.6390
ENSG00000034533.12	ASTE1	protein_coding	426	557	528	10.5562	3.0921	2.9774
ENSG00000034677.13	RNF19A	protein_coding	3583	1941	2079	51.9942	15.2299	14.6653
ENSG00000034693.15	PEX3	protein_coding	372	203	169	11.1627	3.2697	3.1485
ENSG00000034713.8	GABARAPL2	protein_coding	4052	1980	2073	114.3182	33.4856	32.2441
ENSG00000034971.17	MYOC	protein_coding	1	4	0	0.0404	0.0118	0.0114
ENSG00000035115.22	SH3YL1	protein_coding	364	190	183	2.7768	0.8134	0.7832
ENSG00000035141.8	FAM136A	protein_coding	1100	576	604	30.2698	8.8665	8.5378
ENSG00000035403.18	VCL	protein_coding	6256	3232	3246	53.1688	15.5740	14.9966
ENSG00000035499.13	DEPDC1B	protein_coding	482	265	240	10.7545	3.1502	3.0334
ENSG00000035664.11	DAPK2	protein_coding	197	102	100	1.2290	0.3600	0.3467
ENSG00000035681.9	NSMAF	protein_coding	3515	1791	1725	48.3785	14.1708	13.6454
ENSG00000035687.10	ADSS2	protein_coding	4227	2118	2109	104.3181	30.5564	29.4235
ENSG00000035720.8	STAP1	protein_coding	48	28	20	2.0893	0.6120	0.5893
ENSG00000035862.12	TIMP2	protein_coding	63255	39755	38939	953.6025	279.3251	268.9692
ENSG00000035928.16	RFC1	protein_coding	3866	2006	1860	48.8618	14.3124	13.7818
ENSG00000036054.13	TBC1D23	protein_coding	2156	1095	1061	35.3726	10.3612	9.9770
ENSG00000036257.13	CUL3	protein_coding	2387	1644	1553	17.6189	5.1608	4.9695
ENSG00000036448.10	MYOM2	protein_coding	319	175	144	3.8392	1.1246	1.0829
ENSG00000036473.8	OTC	protein_coding	1	0	1	0.0505	0.0148	0.0142
ENSG00000036530.9	CYP46A1	protein_coding	54	27	30	0.4900	0.1435	0.1382
ENSG00000036549.13	ZZZ3	protein_coding	2157	1086	1071	20.3345	5.9563	5.7355
ENSG00000036565.15	SLC18A1	protein_coding	18	10	9	0.3909	0.1145	0.1103
ENSG00000036672.16	USP2	protein_coding	38	21	26	0.7135	0.2090	0.2012
ENSG00000036828.17	CASR	protein_coding	0	0	1	0.0000	0.0000	0.0000
ENSG00000037042.9	TUBG2	protein_coding	569	303	266	17.3003	5.0675	4.8797
ENSG00000037241.7	RPL26L1	protein_coding	754	379	376	55.0086	16.1129	15.5155
ENSG00000037280.16	FLT4	protein_coding	170	77	95	1.6309	0.4777	0.4600
ENSG00000037474.15	NSUN2	protein_coding	3869	2191	2279	59.6726	17.4790	16.8310
ENSG00000037637.11	FBXO42	protein_coding	1395	670	725	13.1495	3.8517	3.7089
ENSG00000037749.12	MFAP3	protein_coding	1966	963	1004	21.4180	6.2737	6.0411
ENSG00000037757.14	MRI1	protein_coding	200	267	261	4.9002	1.4353	1.3821
ENSG00000037897.17	METTL1	protein_coding	949	490	470	41.3916	12.1243	11.6748
ENSG00000037965.6	HOXC8	protein_coding	248	120	128	8.7134	2.5523	2.4577
ENSG00000038002.9	AGA	protein_coding	2125	1043	1082	69.2729	20.2911	19.5388
ENSG00000038210.14	PI4K2B	protein_coding	1526	775	751	35.1665	10.3008	9.9189
ENSG00000038219.13	BOD1L1	protein_coding	2923	1454	1469	15.6489	4.5838	4.4139
ENSG00000038274.17	MAT2B	protein_coding	3033	1517	1516	50.1585	14.6922	14.1475
ENSG00000038295.8	TLL1	protein_coding	145	63	82	1.5192	0.4450	0.4285
ENSG00000038358.15	EDC4	protein_coding	1614	764	850	22.3227	6.5387	6.2963
ENSG00000038382.20	TRIO	protein_coding	5076	2613	2575	24.1353	7.0696	6.8075
ENSG00000038427.16	VCAN	protein_coding	10892	6491	6286	63.0163	18.4585	17.7741
ENSG00000038532.16	CLEC16A	protein_coding	2908	1420	1490	19.7196	5.7762	5.5620
ENSG00000038945.15	MSR1	protein_coding	884	445	439	9.6095	2.8148	2.7104
ENSG00000039068.19	CDH1	protein_coding	8500	4803	4747	118.2736	34.6442	33.3598
ENSG00000039123.16	MTREX	protein_coding	3725	2352	2351	49.8391	14.5986	14.0574
ENSG00000039139.9	DNAH5	protein_coding	5	4	1	0.0258	0.0075	0.0073
ENSG00000039319.17	ZFYVE16	protein_coding	4040	2581	2588	22.1484	6.4876	6.2471
ENSG00000039523.20	RIPOR1	protein_coding	2808	2112	2012	35.4372	10.3801	9.9953
ENSG00000039537.14	C6	protein_coding	2	1	2	0.0350	0.0102	0.0099
ENSG00000039560.14	RAI14	protein_coding	4665	2295	2426	52.2562	15.3066	14.7392
ENSG00000039600.11	SOX30	protein_coding	56	29	29	1.3630	0.3992	0.3844
ENSG00000039650.12	PNKP	protein_coding	1940	1503	1552	36.2477	10.6175	10.2239
ENSG00000039987.7	BEST2	protein_coding	0	1	0	0.0000	0.0000	0.0000
ENSG00000040199.18	PHLPP2	protein_coding	875	465	443	5.9478	1.7422	1.6776
ENSG00000040275.17	SPDL1	protein_coding	383	185	198	6.8114	1.9952	1.9212
ENSG00000040341.18	STAU2	protein_coding	2522	1248	1275	23.8922	6.9984	6.7389
ENSG00000040487.13	SLC66A1	protein_coding	2025	1013	1012	64.0223	18.7531	18.0579
ENSG00000040531.16	CTNS	protein_coding	2583	1749	1623	44.3220	12.9826	12.5013
ENSG00000040608.14	RTN4R	protein_coding	1338	695	644	36.3479	10.6469	10.2521
ENSG00000040633.13	PHF23	protein_coding	4050	2035	2017	125.8426	36.8613	35.4946
ENSG00000040731.10	CDH10	protein_coding	1	0	1	0.0232	0.0068	0.0065
ENSG00000040933.16	INPP4A	protein_coding	2821	1474	1348	18.1637	5.3204	5.1232
ENSG00000041353.10	RAB27B	protein_coding	14	6	9	0.1662	0.0487	0.0469
ENSG00000041357.16	PSMA4	protein_coding	3224	1636	1588	39.1455	11.4663	11.0412
ENSG00000041515.16	MYO16	protein_coding	9	6	3	0.0867	0.0254	0.0245
ENSG00000041802.11	LSG1	protein_coding	2609	1391	1446	46.1482	13.5175	13.0164
ENSG00000041880.14	PARP3	protein_coding	841	424	417	24.3914	7.1446	6.8797
ENSG00000041982.16	TNC	protein_coding	125378	65437	65173	1104.5913	323.5521	311.5565
ENSG00000041988.15	THAP3	protein_coding	567	862	835	11.8246	3.4636	3.3352
ENSG00000042062.13	RIPOR3	protein_coding	22	8	14	0.3102	0.0909	0.0875
ENSG00000042088.14	TDP1	protein_coding	426	219	207	5.8133	1.7028	1.6397
ENSG00000042286.15	AIFM2	protein_coding	2196	1104	1102	36.3165	10.6377	10.2433
ENSG00000042304.12	C2orf83	protein_coding	0	0	0	0.0000	0.0000	0.0000
ENSG00000042317.17	SPATA7	protein_coding	356	195	215	4.3993	1.2886	1.2408
ENSG00000042429.12	MED17	protein_coding	79	59	50	0.4039	0.1183	0.1139
ENSG00000042445.14	RETSAT	protein_coding	8368	4394	4524	175.5037	51.4078	49.5018
ENSG00000042493.16	CAPG	protein_coding	62598	31617	31032	2197.5404	643.6940	619.8292
ENSG00000042753.12	AP2S1	protein_coding	4259	2151	2111	232.1413	67.9978	65.4768
ENSG00000042781.14	USH2A	protein_coding	10	8	3	0.0412	0.0121	0.0116
ENSG00000042813.8	ZPBP	protein_coding	0	0	0	0.0000	0.0000	0.0000
ENSG00000042832.12	TG	protein_coding	10	5	5	0.0763	0.0223	0.0215
ENSG00000042980.13	ADAM28	protein_coding	237	121	116	2.1599	0.6327	0.6092
ENSG00000043039.7	BARX2	protein_coding	6	2	4	0.1358	0.0398	0.0383
ENSG00000043093.15	DCUN1D1	protein_coding	1684	811	873	17.2151	5.0426	4.8556
ENSG00000043143.20	JADE2	protein_coding	7359	3677	3682	63.2712	18.5331	17.8460
ENSG00000043355.12	ZIC2	protein_coding	16	10	6	0.4130	0.1210	0.1165
ENSG00000043462.13	LCP2	protein_coding	1313	730	778	16.3419	4.7868	4.6093
ENSG00000043514.17	TRIT1	protein_coding	606	316	290	7.8772	2.3074	2.2218
ENSG00000043591.6	ADRB1	protein_coding	6	5	1	0.1677	0.0491	0.0473
ENSG00000044012.4	GUCA2B	protein_coding	0	0	0	0.0000	0.0000	0.0000
ENSG00000044090.10	CUL7	protein_coding	475	304	282	6.6116	1.9366	1.8648
ENSG00000044115.21	CTNNA1	protein_coding	16892	8459	8451	162.4548	47.5856	45.8213
ENSG00000044446.12	PHKA2	protein_coding	1058	846	810	10.5120	3.0791	2.9650
ENSG00000044459.15	CNTLN	protein_coding	641	326	315	4.9199	1.4411	1.3877
ENSG00000044524.11	EPHA3	protein_coding	1820	917	903	23.4993	6.8833	6.6281
ENSG00000044574.8	HSPA5	protein_coding	113958	56785	57174	2468.0858	722.9410	696.1381
ENSG00000046604.13	DSG2	protein_coding	36	17	20	0.5048	0.1479	0.1424
ENSG00000046647.13	GEMIN8	protein_coding	388	196	192	13.5929	3.9816	3.8340
ENSG00000046651.15	OFD1	protein_coding	576	304	272	9.4502	2.7681	2.6655
ENSG00000046653.15	GPM6B	protein_coding	13931	7020	6911	205.1373	60.0879	57.8602
ENSG00000046774.10	MAGEC2	protein_coding	9644	4901	4744	410.7186	120.3059	115.8456
ENSG00000046889.19	PREX2	protein_coding	153	74	79	1.0710	0.3137	0.3021
ENSG00000047056.16	WDR37	protein_coding	1474	734	741	19.8655	5.8189	5.6032
ENSG00000047188.16	YTHDC2	protein_coding	1980	1006	974	15.5615	4.5582	4.3892
ENSG00000047230.15	CTPS2	protein_coding	723	367	356	11.1006	3.2515	3.1310
ENSG00000047249.18	ATP6V1H	protein_coding	5436	2794	2642	90.4443	26.4925	25.5103
ENSG00000047315.17	POLR2B	protein_coding	6359	4456	4449	91.6668	26.8506	25.8552
ENSG00000047346.12	FAM214A	protein_coding	1287	740	727	11.1160	3.2561	3.1353
ENSG00000047365.12	ARAP2	protein_coding	1382	667	720	9.4440	2.7663	2.6637
ENSG00000047410.14	TPR	protein_coding	7798	4176	4047	53.6202	15.7062	15.1239
ENSG00000047457.14	CP	protein_coding	18	403	404	0.2161	0.0633	0.0610
ENSG00000047578.13	KATNIP	protein_coding	1986	1047	1004	17.2375	5.0491	4.8619
ENSG00000047579.20	DTNBP1	protein_coding	681	355	326	18.9858	5.5612	5.3551
ENSG00000047597.7	XK	protein_coding	46	20	26	0.7550	0.2211	0.2130
ENSG00000047617.15	ANO2	protein_coding	14	5	10	0.1901	0.0557	0.0536
ENSG00000047621.12	C12orf4	protein_coding	1124	532	592	19.3533	5.6689	5.4587
ENSG00000047634.15	SCML1	protein_coding	331	185	146	5.1135	1.4978	1.4423
ENSG00000047644.19	WWC3	protein_coding	3741	1867	1874	42.8266	12.5446	12.0795
ENSG00000047648.23	ARHGAP6	protein_coding	32	16	16	0.3056	0.0895	0.0862
ENSG00000047662.5	FAM184B	protein_coding	42	149	138	0.5299	0.1552	0.1495
ENSG00000047849.21	MAP4	protein_coding	18096	8971	9125	102.8388	30.1231	29.0063
ENSG00000047932.14	GOPC	protein_coding	1322	651	671	24.2577	7.1055	6.8420
ENSG00000047936.11	ROS1	protein_coding	3	1	2	0.0287	0.0084	0.0081
ENSG00000048028.11	USP28	protein_coding	384	192	192	5.7019	1.6702	1.6083
ENSG00000048052.22	HDAC9	protein_coding	1644	831	813	8.2268	2.4098	2.3204
ENSG00000048140.18	TSPAN17	protein_coding	3294	1661	1634	53.6391	15.7117	15.1292
ENSG00000048162.21	NOP16	protein_coding	689	1035	1144	20.7925	6.0905	5.8647
ENSG00000048342.17	CC2D2A	protein_coding	1176	599	579	7.4488	2.1819	2.1010
ENSG00000048392.12	RRM2B	protein_coding	9493	4768	4725	149.5362	43.8015	42.1776
ENSG00000048405.10	ZNF800	protein_coding	1544	733	811	22.6337	6.6298	6.3840
ENSG00000048462.11	TNFRSF17	protein_coding	101	50	51	8.4502	2.4752	2.3834
ENSG00000048471.14	SNX29	protein_coding	1444	706	740	10.8527	3.1789	3.0611
ENSG00000048540.15	LMO3	protein_coding	8	5	3	0.0679	0.0199	0.0192
ENSG00000048544.6	MRPS10	protein_coding	1215	623	592	49.1325	14.3917	13.8581
ENSG00000048545.16	GUCA1A	protein_coding	0	0	0	0.0000	0.0000	0.0000
ENSG00000048649.13	RSF1	protein_coding	1867	919	948	10.0728	2.9505	2.8411
ENSG00000048707.15	VPS13D	protein_coding	3554	1794	1761	14.5323	4.2567	4.0989
ENSG00000048740.18	CELF2	protein_coding	16777	8386	8391	129.7787	38.0142	36.6048
ENSG00000048828.17	FAM120A	protein_coding	6325	3302	3358	74.1267	21.7129	20.9079
ENSG00000048991.16	R3HDM1	protein_coding	2071	1063	1008	22.2677	6.5226	6.2807
ENSG00000049089.15	COL9A2	protein_coding	262	134	128	5.2786	1.5462	1.4889
ENSG00000049130.16	KITLG	protein_coding	1000	527	476	13.6858	4.0088	3.8602
ENSG00000049167.15	ERCC8	protein_coding	486	295	240	3.0537	0.8945	0.8613
ENSG00000049192.15	ADAMTS6	protein_coding	22	16	6	0.2181	0.0639	0.0615
ENSG00000049239.13	H6PD	protein_coding	3091	1572	1520	28.1580	8.2479	7.9421
ENSG00000049245.13	VAMP3	protein_coding	6410	3186	3225	199.1731	58.3409	56.1779
ENSG00000049246.14	PER3	protein_coding	565	392	408	5.9242	1.7353	1.6710
ENSG00000049247.14	UTS2	protein_coding	11	84	70	0.5210	0.1526	0.1469
ENSG00000049249.9	TNFRSF9	protein_coding	256	138	118	3.4214	1.0022	0.9650
ENSG00000049283.18	EPN3	protein_coding	0	1	0	0.0000	0.0000	0.0000
ENSG00000049323.16	LTBP1	protein_coding	1496	788	812	17.2892	5.0643	4.8765
ENSG00000049449.10	RCN1	protein_coding	2933	1875	1896	55.6958	16.3142	15.7093
ENSG00000049540.18	ELN	protein_coding	635	349	352	8.3539	2.4470	2.3563
ENSG00000049541.11	RFC2	protein_coding	1413	737	677	54.2707	15.8967	15.3074
ENSG00000049618.24	ARID1B	protein_coding	2552	1239	1329	4.7183	1.3821	1.3308
ENSG00000049656.14	CLPTM1L	protein_coding	7718	3865	3854	100.0788	29.3146	28.2278
ENSG00000049759.19	NEDD4L	protein_coding	3406	1844	1764	8.4963	2.4887	2.3964
ENSG00000049768.16	FOXP3	protein_coding	286	178	173	7.8701	2.3053	2.2198
ENSG00000049769.14	PPP1R3F	protein_coding	213	129	124	4.1316	1.2102	1.1653
ENSG00000049860.14	HEXB	protein_coding	13056	7091	6962	221.0810	64.7581	62.3572
ENSG00000049883.15	PTCD2	protein_coding	599	303	319	4.1987	1.2299	1.1843
ENSG00000050030.16	NEXMIF	protein_coding	1	0	1	0.0069	0.0020	0.0019
ENSG00000050130.18	JKAMP	protein_coding	3225	1724	1720	62.9583	18.4415	17.7577
ENSG00000050165.18	DKK3	protein_coding	267	446	489	1.8961	0.5554	0.5348
ENSG00000050327.15	ARHGEF5	protein_coding	14	7	7	0.2043	0.0599	0.0576
ENSG00000050344.9	NFE2L3	protein_coding	1338	1226	1209	26.4057	7.7346	7.4479
ENSG00000050393.11	MCUR1	protein_coding	1236	627	609	17.3290	5.0759	4.8877
ENSG00000050405.13	LIMA1	protein_coding	11065	5509	5557	148.7486	43.5708	41.9554
ENSG00000050426.16	LETMD1	protein_coding	2193	1084	1109	30.8738	9.0434	8.7081
ENSG00000050438.17	SLC4A8	protein_coding	144	57	88	0.6824	0.1999	0.1925
ENSG00000050555.19	LAMC3	protein_coding	95	49	46	0.9025	0.2644	0.2546
ENSG00000050628.20	PTGER3	protein_coding	86	43	43	0.7566	0.2216	0.2134
ENSG00000050730.16	TNIP3	protein_coding	34	19	15	0.7702	0.2256	0.2172
ENSG00000050748.18	MAPK9	protein_coding	1574	749	825	14.9263	4.3721	4.2100
ENSG00000050767.17	COL23A1	protein_coding	18	11	7	0.4241	0.1242	0.1196
ENSG00000050820.17	BCAR1	protein_coding	6897	3359	3539	63.6696	18.6498	17.9584
ENSG00000051009.11	FAM160A2	protein_coding	870	414	457	15.6328	4.5791	4.4093
ENSG00000051108.15	HERPUD1	protein_coding	19681	9923	9759	330.1698	96.7119	93.1263
ENSG00000051128.19	HOMER3	protein_coding	420	226	196	10.4227	3.0530	2.9398
ENSG00000051180.17	RAD51	protein_coding	289	152	140	7.9578	2.3310	2.2446
ENSG00000051341.14	POLQ	protein_coding	261	127	134	2.3624	0.6920	0.6663
ENSG00000051382.9	PIK3CB	protein_coding	2604	1302	1302	28.2021	8.2608	7.9546
ENSG00000051523.11	CYBA	protein_coding	2777	1172	1606	72.4943	21.2347	20.4475
ENSG00000051596.10	THOC3	protein_coding	339	171	168	8.3468	2.4449	2.3543
ENSG00000051620.11	HEBP2	protein_coding	702	406	356	5.7587	1.6868	1.6243
ENSG00000051825.15	MPHOSPH9	protein_coding	435	217	218	3.5851	1.0501	1.0112
ENSG00000052126.14	PLEKHA5	protein_coding	3875	1972	1903	26.2038	7.6755	7.3909
ENSG00000052344.16	PRSS8	protein_coding	2	3	2	0.0571	0.0167	0.0161
ENSG00000052723.12	SIKE1	protein_coding	700	341	359	10.0856	2.9542	2.8447
ENSG00000052749.14	RRP12	protein_coding	4535	2463	2258	45.1535	13.2262	12.7358
ENSG00000052795.13	FNIP2	protein_coding	5048	2562	2486	39.0382	11.4349	11.0110
ENSG00000052802.13	MSMO1	protein_coding	4057	2043	2014	120.8002	35.3843	34.0724
ENSG00000052841.15	TTC17	protein_coding	6913	3553	3540	51.9702	15.2229	14.6585
ENSG00000052850.8	ALX4	protein_coding	2	1	1	0.0297	0.0087	0.0084
ENSG00000053108.17	FSTL4	protein_coding	4	0	4	0.0506	0.0148	0.0143
ENSG00000053254.16	FOXN3	protein_coding	988	673	661	7.5221	2.2033	2.1216
ENSG00000053328.8	METTL24	protein_coding	3	1	2	0.1436	0.0421	0.0405
ENSG00000053371.12	AKR7A2	protein_coding	4966	2434	2532	236.7855	69.3582	66.7867
ENSG00000053372.5	MRTO4	protein_coding	2389	1205	1184	79.3720	23.2493	22.3874
ENSG00000053438.11	NNAT	protein_coding	7	6	6	0.4473	0.1310	0.1262
ENSG00000053501.13	USE1	protein_coding	1351	663	688	47.1936	13.8237	13.3112
ENSG00000053524.12	MCF2L2	protein_coding	81	236	196	0.3344	0.0980	0.0943
ENSG00000053702.15	NRIP2	protein_coding	133	64	82	4.0137	1.1757	1.1321
ENSG00000053747.17	LAMA3	protein_coding	231	115	117	1.3540	0.3966	0.3819
ENSG00000053770.12	AP5M1	protein_coding	2086	1024	1068	13.6066	3.9856	3.8378
ENSG00000053900.11	ANAPC4	protein_coding	615	303	312	7.0159	2.0551	1.9789
ENSG00000053918.18	KCNQ1	protein_coding	63	41	33	1.2104	0.3545	0.3414
ENSG00000054116.12	TRAPPC3	protein_coding	2542	1240	1303	61.2044	17.9277	17.2630
ENSG00000054118.15	THRAP3	protein_coding	7020	3485	3535	126.3012	36.9956	35.6240
ENSG00000054148.18	PHPT1	protein_coding	1441	683	767	75.9121	22.2359	21.4115
ENSG00000054179.12	ENTPD2	protein_coding	6	2	4	0.1930	0.0565	0.0544
ENSG00000054219.11	LY75	protein_coding	156	60	96	1.5046	0.4407	0.4244
ENSG00000054267.22	ARID4B	protein_coding	2325	1147	1179	17.8308	5.2229	5.0293
ENSG00000054277.14	OPN3	protein_coding	90	760	769	2.0523	0.6012	0.5789
ENSG00000054282.16	SDCCAG8	protein_coding	949	605	645	15.1456	4.4364	4.2719
ENSG00000054356.14	PTPRN	protein_coding	52	30	27	0.5367	0.1572	0.1514
ENSG00000054392.13	HHAT	protein_coding	480	240	253	6.1342	1.7968	1.7302
ENSG00000054523.18	KIF1B	protein_coding	4247	2129	2119	20.0867	5.8837	5.6656
ENSG00000054598.9	FOXC1	protein_coding	208	103	105	4.4347	1.2990	1.2508
ENSG00000054611.14	TBC1D22A	protein_coding	3048	1522	1526	48.6994	14.2648	13.7360
ENSG00000054654.19	SYNE2	protein_coding	5451	2730	2723	14.2972	4.1879	4.0326
ENSG00000054690.14	PLEKHH1	protein_coding	3664	2231	2242	28.7355	8.4171	8.1050
ENSG00000054793.14	ATP9A	protein_coding	9821	4797	5025	103.3078	30.2605	29.1386
ENSG00000054796.13	SPO11	protein_coding	0	0	0	0.0000	0.0000	0.0000
ENSG00000054803.4	CBLN4	protein_coding	8	4	4	0.2154	0.0631	0.0608
ENSG00000054938.16	CHRDL2	protein_coding	3	1	2	0.0802	0.0235	0.0226
ENSG00000054965.11	FAM168A	protein_coding	4583	2506	2434	49.3458	14.4542	13.9183
ENSG00000054967.13	RELT	protein_coding	174	183	145	2.3883	0.6996	0.6736
ENSG00000054983.17	GALC	protein_coding	2238	1109	1129	28.2144	8.2644	7.9580
ENSG00000055044.11	NOP58	protein_coding	2102	1415	1295	54.5213	15.9701	15.3781
ENSG00000055070.17	SZRD1	protein_coding	5514	4368	4399	98.7455	28.9241	27.8518
ENSG00000055118.16	KCNH2	protein_coding	4	2	2	0.0585	0.0171	0.0165
ENSG00000055130.17	CUL1	protein_coding	3544	1804	1780	72.4851	21.2320	20.4448
ENSG00000055147.19	FAM114A2	protein_coding	3163	1602	1563	41.1779	12.0616	11.6145
ENSG00000055163.20	CYFIP2	protein_coding	10081	5503	5593	81.5472	23.8865	23.0009
ENSG00000055208.19	TAB2	protein_coding	2461	1249	1212	35.2903	10.3371	9.9538
ENSG00000055211.14	GINM1	protein_coding	827	505	531	31.2130	9.1428	8.8038
ENSG00000055332.18	EIF2AK2	protein_coding	7553	3873	3859	59.6489	17.4721	16.8243
ENSG00000055483.19	USP36	protein_coding	2264	1150	1114	20.8186	6.0981	5.8720
ENSG00000055609.19	KMT2C	protein_coding	2874	1389	1486	12.1351	3.5546	3.4228
ENSG00000055732.13	MCOLN3	protein_coding	4387	2236	2151	56.2418	16.4741	15.8633
ENSG00000055813.6	CCDC85A	protein_coding	7	5	4	0.1445	0.0423	0.0408
ENSG00000055917.16	PUM2	protein_coding	5318	2685	2633	64.8023	18.9816	18.2779
ENSG00000055950.16	MRPL43	protein_coding	1728	1355	1334	41.0698	12.0300	11.5840
ENSG00000055955.17	ITIH4	protein_coding	2	1	1	0.0365	0.0107	0.0103
ENSG00000055957.11	ITIH1	protein_coding	2	1	1	0.0374	0.0110	0.0105
ENSG00000056050.7	HPF1	protein_coding	1229	634	595	73.3947	21.4985	20.7014
ENSG00000056097.16	ZFR	protein_coding	5287	2702	2585	66.3084	19.4228	18.7027
ENSG00000056277.16	ZNF280C	protein_coding	327	168	159	5.9873	1.7538	1.6887
ENSG00000056291.17	NPFFR2	protein_coding	0	0	0	0.0000	0.0000	0.0000
ENSG00000056487.16	PHF21B	protein_coding	1	2	0	0.0141	0.0041	0.0040
ENSG00000056558.11	TRAF1	protein_coding	6240	3104	3136	118.3878	34.6776	33.3920
ENSG00000056586.16	RC3H2	protein_coding	1603	781	822	11.7727	3.4484	3.3206
ENSG00000056736.10	IL17RB	protein_coding	38	24	34	1.0601	0.3105	0.2990
ENSG00000056972.20	TRAF3IP2	protein_coding	2266	1180	1105	24.4479	7.1612	6.8957
ENSG00000056998.20	GYG2	protein_coding	5287	2655	2632	123.9918	36.3191	34.9726
ENSG00000057019.16	DCBLD2	protein_coding	32387	16784	16494	243.8226	71.4194	68.7716
ENSG00000057149.16	SERPINB3	protein_coding	0	0	0	0.0000	0.0000	0.0000
ENSG00000057252.13	SOAT1	protein_coding	15857	7912	7946	192.2318	56.3077	54.2201
ENSG00000057294.15	PKP2	protein_coding	2	1	1	0.0244	0.0071	0.0069
ENSG00000057468.7	MSH4	protein_coding	1	0	1	0.0260	0.0076	0.0073
ENSG00000057593.14	F7	protein_coding	1	0	1	0.0224	0.0065	0.0063
ENSG00000057608.17	GDI2	protein_coding	10791	5442	5358	233.8889	68.5097	65.9697
ENSG00000057657.17	PRDM1	protein_coding	417	210	207	5.2462	1.5367	1.4797
ENSG00000057663.16	ATG5	protein_coding	658	326	332	9.8811	2.8943	2.7870
ENSG00000057704.13	TMCC3	protein_coding	513	241	272	6.6898	1.9596	1.8869
ENSG00000057757.10	PITHD1	protein_coding	2342	1153	1189	91.5249	26.8091	25.8151
ENSG00000057935.14	MTA3	protein_coding	1537	783	754	12.3367	3.6136	3.4797
ENSG00000058056.9	USP13	protein_coding	1594	832	762	16.5988	4.8620	4.6818
ENSG00000058063.16	ATP11B	protein_coding	3368	1775	1735	31.1323	9.1191	8.7810
ENSG00000058085.15	LAMC2	protein_coding	32	17	15	0.4014	0.1176	0.1132
ENSG00000058091.17	CDK14	protein_coding	974	482	495	11.7874	3.4527	3.3247
ENSG00000058262.10	SEC61A1	protein_coding	31629	17617	17226	578.8683	169.5596	163.2732
ENSG00000058272.19	PPP1R12A	protein_coding	2959	1521	1502	21.1800	6.2040	5.9739
ENSG00000058335.16	RASGRF1	protein_coding	799	471	456	6.8008	1.9921	1.9182
ENSG00000058404.20	CAMK2B	protein_coding	13	8	8	0.1353	0.0396	0.0382
ENSG00000058453.17	CROCC	protein_coding	1338	665	676	12.8027	3.7501	3.6111
ENSG00000058600.16	POLR3E	protein_coding	1334	790	814	11.9422	3.4981	3.3684
ENSG00000058668.15	ATP2B4	protein_coding	13789	6960	6829	123.3247	36.1237	34.7845
ENSG00000058673.17	ZC3H11A	protein_coding	1	0	1	0.0066	0.0019	0.0019
ENSG00000058729.11	RIOK2	protein_coding	1208	641	659	18.6890	5.4743	5.2713
ENSG00000058799.15	YIPF1	protein_coding	1944	974	970	81.0832	23.7505	22.8700
ENSG00000058804.12	NDC1	protein_coding	2135	1096	1039	38.4121	11.2515	10.8344
ENSG00000058866.15	DGKG	protein_coding	1366	670	696	10.5696	3.0960	2.9812
ENSG00000059122.17	FLYWCH1	protein_coding	2338	1164	1177	23.5661	6.9029	6.6469
ENSG00000059145.19	UNKL	protein_coding	172	503	472	1.9491	0.5709	0.5497
ENSG00000059377.18	TBXAS1	protein_coding	504	258	246	6.8251	1.9992	1.9250
ENSG00000059378.13	PARP12	protein_coding	3759	1834	1925	57.9339	16.9698	16.3406
ENSG00000059573.9	ALDH18A1	protein_coding	5383	2666	2717	121.6086	35.6211	34.3004
ENSG00000059588.10	TARBP1	protein_coding	983	504	481	10.6761	3.1272	3.0113
ENSG00000059691.12	GATB	protein_coding	1533	803	736	11.0879	3.2478	3.1274
ENSG00000059728.11	MXD1	protein_coding	545	266	279	7.2873	2.1346	2.0554
ENSG00000059758.8	CDK17	protein_coding	932	499	433	12.2384	3.5848	3.4519
ENSG00000059769.20	DNAJC25	protein_coding	262	115	147	8.5442	2.5027	2.4099
ENSG00000059804.16	SLC2A3	protein_coding	3561	1788	1773	49.8109	14.5904	14.0494
ENSG00000059915.17	PSD	protein_coding	75	81	76	1.0652	0.3120	0.3005
ENSG00000060069.17	CTDP1	protein_coding	855	422	433	13.6994	4.0128	3.8640
ENSG00000060138.13	YBX3	protein_coding	6367	3169	3198	62.7176	18.3710	17.6899
ENSG00000060140.9	STYK1	protein_coding	6	4	2	0.1481	0.0434	0.0418
ENSG00000060237.18	WNK1	protein_coding	12825	6467	6360	63.0269	18.4616	17.7771
ENSG00000060303.5	RPS17P5	processed_pseudogene	4	2	2	0.8326	0.2439	0.2348
ENSG00000060339.14	CCAR1	protein_coding	2722	1351	1372	38.1504	11.1749	10.7606
ENSG00000060491.16	OGFR	protein_coding	2733	1415	1318	49.3593	14.4581	13.9221
ENSG00000060558.4	GNA15	protein_coding	144	69	98	4.4419	1.3011	1.2529
ENSG00000060566.14	CREB3L3	protein_coding	1	0	2	0.0321	0.0094	0.0090
ENSG00000060642.11	PIGV	protein_coding	667	335	332	9.6461	2.8255	2.7207
ENSG00000060656.20	PTPRU	protein_coding	397	196	201	5.0454	1.4779	1.4231
ENSG00000060688.13	SNRNP40	protein_coding	1637	833	804	35.7640	10.4758	10.0875
ENSG00000060709.15	RIMBP2	protein_coding	0	0	0	0.0000	0.0000	0.0000
ENSG00000060718.22	COL11A1	protein_coding	1714	879	835	16.0107	4.6898	4.5159
ENSG00000060749.16	QSER1	protein_coding	2131	1071	1060	16.5902	4.8595	4.6794
ENSG00000060762.19	MPC1	protein_coding	503	245	258	27.6294	8.0931	7.7930
ENSG00000060971.19	ACAA1	protein_coding	807	588	580	9.6441	2.8249	2.7202
ENSG00000060982.15	BCAT1	protein_coding	474	251	236	3.5263	1.0329	0.9946
ENSG00000061273.18	HDAC7	protein_coding	1625	922	987	13.8997	4.0714	3.9205
ENSG00000061337.15	LZTS1	protein_coding	36047	18011	18036	536.4752	157.1420	151.3160
ENSG00000061455.11	PRDM6	protein_coding	37	17	21	0.3404	0.0997	0.0960
ENSG00000061492.12	WNT8A	protein_coding	1	1	0	0.0427	0.0125	0.0120
ENSG00000061656.10	SPAG4	protein_coding	177	98	79	6.4016	1.8751	1.8056
ENSG00000061676.15	NCKAP1	protein_coding	12542	6239	6304	47.2945	13.8533	13.3397
ENSG00000061794.13	MRPS35	protein_coding	1791	934	858	78.8044	23.0830	22.2272
ENSG00000061918.14	GUCY1B1	protein_coding	795	407	388	17.1176	5.0140	4.8281
ENSG00000061936.10	SFSWAP	protein_coding	1194	601	593	9.9818	2.9238	2.8154
ENSG00000061938.20	TNK2	protein_coding	1828	912	958	12.6774	3.7134	3.5757
ENSG00000061987.16	MON2	protein_coding	2175	1108	1067	11.5338	3.3784	3.2532
ENSG00000062038.14	CDH3	protein_coding	4926	2785	2673	68.8476	20.1665	19.4189
ENSG00000062096.15	ARSF	protein_coding	0	0	0	0.0000	0.0000	0.0000
ENSG00000062194.16	GPBP1	protein_coding	3832	1925	1907	50.2805	14.7279	14.1819
ENSG00000062282.15	DGAT2	protein_coding	902	599	617	9.6911	2.8387	2.7334
ENSG00000062370.17	ZNF112	protein_coding	145	63	82	3.2000	0.9373	0.9026
ENSG00000062485.19	CS	protein_coding	7447	3771	3677	98.7975	28.9393	27.8664
ENSG00000062524.16	LTK	protein_coding	153	73	81	3.7218	1.0902	1.0498
ENSG00000062582.14	MRPS24	protein_coding	2	1	1	0.0651	0.0191	0.0184
ENSG00000062598.18	ELMO2	protein_coding	4585	2727	2697	59.0208	17.2881	16.6472
ENSG00000062650.19	WAPL	protein_coding	3084	1523	1561	36.3490	10.6472	10.2525
ENSG00000062716.13	VMP1	protein_coding	5065	2576	2493	62.7549	18.3819	17.7004
ENSG00000062725.10	APPBP2	protein_coding	2955	1452	1503	25.3731	7.4322	7.1566
ENSG00000062822.15	POLD1	protein_coding	1167	593	575	20.0856	5.8834	5.6653
ENSG00000063015.20	SEZ6	protein_coding	0	0	0	0.0000	0.0000	0.0000
ENSG00000063046.18	EIF4B	protein_coding	9673	5902	5755	136.2700	39.9156	38.4357
ENSG00000063127.16	SLC6A16	protein_coding	88	41	47	2.0822	0.6099	0.5873
ENSG00000063169.11	BICRA	protein_coding	690	322	373	7.6216	2.2325	2.1497
ENSG00000063176.16	SPHK2	protein_coding	847	651	565	11.9700	3.5062	3.3762
ENSG00000063177.13	RPL18	protein_coding	17418	8807	8615	383.4961	112.3320	108.1673
ENSG00000063180.9	CA11	protein_coding	1114	628	639	48.6132	14.2396	13.7117
ENSG00000063241.8	ISOC2	protein_coding	3742	1917	1827	72.0899	21.1163	20.3334
ENSG00000063244.13	U2AF2	protein_coding	5076	2732	2559	104.7270	30.6762	29.5389
ENSG00000063245.15	EPN1	protein_coding	6198	3098	3108	29.8783	8.7518	8.4274
ENSG00000063322.15	MED29	protein_coding	4040	2034	2009	89.3667	26.1769	25.2064
ENSG00000063438.19	AHRR	protein_coding	2	1	1	0.0180	0.0053	0.0051
ENSG00000063515.3	GSC2	protein_coding	0	0	0	0.0000	0.0000	0.0000
ENSG00000063587.15	ZNF275	protein_coding	969	491	478	10.1004	2.9586	2.8489
ENSG00000063601.17	MTMR1	protein_coding	1147	585	562	15.3925	4.5087	4.3415
ENSG00000063660.9	GPC1	protein_coding	4034	2030	2004	52.5252	15.3854	14.8150
ENSG00000063761.16	ADCK1	protein_coding	712	335	377	11.4233	3.3461	3.2220
ENSG00000063854.13	HAGH	protein_coding	2531	1272	1270	36.8100	10.7822	10.3825
ENSG00000063978.16	RNF4	protein_coding	3651	1835	1816	43.4175	12.7177	12.2462
ENSG00000064012.22	CASP8	protein_coding	887	435	452	10.3996	3.0462	2.9333
ENSG00000064042.18	LIMCH1	protein_coding	118	58	60	0.9225	0.2702	0.2602
ENSG00000064102.15	INTS13	protein_coding	2292	1181	1111	63.6279	18.6376	17.9466
ENSG00000064115.11	TM7SF3	protein_coding	15573	9199	9186	240.2736	70.3799	67.7706
ENSG00000064195.7	DLX3	protein_coding	14	7	7	0.4379	0.1283	0.1235
ENSG00000064199.7	SPA17	protein_coding	108	183	168	1.7777	0.5207	0.5014
ENSG00000064201.16	TSPAN32	protein_coding	35	22	18	0.7828	0.2293	0.2208
ENSG00000064205.10	CCN5	protein_coding	2340	1173	1168	39.8944	11.6857	11.2524
ENSG00000064218.5	DMRT3	protein_coding	21	13	8	0.6612	0.1937	0.1865
ENSG00000064225.12	ST3GAL6	protein_coding	4055	2608	2494	54.7634	16.0411	15.4463
ENSG00000064270.13	ATP2C2	protein_coding	6	5	3	0.0693	0.0203	0.0195
ENSG00000064300.9	NGFR	protein_coding	36842	19811	19066	755.5274	221.3058	213.1009
ENSG00000064309.14	CDON	protein_coding	262	180	207	2.0990	0.6148	0.5920
ENSG00000064313.12	TAF2	protein_coding	1988	1009	980	25.8691	7.5775	7.2965
ENSG00000064393.16	HIPK2	protein_coding	4553	2252	2301	24.7499	7.2496	6.9809
ENSG00000064419.13	TNPO3	protein_coding	7203	3665	3544	130.8131	38.3172	36.8966
ENSG00000064489.23	BORCS8-MEF2B	protein_coding	1	0	1	0.0440	0.0129	0.0124
ENSG00000064490.14	RFXANK	protein_coding	1515	1166	1158	51.4001	15.0559	14.4977
ENSG00000064545.15	TMEM161A	protein_coding	2307	1152	1155	59.7109	17.4903	16.8418
ENSG00000064547.14	LPAR2	protein_coding	121	64	57	3.4539	1.0117	0.9742
ENSG00000064601.20	CTSA	protein_coding	16188	14519	14147	161.5764	47.3283	45.5736
ENSG00000064607.17	SUGP2	protein_coding	2219	1192	1160	22.2530	6.5183	6.2766
ENSG00000064651.14	SLC12A2	protein_coding	2741	1412	1329	21.8499	6.4002	6.1629
ENSG00000064652.11	SNX24	protein_coding	1722	919	881	42.0936	12.3299	11.8727
ENSG00000064655.19	EYA2	protein_coding	32	14	18	0.7511	0.2200	0.2119
ENSG00000064666.15	CNN2	protein_coding	2138	1421	1323	49.8791	14.6104	14.0687
ENSG00000064687.13	ABCA7	protein_coding	714	372	342	6.3219	1.8518	1.7831
ENSG00000064692.20	SNCAIP	protein_coding	32	14	22	0.3740	0.1095	0.1055
ENSG00000064703.12	DDX20	protein_coding	592	300	294	9.0014	2.6367	2.5389
ENSG00000064726.10	BTBD1	protein_coding	3770	2066	2066	78.7383	23.0637	22.2086
ENSG00000064763.11	FAR2	protein_coding	1075	899	899	16.8711	4.9418	4.7586
ENSG00000064787.13	BCAS1	protein_coding	20	17	10	0.2075	0.0608	0.0585
ENSG00000064835.11	POU1F1	protein_coding	1	0	1	0.0542	0.0159	0.0153
ENSG00000064886.14	CHI3L2	protein_coding	55	28	28	1.4175	0.4152	0.3998
ENSG00000064932.16	SBNO2	protein_coding	2726	1361	1367	35.0217	10.2584	9.8781
ENSG00000064933.18	PMS1	protein_coding	917	539	550	14.2780	4.1822	4.0272
ENSG00000064961.19	HMG20B	protein_coding	6090	3241	3356	134.0849	39.2756	37.8194
ENSG00000064989.13	CALCRL	protein_coding	463	234	229	5.3794	1.5757	1.5173
ENSG00000064995.18	TAF11	protein_coding	425	286	283	18.1454	5.3151	5.1180
ENSG00000064999.15	ANKS1A	protein_coding	16613	8343	8273	166.0136	48.6280	46.8251
ENSG00000065000.19	AP3D1	protein_coding	16107	8193	7914	158.8080	46.5174	44.7927
ENSG00000065029.15	ZNF76	protein_coding	613	293	320	7.6756	2.2483	2.1650
ENSG00000065054.14	SLC9A3R2	protein_coding	831	421	410	20.0708	5.8790	5.6611
ENSG00000065057.9	NTHL1	protein_coding	550	260	290	19.2207	5.6300	5.4213
ENSG00000065060.17	UHRF1BP1	protein_coding	977	539	582	8.3738	2.4528	2.3619
ENSG00000065135.12	GNAI3	protein_coding	2352	1173	1179	22.0846	6.4689	6.2291
ENSG00000065150.21	IPO5	protein_coding	4857	2462	2395	42.6799	12.5016	12.0381
ENSG00000065154.12	OAT	protein_coding	10466	5289	5177	262.3310	76.8409	73.9920
ENSG00000065183.16	WDR3	protein_coding	1618	841	882	13.3711	3.9166	3.7714
ENSG00000065243.20	PKN2	protein_coding	1472	730	742	18.1242	5.3089	5.1120
ENSG00000065268.11	WDR18	protein_coding	824	389	435	30.6502	8.9779	8.6451
ENSG00000065308.5	TRAM2	protein_coding	3311	1756	1667	39.8995	11.6872	11.2539
ENSG00000065320.9	NTN1	protein_coding	54	29	25	0.7148	0.2094	0.2016
ENSG00000065325.13	GLP2R	protein_coding	0	0	0	0.0000	0.0000	0.0000
ENSG00000065328.17	MCM10	protein_coding	501	241	260	7.7979	2.2841	2.1994
ENSG00000065357.20	DGKA	protein_coding	1821	882	949	15.3139	4.4857	4.3194
ENSG00000065361.16	ERBB3	protein_coding	19611	9856	9761	188.4548	55.2014	53.1548
ENSG00000065371.17	ROPN1	protein_coding	362	206	156	6.8042	1.9930	1.9192
ENSG00000065413.20	ANKRD44	protein_coding	2800	1388	1413	18.5387	5.4303	5.2289
ENSG00000065427.15	KARS1	protein_coding	7117	4025	3898	149.1925	43.7008	42.0806
ENSG00000065457.10	ADAT1	protein_coding	1182	607	575	22.3754	6.5541	6.3111
ENSG00000065485.20	PDIA5	protein_coding	1410	679	731	29.4413	8.6238	8.3041
ENSG00000065491.8	TBC1D22B	protein_coding	515	269	299	12.6326	3.7003	3.5631
ENSG00000065518.8	NDUFB4	protein_coding	3037	1480	1557	137.4019	40.2472	38.7550
ENSG00000065526.12	SPEN	protein_coding	4286	2137	2160	25.3885	7.4367	7.1610
ENSG00000065534.19	MYLK	protein_coding	6732	3781	3798	25.7899	7.5543	7.2742
ENSG00000065548.18	ZC3H15	protein_coding	3770	1889	1882	105.7998	30.9904	29.8414
ENSG00000065559.15	MAP2K4	protein_coding	1343	662	681	19.9769	5.8515	5.6346
ENSG00000065600.13	PACC1	protein_coding	747	379	368	21.7469	6.3700	6.1338
ENSG00000065609.14	SNAP91	protein_coding	2	1	1	0.0255	0.0075	0.0072
ENSG00000065613.15	SLK	protein_coding	4502	2244	2258	47.1582	13.8134	13.3013
ENSG00000065615.14	CYB5R4	protein_coding	535	278	257	4.7222	1.3832	1.3319
ENSG00000065618.21	COL17A1	protein_coding	52	23	29	0.6318	0.1851	0.1782
ENSG00000065621.15	GSTO2	protein_coding	147	85	64	1.2576	0.3684	0.3547
ENSG00000065665.21	SEC61A2	protein_coding	328	367	357	7.1128	2.0835	2.0062
ENSG00000065675.15	PRKCQ	protein_coding	116	59	57	2.9896	0.8757	0.8432
ENSG00000065717.15	TLE2	protein_coding	212	108	105	4.3381	1.2707	1.2236
ENSG00000065802.12	ASB1	protein_coding	755	375	405	8.6560	2.5355	2.4415
ENSG00000065809.13	FAM107B	protein_coding	794	377	417	9.6063	2.8138	2.7095
ENSG00000065833.9	ME1	protein_coding	61	32	29	1.5519	0.4546	0.4377
ENSG00000065882.16	TBC1D1	protein_coding	4913	2427	2486	46.1775	13.5261	13.0246
ENSG00000065883.16	CDK13	protein_coding	2224	1084	1140	7.6717	2.2472	2.1639
ENSG00000065911.13	MTHFD2	protein_coding	4438	3332	3348	32.9352	9.6472	9.2896
ENSG00000065923.10	SLC9A7	protein_coding	2478	1244	1235	21.0855	6.1763	5.9473
ENSG00000065970.9	FOXJ2	protein_coding	1573	768	805	21.2133	6.2137	5.9833
ENSG00000065978.19	YBX1	protein_coding	25016	12519	12499	625.7349	183.2876	176.4922
ENSG00000065989.16	PDE4A	protein_coding	1823	885	941	22.8941	6.7060	6.4574
ENSG00000066027.12	PPP2R5A	protein_coding	2990	1475	1515	64.4120	18.8673	18.1678
ENSG00000066032.18	CTNNA2	protein_coding	282	158	146	3.1782	0.9309	0.8964
ENSG00000066044.15	ELAVL1	protein_coding	3589	1800	1847	43.7776	12.8231	12.3477
ENSG00000066056.14	TIE1	protein_coding	624	333	292	7.9031	2.3149	2.2291
ENSG00000066084.13	DIP2B	protein_coding	6744	3373	3373	55.3283	16.2065	15.6057
ENSG00000066117.15	SMARCD1	protein_coding	6706	3353	3354	116.1486	34.0217	32.7604
ENSG00000066135.13	KDM4A	protein_coding	1037	834	802	16.9874	4.9759	4.7914
ENSG00000066136.20	NFYC	protein_coding	2148	1210	1206	30.4523	8.9199	8.5892
ENSG00000066185.13	ZMYND12	protein_coding	514	262	265	20.0133	5.8622	5.6449
ENSG00000066230.12	SLC9A3	protein_coding	2	2	1	0.0295	0.0086	0.0083
ENSG00000066248.15	NGEF	protein_coding	19	10	9	0.3472	0.1017	0.0979
ENSG00000066279.18	ASPM	protein_coding	1189	612	577	9.2735	2.7164	2.6157
ENSG00000066294.15	CD84	protein_coding	605	276	329	5.5513	1.6260	1.5658
ENSG00000066322.15	ELOVL1	protein_coding	9522	4754	4768	322.6706	94.5153	91.0111
ENSG00000066336.12	SPI1	protein_coding	1283	653	632	53.4083	15.6441	15.0641
ENSG00000066379.15	POLR1H	protein_coding	149	172	165	3.4458	1.0093	0.9719
ENSG00000066382.16	MPPED2	protein_coding	221	119	102	2.2895	0.6706	0.6458
ENSG00000066405.13	CLDN18	protein_coding	10	3	7	0.2286	0.0670	0.0645
ENSG00000066422.5	ZBTB11	protein_coding	1324	767	753	15.9414	4.6695	4.4964
ENSG00000066427.24	ATXN3	protein_coding	701	374	327	6.1618	1.8049	1.7380
ENSG00000066455.13	GOLGA5	protein_coding	3299	1712	1587	87.4111	25.6041	24.6548
ENSG00000066468.23	FGFR2	protein_coding	7	2	5	0.0784	0.0230	0.0221
ENSG00000066557.6	LRRC40	protein_coding	694	347	347	20.7298	6.0721	5.8470
ENSG00000066583.12	ISOC1	protein_coding	585	288	297	25.5811	7.4931	7.2153
ENSG00000066629.18	EML1	protein_coding	796	403	394	7.5696	2.2173	2.1351
ENSG00000066651.20	TRMT11	protein_coding	188	90	98	2.7901	0.8173	0.7870
ENSG00000066654.14	THUMPD1	protein_coding	2017	1026	991	26.3474	7.7176	7.4314
ENSG00000066697.15	MSANTD3	protein_coding	439	222	217	11.3348	3.3201	3.1970
ENSG00000066735.14	KIF26A	protein_coding	223	106	119	2.8030	0.8211	0.7906
ENSG00000066739.12	ATG2B	protein_coding	1875	943	933	11.1690	3.2716	3.1503
ENSG00000066777.9	ARFGEF1	protein_coding	4822	2394	2495	37.0274	10.8459	10.4438
ENSG00000066813.14	ACSM2B	protein_coding	0	0	0	0.0000	0.0000	0.0000
ENSG00000066827.16	ZFAT	protein_coding	560	285	332	5.3433	1.5651	1.5071
ENSG00000066855.16	MTFR1	protein_coding	1924	1054	991	35.2964	10.3389	9.9556
ENSG00000066923.17	STAG3	protein_coding	53	86	74	0.5244	0.1536	0.1479
ENSG00000066926.12	FECH	protein_coding	863	421	442	8.3432	2.4438	2.3532
ENSG00000066933.16	MYO9A	protein_coding	2388	1368	1384	9.9798	2.9232	2.8149
ENSG00000067048.17	DDX3Y	protein_coding	397	211	186	5.8940	1.7264	1.6624
ENSG00000067057.18	PFKP	protein_coding	6850	3431	3420	75.2724	22.0485	21.2310
ENSG00000067064.11	IDI1	protein_coding	2532	1703	1745	49.4864	14.4954	13.9579
ENSG00000067066.17	SP100	protein_coding	6932	3482	3453	41.6491	12.1997	11.7474
ENSG00000067082.15	KLF6	protein_coding	7538	3760	3778	104.2727	30.5431	29.4107
ENSG00000067113.17	PLPP1	protein_coding	951	1005	924	41.7361	12.2252	11.7719
ENSG00000067141.17	NEO1	protein_coding	2655	1341	1316	27.7085	8.1162	7.8153
ENSG00000067167.8	TRAM1	protein_coding	20334	10177	10157	418.0035	122.4398	117.9003
ENSG00000067177.15	PHKA1	protein_coding	1025	516	509	13.7076	4.0152	3.8663
ENSG00000067182.8	TNFRSF1A	protein_coding	3975	1935	2040	84.2843	24.6882	23.7729
ENSG00000067191.16	CACNB1	protein_coding	180	116	96	2.1538	0.6309	0.6075
ENSG00000067208.14	EVI5	protein_coding	814	399	415	8.3525	2.4466	2.3559
ENSG00000067221.14	STOML1	protein_coding	1094	552	542	8.8834	2.6021	2.5056
ENSG00000067225.18	PKM	protein_coding	110007	55198	54817	1089.9362	319.2594	307.4229
ENSG00000067248.10	DHX29	protein_coding	2656	1377	1369	46.0680	13.4940	12.9937
ENSG00000067334.14	DNTTIP2	protein_coding	1657	797	860	18.7168	5.4825	5.2792
ENSG00000067365.15	METTL22	protein_coding	256	135	121	2.6338	0.7715	0.7429
ENSG00000067369.14	TP53BP1	protein_coding	5220	3901	3899	34.1619	10.0066	9.6356
ENSG00000067445.21	TRO	protein_coding	1058	557	502	13.3779	3.9186	3.7733
ENSG00000067533.6	RRP15	protein_coding	1921	909	1012	20.7099	6.0663	5.8414
ENSG00000067560.13	RHOA	protein_coding	14943	7926	7435	264.0929	77.3569	74.4889
ENSG00000067596.12	DHX8	protein_coding	3168	1736	1638	25.7714	7.5489	7.2690
ENSG00000067601.8	PMS2P4	transcribed_unprocessed_pseudogene	44	23	21	4.4271	1.2968	1.2487
ENSG00000067606.17	PRKCZ	protein_coding	724	866	838	7.9899	2.3404	2.2536
ENSG00000067646.12	ZFY	protein_coding	69	31	44	1.0544	0.3089	0.2974
ENSG00000067704.10	IARS2	protein_coding	10091	4952	5141	207.2387	60.7035	58.4529
ENSG00000067715.14	SYT1	protein_coding	8	5	3	0.1063	0.0311	0.0300
ENSG00000067798.16	NAV3	protein_coding	839	427	412	5.3659	1.5718	1.5135
ENSG00000067829.19	IDH3G	protein_coding	1684	942	895	52.6338	15.4173	14.8457
ENSG00000067836.13	ROGDI	protein_coding	206	98	108	4.8419	1.4183	1.3657
ENSG00000067840.12	PDZD4	protein_coding	48	26	23	0.9390	0.2750	0.2648
ENSG00000067842.17	ATP2B3	protein_coding	1	1	1	0.0113	0.0033	0.0032
ENSG00000067900.8	ROCK1	protein_coding	2244	1128	1116	17.2065	5.0400	4.8532
ENSG00000067955.15	CBFB	protein_coding	4024	2015	2009	73.4566	21.5166	20.7189
ENSG00000067992.16	PDK3	protein_coding	1941	1037	904	12.2042	3.5748	3.4423
ENSG00000068001.14	HYAL2	protein_coding	1662	806	856	31.9244	9.3512	9.0045
ENSG00000068024.17	HDAC4	protein_coding	1016	577	491	6.4498	1.8893	1.8192
ENSG00000068028.17	RASSF1	protein_coding	463	244	254	10.6756	3.1270	3.0111
ENSG00000068078.20	FGFR3	protein_coding	17	7	10	0.2978	0.0872	0.0840
ENSG00000068079.8	IFI35	protein_coding	7551	3855	3701	327.4945	95.9283	92.3718
ENSG00000068097.15	HEATR6	protein_coding	1083	564	519	13.0545	3.8239	3.6821
ENSG00000068120.15	COASY	protein_coding	3281	1666	1620	69.1032	20.2414	19.4910
ENSG00000068137.15	PLEKHH3	protein_coding	684	355	329	12.0936	3.5424	3.4111
ENSG00000068305.17	MEF2A	protein_coding	3361	2018	2076	41.2155	12.0727	11.6251
ENSG00000068308.14	OTUD5	protein_coding	2699	1329	1370	63.7376	18.6697	17.9776
ENSG00000068323.17	TFE3	protein_coding	2719	1354	1366	54.8844	16.0765	15.4805
ENSG00000068354.16	TBC1D25	protein_coding	1131	538	593	24.2171	7.0936	6.8306
ENSG00000068366.20	ACSL4	protein_coding	3831	1975	1856	49.6991	14.5576	14.0179
ENSG00000068383.19	INPP5A	protein_coding	1117	668	669	25.3694	7.4311	7.1556
ENSG00000068394.11	GPKOW	protein_coding	1210	601	609	61.9745	18.1533	17.4803
ENSG00000068400.13	GRIPAP1	protein_coding	2518	1299	1220	31.2571	9.1557	8.8162
ENSG00000068438.15	FTSJ1	protein_coding	1699	826	873	50.2367	14.7151	14.1696
ENSG00000068489.13	PRR11	protein_coding	1421	816	841	17.8959	5.2420	5.0476
ENSG00000068615.19	REEP1	protein_coding	24	11	13	0.3486	0.1021	0.0983
ENSG00000068650.18	ATP11A	protein_coding	1169	576	594	7.2287	2.1174	2.0389
ENSG00000068654.16	POLR1A	protein_coding	5613	2819	2796	35.2584	10.3277	9.9448
ENSG00000068697.7	LAPTM4A	protein_coding	12337	6122	6215	677.6608	198.4975	191.1382
ENSG00000068724.17	TTC7A	protein_coding	988	525	532	11.6854	3.4228	3.2959
ENSG00000068745.15	IP6K2	protein_coding	1049	504	546	15.8395	4.6396	4.4676
ENSG00000068781.21	STON1-GTF2A1L	protein_coding	0	0	0	0.0000	0.0000	0.0000
ENSG00000068784.13	SRBD1	protein_coding	1590	843	747	26.7638	7.8395	7.5489
ENSG00000068796.19	KIF2A	protein_coding	2155	1557	1690	14.0233	4.1076	3.9553
ENSG00000068831.19	RASGRP2	protein_coding	156	71	88	2.1774	0.6378	0.6142
ENSG00000068878.15	PSME4	protein_coding	3457	1790	1668	28.2496	8.2748	7.9680
ENSG00000068885.15	IFT80	protein_coding	662	344	331	7.9403	2.3258	2.2396
ENSG00000068903.20	SIRT2	protein_coding	3772	1836	1943	51.4653	15.0750	14.5161
ENSG00000068912.14	ERLEC1	protein_coding	4772	2280	2492	156.3427	45.7952	44.0974
ENSG00000068971.14	PPP2R5B	protein_coding	1645	836	813	41.5756	12.1782	11.7267
ENSG00000068976.14	PYGM	protein_coding	9	6	3	0.1641	0.0481	0.0463
ENSG00000068985.5	PAGE1	protein_coding	0	0	0	0.0000	0.0000	0.0000
ENSG00000069011.16	PITX1	protein_coding	0	0	0	0.0000	0.0000	0.0000
ENSG00000069018.19	TRPC7	protein_coding	0	0	0	0.0000	0.0000	0.0000
ENSG00000069020.18	MAST4	protein_coding	227	111	116	1.3136	0.3848	0.3705
ENSG00000069122.19	ADGRF5	protein_coding	672	329	343	8.6451	2.5323	2.4384
ENSG00000069188.17	SDK2	protein_coding	8	3	5	0.0568	0.0166	0.0160
ENSG00000069206.15	ADAM7	protein_coding	0	0	0	0.0000	0.0000	0.0000
ENSG00000069248.12	NUP133	protein_coding	2266	1139	1127	31.6444	9.2691	8.9255
ENSG00000069275.13	NUCKS1	protein_coding	13043	6592	6451	171.7503	50.3083	48.4432
ENSG00000069329.18	VPS35	protein_coding	6958	3489	3469	60.7086	17.7825	17.1232
ENSG00000069345.12	DNAJA2	protein_coding	3069	1518	1551	52.6400	15.4191	14.8474
ENSG00000069399.15	BCL3	protein_coding	1363	651	712	37.4100	10.9580	10.5517
ENSG00000069424.15	KCNAB2	protein_coding	11039	5564	5486	54.0964	15.8457	15.2582
ENSG00000069431.11	ABCC9	protein_coding	176	85	95	1.2867	0.3769	0.3629
ENSG00000069482.7	GAL	protein_coding	43	16	27	2.8089	0.8228	0.7923
ENSG00000069493.15	CLEC2D	protein_coding	675	319	356	8.2417	2.4141	2.3246
ENSG00000069509.6	FUNDC1	protein_coding	673	352	321	45.4666	13.3179	12.8241
ENSG00000069535.14	MAOB	protein_coding	228	125	103	6.6880	1.9590	1.8864
ENSG00000069667.16	RORA	protein_coding	417	243	222	2.0802	0.6093	0.5867
ENSG00000069696.7	DRD4	protein_coding	2	1	1	0.1132	0.0331	0.0319
ENSG00000069702.11	TGFBR3	protein_coding	1649	799	850	16.3267	4.7823	4.6050
ENSG00000069764.10	PLA2G10	protein_coding	10	7	3	1.1293	0.3308	0.3185
ENSG00000069812.11	HES2	protein_coding	6	4	2	0.0942	0.0276	0.0266
ENSG00000069849.11	ATP1B3	protein_coding	9176	4572	4606	297.7570	87.2177	83.9841
ENSG00000069869.16	NEDD4	protein_coding	1874	918	956	17.4458	5.1102	4.9207
ENSG00000069943.10	PIGB	protein_coding	540	605	651	10.0962	2.9573	2.8477
ENSG00000069956.12	MAPK6	protein_coding	2285	1124	1162	30.4477	8.9186	8.5880
ENSG00000069966.19	GNB5	protein_coding	867	624	633	5.5233	1.6179	1.5579
ENSG00000069974.16	RAB27A	protein_coding	10475	5140	5335	158.7617	46.5038	44.7797
ENSG00000069998.12	HDHD5	protein_coding	1244	635	610	21.4022	6.2690	6.0366
ENSG00000070010.19	UFD1	protein_coding	2687	2108	2074	26.1616	7.6631	7.3790
ENSG00000070018.9	LRP6	protein_coding	2105	1026	1079	17.2396	5.0498	4.8625
ENSG00000070019.5	GUCY2C	protein_coding	0	2	2	0.0000	0.0000	0.0000
ENSG00000070031.4	SCT	protein_coding	4	4	0	0.6458	0.1892	0.1821
ENSG00000070047.13	PHRF1	protein_coding	2015	1021	994	29.5790	8.6642	8.3429
ENSG00000070061.16	ELP1	protein_coding	2095	1062	1033	7.3331	2.1480	2.0683
ENSG00000070081.17	NUCB2	protein_coding	4544	2324	2364	42.7566	12.5241	12.0598
ENSG00000070087.14	PFN2	protein_coding	5248	2654	2594	120.1571	35.1959	33.8910
ENSG00000070159.14	PTPN3	protein_coding	38	19	19	0.3229	0.0946	0.0911
ENSG00000070182.21	SPTB	protein_coding	16	15	14	0.0918	0.0269	0.0259
ENSG00000070190.13	DAPP1	protein_coding	159	76	83	2.9417	0.8617	0.8297
ENSG00000070193.5	FGF10	protein_coding	9	6	5	0.1194	0.0350	0.0337
ENSG00000070214.16	SLC44A1	protein_coding	4234	2146	2088	29.5394	8.6525	8.3318
ENSG00000070269.14	TMEM260	protein_coding	952	633	597	10.0154	2.9337	2.8249
ENSG00000070366.14	SMG6	protein_coding	1348	1341	1297	10.8320	3.1729	3.0552
ENSG00000070367.16	EXOC5	protein_coding	5228	2637	2597	35.5969	10.4269	10.0403
ENSG00000070371.16	CLTCL1	protein_coding	72	48	34	0.6083	0.1782	0.1716
ENSG00000070388.11	FGF22	protein_coding	3	0	3	0.0917	0.0269	0.0259
ENSG00000070404.10	FSTL3	protein_coding	1223	560	663	34.2426	10.0302	9.6583
ENSG00000070413.20	DGCR2	protein_coding	8433	4233	4204	127.7670	37.4250	36.0374
ENSG00000070423.18	RNF126	protein_coding	936	488	449	23.0259	6.7447	6.4946
ENSG00000070444.15	MNT	protein_coding	1383	997	1049	13.4979	3.9537	3.8072
ENSG00000070476.15	ZXDC	protein_coding	865	444	421	10.0227	2.9358	2.8270
ENSG00000070495.15	JMJD6	protein_coding	1182	601	582	16.8162	4.9257	4.7431
ENSG00000070501.12	POLB	protein_coding	2504	1240	1264	51.7878	15.1695	14.6071
ENSG00000070526.15	ST6GALNAC1	protein_coding	13	7	6	0.3251	0.0952	0.0917
ENSG00000070540.13	WIPI1	protein_coding	5907	4492	4584	147.4067	43.1777	41.5769
ENSG00000070601.10	FRMPD1	protein_coding	5	3	2	0.0718	0.0210	0.0203
ENSG00000070610.14	GBA2	protein_coding	1013	570	521	17.9106	5.2463	5.0518
ENSG00000070614.15	NDST1	protein_coding	9479	4855	4652	84.6436	24.7934	23.8742
ENSG00000070669.17	ASNS	protein_coding	8	3	5	0.1388	0.0406	0.0391
ENSG00000070718.12	AP3M2	protein_coding	5382	2716	2666	72.8237	21.3312	20.5404
ENSG00000070729.14	CNGB1	protein_coding	0	0	0	0.0000	0.0000	0.0000
ENSG00000070731.11	ST6GALNAC2	protein_coding	1779	1095	1167	50.3243	14.7408	14.1943
ENSG00000070748.19	CHAT	protein_coding	0	0	0	0.0000	0.0000	0.0000
ENSG00000070756.17	PABPC1	protein_coding	49313	24510	24804	438.6845	128.4976	123.7335
ENSG00000070759.17	TESK2	protein_coding	753	409	428	19.2664	5.6434	5.4342
ENSG00000070761.8	CFAP20	protein_coding	1414	886	842	52.1623	15.2791	14.7127
ENSG00000070770.10	CSNK2A2	protein_coding	2035	1888	1873	16.6760	4.8847	4.7036
ENSG00000070778.13	PTPN21	protein_coding	778	444	410	8.6138	2.5231	2.4296
ENSG00000070785.17	EIF2B3	protein_coding	1316	673	647	32.7632	9.5969	9.2411
ENSG00000070808.16	CAMK2A	protein_coding	1019	556	539	14.0045	4.1021	3.9501
ENSG00000070814.22	TCOF1	protein_coding	5798	3134	3058	43.0430	12.6080	12.1405
ENSG00000070831.17	CDC42	protein_coding	8157	4083	4075	42.5541	12.4648	12.0026
ENSG00000070882.13	OSBPL3	protein_coding	3256	1666	1590	34.1823	10.0125	9.6413
ENSG00000070886.12	EPHA8	protein_coding	7	2	5	0.1094	0.0320	0.0309
ENSG00000070915.10	SLC12A3	protein_coding	8	2	6	0.1099	0.0322	0.0310
ENSG00000070950.10	RAD18	protein_coding	621	310	311	7.5509	2.2118	2.1298
ENSG00000070961.16	ATP2B1	protein_coding	2599	1300	1303	23.2324	6.8051	6.5528
ENSG00000070985.13	TRPM5	protein_coding	0	0	0	0.0000	0.0000	0.0000
ENSG00000071051.14	NCK2	protein_coding	3881	2365	2470	110.7819	32.4498	31.2467
ENSG00000071054.16	MAP4K4	protein_coding	4973	2506	2467	35.3072	10.3420	9.9586
ENSG00000071073.13	MGAT4A	protein_coding	1003	506	498	8.8393	2.5892	2.4932
ENSG00000071082.11	RPL31	protein_coding	13186	6657	6539	212.1965	62.1557	59.8513
ENSG00000071127.17	WDR1	protein_coding	16592	8514	8078	180.0179	52.7301	50.7751
ENSG00000071189.21	SNX13	protein_coding	1894	947	947	9.7965	2.8696	2.7632
ENSG00000071203.9	MS4A12	protein_coding	11	5	6	0.5080	0.1488	0.1433
ENSG00000071205.12	ARHGAP10	protein_coding	669	346	323	5.2824	1.5473	1.4899
ENSG00000071242.12	RPS6KA2	protein_coding	6964	3480	3484	71.6745	20.9946	20.2162
ENSG00000071243.16	ING3	protein_coding	435	221	214	7.1039	2.0809	2.0037
ENSG00000071246.11	VASH1	protein_coding	323	325	349	3.7975	1.1123	1.0711
ENSG00000071282.12	LMCD1	protein_coding	1485	779	707	13.9731	4.0929	3.9412
ENSG00000071462.12	BUD23	protein_coding	4322	2370	2222	46.2075	13.5349	13.0331
ENSG00000071537.14	SEL1L	protein_coding	23072	11385	11687	205.0963	60.0759	57.8486
ENSG00000071539.14	TRIP13	protein_coding	622	316	307	15.9146	4.6616	4.4888
ENSG00000071553.18	ATP6AP1	protein_coding	12863	6228	6639	192.2104	56.3014	54.2141
ENSG00000071564.17	TCF3	protein_coding	2132	1100	1035	29.7291	8.7081	8.3853
ENSG00000071575.11	TRIB2	protein_coding	4763	2358	2405	88.1596	25.8233	24.8659
ENSG00000071626.17	DAZAP1	protein_coding	2255	1142	1113	20.8125	6.0963	5.8703
ENSG00000071655.18	MBD3	protein_coding	1457	1060	980	15.6441	4.5824	4.4125
ENSG00000071677.1	PRLH	protein_coding	3	2	1	0.9650	0.2827	0.2722
ENSG00000071794.16	HLTF	protein_coding	3452	3101	3192	48.6629	14.2541	13.7257
ENSG00000071859.15	FAM50A	protein_coding	6241	3129	3113	207.6757	60.8315	58.5762
ENSG00000071889.17	FAM3A	protein_coding	1961	990	974	32.6656	9.5683	9.2135
ENSG00000071894.17	CPSF1	protein_coding	6440	3154	3297	90.2753	26.4430	25.4627
ENSG00000071909.19	MYO3B	protein_coding	235	127	108	2.4231	0.7098	0.6834
ENSG00000071967.12	CYBRD1	protein_coding	22456	11460	10996	368.7111	108.0012	103.9971
ENSG00000071991.9	CDH19	protein_coding	7790	3903	3887	96.3768	28.2303	27.1836
ENSG00000071994.11	PDCD2	protein_coding	1006	501	505	13.1918	3.8641	3.7208
ENSG00000072041.17	SLC6A15	protein_coding	1555	782	773	15.1314	4.4322	4.2679
ENSG00000072042.13	RDH11	protein_coding	5966	2976	2990	92.1490	26.9919	25.9912
ENSG00000072062.15	PRKACA	protein_coding	6121	2977	3147	66.9498	19.6106	18.8836
ENSG00000072071.16	ADGRL1	protein_coding	2088	1122	1170	20.8924	6.1197	5.8928
ENSG00000072080.11	SPP2	protein_coding	0	0	0	0.0000	0.0000	0.0000
ENSG00000072110.15	ACTN1	protein_coding	23212	11801	11414	185.2432	54.2607	52.2489
ENSG00000072121.17	ZFYVE26	protein_coding	4814	2411	2447	25.7370	7.5388	7.2593
ENSG00000072133.11	RPS6KA6	protein_coding	1	1	0	0.0097	0.0028	0.0027
ENSG00000072134.15	EPN2	protein_coding	1631	1665	1699	16.2622	4.7635	4.5869
ENSG00000072135.13	PTPN18	protein_coding	4063	2055	2008	60.1940	17.6318	16.9781
ENSG00000072163.20	LIMS2	protein_coding	1058	528	531	10.2904	3.0142	2.9025
ENSG00000072182.13	ASIC4	protein_coding	11	6	5	0.1779	0.0521	0.0502
ENSG00000072195.15	SPEG	protein_coding	14	7	7	0.0697	0.0204	0.0196
ENSG00000072201.14	LNX1	protein_coding	182	383	376	2.7481	0.8050	0.7751
ENSG00000072210.19	ALDH3A2	protein_coding	2884	1492	1392	15.9749	4.6793	4.5058
ENSG00000072274.13	TFRC	protein_coding	2909	1484	1429	31.6954	9.2841	8.9399
ENSG00000072310.17	SREBF1	protein_coding	4508	2685	2622	46.4420	13.6036	13.0992
ENSG00000072315.3	TRPC5	protein_coding	0	0	0	0.0000	0.0000	0.0000
ENSG00000072364.13	AFF4	protein_coding	9360	4652	4709	70.4597	20.6387	19.8736
ENSG00000072401.15	UBE2D1	protein_coding	940	484	456	22.9383	6.7190	6.4699
ENSG00000072415.10	MPP5	protein_coding	2660	1435	1415	15.2370	4.4632	4.2977
ENSG00000072422.17	RHOBTB1	protein_coding	716	356	360	12.7230	3.7268	3.5886
ENSG00000072501.19	SMC1A	protein_coding	4619	2293	2328	36.2186	10.6090	10.2157
ENSG00000072506.13	HSD17B10	protein_coding	3346	1660	1686	255.5250	74.8473	72.0723
ENSG00000072518.21	MARK2	protein_coding	1907	979	929	13.4852	3.9500	3.8036
ENSG00000072571.20	HMMR	protein_coding	785	427	446	16.9539	4.9660	4.7819
ENSG00000072609.18	CHFR	protein_coding	652	317	335	3.2354	0.9477	0.9126
ENSG00000072657.9	TRHDE	protein_coding	6	3	3	0.0415	0.0122	0.0117
ENSG00000072682.19	P4HA2	protein_coding	13045	7406	7282	111.1344	32.5530	31.3461
ENSG00000072694.21	FCGR2B	protein_coding	708	356	361	9.0398	2.6479	2.5497
ENSG00000072736.19	NFATC3	protein_coding	1148	877	907	11.0707	3.2428	3.1226
ENSG00000072756.17	TRNT1	protein_coding	339	254	268	4.9617	1.4534	1.3995
ENSG00000072778.20	ACADVL	protein_coding	12940	6535	6423	227.9814	66.7793	64.3035
ENSG00000072786.13	STK10	protein_coding	15212	7506	7707	144.9030	42.4443	40.8707
ENSG00000072803.17	FBXW11	protein_coding	4699	2392	2307	71.5512	20.9585	20.1814
ENSG00000072818.12	ACAP1	protein_coding	512	262	250	5.8597	1.7164	1.6528
ENSG00000072832.15	CRMP1	protein_coding	884	549	564	12.8302	3.7582	3.6188
ENSG00000072840.13	EVC	protein_coding	3515	1863	1879	41.7827	12.2388	11.7850
ENSG00000072849.11	DERL2	protein_coding	3530	1809	1784	46.9637	13.7564	13.2464
ENSG00000072858.11	SIDT1	protein_coding	90	43	47	0.9801	0.2871	0.2764
ENSG00000072864.16	NDE1	protein_coding	1893	1322	1267	19.5636	5.7305	5.5180
ENSG00000072952.19	IRAG1	protein_coding	194	97	103	2.1396	0.6267	0.6035
ENSG00000072954.7	TMEM38A	protein_coding	182	95	87	5.1743	1.5156	1.4594
ENSG00000072958.9	AP1M1	protein_coding	6073	2985	3089	36.5916	10.7183	10.3209
ENSG00000073008.15	PVR	protein_coding	3116	1548	1568	43.3933	12.7106	12.2393
ENSG00000073050.12	XRCC1	protein_coding	1654	962	1003	51.1688	14.9882	14.4325
ENSG00000073060.16	SCARB1	protein_coding	620	389	345	6.8015	1.9923	1.9184
ENSG00000073067.14	CYP2W1	protein_coding	0	0	0	0.0000	0.0000	0.0000
ENSG00000073111.14	MCM2	protein_coding	846	756	731	15.2371	4.4632	4.2977
ENSG00000073146.16	MOV10L1	protein_coding	5	3	2	0.0618	0.0181	0.0174
ENSG00000073150.14	PANX2	protein_coding	952	475	477	26.0536	7.6315	7.3486
ENSG00000073169.14	SELENOO	protein_coding	565	354	375	20.3047	5.9476	5.7271
ENSG00000073282.14	TP63	protein_coding	14	12	2	0.1590	0.0466	0.0448
ENSG00000073331.18	ALPK1	protein_coding	1962	1037	970	13.5173	3.9594	3.8126
ENSG00000073350.14	LLGL2	protein_coding	550	261	290	5.8831	1.7233	1.6594
ENSG00000073417.15	PDE8A	protein_coding	1887	938	949	20.0206	5.8643	5.6469
ENSG00000073464.13	CLCN4	protein_coding	26	11	15	0.2920	0.0855	0.0824
ENSG00000073536.18	NLE1	protein_coding	849	444	465	13.1685	3.8573	3.7142
ENSG00000073578.17	SDHA	protein_coding	113	58	55	1.0948	0.3207	0.3088
ENSG00000073584.20	SMARCE1	protein_coding	431	214	218	1.9816	0.5805	0.5589
ENSG00000073598.6	FNDC8	protein_coding	3	37	24	0.1884	0.0552	0.0531
ENSG00000073605.18	GSDMB	protein_coding	90	47	43	1.2943	0.3791	0.3651
ENSG00000073614.13	KDM5A	protein_coding	3006	1534	1492	21.2213	6.2160	5.9856
ENSG00000073670.14	ADAM11	protein_coding	478	238	240	8.4338	2.4704	2.3788
ENSG00000073711.11	PPP2R3A	protein_coding	2302	1178	1191	25.1107	7.3553	7.0826
ENSG00000073712.15	FERMT2	protein_coding	2127	1058	1070	21.3430	6.2517	6.0199
ENSG00000073734.10	ABCB11	protein_coding	0	0	0	0.0000	0.0000	0.0000
ENSG00000073737.17	DHRS9	protein_coding	30	17	13	0.6794	0.1990	0.1916
ENSG00000073754.6	CD5L	protein_coding	496	250	246	17.0598	4.9971	4.8118
ENSG00000073756.12	PTGS2	protein_coding	99	49	50	1.5968	0.4677	0.4504
ENSG00000073792.16	IGF2BP2	protein_coding	1862	904	958	29.6664	8.6898	8.3676
ENSG00000073803.14	MAP3K13	protein_coding	1196	615	642	8.0581	2.3604	2.2728
ENSG00000073849.16	ST6GAL1	protein_coding	6311	3124	3192	48.1002	14.0893	13.5670
ENSG00000073861.3	TBX21	protein_coding	114	63	51	3.6880	1.0803	1.0402
ENSG00000073905.8	VDAC1P1	processed_pseudogene	16	6	10	1.6023	0.4693	0.4519
ENSG00000073910.22	FRY	protein_coding	915	461	454	4.1217	1.2073	1.1625
ENSG00000073921.18	PICALM	protein_coding	6855	3406	3449	91.7896	26.8866	25.8898
ENSG00000073969.18	NSF	protein_coding	2998	1475	1523	50.8674	14.8999	14.3475
ENSG00000074047.22	GLI2	protein_coding	50	25	25	0.5500	0.1611	0.1551
ENSG00000074054.20	CLASP1	protein_coding	5725	2874	2892	44.4356	13.0159	12.5333
ENSG00000074071.15	MRPS34	protein_coding	2105	1237	1220	163.6974	47.9495	46.1718
ENSG00000074181.9	NOTCH3	protein_coding	3347	1666	1683	30.2114	8.8494	8.5213
ENSG00000074201.9	CLNS1A	protein_coding	1354	683	671	25.0998	7.3521	7.0796
ENSG00000074211.14	PPP2R2C	protein_coding	1	0	1	0.0091	0.0027	0.0026
ENSG00000074219.14	TEAD2	protein_coding	894	591	660	25.4761	7.4624	7.1857
ENSG00000074266.22	EED	protein_coding	586	305	281	7.3106	2.1414	2.0620
ENSG00000074276.10	CDHR2	protein_coding	87	199	177	1.3815	0.4047	0.3897
ENSG00000074317.11	SNCB	protein_coding	1	0	1	0.0423	0.0124	0.0119
ENSG00000074319.13	TSG101	protein_coding	2059	1029	1034	49.1431	14.3948	13.8611
ENSG00000074356.17	NCBP3	protein_coding	2026	1021	1005	11.6881	3.4236	3.2967
ENSG00000074370.18	ATP2A3	protein_coding	1266	650	617	15.5969	4.5686	4.3992
ENSG00000074410.14	CA12	protein_coding	1751	904	847	21.2483	6.2240	5.9932
ENSG00000074416.14	MGLL	protein_coding	11551	5726	5829	82.7847	24.2489	23.3499
ENSG00000074527.13	NTN4	protein_coding	165	97	68	3.2101	0.9403	0.9054
ENSG00000074582.15	BCS1L	protein_coding	1217	645	630	30.5854	8.9590	8.6268
ENSG00000074590.13	NUAK1	protein_coding	537	295	242	6.5072	1.9061	1.8354
ENSG00000074603.19	DPP8	protein_coding	1977	985	992	16.4418	4.8161	4.6375
ENSG00000074621.14	SLC24A1	protein_coding	785	493	459	7.3385	2.1495	2.0699
ENSG00000074657.14	ZNF532	protein_coding	1761	865	896	12.7229	3.7267	3.5886
ENSG00000074660.16	SCARF1	protein_coding	182	90	92	3.1173	0.9131	0.8792
ENSG00000074695.6	LMAN1	protein_coding	4819	2436	2383	67.4187	19.7480	19.0158
ENSG00000074696.13	HACD3	protein_coding	9677	4852	4827	115.8409	33.9316	32.6736
ENSG00000074706.13	IPCEF1	protein_coding	92	55	37	0.9220	0.2701	0.2600
ENSG00000074755.15	ZZEF1	protein_coding	4079	2023	2057	21.8020	6.3862	6.1494
ENSG00000074771.4	NOX3	protein_coding	0	0	0	0.0000	0.0000	0.0000
ENSG00000074800.16	ENO1	protein_coding	49046	25105	23943	798.5062	233.8950	225.2234
ENSG00000074803.20	SLC12A1	protein_coding	2	1	1	0.0132	0.0039	0.0037
ENSG00000074842.8	MYDGF	protein_coding	7376	3785	3596	375.0738	109.8650	105.7918
ENSG00000074855.11	ANO8	protein_coding	427	226	230	7.2450	2.1222	2.0435
ENSG00000074935.14	TUBE1	protein_coding	243	128	115	2.9118	0.8529	0.8213
ENSG00000074964.17	ARHGEF10L	protein_coding	1336	636	701	14.2637	4.1781	4.0232
ENSG00000074966.11	TXK	protein_coding	31	15	16	0.7595	0.2225	0.2142
ENSG00000075035.10	WSCD2	protein_coding	2	0	2	0.0252	0.0074	0.0071
ENSG00000075043.19	KCNQ2	protein_coding	5	3	3	0.0332	0.0097	0.0094
ENSG00000075073.15	TACR2	protein_coding	60	24	36	1.7437	0.5108	0.4918
ENSG00000075089.9	ACTR6	protein_coding	507	237	270	11.2915	3.3075	3.1848
ENSG00000075131.10	TIPIN	protein_coding	545	270	275	16.8973	4.9495	4.7660
ENSG00000075142.14	SRI	protein_coding	2840	1729	1749	57.0691	16.7164	16.0967
ENSG00000075151.21	EIF4G3	protein_coding	7642	3804	3839	67.6284	19.8094	19.0750
ENSG00000075188.9	NUP37	protein_coding	397	229	261	9.6655	2.8312	2.7262
ENSG00000075213.11	SEMA3A	protein_coding	4774	2432	2342	43.7855	12.8255	12.3500
ENSG00000075218.19	GTSE1	protein_coding	811	427	384	16.7446	4.9048	4.7229
ENSG00000075223.14	SEMA3C	protein_coding	7411	3676	3737	103.1714	30.2205	29.1001
ENSG00000075234.17	TTC38	protein_coding	1774	887	888	42.1042	12.3330	11.8757
ENSG00000075239.14	ACAT1	protein_coding	1409	1007	957	20.3873	5.9718	5.7504
ENSG00000075240.17	GRAMD4	protein_coding	5874	2895	2980	101.7798	29.8129	28.7076
ENSG00000075275.18	CELSR1	protein_coding	7568	3775	3799	40.0547	11.7327	11.2977
ENSG00000075290.8	WNT8B	protein_coding	1	1	0	0.0396	0.0116	0.0112
ENSG00000075292.19	ZNF638	protein_coding	4417	2347	2072	30.0700	8.8080	8.4814
ENSG00000075303.13	SLC25A40	protein_coding	1467	766	743	24.5040	7.1776	6.9115
ENSG00000075336.12	TIMM21	protein_coding	398	186	212	6.5034	1.9050	1.8343
ENSG00000075340.23	ADD2	protein_coding	49	21	28	0.3283	0.0962	0.0926
ENSG00000075388.4	FGF4	protein_coding	0	0	0	0.0000	0.0000	0.0000
ENSG00000075391.17	RASAL2	protein_coding	3979	1990	2001	21.0123	6.1548	5.9266
ENSG00000075399.14	VPS9D1	protein_coding	712	518	522	18.1028	5.3026	5.1060
ENSG00000075407.18	ZNF37A	protein_coding	1222	635	587	7.8675	2.3045	2.2191
ENSG00000075413.19	MARK3	protein_coding	2698	1361	1337	10.6417	3.1171	3.0015
ENSG00000075415.13	SLC25A3	protein_coding	8719	4433	4286	83.2308	24.3796	23.4757
ENSG00000075420.13	FNDC3B	protein_coding	6923	3471	3452	44.1237	12.9245	12.4454
ENSG00000075426.12	FOSL2	protein_coding	2936	1437	1499	34.8124	10.1971	9.8190
ENSG00000075429.9	CACNG5	protein_coding	4	1	3	0.0321	0.0094	0.0091
ENSG00000075461.6	CACNG4	protein_coding	0	0	0	0.0000	0.0000	0.0000
ENSG00000075539.15	FRYL	protein_coding	2577	1280	1297	12.0473	3.5289	3.3980
ENSG00000075568.17	TMEM131	protein_coding	7211	3503	3709	46.9530	13.7533	13.2434
ENSG00000075618.18	FSCN1	protein_coding	6021	3108	2917	138.2282	40.4892	38.9881
ENSG00000075624.17	ACTB	protein_coding	220821	112437	108406	4257.0302	1246.9509	1200.7203
ENSG00000075643.6	MOCOS	protein_coding	1553	755	799	20.9236	6.1289	5.9016
ENSG00000075651.16	PLD1	protein_coding	1615	769	846	10.6646	3.1238	3.0080
ENSG00000075673.12	ATP12A	protein_coding	2	1	1	0.0384	0.0112	0.0108
ENSG00000075702.18	WDR62	protein_coding	642	319	323	5.5552	1.6272	1.5669
ENSG00000075711.21	DLG1	protein_coding	2268	1135	1152	11.6360	3.4084	3.2820
ENSG00000075785.14	RAB7A	protein_coding	26080	12951	13129	307.8573	90.1762	86.8330
ENSG00000075790.12	BCAP29	protein_coding	62	30	32	0.9360	0.2742	0.2640
ENSG00000075826.17	SEC31B	protein_coding	75	42	33	0.8028	0.2351	0.2264
ENSG00000075856.12	SART3	protein_coding	1394	849	845	15.5007	4.5404	4.3721
ENSG00000075884.14	ARHGAP15	protein_coding	328	179	149	4.5461	1.3316	1.2823
ENSG00000075886.11	TUBA3D	protein_coding	4	3	1	0.2161	0.0633	0.0609
ENSG00000075891.22	PAX2	protein_coding	1	1	0	0.0133	0.0039	0.0038
ENSG00000075914.13	EXOSC7	protein_coding	355	184	171	6.8067	1.9938	1.9199
ENSG00000075945.13	KIFAP3	protein_coding	2722	1415	1469	46.4350	13.6015	13.0973
ENSG00000075975.17	MKRN2	protein_coding	776	1047	1067	6.7360	1.9731	1.8999
ENSG00000076003.5	MCM6	protein_coding	3008	1511	1497	61.7753	18.0949	17.4241
ENSG00000076043.11	REXO2	protein_coding	1046	535	511	24.3361	7.1284	6.8641
ENSG00000076053.12	RBM7	protein_coding	351	233	271	3.7802	1.1073	1.0662
ENSG00000076067.13	RBMS2	protein_coding	1800	1075	1009	17.1479	5.0229	4.8367
ENSG00000076108.12	BAZ2A	protein_coding	6406	3314	3375	49.7440	14.5708	14.0306
ENSG00000076201.15	PTPN23	protein_coding	3853	1949	1906	54.7613	16.0404	15.4457
ENSG00000076242.16	MLH1	protein_coding	1361	687	675	14.5015	4.2477	4.0902
ENSG00000076248.11	UNG	protein_coding	1031	521	511	34.4155	10.0808	9.7071
ENSG00000076258.10	FMO4	protein_coding	654	345	309	21.8481	6.3997	6.1624
ENSG00000076321.11	KLHL20	protein_coding	1199	584	615	23.9914	7.0275	6.7669
ENSG00000076344.16	RGS11	protein_coding	227	185	198	4.0177	1.1768	1.1332
ENSG00000076351.13	SLC46A1	protein_coding	528	1358	1324	5.6372	1.6512	1.5900
ENSG00000076356.7	PLXNA2	protein_coding	1140	597	543	6.9924	2.0482	1.9722
ENSG00000076382.17	SPAG5	protein_coding	1076	576	569	17.5114	5.1294	4.9392
ENSG00000076513.17	ANKRD13A	protein_coding	1012	651	637	11.6924	3.4249	3.2979
ENSG00000076554.15	TPD52	protein_coding	3734	1891	1844	38.6840	11.3312	10.9111
ENSG00000076555.15	ACACB	protein_coding	484	234	251	2.8336	0.8300	0.7992
ENSG00000076604.15	TRAF4	protein_coding	1696	1023	1089	31.4947	9.2253	8.8833
ENSG00000076641.4	PAG1	protein_coding	3504	1757	1747	26.9946	7.9071	7.6140
ENSG00000076650.7	GPATCH1	protein_coding	632	341	291	12.0093	3.5177	3.3873
ENSG00000076662.10	ICAM3	protein_coding	54	669	658	1.6448	0.4818	0.4639
ENSG00000076685.19	NT5C2	protein_coding	668	937	885	6.2085	1.8186	1.7511
ENSG00000076706.17	MCAM	protein_coding	59120	29595	29540	676.4345	198.1383	190.7923
ENSG00000076716.9	GPC4	protein_coding	140	78	62	2.3974	0.7022	0.6762
ENSG00000076770.14	MBNL3	protein_coding	884	440	444	6.1538	1.8025	1.7357
ENSG00000076826.10	CAMSAP3	protein_coding	4	2	2	0.0695	0.0204	0.0196
ENSG00000076864.19	RAP1GAP	protein_coding	928	460	468	13.6935	4.0110	3.8623
ENSG00000076924.12	XAB2	protein_coding	2833	1403	1431	51.7042	15.1450	14.5835
ENSG00000076928.18	ARHGEF1	protein_coding	3319	1638	1681	32.6822	9.5731	9.2182
ENSG00000076944.16	STXBP2	protein_coding	1005	492	515	14.1393	4.1416	3.9881
ENSG00000076984.18	MAP2K7	protein_coding	1260	735	753	20.7968	6.0917	5.8659
ENSG00000077009.13	NMRK2	protein_coding	1	1	0	0.0744	0.0218	0.0210
ENSG00000077044.11	DGKD	protein_coding	816	402	414	7.0825	2.0746	1.9977
ENSG00000077063.11	CTTNBP2	protein_coding	376	201	175	4.5817	1.3421	1.2923
ENSG00000077080.10	ACTL6B	protein_coding	0	0	0	0.0000	0.0000	0.0000
ENSG00000077092.19	RARB	protein_coding	88	47	41	2.0214	0.5921	0.5701
ENSG00000077097.15	TOP2B	protein_coding	4084	2028	2056	57.3817	16.8080	16.1849
ENSG00000077147.16	TM9SF3	protein_coding	10016	5105	4911	113.4992	33.2457	32.0131
ENSG00000077150.20	NFKB2	protein_coding	6446	3274	3172	116.1216	34.0138	32.7528
ENSG00000077152.11	UBE2T	protein_coding	702	365	337	36.0860	10.5702	10.1783
ENSG00000077157.22	PPP1R12B	protein_coding	783	372	412	3.1559	0.9244	0.8902
ENSG00000077232.18	DNAJC10	protein_coding	7915	3845	4070	30.7295	9.0011	8.6674
ENSG00000077235.18	GTF3C1	protein_coding	7290	3616	3674	53.5435	15.6837	15.1023
ENSG00000077238.14	IL4R	protein_coding	1356	654	721	19.5704	5.7325	5.5199
ENSG00000077254.14	USP33	protein_coding	2867	1435	1432	35.1933	10.3087	9.9265
ENSG00000077264.15	PAK3	protein_coding	16	8	8	0.1301	0.0381	0.0367
ENSG00000077274.9	CAPN6	protein_coding	4	4	0	0.0962	0.0282	0.0271
ENSG00000077279.19	DCX	protein_coding	6	2	4	0.0499	0.0146	0.0141
ENSG00000077312.9	SNRPA	protein_coding	1750	1086	1075	63.1580	18.5000	17.8141
ENSG00000077327.16	SPAG6	protein_coding	1	0	1	0.0219	0.0064	0.0062
ENSG00000077348.9	EXOSC5	protein_coding	1196	576	621	74.2433	21.7470	20.9408
ENSG00000077380.16	DYNC1I2	protein_coding	3393	1687	1706	44.7902	13.1197	12.6333
ENSG00000077420.16	APBB1IP	protein_coding	623	318	305	13.7667	4.0325	3.8830
ENSG00000077454.16	LRCH4	protein_coding	737	374	363	8.7939	2.5759	2.4804
ENSG00000077458.13	FAM76B	protein_coding	299	153	146	4.2101	1.2332	1.1875
ENSG00000077463.15	SIRT6	protein_coding	855	419	437	26.4121	7.7365	7.4497
ENSG00000077498.9	TYR	protein_coding	33775	16903	16872	1106.1273	324.0020	311.9897
ENSG00000077514.9	POLD3	protein_coding	954	473	481	14.7272	4.3138	4.1539
ENSG00000077522.14	ACTN2	protein_coding	4	3	1	0.0560	0.0164	0.0158
ENSG00000077549.19	CAPZB	protein_coding	8955	4489	4473	39.8273	11.6660	11.2335
ENSG00000077585.14	GPR137B	protein_coding	8389	4276	4117	308.7983	90.4519	87.0984
ENSG00000077616.11	NAALAD2	protein_coding	21	9	12	0.2488	0.0729	0.0702
ENSG00000077684.16	JADE1	protein_coding	2014	1221	1280	18.8941	5.5344	5.3292
ENSG00000077713.19	SLC25A43	protein_coding	1433	724	709	42.8640	12.5555	12.0901
ENSG00000077721.16	UBE2A	protein_coding	3192	1743	1783	52.0580	15.2486	14.6833
ENSG00000077782.21	FGFR1	protein_coding	1852	955	981	10.7405	3.1461	3.0294
ENSG00000077800.13	FKBP6	protein_coding	1	0	1	0.0179	0.0052	0.0050
ENSG00000077935.17	SMC1B	protein_coding	367	185	183	7.3280	2.1465	2.0669
ENSG00000077942.19	FBLN1	protein_coding	6826	3498	3330	79.5699	23.3073	22.4432
ENSG00000077943.8	ITGA8	protein_coding	67	28	39	0.7773	0.2277	0.2192
ENSG00000077984.6	CST7	protein_coding	373	183	190	35.5503	10.4132	10.0272
ENSG00000078018.20	MAP2	protein_coding	8469	4262	4207	60.9381	17.8497	17.1879
ENSG00000078043.16	PIAS2	protein_coding	852	413	439	4.1262	1.2086	1.1638
ENSG00000078053.17	AMPH	protein_coding	41	23	18	0.6343	0.1858	0.1789
ENSG00000078061.13	ARAF	protein_coding	3331	1688	1686	80.0198	23.4391	22.5701
ENSG00000078070.13	MCCC1	protein_coding	1396	814	780	27.4992	8.0549	7.7563
ENSG00000078081.8	LAMP3	protein_coding	683	348	335	15.3238	4.4886	4.3222
ENSG00000078098.14	FAP	protein_coding	930	708	738	11.3341	3.3199	3.1968
ENSG00000078114.19	NEBL	protein_coding	35	15	20	0.1669	0.0489	0.0471
ENSG00000078124.12	ACER3	protein_coding	3558	1833	1783	35.7909	10.4837	10.0950
ENSG00000078140.14	UBE2K	protein_coding	3297	1689	1608	54.0507	15.8323	15.2453
ENSG00000078142.13	PIK3C3	protein_coding	1233	614	619	6.9022	2.0218	1.9468
ENSG00000078177.14	N4BP2	protein_coding	391	202	191	3.3844	0.9913	0.9546
ENSG00000078237.7	TIGAR	protein_coding	978	502	476	8.7942	2.5760	2.4804
ENSG00000078246.17	TULP3	protein_coding	2482	1219	1263	66.3015	19.4208	18.7007
ENSG00000078269.15	SYNJ2	protein_coding	522	256	266	3.5415	1.0373	0.9989
ENSG00000078295.17	ADCY2	protein_coding	4263	2116	2210	20.5597	6.0223	5.7990
ENSG00000078304.19	PPP2R5C	protein_coding	6500	3251	3249	38.6299	11.3153	10.8958
ENSG00000078319.10	PMS2P1	transcribed_unprocessed_pseudogene	334	283	332	4.8451	1.4192	1.3666
ENSG00000078328.22	RBFOX1	protein_coding	3	1	2	0.0162	0.0047	0.0046
ENSG00000078369.18	GNB1	protein_coding	19880	9953	9929	263.0853	77.0618	74.2048
ENSG00000078399.19	HOXA9	protein_coding	7	5	3	0.1960	0.0574	0.0553
ENSG00000078401.7	EDN1	protein_coding	56	27	29	2.3369	0.6845	0.6591
ENSG00000078403.17	MLLT10	protein_coding	993	514	480	9.2361	2.7054	2.6051
ENSG00000078487.17	ZCWPW1	protein_coding	260	137	170	6.6544	1.9492	1.8769
ENSG00000078549.15	ADCYAP1R1	protein_coding	4	0	4	0.0486	0.0142	0.0137
ENSG00000078579.9	FGF20	protein_coding	0	0	0	0.0000	0.0000	0.0000
ENSG00000078589.13	P2RY10	protein_coding	201	97	104	4.7732	1.3981	1.3463
ENSG00000078596.11	ITM2A	protein_coding	620	305	316	25.6707	7.5194	7.2406
ENSG00000078618.22	NRDC	protein_coding	6694	3914	3835	83.9299	24.5844	23.6729
ENSG00000078668.14	VDAC3	protein_coding	5772	2877	2896	154.0902	45.1354	43.4620
ENSG00000078674.18	PCM1	protein_coding	9739	4801	4939	66.2905	19.4175	18.6976
ENSG00000078687.17	TNRC6C	protein_coding	1364	771	667	10.4249	3.0536	2.9404
ENSG00000078699.22	CBFA2T2	protein_coding	1147	587	560	10.2996	3.0169	2.9051
ENSG00000078725.13	BRINP1	protein_coding	2	2	0	0.0438	0.0128	0.0124
ENSG00000078747.16	ITCH	protein_coding	2938	1475	1464	23.4511	6.8692	6.6145
ENSG00000078795.17	PKD2L2	protein_coding	12	132	145	0.2190	0.0642	0.0618
ENSG00000078804.13	TP53INP2	protein_coding	3064	1600	1466	62.2628	18.2378	17.5616
ENSG00000078808.19	SDF4	protein_coding	9590	4631	4962	171.6668	50.2839	48.4196
ENSG00000078814.17	MYH7B	protein_coding	31	41	34	0.3192	0.0935	0.0900
ENSG00000078898.7	BPIFB2	protein_coding	0	0	0	0.0000	0.0000	0.0000
ENSG00000078900.15	TP73	protein_coding	21	13	15	0.2635	0.0772	0.0743
ENSG00000078902.16	TOLLIP	protein_coding	3170	1583	1588	44.9938	13.1794	12.6908
ENSG00000078967.13	UBE2D4	protein_coding	417	384	343	7.5105	2.1999	2.1184
ENSG00000079101.16	CLUL1	protein_coding	7	11	10	0.1546	0.0453	0.0436
ENSG00000079102.16	RUNX1T1	protein_coding	81	38	46	0.5082	0.1489	0.1433
ENSG00000079112.10	CDH17	protein_coding	13	7	6	0.2847	0.0834	0.0803
ENSG00000079134.12	THOC1	protein_coding	513	290	298	5.3770	1.5750	1.5166
ENSG00000079150.18	FKBP7	protein_coding	2319	1129	1191	63.9385	18.7286	18.0342
ENSG00000079156.17	OSBPL6	protein_coding	29	17	12	0.2144	0.0628	0.0605
ENSG00000079215.14	SLC1A3	protein_coding	324	158	166	4.3917	1.2864	1.2387
ENSG00000079246.16	XRCC5	protein_coding	18039	9009	9033	280.4100	82.1365	79.0913
ENSG00000079257.8	LXN	protein_coding	1107	645	689	64.4324	18.8733	18.1735
ENSG00000079263.19	SP140	protein_coding	195	94	103	2.9666	0.8690	0.8367
ENSG00000079277.22	MKNK1	protein_coding	809	461	502	8.5120	2.4933	2.4009
ENSG00000079308.19	TNS1	protein_coding	24798	12353	12481	129.3445	37.8870	36.4824
ENSG00000079313.15	REXO1	protein_coding	1320	820	829	20.0923	5.8854	5.6672
ENSG00000079332.15	SAR1A	protein_coding	6027	3059	2968	74.0260	21.6834	20.8795
ENSG00000079335.20	CDC14A	protein_coding	167	88	101	2.1785	0.6381	0.6144
ENSG00000079337.16	RAPGEF3	protein_coding	181	112	113	1.2697	0.3719	0.3581
ENSG00000079385.23	CEACAM1	protein_coding	3291	1864	2035	50.5651	14.8113	14.2622
ENSG00000079387.14	SENP1	protein_coding	963	530	505	13.3756	3.9179	3.7727
ENSG00000079393.20	DUSP13	protein_coding	0	0	0	0.0000	0.0000	0.0000
ENSG00000079432.7	CIC	protein_coding	6559	3246	3315	58.6679	17.1848	16.5476
ENSG00000079435.10	LIPE	protein_coding	168	114	106	2.7643	0.8097	0.7797
ENSG00000079459.13	FDFT1	protein_coding	8961	4459	4520	146.4253	42.8903	41.3001
ENSG00000079462.8	PAFAH1B3	protein_coding	608	510	515	36.3859	10.6580	10.2629
ENSG00000079482.13	OPHN1	protein_coding	3616	1860	1756	37.9617	11.1196	10.7073
ENSG00000079557.5	AFM	protein_coding	0	0	0	0.0000	0.0000	0.0000
ENSG00000079616.13	KIF22	protein_coding	1059	737	686	20.8608	6.1104	5.8839
ENSG00000079689.14	SCGN	protein_coding	0	0	0	0.0000	0.0000	0.0000
ENSG00000079691.18	CARMIL1	protein_coding	1524	760	767	18.8850	5.5317	5.3266
ENSG00000079739.17	PGM1	protein_coding	5901	3235	3289	122.9128	36.0031	34.6683
ENSG00000079785.16	DDX1	protein_coding	6138	3059	3079	51.4807	15.0795	14.5204
ENSG00000079805.18	DNM2	protein_coding	7048	4045	4018	44.5227	13.0414	12.5579
ENSG00000079819.19	EPB41L2	protein_coding	2022	987	1035	16.6385	4.8737	4.6930
ENSG00000079841.18	RIMS1	protein_coding	0	0	0	0.0000	0.0000	0.0000
ENSG00000079931.15	MOXD1	protein_coding	138	68	70	2.2437	0.6572	0.6329
ENSG00000079950.14	STX7	protein_coding	8688	4422	4266	45.0228	13.1879	12.6989
ENSG00000079974.18	RABL2B	protein_coding	388	368	407	5.6141	1.6445	1.5835
ENSG00000079999.14	KEAP1	protein_coding	4090	2057	2033	97.2081	28.4738	27.4181
ENSG00000080007.8	DDX43	protein_coding	7	5	4	0.2182	0.0639	0.0616
ENSG00000080031.10	PTPRH	protein_coding	769	398	372	15.0296	4.4024	4.2392
ENSG00000080166.16	DCT	protein_coding	16672	8518	8154	187.7710	55.0011	52.9619
ENSG00000080189.15	SLC35C2	protein_coding	2101	1047	1055	23.1471	6.7801	6.5288
ENSG00000080200.10	CRYBG3	protein_coding	1211	1325	1353	9.3669	2.7437	2.6420
ENSG00000080224.17	EPHA6	protein_coding	0	0	0	0.0000	0.0000	0.0000
ENSG00000080293.10	SCTR	protein_coding	1	0	1	0.0249	0.0073	0.0070
ENSG00000080298.15	RFX3	protein_coding	207	106	101	1.5739	0.4610	0.4439
ENSG00000080345.18	RIF1	protein_coding	3150	1580	1576	14.7253	4.3133	4.1534
ENSG00000080371.6	RAB21	protein_coding	3712	1855	1868	19.6426	5.7536	5.5403
ENSG00000080493.18	SLC4A4	protein_coding	3640	1834	1806	33.7715	9.8922	9.5254
ENSG00000080503.24	SMARCA2	protein_coding	2814	1409	1437	12.8511	3.7643	3.6247
ENSG00000080511.5	RDH8	protein_coding	4	4	1	0.1698	0.0497	0.0479
ENSG00000080546.13	SESN1	protein_coding	711	407	426	11.7904	3.4536	3.3255
ENSG00000080561.14	MID2	protein_coding	84	46	38	0.9443	0.2766	0.2663
ENSG00000080572.13	DNAAF6	protein_coding	0	0	0	0.0000	0.0000	0.0000
ENSG00000080573.7	COL5A3	protein_coding	1264	664	654	15.8248	4.6353	4.4635
ENSG00000080603.17	SRCAP	protein_coding	154	99	94	0.9585	0.2808	0.2704
ENSG00000080608.10	PUM3	protein_coding	997	504	493	32.9054	9.6385	9.2812
ENSG00000080618.17	CPB2	protein_coding	17	8	14	0.2155	0.0631	0.0608
ENSG00000080644.16	CHRNA3	protein_coding	7	7	6	0.1249	0.0366	0.0352
ENSG00000080709.16	KCNN2	protein_coding	16	5	13	0.2225	0.0652	0.0627
ENSG00000080802.19	CNOT4	protein_coding	2074	1037	1038	25.1643	7.3710	7.0977
ENSG00000080815.19	PSEN1	protein_coding	3310	1653	1657	28.2584	8.2773	7.9705
ENSG00000080819.9	CPOX	protein_coding	2554	1274	1280	68.7003	20.1234	19.3773
ENSG00000080822.17	CLDND1	protein_coding	2479	1184	1296	40.4065	11.8357	11.3969
ENSG00000080823.23	MOK	protein_coding	2553	1292	1302	19.7344	5.7805	5.5662
ENSG00000080824.19	HSP90AA1	protein_coding	78115	38665	39472	1301.4637	381.2191	367.0855
ENSG00000080839.12	RBL1	protein_coding	1017	485	548	14.5004	4.2474	4.0899
ENSG00000080845.18	DLGAP4	protein_coding	7233	4836	4905	69.9180	20.4801	19.7208
ENSG00000080854.16	IGSF9B	protein_coding	10	4	6	0.0475	0.0139	0.0134
ENSG00000080910.13	CFHR2	protein_coding	0	0	0	0.0000	0.0000	0.0000
ENSG00000080947.15	CROCCP3	transcribed_unprocessed_pseudogene	73	43	36	0.8978	0.2630	0.2532
ENSG00000080986.13	NDC80	protein_coding	238	114	124	5.6869	1.6658	1.6040
ENSG00000081014.11	AP4E1	protein_coding	1080	537	543	12.4713	3.6530	3.5176
ENSG00000081019.13	RSBN1	protein_coding	538	258	280	6.7000	1.9625	1.8898
ENSG00000081026.19	MAGI3	protein_coding	697	359	338	7.0347	2.0606	1.9842
ENSG00000081041.9	CXCL2	protein_coding	4	4	0	0.2430	0.0712	0.0685
ENSG00000081051.8	AFP	protein_coding	0	0	0	0.0000	0.0000	0.0000
ENSG00000081052.13	COL4A4	protein_coding	48	27	21	0.4059	0.1189	0.1145
ENSG00000081059.20	TCF7	protein_coding	862	444	430	7.2527	2.1244	2.0457
ENSG00000081087.15	OSTM1	protein_coding	7233	3732	3501	115.3483	33.7873	32.5347
ENSG00000081138.14	CDH7	protein_coding	0	0	0	0.0000	0.0000	0.0000
ENSG00000081148.12	IMPG2	protein_coding	4	3	1	0.0407	0.0119	0.0115
ENSG00000081154.12	PCNP	protein_coding	4017	1975	2045	112.0281	32.8148	31.5982
ENSG00000081177.18	EXD2	protein_coding	2223	1120	1110	30.1418	8.8290	8.5017
ENSG00000081181.8	ARG2	protein_coding	545	1630	1520	20.2634	5.9355	5.7154
ENSG00000081189.16	MEF2C	protein_coding	3361	1907	1835	24.2805	7.1121	6.8485
ENSG00000081237.20	PTPRC	protein_coding	1953	974	979	18.0901	5.2989	5.1024
ENSG00000081248.11	CACNA1S	protein_coding	0	0	1	0.0000	0.0000	0.0000
ENSG00000081277.13	PKP1	protein_coding	8	4	4	0.1094	0.0320	0.0309
ENSG00000081307.14	UBA5	protein_coding	1865	990	891	19.6205	5.7472	5.5341
ENSG00000081320.11	STK17B	protein_coding	4058	2075	1983	52.4836	15.3733	14.8033
ENSG00000081377.17	CDC14B	protein_coding	1020	860	835	8.2691	2.4221	2.3323
ENSG00000081386.12	ZNF510	protein_coding	161	82	79	2.3091	0.6764	0.6513
ENSG00000081479.15	LRP2	protein_coding	12	7	6	0.0633	0.0185	0.0178
ENSG00000081665.14	ZNF506	protein_coding	131	73	69	1.1665	0.3417	0.3290
ENSG00000081692.12	JMJD4	protein_coding	253	731	678	4.9791	1.4585	1.4044
ENSG00000081721.12	DUSP12	protein_coding	611	320	291	29.4474	8.6256	8.3058
ENSG00000081760.17	AACS	protein_coding	1075	574	502	5.6917	1.6672	1.6054
ENSG00000081791.9	DELE1	protein_coding	2697	1363	1334	38.1717	11.1811	10.7666
ENSG00000081800.9	SLC13A1	protein_coding	0	0	0	0.0000	0.0000	0.0000
ENSG00000081803.16	CADPS2	protein_coding	211	98	113	2.8151	0.8246	0.7940
ENSG00000081818.4	PCDHB4	protein_coding	46	26	20	1.0264	0.3006	0.2895
ENSG00000081842.18	PCDHA6	protein_coding	10	6	7	0.1384	0.0405	0.0390
ENSG00000081853.15	PCDHGA2	protein_coding	59	31	28	0.7456	0.2184	0.2103
ENSG00000081870.12	HSPB11	protein_coding	789	377	412	22.2895	6.5289	6.2869
ENSG00000081913.14	PHLPP1	protein_coding	2369	1175	1195	22.2270	6.5106	6.2693
ENSG00000081923.15	ATP8B1	protein_coding	474	300	283	5.7274	1.6777	1.6155
ENSG00000081985.13	IL12RB2	protein_coding	7077	3445	3633	99.0575	29.0155	27.9398
ENSG00000082014.17	SMARCD3	protein_coding	1098	704	755	18.9556	5.5524	5.3465
ENSG00000082068.9	WDR70	protein_coding	1084	516	568	13.2147	3.8708	3.7273
ENSG00000082074.19	FYB1	protein_coding	4990	2460	2530	48.0282	14.0682	13.5466
ENSG00000082126.18	MPP4	protein_coding	6	2	4	0.1035	0.0303	0.0292
ENSG00000082146.13	STRADB	protein_coding	1641	985	1055	43.8635	12.8483	12.3720
ENSG00000082153.18	BZW1	protein_coding	3563	1908	1902	37.4238	10.9620	10.5556
ENSG00000082175.15	PGR	protein_coding	6	4	2	0.0347	0.0102	0.0098
ENSG00000082196.21	C1QTNF3	protein_coding	93	49	44	1.7369	0.5088	0.4899
ENSG00000082212.13	ME2	protein_coding	2736	1408	1328	14.6155	4.2811	4.1224
ENSG00000082213.18	C5orf22	protein_coding	1756	891	865	35.9673	10.5354	10.1448
ENSG00000082258.13	CCNT2	protein_coding	1351	680	673	12.6338	3.7006	3.5634
ENSG00000082269.17	FAM135A	protein_coding	320	162	158	2.5940	0.7598	0.7316
ENSG00000082293.13	COL19A1	protein_coding	89	52	42	0.6860	0.2009	0.1935
ENSG00000082397.17	EPB41L3	protein_coding	2639	1344	1295	18.3648	5.3793	5.1799
ENSG00000082438.17	COBLL1	protein_coding	4427	2284	2143	21.8851	6.4105	6.1728
ENSG00000082458.12	DLG3	protein_coding	1941	1027	917	20.9442	6.1349	5.9074
ENSG00000082482.14	KCNK2	protein_coding	66	34	32	1.3053	0.3823	0.3682
ENSG00000082497.12	SERTAD4	protein_coding	86	44	43	1.3351	0.3911	0.3766
ENSG00000082512.15	TRAF5	protein_coding	847	403	444	7.9725	2.3353	2.2487
ENSG00000082515.18	MRPL22	protein_coding	702	353	349	11.3249	3.3172	3.1942
ENSG00000082516.9	GEMIN5	protein_coding	2135	1028	1107	32.1235	9.4095	9.0606
ENSG00000082556.14	OPRK1	protein_coding	0	0	0	0.0000	0.0000	0.0000
ENSG00000082641.16	NFE2L1	protein_coding	17113	9814	9857	247.0242	72.3573	69.6746
ENSG00000082684.16	SEMA5B	protein_coding	41	13	28	0.4088	0.1197	0.1153
ENSG00000082701.17	GSK3B	protein_coding	4847	2436	2412	23.0323	6.7465	6.4964
ENSG00000082781.12	ITGB5	protein_coding	8599	4307	4293	112.0846	32.8313	31.6141
ENSG00000082805.20	ERC1	protein_coding	8883	4462	4440	55.9440	16.3869	15.7793
ENSG00000082898.18	XPO1	protein_coding	6084	3696	3578	21.6691	6.3472	6.1119
ENSG00000082929.8	LINC01587	lncRNA	3	2	1	0.2189	0.0641	0.0617
ENSG00000082996.20	RNF13	protein_coding	4256	2362	2372	101.1535	29.6294	28.5309
ENSG00000083067.23	TRPM3	protein_coding	46	24	22	0.1952	0.0572	0.0550
ENSG00000083093.10	PALB2	protein_coding	812	454	441	14.5261	4.2549	4.0972
ENSG00000083097.14	DOP1A	protein_coding	496	522	489	4.1932	1.2282	1.1827
ENSG00000083099.11	LYRM2	protein_coding	1383	855	930	13.5383	3.9656	3.8186
ENSG00000083123.15	BCKDHB	protein_coding	581	274	307	12.1196	3.5500	3.4184
ENSG00000083168.11	KAT6A	protein_coding	4072	1997	2075	14.3228	4.1954	4.0398
ENSG00000083223.18	TUT7	protein_coding	1012	490	522	12.8134	3.7532	3.6141
ENSG00000083290.20	ULK2	protein_coding	757	372	385	6.5145	1.9082	1.8374
ENSG00000083307.12	GRHL2	protein_coding	0	0	0	0.0000	0.0000	0.0000
ENSG00000083312.17	TNPO1	protein_coding	8457	4252	4205	59.9626	17.5640	16.9128
ENSG00000083444.17	PLOD1	protein_coding	16338	8252	8088	260.7952	76.3910	73.5588
ENSG00000083454.22	P2RX5	protein_coding	82	36	46	1.7296	0.5066	0.4879
ENSG00000083457.12	ITGAE	protein_coding	424	241	231	5.4538	1.5975	1.5383
ENSG00000083520.15	DIS3	protein_coding	1295	724	740	10.1497	2.9730	2.8628
ENSG00000083535.16	PIBF1	protein_coding	440	218	222	8.9411	2.6190	2.5219
ENSG00000083544.16	TDRD3	protein_coding	2333	1183	1150	25.3252	7.4182	7.1431
ENSG00000083622.8	AC000061.1	lncRNA	0	0	0	0.0000	0.0000	0.0000
ENSG00000083635.8	NUFIP1	protein_coding	362	173	189	8.8337	2.5875	2.4916
ENSG00000083642.19	PDS5B	protein_coding	1129	555	574	7.2704	2.1296	2.0507
ENSG00000083720.13	OXCT1	protein_coding	3704	1952	1981	76.7184	22.4720	21.6389
ENSG00000083750.13	RRAGB	protein_coding	493	247	246	15.4202	4.5168	4.3494
ENSG00000083782.8	EPYC	protein_coding	988	496	492	46.5602	13.6382	13.1326
ENSG00000083799.18	CYLD	protein_coding	4677	2362	2426	30.6650	8.9823	8.6492
ENSG00000083807.10	SLC27A5	protein_coding	250	253	280	2.6455	0.7749	0.7462
ENSG00000083812.12	ZNF324	protein_coding	431	217	214	6.4620	1.8928	1.8226
ENSG00000083814.13	ZNF671	protein_coding	74	43	31	1.7792	0.5212	0.5018
ENSG00000083817.9	ZNF416	protein_coding	151	75	83	5.0385	1.4759	1.4211
ENSG00000083828.16	ZNF586	protein_coding	252	129	126	3.9051	1.1439	1.1015
ENSG00000083838.16	ZNF446	protein_coding	140	217	204	2.4935	0.7304	0.7033
ENSG00000083844.10	ZNF264	protein_coding	1380	704	676	9.3513	2.7391	2.6376
ENSG00000083845.9	RPS5	protein_coding	13804	6871	6934	324.0923	94.9317	91.4121
ENSG00000083857.14	FAT1	protein_coding	7842	3879	3963	41.1917	12.0657	11.6184
ENSG00000083896.13	YTHDC1	protein_coding	2454	1254	1200	29.6310	8.6794	8.3576
ENSG00000083937.10	CHMP2B	protein_coding	2178	1071	1107	22.4380	6.5725	6.3288
ENSG00000084070.12	SMAP2	protein_coding	7332	3777	3559	172.9066	50.6471	48.7693
ENSG00000084072.17	PPIE	protein_coding	2371	1659	1719	18.1002	5.3018	5.1053
ENSG00000084073.10	ZMPSTE24	protein_coding	6317	3191	3131	133.3770	39.0682	37.6198
ENSG00000084090.13	STARD7	protein_coding	9934	5101	5023	191.1191	55.9818	53.9063
ENSG00000084092.7	NOA1	protein_coding	896	525	563	34.3051	10.0485	9.6760
ENSG00000084093.19	REST	protein_coding	1787	972	1006	16.1302	4.7248	4.5496
ENSG00000084110.11	HAL	protein_coding	0	0	0	0.0000	0.0000	0.0000
ENSG00000084112.15	SSH1	protein_coding	2735	1411	1333	15.9759	4.6796	4.5061
ENSG00000084207.18	GSTP1	protein_coding	9267	4684	4583	446.1212	130.6759	125.8311
ENSG00000084234.18	APLP2	protein_coding	7679	3877	3802	87.3783	25.5945	24.6456
ENSG00000084444.14	FAM234B	protein_coding	935	488	449	11.8332	3.4661	3.3376
ENSG00000084453.16	SLCO1A2	protein_coding	1	0	1	0.0074	0.0022	0.0021
ENSG00000084463.8	WBP11	protein_coding	5771	2820	2951	93.2058	27.3014	26.2892
ENSG00000084623.12	EIF3I	protein_coding	9144	4849	4753	79.5933	23.3141	22.4498
ENSG00000084628.10	NKAIN1	protein_coding	17	7	10	0.4348	0.1274	0.1226
ENSG00000084636.18	COL16A1	protein_coding	3118	1675	1583	28.6158	8.3820	8.0713
ENSG00000084652.16	TXLNA	protein_coding	9308	4644	4665	154.5638	45.2742	43.5956
ENSG00000084674.15	APOB	protein_coding	0	1	0	0.0000	0.0000	0.0000
ENSG00000084676.15	NCOA1	protein_coding	3101	1561	1541	30.5037	8.9350	8.6037
ENSG00000084693.16	AGBL5	protein_coding	693	1534	1642	11.1395	3.2629	3.1420
ENSG00000084710.14	EFR3B	protein_coding	2688	1310	1378	21.4475	6.2823	6.0494
ENSG00000084731.15	KIF3C	protein_coding	9806	4965	4841	130.0937	38.1065	36.6937
ENSG00000084733.11	RAB10	protein_coding	7213	3659	3554	167.6331	49.1023	47.2819
ENSG00000084734.9	GCKR	protein_coding	3	1	2	0.0809	0.0237	0.0228
ENSG00000084754.12	HADHA	protein_coding	12913	6653	6264	253.1927	74.1641	71.4145
ENSG00000084764.12	MAPRE3	protein_coding	1810	890	921	42.3666	12.4098	11.9497
ENSG00000084774.14	CAD	protein_coding	8438	4274	4165	84.8702	24.8598	23.9381
ENSG00000085063.17	CD59	protein_coding	28390	14180	14210	228.3690	66.8929	64.4128
ENSG00000085117.12	CD82	protein_coding	13872	8473	8639	291.6604	85.4319	82.2645
ENSG00000085185.15	BCORL1	protein_coding	1929	937	992	20.4867	6.0009	5.7784
ENSG00000085224.23	ATRX	protein_coding	3615	1786	1829	13.4999	3.9543	3.8077
ENSG00000085231.14	AK6	protein_coding	710	363	347	28.1745	8.2528	7.9468
ENSG00000085265.11	FCN1	protein_coding	470	215	255	5.2600	1.5407	1.4836
ENSG00000085274.16	MYNN	protein_coding	406	325	334	6.6753	1.9553	1.8828
ENSG00000085276.19	MECOM	protein_coding	193	90	103	1.7699	0.5184	0.4992
ENSG00000085365.18	SCAMP1	protein_coding	4127	2087	2041	51.9518	15.2175	14.6533
ENSG00000085377.15	PREP	protein_coding	3155	1615	1676	30.0464	8.8011	8.4748
ENSG00000085382.12	HACE1	protein_coding	349	171	178	3.2085	0.9398	0.9050
ENSG00000085415.16	SEH1L	protein_coding	709	422	414	5.7445	1.6827	1.6203
ENSG00000085433.16	WDR47	protein_coding	791	409	382	15.1870	4.4485	4.2836
ENSG00000085449.15	WDFY1	protein_coding	5702	2890	2812	88.2801	25.8586	24.8999
ENSG00000085465.13	OVGP1	protein_coding	8	3	5	0.2696	0.0790	0.0760
ENSG00000085491.17	SLC25A24	protein_coding	1114	601	591	14.0650	4.1199	3.9671
ENSG00000085511.20	MAP3K4	protein_coding	438	234	208	4.9448	1.4484	1.3947
ENSG00000085514.16	PILRA	protein_coding	275	129	146	11.7352	3.4374	3.3100
ENSG00000085552.17	IGSF9	protein_coding	0	0	0	0.0000	0.0000	0.0000
ENSG00000085563.15	ABCB1	protein_coding	89	44	45	1.1769	0.3447	0.3319
ENSG00000085644.14	ZNF213	protein_coding	1020	538	491	13.4460	3.9385	3.7925
ENSG00000085662.14	AKR1B1	protein_coding	3603	1847	1757	83.7352	24.5273	23.6180
ENSG00000085719.13	CPNE3	protein_coding	9878	4932	4947	124.5130	36.4718	35.1196
ENSG00000085721.13	RRN3	protein_coding	3686	1886	1800	75.6262	22.1521	21.3308
ENSG00000085733.16	CTTN	protein_coding	14544	7449	7102	177.7354	52.0615	50.1313
ENSG00000085741.13	WNT11	protein_coding	26	15	15	0.9312	0.2728	0.2627
ENSG00000085760.15	MTIF2	protein_coding	1899	920	979	47.7961	14.0002	13.4812
ENSG00000085788.14	DDHD2	protein_coding	1887	1052	1024	15.1920	4.4500	4.2850
ENSG00000085831.15	TTC39A	protein_coding	255	131	127	2.3130	0.6775	0.6524
ENSG00000085832.17	EPS15	protein_coding	7095	3569	3529	81.6631	23.9204	23.0336
ENSG00000085840.13	ORC1	protein_coding	220	112	109	5.9861	1.7534	1.6884
ENSG00000085871.9	MGST2	protein_coding	185	106	103	4.9528	1.4508	1.3970
ENSG00000085872.15	CHERP	protein_coding	1665	1493	1633	23.5067	6.8855	6.6302
ENSG00000085978.22	ATG16L1	protein_coding	1772	912	860	24.8849	7.2892	7.0189
ENSG00000085982.14	USP40	protein_coding	1638	828	810	14.8690	4.3554	4.1939
ENSG00000085998.14	POMGNT1	protein_coding	12034	6261	6221	165.1208	48.3665	46.5733
ENSG00000085999.13	RAD54L	protein_coding	161	218	215	3.3527	0.9820	0.9456
ENSG00000086015.22	MAST2	protein_coding	6054	2954	3103	63.7693	18.6790	17.9865
ENSG00000086061.16	DNAJA1	protein_coding	8520	4214	4306	271.1852	79.4344	76.4894
ENSG00000086062.13	B4GALT1	protein_coding	4844	2426	2444	84.0185	24.6103	23.6979
ENSG00000086065.14	CHMP5	protein_coding	2150	1113	1039	76.3609	22.3673	21.5380
ENSG00000086102.19	NFX1	protein_coding	1774	938	837	21.0816	6.1751	5.9462
ENSG00000086159.13	AQP6	protein_coding	22	22	11	0.3643	0.1067	0.1027
ENSG00000086189.10	DIMT1	protein_coding	451	812	772	6.2164	1.8209	1.7534
ENSG00000086200.17	IPO11	protein_coding	1255	613	642	14.1346	4.1403	3.9868
ENSG00000086205.18	FOLH1	protein_coding	44	22	22	0.7004	0.2052	0.1975
ENSG00000086232.13	EIF2AK1	protein_coding	4914	2868	2847	75.9831	22.2566	21.4315
ENSG00000086288.12	NME8	protein_coding	23	11	12	0.8021	0.2350	0.2262
ENSG00000086289.12	EPDR1	protein_coding	4101	2039	2062	125.2729	36.6944	35.3340
ENSG00000086300.16	SNX10	protein_coding	7171	4770	4687	168.9222	49.4800	47.6455
ENSG00000086475.15	SEPHS1	protein_coding	1478	734	744	32.3152	9.4656	9.1147
ENSG00000086504.17	MRPL28	protein_coding	2174	1097	1078	60.4707	17.7128	17.0561
ENSG00000086506.3	HBQ1	protein_coding	3	1	2	0.4825	0.1413	0.1361
ENSG00000086544.3	ITPKC	protein_coding	1156	607	636	29.0782	8.5175	8.2017
ENSG00000086548.9	CEACAM6	protein_coding	2	1	1	0.0575	0.0168	0.0162
ENSG00000086570.12	FAT2	protein_coding	733	393	369	4.2819	1.2542	1.2077
ENSG00000086589.12	RBM22	protein_coding	2185	1109	1076	51.7288	15.1522	14.5904
ENSG00000086598.11	TMED2	protein_coding	6916	3946	3921	153.2246	44.8819	43.2179
ENSG00000086619.14	ERO1B	protein_coding	1137	570	571	16.6819	4.8864	4.7052
ENSG00000086666.19	ZFAND6	protein_coding	3482	1754	1729	57.3827	16.8083	16.1851
ENSG00000086696.11	HSD17B2	protein_coding	0	0	0	0.0000	0.0000	0.0000
ENSG00000086712.13	TXLNG	protein_coding	786	421	410	14.9826	4.3886	4.2259
ENSG00000086717.18	PPEF1	protein_coding	31	15	16	0.7494	0.2195	0.2114
ENSG00000086730.17	LAT2	protein_coding	385	200	186	7.1935	2.1071	2.0290
ENSG00000086758.16	HUWE1	protein_coding	12487	6329	6158	61.0163	17.8726	17.2100
ENSG00000086827.9	ZW10	protein_coding	547	277	270	15.9299	4.6661	4.4931
ENSG00000086848.15	ALG9	protein_coding	86	50	36	0.9050	0.2651	0.2553
ENSG00000086967.10	MYBPC2	protein_coding	9	2	7	0.2055	0.0602	0.0580
ENSG00000086991.13	NOX4	protein_coding	167	82	85	2.3253	0.6811	0.6559
ENSG00000087008.16	ACOX3	protein_coding	1220	633	587	26.9378	7.8905	7.5980
ENSG00000087053.20	MTMR2	protein_coding	1358	894	847	8.2656	2.4211	2.3314
ENSG00000087074.8	PPP1R15A	protein_coding	5235	2622	2616	145.0436	42.4855	40.9104
ENSG00000087076.9	HSD17B14	protein_coding	5176	2579	2597	395.2772	115.7829	111.4903
ENSG00000087077.14	TRIP6	protein_coding	3938	2026	1914	130.9897	38.3689	36.9464
ENSG00000087085.16	ACHE	protein_coding	65	30	35	1.3549	0.3969	0.3822
ENSG00000087086.15	FTL	protein_coding	88961	44337	44636	8673.4878	2540.6005	2446.4081
ENSG00000087087.20	SRRT	protein_coding	4182	2057	2127	73.1036	21.4132	20.6193
ENSG00000087088.20	BAX	protein_coding	3420	1715	1709	112.2644	32.8840	31.6648
ENSG00000087095.13	NLK	protein_coding	1843	919	924	32.8179	9.6129	9.2565
ENSG00000087111.21	PIGS	protein_coding	2619	1274	1346	37.6769	11.0361	10.6270
ENSG00000087116.16	ADAMTS2	protein_coding	1720	856	865	16.6834	4.8868	4.7057
ENSG00000087128.10	TMPRSS11E	protein_coding	27	17	10	1.0795	0.3162	0.3045
ENSG00000087152.15	ATXN7L3	protein_coding	2198	1106	1123	35.2113	10.3139	9.9316
ENSG00000087157.19	PGS1	protein_coding	525	294	301	8.8144	2.5819	2.4862
ENSG00000087191.13	PSMC5	protein_coding	4727	3186	3195	93.8114	27.4788	26.4601
ENSG00000087206.17	UIMC1	protein_coding	602	327	275	10.7242	3.1413	3.0248
ENSG00000087237.12	CETP	protein_coding	29	15	14	0.7262	0.2127	0.2048
ENSG00000087245.13	MMP2	protein_coding	7382	3709	3674	133.2093	39.0191	37.5725
ENSG00000087250.9	MT3	protein_coding	3	3	0	0.1517	0.0444	0.0428
ENSG00000087253.13	LPCAT2	protein_coding	6198	3126	3072	71.5035	20.9445	20.1680
ENSG00000087258.16	GNAO1	protein_coding	1621	788	861	9.4576	2.7703	2.6676
ENSG00000087263.17	OGFOD1	protein_coding	2527	1749	1645	37.1334	10.8770	10.4737
ENSG00000087266.17	SH3BP2	protein_coding	1983	974	1010	12.0992	3.5441	3.4127
ENSG00000087269.16	NOP14	protein_coding	1464	1312	1275	34.9322	10.2322	9.8528
ENSG00000087274.17	ADD1	protein_coding	13332	6755	6580	85.5946	25.0720	24.1425
ENSG00000087299.12	L2HGDH	protein_coding	882	441	441	11.4177	3.3444	3.2204
ENSG00000087301.9	TXNDC16	protein_coding	263	142	121	4.7188	1.3822	1.3310
ENSG00000087302.9	RTRAF	protein_coding	5409	2914	2856	55.4283	16.2358	15.6339
ENSG00000087303.18	NID2	protein_coding	575	449	488	7.6391	2.2376	2.1547
ENSG00000087338.5	GMCL1	protein_coding	1386	700	688	24.0596	7.0474	6.7862
ENSG00000087365.16	SF3B2	protein_coding	14583	7295	7292	126.4313	37.0337	35.6607
ENSG00000087448.11	KLHL42	protein_coding	2132	1194	1229	23.8412	6.9835	6.7246
ENSG00000087460.27	GNAS	protein_coding	34287	17147	17149	205.8443	60.2950	58.0596
ENSG00000087470.18	DNM1L	protein_coding	3674	1985	1900	42.8451	12.5500	12.0847
ENSG00000087494.16	PTHLH	protein_coding	37	25	23	0.9228	0.2703	0.2603
ENSG00000087495.17	PHACTR3	protein_coding	2	1	1	0.0278	0.0082	0.0078
ENSG00000087502.18	ERGIC2	protein_coding	2487	1520	1507	36.2508	10.6184	10.2248
ENSG00000087510.7	TFAP2C	protein_coding	2280	1191	1089	64.5180	18.8983	18.1977
ENSG00000087586.18	AURKA	protein_coding	764	347	418	22.1582	6.4905	6.2499
ENSG00000087589.16	CASS4	protein_coding	51	29	28	0.8544	0.2503	0.2410
ENSG00000087842.11	PIR	protein_coding	2433	1241	1192	82.2498	24.0922	23.1990
ENSG00000087884.14	AAMDC	protein_coding	67	135	134	2.9283	0.8577	0.8259
ENSG00000087903.13	RFX2	protein_coding	197	94	103	1.8396	0.5388	0.5189
ENSG00000087995.16	METTL2A	protein_coding	952	468	485	12.6359	3.7012	3.5640
ENSG00000088002.12	SULT2B1	protein_coding	22	26	23	0.6856	0.2008	0.1934
ENSG00000088035.18	ALG6	protein_coding	1363	679	684	21.0947	6.1790	5.9499
ENSG00000088038.19	CNOT3	protein_coding	2787	1613	1531	34.6977	10.1635	9.7867
ENSG00000088053.11	GP6	protein_coding	1	1	1	0.0314	0.0092	0.0089
ENSG00000088179.9	PTPN4	protein_coding	1237	606	631	7.9125	2.3177	2.2318
ENSG00000088205.13	DDX18	protein_coding	3766	1949	1817	40.9593	11.9976	11.5528
ENSG00000088247.17	KHSRP	protein_coding	10793	5316	5480	200.8649	58.8365	56.6551
ENSG00000088256.9	GNA11	protein_coding	2341	1749	1729	31.6307	9.2651	8.9216
ENSG00000088280.19	ASAP3	protein_coding	1182	656	527	20.1235	5.8945	5.6759
ENSG00000088298.13	EDEM2	protein_coding	3237	1630	1607	145.9063	42.7382	41.1537
ENSG00000088305.18	DNMT3B	protein_coding	60	30	30	1.1005	0.3223	0.3104
ENSG00000088320.4	REM1	protein_coding	29	15	21	1.4835	0.4346	0.4184
ENSG00000088325.16	TPX2	protein_coding	2514	1278	1236	59.2205	17.3466	16.7035
ENSG00000088340.17	FER1L4	transcribed_unitary_pseudogene	52	24	28	0.4317	0.1265	0.1218
ENSG00000088356.6	PDRG1	protein_coding	655	331	328	28.4225	8.3254	8.0167
ENSG00000088367.23	EPB41L1	protein_coding	2888	1457	1431	25.3462	7.4243	7.1491
ENSG00000088386.17	SLC15A1	protein_coding	1	1	0	0.0202	0.0059	0.0057
ENSG00000088387.19	DOCK9	protein_coding	1059	512	548	6.0698	1.7780	1.7120
ENSG00000088448.14	ANKRD10	protein_coding	786	402	384	14.6280	4.2848	4.1259
ENSG00000088451.11	TGDS	protein_coding	468	250	218	15.4581	4.5279	4.3600
ENSG00000088538.13	DOCK3	protein_coding	6	3	4	0.0562	0.0165	0.0158
ENSG00000088543.15	C3orf18	protein_coding	520	286	274	13.6124	3.9873	3.8395
ENSG00000088682.14	COQ9	protein_coding	1789	876	913	35.1754	10.3034	9.9214
ENSG00000088726.16	TMEM40	protein_coding	0	0	0	0.0000	0.0000	0.0000
ENSG00000088727.13	KIF9	protein_coding	79	73	82	1.2240	0.3585	0.3452
ENSG00000088756.13	ARHGAP28	protein_coding	126	70	62	0.8983	0.2631	0.2534
ENSG00000088766.12	CRLS1	protein_coding	17	10	7	0.2690	0.0788	0.0759
ENSG00000088782.5	DEFB127	protein_coding	0	0	0	0.0000	0.0000	0.0000
ENSG00000088808.18	PPP1R13B	protein_coding	1162	751	779	10.3079	3.0193	2.9074
ENSG00000088812.18	ATRN	protein_coding	5540	2700	2841	53.6380	15.7114	15.1289
ENSG00000088826.18	SMOX	protein_coding	665	358	307	19.1691	5.6149	5.4068
ENSG00000088827.12	SIGLEC1	protein_coding	673	355	318	7.2472	2.1228	2.0441
ENSG00000088832.18	FKBP1A	protein_coding	9436	4807	4692	134.1553	39.2962	37.8393
ENSG00000088833.17	NSFL1C	protein_coding	2795	1435	1360	36.3425	10.6453	10.2506
ENSG00000088836.14	SLC4A11	protein_coding	58	25	33	1.1404	0.3340	0.3217
ENSG00000088854.12	C20orf194	protein_coding	2106	1084	1022	20.9393	6.1334	5.9060
ENSG00000088876.13	ZNF343	protein_coding	744	380	364	13.6078	3.9859	3.8381
ENSG00000088881.21	EBF4	protein_coding	57	37	20	1.3670	0.4004	0.3856
ENSG00000088882.8	CPXM1	protein_coding	676	342	334	24.1609	7.0771	6.8147
ENSG00000088888.18	MAVS	protein_coding	4110	2008	2103	29.6511	8.6853	8.3633
ENSG00000088899.15	LZTS3	protein_coding	739	378	361	11.6323	3.4073	3.2810
ENSG00000088926.14	F11	protein_coding	0	0	2	0.0000	0.0000	0.0000
ENSG00000088930.8	XRN2	protein_coding	4372	2226	2301	108.9414	31.9106	30.7276
ENSG00000088970.16	KIZ	protein_coding	548	326	292	8.9373	2.6179	2.5208
ENSG00000088986.11	DYNLL1	protein_coding	8304	4110	4227	240.5934	70.4736	67.8608
ENSG00000088992.18	TESC	protein_coding	32	18	14	1.4109	0.4133	0.3980
ENSG00000089006.17	SNX5	protein_coding	3079	1552	1532	32.8769	9.6302	9.2731
ENSG00000089009.15	RPL6	protein_coding	9257	4784	4475	176.7728	51.7795	49.8598
ENSG00000089012.14	SIRPG	protein_coding	196	92	104	7.4239	2.1746	2.0940
ENSG00000089022.14	MAPKAPK5	protein_coding	530	303	249	3.2757	0.9595	0.9239
ENSG00000089041.17	P2RX7	protein_coding	2632	2202	2178	40.3012	11.8049	11.3672
ENSG00000089048.14	ESF1	protein_coding	2057	1050	1007	54.3163	15.9101	15.3202
ENSG00000089050.16	RBBP9	protein_coding	1613	824	789	35.6432	10.4404	10.0534
ENSG00000089053.13	ANAPC5	protein_coding	3585	1788	1797	24.8340	7.2743	7.0046
ENSG00000089057.15	SLC23A2	protein_coding	18465	9186	9279	208.3519	61.0295	58.7669
ENSG00000089060.11	SLC8B1	protein_coding	721	361	360	9.0466	2.6499	2.5517
ENSG00000089063.15	TMEM230	protein_coding	6564	3313	3251	182.7000	53.5157	51.5316
ENSG00000089091.16	DZANK1	protein_coding	145	75	70	1.8603	0.5449	0.5247
ENSG00000089094.19	KDM2B	protein_coding	802	525	483	4.9961	1.4634	1.4092
ENSG00000089101.19	CFAP61	protein_coding	8	5	3	0.0858	0.0251	0.0242
ENSG00000089116.4	LHX5	protein_coding	0	1	0	0.0000	0.0000	0.0000
ENSG00000089123.16	TASP1	protein_coding	369	174	196	10.8166	3.1683	3.0509
ENSG00000089127.14	OAS1	protein_coding	2660	1655	1554	45.5053	13.3292	12.8350
ENSG00000089154.11	GCN1	protein_coding	3243	1653	1590	28.5090	8.3507	8.0411
ENSG00000089157.16	RPLP0	protein_coding	22910	11382	11531	487.8454	142.8976	137.5997
ENSG00000089159.16	PXN	protein_coding	2402	3752	3977	27.3430	8.0092	7.7123
ENSG00000089163.4	SIRT4	protein_coding	47	19	28	3.2662	0.9567	0.9212
ENSG00000089169.15	RPH3A	protein_coding	213	105	108	1.7602	0.5156	0.4965
ENSG00000089177.19	KIF16B	protein_coding	2152	1047	1105	23.6262	6.9205	6.6639
ENSG00000089195.15	TRMT6	protein_coding	1302	666	636	29.2272	8.5611	8.2437
ENSG00000089199.10	CHGB	protein_coding	8	5	3	0.1528	0.0447	0.0431
ENSG00000089220.5	PEBP1	protein_coding	9223	4689	4534	517.3192	151.5309	145.9129
ENSG00000089225.20	TBX5	protein_coding	26	13	14	0.4969	0.1456	0.1402
ENSG00000089234.16	BRAP	protein_coding	833	429	405	15.1930	4.4503	4.2853
ENSG00000089248.7	ERP29	protein_coding	3716	1849	1873	103.4977	30.3161	29.1921
ENSG00000089250.19	NOS1	protein_coding	0	0	0	0.0000	0.0000	0.0000
ENSG00000089280.19	FUS	protein_coding	7570	4852	4778	91.9799	26.9424	25.9435
ENSG00000089289.16	IGBP1	protein_coding	1477	921	985	67.2894	19.7101	18.9794
ENSG00000089327.15	FXYD5	protein_coding	79149	38131	41030	2247.1977	658.2394	633.8353
ENSG00000089335.21	ZNF302	protein_coding	265	147	118	4.4722	1.3100	1.2614
ENSG00000089351.14	GRAMD1A	protein_coding	3198	1602	1599	45.7044	13.3875	12.8912
ENSG00000089356.18	FXYD3	protein_coding	9	4	5	0.2292	0.0671	0.0647
ENSG00000089472.16	HEPH	protein_coding	224	119	105	2.6743	0.7833	0.7543
ENSG00000089486.17	CDIP1	protein_coding	1839	919	920	36.5392	10.7029	10.3061
ENSG00000089505.18	CMTM1	protein_coding	49	31	18	2.8403	0.8320	0.8011
ENSG00000089558.9	KCNH4	protein_coding	44	20	24	0.9864	0.2889	0.2782
ENSG00000089597.18	GANAB	protein_coding	26949	13482	13467	454.9744	133.2691	128.3282
ENSG00000089639.11	GMIP	protein_coding	880	444	436	20.0349	5.8685	5.6509
ENSG00000089682.16	RBM41	protein_coding	43	25	18	0.5985	0.1753	0.1688
ENSG00000089685.15	BIRC5	protein_coding	1340	660	680	29.8279	8.7371	8.4131
ENSG00000089692.9	LAG3	protein_coding	515	278	237	14.3109	4.1919	4.0365
ENSG00000089693.11	MLF2	protein_coding	9801	4894	4911	247.1949	72.4073	69.7228
ENSG00000089723.10	OTUB2	protein_coding	426	290	298	8.5301	2.4986	2.4060
ENSG00000089737.17	DDX24	protein_coding	9525	4960	4727	93.9778	27.5276	26.5070
ENSG00000089775.12	ZBTB25	protein_coding	510	630	652	3.5436	1.0380	0.9995
ENSG00000089818.18	NECAP1	protein_coding	1840	935	907	17.7864	5.2099	5.0168
ENSG00000089820.16	ARHGAP4	protein_coding	837	421	418	12.7381	3.7312	3.5928
ENSG00000089847.12	ANKRD24	protein_coding	47	21	28	0.8921	0.2613	0.2516
ENSG00000089876.12	DHX32	protein_coding	1633	1149	1084	35.3312	10.3491	9.9654
ENSG00000089902.10	RCOR1	protein_coding	1235	617	619	16.9183	4.9556	4.7719
ENSG00000089916.18	GPATCH2L	protein_coding	1773	908	865	6.8479	2.0058	1.9315
ENSG00000090006.18	LTBP4	protein_coding	2716	1337	1379	28.4394	8.3304	8.0215
ENSG00000090013.11	BLVRB	protein_coding	3885	1963	1924	204.5356	59.9117	57.6905
ENSG00000090020.11	SLC9A1	protein_coding	9506	4695	4813	130.3073	38.1691	36.7539
ENSG00000090054.15	SPTLC1	protein_coding	2529	1212	1317	32.9746	9.6588	9.3007
ENSG00000090060.18	PAPOLA	protein_coding	9435	4702	4737	58.8833	17.2478	16.6084
ENSG00000090061.17	CCNK	protein_coding	455	1519	1618	4.7006	1.3769	1.3258
ENSG00000090097.22	PCBP4	protein_coding	4026	2013	2039	91.4633	26.7910	25.7978
ENSG00000090104.12	RGS1	protein_coding	6375	3318	3057	132.8836	38.9237	37.4806
ENSG00000090238.12	YPEL3	protein_coding	1664	853	851	44.4224	13.0120	12.5296
ENSG00000090263.16	MRPS33	protein_coding	2692	1338	1354	43.5855	12.7669	12.2935
ENSG00000090266.13	NDUFB2	protein_coding	2280	2026	2205	43.5392	12.7533	12.2805
ENSG00000090273.14	NUDC	protein_coding	5708	2886	2869	170.1987	49.8539	48.0055
ENSG00000090316.16	MAEA	protein_coding	2822	1366	1456	24.4013	7.1475	6.8825
ENSG00000090339.9	ICAM1	protein_coding	8202	6960	6918	202.0062	59.1708	56.9770
ENSG00000090372.15	STRN4	protein_coding	3039	1695	1755	33.7925	9.8983	9.5314
ENSG00000090376.11	IRAK3	protein_coding	148	85	75	1.2973	0.3800	0.3659
ENSG00000090382.7	LYZ	protein_coding	5247	6057	5855	258.4557	75.7057	72.8989
ENSG00000090402.8	SI	protein_coding	0	0	0	0.0000	0.0000	0.0000
ENSG00000090432.7	MUL1	protein_coding	2561	1311	1250	89.5722	26.2371	25.2644
ENSG00000090447.12	TFAP4	protein_coding	482	255	228	5.2030	1.5240	1.4675
ENSG00000090470.15	PDCD7	protein_coding	1004	490	514	26.3555	7.7199	7.4337
ENSG00000090487.11	SPG21	protein_coding	4421	2221	2210	94.2589	27.6099	26.5863
ENSG00000090512.12	FETUB	protein_coding	3	4	3	0.1259	0.0369	0.0355
ENSG00000090520.11	DNAJB11	protein_coding	4021	2056	1994	59.5821	17.4525	16.8055
ENSG00000090530.10	P3H2	protein_coding	49	23	26	0.7467	0.2187	0.2106
ENSG00000090534.20	THPO	protein_coding	7	8	4	0.2198	0.0644	0.0620
ENSG00000090539.15	CHRD	protein_coding	74	44	35	0.9493	0.2781	0.2677
ENSG00000090554.13	FLT3LG	protein_coding	4	1	3	0.1194	0.0350	0.0337
ENSG00000090565.17	RAB11FIP3	protein_coding	2349	1154	1197	31.7287	9.2938	8.9493
ENSG00000090581.10	GNPTG	protein_coding	5519	3191	3153	114.4787	33.5326	32.2894
ENSG00000090612.22	ZNF268	protein_coding	391	195	196	2.3556	0.6900	0.6644
ENSG00000090615.15	GOLGA3	protein_coding	3327	1656	1671	26.6161	7.7963	7.5072
ENSG00000090621.15	PABPC4	protein_coding	5135	3304	3311	42.4437	12.4324	11.9715
ENSG00000090659.18	CD209	protein_coding	41	18	24	0.7888	0.2311	0.2225
ENSG00000090661.12	CERS4	protein_coding	1102	559	543	23.0555	6.7533	6.5029
ENSG00000090674.16	MCOLN1	protein_coding	4291	2146	2145	92.0651	26.9673	25.9675
ENSG00000090686.16	USP48	protein_coding	5458	2716	2743	48.8044	14.2956	13.7656
ENSG00000090776.6	EFNB1	protein_coding	860	428	432	22.1107	6.4766	6.2364
ENSG00000090857.14	PDPR	protein_coding	2689	2568	2576	23.5924	6.9106	6.6544
ENSG00000090861.17	AARS1	protein_coding	21274	10806	10474	176.2878	51.6375	49.7230
ENSG00000090863.12	GLG1	protein_coding	13543	6813	6730	81.5022	23.8733	22.9882
ENSG00000090889.12	KIF4A	protein_coding	989	525	485	18.3657	5.3796	5.1802
ENSG00000090905.19	TNRC6A	protein_coding	2140	1070	1070	14.0137	4.1048	3.9526
ENSG00000090924.15	PLEKHG2	protein_coding	1209	600	612	11.2625	3.2990	3.1767
ENSG00000090932.11	DLL3	protein_coding	22	14	9	0.7136	0.2090	0.2013
ENSG00000090971.5	NAT14	protein_coding	658	329	330	28.2353	8.2706	7.9639
ENSG00000090975.13	PITPNM2	protein_coding	359	170	189	3.3279	0.9748	0.9386
ENSG00000090989.18	EXOC1	protein_coding	1712	1180	1199	27.0885	7.9346	7.6405
ENSG00000091009.8	RBM27	protein_coding	1080	541	539	13.7626	4.0313	3.8818
ENSG00000091010.6	POU4F3	protein_coding	0	0	0	0.0000	0.0000	0.0000
ENSG00000091039.17	OSBPL8	protein_coding	5052	2543	2509	46.6425	13.6623	13.1558
ENSG00000091073.19	DTX2	protein_coding	1035	489	548	17.4321	5.1061	4.9168
ENSG00000091106.19	NLRC4	protein_coding	103	54	54	2.3091	0.6764	0.6513
ENSG00000091127.14	PUS7	protein_coding	846	443	403	16.2063	4.7471	4.5711
ENSG00000091128.13	LAMB4	protein_coding	25	15	10	0.3024	0.0886	0.0853
ENSG00000091129.21	NRCAM	protein_coding	615	287	328	6.3443	1.8583	1.7894
ENSG00000091136.15	LAMB1	protein_coding	16478	8935	8778	75.2646	22.0462	21.2288
ENSG00000091137.14	SLC26A4	protein_coding	439	239	219	6.6488	1.9476	1.8753
ENSG00000091138.13	SLC26A3	protein_coding	3	1	2	0.0753	0.0221	0.0212
ENSG00000091140.14	DLD	protein_coding	3809	2565	2459	63.3991	18.5706	17.8821
ENSG00000091157.14	WDR7	protein_coding	1322	656	683	12.6154	3.6953	3.5583
ENSG00000091164.13	TXNL1	protein_coding	1671	838	850	12.5610	3.6793	3.5429
ENSG00000091181.20	IL5RA	protein_coding	5	2	3	0.0643	0.0188	0.0181
ENSG00000091262.16	ABCC6	protein_coding	1	1	0	0.0123	0.0036	0.0035
ENSG00000091317.8	CMTM6	protein_coding	2429	1444	1451	53.4798	15.6651	15.0843
ENSG00000091409.15	ITGA6	protein_coding	25746	13987	13964	325.8363	95.4426	91.9041
ENSG00000091428.18	RAPGEF4	protein_coding	64	26	38	0.7628	0.2234	0.2152
ENSG00000091436.17	MAP3K20	protein_coding	1913	1004	1056	11.7685	3.4472	3.3194
ENSG00000091482.8	SMPX	protein_coding	4	1	3	0.2566	0.0751	0.0724
ENSG00000091483.7	FH	protein_coding	2765	1418	1347	109.9275	32.1995	31.0057
ENSG00000091490.11	SEL1L3	protein_coding	4314	2080	2234	48.9572	14.3403	13.8087
ENSG00000091513.16	TF	protein_coding	2	0	2	0.0065	0.0019	0.0018
ENSG00000091527.16	CDV3	protein_coding	6918	3461	3457	133.1851	39.0120	37.5657
ENSG00000091536.19	MYO15A	protein_coding	77	37	41	0.3269	0.0958	0.0922
ENSG00000091542.9	ALKBH5	protein_coding	4758	2596	2643	112.2054	32.8667	31.6482
ENSG00000091583.11	APOH	protein_coding	1	0	1	0.0638	0.0187	0.0180
ENSG00000091592.16	NLRP1	protein_coding	635	318	317	4.6160	1.3521	1.3020
ENSG00000091622.16	PITPNM3	protein_coding	75	39	44	0.5969	0.1748	0.1683
ENSG00000091640.8	SPAG7	protein_coding	2525	1309	1217	77.2421	22.6254	21.7866
ENSG00000091651.9	ORC6	protein_coding	325	180	145	6.4050	1.8761	1.8066
ENSG00000091656.19	ZFHX4	protein_coding	144	77	67	0.7715	0.2260	0.2176
ENSG00000091664.9	SLC17A6	protein_coding	0	0	0	0.0000	0.0000	0.0000
ENSG00000091704.10	CPA1	protein_coding	0	0	0	0.0000	0.0000	0.0000
ENSG00000091732.17	ZC3HC1	protein_coding	1638	898	935	46.2125	13.5364	13.0345
ENSG00000091831.24	ESR1	protein_coding	87	54	33	0.5383	0.1577	0.1518
ENSG00000091844.8	RGS17	protein_coding	80	44	36	0.8565	0.2509	0.2416
ENSG00000091879.14	ANGPT2	protein_coding	155	92	78	1.9374	0.5675	0.5465
ENSG00000091947.10	TMEM101	protein_coding	1856	955	901	52.0345	15.2417	14.6766
ENSG00000091972.18	CD200	protein_coding	2002	978	1024	56.8408	16.6496	16.0323
ENSG00000091986.16	CCDC80	protein_coding	3554	1809	1745	23.0951	6.7649	6.5141
ENSG00000092009.10	CMA1	protein_coding	4	4	2	0.3625	0.1062	0.1023
ENSG00000092010.15	PSME1	protein_coding	12736	6479	6309	608.9791	178.3795	171.7661
ENSG00000092020.10	PPP2R3C	protein_coding	882	819	772	19.3890	5.6794	5.4688
ENSG00000092036.18	HAUS4	protein_coding	407	253	266	13.6127	3.9874	3.8395
ENSG00000092051.17	JPH4	protein_coding	12	9	5	0.1924	0.0564	0.0543
ENSG00000092054.13	MYH7	protein_coding	2	1	1	0.0282	0.0083	0.0079
ENSG00000092067.6	CEBPE	protein_coding	3	3	1	0.2139	0.0627	0.0603
ENSG00000092068.20	SLC7A8	protein_coding	16145	7909	8239	228.8500	67.0338	64.5485
ENSG00000092094.11	OSGEP	protein_coding	1486	771	729	25.0828	7.3472	7.0748
ENSG00000092096.18	SLC22A17	protein_coding	953	487	466	18.9175	5.5412	5.3358
ENSG00000092098.17	RNF31	protein_coding	14	20	23	0.2351	0.0689	0.0663
ENSG00000092108.22	SCFD1	protein_coding	2668	1365	1303	7.7674	2.2752	2.1908
ENSG00000092140.16	G2E3	protein_coding	721	375	346	6.5702	1.9245	1.8532
ENSG00000092148.13	HECTD1	protein_coding	5929	3153	3139	40.0966	11.7449	11.3095
ENSG00000092199.18	HNRNPC	protein_coding	11744	5759	5986	136.4490	39.9681	38.4862
ENSG00000092200.12	RPGRIP1	protein_coding	23	11	13	0.3571	0.1046	0.1007
ENSG00000092201.10	SUPT16H	protein_coding	6652	3366	3287	81.8682	23.9805	23.0914
ENSG00000092203.15	TOX4	protein_coding	3788	2301	2287	45.3644	13.2879	12.7953
ENSG00000092208.17	GEMIN2	protein_coding	175	82	93	5.3903	1.5789	1.5204
ENSG00000092295.12	TGM1	protein_coding	9	7	2	0.2046	0.0599	0.0577
ENSG00000092330.18	TINF2	protein_coding	2320	1173	1148	72.6458	21.2791	20.4902
ENSG00000092345.14	DAZL	protein_coding	16	9	7	0.3822	0.1120	0.1078
ENSG00000092377.15	TBL1Y	protein_coding	0	0	0	0.0000	0.0000	0.0000
ENSG00000092421.17	SEMA6A	protein_coding	1859	1017	996	14.4753	4.2400	4.0828
ENSG00000092439.16	TRPM7	protein_coding	3532	1873	1846	24.2277	7.0967	6.8336
ENSG00000092445.12	TYRO3	protein_coding	4619	2309	2312	36.4204	10.6681	10.2726
ENSG00000092470.12	WDR76	protein_coding	824	422	403	17.2606	5.0559	4.8685
ENSG00000092529.25	CAPN3	protein_coding	557	547	547	3.7029	1.0846	1.0444
ENSG00000092531.10	SNAP23	protein_coding	607	1812	1866	8.8084	2.5801	2.4845
ENSG00000092607.15	TBX15	protein_coding	146	64	82	2.8541	0.8360	0.8050
ENSG00000092621.13	PHGDH	protein_coding	636	323	313	5.8789	1.7220	1.6582
ENSG00000092758.18	COL9A3	protein_coding	771	388	420	13.5248	3.9616	3.8148
ENSG00000092820.18	EZR	protein_coding	18323	9326	9584	471.8003	138.1977	133.0740
ENSG00000092841.19	MYL6	protein_coding	8577	5487	5251	164.6389	48.2253	46.4374
ENSG00000092847.13	AGO1	protein_coding	2144	1117	1028	13.1080	3.8395	3.6972
ENSG00000092850.12	TEKT2	protein_coding	1	0	1	0.0433	0.0127	0.0122
ENSG00000092853.14	CLSPN	protein_coding	764	457	390	6.7646	1.9815	1.9080
ENSG00000092871.17	RFFL	protein_coding	1259	1137	1057	12.7782	3.7429	3.6042
ENSG00000092929.12	UNC13D	protein_coding	549	285	265	6.2286	1.8245	1.7568
ENSG00000092931.11	MFSD11	protein_coding	1227	1394	1425	15.8186	4.6335	4.4617
ENSG00000092964.18	DPYSL2	protein_coding	6229	3180	3050	72.5013	21.2368	20.4494
ENSG00000092969.12	TGFB2	protein_coding	37	19	19	0.5193	0.1521	0.1465
ENSG00000092978.11	GPATCH2	protein_coding	882	429	453	8.4719	2.4815	2.3895
ENSG00000093000.19	NUP50	protein_coding	5214	2646	2569	53.7610	15.7474	15.1636
ENSG00000093009.11	CDC45	protein_coding	700	351	354	19.9612	5.8469	5.6302
ENSG00000093010.15	COMT	protein_coding	7563	3804	3787	87.0734	25.5052	24.5596
ENSG00000093072.18	ADA2	protein_coding	2062	1016	1046	20.1179	5.8928	5.6744
ENSG00000093100.13	AC016026.1	lncRNA	3	0	3	0.0589	0.0172	0.0166
ENSG00000093134.15	VNN3	protein_coding	1	0	1	0.0141	0.0041	0.0040
ENSG00000093144.19	ECHDC1	protein_coding	1841	948	894	27.5438	8.0680	7.7689
ENSG00000093167.18	LRRFIP2	protein_coding	2080	1015	1066	16.5481	4.8472	4.6675
ENSG00000093183.14	SEC22C	protein_coding	1997	1000	1066	20.7852	6.0883	5.8626
ENSG00000093217.11	XYLB	protein_coding	517	253	264	6.9391	2.0326	1.9572
ENSG00000094631.21	HDAC6	protein_coding	1411	705	708	11.3019	3.3105	3.1878
ENSG00000094661.3	OR1I1	protein_coding	2	1	1	0.0280	0.0082	0.0079
ENSG00000094755.17	GABRP	protein_coding	4	4	0	0.0735	0.0215	0.0207
ENSG00000094796.5	KRT31	protein_coding	0	0	0	0.0000	0.0000	0.0000
ENSG00000094804.12	CDC6	protein_coding	1638	801	837	26.1909	7.6717	7.3873
ENSG00000094841.14	UPRT	protein_coding	693	334	359	15.9528	4.6728	4.4996
ENSG00000094880.11	CDC23	protein_coding	1274	679	644	23.4377	6.8653	6.6108
ENSG00000094914.14	AAAS	protein_coding	1235	595	641	22.1867	6.4988	6.2579
ENSG00000094916.16	CBX5	protein_coding	5505	2662	2844	31.0871	9.1059	8.7683
ENSG00000094963.14	FMO2	protein_coding	200	106	114	2.7389	0.8023	0.7725
ENSG00000094975.14	SUCO	protein_coding	6017	3002	3015	64.7284	18.9600	18.2570
ENSG00000095002.15	MSH2	protein_coding	2210	1106	1104	13.7249	4.0202	3.8712
ENSG00000095015.6	MAP3K1	protein_coding	2199	1123	1141	24.1235	7.0662	6.8042
ENSG00000095059.16	DHPS	protein_coding	18	29	28	0.5123	0.1500	0.1445
ENSG00000095066.12	HOOK2	protein_coding	496	449	504	7.0791	2.0736	1.9967
ENSG00000095110.8	NXPE1	protein_coding	1	1	0	0.0194	0.0057	0.0055
ENSG00000095139.14	ARCN1	protein_coding	6383	3215	3170	129.7695	38.0115	36.6022
ENSG00000095203.14	EPB41L4B	protein_coding	0	0	0	0.0000	0.0000	0.0000
ENSG00000095209.12	TMEM38B	protein_coding	1074	516	558	20.1290	5.8961	5.6775
ENSG00000095261.14	PSMD5	protein_coding	1334	657	681	25.7522	7.5432	7.2636
ENSG00000095303.17	PTGS1	protein_coding	262	137	125	3.8467	1.1268	1.0850
ENSG00000095319.14	NUP188	protein_coding	2385	1214	1190	25.1878	7.3779	7.1044
ENSG00000095321.17	CRAT	protein_coding	1524	835	790	33.9860	9.9550	9.5860
ENSG00000095370.20	SH2D3C	protein_coding	569	302	267	10.4407	3.0583	2.9449
ENSG00000095380.11	NANS	protein_coding	1439	1300	1272	24.7821	7.2591	6.9899
ENSG00000095383.20	TBC1D2	protein_coding	1156	563	593	27.2916	7.9941	7.6978
ENSG00000095397.16	WHRN	protein_coding	1103	586	518	16.4213	4.8101	4.6317
ENSG00000095464.10	PDE6C	protein_coding	8	4	4	0.2021	0.0592	0.0570
ENSG00000095485.18	CWF19L1	protein_coding	603	329	372	12.8499	3.7640	3.6244
ENSG00000095539.15	SEMA4G	protein_coding	214	397	403	3.4595	1.0134	0.9758
ENSG00000095564.14	BTAF1	protein_coding	2066	1007	1059	23.1428	6.7789	6.5276
ENSG00000095574.12	IKZF5	protein_coding	754	366	435	12.9931	3.8059	3.6648
ENSG00000095585.17	BLNK	protein_coding	129	78	89	1.7709	0.5187	0.4995
ENSG00000095587.9	TLL2	protein_coding	347	151	196	3.6125	1.0582	1.0189
ENSG00000095596.12	CYP26A1	protein_coding	3	3	0	0.0860	0.0252	0.0242
ENSG00000095627.9	TDRD1	protein_coding	7	3	4	0.1131	0.0331	0.0319
ENSG00000095637.22	SORBS1	protein_coding	766	377	389	5.9400	1.7399	1.6754
ENSG00000095713.14	CRTAC1	protein_coding	10	84	92	0.2390	0.0700	0.0674
ENSG00000095739.11	BAMBI	protein_coding	8118	3981	4137	322.2927	94.4046	90.9046
ENSG00000095752.7	IL11	protein_coding	9	5	4	0.2854	0.0836	0.0805
ENSG00000095777.17	MYO3A	protein_coding	1	1	0	0.0101	0.0029	0.0028
ENSG00000095787.23	WAC	protein_coding	5901	3032	2925	40.4680	11.8537	11.4142
ENSG00000095794.19	CREM	protein_coding	676	337	342	10.0730	2.9505	2.8412
ENSG00000095906.17	NUBP2	protein_coding	1786	882	906	30.6586	8.9804	8.6474
ENSG00000095917.14	TPSD1	protein_coding	19	6	13	1.0193	0.2986	0.2875
ENSG00000095932.7	SMIM24	protein_coding	2	1	2	0.1147	0.0336	0.0323
ENSG00000095951.17	HIVEP1	protein_coding	501	248	253	3.8660	1.1324	1.0904
ENSG00000095970.17	TREM2	protein_coding	574	303	271	44.5154	13.0393	12.5558
ENSG00000095981.11	KCNK16	protein_coding	0	0	0	0.0000	0.0000	0.0000
ENSG00000096006.12	CRISP3	protein_coding	0	0	0	0.0000	0.0000	0.0000
ENSG00000096060.15	FKBP5	protein_coding	3548	1782	1766	28.3494	8.3040	7.9961
ENSG00000096063.16	SRPK1	protein_coding	490	536	509	6.2180	1.8214	1.7538
ENSG00000096070.19	BRPF3	protein_coding	1413	702	711	18.1450	5.3149	5.1179
ENSG00000096080.12	MRPS18A	protein_coding	470	686	731	28.8178	8.4412	8.1282
ENSG00000096088.16	PGC	protein_coding	0	0	0	0.0000	0.0000	0.0000
ENSG00000096092.6	TMEM14A	protein_coding	1249	637	612	107.3539	31.4456	30.2798
ENSG00000096093.16	EFHC1	protein_coding	296	193	192	1.1052	0.3237	0.3117
ENSG00000096264.14	NCR2	protein_coding	0	0	0	0.0000	0.0000	0.0000
ENSG00000096384.20	HSP90AB1	protein_coding	52588	26579	26012	1498.5894	438.9603	422.6859
ENSG00000096395.11	MLN	protein_coding	0	0	0	0.0000	0.0000	0.0000
ENSG00000096401.8	CDC5L	protein_coding	1852	978	874	25.1999	7.3814	7.1078
ENSG00000096433.11	ITPR3	protein_coding	6089	3955	3829	52.3891	15.3456	14.7767
ENSG00000096654.15	ZNF184	protein_coding	228	142	140	6.2017	1.8166	1.7492
ENSG00000096696.14	DSP	protein_coding	72	34	38	0.6085	0.1782	0.1716
ENSG00000096717.12	SIRT1	protein_coding	893	443	450	16.6157	4.8670	4.6865
ENSG00000096746.17	HNRNPH3	protein_coding	2400	1536	1488	37.9321	11.1109	10.6990
ENSG00000096872.17	IFT74	protein_coding	349	189	192	4.0727	1.1930	1.1487
ENSG00000096968.14	JAK2	protein_coding	621	320	301	6.6686	1.9533	1.8809
ENSG00000096996.16	IL12RB1	protein_coding	280	142	138	5.5413	1.6231	1.5630
ENSG00000097007.19	ABL1	protein_coding	5383	2685	2698	65.1363	19.0795	18.3721
ENSG00000097021.20	ACOT7	protein_coding	22078	11056	11024	535.6782	156.9085	151.0912
ENSG00000097033.14	SH3GLB1	protein_coding	3753	1883	1870	46.3169	13.5669	13.0639
ENSG00000097046.13	CDC7	protein_coding	509	248	261	12.0101	3.5180	3.3875
ENSG00000097096.9	SYDE2	protein_coding	141	75	68	1.8694	0.5476	0.5273
ENSG00000099139.14	PCSK5	protein_coding	96	42	54	0.6111	0.1790	0.1724
ENSG00000099194.6	SCD	protein_coding	49058	24361	24699	794.2855	232.6587	224.0329
ENSG00000099203.7	TMED1	protein_coding	310	666	658	13.9731	4.0929	3.9412
ENSG00000099204.20	ABLIM1	protein_coding	2373	1196	1177	19.6966	5.7695	5.5556
ENSG00000099219.14	ERMP1	protein_coding	816	426	445	10.6151	3.1093	2.9940
ENSG00000099246.17	RAB18	protein_coding	3351	1645	1706	45.7138	13.3903	12.8938
ENSG00000099250.18	NRP1	protein_coding	1322	729	725	9.7435	2.8540	2.7482
ENSG00000099251.14	HSD17B7P2	transcribed_unprocessed_pseudogene	32	19	13	1.8044	0.5285	0.5089
ENSG00000099256.19	PRTFDC1	protein_coding	37	24	13	1.3520	0.3960	0.3813
ENSG00000099260.11	PALMD	protein_coding	296	143	153	3.1133	0.9119	0.8781
ENSG00000099282.10	TSPAN15	protein_coding	816	442	374	26.1392	7.6566	7.3727
ENSG00000099284.15	MACROH2A2	protein_coding	127	62	75	0.7196	0.2108	0.2030
ENSG00000099290.17	WASHC2A	protein_coding	2576	1328	1256	42.3780	12.4132	11.9530
ENSG00000099308.10	MAST3	protein_coding	1718	1033	1042	21.5436	6.3105	6.0765
ENSG00000099326.9	MZF1	protein_coding	269	175	212	3.4331	1.0056	0.9683
ENSG00000099330.9	OCEL1	protein_coding	703	384	319	32.1308	9.4116	9.0627
ENSG00000099331.13	MYO9B	protein_coding	10079	5603	5706	86.0387	25.2021	24.2677
ENSG00000099337.5	KCNK6	protein_coding	322	166	156	4.4333	1.2986	1.2504
ENSG00000099338.23	CATSPERG	protein_coding	59	27	35	0.5452	0.1597	0.1538
ENSG00000099341.11	PSMD8	protein_coding	10541	5181	5360	288.2919	84.4452	81.3144
ENSG00000099364.18	FBXL19	protein_coding	859	429	444	14.9942	4.3920	4.2292
ENSG00000099365.11	STX1B	protein_coding	69	38	31	1.1255	0.3297	0.3175
ENSG00000099377.14	HSD3B7	protein_coding	1430	1868	1951	48.7696	14.2854	13.7557
ENSG00000099381.18	SETD1A	protein_coding	2345	1182	1174	31.2521	9.1542	8.8148
ENSG00000099385.12	BCL7C	protein_coding	628	698	696	14.2594	4.1768	4.0219
ENSG00000099399.6	MAGEB2	protein_coding	2	1	1	0.1057	0.0310	0.0298
ENSG00000099617.4	EFNA2	protein_coding	0	0	0	0.0000	0.0000	0.0000
ENSG00000099622.14	CIRBP	protein_coding	4508	2262	2251	60.1164	17.6090	16.9562
ENSG00000099624.8	ATP5F1D	protein_coding	1901	891	1010	71.7802	21.0256	20.2460
ENSG00000099625.13	CBARP	protein_coding	205	123	132	3.7919	1.1107	1.0695
ENSG00000099715.14	PCDH11Y	protein_coding	0	0	0	0.0000	0.0000	0.0000
ENSG00000099721.14	AMELY	protein_coding	0	0	0	0.0000	0.0000	0.0000
ENSG00000099725.14	PRKY	protein_coding	105	57	48	1.1619	0.3403	0.3277
ENSG00000099769.6	IGFALS	protein_coding	2	1	1	0.0728	0.0213	0.0205
ENSG00000099783.12	HNRNPM	protein_coding	7446	4007	3879	112.6323	32.9918	31.7686
ENSG00000099785.10	MARCHF2	protein_coding	2289	1137	1153	87.7179	25.6940	24.7414
ENSG00000099795.7	NDUFB7	protein_coding	2204	896	1308	349.8405	102.4738	98.6746
ENSG00000099797.15	TECR	protein_coding	5508	3037	3117	79.2917	23.2258	22.3647
ENSG00000099800.8	TIMM13	protein_coding	1124	623	580	57.3621	16.8023	16.1793
ENSG00000099804.9	CDC34	protein_coding	1745	856	889	78.2398	22.9177	22.0680
ENSG00000099810.21	MTAP	protein_coding	1080	614	613	6.3134	1.8493	1.7807
ENSG00000099812.9	MISP	protein_coding	2	1	1	0.0570	0.0167	0.0161
ENSG00000099814.16	CEP170B	protein_coding	7968	4120	3991	93.8353	27.4858	26.4668
ENSG00000099817.12	POLR2E	protein_coding	5643	2822	2892	98.3996	28.8228	27.7542
ENSG00000099821.14	POLRMT	protein_coding	2723	1287	1439	45.6993	13.3860	12.8898
ENSG00000099822.3	HCN2	protein_coding	125	70	61	3.1038	0.9092	0.8754
ENSG00000099834.19	CDHR5	protein_coding	3	3	0	0.0660	0.0193	0.0186
ENSG00000099840.14	IZUMO4	protein_coding	32	15	21	0.9810	0.2874	0.2767
ENSG00000099849.15	RASSF7	protein_coding	195	86	110	6.5869	1.9294	1.8579
ENSG00000099860.9	GADD45B	protein_coding	854	414	441	33.9205	9.9359	9.5675
ENSG00000099864.18	PALM	protein_coding	177	98	79	3.0600	0.8963	0.8631
ENSG00000099866.15	MADCAM1	protein_coding	15	4	11	0.4807	0.1408	0.1356
ENSG00000099869.8	IGF2-AS	lncRNA	0	0	1	0.0000	0.0000	0.0000
ENSG00000099875.15	MKNK2	protein_coding	4384	2191	2194	71.3065	20.8868	20.1124
ENSG00000099889.14	ARVCF	protein_coding	488	264	249	7.3529	2.1538	2.0739
ENSG00000099899.15	TRMT2A	protein_coding	2578	1662	1621	55.3680	16.2181	15.6169
ENSG00000099901.17	RANBP1	protein_coding	2277	1455	1527	41.8536	12.2596	11.8051
ENSG00000099904.16	ZDHHC8	protein_coding	2903	1451	1453	44.4588	13.0227	12.5399
ENSG00000099910.17	KLHL22	protein_coding	1698	857	841	31.2991	9.1680	8.8281
ENSG00000099917.17	MED15	protein_coding	14012	7352	7284	114.7007	33.5976	32.3520
ENSG00000099937.11	SERPIND1	protein_coding	2	1	1	0.0732	0.0215	0.0207
ENSG00000099940.12	SNAP29	protein_coding	3727	2298	2272	64.2637	18.8238	18.1259
ENSG00000099942.13	CRKL	protein_coding	5844	2902	2942	92.9006	27.2120	26.2032
ENSG00000099949.21	LZTR1	protein_coding	1344	684	660	13.1596	3.8546	3.7117
ENSG00000099953.10	MMP11	protein_coding	2349	1162	1187	38.7411	11.3479	10.9272
ENSG00000099954.18	CECR2	protein_coding	18	9	10	0.1421	0.0416	0.0401
ENSG00000099956.20	SMARCB1	protein_coding	3414	2129	2107	17.5432	5.1387	4.9482
ENSG00000099957.16	P2RX6	protein_coding	181	89	93	3.2496	0.9519	0.9166
ENSG00000099958.15	DERL3	protein_coding	270	544	548	6.0402	1.7693	1.7037
ENSG00000099960.13	SLC7A4	protein_coding	3	1	3	0.1040	0.0305	0.0293
ENSG00000099968.18	BCL2L13	protein_coding	8240	4144	4097	91.3266	26.7510	25.7592
ENSG00000099974.8	DDTL	protein_coding	26	545	544	1.3957	0.4088	0.3937
ENSG00000099977.14	DDT	protein_coding	0	0	0	0.0000	0.0000	0.0000
ENSG00000099984.11	GSTT2	polymorphic_pseudogene	2	1	2	0.1434	0.0420	0.0405
ENSG00000099985.4	OSM	protein_coding	34	18	16	1.3587	0.3980	0.3832
ENSG00000099991.18	CABIN1	protein_coding	7683	3676	4008	69.4976	20.3569	19.6022
ENSG00000099992.16	TBC1D10A	protein_coding	2094	1041	1054	25.5935	7.4967	7.2188
ENSG00000099994.11	SUSD2	protein_coding	1107	547	560	18.6263	5.4559	5.2537
ENSG00000099995.19	SF3A1	protein_coding	14928	7455	7667	201.1891	58.9314	56.7466
ENSG00000099998.18	GGT5	protein_coding	958	490	469	13.4380	3.9362	3.7903
ENSG00000099999.15	RNF215	protein_coding	1252	735	797	9.9897	2.9261	2.8177
ENSG00000100003.18	SEC14L2	protein_coding	569	293	276	8.2079	2.4042	2.3151
ENSG00000100012.12	SEC14L3	protein_coding	0	0	0	0.0000	0.0000	0.0000
ENSG00000100014.20	SPECC1L	protein_coding	1980	1002	978	22.5362	6.6012	6.3565
ENSG00000100023.19	PPIL2	protein_coding	2335	1436	1452	25.8559	7.5736	7.2928
ENSG00000100024.15	UPB1	protein_coding	7	3	4	0.0875	0.0256	0.0247
ENSG00000100027.17	YPEL1	protein_coding	115	329	341	2.0863	0.6111	0.5884
ENSG00000100028.12	SNRPD3	protein_coding	849	447	403	18.4204	5.3956	5.1956
ENSG00000100029.18	PES1	protein_coding	7439	3855	3599	139.5457	40.8751	39.3597
ENSG00000100030.15	MAPK1	protein_coding	10320	5180	5141	141.8319	41.5448	40.0045
ENSG00000100031.19	GGT1	protein_coding	8	4	4	0.1553	0.0455	0.0438
ENSG00000100033.16	PRODH	protein_coding	84	46	52	0.8128	0.2381	0.2293
ENSG00000100034.14	PPM1F	protein_coding	7794	4315	4429	65.6031	19.2162	18.5037
ENSG00000100036.13	SLC35E4	protein_coding	575	462	454	9.0391	2.6477	2.5495
ENSG00000100038.20	TOP3B	protein_coding	5	414	399	0.0640	0.0187	0.0180
ENSG00000100053.10	CRYBB3	protein_coding	0	0	0	0.0000	0.0000	0.0000
ENSG00000100055.21	CYTH4	protein_coding	654	334	321	9.1061	2.6673	2.5684
ENSG00000100056.12	ESS2	protein_coding	1690	805	908	23.9073	7.0028	6.7432
ENSG00000100058.12	CRYBB2P1	transcribed_unprocessed_pseudogene	260	129	131	3.4311	1.0050	0.9678
ENSG00000100060.18	MFNG	protein_coding	372	194	179	10.4121	3.0499	2.9368
ENSG00000100065.15	CARD10	protein_coding	182	90	95	2.6860	0.7868	0.7576
ENSG00000100068.13	LRP5L	protein_coding	75	31	44	1.3589	0.3980	0.3833
ENSG00000100075.10	SLC25A1	protein_coding	3724	1814	1912	158.2010	46.3395	44.6215
ENSG00000100077.15	GRK3	protein_coding	2922	1457	1465	26.1831	7.6694	7.3851
ENSG00000100078.4	PLA2G3	protein_coding	0	0	0	0.0000	0.0000	0.0000
ENSG00000100079.7	LGALS2	protein_coding	107	56	54	10.9081	3.1952	3.0767
ENSG00000100083.19	GGA1	protein_coding	5340	2696	2646	49.7286	14.5663	14.0262
ENSG00000100084.14	HIRA	protein_coding	542	264	278	10.7064	3.1361	3.0198
ENSG00000100092.24	SH3BP1	protein_coding	389	201	188	6.7554	1.9788	1.9054
ENSG00000100095.19	SEZ6L	protein_coding	2	1	1	0.0237	0.0069	0.0067
ENSG00000100097.12	LGALS1	protein_coding	134089	66077	68027	10671.8817	3125.9614	3010.0669
ENSG00000100099.21	HPS4	protein_coding	9996	5186	5009	74.5927	21.8494	21.0393
ENSG00000100100.13	PIK3IP1	protein_coding	426	210	218	9.5100	2.7856	2.6824
ENSG00000100101.15	Z83844.1	protein_coding	0	0	0	0.0000	0.0000	0.0000
ENSG00000100104.13	SRRD	protein_coding	1423	2234	2320	27.9791	8.1955	7.8917
ENSG00000100105.18	PATZ1	protein_coding	1541	729	815	22.5353	6.6009	6.3562
ENSG00000100106.22	TRIOBP	protein_coding	5563	2820	2744	38.7573	11.3526	10.9317
ENSG00000100109.17	TFIP11	protein_coding	4097	3642	3587	64.0028	18.7474	18.0524
ENSG00000100116.17	GCAT	protein_coding	2097	1063	1035	84.7184	24.8154	23.8953
ENSG00000100121.13	GGTLC2	protein_coding	0	0	0	0.0000	0.0000	0.0000
ENSG00000100122.7	CRYBB1	protein_coding	14	9	14	1.0320	0.3023	0.2911
ENSG00000100124.15	ANKRD54	protein_coding	3166	1588	1655	61.2433	17.9391	17.2740
ENSG00000100129.18	EIF3L	protein_coding	7999	4086	3988	158.1189	46.3155	44.5984
ENSG00000100138.15	SNU13	protein_coding	8413	4255	4213	244.0846	71.4962	68.8455
ENSG00000100139.13	MICALL1	protein_coding	4265	2104	2163	60.6880	17.7765	17.1174
ENSG00000100142.16	POLR2F	protein_coding	2737	1548	1507	33.1660	9.7148	9.3547
ENSG00000100146.18	SOX10	protein_coding	27887	14112	14097	579.4413	169.7274	163.4348
ENSG00000100147.14	CCDC134	protein_coding	1160	722	693	13.8063	4.0441	3.8941
ENSG00000100150.20	DEPDC5	protein_coding	943	466	479	4.4670	1.3085	1.2599
ENSG00000100151.16	PICK1	protein_coding	1212	665	655	23.5469	6.8973	6.6415
ENSG00000100154.14	TTC28	protein_coding	1256	681	722	8.4350	2.4707	2.3791
ENSG00000100156.10	SLC16A8	protein_coding	10	8	3	0.3855	0.1129	0.1087
ENSG00000100162.15	CENPM	protein_coding	670	312	358	32.5124	9.5234	9.1703
ENSG00000100167.20	SEPTIN3	protein_coding	13221	6949	6853	156.9598	45.9760	44.2714
ENSG00000100170.10	SLC5A1	protein_coding	0	0	0	0.0000	0.0000	0.0000
ENSG00000100181.22	TPTEP1	transcribed_unprocessed_pseudogene	9	5	13	0.0792	0.0232	0.0223
ENSG00000100191.6	SLC5A4	protein_coding	49	35	35	2.0318	0.5951	0.5731
ENSG00000100196.11	KDELR3	protein_coding	7557	3791	3817	335.4646	98.2628	94.6198
ENSG00000100197.22	CYP2D6	protein_coding	9	9	3	0.3161	0.0926	0.0892
ENSG00000100201.23	DDX17	protein_coding	13327	6651	6728	113.2074	33.1602	31.9308
ENSG00000100206.10	DMC1	protein_coding	194	104	91	4.7849	1.4016	1.3496
ENSG00000100207.20	TCF20	protein_coding	4058	2086	1973	41.9843	12.2979	11.8419
ENSG00000100209.11	HSCB	protein_coding	639	425	402	37.3206	10.9318	10.5265
ENSG00000100211.10	CBY1	protein_coding	514	500	471	18.5899	5.4453	5.2434
ENSG00000100216.6	TOMM22	protein_coding	4027	2017	2012	156.7253	45.9073	44.2053
ENSG00000100218.12	RSPH14	protein_coding	2	102	101	0.0728	0.0213	0.0205
ENSG00000100219.16	XBP1	protein_coding	12803	6434	6370	359.0609	105.1746	101.2752
ENSG00000100220.12	RTCB	protein_coding	6236	3047	3189	180.0625	52.7431	50.7877
ENSG00000100221.10	JOSD1	protein_coding	5150	2558	2596	101.0958	29.6125	28.5147
ENSG00000100225.18	FBXO7	protein_coding	11715	5713	6002	116.7519	34.1985	32.9306
ENSG00000100226.16	GTPBP1	protein_coding	3802	2767	2828	40.2528	11.7907	11.3535
ENSG00000100227.18	POLDIP3	protein_coding	6035	3015	3020	140.4096	41.1282	39.6033
ENSG00000100228.12	RAB36	protein_coding	1085	559	526	22.4345	6.5714	6.3278
ENSG00000100234.12	TIMP3	protein_coding	40467	20278	20192	747.5475	218.9684	210.8502
ENSG00000100239.16	PPP6R2	protein_coding	4732	2359	2449	75.1250	22.0053	21.1894
ENSG00000100241.21	SBF1	protein_coding	6577	3506	3148	59.0903	17.3085	16.6668
ENSG00000100242.15	SUN2	protein_coding	5065	4979	5077	66.2848	19.4159	18.6960
ENSG00000100243.21	CYB5R3	protein_coding	25649	12855	12794	375.7331	110.0581	105.9777
ENSG00000100246.13	DNAL4	protein_coding	1165	582	583	40.7129	11.9254	11.4833
ENSG00000100249.4	C22orf31	protein_coding	0	0	0	0.0000	0.0000	0.0000
ENSG00000100253.13	MIOX	protein_coding	2	1	1	0.0946	0.0277	0.0267
ENSG00000100258.18	LMF2	protein_coding	12198	6063	6137	337.9640	98.9949	95.3247
ENSG00000100263.14	RHBDD3	protein_coding	2291	1146	1158	64.9158	19.0149	18.3099
ENSG00000100266.19	PACSIN2	protein_coding	14695	7412	7284	273.7837	80.1955	77.2223
ENSG00000100271.17	TTLL1	protein_coding	983	637	625	44.6878	13.0898	12.6045
ENSG00000100276.10	RASL10A	protein_coding	6	2	4	0.2336	0.0684	0.0659
ENSG00000100280.16	AP1B1	protein_coding	9058	4568	4490	114.4487	33.5238	32.2809
ENSG00000100281.14	HMGXB4	protein_coding	1750	860	890	24.7437	7.2478	6.9791
ENSG00000100284.21	TOM1	protein_coding	4973	2472	2501	71.9559	21.0770	20.2956
ENSG00000100285.10	NEFH	protein_coding	20	7	13	0.4475	0.1311	0.1262
ENSG00000100288.20	CHKB	protein_coding	3	2	1	0.0889	0.0260	0.0251
ENSG00000100290.3	BIK	protein_coding	9	4	5	0.8037	0.2354	0.2267
ENSG00000100292.18	HMOX1	protein_coding	3199	1522	1677	117.8059	34.5072	33.2279
ENSG00000100294.13	MCAT	protein_coding	1011	530	481	35.9375	10.5266	10.1364
ENSG00000100296.14	THOC5	protein_coding	1655	843	812	17.8400	5.2256	5.0319
ENSG00000100297.16	MCM5	protein_coding	3595	1821	1775	42.0045	12.3038	11.8476
ENSG00000100298.16	APOBEC3H	protein_coding	129	64	66	8.7568	2.5650	2.4699
ENSG00000100299.18	ARSA	protein_coding	6068	3006	3066	114.4851	33.5345	32.2912
ENSG00000100300.18	TSPO	protein_coding	6692	3349	3343	399.6397	117.0607	112.7207
ENSG00000100302.7	RASD2	protein_coding	317	161	156	7.8096	2.2876	2.2028
ENSG00000100304.13	TTLL12	protein_coding	3240	1609	1631	59.5160	17.4332	16.7868
ENSG00000100307.13	CBX7	protein_coding	3388	2380	2274	38.5309	11.2863	10.8679
ENSG00000100311.17	PDGFB	protein_coding	375	169	207	7.9772	2.3367	2.2500
ENSG00000100312.11	ACR	protein_coding	18	11	9	0.7406	0.2169	0.2089
ENSG00000100314.4	CABP7	protein_coding	7	313	291	0.1783	0.0522	0.0503
ENSG00000100316.16	RPL3	protein_coding	118048	60048	58008	2128.3841	623.4370	600.3232
ENSG00000100319.13	ZMAT5	protein_coding	662	635	624	17.5679	5.1459	4.9551
ENSG00000100320.23	RBFOX2	protein_coding	7529	3749	3780	61.4008	17.9852	17.3184
ENSG00000100321.15	SYNGR1	protein_coding	4224	2083	2143	51.6865	15.1398	14.5785
ENSG00000100324.14	TAB1	protein_coding	1999	999	1001	38.4150	11.2524	10.8352
ENSG00000100325.15	ASCC2	protein_coding	6409	3238	3171	100.5088	29.4406	28.3491
ENSG00000100330.16	MTMR3	protein_coding	310	1841	1873	2.6615	0.7796	0.7507
ENSG00000100335.15	MIEF1	protein_coding	3103	1568	1535	34.8786	10.2165	9.8377
ENSG00000100336.17	APOL4	protein_coding	426	218	209	8.2650	2.4210	2.3312
ENSG00000100341.12	PNPLA5	protein_coding	0	0	0	0.0000	0.0000	0.0000
ENSG00000100342.21	APOL1	protein_coding	14729	7340	7426	361.7100	105.9505	102.0224
ENSG00000100344.11	PNPLA3	protein_coding	278	142	136	7.3936	2.1657	2.0854
ENSG00000100345.22	MYH9	protein_coding	83205	41627	41588	793.1087	232.3140	223.7010
ENSG00000100346.18	CACNA1I	protein_coding	11	4	9	0.0866	0.0254	0.0244
ENSG00000100347.15	SAMM50	protein_coding	3284	1706	1578	43.5068	12.7438	12.2714
ENSG00000100348.10	TXN2	protein_coding	4469	2260	2209	230.0057	67.3723	64.8745
ENSG00000100350.15	FOXRED2	protein_coding	4205	2136	2070	64.7020	18.9522	18.2496
ENSG00000100351.17	GRAP2	protein_coding	232	115	118	3.1838	0.9326	0.8980
ENSG00000100353.18	EIF3D	protein_coding	14804	7166	7639	329.7042	96.5755	92.9950
ENSG00000100354.21	TNRC6B	protein_coding	3798	1931	1872	16.1280	4.7241	4.5490
ENSG00000100359.21	SGSM3	protein_coding	8	8	2	0.1424	0.0417	0.0402
ENSG00000100360.15	IFT27	protein_coding	1137	1089	1035	12.0558	3.5313	3.4004
ENSG00000100362.13	PVALB	protein_coding	1	1	0	0.0809	0.0237	0.0228
ENSG00000100364.19	KIAA0930	protein_coding	18490	9333	9159	190.6020	55.8303	53.7604
ENSG00000100365.16	NCF4	protein_coding	259	134	151	9.8233	2.8774	2.7707
ENSG00000100368.14	CSF2RB	protein_coding	699	355	345	11.8957	3.4844	3.3552
ENSG00000100372.15	SLC25A17	protein_coding	1789	934	855	38.0854	11.1558	10.7422
ENSG00000100373.10	UPK3A	protein_coding	2	0	2	0.1567	0.0459	0.0442
ENSG00000100376.12	FAM118A	protein_coding	1108	547	561	14.6446	4.2896	4.1306
ENSG00000100379.17	KCTD17	protein_coding	616	293	325	18.7764	5.4999	5.2960
ENSG00000100380.14	ST13	protein_coding	11526	5811	5716	260.0407	76.1700	73.3460
ENSG00000100385.14	IL2RB	protein_coding	1390	673	717	25.5441	7.4823	7.2049
ENSG00000100387.9	RBX1	protein_coding	2981	1475	1506	81.8719	23.9816	23.0924
ENSG00000100393.14	EP300	protein_coding	7166	3655	3635	52.0475	15.2455	14.6803
ENSG00000100395.15	L3MBTL2	protein_coding	2020	1445	1469	26.9123	7.8830	7.5908
ENSG00000100399.16	CHADL	protein_coding	106	217	214	3.4675	1.0157	0.9780
ENSG00000100401.20	RANGAP1	protein_coding	6109	3128	2984	84.8233	24.8461	23.9249
ENSG00000100403.12	ZC3H7B	protein_coding	9083	4408	4675	73.3066	21.4727	20.6766
ENSG00000100410.8	PHF5A	protein_coding	1361	668	693	96.1537	28.1649	27.1207
ENSG00000100412.17	ACO2	protein_coding	8279	8552	8628	59.5205	17.4345	16.7881
ENSG00000100413.17	POLR3H	protein_coding	2426	5707	5620	31.2194	9.1447	8.8056
ENSG00000100416.15	TRMU	protein_coding	1226	607	619	11.2932	3.3080	3.1853
ENSG00000100417.12	PMM1	protein_coding	2166	1656	1716	36.3729	10.6542	10.2592
ENSG00000100418.8	DESI1	protein_coding	3071	1510	1562	53.0170	15.5295	14.9538
ENSG00000100422.14	CERK	protein_coding	1911	930	981	32.9174	9.6420	9.2846
ENSG00000100425.18	BRD1	protein_coding	1677	847	830	24.3439	7.1307	6.8663
ENSG00000100426.7	ZBED4	protein_coding	1653	883	771	20.3646	5.9651	5.7440
ENSG00000100427.16	MLC1	protein_coding	38	15	23	0.8445	0.2474	0.2382
ENSG00000100429.18	HDAC10	protein_coding	20	10	10	0.3430	0.1005	0.0968
ENSG00000100433.16	KCNK10	protein_coding	0	0	0	0.0000	0.0000	0.0000
ENSG00000100439.10	ABHD4	protein_coding	1583	799	823	33.0293	9.6748	9.3161
ENSG00000100441.10	KHNYN	protein_coding	1495	1539	1527	15.8220	4.6345	4.4627
ENSG00000100442.11	FKBP3	protein_coding	1752	1620	1554	65.7449	19.2577	18.5437
ENSG00000100445.17	SDR39U1	protein_coding	39	736	760	1.0687	0.3130	0.3014
ENSG00000100448.4	CTSG	protein_coding	267	133	134	16.5744	4.8549	4.6749
ENSG00000100450.13	GZMH	protein_coding	169	95	74	15.0910	4.4204	4.2565
ENSG00000100453.13	GZMB	protein_coding	295	153	143	17.7545	5.2006	5.0077
ENSG00000100461.18	RBM23	protein_coding	2811	1468	1553	17.0241	4.9866	4.8017
ENSG00000100462.16	PRMT5	protein_coding	1201	1874	1858	31.1323	9.1191	8.7811
ENSG00000100473.18	COCH	protein_coding	3	114	106	0.0632	0.0185	0.0178
ENSG00000100478.15	AP4S1	protein_coding	367	389	342	3.3386	0.9779	0.9417
ENSG00000100479.13	POLE2	protein_coding	192	105	87	5.5177	1.6162	1.5563
ENSG00000100483.14	VCPKMT	protein_coding	185	85	100	7.6449	2.2393	2.1563
ENSG00000100485.12	SOS2	protein_coding	2369	1188	1181	28.9546	8.4813	8.1668
ENSG00000100490.9	CDKL1	protein_coding	178	94	96	2.4583	0.7201	0.6934
ENSG00000100503.26	NIN	protein_coding	7361	3879	3607	45.2315	13.2490	12.7578
ENSG00000100504.17	PYGL	protein_coding	7070	4165	4211	132.0694	38.6852	37.2510
ENSG00000100505.13	TRIM9	protein_coding	309	148	177	2.9335	0.8593	0.8274
ENSG00000100519.12	PSMC6	protein_coding	2471	1217	1254	28.0570	8.2183	7.9136
ENSG00000100522.10	GNPNAT1	protein_coding	678	901	957	14.3581	4.2057	4.0498
ENSG00000100523.16	DDHD1	protein_coding	866	453	427	4.0018	1.1722	1.1287
ENSG00000100526.20	CDKN3	protein_coding	442	218	224	20.4438	5.9883	5.7663
ENSG00000100528.12	CNIH1	protein_coding	4368	2153	2215	73.9057	21.6481	20.8455
ENSG00000100532.12	CGRRF1	protein_coding	772	391	381	14.4180	4.2233	4.0667
ENSG00000100554.12	ATP6V1D	protein_coding	4663	2359	2312	93.2385	27.3110	26.2985
ENSG00000100557.10	CCDC198	protein_coding	0	0	0	0.0000	0.0000	0.0000
ENSG00000100558.9	PLEK2	protein_coding	112	64	48	6.0619	1.7756	1.7098
ENSG00000100564.9	PIGH	protein_coding	1286	1024	1069	37.5671	11.0040	10.5960
ENSG00000100565.15	LRRC74A	protein_coding	0	0	0	0.0000	0.0000	0.0000
ENSG00000100567.13	PSMA3	protein_coding	3133	1612	1527	85.6311	25.0827	24.1527
ENSG00000100568.11	VTI1B	protein_coding	1700	2119	2175	25.0286	7.3313	7.0595
ENSG00000100575.14	TIMM9	protein_coding	722	496	468	43.2998	12.6832	12.2130
ENSG00000100577.19	GSTZ1	protein_coding	1715	846	871	17.4105	5.0998	4.9107
ENSG00000100578.18	KIAA0586	protein_coding	1997	1024	984	9.5633	2.8012	2.6974
ENSG00000100580.8	TMED8	protein_coding	3043	1524	1521	33.2963	9.7530	9.3914
ENSG00000100583.4	SAMD15	protein_coding	55	31	24	1.7854	0.5230	0.5036
ENSG00000100591.8	AHSA1	protein_coding	6009	3038	2976	173.3312	50.7714	48.8891
ENSG00000100592.16	DAAM1	protein_coding	2689	1363	1327	21.3173	6.2442	6.0127
ENSG00000100593.18	ISM2	protein_coding	0	0	0	0.0000	0.0000	0.0000
ENSG00000100596.7	SPTLC2	protein_coding	5176	2612	2564	48.8007	14.2945	13.7645
ENSG00000100599.16	RIN3	protein_coding	3035	1500	1537	29.7065	8.7015	8.3789
ENSG00000100600.15	LGMN	protein_coding	27761	13747	14017	608.2241	178.1584	171.5532
ENSG00000100601.10	ALKBH1	protein_coding	591	279	313	17.6284	5.1636	4.9722
ENSG00000100603.14	SNW1	protein_coding	2614	1694	1642	91.2755	26.7360	25.7448
ENSG00000100604.13	CHGA	protein_coding	27	11	17	0.7582	0.2221	0.2139
ENSG00000100605.17	ITPK1	protein_coding	15748	7910	7839	196.9554	57.6913	55.5524
ENSG00000100612.14	DHRS7	protein_coding	6749	4371	4051	176.4014	51.6707	49.7550
ENSG00000100614.18	PPM1A	protein_coding	2799	1426	1373	19.9624	5.8473	5.6305
ENSG00000100625.9	SIX4	protein_coding	275	143	141	3.4490	1.0103	0.9728
ENSG00000100626.17	GALNT16	protein_coding	71	41	33	0.5260	0.1541	0.1484
ENSG00000100628.12	ASB2	protein_coding	241	135	117	4.1137	1.2050	1.1603
ENSG00000100629.17	CEP128	protein_coding	363	176	188	3.2959	0.9654	0.9296
ENSG00000100632.11	ERH	protein_coding	2293	1585	1487	174.9529	51.2464	49.3465
ENSG00000100644.17	HIF1A	protein_coding	7670	4120	3987	126.4492	37.0390	35.6657
ENSG00000100647.8	SUSD6	protein_coding	3553	1742	1812	51.7357	15.1542	14.5923
ENSG00000100650.16	SRSF5	protein_coding	3715	1855	1861	58.8911	17.2501	16.6106
ENSG00000100652.5	SLC10A1	protein_coding	1	0	2	0.0424	0.0124	0.0120
ENSG00000100664.11	EIF5	protein_coding	8186	4097	4089	83.5728	24.4798	23.5722
ENSG00000100665.12	SERPINA4	protein_coding	0	0	0	0.0000	0.0000	0.0000
ENSG00000100678.19	SLC8A3	protein_coding	5	4	1	0.0503	0.0147	0.0142
ENSG00000100697.15	DICER1	protein_coding	1977	1002	982	13.2404	3.8783	3.7345
ENSG00000100711.14	ZFYVE21	protein_coding	514	456	431	5.2025	1.5239	1.4674
ENSG00000100714.17	MTHFD1	protein_coding	5917	4367	4426	41.1594	12.0562	11.6093
ENSG00000100721.11	TCL1A	protein_coding	36	21	15	1.3551	0.3969	0.3822
ENSG00000100722.20	ZC3H14	protein_coding	2136	1441	1428	8.6384	2.5303	2.4365
ENSG00000100726.15	TELO2	protein_coding	2143	1135	1030	42.9310	12.5752	12.1089
ENSG00000100731.16	PCNX1	protein_coding	3921	1970	2047	19.9206	5.8351	5.6187
ENSG00000100739.11	BDKRB1	protein_coding	2	2	0	0.0716	0.0210	0.0202
ENSG00000100744.15	GSKIP	protein_coding	1403	734	669	26.0879	7.6416	7.3582
ENSG00000100749.8	VRK1	protein_coding	868	430	438	27.6901	8.1109	7.8101
ENSG00000100764.14	PSMC1	protein_coding	694	847	800	9.6157	2.8166	2.7122
ENSG00000100767.17	PAPLN	protein_coding	421	336	302	4.6437	1.3602	1.3098
ENSG00000100784.12	RPS6KA5	protein_coding	2299	1171	1183	6.9771	2.0437	1.9679
ENSG00000100796.17	PPP4R3A	protein_coding	3321	1719	1602	47.7031	13.9730	13.4549
ENSG00000100802.15	C14orf93	protein_coding	254	153	196	5.0669	1.4842	1.4291
ENSG00000100804.19	PSMB5	protein_coding	5027	2574	2453	275.5940	80.7258	77.7329
ENSG00000100811.14	YY1	protein_coding	4156	2158	2088	41.2445	12.0812	11.6333
ENSG00000100813.14	ACIN1	protein_coding	5197	2685	2866	48.4447	14.1902	13.6641
ENSG00000100814.18	CCNB1IP1	protein_coding	554	297	258	12.7842	3.7447	3.6059
ENSG00000100815.12	TRIP11	protein_coding	3063	1547	1516	25.0782	7.3458	7.0735
ENSG00000100823.12	APEX1	protein_coding	5608	2888	2943	252.5100	73.9641	71.2219
ENSG00000100836.10	PABPN1	protein_coding	86	38	48	1.8842	0.5519	0.5314
ENSG00000100842.13	EFS	protein_coding	56	36	35	1.4696	0.4305	0.4145
ENSG00000100852.13	ARHGAP5	protein_coding	3797	4230	4277	29.6145	8.6746	8.3530
ENSG00000100865.15	CINP	protein_coding	1635	938	917	25.9815	7.6104	7.3282
ENSG00000100867.15	DHRS2	protein_coding	259	145	116	2.9221	0.8559	0.8242
ENSG00000100883.13	SRP54	protein_coding	4079	2074	2006	40.8624	11.9692	11.5255
ENSG00000100884.9	CPNE6	protein_coding	1	0	1	0.0142	0.0041	0.0040
ENSG00000100888.15	CHD8	protein_coding	4733	2387	2348	19.1824	5.6188	5.4105
ENSG00000100889.12	PCK2	protein_coding	1280	605	678	26.0230	7.6226	7.3399
ENSG00000100890.16	PRORP	protein_coding	188	157	129	2.2840	0.6690	0.6442
ENSG00000100897.18	DCAF11	protein_coding	4039	2066	2067	54.0148	15.8218	15.2352
ENSG00000100902.11	PSMA6	protein_coding	59	27	32	0.7701	0.2256	0.2172
ENSG00000100906.11	NFKBIA	protein_coding	3507	1739	1768	125.6078	36.7925	35.4284
ENSG00000100908.14	EMC9	protein_coding	573	409	370	30.5842	8.9586	8.6264
ENSG00000100911.16	PSME2	protein_coding	9119	4564	4595	216.1892	63.3252	60.9774
ENSG00000100916.14	BRMS1L	protein_coding	299	153	177	6.5492	1.9184	1.8472
ENSG00000100918.13	REC8	protein_coding	107	63	81	2.3638	0.6924	0.6667
ENSG00000100926.15	TM9SF1	protein_coding	173	88	85	4.1618	1.2191	1.1739
ENSG00000100934.15	SEC23A	protein_coding	4107	2090	2074	40.2735	11.7967	11.3594
ENSG00000100938.18	GMPR2	protein_coding	2335	1137	1202	54.7912	16.0492	15.4542
ENSG00000100941.9	PNN	protein_coding	1854	908	981	37.4596	10.9725	10.5657
ENSG00000100949.14	RABGGTA	protein_coding	1410	707	721	33.7765	9.8937	9.5269
ENSG00000100968.14	NFATC4	protein_coding	260	121	139	2.6170	0.7665	0.7381
ENSG00000100979.15	PLTP	protein_coding	32576	18658	19298	1088.6928	318.8952	307.0722
ENSG00000100982.12	PCIF1	protein_coding	1065	573	555	28.5842	8.3727	8.0623
ENSG00000100983.12	GSS	protein_coding	5386	2711	2677	74.1780	21.7279	20.9223
ENSG00000100985.7	MMP9	protein_coding	7403	5778	5784	269.1207	78.8297	75.9071
ENSG00000100987.15	VSX1	protein_coding	5	3	2	0.1180	0.0346	0.0333
ENSG00000100991.12	TRPC4AP	protein_coding	4947	2438	2553	132.8594	38.9166	37.4738
ENSG00000100994.12	PYGB	protein_coding	29033	14506	14529	553.2979	162.0696	156.0609
ENSG00000100997.20	ABHD12	protein_coding	5391	2787	2606	102.2117	29.9394	28.8294
ENSG00000101000.6	PROCR	protein_coding	801	555	582	40.0833	11.7410	11.3057
ENSG00000101003.10	GINS1	protein_coding	482	236	246	9.9108	2.9030	2.7954
ENSG00000101004.15	NINL	protein_coding	173	78	95	2.4364	0.7136	0.6872
ENSG00000101017.14	CD40	protein_coding	1010	499	511	34.0221	9.9656	9.5961
ENSG00000101019.22	UQCC1	protein_coding	1762	879	884	22.4265	6.5691	6.3255
ENSG00000101040.19	ZMYND8	protein_coding	5769	2843	2927	64.2500	18.8198	18.1221
ENSG00000101049.17	SGK2	protein_coding	7	5	2	0.1157	0.0339	0.0326
ENSG00000101052.13	IFT52	protein_coding	1125	531	594	37.6272	11.0216	10.6130
ENSG00000101057.16	MYBL2	protein_coding	341	173	168	10.4315	3.0556	2.9423
ENSG00000101074.5	R3HDML	protein_coding	0	0	0	0.0000	0.0000	0.0000
ENSG00000101076.17	HNF4A	protein_coding	0	0	0	0.0000	0.0000	0.0000
ENSG00000101079.21	NDRG3	protein_coding	2555	1304	1253	66.5557	19.4952	18.7724
ENSG00000101082.14	SLA2	protein_coding	174	500	543	5.3987	1.5814	1.5227
ENSG00000101084.18	RAB5IF	protein_coding	9	18	13	0.5082	0.1489	0.1433
ENSG00000101096.20	NFATC2	protein_coding	1920	919	1001	19.6774	5.7638	5.5501
ENSG00000101098.13	RIMS4	protein_coding	2	6	4	0.0314	0.0092	0.0088
ENSG00000101104.13	PABPC1L	protein_coding	395	195	200	6.6423	1.9456	1.8735
ENSG00000101109.12	STK4	protein_coding	3395	1686	1711	31.5708	9.2476	8.9047
ENSG00000101115.13	SALL4	protein_coding	126	64	62	1.8535	0.5429	0.5228
ENSG00000101126.18	ADNP	protein_coding	5228	2626	2607	52.3419	15.3318	14.7633
ENSG00000101132.10	PFDN4	protein_coding	543	290	253	26.4554	7.7492	7.4619
ENSG00000101134.12	DOK5	protein_coding	50	26	24	1.6293	0.4773	0.4596
ENSG00000101138.12	CSTF1	protein_coding	1611	812	800	28.5431	8.3607	8.0507
ENSG00000101144.13	BMP7	protein_coding	8	4	4	0.1252	0.0367	0.0353
ENSG00000101146.13	RAE1	protein_coding	1286	653	633	19.3562	5.6697	5.4595
ENSG00000101150.18	TPD52L2	protein_coding	3526	1760	1766	63.7898	18.6850	17.9923
ENSG00000101152.11	DNAJC5	protein_coding	4685	2415	2270	74.4623	21.8112	21.0025
ENSG00000101158.15	NELFCD	protein_coding	2089	1052	1041	28.1675	8.2507	7.9448
ENSG00000101160.14	CTSZ	protein_coding	14053	7076	6981	583.5633	170.9348	164.5975
ENSG00000101161.8	PRPF6	protein_coding	6453	3329	3124	179.8463	52.6798	50.7267
ENSG00000101162.4	TUBB1	protein_coding	5	20	16	0.1279	0.0375	0.0361
ENSG00000101166.16	PRELID3B	protein_coding	2537	1266	1271	74.8847	21.9349	21.1217
ENSG00000101180.16	HRH3	protein_coding	0	0	0	0.0000	0.0000	0.0000
ENSG00000101181.17	MTG2	protein_coding	1047	515	532	17.0689	4.9997	4.8144
ENSG00000101182.15	PSMA7	protein_coding	6430	3326	3104	311.6658	91.2918	87.9072
ENSG00000101187.16	SLCO4A1	protein_coding	235	178	196	5.0003	1.4647	1.4104
ENSG00000101188.5	NTSR1	protein_coding	12	4	8	0.2405	0.0704	0.0678
ENSG00000101189.7	MRGBP	protein_coding	1107	588	531	34.1595	10.0059	9.6349
ENSG00000101190.13	TCFL5	protein_coding	336	207	177	7.9149	2.3184	2.2324
ENSG00000101191.17	DIDO1	protein_coding	2695	1369	1328	17.2296	5.0468	4.8597
ENSG00000101193.8	GID8	protein_coding	2368	1179	1191	43.7727	12.8217	12.3463
ENSG00000101194.18	SLC17A9	protein_coding	161	83	78	2.5036	0.7333	0.7062
ENSG00000101197.13	BIRC7	protein_coding	4699	2382	2318	257.4459	75.4099	72.6141
ENSG00000101198.15	NKAIN4	protein_coding	88	45	43	2.8842	0.8448	0.8135
ENSG00000101199.13	ARFGAP1	protein_coding	2868	1422	1446	36.8460	10.7928	10.3926
ENSG00000101200.5	AVP	protein_coding	0	0	0	0.0000	0.0000	0.0000
ENSG00000101203.16	COL20A1	protein_coding	0	0	0	0.0000	0.0000	0.0000
ENSG00000101204.18	CHRNA4	protein_coding	0	1	0	0.0000	0.0000	0.0000
ENSG00000101210.13	EEF1A2	protein_coding	17595	8783	8816	309.6095	90.6895	87.3272
ENSG00000101213.7	PTK6	protein_coding	395	190	206	11.3592	3.3273	3.2039
ENSG00000101216.11	GMEB2	protein_coding	1021	500	521	18.1883	5.3276	5.1301
ENSG00000101220.18	C20orf27	protein_coding	2389	1149	1240	112.1476	32.8498	31.6319
ENSG00000101222.12	SPEF1	protein_coding	31	17	14	1.3676	0.4006	0.3857
ENSG00000101224.17	CDC25B	protein_coding	2398	1190	1208	47.2043	13.8269	13.3142
ENSG00000101230.6	ISM1	protein_coding	121	60	62	3.3254	0.9741	0.9379
ENSG00000101236.17	RNF24	protein_coding	2681	1516	1582	29.7844	8.7243	8.4009
ENSG00000101246.20	ARFRP1	protein_coding	1354	662	694	15.0757	4.4159	4.2522
ENSG00000101247.18	NDUFAF5	protein_coding	387	175	212	4.5913	1.3449	1.2950
ENSG00000101251.13	SEL1L2	protein_coding	0	0	0	0.0000	0.0000	0.0000
ENSG00000101255.11	TRIB3	protein_coding	3162	1620	1542	88.6200	25.9582	24.9958
ENSG00000101265.16	RASSF2	protein_coding	666	354	312	9.8841	2.8952	2.7879
ENSG00000101266.19	CSNK2A1	protein_coding	4512	2274	2238	12.9784	3.8016	3.6606
ENSG00000101276.18	SLC52A3	protein_coding	62	33	29	0.8799	0.2577	0.2482
ENSG00000101278.6	RPS10P5	processed_pseudogene	0	3	0	0.0000	0.0000	0.0000
ENSG00000101280.8	ANGPT4	protein_coding	4	1	3	0.0724	0.0212	0.0204
ENSG00000101282.9	RSPO4	protein_coding	4	1	3	0.1232	0.0361	0.0348
ENSG00000101290.14	CDS2	protein_coding	7292	3622	3671	52.4780	15.3716	14.8017
ENSG00000101292.8	PROKR2	protein_coding	5	2	3	0.0939	0.0275	0.0265
ENSG00000101294.18	HM13	protein_coding	19304	9706	9623	187.0071	54.7773	52.7465
ENSG00000101298.15	SNPH	protein_coding	39	17	22	0.5801	0.1699	0.1636
ENSG00000101306.11	MYLK2	protein_coding	1	1	0	0.0285	0.0084	0.0080
ENSG00000101307.16	SIRPB1	protein_coding	60	36	32	0.6193	0.1814	0.1747
ENSG00000101310.17	SEC23B	protein_coding	4999	2448	2552	97.6575	28.6054	27.5449
ENSG00000101311.16	FERMT1	protein_coding	1	0	1	0.0175	0.0051	0.0049
ENSG00000101323.5	HAO1	protein_coding	0	0	0	0.0000	0.0000	0.0000
ENSG00000101327.9	PDYN	protein_coding	0	0	0	0.0000	0.0000	0.0000
ENSG00000101331.17	CCM2L	protein_coding	32	34	37	1.0456	0.3063	0.2949
ENSG00000101333.17	PLCB4	protein_coding	1050	506	544	12.9848	3.8034	3.6624
ENSG00000101335.10	MYL9	protein_coding	3570	1854	1716	107.9651	31.6247	30.4522
ENSG00000101336.17	HCK	protein_coding	540	285	255	14.8742	4.3569	4.1953
ENSG00000101337.16	TM9SF4	protein_coding	6198	3044	3161	101.0826	29.6087	28.5109
ENSG00000101342.10	TLDC2	protein_coding	21	377	371	0.6985	0.2046	0.1970
ENSG00000101343.15	CRNKL1	protein_coding	1670	813	857	31.0526	9.0958	8.7586
ENSG00000101346.14	POFUT1	protein_coding	4576	2265	2311	60.5573	17.7382	17.0805
ENSG00000101347.10	SAMHD1	protein_coding	6883	3765	3845	54.3880	15.9311	15.3404
ENSG00000101349.17	PAK5	protein_coding	0	0	0	0.0000	0.0000	0.0000
ENSG00000101350.8	KIF3B	protein_coding	3812	1890	1922	52.9295	15.5039	14.9291
ENSG00000101353.15	MROH8	protein_coding	19	719	605	0.4162	0.1219	0.1174
ENSG00000101361.17	NOP56	protein_coding	5436	2642	2794	93.2581	27.3168	26.3040
ENSG00000101363.12	MANBAL	protein_coding	1586	811	775	65.8601	19.2914	18.5762
ENSG00000101365.21	IDH3B	protein_coding	2517	1242	1275	83.2664	24.3900	23.4858
ENSG00000101367.9	MAPRE1	protein_coding	6799	3453	3346	225.3607	66.0117	63.5643
ENSG00000101384.12	JAG1	protein_coding	1643	863	860	15.0058	4.3954	4.2325
ENSG00000101391.21	CDK5RAP1	protein_coding	776	413	363	14.4292	4.2265	4.0698
ENSG00000101400.6	SNTA1	protein_coding	1613	798	815	61.9524	18.1468	17.4740
ENSG00000101405.3	OXT	protein_coding	1	0	1	0.1655	0.0485	0.0467
ENSG00000101407.13	TTI1	protein_coding	1810	925	885	34.3708	10.0677	9.6945
ENSG00000101412.13	E2F1	protein_coding	1216	589	629	38.3878	11.2444	10.8275
ENSG00000101413.12	RPRD1B	protein_coding	1460	717	743	23.2615	6.8137	6.5610
ENSG00000101417.12	PXMP4	protein_coding	732	371	361	10.8693	3.1838	3.0658
ENSG00000101421.4	CHMP4B	protein_coding	4876	2506	2370	258.4720	75.7105	72.9035
ENSG00000101425.14	BPI	protein_coding	1	0	1	0.0342	0.0100	0.0096
ENSG00000101435.5	CST9L	protein_coding	0	0	0	0.0000	0.0000	0.0000
ENSG00000101438.4	SLC32A1	protein_coding	0	0	0	0.0000	0.0000	0.0000
ENSG00000101439.9	CST3	protein_coding	25789	13243	12547	605.8128	177.4521	170.8731
ENSG00000101440.9	ASIP	protein_coding	8	5	3	0.8732	0.2558	0.2463
ENSG00000101441.4	CST4	protein_coding	6	4	2	0.6785	0.1987	0.1914
ENSG00000101442.10	ACTR5	protein_coding	445	223	222	14.8369	4.3460	4.1848
ENSG00000101443.18	WFDC2	protein_coding	10	7	3	0.6361	0.1863	0.1794
ENSG00000101444.13	AHCY	protein_coding	9667	4811	4856	210.8182	61.7519	59.4625
ENSG00000101445.10	PPP1R16B	protein_coding	325	160	165	4.3070	1.2616	1.2148
ENSG00000101446.8	SPINT3	protein_coding	0	0	0	0.0000	0.0000	0.0000
ENSG00000101447.15	FAM83D	protein_coding	309	141	168	10.6022	3.1055	2.9904
ENSG00000101448.14	EPPIN	protein_coding	0	0	1	0.0000	0.0000	0.0000
ENSG00000101452.15	DHX35	protein_coding	621	316	305	10.5513	3.0907	2.9761
ENSG00000101457.13	DNTTIP1	protein_coding	1269	676	593	57.7514	16.9163	16.2891
ENSG00000101460.13	MAP1LC3A	protein_coding	695	338	358	51.2324	15.0068	14.4504
ENSG00000101463.6	SYNDIG1	protein_coding	84	42	43	2.9513	0.8645	0.8324
ENSG00000101464.11	PIGU	protein_coding	1819	865	955	57.0633	16.7147	16.0950
ENSG00000101470.10	TNNC2	protein_coding	2	2	2	0.2005	0.0587	0.0566
ENSG00000101473.17	ACOT8	protein_coding	565	510	493	11.0198	3.2279	3.1082
ENSG00000101474.12	APMAP	protein_coding	6657	3530	3457	253.9602	74.3889	71.6310
ENSG00000101489.20	CELF4	protein_coding	5	5	2	0.0671	0.0197	0.0189
ENSG00000101493.11	ZNF516	protein_coding	906	480	427	8.7659	2.5677	2.4725
ENSG00000101542.10	CDH20	protein_coding	1	0	1	0.0199	0.0058	0.0056
ENSG00000101544.9	ADNP2	protein_coding	930	465	465	13.9608	4.0893	3.9377
ENSG00000101546.13	RBFA	protein_coding	296	137	159	3.1638	0.9267	0.8924
ENSG00000101557.15	USP14	protein_coding	2721	1402	1393	38.5950	11.3051	10.8860
ENSG00000101558.14	VAPA	protein_coding	2691	1331	1360	19.2585	5.6411	5.4320
ENSG00000101574.15	METTL4	protein_coding	394	210	184	5.8453	1.7122	1.6487
ENSG00000101577.10	LPIN2	protein_coding	767	421	427	9.8256	2.8781	2.7714
ENSG00000101596.16	SMCHD1	protein_coding	1551	795	781	10.5818	3.0996	2.9847
ENSG00000101605.13	MYOM1	protein_coding	22	12	10	0.2904	0.0851	0.0819
ENSG00000101608.13	MYL12A	protein_coding	3712	2921	2755	103.9659	30.4533	29.3242
ENSG00000101624.11	CEP76	protein_coding	126	69	76	1.7356	0.5084	0.4895
ENSG00000101638.14	ST8SIA5	protein_coding	1	0	1	0.0054	0.0016	0.0015
ENSG00000101639.18	CEP192	protein_coding	710	364	346	6.0896	1.7838	1.7176
ENSG00000101654.18	RNMT	protein_coding	2933	1499	1434	35.6836	10.4523	10.0648
ENSG00000101665.9	SMAD7	protein_coding	707	372	335	11.9290	3.4942	3.3646
ENSG00000101670.12	LIPG	protein_coding	123	59	64	0.7980	0.2338	0.2251
ENSG00000101680.15	LAMA1	protein_coding	2296	1292	1247	12.2960	3.6017	3.4682
ENSG00000101695.9	RNF125	protein_coding	1193	585	608	16.7151	4.8961	4.7146
ENSG00000101745.17	ANKRD12	protein_coding	1152	590	565	7.9873	2.3396	2.2529
ENSG00000101746.15	NOL4	protein_coding	0	0	0	0.0000	0.0000	0.0000
ENSG00000101751.10	POLI	protein_coding	450	239	233	4.0349	1.1819	1.1381
ENSG00000101752.12	MIB1	protein_coding	1584	791	793	12.7417	3.7322	3.5939
ENSG00000101773.19	RBBP8	protein_coding	747	364	383	12.4922	3.6592	3.5235
ENSG00000101782.15	RIOK3	protein_coding	1145	571	574	20.0235	5.8652	5.6477
ENSG00000101811.14	CSTF2	protein_coding	1016	506	510	31.0916	9.1072	8.7696
ENSG00000101812.14	H2BW2	protein_coding	0	0	0	0.0000	0.0000	0.0000
ENSG00000101825.8	MXRA5	protein_coding	6534	3295	3239	56.5963	16.5779	15.9633
ENSG00000101842.14	VSIG1	protein_coding	7	4	3	0.1577	0.0462	0.0445
ENSG00000101843.19	PSMD10	protein_coding	199	89	110	7.0708	2.0711	1.9944
ENSG00000101844.18	ATG4A	protein_coding	993	496	497	28.8097	8.4388	8.1259
ENSG00000101846.8	STS	protein_coding	700	354	396	4.8164	1.4108	1.3585
ENSG00000101849.17	TBL1X	protein_coding	1151	549	603	10.8135	3.1675	3.0500
ENSG00000101850.13	GPR143	protein_coding	9084	4524	4561	325.6299	95.3821	91.8458
ENSG00000101856.10	PGRMC1	protein_coding	6408	3248	3161	283.5697	83.0620	79.9825
ENSG00000101868.13	POLA1	protein_coding	911	453	458	4.9760	1.4576	1.4035
ENSG00000101871.16	MID1	protein_coding	3608	1759	1849	32.4225	9.4971	9.1450
ENSG00000101882.10	NKAP	protein_coding	773	520	544	8.3378	2.4423	2.3517
ENSG00000101883.5	RHOXF1	protein_coding	2	2	0	0.2274	0.0666	0.0641
ENSG00000101888.12	NXT2	protein_coding	584	276	308	15.9773	4.6800	4.5065
ENSG00000101890.5	GUCY2F	protein_coding	0	1	0	0.0000	0.0000	0.0000
ENSG00000101892.12	ATP1B4	protein_coding	28	11	17	0.4982	0.1459	0.1405
ENSG00000101898.6	MCTS2P	protein_coding	0	0	0	0.0000	0.0000	0.0000
ENSG00000101901.12	ALG13	protein_coding	650	303	349	6.7414	1.9747	1.9014
ENSG00000101911.13	PRPS2	protein_coding	1714	876	838	52.7751	15.4586	14.8855
ENSG00000101916.12	TLR8	protein_coding	71	35	36	1.3851	0.4057	0.3907
ENSG00000101928.13	MOSPD1	protein_coding	873	415	458	27.8810	8.1668	7.8640
ENSG00000101935.10	AMMECR1	protein_coding	967	477	490	12.9076	3.7808	3.6407
ENSG00000101938.15	CHRDL1	protein_coding	1395	662	733	30.2204	8.8520	8.5238
ENSG00000101940.18	WDR13	protein_coding	3513	1731	1782	37.8970	11.1006	10.6891
ENSG00000101945.17	SUV39H1	protein_coding	476	283	310	12.5030	3.6623	3.5265
ENSG00000101951.17	PAGE4	protein_coding	0	0	0	0.0000	0.0000	0.0000
ENSG00000101955.15	SRPX	protein_coding	13179	6607	6574	563.2444	164.9831	158.8664
ENSG00000101958.14	GLRA2	protein_coding	0	0	0	0.0000	0.0000	0.0000
ENSG00000101966.13	XIAP	protein_coding	2666	1346	1321	25.1665	7.3717	7.0984
ENSG00000101972.19	STAG2	protein_coding	4040	2033	2008	41.8440	12.2568	11.8023
ENSG00000101974.14	ATP11C	protein_coding	1615	798	817	18.5158	5.4236	5.2225
ENSG00000101977.21	MCF2	protein_coding	0	0	0	0.0000	0.0000	0.0000
ENSG00000101981.12	F9	protein_coding	0	0	0	0.0000	0.0000	0.0000
ENSG00000101986.12	ABCD1	protein_coding	11344	5720	5630	227.3095	66.5825	64.1140
ENSG00000101997.13	CCDC22	protein_coding	1199	635	629	40.6141	11.8965	11.4555
ENSG00000102001.13	CACNA1F	protein_coding	21	13	11	0.2574	0.0754	0.0726
ENSG00000102003.11	SYP	protein_coding	117	61	63	1.9315	0.5658	0.5448
ENSG00000102007.11	PLP2	protein_coding	5232	4353	4439	340.9852	99.8799	96.1769
ENSG00000102010.15	BMX	protein_coding	15361	7601	7760	461.2670	135.1123	130.1031
ENSG00000102021.11	LUZP4	protein_coding	1163	582	581	56.5650	16.5688	15.9545
ENSG00000102024.18	PLS3	protein_coding	12792	6547	6245	265.0164	77.6275	74.7494
ENSG00000102030.16	NAA10	protein_coding	1143	611	532	21.0277	6.1594	5.9310
ENSG00000102032.13	RENBP	protein_coding	6814	3430	3384	282.6810	82.8017	79.7318
ENSG00000102034.17	ELF4	protein_coding	1004	508	496	16.2803	4.7688	4.5920
ENSG00000102038.16	SMARCA1	protein_coding	5195	2725	2470	101.1143	29.6180	28.5199
ENSG00000102043.16	MTMR8	protein_coding	8	4	4	0.2424	0.0710	0.0684
ENSG00000102048.16	ASB9	protein_coding	607	300	307	22.1421	6.4858	6.2453
ENSG00000102053.12	ZC3H12B	protein_coding	13	9	5	0.1410	0.0413	0.0398
ENSG00000102054.18	RBBP7	protein_coding	4445	2176	2315	51.4266	15.0637	14.5052
ENSG00000102055.7	PPP1R2C	protein_coding	0	0	0	0.0000	0.0000	0.0000
ENSG00000102057.10	KCND1	protein_coding	597	296	301	8.3357	2.4416	2.3511
ENSG00000102076.10	OPN1LW	protein_coding	0	0	0	0.0000	0.0000	0.0000
ENSG00000102078.16	SLC25A14	protein_coding	374	187	187	10.5551	3.0917	2.9771
ENSG00000102081.15	FMR1	protein_coding	2112	1059	1053	20.0371	5.8692	5.6516
ENSG00000102096.9	PIM2	protein_coding	1534	788	746	47.1814	13.8202	13.3078
ENSG00000102098.19	SCML2	protein_coding	58	28	30	1.1383	0.3334	0.3211
ENSG00000102100.16	SLC35A2	protein_coding	1497	751	748	33.9455	9.9432	9.5745
ENSG00000102103.17	PQBP1	protein_coding	2297	1265	1330	68.8050	20.1541	19.4069
ENSG00000102104.9	RS1	protein_coding	0	0	1	0.0000	0.0000	0.0000
ENSG00000102109.9	PCSK1N	protein_coding	19	9	10	1.2059	0.3532	0.3401
ENSG00000102119.11	EMD	protein_coding	2221	1087	1137	97.0207	28.4189	27.3653
ENSG00000102125.16	TAZ	protein_coding	602	316	350	8.5531	2.5053	2.4125
ENSG00000102128.8	RAB40AL	protein_coding	0	0	0	0.0000	0.0000	0.0000
ENSG00000102144.15	PGK1	protein_coding	23009	11483	11526	359.3773	105.2673	101.3645
ENSG00000102145.15	GATA1	protein_coding	0	0	0	0.0000	0.0000	0.0000
ENSG00000102158.20	MAGT1	protein_coding	11365	5736	5629	176.1491	51.5968	49.6839
ENSG00000102172.16	SMS	protein_coding	2651	1304	1347	111.1175	32.5481	31.3413
ENSG00000102174.9	PHEX	protein_coding	586	302	317	7.6559	2.2425	2.1594
ENSG00000102178.13	UBL4A	protein_coding	2133	1105	1031	70.3438	20.6048	19.8409
ENSG00000102181.21	CD99L2	protein_coding	7105	3561	3544	104.6954	30.6669	29.5300
ENSG00000102189.17	EEA1	protein_coding	3283	1647	1638	27.4674	8.0456	7.7473
ENSG00000102195.10	GPR50	protein_coding	0	0	0	0.0000	0.0000	0.0000
ENSG00000102218.6	RP2	protein_coding	1179	572	607	27.0598	7.9262	7.6324
ENSG00000102221.14	JADE3	protein_coding	494	236	258	8.1473	2.3865	2.2980
ENSG00000102225.16	CDK16	protein_coding	3271	1573	1698	42.5317	12.4582	11.9963
ENSG00000102226.10	USP11	protein_coding	9052	4462	4590	150.9326	44.2105	42.5714
ENSG00000102230.14	PCYT1B	protein_coding	23	14	9	0.3447	0.1010	0.0972
ENSG00000102239.5	BRS3	protein_coding	0	0	0	0.0000	0.0000	0.0000
ENSG00000102241.12	HTATSF1	protein_coding	4076	2057	2019	113.3014	33.1878	31.9573
ENSG00000102243.13	VGLL1	protein_coding	0	0	0	0.0000	0.0000	0.0000
ENSG00000102245.8	CD40LG	protein_coding	46	20	26	2.1093	0.6178	0.5949
ENSG00000102265.12	TIMP1	protein_coding	42896	21922	20978	2519.1891	737.9100	710.5521
ENSG00000102271.14	KLHL4	protein_coding	8	3	5	0.1103	0.0323	0.0311
ENSG00000102287.19	GABRE	protein_coding	25	13	12	0.2209	0.0647	0.0623
ENSG00000102290.22	PCDH11X	protein_coding	0	0	0	0.0000	0.0000	0.0000
ENSG00000102302.8	FGD1	protein_coding	1037	922	925	20.2769	5.9394	5.7192
ENSG00000102309.15	PIN4	protein_coding	578	351	388	11.2656	3.2999	3.1775
ENSG00000102312.23	PORCN	protein_coding	548	271	277	15.4555	4.5271	4.3593
ENSG00000102313.9	ITIH6	protein_coding	29936	14732	15207	462.8033	135.5623	130.5364
ENSG00000102316.17	MAGED2	protein_coding	22568	11341	11229	651.2010	190.7470	183.6751
ENSG00000102317.18	RBM3	protein_coding	10183	5755	5788	148.4031	43.4696	41.8580
ENSG00000102349.18	KLF8	protein_coding	486	239	247	3.2423	0.9497	0.9145
ENSG00000102359.8	SRPX2	protein_coding	991	578	551	11.1687	3.2715	3.1502
ENSG00000102362.15	SYTL4	protein_coding	32	88	82	0.3658	0.1072	0.1032
ENSG00000102383.14	ZDHHC15	protein_coding	10	5	5	0.1245	0.0365	0.0351
ENSG00000102384.13	CENPI	protein_coding	311	162	149	6.1121	1.7903	1.7239
ENSG00000102385.12	DRP2	protein_coding	25	15	10	0.2593	0.0760	0.0731
ENSG00000102387.16	TAF7L	protein_coding	47	26	21	1.4717	0.4311	0.4151
ENSG00000102390.11	PBDC1	protein_coding	1403	705	698	98.7103	28.9138	27.8418
ENSG00000102393.14	GLA	protein_coding	1331	688	655	18.2452	5.3443	5.1462
ENSG00000102401.20	ARMCX3	protein_coding	6256	3353	3308	125.3273	36.7103	35.3493
ENSG00000102409.10	BEX4	protein_coding	715	363	352	46.2791	13.5559	13.0533
ENSG00000102445.20	RUBCNL	protein_coding	554	294	260	2.9546	0.8654	0.8334
ENSG00000102452.18	NALCN	protein_coding	52	26	33	0.2271	0.0665	0.0641
ENSG00000102466.16	FGF14	protein_coding	26	316	304	0.1570	0.0460	0.0443
ENSG00000102468.11	HTR2A	protein_coding	3	1	2	0.0453	0.0133	0.0128
ENSG00000102471.14	NDFIP2	protein_coding	1392	656	736	23.6703	6.9334	6.6763
ENSG00000102524.11	TNFSF13B	protein_coding	377	180	197	10.4658	3.0656	2.9520
ENSG00000102531.16	FNDC3A	protein_coding	4545	2345	2245	50.1381	14.6862	14.1418
ENSG00000102539.5	MLNR	protein_coding	4	2	2	0.2742	0.0803	0.0773
ENSG00000102543.14	CDADC1	protein_coding	263	156	107	5.7815	1.6935	1.6307
ENSG00000102547.19	CAB39L	protein_coding	920	454	466	15.8023	4.6288	4.4571
ENSG00000102554.14	KLF5	protein_coding	88	34	54	2.0313	0.5950	0.5729
ENSG00000102572.15	STK24	protein_coding	1069	1763	1737	7.5168	2.2018	2.1201
ENSG00000102575.13	ACP5	protein_coding	11762	6265	6252	342.1837	100.2310	96.5149
ENSG00000102580.15	DNAJC3	protein_coding	12008	6099	5910	182.4195	53.4335	51.4525
ENSG00000102595.20	UGGT2	protein_coding	736	364	372	7.7115	2.2588	2.1751
ENSG00000102606.18	ARHGEF7	protein_coding	2010	1013	998	14.5046	4.2486	4.0911
ENSG00000102678.7	FGF9	protein_coding	4	0	4	0.0701	0.0205	0.0198
ENSG00000102683.8	SGCG	protein_coding	3	2	1	0.1598	0.0468	0.0451
ENSG00000102699.6	PARP4	protein_coding	4926	2466	2460	69.2236	20.2767	19.5249
ENSG00000102710.20	SUPT20H	protein_coding	813	419	486	6.3149	1.8497	1.7811
ENSG00000102738.8	MRPS31	protein_coding	537	271	266	21.2301	6.2186	5.9881
ENSG00000102743.15	SLC25A15	protein_coding	365	205	183	7.4047	2.1689	2.0885
ENSG00000102753.10	KPNA3	protein_coding	1795	920	875	36.1043	10.5755	10.1834
ENSG00000102755.12	FLT1	protein_coding	599	294	305	4.0483	1.1858	1.1419
ENSG00000102760.13	RGCC	protein_coding	271	148	123	22.3431	6.5447	6.3020
ENSG00000102763.18	VWA8	protein_coding	954	474	520	10.6109	3.1081	2.9929
ENSG00000102780.17	DGKH	protein_coding	383	187	196	1.6475	0.4826	0.4647
ENSG00000102781.14	KATNAL1	protein_coding	1258	617	641	13.0727	3.8292	3.6872
ENSG00000102786.15	INTS6	protein_coding	1337	733	746	4.4509	1.3037	1.2554
ENSG00000102794.10	ACOD1	protein_coding	1	0	1	0.0393	0.0115	0.0111
ENSG00000102796.11	DHRS12	protein_coding	57	33	24	1.3712	0.4017	0.3868
ENSG00000102802.10	MEDAG	protein_coding	192	97	96	7.1076	2.0819	2.0047
ENSG00000102804.15	TSC22D1	protein_coding	6292	3159	3213	62.2315	18.2286	17.5528
ENSG00000102805.16	CLN5	protein_coding	239	743	719	0.8896	0.2606	0.2509
ENSG00000102837.7	OLFM4	protein_coding	0	0	0	0.0000	0.0000	0.0000
ENSG00000102854.16	MSLN	protein_coding	3	2	1	0.0984	0.0288	0.0278
ENSG00000102858.13	MGRN1	protein_coding	4389	2192	2204	36.5946	10.7191	10.3217
ENSG00000102870.6	ZNF629	protein_coding	631	336	296	8.8089	2.5803	2.4846
ENSG00000102871.16	TRADD	protein_coding	1303	648	655	50.9210	14.9156	14.3626
ENSG00000102878.17	HSF4	protein_coding	337	167	170	8.4744	2.4823	2.3903
ENSG00000102879.16	CORO1A	protein_coding	2746	1557	1491	48.7951	14.2928	13.7629
ENSG00000102882.12	MAPK3	protein_coding	5165	2533	2634	119.5460	35.0169	33.7186
ENSG00000102886.15	GDPD3	protein_coding	49	50	38	2.6470	0.7754	0.7466
ENSG00000102890.16	ELMO3	protein_coding	56	24	32	1.8468	0.5410	0.5209
ENSG00000102891.4	MT4	protein_coding	0	0	0	0.0000	0.0000	0.0000
ENSG00000102893.16	PHKB	protein_coding	2474	1228	1295	17.7714	5.2055	5.0125
ENSG00000102897.10	LYRM1	protein_coding	862	472	482	20.3733	5.9677	5.7464
ENSG00000102898.12	NUTF2	protein_coding	3880	2026	1875	88.9555	26.0565	25.0904
ENSG00000102900.13	NUP93	protein_coding	3726	1917	1809	28.4468	8.3325	8.0236
ENSG00000102901.13	CENPT	protein_coding	483	558	545	7.2467	2.1227	2.0440
ENSG00000102904.15	TSNAXIP1	protein_coding	16	130	125	0.3527	0.1033	0.0995
ENSG00000102908.22	NFAT5	protein_coding	2183	1101	1086	11.3031	3.3108	3.1881
ENSG00000102910.14	LONP2	protein_coding	7956	4592	4536	67.8818	19.8836	19.1464
ENSG00000102921.8	N4BP1	protein_coding	3041	1488	1555	33.0657	9.6855	9.3264
ENSG00000102924.12	CBLN1	protein_coding	20	11	9	0.6530	0.1913	0.1842
ENSG00000102931.8	ARL2BP	protein_coding	8	3967	3971	0.3407	0.0998	0.0961
ENSG00000102934.10	PLLP	protein_coding	224	3850	3835	2.1852	0.6401	0.6163
ENSG00000102935.12	ZNF423	protein_coding	226	100	126	2.1386	0.6264	0.6032
ENSG00000102962.5	CCL22	protein_coding	174	77	97	5.0655	1.4838	1.4288
ENSG00000102967.12	DHODH	protein_coding	684	345	340	8.3927	2.4583	2.3672
ENSG00000102970.11	CCL17	protein_coding	53	33	20	7.2476	2.1229	2.0442
ENSG00000102974.16	CTCF	protein_coding	2482	1223	1267	20.8562	6.1091	5.8826
ENSG00000102977.17	ACD	protein_coding	839	439	411	22.1062	6.4752	6.2352
ENSG00000102978.13	POLR2C	protein_coding	2646	1439	1295	61.2928	17.9536	17.2880
ENSG00000102981.10	PARD6A	protein_coding	147	76	71	8.4119	2.4640	2.3726
ENSG00000102984.15	ZNF821	protein_coding	60	102	117	1.4977	0.4387	0.4224
ENSG00000102996.5	MMP15	protein_coding	1989	997	992	39.9212	11.6936	11.2600
ENSG00000103005.12	USB1	protein_coding	3558	1754	1828	36.6995	10.7499	10.3513
ENSG00000103018.17	CYB5B	protein_coding	3346	1727	1622	41.7429	12.2271	11.7738
ENSG00000103021.9	CCDC113	protein_coding	401	240	236	5.7454	1.6829	1.6205
ENSG00000103023.12	PRSS54	protein_coding	2	47	32	0.0804	0.0236	0.0227
ENSG00000103024.7	NME3	protein_coding	1065	548	557	62.5884	18.3331	17.6534
ENSG00000103034.14	NDRG4	protein_coding	161	92	69	1.4172	0.4151	0.3997
ENSG00000103035.11	PSMD7	protein_coding	1189	1721	1780	37.3826	10.9500	10.5440
ENSG00000103037.12	SETD6	protein_coding	451	945	934	4.9488	1.4496	1.3959
ENSG00000103042.9	SLC38A7	protein_coding	2066	1029	1037	26.3551	7.7198	7.4336
ENSG00000103043.15	VAC14	protein_coding	8587	5047	5036	88.1223	25.8124	24.8554
ENSG00000103044.11	HAS3	protein_coding	125	603	585	2.0414	0.5979	0.5758
ENSG00000103047.8	TANGO6	protein_coding	2307	1250	1304	28.3355	8.2999	7.9922
ENSG00000103051.20	COG4	protein_coding	3945	1951	1994	70.0714	20.5250	19.7640
ENSG00000103056.12	SMPD3	protein_coding	39	27	20	0.4742	0.1389	0.1338
ENSG00000103061.13	SLC7A6OS	protein_coding	273	971	999	4.4327	1.2984	1.2503
ENSG00000103064.15	SLC7A6	protein_coding	349	1124	1056	3.9058	1.1441	1.1017
ENSG00000103066.13	PLA2G15	protein_coding	2483	1645	1659	47.2775	13.8483	13.3349
ENSG00000103067.14	ESRP2	protein_coding	4	2	3	0.0655	0.0192	0.0185
ENSG00000103089.9	FA2H	protein_coding	3	1	2	0.0777	0.0228	0.0219
ENSG00000103091.15	WDR59	protein_coding	1753	981	887	15.8334	4.6378	4.4659
ENSG00000103111.15	MON1B	protein_coding	2878	1641	1673	35.2417	10.3228	9.9401
ENSG00000103121.9	CMC2	protein_coding	805	397	408	5.4410	1.5938	1.5347
ENSG00000103126.15	AXIN1	protein_coding	1748	898	850	19.6950	5.7690	5.5551
ENSG00000103145.11	HCFC1R1	protein_coding	2164	1157	1142	128.6890	37.6950	36.2975
ENSG00000103148.17	NPRL3	protein_coding	2897	2593	2497	38.2842	11.2141	10.7983
ENSG00000103150.7	MLYCD	protein_coding	745	362	384	3.7676	1.1036	1.0627
ENSG00000103152.12	MPG	protein_coding	1385	1757	1819	78.5670	23.0135	22.1603
ENSG00000103154.9	NECAB2	protein_coding	11	2	9	0.3707	0.1086	0.1046
ENSG00000103160.12	HSDL1	protein_coding	2128	1076	1052	40.0511	11.7316	11.2967
ENSG00000103168.17	TAF1C	protein_coding	1254	735	769	19.0945	5.5931	5.3857
ENSG00000103174.13	NAGPA	protein_coding	1118	573	560	17.3124	5.0711	4.8831
ENSG00000103175.11	WFDC1	protein_coding	112	55	57	1.1088	0.3248	0.3127
ENSG00000103184.12	SEC14L5	protein_coding	51	23	28	0.6701	0.1963	0.1890
ENSG00000103187.8	COTL1	protein_coding	18551	9404	9147	233.0068	68.2514	65.7209
ENSG00000103194.16	USP10	protein_coding	4191	2077	2114	70.1284	20.5417	19.7801
ENSG00000103196.12	CRISPLD2	protein_coding	1222	616	656	13.0335	3.8177	3.6762
ENSG00000103197.18	TSC2	protein_coding	3599	1980	2028	15.9781	4.6802	4.5067
ENSG00000103199.14	ZNF500	protein_coding	314	179	139	4.1258	1.2085	1.1637
ENSG00000103200.6	AC069335.1	processed_pseudogene	0	0	0	0.0000	0.0000	0.0000
ENSG00000103202.13	NME4	protein_coding	5413	2758	2656	125.4228	36.7383	35.3762
ENSG00000103222.20	ABCC1	protein_coding	3028	1485	1543	29.4344	8.6218	8.3022
ENSG00000103226.19	NOMO3	protein_coding	416	200	217	2.9434	0.8622	0.8302
ENSG00000103227.19	LMF1	protein_coding	1077	597	562	11.1291	3.2599	3.1390
ENSG00000103241.7	FOXF1	protein_coding	22	13	9	0.5308	0.1555	0.1497
ENSG00000103245.14	CIAO3	protein_coding	961	638	592	10.0826	2.9534	2.8439
ENSG00000103248.19	MTHFSD	protein_coding	730	364	366	9.0354	2.6466	2.5485
ENSG00000103249.18	CLCN7	protein_coding	9681	7966	7964	107.8466	31.5900	30.4188
ENSG00000103253.19	HAGHL	protein_coding	789	537	521	12.5074	3.6636	3.5278
ENSG00000103254.10	ANTKMT	protein_coding	351	186	177	15.5895	4.5664	4.3971
ENSG00000103257.9	SLC7A5	protein_coding	12580	6810	6811	224.2442	65.6846	63.2494
ENSG00000103260.9	METRN	protein_coding	3530	1758	1772	81.2603	23.8024	22.9199
ENSG00000103264.18	FBXO31	protein_coding	1459	776	747	17.9304	5.2521	5.0574
ENSG00000103266.11	STUB1	protein_coding	1140	3361	3455	41.7642	12.2334	11.7798
ENSG00000103269.14	RHBDL1	protein_coding	14	8	7	0.6327	0.1853	0.1785
ENSG00000103274.11	NUBP1	protein_coding	241	370	338	10.4685	3.0664	2.9527
ENSG00000103275.21	UBE2I	protein_coding	2741	2318	2391	19.2417	5.6362	5.4272
ENSG00000103310.11	ZP2	protein_coding	3	2	1	0.0738	0.0216	0.0208
ENSG00000103313.13	MEFV	protein_coding	8	3	5	0.1408	0.0412	0.0397
ENSG00000103316.12	CRYM	protein_coding	189	98	91	4.4670	1.3085	1.2599
ENSG00000103319.12	EEF2K	protein_coding	2521	1322	1306	26.6606	7.8093	7.5198
ENSG00000103326.12	CAPN15	protein_coding	1249	773	707	13.2715	3.8874	3.7433
ENSG00000103335.22	PIEZO1	protein_coding	7862	5218	5180	59.1254	17.3188	16.6767
ENSG00000103342.13	GSPT1	protein_coding	5675	2822	2853	59.8365	17.5271	16.8772
ENSG00000103343.13	ZNF174	protein_coding	404	224	180	11.8712	3.4773	3.3484
ENSG00000103351.13	CLUAP1	protein_coding	793	416	386	8.6938	2.5465	2.4521
ENSG00000103353.16	UBFD1	protein_coding	3886	1934	1960	39.9517	11.7025	11.2686
ENSG00000103355.13	PRSS33	protein_coding	2	1	1	0.0804	0.0236	0.0227
ENSG00000103356.18	EARS2	protein_coding	2493	1226	1276	30.2871	8.8716	8.5426
ENSG00000103363.15	ELOB	protein_coding	3846	1932	1981	293.9730	86.1093	82.9168
ENSG00000103365.15	GGA2	protein_coding	3905	1963	1942	40.2885	11.8011	11.3636
ENSG00000103375.11	AQP8	protein_coding	4	2	2	0.2449	0.0717	0.0691
ENSG00000103381.12	CPPED1	protein_coding	2479	1284	1195	33.1315	9.7047	9.3449
ENSG00000103404.14	USP31	protein_coding	810	394	416	5.7240	1.6767	1.6145
ENSG00000103415.12	HMOX2	protein_coding	1853	883	986	46.5969	13.6489	13.1429
ENSG00000103423.14	DNAJA3	protein_coding	3159	1564	1595	37.9386	11.1128	10.7008
ENSG00000103426.12	CORO7-PAM16	protein_coding	0	0	0	0.0000	0.0000	0.0000
ENSG00000103429.11	BFAR	protein_coding	3895	1968	1927	77.1914	22.6106	21.7723
ENSG00000103449.12	SALL1	protein_coding	8	4	4	0.1200	0.0352	0.0339
ENSG00000103460.17	TOX3	protein_coding	0	0	0	0.0000	0.0000	0.0000
ENSG00000103472.10	RRN3P2	lncRNA	4	1	3	0.1496	0.0438	0.0422
ENSG00000103479.16	RBL2	protein_coding	1821	1302	1303	21.2768	6.2323	6.0013
ENSG00000103485.19	QPRT	protein_coding	7643	3796	3849	176.3715	51.6620	49.7466
ENSG00000103489.12	XYLT1	protein_coding	872	456	466	6.6815	1.9571	1.8845
ENSG00000103490.14	PYCARD	protein_coding	1406	1104	1118	71.9266	21.0684	20.2873
ENSG00000103494.15	RPGRIP1L	protein_coding	499	251	248	3.4209	1.0020	0.9649
ENSG00000103495.14	MAZ	protein_coding	245	1660	1669	5.9241	1.7353	1.6709
ENSG00000103496.15	STX4	protein_coding	1922	982	940	40.2508	11.7901	11.3530
ENSG00000103502.14	CDIPT	protein_coding	6441	3539	3688	182.1421	53.3523	51.3742
ENSG00000103507.14	BCKDK	protein_coding	2836	1424	1412	62.1829	18.2143	17.5391
ENSG00000103510.20	KAT8	protein_coding	822	407	415	12.1908	3.5709	3.4385
ENSG00000103512.15	NOMO1	protein_coding	5350	2622	2728	78.6573	23.0399	22.1857
ENSG00000103522.16	IL21R	protein_coding	275	252	205	4.2810	1.2540	1.2075
ENSG00000103528.17	SYT17	protein_coding	10	9	12	0.1126	0.0330	0.0317
ENSG00000103534.17	TMC5	protein_coding	3	1	2	0.0411	0.0120	0.0116
ENSG00000103540.16	CCP110	protein_coding	740	360	380	6.1961	1.8149	1.7477
ENSG00000103544.15	VPS35L	protein_coding	3952	2033	2011	34.3612	10.0649	9.6918
ENSG00000103546.18	SLC6A2	protein_coding	0	0	1	0.0000	0.0000	0.0000
ENSG00000103549.22	RNF40	protein_coding	4472	3737	3642	60.4143	17.6963	17.0402
ENSG00000103550.14	KNOP1	protein_coding	582	543	615	6.3707	1.8661	1.7969
ENSG00000103569.10	AQP9	protein_coding	52	26	28	1.3650	0.3998	0.3850
ENSG00000103591.13	AAGAB	protein_coding	2356	1183	1173	48.3501	14.1625	13.6374
ENSG00000103599.20	IQCH	protein_coding	64	41	39	0.7631	0.2235	0.2152
ENSG00000103642.12	LACTB	protein_coding	2479	1238	1241	53.4445	15.6547	15.0743
ENSG00000103647.13	CORO2B	protein_coding	111	47	64	2.3714	0.6946	0.6689
ENSG00000103653.16	CSK	protein_coding	3535	1740	1798	65.6879	19.2410	18.5277
ENSG00000103657.14	HERC1	protein_coding	2850	1431	1512	14.1874	4.1557	4.0016
ENSG00000103671.10	TRIP4	protein_coding	1450	719	731	39.6825	11.6236	11.1927
ENSG00000103707.10	MTFMT	protein_coding	502	234	268	12.4213	3.6384	3.5035
ENSG00000103710.11	RASL12	protein_coding	141	69	73	4.4662	1.3082	1.2597
ENSG00000103723.16	AP3B2	protein_coding	33	16	17	0.2531	0.0741	0.0714
ENSG00000103740.10	ACSBG1	protein_coding	84	1090	1099	0.8755	0.2564	0.2469
ENSG00000103742.12	IGDCC4	protein_coding	110	56	55	1.2260	0.3591	0.3458
ENSG00000103769.10	RAB11A	protein_coding	10654	5314	5343	159.2856	46.6573	44.9274
ENSG00000103811.18	CTSH	protein_coding	10183	5050	5135	62.8585	18.4123	17.7296
ENSG00000103832.10	GOLGA8UP	unprocessed_pseudogene	0	0	0	0.0000	0.0000	0.0000
ENSG00000103852.13	TTC23	protein_coding	965	524	546	13.3293	3.9043	3.7596
ENSG00000103855.18	CD276	protein_coding	12453	6224	6231	192.9067	56.5054	54.4105
ENSG00000103876.13	FAH	protein_coding	7483	3775	3710	88.2215	25.8415	24.8834
ENSG00000103888.17	CEMIP	protein_coding	1295	705	685	14.4301	4.2268	4.0701
ENSG00000103932.12	RPAP1	protein_coding	2483	1217	1267	29.9258	8.7657	8.4408
ENSG00000103942.13	HOMER2	protein_coding	1006	498	508	5.8175	1.7040	1.6409
ENSG00000103966.11	EHD4	protein_coding	7901	5203	5376	85.3200	24.9916	24.0650
ENSG00000103978.16	TMEM87A	protein_coding	4248	3058	3053	64.4873	18.8893	18.1890
ENSG00000103994.18	ZNF106	protein_coding	23008	11806	11743	159.8110	46.8112	45.0756
ENSG00000103995.14	CEP152	protein_coding	277	149	152	2.8810	0.8439	0.8126
ENSG00000104043.15	ATP8B4	protein_coding	55	25	33	0.4222	0.1237	0.1191
ENSG00000104044.16	OCA2	protein_coding	0	0	0	0.0000	0.0000	0.0000
ENSG00000104047.15	DTWD1	protein_coding	599	296	304	3.3921	0.9936	0.9568
ENSG00000104055.16	TGM5	protein_coding	0	0	0	0.0000	0.0000	0.0000
ENSG00000104059.4	FAM189A1	protein_coding	0	0	0	0.0000	0.0000	0.0000
ENSG00000104064.18	GABPB1	protein_coding	664	357	353	9.9273	2.9079	2.8001
ENSG00000104067.17	TJP1	protein_coding	3009	1464	1545	22.5829	6.6149	6.3696
ENSG00000104081.14	BMF	protein_coding	323	189	220	5.0357	1.4750	1.4203
ENSG00000104093.14	DMXL2	protein_coding	3456	2214	2317	21.2563	6.2263	5.9955
ENSG00000104112.9	SCG3	protein_coding	93	37	56	2.4906	0.7295	0.7025
ENSG00000104129.10	DNAJC17	protein_coding	346	294	283	5.2208	1.5292	1.4725
ENSG00000104131.13	EIF3J	protein_coding	2161	1261	1254	58.6866	17.1902	16.5529
ENSG00000104133.15	SPG11	protein_coding	3911	2170	2096	28.0202	8.2076	7.9033
ENSG00000104140.7	RHOV	protein_coding	2	1	1	0.1029	0.0302	0.0290
ENSG00000104142.11	VPS18	protein_coding	5758	2959	2800	121.3631	35.5492	34.2312
ENSG00000104147.9	OIP5	protein_coding	14	46	63	0.9899	0.2900	0.2792
ENSG00000104154.7	SLC30A4	protein_coding	1166	634	624	12.3371	3.6137	3.4797
ENSG00000104164.12	BLOC1S6	protein_coding	3627	1839	1788	45.4756	13.3205	12.8267
ENSG00000104177.18	MYEF2	protein_coding	2771	6302	6495	16.9267	4.9581	4.7743
ENSG00000104205.16	SGK3	protein_coding	2063	1039	1024	30.7838	9.0171	8.6828
ENSG00000104213.13	PDGFRL	protein_coding	1148	1305	1236	40.2846	11.8000	11.3625
ENSG00000104218.16	CSPP1	protein_coding	916	517	492	2.4525	0.7184	0.6918
ENSG00000104219.13	ZDHHC2	protein_coding	148	74	74	2.0007	0.5860	0.5643
ENSG00000104221.13	BRF2	protein_coding	762	1125	1005	23.8165	6.9762	6.7176
ENSG00000104228.13	TRIM35	protein_coding	6137	3073	3064	123.4091	36.1485	34.8083
ENSG00000104231.11	ZFAND1	protein_coding	688	347	341	13.8646	4.0611	3.9106
ENSG00000104237.11	RP1	protein_coding	3	3	0	0.0162	0.0048	0.0046
ENSG00000104267.10	CA2	protein_coding	289	146	143	12.2282	3.5818	3.4490
ENSG00000104290.11	FZD3	protein_coding	1137	551	586	7.0038	2.0515	1.9755
ENSG00000104299.15	INTS9	protein_coding	3096	1569	1527	53.6012	15.7006	15.1185
ENSG00000104312.8	RIPK2	protein_coding	3318	1670	1659	92.1105	26.9806	25.9803
ENSG00000104313.20	EYA1	protein_coding	103	69	64	0.9383	0.2748	0.2647
ENSG00000104320.14	NBN	protein_coding	5475	2771	2704	75.4649	22.1049	21.2853
ENSG00000104321.11	TRPA1	protein_coding	27	546	565	0.3614	0.1058	0.1019
ENSG00000104324.16	CPQ	protein_coding	10903	5391	5512	268.9970	78.7934	75.8722
ENSG00000104325.7	DECR1	protein_coding	4180	2069	2111	70.3184	20.5974	19.8337
ENSG00000104327.7	CALB1	protein_coding	7	2	5	0.0833	0.0244	0.0235
ENSG00000104331.9	BPNT2	protein_coding	12562	6433	6130	140.0145	41.0124	39.4919
ENSG00000104332.12	SFRP1	protein_coding	179	100	79	3.2117	0.9407	0.9059
ENSG00000104341.17	LAPTM4B	protein_coding	9622	4744	4879	255.5848	74.8648	72.0892
ENSG00000104343.21	UBE2W	protein_coding	2500	1264	1236	23.3529	6.8404	6.5868
ENSG00000104356.11	POP1	protein_coding	813	390	423	14.2146	4.1637	4.0093
ENSG00000104361.10	NIPAL2	protein_coding	1525	781	744	23.1009	6.7666	6.5157
ENSG00000104365.16	IKBKB	protein_coding	2650	1273	1378	20.3692	5.9665	5.7453
ENSG00000104368.19	PLAT	protein_coding	12618	6335	6284	137.9056	40.3947	38.8971
ENSG00000104369.5	JPH1	protein_coding	575	310	290	10.6382	3.1161	3.0006
ENSG00000104371.5	DKK4	protein_coding	0	0	0	0.0000	0.0000	0.0000
ENSG00000104375.17	STK3	protein_coding	1712	840	872	11.5347	3.3787	3.2534
ENSG00000104381.14	GDAP1	protein_coding	754	410	370	2.6398	0.7732	0.7446
ENSG00000104388.15	RAB2A	protein_coding	9370	4741	4629	142.2934	41.6800	40.1347
ENSG00000104408.11	EIF3E	protein_coding	12222	6135	6088	27.4860	8.0511	7.7526
ENSG00000104412.8	EMC2	protein_coding	3264	1675	1589	45.7469	13.4000	12.9032
ENSG00000104413.18	ESRP1	protein_coding	1321	682	639	23.0113	6.7404	6.4905
ENSG00000104415.14	CCN4	protein_coding	226	114	112	3.6979	1.0832	1.0430
ENSG00000104419.17	NDRG1	protein_coding	20346	10166	10180	143.9586	42.1677	40.6044
ENSG00000104427.12	ZC2HC1A	protein_coding	509	318	361	10.4432	3.0590	2.9456
ENSG00000104432.14	IL7	protein_coding	24	107	88	0.6009	0.1760	0.1695
ENSG00000104435.14	STMN2	protein_coding	16	9	7	0.6654	0.1949	0.1877
ENSG00000104442.10	ARMC1	protein_coding	3245	1650	1595	80.5987	23.6086	22.7333
ENSG00000104447.13	TRPS1	protein_coding	1109	578	531	8.5259	2.4974	2.4048
ENSG00000104450.13	SPAG1	protein_coding	1338	869	906	22.4730	6.5827	6.3386
ENSG00000104472.10	CHRAC1	protein_coding	2253	1154	1099	57.8898	16.9568	16.3282
ENSG00000104490.18	NCALD	protein_coding	2497	1487	1431	26.3641	7.7225	7.4361
ENSG00000104497.14	SNX16	protein_coding	729	398	404	13.4347	3.9352	3.7893
ENSG00000104499.7	GML	protein_coding	0	0	0	0.0000	0.0000	0.0000
ENSG00000104517.13	UBR5	protein_coding	6963	4017	4007	43.0287	12.6038	12.1365
ENSG00000104518.11	GSDMD	protein_coding	5175	2536	2640	86.4235	25.3148	24.3762
ENSG00000104522.16	GFUS	protein_coding	5852	2895	2958	137.7368	40.3453	38.8495
ENSG00000104524.14	PYCR3	protein_coding	1173	577	596	25.2373	7.3924	7.1183
ENSG00000104529.17	EEF1D	protein_coding	2001	10349	10329	18.0965	5.3007	5.1042
ENSG00000104537.17	ANXA13	protein_coding	42	16	26	0.9383	0.2749	0.2647
ENSG00000104549.12	SQLE	protein_coding	4082	2024	2058	80.5215	23.5860	22.7116
ENSG00000104611.12	SH2D4A	protein_coding	909	450	461	18.9569	5.5528	5.3469
ENSG00000104613.12	INTS10	protein_coding	3434	1682	1752	44.0642	12.9071	12.4286
ENSG00000104626.15	ERI1	protein_coding	1028	507	521	13.6788	4.0067	3.8582
ENSG00000104635.15	SLC39A14	protein_coding	29725	14938	14789	365.4112	107.0347	103.0664
ENSG00000104643.10	MTMR9	protein_coding	843	483	489	8.5183	2.4951	2.4026
ENSG00000104660.19	LEPROTL1	protein_coding	5289	2649	2644	83.0058	24.3137	23.4123
ENSG00000104671.8	DCTN6	protein_coding	854	411	444	36.9822	10.8327	10.4310
ENSG00000104679.12	R3HCC1	protein_coding	2046	1011	1037	66.0636	19.3511	18.6336
ENSG00000104687.14	GSR	protein_coding	7673	3882	3791	180.8980	52.9879	51.0233
ENSG00000104689.10	TNFRSF10A	protein_coding	1370	807	798	39.7475	11.6427	11.2110
ENSG00000104691.16	UBXN8	protein_coding	1581	786	795	32.3438	9.4740	9.1228
ENSG00000104695.13	PPP2CB	protein_coding	4785	2446	2339	90.0985	26.3913	25.4128
ENSG00000104714.14	ERICH1	protein_coding	753	390	363	6.5848	1.9288	1.8573
ENSG00000104722.14	NEFM	protein_coding	2	1	1	0.0467	0.0137	0.0132
ENSG00000104723.21	TUSC3	protein_coding	5472	2792	2681	89.5346	26.2261	25.2538
ENSG00000104728.16	ARHGEF10	protein_coding	24	12	12	0.1880	0.0551	0.0530
ENSG00000104731.14	KLHDC4	protein_coding	553	282	274	4.2016	1.2307	1.1851
ENSG00000104738.18	MCM4	protein_coding	4768	2409	2359	58.0669	17.0087	16.3781
ENSG00000104755.15	ADAM2	protein_coding	0	0	0	0.0000	0.0000	0.0000
ENSG00000104756.16	KCTD9	protein_coding	1587	824	763	30.7481	9.0066	8.6727
ENSG00000104760.17	FGL1	protein_coding	0	0	0	0.0000	0.0000	0.0000
ENSG00000104763.20	ASAH1	protein_coding	37107	18253	18895	204.9124	60.0221	57.7967
ENSG00000104765.16	BNIP3L	protein_coding	7500	3764	3743	153.5077	44.9648	43.2977
ENSG00000104774.13	MAN2B1	protein_coding	10076	5006	5071	159.2219	46.6386	44.9095
ENSG00000104783.14	KCNN4	protein_coding	11289	5654	5639	281.6295	82.4937	79.4353
ENSG00000104804.8	TULP2	protein_coding	1	2	1	0.0378	0.0111	0.0107
ENSG00000104805.16	NUCB1	protein_coding	21484	12667	12467	496.4438	145.4162	140.0249
ENSG00000104808.8	DHDH	protein_coding	7	5	3	0.5587	0.1636	0.1576
ENSG00000104812.15	GYS1	protein_coding	2323	1166	1159	46.5150	13.6250	13.1198
ENSG00000104814.13	MAP4K1	protein_coding	329	226	247	7.1291	2.0882	2.0108
ENSG00000104818.15	CGB2	protein_coding	0	0	1	0.0000	0.0000	0.0000
ENSG00000104823.9	ECH1	protein_coding	2728	1377	1351	100.5918	29.4649	28.3725
ENSG00000104824.17	HNRNPL	protein_coding	3968	1999	1969	49.4010	14.4703	13.9338
ENSG00000104825.17	NFKBIB	protein_coding	1649	816	839	60.2555	17.6498	16.9954
ENSG00000104826.15	LHB	protein_coding	2	1	1	0.2696	0.0790	0.0760
ENSG00000104827.12	CGB3	protein_coding	0	0	0	0.0000	0.0000	0.0000
ENSG00000104833.12	TUBB4A	protein_coding	7739	7884	7930	204.0992	59.7838	57.5674
ENSG00000104835.15	SARS2	protein_coding	36	15	21	0.9868	0.2891	0.2783
ENSG00000104848.1	KCNA7	protein_coding	3	2	1	0.0583	0.0171	0.0164
ENSG00000104852.15	SNRNP70	protein_coding	4064	2073	1991	73.6799	21.5820	20.7819
ENSG00000104853.16	CLPTM1	protein_coding	12420	6353	6068	207.0092	60.6362	58.3882
ENSG00000104856.14	RELB	protein_coding	1969	951	1018	55.4404	16.2394	15.6373
ENSG00000104859.15	CLASRP	protein_coding	720	349	371	12.4122	3.6357	3.5009
ENSG00000104863.12	LIN7B	protein_coding	111	52	69	5.3772	1.5751	1.5167
ENSG00000104866.11	PPP1R37	protein_coding	4593	2297	2317	50.6479	14.8356	14.2855
ENSG00000104870.13	FCGRT	protein_coding	4393	2140	2254	92.0670	26.9679	25.9680
ENSG00000104872.11	PIH1D1	protein_coding	1453	779	788	37.0428	10.8504	10.4481
ENSG00000104879.5	CKM	protein_coding	10	4	6	0.5458	0.1599	0.1539
ENSG00000104880.18	ARHGEF18	protein_coding	1834	910	925	24.9510	7.3085	7.0376
ENSG00000104881.16	PPP1R13L	protein_coding	185	95	91	3.1246	0.9152	0.8813
ENSG00000104883.8	PEX11G	protein_coding	89	53	36	5.0998	1.4938	1.4384
ENSG00000104884.16	ERCC2	protein_coding	1626	875	864	21.4079	6.2707	6.0382
ENSG00000104885.18	DOT1L	protein_coding	1081	648	619	7.9909	2.3406	2.2539
ENSG00000104886.12	PLEKHJ1	protein_coding	990	641	615	18.0604	5.2902	5.0940
ENSG00000104888.10	SLC17A7	protein_coding	371	178	193	5.2606	1.5409	1.4838
ENSG00000104889.7	RNASEH2A	protein_coding	0	0	0	0.0000	0.0000	0.0000
ENSG00000104892.17	KLC3	protein_coding	4	60	58	0.0930	0.0272	0.0262
ENSG00000104894.12	CD37	protein_coding	705	636	516	14.3881	4.2145	4.0583
ENSG00000104897.10	SF3A2	protein_coding	1821	976	1019	55.4266	16.2353	15.6334
ENSG00000104899.8	AMH	protein_coding	4	3	2	0.1313	0.0385	0.0370
ENSG00000104901.7	DKKL1	protein_coding	4	2	2	0.2564	0.0751	0.0723
ENSG00000104903.5	LYL1	protein_coding	427	210	217	11.6259	3.4054	3.2791
ENSG00000104904.12	OAZ1	protein_coding	16475	8219	8257	407.1782	119.2689	114.8470
ENSG00000104907.12	TRMT1	protein_coding	1772	900	907	44.7322	13.1028	12.6170
ENSG00000104915.15	STX10	protein_coding	1615	813	802	76.3622	22.3677	21.5384
ENSG00000104918.8	RETN	protein_coding	2	1	1	0.3291	0.0964	0.0928
ENSG00000104921.15	FCER2	protein_coding	13	7	6	0.4504	0.1319	0.1270
ENSG00000104936.19	DMPK	protein_coding	1401	936	969	20.4598	5.9930	5.7708
ENSG00000104938.18	CLEC4M	protein_coding	0	0	0	0.0000	0.0000	0.0000
ENSG00000104941.8	RSPH6A	protein_coding	0	0	0	0.0000	0.0000	0.0000
ENSG00000104946.13	TBC1D17	protein_coding	1992	1139	1093	35.6430	10.4404	10.0533
ENSG00000104951.16	IL4I1	protein_coding	761	371	394	25.9016	7.5870	7.3057
ENSG00000104953.20	TLE6	protein_coding	239	130	109	5.7091	1.6723	1.6103
ENSG00000104957.14	CCDC130	protein_coding	973	475	499	25.6448	7.5118	7.2333
ENSG00000104960.15	PTOV1	protein_coding	775	2123	2170	11.0388	3.2334	3.1136
ENSG00000104964.15	TLE5	protein_coding	2434	2496	2570	39.4760	11.5631	11.1344
ENSG00000104967.8	NOVA2	protein_coding	115	55	60	1.0636	0.3115	0.3000
ENSG00000104969.11	SGTA	protein_coding	4571	2277	2294	47.0625	13.7853	13.2742
ENSG00000104970.11	KIR3DX1	transcribed_unprocessed_pseudogene	8	6	2	0.1326	0.0388	0.0374
ENSG00000104972.15	LILRB1	protein_coding	300	161	146	5.0871	1.4901	1.4348
ENSG00000104973.19	MED25	protein_coding	2132	1331	1303	23.5651	6.9026	6.6467
ENSG00000104974.12	LILRA1	protein_coding	33	15	18	0.7226	0.2117	0.2038
ENSG00000104976.12	SNAPC2	protein_coding	1059	528	531	45.4655	13.3176	12.8238
ENSG00000104979.9	C19orf53	protein_coding	4032	2015	2019	286.0478	83.7879	80.6815
ENSG00000104980.8	TIMM44	protein_coding	1486	776	765	27.2258	7.9749	7.6792
ENSG00000104983.8	CCDC61	protein_coding	427	210	217	14.0112	4.1041	3.9519
ENSG00000104998.4	IL27RA	protein_coding	3732	1915	1819	107.4316	31.4684	30.3017
ENSG00000105011.9	ASF1B	protein_coding	829	411	421	35.9546	10.5317	10.1412
ENSG00000105048.17	TNNT1	protein_coding	3648	1830	1819	146.1962	42.8232	41.2355
ENSG00000105053.11	VRK3	protein_coding	1419	720	700	12.3024	3.6036	3.4700
ENSG00000105058.12	FAM32A	protein_coding	2783	1435	1352	123.0263	36.0363	34.7003
ENSG00000105063.19	PPP6R1	protein_coding	9552	4775	4781	122.7914	35.9675	34.6340
ENSG00000105072.9	C19orf44	protein_coding	302	975	910	5.9119	1.7317	1.6675
ENSG00000105085.11	MED26	protein_coding	261	196	181	4.1600	1.2185	1.1733
ENSG00000105088.8	OLFM2	protein_coding	216	112	105	7.3371	2.1492	2.0695
ENSG00000105122.13	RASAL3	protein_coding	479	255	225	8.7402	2.5601	2.4652
ENSG00000105127.9	AKAP8	protein_coding	1129	572	586	22.3173	6.5371	6.2947
ENSG00000105131.8	EPHX3	protein_coding	154	78	76	6.3794	1.8686	1.7993
ENSG00000105135.16	ILVBL	protein_coding	2916	1470	1449	44.0933	12.9156	12.4368
ENSG00000105136.21	ZNF419	protein_coding	184	110	74	1.9510	0.5715	0.5503
ENSG00000105137.13	SYDE1	protein_coding	719	353	370	15.4031	4.5118	4.3445
ENSG00000105141.6	CASP14	protein_coding	0	0	0	0.0000	0.0000	0.0000
ENSG00000105143.12	SLC1A6	protein_coding	1	0	1	0.0111	0.0033	0.0031
ENSG00000105146.13	AURKC	protein_coding	27	12	15	1.1770	0.3448	0.3320
ENSG00000105171.10	POP4	protein_coding	1603	818	785	31.5988	9.2558	8.9126
ENSG00000105173.14	CCNE1	protein_coding	358	163	195	12.3533	3.6185	3.4843
ENSG00000105176.18	URI1	protein_coding	2999	1498	1501	46.7468	13.6929	13.1852
ENSG00000105185.12	PDCD5	protein_coding	1476	718	758	58.7911	17.2208	16.5824
ENSG00000105186.16	ANKRD27	protein_coding	2751	1349	1405	29.7638	8.7183	8.3951
ENSG00000105193.9	RPS16	protein_coding	18133	9410	8729	575.8648	168.6798	162.4260
ENSG00000105197.11	TIMM50	protein_coding	3253	1651	1604	38.4102	11.2510	10.8338
ENSG00000105198.11	LGALS13	protein_coding	0	0	0	0.0000	0.0000	0.0000
ENSG00000105202.9	FBL	protein_coding	4041	2075	1967	160.5068	47.0150	45.2719
ENSG00000105204.14	DYRK1B	protein_coding	815	383	433	21.6824	6.3511	6.1156
ENSG00000105205.7	CLC	protein_coding	0	0	0	0.0000	0.0000	0.0000
ENSG00000105219.10	CCNP	protein_coding	1	1	0	0.0415	0.0122	0.0117
ENSG00000105220.17	GPI	protein_coding	13551	6674	6877	107.7488	31.5613	30.3912
ENSG00000105221.18	AKT2	protein_coding	5773	2933	2845	30.8292	9.0304	8.6956
ENSG00000105223.20	PLD3	protein_coding	25296	12779	12524	414.2205	121.3317	116.8333
ENSG00000105227.16	PRX	protein_coding	266	129	138	3.0517	0.8939	0.8608
ENSG00000105229.7	PIAS4	protein_coding	1059	524	536	25.2899	7.4078	7.1332
ENSG00000105245.9	NUMBL	protein_coding	1825	918	907	26.6151	7.7960	7.5069
ENSG00000105246.6	EBI3	protein_coding	89	46	44	6.0175	1.7626	1.6973
ENSG00000105248.16	YJU2	protein_coding	641	377	324	32.6343	9.5591	9.2047
ENSG00000105251.11	SHD	protein_coding	7	5	3	0.2773	0.0812	0.0782
ENSG00000105254.12	TBCB	protein_coding	3729	1865	1901	93.8833	27.4999	26.4803
ENSG00000105255.11	FSD1	protein_coding	39	23	16	1.0639	0.3116	0.3001
ENSG00000105258.9	POLR2I	protein_coding	104	476	490	7.7676	2.2752	2.1909
ENSG00000105261.7	OVOL3	protein_coding	0	1	2	0.0000	0.0000	0.0000
ENSG00000105270.15	CLIP3	protein_coding	4877	2804	2938	110.0019	32.2213	31.0267
ENSG00000105278.12	ZFR2	protein_coding	1	1	0	0.0139	0.0041	0.0039
ENSG00000105281.12	SLC1A5	protein_coding	5264	3648	3501	134.1600	39.2976	37.8406
ENSG00000105287.13	PRKD2	protein_coding	2301	1197	1105	34.4989	10.1053	9.7306
ENSG00000105289.15	TJP3	protein_coding	16	11	7	0.3428	0.1004	0.0967
ENSG00000105290.13	APLP1	protein_coding	160	73	87	3.8393	1.1246	1.0829
ENSG00000105298.14	CACTIN	protein_coding	582	523	551	8.3093	2.4339	2.3437
ENSG00000105321.14	CCDC9	protein_coding	1202	613	602	26.9967	7.9077	7.6146
ENSG00000105323.17	HNRNPUL1	protein_coding	6678	4138	4171	84.7555	24.8262	23.9058
ENSG00000105325.15	FZR1	protein_coding	2042	1030	1050	26.7728	7.8422	7.5514
ENSG00000105327.18	BBC3	protein_coding	557	287	270	14.8511	4.3501	4.1888
ENSG00000105329.11	TGFB1	protein_coding	2784	2025	1945	72.4321	21.2165	20.4299
ENSG00000105339.11	DENND3	protein_coding	330	156	174	1.9073	0.5587	0.5380
ENSG00000105341.19	DMAC2	protein_coding	2081	1023	1059	40.3377	11.8155	11.3775
ENSG00000105352.10	CEACAM4	protein_coding	10	5	6	0.6226	0.1824	0.1756
ENSG00000105355.9	PLIN3	protein_coding	3175	2134	2080	98.4383	28.8341	27.7651
ENSG00000105357.19	MYH14	protein_coding	10076	6053	5960	82.3065	24.1089	23.2150
ENSG00000105364.14	MRPL4	protein_coding	1256	1163	1247	26.1422	7.6575	7.3736
ENSG00000105366.15	SIGLEC8	protein_coding	47	25	22	1.2587	0.3687	0.3550
ENSG00000105369.10	CD79A	protein_coding	715	372	343	45.1772	13.2331	12.7425
ENSG00000105370.8	LIM2	protein_coding	0	0	0	0.0000	0.0000	0.0000
ENSG00000105371.10	ICAM4	protein_coding	0	27	26	0.0000	0.0000	0.0000
ENSG00000105372.8	RPS19	protein_coding	22558	11993	10567	553.4919	162.1264	156.1156
ENSG00000105373.19	NOP53	protein_coding	8960	4536	4563	143.1046	41.9176	40.3635
ENSG00000105374.10	NKG7	protein_coding	620	297	323	57.1669	16.7451	16.1242
ENSG00000105376.5	ICAM5	protein_coding	14	7	8	0.3021	0.0885	0.0852
ENSG00000105379.10	ETFB	protein_coding	987	667	727	12.9028	3.7794	3.6393
ENSG00000105383.15	CD33	protein_coding	52	22	30	0.7391	0.2165	0.2085
ENSG00000105388.16	CEACAM5	protein_coding	1	0	1	0.0213	0.0062	0.0060
ENSG00000105392.16	CRX	protein_coding	0	0	0	0.0000	0.0000	0.0000
ENSG00000105393.16	BABAM1	protein_coding	478	237	241	15.7272	4.6068	4.4360
ENSG00000105397.14	TYK2	protein_coding	4185	2099	2086	53.2902	15.6095	15.0308
ENSG00000105398.4	SULT2A1	protein_coding	0	0	0	0.0000	0.0000	0.0000
ENSG00000105401.9	CDC37	protein_coding	6068	2975	3094	169.3942	49.6182	47.7786
ENSG00000105402.8	NAPA	protein_coding	2156	1593	1435	32.1772	9.4252	9.0758
ENSG00000105404.11	RABAC1	protein_coding	349	244	105	15.3561	4.4980	4.3313
ENSG00000105409.19	ATP1A3	protein_coding	12	4	8	0.1703	0.0499	0.0480
ENSG00000105419.18	MEIS3	protein_coding	349	179	170	5.7817	1.6936	1.6308
ENSG00000105426.17	PTPRS	protein_coding	17730	9011	8720	175.7898	51.4916	49.5825
ENSG00000105427.10	CNFN	protein_coding	23	16	7	3.1862	0.9333	0.8987
ENSG00000105428.6	ZNRF4	protein_coding	0	0	0	0.0000	0.0000	0.0000
ENSG00000105429.13	MEGF8	protein_coding	4398	2237	2161	32.8421	9.6200	9.2633
ENSG00000105438.9	KDELR1	protein_coding	8535	4339	4198	322.9929	94.6097	91.1020
ENSG00000105443.15	CYTH2	protein_coding	2204	1095	1115	20.0541	5.8742	5.6564
ENSG00000105447.13	GRWD1	protein_coding	2346	1174	1174	35.4049	10.3706	9.9862
ENSG00000105464.3	GRIN2D	protein_coding	656	308	348	10.9381	3.2039	3.0852
ENSG00000105467.9	SYNGR4	protein_coding	3	2	1	0.2008	0.0588	0.0566
ENSG00000105472.13	CLEC11A	protein_coding	2102	1057	1046	124.4789	36.4618	35.1100
ENSG00000105479.16	CCDC114	protein_coding	5	3	4	0.0825	0.0242	0.0233
ENSG00000105483.18	CARD8	protein_coding	436	261	254	2.8009	0.8204	0.7900
ENSG00000105486.14	LIG1	protein_coding	1876	1142	1180	24.2261	7.0962	6.8331
ENSG00000105492.16	SIGLEC6	protein_coding	8	4	6	0.1588	0.0465	0.0448
ENSG00000105497.8	ZNF175	protein_coding	451	217	234	5.1665	1.5133	1.4572
ENSG00000105499.14	PLA2G4C	protein_coding	1980	1224	1188	25.4261	7.4477	7.1716
ENSG00000105501.12	SIGLEC5	protein_coding	2	0	2	0.0720	0.0211	0.0203
ENSG00000105507.3	CABP5	protein_coding	1	1	1	0.0405	0.0119	0.0114
ENSG00000105509.11	HAS1	protein_coding	21	13	8	0.7968	0.2334	0.2248
ENSG00000105514.8	RAB3D	protein_coding	1238	1082	998	23.9807	7.0243	6.7639
ENSG00000105516.11	DBP	protein_coding	348	314	293	4.5570	1.3348	1.2853
ENSG00000105518.14	TMEM205	protein_coding	401	635	620	21.2037	6.2109	5.9806
ENSG00000105519.18	CAPS	protein_coding	2169	1120	1113	72.2040	21.1497	20.3656
ENSG00000105520.10	PLPPR2	protein_coding	3417	1701	1717	88.6566	25.9689	25.0061
ENSG00000105523.3	FAM83E	protein_coding	0	0	1	0.0000	0.0000	0.0000
ENSG00000105538.10	RASIP1	protein_coding	258	119	141	5.4231	1.5885	1.5296
ENSG00000105549.11	THEG	protein_coding	0	0	0	0.0000	0.0000	0.0000
ENSG00000105550.10	FGF21	protein_coding	0	0	0	0.0000	0.0000	0.0000
ENSG00000105552.15	BCAT2	protein_coding	1440	714	744	26.8582	7.8672	7.5755
ENSG00000105556.11	MIER2	protein_coding	945	588	546	10.1083	2.9609	2.8511
ENSG00000105559.12	PLEKHA4	protein_coding	7456	3682	3782	165.0591	48.3484	46.5559
ENSG00000105568.18	PPP2R1A	protein_coding	9571	5189	5295	109.6417	32.1158	30.9251
ENSG00000105576.15	TNPO2	protein_coding	2880	1439	1442	34.7945	10.1919	9.8140
ENSG00000105583.11	WDR83OS	protein_coding	0	0	1	0.0000	0.0000	0.0000
ENSG00000105605.7	CACNG7	protein_coding	2	2	0	0.0607	0.0178	0.0171
ENSG00000105607.13	GCDH	protein_coding	1144	570	591	24.2751	7.1106	6.8469
ENSG00000105609.17	LILRB5	protein_coding	168	88	80	2.0303	0.5947	0.5726
ENSG00000105610.6	KLF1	protein_coding	2	0	4	0.1053	0.0308	0.0297
ENSG00000105612.9	DNASE2	protein_coding	5532	3374	3538	196.6429	57.5998	55.4643
ENSG00000105613.10	MAST1	protein_coding	250	123	130	3.2492	0.9517	0.9164
ENSG00000105617.4	LENG1	protein_coding	455	393	419	27.9789	8.1954	7.8916
ENSG00000105618.14	PRPF31	protein_coding	1649	1684	1660	52.3883	15.3453	14.7764
ENSG00000105619.13	TFPT	protein_coding	946	685	643	64.7861	18.9769	18.2733
ENSG00000105639.20	JAK3	protein_coding	697	347	352	8.6877	2.5448	2.4504
ENSG00000105640.13	RPL18A	protein_coding	8415	4266	4155	204.5822	59.9253	57.7036
ENSG00000105641.4	SLC5A5	protein_coding	14	5	9	0.3231	0.0946	0.0911
ENSG00000105642.15	KCNN1	protein_coding	4	1	3	0.0853	0.0250	0.0241
ENSG00000105643.10	ARRDC2	protein_coding	650	366	347	11.9039	3.4868	3.3576
ENSG00000105647.19	PIK3R2	protein_coding	1	1	0	0.0164	0.0048	0.0046
ENSG00000105649.10	RAB3A	protein_coding	462	240	234	21.9671	6.4345	6.1960
ENSG00000105650.22	PDE4C	protein_coding	0	0	0	0.0000	0.0000	0.0000
ENSG00000105655.19	ISYNA1	protein_coding	3064	1671	1594	82.6020	24.1954	23.2984
ENSG00000105656.13	ELL	protein_coding	833	499	522	14.3836	4.2132	4.0570
ENSG00000105662.16	CRTC1	protein_coding	1198	598	602	14.6087	4.2791	4.1205
ENSG00000105664.11	COMP	protein_coding	3234	1689	1545	88.8204	26.0169	25.0523
ENSG00000105668.7	UPK1A	protein_coding	28	41	29	1.7407	0.5099	0.4910
ENSG00000105669.14	COPE	protein_coding	4092	2101	1992	120.8676	35.4040	34.0914
ENSG00000105671.12	DDX49	protein_coding	1715	835	881	44.0528	12.9038	12.4254
ENSG00000105672.14	ETV2	protein_coding	102	53	49	4.0250	1.1790	1.1353
ENSG00000105675.9	ATP4A	protein_coding	0	1	0	0.0000	0.0000	0.0000
ENSG00000105676.14	ARMC6	protein_coding	2311	1262	1183	48.4332	14.1868	13.6609
ENSG00000105677.12	TMEM147	protein_coding	5591	3389	3499	246.3883	72.1710	69.4953
ENSG00000105679.9	GAPDHS	protein_coding	104	361	355	5.9714	1.7491	1.6843
ENSG00000105694.3	ELOCP28	processed_pseudogene	7	7	3	1.8752	0.5493	0.5289
ENSG00000105695.15	MAG	protein_coding	3	2	1	0.0861	0.0252	0.0243
ENSG00000105696.9	TMEM59L	protein_coding	4	3	1	0.1294	0.0379	0.0365
ENSG00000105697.9	HAMP	protein_coding	95	51	44	2.8188	0.8257	0.7951
ENSG00000105698.16	USF2	protein_coding	6115	3204	2913	104.5267	30.6175	29.4824
ENSG00000105699.16	LSR	protein_coding	3858	1956	1910	112.3536	32.9101	31.6900
ENSG00000105700.11	KXD1	protein_coding	1642	2061	1940	33.9104	9.9329	9.5646
ENSG00000105701.16	FKBP8	protein_coding	11304	5412	5914	340.5253	99.7452	96.0472
ENSG00000105705.16	SUGP1	protein_coding	1338	665	673	22.6297	6.6286	6.3828
ENSG00000105707.14	HPN	protein_coding	29	20	17	0.7286	0.2134	0.2055
ENSG00000105708.9	ZNF14	protein_coding	51	27	25	1.4617	0.4281	0.4123
ENSG00000105711.13	SCN1B	protein_coding	2016	996	1020	20.8780	6.1155	5.8888
ENSG00000105717.14	PBX4	protein_coding	31	13	19	1.1294	0.3308	0.3185
ENSG00000105722.10	ERF	protein_coding	2039	1006	1033	52.9681	15.5152	14.9400
ENSG00000105723.13	GSK3A	protein_coding	1611	834	914	23.6608	6.9306	6.6737
ENSG00000105726.17	ATP13A1	protein_coding	5781	2860	2921	58.7301	17.2030	16.5652
ENSG00000105732.13	ZNF574	protein_coding	1123	543	580	20.4253	5.9829	5.7611
ENSG00000105737.9	GRIK5	protein_coding	1	1	0	0.0169	0.0050	0.0048
ENSG00000105738.11	SIPA1L3	protein_coding	2223	1099	1129	18.2359	5.3416	5.1435
ENSG00000105750.15	ZNF85	protein_coding	30	18	12	0.5458	0.1599	0.1539
ENSG00000105755.8	ETHE1	protein_coding	951	847	929	50.7920	14.8778	14.3262
ENSG00000105767.3	CADM4	protein_coding	5135	2604	2531	193.2062	56.5931	54.4950
ENSG00000105771.14	SMG9	protein_coding	1348	688	660	14.4756	4.2401	4.0829
ENSG00000105778.19	AVL9	protein_coding	1244	707	609	7.1563	2.0962	2.0185
ENSG00000105784.15	RUNDC3B	protein_coding	26	10	16	0.4688	0.1373	0.1322
ENSG00000105792.19	CFAP69	protein_coding	33	18	15	0.3066	0.0898	0.0865
ENSG00000105793.16	GTPBP10	protein_coding	814	406	408	6.6250	1.9406	1.8686
ENSG00000105808.18	RASA4	protein_coding	10	5	5	0.1052	0.0308	0.0297
ENSG00000105810.10	CDK6	protein_coding	2540	1293	1261	17.6238	5.1623	4.9709
ENSG00000105819.14	PMPCB	protein_coding	2117	1305	1280	28.6588	8.3946	8.0834
ENSG00000105821.15	DNAJC2	protein_coding	884	676	676	11.1944	3.2790	3.1574
ENSG00000105825.14	TFPI2	protein_coding	98	57	54	3.4052	0.9974	0.9604
ENSG00000105829.13	BET1	protein_coding	1131	552	579	18.3152	5.3648	5.1659
ENSG00000105835.12	NAMPT	protein_coding	14897	7431	7524	143.3171	41.9798	40.4234
ENSG00000105849.6	POLR1F	protein_coding	1281	634	647	27.5540	8.0710	7.7718
ENSG00000105851.11	PIK3CG	protein_coding	320	169	151	3.4996	1.0251	0.9871
ENSG00000105852.11	PON3	protein_coding	7	5	2	0.1443	0.0423	0.0407
ENSG00000105854.13	PON2	protein_coding	4476	2418	2534	98.8824	28.9642	27.8904
ENSG00000105855.10	ITGB8	protein_coding	16358	8103	8263	91.6554	26.8473	25.8519
ENSG00000105856.14	HBP1	protein_coding	1772	1788	1774	23.7199	6.9479	6.6903
ENSG00000105865.11	DUS4L	protein_coding	97	47	51	1.4982	0.4389	0.4226
ENSG00000105866.15	SP4	protein_coding	526	287	239	7.1756	2.1018	2.0239
ENSG00000105875.14	WDR91	protein_coding	3061	1739	1677	43.0937	12.6228	12.1548
ENSG00000105877.18	DNAH11	protein_coding	19	36	32	0.0998	0.0292	0.0281
ENSG00000105879.12	CBLL1	protein_coding	1287	676	631	20.9012	6.1223	5.8953
ENSG00000105880.7	DLX5	protein_coding	210	115	95	10.2255	2.9952	2.8842
ENSG00000105887.11	MTPN	protein_coding	20286	10046	10240	455.4987	133.4227	128.4761
ENSG00000105889.16	STEAP1B	protein_coding	1470	746	742	19.2703	5.6446	5.4353
ENSG00000105894.12	PTN	protein_coding	96	46	50	5.0261	1.4722	1.4176
ENSG00000105926.16	MPP6	protein_coding	262	126	137	2.3748	0.6956	0.6698
ENSG00000105928.16	GSDME	protein_coding	396	199	197	3.9112	1.1457	1.1032
ENSG00000105929.16	ATP6V0A4	protein_coding	658	344	314	13.5494	3.9688	3.8217
ENSG00000105939.13	ZC3HAV1	protein_coding	4506	2277	2229	46.4327	13.6009	13.0966
ENSG00000105948.13	TTC26	protein_coding	509	271	238	8.6466	2.5327	2.4388
ENSG00000105953.15	OGDH	protein_coding	11344	5601	5743	184.9016	54.1606	52.1526
ENSG00000105954.2	NPVF	protein_coding	0	0	0	0.0000	0.0000	0.0000
ENSG00000105963.15	ADAP1	protein_coding	501	242	259	8.4031	2.4614	2.3702
ENSG00000105967.16	TFEC	protein_coding	345	161	184	3.3894	0.9928	0.9560
ENSG00000105968.19	H2AZ2	protein_coding	5389	2705	2688	65.3486	19.1416	18.4320
ENSG00000105971.15	CAV2	protein_coding	4911	2451	2462	63.3999	18.5708	17.8823
ENSG00000105974.13	CAV1	protein_coding	22149	11155	10998	486.2727	142.4369	137.1561
ENSG00000105976.16	MET	protein_coding	6034	3072	2962	70.9316	20.7770	20.0067
ENSG00000105982.17	RNF32	protein_coding	12	29	20	0.2331	0.0683	0.0658
ENSG00000105983.22	LMBR1	protein_coding	2696	1405	1323	19.3939	5.6808	5.4702
ENSG00000105988.6	NHP2P1	processed_pseudogene	6	3	3	1.1029	0.3230	0.3111
ENSG00000105989.10	WNT2	protein_coding	317	161	156	6.1743	1.8085	1.7415
ENSG00000105991.10	HOXA1	protein_coding	305	158	165	10.1851	2.9834	2.8728
ENSG00000105993.15	DNAJB6	protein_coding	4024	2040	1984	22.8102	6.6815	6.4338
ENSG00000105996.7	HOXA2	protein_coding	7	6	4	0.2548	0.0746	0.0719
ENSG00000105997.22	HOXA3	protein_coding	84	77	58	1.6566	0.4852	0.4673
ENSG00000106003.13	LFNG	protein_coding	377	216	161	9.1839	2.6901	2.5904
ENSG00000106004.5	HOXA5	protein_coding	89	41	48	4.3941	1.2871	1.2394
ENSG00000106006.6	HOXA6	protein_coding	24	28	24	1.5861	0.4646	0.4474
ENSG00000106009.16	BRAT1	protein_coding	1858	927	931	23.6449	6.9260	6.6692
ENSG00000106012.18	IQCE	protein_coding	1384	692	692	12.7211	3.7262	3.5881
ENSG00000106013.15	ANKRD7	protein_coding	29	15	14	0.8122	0.2379	0.2291
ENSG00000106018.14	VIPR2	protein_coding	10	10	10	0.1655	0.0485	0.0467
ENSG00000106025.9	TSPAN12	protein_coding	86	44	42	2.2071	0.6465	0.6225
ENSG00000106028.11	SSBP1	protein_coding	3319	1690	1642	56.6535	16.5947	15.9794
ENSG00000106031.9	HOXA13	protein_coding	90	41	52	1.5072	0.4415	0.4251
ENSG00000106034.18	CPED1	protein_coding	102	48	54	1.1274	0.3302	0.3180
ENSG00000106038.13	EVX1	protein_coding	2	1	2	0.0506	0.0148	0.0143
ENSG00000106049.9	HIBADH	protein_coding	4009	1989	2021	153.9783	45.1027	43.4305
ENSG00000106052.13	TAX1BP1	protein_coding	11613	6221	6481	107.6030	31.5186	30.3500
ENSG00000106066.15	CPVL	protein_coding	531	303	254	13.5170	3.9593	3.8126
ENSG00000106069.23	CHN2	protein_coding	5	3	2	0.0503	0.0147	0.0142
ENSG00000106070.20	GRB10	protein_coding	4873	2441	2432	42.2478	12.3750	11.9162
ENSG00000106077.18	ABHD11	protein_coding	608	347	309	22.5564	6.6071	6.3622
ENSG00000106078.19	COBL	protein_coding	1294	709	699	7.6582	2.2432	2.1600
ENSG00000106080.11	FKBP14	protein_coding	2454	1369	1419	38.9960	11.4225	10.9991
ENSG00000106086.20	PLEKHA8	protein_coding	749	366	397	5.8429	1.7115	1.6480
ENSG00000106089.12	STX1A	protein_coding	100	61	59	2.2995	0.6736	0.6486
ENSG00000106100.11	NOD1	protein_coding	356	268	240	4.4328	1.2984	1.2503
ENSG00000106105.15	GARS1	protein_coding	8094	4149	4242	39.5800	11.5936	11.1638
ENSG00000106113.19	CRHR2	protein_coding	4	1	3	0.0891	0.0261	0.0251
ENSG00000106123.12	EPHB6	protein_coding	74	34	40	1.1801	0.3457	0.3329
ENSG00000106125.14	MINDY4	protein_coding	12	6	6	0.1389	0.0407	0.0392
ENSG00000106128.19	GHRHR	protein_coding	1	0	1	0.0271	0.0079	0.0076
ENSG00000106133.18	NSUN5P2	transcribed_unprocessed_pseudogene	8	218	224	0.2637	0.0773	0.0744
ENSG00000106144.20	CASP2	protein_coding	3063	1534	1531	32.4328	9.5001	9.1479
ENSG00000106153.13	CHCHD2	protein_coding	5373	2727	2646	443.8498	130.0106	125.1904
ENSG00000106178.7	CCL24	protein_coding	12	8	4	0.6994	0.2049	0.1973
ENSG00000106211.10	HSPB1	protein_coding	19723	9946	9778	1031.9692	302.2799	291.0730
ENSG00000106236.4	NPTX2	protein_coding	184	86	98	5.1586	1.5110	1.4550
ENSG00000106244.13	PDAP1	protein_coding	3121	5172	5141	91.0154	26.6598	25.6714
ENSG00000106245.11	BUD31	protein_coding	1089	1255	1284	38.9547	11.4104	10.9874
ENSG00000106246.18	PTCD1	protein_coding	74	762	718	1.1050	0.3237	0.3117
ENSG00000106258.15	CYP3A5	protein_coding	157	83	87	1.3581	0.3978	0.3831
ENSG00000106261.17	ZKSCAN1	protein_coding	6463	3269	3195	53.1874	15.5794	15.0018
ENSG00000106263.18	EIF3B	protein_coding	8984	4493	4493	84.4224	24.7286	23.8118
ENSG00000106266.11	SNX8	protein_coding	4754	2417	2341	70.2107	20.5658	19.8034
ENSG00000106268.15	NUDT1	protein_coding	861	435	429	34.9338	10.2327	9.8533
ENSG00000106278.12	PTPRZ1	protein_coding	8700	4398	4302	72.8823	21.3484	20.5569
ENSG00000106290.15	TAF6	protein_coding	1637	2102	2006	34.2401	10.0295	9.6576
ENSG00000106299.8	WASL	protein_coding	5655	2877	2784	110.0676	32.2405	31.0452
ENSG00000106302.10	HYAL4	protein_coding	4	0	4	0.1239	0.0363	0.0350
ENSG00000106304.15	SPAM1	protein_coding	0	0	0	0.0000	0.0000	0.0000
ENSG00000106305.10	AIMP2	protein_coding	503	685	619	23.3671	6.8446	6.5908
ENSG00000106327.13	TFR2	protein_coding	43	22	21	0.7209	0.2112	0.2033
ENSG00000106328.10	FSCN3	protein_coding	2	0	2	0.0544	0.0159	0.0153
ENSG00000106330.12	MOSPD3	protein_coding	721	356	365	36.1012	10.5746	10.1826
ENSG00000106331.17	PAX4	protein_coding	0	0	0	0.0000	0.0000	0.0000
ENSG00000106333.13	PCOLCE	protein_coding	2299	1645	1635	58.3479	17.0910	16.4574
ENSG00000106336.13	FBXO24	protein_coding	1	5	2	0.0255	0.0075	0.0072
ENSG00000106341.11	PPP1R17	protein_coding	0	0	0	0.0000	0.0000	0.0000
ENSG00000106344.8	RBM28	protein_coding	3109	1687	1699	16.6405	4.8743	4.6935
ENSG00000106346.11	USP42	protein_coding	714	351	365	8.5737	2.5114	2.4183
ENSG00000106348.18	IMPDH1	protein_coding	5033	2558	2479	116.7134	34.1872	32.9197
ENSG00000106351.13	AGFG2	protein_coding	1093	542	551	16.9160	4.9550	4.7713
ENSG00000106355.10	LSM5	protein_coding	962	472	490	17.4001	5.0968	4.9078
ENSG00000106366.9	SERPINE1	protein_coding	868	431	437	23.3558	6.8413	6.5876
ENSG00000106367.15	AP1S1	protein_coding	3494	1794	1700	174.6392	51.1546	49.2580
ENSG00000106384.12	MOGAT3	protein_coding	0	0	0	0.0000	0.0000	0.0000
ENSG00000106392.11	C1GALT1	protein_coding	2266	1107	1159	24.7562	7.2515	6.9826
ENSG00000106397.12	PLOD3	protein_coding	29450	14973	14517	440.9993	129.1756	124.3864
ENSG00000106399.11	RPA3	protein_coding	843	486	478	22.1497	6.4880	6.2475
ENSG00000106400.12	ZNHIT1	protein_coding	3529	1771	1798	59.7814	17.5109	16.8617
ENSG00000106404.14	CLDN15	protein_coding	329	174	155	9.6574	2.8288	2.7239
ENSG00000106410.15	NOBOX	protein_coding	0	0	0	0.0000	0.0000	0.0000
ENSG00000106415.13	GLCCI1	protein_coding	964	478	491	11.8936	3.4838	3.3546
ENSG00000106436.7	MYL10	protein_coding	56	35	21	4.5291	1.3266	1.2775
ENSG00000106443.17	PHF14	protein_coding	1898	966	932	11.4767	3.3617	3.2371
ENSG00000106459.15	NRF1	protein_coding	409	207	202	8.4323	2.4699	2.3784
ENSG00000106460.19	TMEM106B	protein_coding	3367	1696	1671	20.6625	6.0524	5.8280
ENSG00000106462.11	EZH2	protein_coding	440	212	228	8.2629	2.4203	2.3306
ENSG00000106477.20	CEP41	protein_coding	2276	1131	1145	13.7126	4.0166	3.8677
ENSG00000106479.11	ZNF862	protein_coding	412	283	291	4.1543	1.2168	1.1717
ENSG00000106483.12	SFRP4	protein_coding	3453	1712	1741	83.5890	24.4845	23.5768
ENSG00000106484.16	MEST	protein_coding	597	604	514	10.6351	3.1152	2.9997
ENSG00000106511.6	MEOX2	protein_coding	653	332	321	23.3880	6.8507	6.5967
ENSG00000106524.9	ANKMY2	protein_coding	893	494	510	26.5991	7.7913	7.5024
ENSG00000106526.10	ACTR3C	protein_coding	1	14	8	0.0131	0.0039	0.0037
ENSG00000106536.21	POU6F2	protein_coding	0	0	0	0.0000	0.0000	0.0000
ENSG00000106537.8	TSPAN13	protein_coding	244	117	127	10.3396	3.0286	2.9163
ENSG00000106538.10	RARRES2	protein_coding	1224	585	639	54.4487	15.9489	15.3576
ENSG00000106540.4	AC004837.1	processed_pseudogene	0	0	0	0.0000	0.0000	0.0000
ENSG00000106541.12	AGR2	protein_coding	0	0	0	0.0000	0.0000	0.0000
ENSG00000106546.14	AHR	protein_coding	3336	1657	1685	35.1875	10.3070	9.9248
ENSG00000106554.13	CHCHD3	protein_coding	4845	2487	2358	120.0232	35.1567	33.8533
ENSG00000106560.11	GIMAP2	protein_coding	302	144	158	12.2298	3.5823	3.4495
ENSG00000106565.18	TMEM176B	protein_coding	1874	944	937	80.4148	23.5548	22.6815
ENSG00000106571.15	GLI3	protein_coding	3224	1603	1621	19.8408	5.8117	5.5962
ENSG00000106588.12	PSMA2	protein_coding	17	10	12	0.1723	0.0505	0.0486
ENSG00000106591.4	MRPL32	protein_coding	1127	557	570	28.5007	8.3483	8.0388
ENSG00000106603.19	COA1	protein_coding	1421	723	754	10.2091	2.9904	2.8795
ENSG00000106605.11	BLVRA	protein_coding	4689	2414	2275	218.6667	64.0509	61.6762
ENSG00000106608.17	URGCP	protein_coding	2312	1190	1122	26.5750	7.7842	7.4956
ENSG00000106609.16	TMEM248	protein_coding	6610	3340	3270	110.3665	32.3281	31.1295
ENSG00000106610.15	STAG3L4	transcribed_unprocessed_pseudogene	234	113	121	6.2254	1.8235	1.7559
ENSG00000106615.10	RHEB	protein_coding	3110	1547	1563	74.7531	21.8963	21.0845
ENSG00000106617.15	PRKAG2	protein_coding	977	478	501	5.0507	1.4794	1.4246
ENSG00000106624.11	AEBP1	protein_coding	16754	8313	8445	286.2115	83.8358	80.7276
ENSG00000106628.11	POLD2	protein_coding	4472	2209	2263	102.7779	30.1052	28.9891
ENSG00000106631.8	MYL7	protein_coding	0	0	0	0.0000	0.0000	0.0000
ENSG00000106633.17	GCK	protein_coding	8	5	3	0.1298	0.0380	0.0366
ENSG00000106635.8	BCL7B	protein_coding	2420	1142	1278	63.6246	18.6366	17.9457
ENSG00000106636.9	YKT6	protein_coding	6741	3439	3302	74.5085	21.8247	21.0156
ENSG00000106638.17	TBL2	protein_coding	2619	1296	1323	34.7728	10.1855	9.8079
ENSG00000106648.14	GALNTL5	protein_coding	0	0	0	0.0000	0.0000	0.0000
ENSG00000106665.16	CLIP2	protein_coding	5124	2552	2572	59.0010	17.2823	16.6416
ENSG00000106682.15	EIF4H	protein_coding	7865	3848	4018	115.0162	33.6901	32.4410
ENSG00000106683.15	LIMK1	protein_coding	18931	9335	9598	228.4213	66.9082	64.4276
ENSG00000106686.16	SPATA6L	protein_coding	8	37	15	0.0923	0.0270	0.0260
ENSG00000106688.12	SLC1A1	protein_coding	34	17	17	0.7265	0.2128	0.2049
ENSG00000106689.11	LHX2	protein_coding	81	58	50	2.7547	0.8069	0.7770
ENSG00000106692.15	FKTN	protein_coding	1018	518	509	4.2498	1.2448	1.1987
ENSG00000106701.13	FSD1L	protein_coding	150	84	66	1.2897	0.3778	0.3638
ENSG00000106714.17	CNTNAP3	protein_coding	9	3	6	0.0803	0.0235	0.0226
ENSG00000106723.17	SPIN1	protein_coding	1370	677	693	23.7285	6.9505	6.6928
ENSG00000106733.21	NMRK1	protein_coding	758	404	354	16.6545	4.8784	4.6975
ENSG00000106771.13	TMEM245	protein_coding	5014	2482	2532	44.8060	13.1244	12.6378
ENSG00000106772.18	PRUNE2	protein_coding	67	41	39	0.3875	0.1135	0.1093
ENSG00000106780.9	MEGF9	protein_coding	2380	1174	1206	32.0811	9.3970	9.0487
ENSG00000106785.15	TRIM14	protein_coding	2719	1887	1965	42.1271	12.3397	11.8822
ENSG00000106789.13	CORO2A	protein_coding	767	387	380	11.3990	3.3390	3.2152
ENSG00000106799.13	TGFBR1	protein_coding	7739	3899	3841	96.3353	28.2181	27.1719
ENSG00000106803.10	SEC61B	protein_coding	2148	1137	1011	150.8760	44.1940	42.5555
ENSG00000106804.8	C5	protein_coding	334	165	174	4.3422	1.2719	1.2248
ENSG00000106809.11	OGN	protein_coding	137	64	73	2.8941	0.8477	0.8163
ENSG00000106819.13	ASPN	protein_coding	1420	724	696	48.8207	14.3003	13.7702
ENSG00000106823.12	ECM2	protein_coding	357	175	182	6.1669	1.8064	1.7394
ENSG00000106829.20	TLE4	protein_coding	169	89	80	1.7530	0.5135	0.4944
ENSG00000106852.15	LHX6	protein_coding	172	82	90	2.5411	0.7443	0.7167
ENSG00000106853.20	PTGR1	protein_coding	539	298	253	12.1411	3.5563	3.4245
ENSG00000106868.17	SUSD1	protein_coding	791	387	404	16.4880	4.8296	4.6505
ENSG00000106927.12	AMBP	protein_coding	2	0	2	0.0895	0.0262	0.0253
ENSG00000106948.17	AKNA	protein_coding	1510	703	807	12.0960	3.5431	3.4118
ENSG00000106952.7	TNFSF8	protein_coding	78	37	41	2.2794	0.6677	0.6429
ENSG00000106976.21	DNM1	protein_coding	212	109	105	1.6750	0.4906	0.4724
ENSG00000106991.14	ENG	protein_coding	5092	3224	3278	112.7255	33.0191	31.7949
ENSG00000106992.19	AK1	protein_coding	123	63	60	4.0282	1.1799	1.1362
ENSG00000106993.12	CDC37L1	protein_coding	319	152	167	6.8581	2.0089	1.9344
ENSG00000107014.9	RLN2	protein_coding	3	1	2	0.2476	0.0725	0.0698
ENSG00000107018.8	RLN1	protein_coding	3	2	1	0.2227	0.0652	0.0628
ENSG00000107020.10	PLGRKT	protein_coding	471	237	234	25.9387	7.5979	7.3162
ENSG00000107021.16	TBC1D13	protein_coding	1261	622	639	27.2411	7.9793	7.6835
ENSG00000107036.12	RIC1	protein_coding	756	431	406	7.4729	2.1889	2.1078
ENSG00000107077.19	KDM4C	protein_coding	730	351	379	6.0052	1.7590	1.6938
ENSG00000107099.16	DOCK8	protein_coding	826	410	420	5.0888	1.4906	1.4353
ENSG00000107104.20	KANK1	protein_coding	9421	4808	4613	67.1847	19.6795	18.9498
ENSG00000107105.15	ELAVL2	protein_coding	0	0	0	0.0000	0.0000	0.0000
ENSG00000107130.10	NCS1	protein_coding	2786	1374	1413	43.3153	12.6877	12.2173
ENSG00000107140.16	TESK1	protein_coding	1246	650	651	31.6704	9.2768	8.9328
ENSG00000107147.14	KCNT1	protein_coding	2	1	2	0.0109	0.0032	0.0031
ENSG00000107159.13	CA9	protein_coding	1	1	0	0.0528	0.0155	0.0149
ENSG00000107164.16	FUBP3	protein_coding	1608	773	835	20.6803	6.0576	5.8330
ENSG00000107165.13	TYRP1	protein_coding	470	265	248	10.6832	3.1293	3.0133
ENSG00000107175.12	CREB3	protein_coding	2004	1022	1059	104.0860	30.4884	29.3581
ENSG00000107185.10	RGP1	protein_coding	1032	770	759	12.2983	3.6024	3.4688
ENSG00000107186.17	MPDZ	protein_coding	2298	1149	1149	17.1588	5.0261	4.8397
ENSG00000107187.17	LHX3	protein_coding	0	0	0	0.0000	0.0000	0.0000
ENSG00000107201.10	DDX58	protein_coding	1834	934	900	33.5655	9.8319	9.4674
ENSG00000107223.13	EDF1	protein_coding	5655	2897	2770	392.9829	115.1109	110.8431
ENSG00000107242.20	PIP5K1B	protein_coding	24	14	11	0.4003	0.1172	0.1129
ENSG00000107249.23	GLIS3	protein_coding	70	40	30	0.4963	0.1454	0.1400
ENSG00000107262.26	BAG1	protein_coding	861	437	426	10.3374	3.0280	2.9157
ENSG00000107263.18	RAPGEF1	protein_coding	4970	2469	2501	60.2763	17.6559	17.0013
ENSG00000107281.10	NPDC1	protein_coding	1573	780	796	49.1102	14.3852	13.8518
ENSG00000107282.8	APBA1	protein_coding	31	14	17	0.2300	0.0674	0.0649
ENSG00000107290.14	SETX	protein_coding	4475	2302	2173	31.3005	9.1684	8.8285
ENSG00000107295.10	SH3GL2	protein_coding	44	23	21	1.3875	0.4064	0.3913
ENSG00000107317.13	PTGDS	protein_coding	13	5	8	0.4071	0.1192	0.1148
ENSG00000107331.17	ABCA2	protein_coding	3665	1801	1867	27.0473	7.9226	7.6289
ENSG00000107338.10	SHB	protein_coding	417	205	212	5.8677	1.7188	1.6550
ENSG00000107341.5	UBE2R2	protein_coding	2592	1278	1314	49.1655	14.4013	13.8674
ENSG00000107362.14	ABHD17B	protein_coding	567	294	273	14.9487	4.3787	4.2164
ENSG00000107371.14	EXOSC3	protein_coding	212	139	143	2.3503	0.6884	0.6629
ENSG00000107372.13	ZFAND5	protein_coding	4498	2608	2638	54.0654	15.8366	15.2495
ENSG00000107404.20	DVL1	protein_coding	3205	1664	1551	70.1108	20.5365	19.7752
ENSG00000107438.9	PDLIM1	protein_coding	1066	509	557	40.6489	11.9067	11.4653
ENSG00000107443.16	CCNJ	protein_coding	315	160	155	6.4489	1.8890	1.8189
ENSG00000107447.8	DNTT	protein_coding	0	0	0	0.0000	0.0000	0.0000
ENSG00000107485.18	GATA3	protein_coding	165	82	83	4.1260	1.2086	1.1638
ENSG00000107518.18	ATRNL1	protein_coding	283	185	169	2.4136	0.7070	0.6808
ENSG00000107521.19	HPS1	protein_coding	2882	1431	1451	46.1688	13.5236	13.0222
ENSG00000107537.14	PHYH	protein_coding	1402	683	719	35.2557	10.3269	9.9441
ENSG00000107551.21	RASSF4	protein_coding	906	432	531	8.1150	2.3770	2.2889
ENSG00000107554.17	DNMBP	protein_coding	1274	728	720	12.7446	3.7331	3.5947
ENSG00000107560.12	RAB11FIP2	protein_coding	1433	767	796	18.7016	5.4780	5.2749
ENSG00000107562.16	CXCL12	protein_coding	4645	2350	2295	64.9096	19.0130	18.3081
ENSG00000107566.14	ERLIN1	protein_coding	3175	1626	1550	77.2336	22.6229	21.7842
ENSG00000107581.13	EIF3A	protein_coding	19527	9662	9869	233.5223	68.4023	65.8663
ENSG00000107593.17	PKD2L1	protein_coding	6	5	1	0.1789	0.0524	0.0505
ENSG00000107611.16	CUBN	protein_coding	1211	602	612	7.7532	2.2710	2.1868
ENSG00000107614.22	TRDMT1	protein_coding	244	118	126	1.3409	0.3928	0.3782
ENSG00000107625.13	DDX50	protein_coding	1970	1015	955	62.3298	18.2574	17.5805
ENSG00000107643.16	MAPK8	protein_coding	702	382	320	6.1623	1.8050	1.7381
ENSG00000107651.13	SEC23IP	protein_coding	3159	1584	1575	34.1868	10.0138	9.6426
ENSG00000107669.18	ATE1	protein_coding	1828	894	950	28.8272	8.4439	8.1309
ENSG00000107672.15	NSMCE4A	protein_coding	692	421	437	16.5862	4.8584	4.6782
ENSG00000107679.14	PLEKHA1	protein_coding	1721	896	825	6.0931	1.7848	1.7186
ENSG00000107719.9	PALD1	protein_coding	217	117	101	3.9973	1.1709	1.1275
ENSG00000107731.12	UNC5B	protein_coding	946	507	443	11.7431	3.4397	3.3122
ENSG00000107736.21	CDH23	protein_coding	47	27	32	0.2146	0.0629	0.0605
ENSG00000107738.20	VSIR	protein_coding	7617	3786	3832	125.5267	36.7687	35.4055
ENSG00000107742.13	SPOCK2	protein_coding	2050	1038	1012	27.1544	7.9540	7.6591
ENSG00000107745.19	MICU1	protein_coding	6365	3109	3256	140.3216	41.1024	39.5785
ENSG00000107758.16	PPP3CB	protein_coding	1411	718	704	23.5454	6.8968	6.6411
ENSG00000107771.17	CCSER2	protein_coding	2970	1536	1434	29.9399	8.7699	8.4447
ENSG00000107779.14	BMPR1A	protein_coding	1450	739	711	12.9370	3.7895	3.6490
ENSG00000107789.16	MINPP1	protein_coding	1952	913	1040	54.9436	16.0938	15.4972
ENSG00000107796.13	ACTA2	protein_coding	1007	1432	1412	28.7348	8.4169	8.1048
ENSG00000107798.18	LIPA	protein_coding	25584	12871	12739	444.2046	130.1145	125.2905
ENSG00000107807.13	TLX1	protein_coding	0	0	0	0.0000	0.0000	0.0000
ENSG00000107815.10	TWNK	protein_coding	858	623	640	17.6207	5.1614	4.9700
ENSG00000107816.17	LZTS2	protein_coding	4054	2189	2130	52.5840	15.4027	14.8316
ENSG00000107819.13	SFXN3	protein_coding	8383	4200	4185	153.7223	45.0277	43.3583
ENSG00000107821.15	KAZALD1	protein_coding	109	60	49	2.2192	0.6500	0.6259
ENSG00000107829.15	FBXW4	protein_coding	2141	1130	1124	36.0887	10.5709	10.1790
ENSG00000107831.13	FGF8	protein_coding	3	2	1	0.1794	0.0526	0.0506
ENSG00000107833.10	NPM3	protein_coding	2107	1017	1090	192.8097	56.4770	54.3831
ENSG00000107854.6	TNKS2	protein_coding	4826	2421	2405	65.6562	19.2317	18.5187
ENSG00000107859.10	PITX3	protein_coding	1	1	0	0.0594	0.0174	0.0168
ENSG00000107862.6	GBF1	protein_coding	9060	4486	4577	33.5959	9.8408	9.4759
ENSG00000107863.18	ARHGAP21	protein_coding	6007	3019	2988	45.7258	13.3938	12.8972
ENSG00000107864.15	CPEB3	protein_coding	314	153	161	3.3672	0.9863	0.9497
ENSG00000107872.13	FBXL15	protein_coding	264	159	188	8.6460	2.5325	2.4386
ENSG00000107874.11	CUEDC2	protein_coding	2717	1343	1377	172.8306	50.6248	48.7479
ENSG00000107882.12	SUFU	protein_coding	2674	1317	1358	33.0054	9.6678	9.3094
ENSG00000107890.17	ANKRD26	protein_coding	707	378	329	4.4263	1.2965	1.2485
ENSG00000107897.20	ACBD5	protein_coding	2126	1113	1134	15.3079	4.4839	4.3177
ENSG00000107902.14	LHPP	protein_coding	936	478	469	19.5057	5.7135	5.5017
ENSG00000107929.15	LARP4B	protein_coding	2888	1452	1437	21.1241	6.1876	5.9582
ENSG00000107937.19	GTPBP4	protein_coding	3271	1830	1810	45.3806	13.2927	12.7999
ENSG00000107938.18	EDRF1	protein_coding	609	437	439	6.6809	1.9569	1.8844
ENSG00000107949.17	BCCIP	protein_coding	1736	1164	1172	32.7896	9.6046	9.2485
ENSG00000107951.15	MTPAP	protein_coding	1024	539	551	10.4254	3.0538	2.9406
ENSG00000107954.10	NEURL1	protein_coding	12	5	7	0.2054	0.0602	0.0579
ENSG00000107957.16	SH3PXD2A	protein_coding	6765	3378	3389	48.8675	14.3141	13.7834
ENSG00000107959.17	PITRM1	protein_coding	4895	3263	3299	32.8995	9.6368	9.2795
ENSG00000107960.11	STN1	protein_coding	1163	600	563	15.0346	4.4039	4.2406
ENSG00000107968.10	MAP3K8	protein_coding	79	34	45	1.9075	0.5587	0.5380
ENSG00000107984.10	DKK1	protein_coding	991	538	581	37.8911	11.0989	10.6874
ENSG00000108001.15	EBF3	protein_coding	104	71	60	1.6205	0.4747	0.4571
ENSG00000108010.12	GLRX3	protein_coding	2199	1044	1155	35.9877	10.5414	10.1505
ENSG00000108018.15	SORCS1	protein_coding	3783	1919	1864	32.2415	9.4440	9.0939
ENSG00000108021.20	TASOR2	protein_coding	3409	1703	1770	26.4137	7.7370	7.4501
ENSG00000108039.18	XPNPEP1	protein_coding	5154	2788	2794	65.4132	19.1606	18.4502
ENSG00000108055.10	SMC3	protein_coding	5063	2603	2460	75.6559	22.1608	21.3392
ENSG00000108061.12	SHOC2	protein_coding	2814	1410	1404	54.5336	15.9737	15.3815
ENSG00000108064.11	TFAM	protein_coding	1694	821	873	27.2350	7.9776	7.6818
ENSG00000108091.11	CCDC6	protein_coding	2653	1315	1338	31.0280	9.0886	8.7516
ENSG00000108094.16	CUL2	protein_coding	3000	1484	1516	48.3510	14.1628	13.6377
ENSG00000108100.18	CCNY	protein_coding	2370	1135	1235	32.9505	9.6517	9.2939
ENSG00000108106.14	UBE2S	protein_coding	1499	761	739	45.4790	13.3215	12.8276
ENSG00000108107.15	RPL28	protein_coding	26590	13460	13134	355.8202	104.2253	100.3612
ENSG00000108175.17	ZMIZ1	protein_coding	7762	3922	3840	59.2923	17.3676	16.7237
ENSG00000108176.15	DNAJC12	protein_coding	25	14	11	0.9925	0.2907	0.2799
ENSG00000108179.14	PPIF	protein_coding	2229	1063	1167	70.8677	20.7583	19.9887
ENSG00000108187.16	PBLD	protein_coding	587	307	280	9.6381	2.8232	2.7185
ENSG00000108219.15	TSPAN14	protein_coding	14337	7240	7116	68.0588	19.9355	19.1964
ENSG00000108231.14	LGI1	protein_coding	2	2	0	0.0110	0.0032	0.0031
ENSG00000108239.9	TBC1D12	protein_coding	537	273	264	6.2589	1.8333	1.7654
ENSG00000108242.13	CYP2C18	protein_coding	0	0	0	0.0000	0.0000	0.0000
ENSG00000108244.17	KRT23	protein_coding	0	0	0	0.0000	0.0000	0.0000
ENSG00000108255.8	CRYBA1	protein_coding	3	0	3	0.3192	0.0935	0.0900
ENSG00000108256.9	NUFIP2	protein_coding	6562	3322	3242	51.2318	15.0066	14.4502
ENSG00000108262.16	GIT1	protein_coding	7156	3541	3616	107.5559	31.5048	30.3368
ENSG00000108298.12	RPL19	protein_coding	41292	20670	20628	976.4787	286.0259	275.4216
ENSG00000108306.13	FBXL20	protein_coding	1153	602	552	8.8585	2.5948	2.4986
ENSG00000108309.14	RUNDC3A	protein_coding	33	21	25	0.5714	0.1674	0.1612
ENSG00000108312.15	UBTF	protein_coding	6794	3638	3445	82.5039	24.1667	23.2707
ENSG00000108342.13	CSF3	protein_coding	0	0	0	0.0000	0.0000	0.0000
ENSG00000108344.15	PSMD3	protein_coding	5845	2886	2960	100.2140	29.3543	28.2660
ENSG00000108349.17	CASC3	protein_coding	4772	2374	2398	63.6370	18.6403	17.9492
ENSG00000108352.13	RAPGEFL1	protein_coding	321	170	151	4.7523	1.3920	1.3404
ENSG00000108370.17	RGS9	protein_coding	318	166	152	3.8299	1.1218	1.0802
ENSG00000108375.13	RNF43	protein_coding	925	424	512	12.4113	3.6355	3.5007
ENSG00000108379.10	WNT3	protein_coding	79	37	43	1.5726	0.4606	0.4436
ENSG00000108381.11	ASPA	protein_coding	550	269	282	7.9908	2.3406	2.2539
ENSG00000108384.15	RAD51C	protein_coding	776	378	398	10.8600	3.1811	3.0631
ENSG00000108387.15	SEPTIN4	protein_coding	399	262	226	3.3432	0.9793	0.9430
ENSG00000108389.9	MTMR4	protein_coding	5281	2631	2650	59.9953	17.5736	16.9220
ENSG00000108395.14	TRIM37	protein_coding	1810	972	909	28.0383	8.2129	7.9084
ENSG00000108405.4	P2RX1	protein_coding	64	35	30	1.3773	0.4034	0.3885
ENSG00000108406.10	DHX40	protein_coding	2140	1079	1062	30.7704	9.0131	8.6790
ENSG00000108417.4	KRT37	protein_coding	0	0	0	0.0000	0.0000	0.0000
ENSG00000108423.15	TUBD1	protein_coding	150	79	71	3.8218	1.1195	1.0780
ENSG00000108424.11	KPNB1	protein_coding	15806	9395	9490	130.2526	38.1530	36.7385
ENSG00000108433.17	GOSR2	protein_coding	1631	817	814	9.6412	2.8241	2.7194
ENSG00000108439.11	PNPO	protein_coding	1127	824	803	18.3133	5.3643	5.1654
ENSG00000108442.2	TVP23BP2	processed_pseudogene	0	0	0	0.0000	0.0000	0.0000
ENSG00000108443.14	RPS6KB1	protein_coding	1124	555	569	12.4010	3.6325	3.4978
ENSG00000108448.21	TRIM16L	protein_coding	116	57	59	2.2755	0.6665	0.6418
ENSG00000108452.1	ZNF29P	unprocessed_pseudogene	0	1	0	0.0000	0.0000	0.0000
ENSG00000108465.15	CDK5RAP3	protein_coding	59	32	30	0.8245	0.2415	0.2325
ENSG00000108468.15	CBX1	protein_coding	3027	1504	1523	84.4462	24.7356	23.8185
ENSG00000108469.15	RECQL5	protein_coding	1504	764	773	14.5700	4.2678	4.1095
ENSG00000108474.17	PIGL	protein_coding	203	115	111	2.7976	0.8195	0.7891
ENSG00000108479.12	GALK1	protein_coding	1148	592	558	40.3513	11.8195	11.3813
ENSG00000108506.13	INTS2	protein_coding	1290	679	611	12.6982	3.7195	3.5816
ENSG00000108509.21	CAMTA2	protein_coding	2887	2417	2363	40.7116	11.9251	11.4829
ENSG00000108510.10	MED13	protein_coding	3384	1677	1708	22.6758	6.6421	6.3959
ENSG00000108511.10	HOXB6	protein_coding	57	54	64	1.8589	0.5445	0.5243
ENSG00000108515.18	ENO3	protein_coding	94	4984	4658	1.8599	0.5448	0.5246
ENSG00000108516.5	AC003958.1	unprocessed_pseudogene	0	0	0	0.0000	0.0000	0.0000
ENSG00000108518.8	PFN1	protein_coding	15435	12230	12756	819.7293	240.1115	231.2095
ENSG00000108523.16	RNF167	protein_coding	4030	2032	2000	124.7192	36.5322	35.1778
ENSG00000108528.14	SLC25A11	protein_coding	4564	2234	2331	156.8502	45.9439	44.2405
ENSG00000108551.5	RASD1	protein_coding	33	24	9	1.6032	0.4696	0.4522
ENSG00000108556.10	CHRNE	protein_coding	37	323	321	0.8924	0.2614	0.2517
ENSG00000108557.19	RAI1	protein_coding	7202	3958	4043	62.9993	18.4535	17.7693
ENSG00000108559.12	NUP88	protein_coding	1766	1858	1819	24.9824	7.3177	7.0464
ENSG00000108561.8	C1QBP	protein_coding	3316	1682	1634	120.5979	35.3250	34.0154
ENSG00000108576.10	SLC6A4	protein_coding	2	2	0	0.0243	0.0071	0.0069
ENSG00000108578.15	BLMH	protein_coding	1240	632	608	20.5707	6.0255	5.8021
ENSG00000108582.12	CPD	protein_coding	6807	3432	3375	46.2073	13.5348	13.0330
ENSG00000108587.16	GOSR1	protein_coding	2320	1190	1130	19.9914	5.8558	5.6387
ENSG00000108588.14	CCDC47	protein_coding	6133	3122	3013	119.6181	35.0380	33.7390
ENSG00000108590.11	MED31	protein_coding	100	248	252	4.0304	1.1806	1.1368
ENSG00000108591.10	DRG2	protein_coding	1047	799	699	12.0086	3.5175	3.3871
ENSG00000108592.17	FTSJ3	protein_coding	3829	2735	2750	62.4828	18.3022	17.6236
ENSG00000108599.15	AKAP10	protein_coding	1102	552	550	19.3392	5.6648	5.4547
ENSG00000108602.18	ALDH3A1	protein_coding	11	6	10	0.2409	0.0706	0.0679
ENSG00000108604.16	SMARCD2	protein_coding	3976	1977	1999	92.2020	27.0074	26.0061
ENSG00000108622.11	ICAM2	protein_coding	126	190	184	3.2994	0.9664	0.9306
ENSG00000108639.8	SYNGR2	protein_coding	3949	1985	1965	82.7822	24.2482	23.3492
ENSG00000108641.19	B9D1	protein_coding	739	1268	1234	7.3935	2.1657	2.0854
ENSG00000108651.10	UTP6	protein_coding	1837	968	873	24.4206	7.1532	6.8880
ENSG00000108654.16	DDX5	protein_coding	21380	10781	10624	194.9951	57.1171	54.9995
ENSG00000108666.10	C17orf75	protein_coding	363	194	185	5.3685	1.5725	1.5142
ENSG00000108669.16	CYTH1	protein_coding	1857	931	926	20.3375	5.9572	5.7363
ENSG00000108671.11	PSMD11	protein_coding	5353	2810	2875	64.1789	18.7990	18.1020
ENSG00000108679.13	LGALS3BP	protein_coding	109320	54386	54943	2712.8882	794.6475	765.1860
ENSG00000108684.15	ASIC2	protein_coding	2	0	2	0.0288	0.0084	0.0081
ENSG00000108688.11	CCL7	protein_coding	3	2	1	0.2952	0.0865	0.0833
ENSG00000108691.9	CCL2	protein_coding	773	362	411	33.0531	9.6818	9.3228
ENSG00000108700.5	CCL8	protein_coding	84	40	44	8.2753	2.4240	2.3341
ENSG00000108702.4	CCL1	protein_coding	2	2	0	0.2859	0.0838	0.0806
ENSG00000108733.11	PEX12	protein_coding	567	306	340	17.2272	5.0461	4.8590
ENSG00000108759.4	KRT32	protein_coding	0	0	0	0.0000	0.0000	0.0000
ENSG00000108771.13	DHX58	protein_coding	2325	1161	1164	51.6318	15.1238	14.5631
ENSG00000108773.11	KAT2A	protein_coding	2157	1085	1072	48.5228	14.2131	13.6861
ENSG00000108774.15	RAB5C	protein_coding	2037	1042	997	62.6977	18.3651	17.6843
ENSG00000108784.10	NAGLU	protein_coding	1953	992	961	56.5075	16.5519	15.9383
ENSG00000108785.7	HSD17B1P1	unprocessed_pseudogene	40	23	17	3.5569	1.0419	1.0032
ENSG00000108786.11	HSD17B1	protein_coding	10	338	340	0.4353	0.1275	0.1228
ENSG00000108788.12	MLX	protein_coding	2605	1797	1843	51.9901	15.2287	14.6641
ENSG00000108797.12	CNTNAP1	protein_coding	781	511	494	10.5174	3.0807	2.9665
ENSG00000108798.9	ABI3	protein_coding	410	214	214	15.3246	4.4888	4.3224
ENSG00000108799.13	EZH1	protein_coding	2545	1323	1223	30.9277	9.0592	8.7233
ENSG00000108813.11	DLX4	protein_coding	9	5	4	0.2107	0.0617	0.0594
ENSG00000108819.11	PPP1R9B	protein_coding	4261	2519	2568	83.3171	24.4049	23.5001
ENSG00000108821.14	COL1A1	protein_coding	140158	71219	72547	1321.4478	387.0728	372.7221
ENSG00000108823.16	SGCA	protein_coding	48	37	39	1.6644	0.4875	0.4695
ENSG00000108825.18	PTGES3L-AARSD1	protein_coding	0	0	0	0.0000	0.0000	0.0000
ENSG00000108826.16	MRPL27	protein_coding	1453	729	725	40.8574	11.9678	11.5241
ENSG00000108828.16	VAT1	protein_coding	75949	38077	37884	1860.8260	545.0651	524.8569
ENSG00000108829.10	LRRC59	protein_coding	10310	6557	6469	192.8480	56.4882	54.3939
ENSG00000108830.10	RND2	protein_coding	354	180	175	6.8823	2.0159	1.9412
ENSG00000108839.12	ALOX12	protein_coding	42	81	73	1.3459	0.3942	0.3796
ENSG00000108840.15	HDAC5	protein_coding	2705	1367	1341	30.1536	8.8324	8.5050
ENSG00000108846.16	ABCC3	protein_coding	103	47	60	0.9097	0.2665	0.2566
ENSG00000108848.16	LUC7L3	protein_coding	3014	1503	1512	31.4590	9.2148	8.8732
ENSG00000108849.8	PPY	protein_coding	47	27	21	4.0113	1.1750	1.1314
ENSG00000108852.15	MPP2	protein_coding	397	192	205	5.5141	1.6152	1.5553
ENSG00000108854.16	SMURF2	protein_coding	959	494	481	11.2905	3.3072	3.1846
ENSG00000108861.9	DUSP3	protein_coding	7967	3988	3979	135.3935	39.6589	38.1885
ENSG00000108878.5	CACNG1	protein_coding	0	0	0	0.0000	0.0000	0.0000
ENSG00000108883.13	EFTUD2	protein_coding	6158	3207	3111	51.5060	15.0869	14.5276
ENSG00000108924.14	HLF	protein_coding	12	5	7	0.1504	0.0441	0.0424
ENSG00000108932.12	SLC16A6	protein_coding	31	18	16	0.6482	0.1899	0.1828
ENSG00000108946.15	PRKAR1A	protein_coding	15994	7921	8073	199.1229	58.3262	56.1638
ENSG00000108947.5	EFNB3	protein_coding	29	14	15	0.7658	0.2243	0.2160
ENSG00000108950.12	FAM20A	protein_coding	487	227	260	6.6909	1.9599	1.8872
ENSG00000108953.17	YWHAE	protein_coding	19903	10254	9651	458.2895	134.2402	129.2632
ENSG00000108958.4	AC130689.1	processed_pseudogene	27	15	13	5.6197	1.6461	1.5851
ENSG00000108960.9	MMD	protein_coding	266	149	117	7.0745	2.0722	1.9954
ENSG00000108961.14	RANGRF	protein_coding	40	762	748	2.3921	0.7007	0.6747
ENSG00000108963.19	DPH1	protein_coding	637	390	433	8.7277	2.5565	2.4617
ENSG00000108984.15	MAP2K6	protein_coding	227	116	111	1.1571	0.3389	0.3264
ENSG00000109016.17	DHRS7B	protein_coding	875	443	432	13.4028	3.9259	3.7804
ENSG00000109046.15	WSB1	protein_coding	2161	1072	1089	21.3338	6.2490	6.0173
ENSG00000109047.8	RCVRN	protein_coding	10	6	4	0.3303	0.0968	0.0932
ENSG00000109061.10	MYH1	protein_coding	0	0	0	0.0000	0.0000	0.0000
ENSG00000109062.12	SLC9A3R1	protein_coding	1200	625	648	43.5676	12.7616	12.2885
ENSG00000109063.15	MYH3	protein_coding	26	14	12	0.3303	0.0968	0.0932
ENSG00000109065.12	NAT9	protein_coding	1075	533	543	22.4464	6.5749	6.3311
ENSG00000109066.14	TMEM104	protein_coding	2513	1225	1289	43.1907	12.6512	12.1822
ENSG00000109072.14	VTN	protein_coding	5	4	1	0.2230	0.0653	0.0629
ENSG00000109079.10	TNFAIP1	protein_coding	1934	1147	1231	42.2309	12.3701	11.9115
ENSG00000109083.14	IFT20	protein_coding	265	278	280	6.9736	2.0427	1.9670
ENSG00000109084.14	TMEM97	protein_coding	1287	800	779	37.3140	10.9298	10.5246
ENSG00000109089.7	CDR2L	protein_coding	1018	527	492	24.4483	7.1613	6.8958
ENSG00000109099.16	PMP22	protein_coding	7936	4425	4700	64.8133	18.9848	18.2810
ENSG00000109101.8	FOXN1	protein_coding	0	0	1	0.0000	0.0000	0.0000
ENSG00000109103.12	UNC119	protein_coding	1020	514	506	17.0175	4.9847	4.7999
ENSG00000109107.14	ALDOC	protein_coding	2095	1610	1595	68.1119	19.9510	19.2114
ENSG00000109111.15	SUPT6H	protein_coding	11198	5598	5616	90.4967	26.5079	25.5251
ENSG00000109113.20	RAB34	protein_coding	3474	1709	1766	89.3169	26.1623	25.1923
ENSG00000109118.14	PHF12	protein_coding	2083	1018	1071	14.4671	4.2376	4.0805
ENSG00000109132.7	PHOX2B	protein_coding	0	0	0	0.0000	0.0000	0.0000
ENSG00000109133.13	TMEM33	protein_coding	4346	2150	2196	43.6143	12.7753	12.3017
ENSG00000109158.11	GABRA4	protein_coding	0	0	0	0.0000	0.0000	0.0000
ENSG00000109163.7	GNRHR	protein_coding	14	4	11	0.2701	0.0791	0.0762
ENSG00000109171.15	SLAIN2	protein_coding	2870	1420	1450	38.6492	11.3209	10.9012
ENSG00000109180.15	OCIAD1	protein_coding	4520	2290	2262	81.4256	23.8508	22.9666
ENSG00000109181.12	UGT2B10	protein_coding	3	0	3	0.0924	0.0271	0.0261
ENSG00000109182.12	CWH43	protein_coding	0	0	0	0.0000	0.0000	0.0000
ENSG00000109184.15	DCUN1D4	protein_coding	1990	1007	983	22.1628	6.4918	6.2512
ENSG00000109189.13	USP46	protein_coding	1455	679	776	13.8909	4.0689	3.9180
ENSG00000109193.12	SULT1E1	protein_coding	1	1	0	0.0407	0.0119	0.0115
ENSG00000109205.16	ODAM	protein_coding	2	0	2	0.1087	0.0318	0.0307
ENSG00000109208.5	SMR3A	protein_coding	0	0	0	0.0000	0.0000	0.0000
ENSG00000109220.11	CHIC2	protein_coding	268	122	146	18.4580	5.4066	5.2062
ENSG00000109255.11	NMU	protein_coding	1	0	1	0.0871	0.0255	0.0246
ENSG00000109265.14	CRACD	protein_coding	2131	1052	1079	26.8296	7.8588	7.5674
ENSG00000109270.13	LAMTOR3	protein_coding	1754	886	868	35.7710	10.4779	10.0894
ENSG00000109272.4	PF4V1	protein_coding	0	0	0	0.0000	0.0000	0.0000
ENSG00000109320.13	NFKB1	protein_coding	5625	2848	2787	75.1183	22.0033	21.1876
ENSG00000109321.11	AREG	protein_coding	3	2	1	0.1552	0.0454	0.0438
ENSG00000109323.11	MANBA	protein_coding	5315	2664	2651	38.4358	11.2585	10.8411
ENSG00000109332.20	UBE2D3	protein_coding	10019	4968	5068	84.7091	24.8126	23.8927
ENSG00000109339.24	MAPK10	protein_coding	51	341	402	0.1016	0.0298	0.0287
ENSG00000109381.20	ELF2	protein_coding	979	483	496	9.7123	2.8449	2.7394
ENSG00000109390.13	NDUFC1	protein_coding	1630	908	895	46.2326	13.5422	13.0402
ENSG00000109424.4	UCP1	protein_coding	2	1	1	0.1048	0.0307	0.0296
ENSG00000109436.8	TBC1D9	protein_coding	3386	1671	1715	49.1438	14.3950	13.8613
ENSG00000109445.11	ZNF330	protein_coding	1468	724	744	49.1574	14.3990	13.8651
ENSG00000109452.12	INPP4B	protein_coding	6905	3582	3404	41.4312	12.1358	11.6859
ENSG00000109458.8	GAB1	protein_coding	1319	664	655	11.0693	3.2424	3.1222
ENSG00000109466.14	KLHL2	protein_coding	783	403	381	16.9236	4.9572	4.7734
ENSG00000109471.5	IL2	protein_coding	0	0	0	0.0000	0.0000	0.0000
ENSG00000109472.14	CPE	protein_coding	572	294	278	15.5737	4.5618	4.3927
ENSG00000109475.16	RPL34	protein_coding	8341	4131	4211	208.7596	61.1490	58.8819
ENSG00000109501.14	WFS1	protein_coding	7742	4312	4501	145.6801	42.6720	41.0899
ENSG00000109511.12	ANXA10	protein_coding	6	4	2	0.2775	0.0813	0.0783
ENSG00000109519.13	GRPEL1	protein_coding	1925	972	953	40.3137	11.8085	11.3707
ENSG00000109534.17	GAR1	protein_coding	834	438	396	36.0609	10.5628	10.1712
ENSG00000109536.12	FRG1	protein_coding	1019	515	504	53.3173	15.6175	15.0384
ENSG00000109572.14	CLCN3	protein_coding	19141	9542	9599	200.2294	58.6503	56.4759
ENSG00000109576.14	AADAT	protein_coding	372	162	210	10.6365	3.1156	3.0001
ENSG00000109586.12	GALNT7	protein_coding	2150	1393	1330	26.8222	7.8567	7.5654
ENSG00000109606.13	DHX15	protein_coding	5565	2813	2753	57.8719	16.9516	16.3231
ENSG00000109610.6	SOD3	protein_coding	129	67	62	5.4285	1.5901	1.5311
ENSG00000109618.12	SEPSECS	protein_coding	346	174	172	4.7095	1.3795	1.3283
ENSG00000109625.19	CPZ	protein_coding	1	0	1	0.0246	0.0072	0.0069
ENSG00000109654.16	TRIM2	protein_coding	3831	1979	1852	20.0784	5.8813	5.6632
ENSG00000109667.12	SLC2A9	protein_coding	57	35	22	0.7303	0.2139	0.2060
ENSG00000109670.16	FBXW7	protein_coding	682	369	370	5.2751	1.5452	1.4879
ENSG00000109674.4	NEIL3	protein_coding	150	75	75	4.3713	1.2804	1.2330
ENSG00000109680.11	TBC1D19	protein_coding	548	274	274	11.2461	3.2942	3.1720
ENSG00000109684.15	CLNK	protein_coding	25	8	17	0.3475	0.1018	0.0980
ENSG00000109685.19	NSD2	protein_coding	2650	1298	1354	11.0573	3.2389	3.1188
ENSG00000109686.19	SH3D19	protein_coding	2041	2797	2757	22.3296	6.5407	6.2982
ENSG00000109689.18	STIM2	protein_coding	3411	1694	1717	34.5413	10.1177	9.7426
ENSG00000109705.8	NKX3-2	protein_coding	74	45	29	2.7818	0.8148	0.7846
ENSG00000109736.15	MFSD10	protein_coding	3905	1982	1923	105.8119	30.9939	29.8449
ENSG00000109738.11	GLRB	protein_coding	11	8	3	0.2755	0.0807	0.0777
ENSG00000109743.11	BST1	protein_coding	349	191	159	10.3446	3.0301	2.9178
ENSG00000109756.9	RAPGEF2	protein_coding	5278	2623	2655	33.7635	9.8899	9.5232
ENSG00000109758.9	HGFAC	protein_coding	1	0	1	0.0308	0.0090	0.0087
ENSG00000109762.16	SNX25	protein_coding	1543	793	758	25.8497	7.5718	7.2911
ENSG00000109771.15	LRP2BP	protein_coding	100	49	63	1.1538	0.3380	0.3254
ENSG00000109775.11	UFSP2	protein_coding	1527	1117	1041	46.6787	13.6729	13.1660
ENSG00000109787.13	KLF3	protein_coding	1843	937	943	23.1145	6.7706	6.5196
ENSG00000109790.16	KLHL5	protein_coding	1251	762	803	20.6523	6.0494	5.8251
ENSG00000109794.13	FAM149A	protein_coding	855	428	427	13.9147	4.0758	3.9247
ENSG00000109805.10	NCAPG	protein_coding	800	548	575	14.0162	4.1056	3.9533
ENSG00000109814.12	UGDH	protein_coding	5448	2817	2679	114.9433	33.6687	32.4204
ENSG00000109819.9	PPARGC1A	protein_coding	30	18	12	0.2344	0.0687	0.0661
ENSG00000109832.14	DDX25	protein_coding	0	0	0	0.0000	0.0000	0.0000
ENSG00000109846.9	CRYAB	protein_coding	29567	15204	15386	572.2067	167.6083	161.3942
ENSG00000109851.7	DBX1	protein_coding	0	0	0	0.0000	0.0000	0.0000
ENSG00000109854.14	HTATIP2	protein_coding	164	84	80	4.9810	1.4590	1.4049
ENSG00000109861.17	CTSC	protein_coding	4998	2486	2512	17.0805	5.0031	4.8176
ENSG00000109881.17	CCDC34	protein_coding	287	152	135	7.8595	2.3022	2.2168
ENSG00000109906.14	ZBTB16	protein_coding	13	8	5	0.0894	0.0262	0.0252
ENSG00000109911.19	ELP4	protein_coding	452	329	320	1.4087	0.4126	0.3973
ENSG00000109917.11	ZPR1	protein_coding	1913	981	957	23.0168	6.7420	6.4920
ENSG00000109919.10	MTCH2	protein_coding	4901	2401	2500	144.4620	42.3152	40.7464
ENSG00000109920.13	FNBP4	protein_coding	1168	591	577	13.0184	3.8133	3.6719
ENSG00000109927.11	TECTA	protein_coding	7	2	5	0.0715	0.0210	0.0202
ENSG00000109929.10	SC5D	protein_coding	1430	648	783	12.0784	3.5380	3.4068
ENSG00000109943.9	CRTAM	protein_coding	87	41	46	2.7578	0.8078	0.7778
ENSG00000109944.11	JHY	protein_coding	54	22	32	0.5339	0.1564	0.1506
ENSG00000109956.13	B3GAT1	protein_coding	16	5	11	0.1156	0.0339	0.0326
ENSG00000109971.14	HSPA8	protein_coding	71708	36028	35683	1255.8209	367.8496	354.2116
ENSG00000109991.9	P2RX3	protein_coding	0	0	0	0.0000	0.0000	0.0000
ENSG00000110002.16	VWA5A	protein_coding	326	154	172	4.3522	1.2748	1.2276
ENSG00000110011.13	DNAJC4	protein_coding	859	449	501	25.9874	7.6121	7.3299
ENSG00000110013.13	SIAE	protein_coding	534	599	620	5.6130	1.6441	1.5832
ENSG00000110025.13	SNX15	protein_coding	5	2	3	0.0869	0.0255	0.0245
ENSG00000110031.13	LPXN	protein_coding	7573	3794	3779	260.6820	76.3578	73.5269
ENSG00000110042.8	DTX4	protein_coding	2593	1291	1357	34.2296	10.0264	9.6546
ENSG00000110046.13	ATG2A	protein_coding	2582	1338	1247	27.9924	8.1994	7.8954
ENSG00000110047.18	EHD1	protein_coding	7781	3969	3817	93.2758	27.3220	26.3090
ENSG00000110048.12	OSBP	protein_coding	5359	2906	2964	88.8498	26.0255	25.0606
ENSG00000110057.8	UNC93B1	protein_coding	1825	894	931	43.8291	12.8382	12.3623
ENSG00000110060.9	PUS3	protein_coding	378	177	201	15.9701	4.6779	4.5045
ENSG00000110063.10	DCPS	protein_coding	1495	784	879	16.1132	4.7198	4.5448
ENSG00000110066.15	KMT5B	protein_coding	1419	715	705	13.9599	4.0891	3.9375
ENSG00000110074.11	FOXRED1	protein_coding	675	332	347	10.1328	2.9681	2.8580
ENSG00000110075.15	PPP6R3	protein_coding	4605	2381	2570	47.0871	13.7926	13.2812
ENSG00000110076.19	NRXN2	protein_coding	121	59	63	0.9704	0.2842	0.2737
ENSG00000110077.14	MS4A6A	protein_coding	1065	526	541	15.6174	4.5746	4.4050
ENSG00000110079.18	MS4A4A	protein_coding	240	118	123	6.9182	2.0264	1.9513
ENSG00000110080.20	ST3GAL4	protein_coding	5103	2537	2574	72.6852	21.2906	20.5013
ENSG00000110090.13	CPT1A	protein_coding	4657	2298	2361	60.1848	17.6291	16.9755
ENSG00000110092.4	CCND1	protein_coding	19473	12284	11944	347.3337	101.7395	97.9675
ENSG00000110104.13	CCDC86	protein_coding	1373	1306	1399	34.8880	10.2192	9.8404
ENSG00000110107.9	PRPF19	protein_coding	6037	3054	2983	175.6303	51.4449	49.5375
ENSG00000110108.10	TMEM109	protein_coding	9603	4797	4818	381.6055	111.7782	107.6341
ENSG00000110148.10	CCKBR	protein_coding	131	64	67	4.3035	1.2606	1.2138
ENSG00000110169.11	HPX	protein_coding	11	6	5	0.2573	0.0754	0.0726
ENSG00000110171.20	TRIM3	protein_coding	829	428	401	10.4279	3.0545	2.9413
ENSG00000110172.12	CHORDC1	protein_coding	899	440	459	6.8784	2.0148	1.9401
ENSG00000110195.14	FOLR1	protein_coding	0	1	0	0.0000	0.0000	0.0000
ENSG00000110200.8	ANAPC15	protein_coding	60	278	217	1.7673	0.5177	0.4985
ENSG00000110203.9	FOLR3	protein_coding	0	0	0	0.0000	0.0000	0.0000
ENSG00000110218.9	PANX1	protein_coding	2327	1186	1141	69.2882	20.2956	19.5431
ENSG00000110237.5	ARHGEF17	protein_coding	3265	1611	1688	27.9473	8.1862	7.8827
ENSG00000110243.12	APOA5	protein_coding	0	0	0	0.0000	0.0000	0.0000
ENSG00000110244.7	APOA4	protein_coding	0	0	0	0.0000	0.0000	0.0000
ENSG00000110245.12	APOC3	protein_coding	0	0	0	0.0000	0.0000	0.0000
ENSG00000110274.16	CEP164	protein_coding	1374	659	715	9.0478	2.6502	2.5520
ENSG00000110315.7	RNF141	protein_coding	1120	587	533	12.1547	3.5603	3.4283
ENSG00000110318.15	CEP126	protein_coding	106	60	46	1.0978	0.3215	0.3096
ENSG00000110321.19	EIF4G2	protein_coding	23669	11797	11872	236.8865	69.3878	66.8152
ENSG00000110324.11	IL10RA	protein_coding	1186	606	580	12.4648	3.6511	3.5158
ENSG00000110328.6	GALNT18	protein_coding	459	227	232	10.7497	3.1488	3.0320
ENSG00000110330.8	BIRC2	protein_coding	1270	610	660	23.7972	6.9706	6.7121
ENSG00000110344.10	UBE4A	protein_coding	1557	1518	1480	20.1526	5.9030	5.6842
ENSG00000110367.13	DDX6	protein_coding	4610	2335	2406	34.1549	10.0045	9.6336
ENSG00000110375.3	UPK2	protein_coding	1	29	25	0.0756	0.0221	0.0213
ENSG00000110395.7	CBL	protein_coding	2154	1046	1116	15.6101	4.5724	4.4029
ENSG00000110400.11	NECTIN1	protein_coding	717	372	345	7.7892	2.2816	2.1970
ENSG00000110422.12	HIPK3	protein_coding	3967	1984	1983	41.2640	12.0869	11.6388
ENSG00000110427.17	KIAA1549L	protein_coding	9781	5184	5135	61.5356	18.0247	17.3565
ENSG00000110429.14	FBXO3	protein_coding	1487	731	756	10.1460	2.9719	2.8617
ENSG00000110435.12	PDHX	protein_coding	1172	677	681	26.7545	7.8368	7.5463
ENSG00000110436.13	SLC1A2	protein_coding	35	20	15	0.1304	0.0382	0.0368
ENSG00000110442.12	COMMD9	protein_coding	2027	1019	1016	26.1125	7.6488	7.3652
ENSG00000110446.11	SLC15A3	protein_coding	1194	637	650	15.5777	4.5629	4.3938
ENSG00000110448.11	CD5	protein_coding	517	244	273	14.0403	4.1126	3.9601
ENSG00000110455.14	ACCS	protein_coding	406	181	225	5.9027	1.7290	1.6649
ENSG00000110484.7	SCGB2A2	protein_coding	0	0	0	0.0000	0.0000	0.0000
ENSG00000110492.15	MDK	protein_coding	26487	13069	13425	1024.2659	300.0235	288.9002
ENSG00000110497.14	AMBRA1	protein_coding	3106	1532	1575	34.3755	10.0691	9.6958
ENSG00000110514.19	MADD	protein_coding	3037	1495	1542	30.8276	9.0299	8.6951
ENSG00000110536.14	PTPMT1	protein_coding	43	565	551	1.3327	0.3904	0.3759
ENSG00000110583.13	NAA40	protein_coding	399	205	194	6.3786	1.8684	1.7991
ENSG00000110619.18	CARS1	protein_coding	1666	1051	955	14.0956	4.1288	3.9757
ENSG00000110628.16	SLC22A18	protein_coding	847	470	483	13.7503	4.0277	3.8783
ENSG00000110651.12	CD81	protein_coding	15505	8011	8005	178.9956	52.4306	50.4868
ENSG00000110660.15	SLC35F2	protein_coding	133	79	63	3.2427	0.9498	0.9146
ENSG00000110665.12	C11orf21	protein_coding	54	24	35	1.1256	0.3297	0.3175
ENSG00000110675.13	ELMOD1	protein_coding	1	1	0	0.0145	0.0042	0.0041
ENSG00000110680.13	CALCA	protein_coding	0	0	0	0.0000	0.0000	0.0000
ENSG00000110693.18	SOX6	protein_coding	559	288	274	2.4170	0.7080	0.6817
ENSG00000110696.10	C11orf58	protein_coding	3659	1851	1812	30.0449	8.8006	8.4743
ENSG00000110697.13	PITPNM1	protein_coding	1401	696	705	18.4684	5.4097	5.2091
ENSG00000110700.7	RPS13	protein_coding	6172	3126	3047	247.8151	72.5889	69.8977
ENSG00000110711.10	AIP	protein_coding	3222	1630	1593	165.3255	48.4264	46.6310
ENSG00000110713.17	NUP98	protein_coding	2861	1421	1440	24.5312	7.1856	6.9192
ENSG00000110717.13	NDUFS8	protein_coding	3782	1883	1899	71.0080	20.7994	20.0282
ENSG00000110719.10	TCIRG1	protein_coding	2486	1278	1208	48.2542	14.1344	13.6104
ENSG00000110721.12	CHKA	protein_coding	876	760	732	19.1876	5.6203	5.4120
ENSG00000110723.12	EXPH5	protein_coding	35	11	24	0.2716	0.0796	0.0766
ENSG00000110756.18	HPS5	protein_coding	2578	1351	1228	34.0315	9.9684	9.5988
ENSG00000110768.12	GTF2H1	protein_coding	1216	567	649	14.8794	4.3584	4.1968
ENSG00000110777.12	POU2AF1	protein_coding	369	197	172	4.4791	1.3120	1.2634
ENSG00000110786.18	PTPN5	protein_coding	33	16	17	0.5098	0.1493	0.1438
ENSG00000110799.14	VWF	protein_coding	8507	4206	4303	69.5502	20.3724	19.6171
ENSG00000110801.14	PSMD9	protein_coding	86	44	43	0.8325	0.2438	0.2348
ENSG00000110811.20	P3H3	protein_coding	906	443	463	16.7256	4.8992	4.7176
ENSG00000110841.14	PPFIBP1	protein_coding	14200	7170	7030	103.1540	30.2154	29.0952
ENSG00000110844.14	PRPF40B	protein_coding	493	919	1012	4.4331	1.2985	1.2504
ENSG00000110848.8	CD69	protein_coding	141	69	72	4.2280	1.2385	1.1925
ENSG00000110851.12	PRDM4	protein_coding	700	385	394	12.4569	3.6488	3.5135
ENSG00000110852.4	CLEC2B	protein_coding	287	151	159	9.2389	2.7062	2.6059
ENSG00000110871.15	COQ5	protein_coding	635	333	306	21.5612	6.3156	6.0815
ENSG00000110876.10	SELPLG	protein_coding	1275	619	656	38.5178	11.2825	10.8642
ENSG00000110880.11	CORO1C	protein_coding	8465	4368	4098	111.2429	32.5848	31.3767
ENSG00000110881.12	ASIC1	protein_coding	248	121	129	3.6658	1.0738	1.0340
ENSG00000110887.8	DAO	protein_coding	0	0	0	0.0000	0.0000	0.0000
ENSG00000110888.17	CAPRIN2	protein_coding	1262	615	647	12.7704	3.7407	3.6020
ENSG00000110900.16	TSPAN11	protein_coding	375	215	223	4.4752	1.3108	1.2622
ENSG00000110906.13	KCTD10	protein_coding	2741	1354	1387	24.0437	7.0428	6.7817
ENSG00000110911.16	SLC11A2	protein_coding	4516	2295	2222	38.7845	11.3606	10.9394
ENSG00000110917.8	MLEC	protein_coding	10031	6238	6274	132.3139	38.7568	37.3199
ENSG00000110921.14	MVK	protein_coding	579	316	326	7.5784	2.2198	2.1375
ENSG00000110925.7	CSRNP2	protein_coding	2255	1097	1158	36.6148	10.7251	10.3274
ENSG00000110931.19	CAMKK2	protein_coding	1687	836	851	19.9722	5.8502	5.6333
ENSG00000110934.13	BIN2	protein_coding	479	235	244	10.2049	2.9892	2.8784
ENSG00000110944.9	IL23A	protein_coding	46	29	20	3.3161	0.9713	0.9353
ENSG00000110955.9	ATP5F1B	protein_coding	27462	13481	13983	1042.0399	305.2298	293.9135
ENSG00000110958.16	PTGES3	protein_coding	9074	4496	4580	226.7044	66.4053	63.9433
ENSG00000110975.8	SYT10	protein_coding	0	0	0	0.0000	0.0000	0.0000
ENSG00000110987.9	BCL7A	protein_coding	307	163	149	3.9711	1.1632	1.1201
ENSG00000111011.18	RSRC2	protein_coding	2082	1045	1037	20.2178	5.9221	5.7025
ENSG00000111012.10	CYP27B1	protein_coding	34	15	19	0.8792	0.2575	0.2480
ENSG00000111046.4	MYF6	protein_coding	2	0	2	0.1278	0.0374	0.0360
ENSG00000111049.4	MYF5	protein_coding	0	0	0	0.0000	0.0000	0.0000
ENSG00000111052.7	LIN7A	protein_coding	21	18	4	0.2624	0.0769	0.0740
ENSG00000111057.11	KRT18	protein_coding	259	274	238	7.1666	2.0992	2.0214
ENSG00000111058.8	ACSS3	protein_coding	49	90	87	0.2254	0.0660	0.0636
ENSG00000111077.18	TNS2	protein_coding	2853	1556	1572	30.4217	8.9110	8.5806
ENSG00000111087.10	GLI1	protein_coding	38	17	21	0.7077	0.2073	0.1996
ENSG00000111110.12	PPM1H	protein_coding	1887	925	962	22.3681	6.5520	6.3090
ENSG00000111142.14	METAP2	protein_coding	2089	1038	1051	39.5010	11.5705	11.1415
ENSG00000111144.10	LTA4H	protein_coding	1887	1016	1079	21.6401	6.3387	6.1037
ENSG00000111145.8	ELK3	protein_coding	3095	1694	1648	56.5953	16.5777	15.9630
ENSG00000111181.12	SLC6A12	protein_coding	49	25	25	0.7881	0.2308	0.2223
ENSG00000111186.13	WNT5B	protein_coding	52	25	27	1.0415	0.3051	0.2938
ENSG00000111196.10	MAGOHB	protein_coding	719	356	363	12.6179	3.6960	3.5589
ENSG00000111199.12	TRPV4	protein_coding	775	396	380	16.9797	4.9736	4.7892
ENSG00000111203.13	ITFG2	protein_coding	564	770	781	7.6571	2.2429	2.1597
ENSG00000111206.13	FOXM1	protein_coding	1802	1315	1405	31.1093	9.1124	8.7746
ENSG00000111215.12	PRR4	protein_coding	4	1	3	0.2593	0.0760	0.0731
ENSG00000111218.12	PRMT8	protein_coding	0	0	0	0.0000	0.0000	0.0000
ENSG00000111224.14	PARP11	protein_coding	514	250	267	7.0402	2.0622	1.9857
ENSG00000111229.16	ARPC3	protein_coding	3052	1527	1525	85.6218	25.0800	24.1501
ENSG00000111231.9	GPN3	protein_coding	587	304	307	19.2242	5.6311	5.4223
ENSG00000111237.19	VPS29	protein_coding	1163	676	653	30.6811	8.9870	8.6538
ENSG00000111241.2	FGF6	protein_coding	0	0	0	0.0000	0.0000	0.0000
ENSG00000111245.17	MYL2	protein_coding	0	0	1	0.0000	0.0000	0.0000
ENSG00000111247.15	RAD51AP1	protein_coding	301	150	151	9.9965	2.9281	2.8196
ENSG00000111249.14	CUX2	protein_coding	3	3	0	0.0339	0.0099	0.0096
ENSG00000111252.11	SH2B3	protein_coding	4081	2250	2298	60.7255	17.7874	17.1280
ENSG00000111254.8	AKAP3	protein_coding	201	100	101	4.6484	1.3616	1.3111
ENSG00000111261.14	MANSC1	protein_coding	399	206	195	5.9278	1.7363	1.6720
ENSG00000111262.6	KCNA1	protein_coding	5	2	3	0.0532	0.0156	0.0150
ENSG00000111266.9	DUSP16	protein_coding	1830	932	902	21.7897	6.3826	6.1459
ENSG00000111269.3	CREBL2	protein_coding	5339	2794	2545	115.6018	33.8616	32.6062
ENSG00000111271.15	ACAD10	protein_coding	921	460	462	8.7544	2.5643	2.4692
ENSG00000111275.13	ALDH2	protein_coding	810	424	387	7.0745	2.0722	1.9954
ENSG00000111276.11	CDKN1B	protein_coding	1289	673	617	42.6754	12.5003	12.0369
ENSG00000111291.8	GPRC5D	protein_coding	4	2	2	0.3022	0.0885	0.0852
ENSG00000111300.10	NAA25	protein_coding	638	315	323	5.4715	1.6027	1.5433
ENSG00000111305.19	GSG1	protein_coding	2	0	4	0.0560	0.0164	0.0158
ENSG00000111319.13	SCNN1A	protein_coding	7	3	5	0.1012	0.0296	0.0285
ENSG00000111321.11	LTBR	protein_coding	7968	4016	3952	110.0059	32.2224	31.0278
ENSG00000111325.16	OGFOD2	protein_coding	3	11	11	0.0553	0.0162	0.0156
ENSG00000111328.7	CDK2AP1	protein_coding	5773	3014	2831	81.3416	23.8262	22.9429
ENSG00000111331.13	OAS3	protein_coding	8971	4508	4463	93.3490	27.3434	26.3296
ENSG00000111335.13	OAS2	protein_coding	7038	3488	3551	95.4135	27.9481	26.9119
ENSG00000111339.12	ART4	protein_coding	8	5	3	0.1295	0.0379	0.0365
ENSG00000111341.10	MGP	protein_coding	1367	1116	1141	40.2100	11.7781	11.3415
ENSG00000111344.11	RASAL1	protein_coding	4	2	2	0.0706	0.0207	0.0199
ENSG00000111348.9	ARHGDIB	protein_coding	4099	2041	2058	170.4647	49.9318	48.0806
ENSG00000111358.14	GTF2H3	protein_coding	813	410	404	17.2860	5.0633	4.8756
ENSG00000111361.13	EIF2B1	protein_coding	1170	614	627	27.3937	8.0240	7.7266
ENSG00000111364.16	DDX55	protein_coding	557	306	322	8.2751	2.4239	2.3341
ENSG00000111371.16	SLC38A1	protein_coding	509	252	257	4.3160	1.2642	1.2173
ENSG00000111404.7	RERGL	protein_coding	1	1	0	0.0548	0.0161	0.0155
ENSG00000111405.9	ENDOU	protein_coding	1	0	3	0.0317	0.0093	0.0089
ENSG00000111412.6	SPRING1	protein_coding	1597	777	820	15.6278	4.5776	4.4079
ENSG00000111424.12	VDR	protein_coding	3116	1532	1613	46.6359	13.6604	13.1539
ENSG00000111432.4	FZD10	protein_coding	5	1	4	0.1294	0.0379	0.0365
ENSG00000111445.14	RFC5	protein_coding	319	307	321	8.3378	2.4423	2.3517
ENSG00000111450.14	STX2	protein_coding	694	345	352	15.8299	4.6368	4.4649
ENSG00000111452.13	ADGRD1	protein_coding	165	83	86	0.9520	0.2789	0.2685
ENSG00000111481.10	COPZ1	protein_coding	7401	3681	3721	161.2356	47.2284	45.4774
ENSG00000111490.15	TBC1D30	protein_coding	15	5	10	0.1290	0.0378	0.0364
ENSG00000111530.13	CAND1	protein_coding	6957	3523	3434	43.5045	12.7432	12.2707
ENSG00000111536.5	IL26	protein_coding	1	1	0	0.0797	0.0233	0.0225
ENSG00000111537.5	IFNG	protein_coding	32	14	18	2.2440	0.6573	0.6329
ENSG00000111540.16	RAB5B	protein_coding	9881	4892	5000	128.5975	37.6682	36.2717
ENSG00000111554.14	MDM1	protein_coding	292	152	140	3.7863	1.1091	1.0680
ENSG00000111581.10	NUP107	protein_coding	1241	639	656	13.0058	3.8096	3.6684
ENSG00000111596.14	CNOT2	protein_coding	2020	1045	1004	12.2659	3.5929	3.4597
ENSG00000111602.12	TIMELESS	protein_coding	2099	1059	1041	30.4645	8.9235	8.5927
ENSG00000111605.18	CPSF6	protein_coding	2655	1357	1317	28.0079	8.2040	7.8998
ENSG00000111615.14	KRR1	protein_coding	1582	1458	1457	12.5006	3.6616	3.5259
ENSG00000111639.8	MRPL51	protein_coding	2978	1596	1573	182.1996	53.3691	51.3905
ENSG00000111640.15	GAPDH	protein_coding	103415	101923	103264	3665.2955	1073.6225	1033.8181
ENSG00000111641.12	NOP2	protein_coding	20	10	11	0.3624	0.1061	0.1022
ENSG00000111642.16	CHD4	protein_coding	1397	699	720	9.3317	2.7334	2.6321
ENSG00000111644.8	ACRBP	protein_coding	66	36	31	1.9903	0.5830	0.5614
ENSG00000111647.13	UHRF1BP1L	protein_coding	870	419	451	11.1166	3.2562	3.1355
ENSG00000111652.10	COPS7A	protein_coding	7108	3578	3531	212.5403	62.2564	59.9482
ENSG00000111653.20	ING4	protein_coding	642	309	334	20.1251	5.8950	5.6764
ENSG00000111664.11	GNB3	protein_coding	8	11	11	0.1977	0.0579	0.0558
ENSG00000111665.12	CDCA3	protein_coding	317	155	178	5.5175	1.6162	1.5562
ENSG00000111666.11	CHPT1	protein_coding	1715	1031	1028	24.3096	7.1207	6.8567
ENSG00000111667.14	USP5	protein_coding	7850	3877	3975	179.2968	52.5188	50.5717
ENSG00000111669.15	TPI1	protein_coding	15579	7647	7936	489.9910	143.5260	138.2048
ENSG00000111670.16	GNPTAB	protein_coding	10216	5164	5056	88.7607	25.9994	25.0355
ENSG00000111671.10	SPSB2	protein_coding	354	233	222	12.2601	3.5912	3.4580
ENSG00000111674.9	ENO2	protein_coding	11338	5765	5574	224.9073	65.8789	63.4364
ENSG00000111676.15	ATN1	protein_coding	8701	4317	4387	144.4278	42.3052	40.7367
ENSG00000111678.11	C12orf57	protein_coding	578	1737	1681	27.1783	7.9610	7.6658
ENSG00000111679.17	PTPN6	protein_coding	1093	577	517	18.5303	5.4278	5.2266
ENSG00000111684.11	LPCAT3	protein_coding	354	825	834	6.4057	1.8763	1.8068
ENSG00000111696.12	NT5DC3	protein_coding	2099	1061	1038	20.3503	5.9609	5.7399
ENSG00000111700.13	SLCO1B3	protein_coding	0	0	0	0.0000	0.0000	0.0000
ENSG00000111701.7	APOBEC1	protein_coding	0	0	0	0.0000	0.0000	0.0000
ENSG00000111704.11	NANOG	protein_coding	0	0	0	0.0000	0.0000	0.0000
ENSG00000111707.12	SUDS3	protein_coding	929	473	456	14.1942	4.1577	4.0035
ENSG00000111711.10	GOLT1B	protein_coding	3118	1545	1574	69.8818	20.4695	19.7106
ENSG00000111713.3	GYS2	protein_coding	0	0	0	0.0000	0.0000	0.0000
ENSG00000111716.14	LDHB	protein_coding	611	304	307	17.3940	5.0950	4.9061
ENSG00000111725.11	PRKAB1	protein_coding	706	340	400	9.9228	2.9066	2.7988
ENSG00000111726.13	CMAS	protein_coding	2369	1191	1178	101.9131	29.8520	28.7452
ENSG00000111727.12	HCFC2	protein_coding	782	403	379	9.9131	2.9037	2.7960
ENSG00000111728.10	ST8SIA1	protein_coding	4170	2112	2058	24.4506	7.1620	6.8964
ENSG00000111729.14	CLEC4A	protein_coding	7	6	1	0.4640	0.1359	0.1309
ENSG00000111731.12	C2CD5	protein_coding	1172	588	584	14.7251	4.3132	4.1533
ENSG00000111732.11	AICDA	protein_coding	2	0	2	0.0547	0.0160	0.0154
ENSG00000111737.12	RAB35	protein_coding	1506	757	770	31.8293	9.3233	8.9776
ENSG00000111752.11	PHC1	protein_coding	360	948	989	4.9839	1.4599	1.4057
ENSG00000111775.3	COX6A1	protein_coding	363	167	196	23.0217	6.7434	6.4934
ENSG00000111780.8	AL021546.1	protein_coding	0	0	0	0.0000	0.0000	0.0000
ENSG00000111783.13	RFX4	protein_coding	0	1	2	0.0000	0.0000	0.0000
ENSG00000111785.21	RIC8B	protein_coding	393	214	208	4.2958	1.2583	1.2116
ENSG00000111786.9	SRSF9	protein_coding	946	1357	1439	21.7415	6.3684	6.1323
ENSG00000111788.10	AC009533.1	unprocessed_pseudogene	54	34	21	1.4521	0.4253	0.4096
ENSG00000111790.14	FGFR1OP2	protein_coding	1639	837	802	23.6548	6.9289	6.6720
ENSG00000111796.4	KLRB1	protein_coding	45	34	31	2.5855	0.7573	0.7293
ENSG00000111799.21	COL12A1	protein_coding	16418	8336	8082	111.6898	32.7157	31.5028
ENSG00000111801.16	BTN3A3	protein_coding	1550	800	750	23.2638	6.8143	6.5617
ENSG00000111802.14	TDP2	protein_coding	854	411	443	24.3608	7.1357	6.8711
ENSG00000111816.8	FRK	protein_coding	19	13	6	0.1207	0.0354	0.0341
ENSG00000111817.19	DSE	protein_coding	351	346	351	1.5529	0.4549	0.4380
ENSG00000111832.13	RWDD1	protein_coding	1026	526	501	14.8506	4.3500	4.1887
ENSG00000111834.13	RSPH4A	protein_coding	8	3	5	0.2392	0.0701	0.0675
ENSG00000111837.12	MAK	protein_coding	6	10	14	0.1160	0.0340	0.0327
ENSG00000111843.14	TMEM14C	protein_coding	1603	788	816	103.0488	30.1846	29.0655
ENSG00000111845.5	PAK1IP1	protein_coding	704	358	346	39.2541	11.4981	11.0718
ENSG00000111846.19	GCNT2	protein_coding	2100	1015	1085	19.3210	5.6594	5.4496
ENSG00000111850.11	SMIM8	protein_coding	200	106	105	1.9410	0.5686	0.5475
ENSG00000111859.17	NEDD9	protein_coding	1117	598	584	9.1569	2.6822	2.5828
ENSG00000111860.14	CEP85L	protein_coding	942	492	488	8.4848	2.4853	2.3932
ENSG00000111863.13	ADTRP	protein_coding	9	7	5	0.1936	0.0567	0.0546
ENSG00000111875.8	ASF1A	protein_coding	826	422	492	27.0932	7.9360	7.6418
ENSG00000111877.17	MCM9	protein_coding	321	223	194	2.1815	0.6390	0.6153
ENSG00000111879.20	FAM184A	protein_coding	10	6	7	0.1101	0.0323	0.0311
ENSG00000111880.16	RNGTT	protein_coding	1107	535	572	18.1201	5.3077	5.1109
ENSG00000111885.7	MAN1A1	protein_coding	690	340	393	11.6770	3.4204	3.2936
ENSG00000111886.11	GABRR2	protein_coding	61	24	37	1.0414	0.3051	0.2937
ENSG00000111897.7	SERINC1	protein_coding	11760	5814	5946	319.5726	93.6078	90.1373
ENSG00000111906.18	HDDC2	protein_coding	1255	645	658	18.1004	5.3019	5.1053
ENSG00000111907.21	TPD52L1	protein_coding	187	113	122	2.0909	0.6124	0.5897
ENSG00000111911.7	HINT3	protein_coding	681	378	351	17.3927	5.0946	4.9057
ENSG00000111912.20	NCOA7	protein_coding	1069	508	561	11.8713	3.4773	3.3484
ENSG00000111913.20	RIPOR2	protein_coding	1448	716	744	13.0328	3.8175	3.6760
ENSG00000111961.18	SASH1	protein_coding	4263	2147	2116	33.2247	9.7320	9.3712
ENSG00000111962.8	UST	protein_coding	416	208	213	7.2674	2.1287	2.0498
ENSG00000111981.5	ULBP1	protein_coding	1	0	2	0.0264	0.0077	0.0075
ENSG00000112029.10	FBXO5	protein_coding	199	92	111	4.3826	1.2837	1.2361
ENSG00000112031.16	MTRF1L	protein_coding	130	128	143	2.5692	0.7525	0.7246
ENSG00000112033.14	PPARD	protein_coding	1586	799	787	30.2185	8.8515	8.5233
ENSG00000112038.18	OPRM1	protein_coding	0	0	4	0.0000	0.0000	0.0000
ENSG00000112039.5	FANCE	protein_coding	173	89	84	5.4231	1.5885	1.5296
ENSG00000112041.13	TULP1	protein_coding	0	0	0	0.0000	0.0000	0.0000
ENSG00000112053.14	SLC26A8	protein_coding	1	0	1	0.0141	0.0041	0.0040
ENSG00000112062.11	MAPK14	protein_coding	1462	745	717	18.0982	5.3012	5.1047
ENSG00000112077.17	RHAG	protein_coding	0	0	0	0.0000	0.0000	0.0000
ENSG00000112078.14	KCTD20	protein_coding	4525	2263	2262	61.5908	18.0409	17.3720
ENSG00000112079.9	STK38	protein_coding	1231	573	659	29.1596	8.5413	8.2246
ENSG00000112081.17	SRSF3	protein_coding	6496	3304	3192	77.4998	22.7009	21.8593
ENSG00000112096.19	SOD2	protein_coding	17479	8844	8977	81.8080	23.9628	23.0744
ENSG00000112110.10	MRPL18	protein_coding	1372	689	683	84.7968	24.8383	23.9174
ENSG00000112115.7	IL17A	protein_coding	0	0	0	0.0000	0.0000	0.0000
ENSG00000112116.10	IL17F	protein_coding	0	1	1	0.0000	0.0000	0.0000
ENSG00000112118.20	MCM3	protein_coding	3084	1563	1521	71.8504	21.0461	20.2658
ENSG00000112130.17	RNF8	protein_coding	589	313	276	7.6201	2.2320	2.1493
ENSG00000112137.18	PHACTR1	protein_coding	508	312	288	3.7122	1.0874	1.0471
ENSG00000112139.16	MDGA1	protein_coding	520	265	255	3.1363	0.9187	0.8846
ENSG00000112144.16	CILK1	protein_coding	547	268	279	7.3709	2.1591	2.0790
ENSG00000112146.17	FBXO9	protein_coding	628	329	299	6.4973	1.9032	1.8326
ENSG00000112149.10	CD83	protein_coding	2218	1104	1114	79.0074	23.1425	22.2845
ENSG00000112159.12	MDN1	protein_coding	2547	1265	1329	11.5825	3.3927	3.2669
ENSG00000112164.6	GLP1R	protein_coding	8	4	4	0.1017	0.0298	0.0287
ENSG00000112167.10	SAYSD1	protein_coding	255	115	140	7.4084	2.1700	2.0896
ENSG00000112175.8	BMP5	protein_coding	5	3	2	0.1070	0.0313	0.0302
ENSG00000112182.15	BACH2	protein_coding	110	63	55	0.9545	0.2796	0.2692
ENSG00000112183.15	RBM24	protein_coding	0	0	0	0.0000	0.0000	0.0000
ENSG00000112186.12	CAP2	protein_coding	15	6	9	0.3807	0.1115	0.1074
ENSG00000112195.9	TREML2	protein_coding	12	8	4	0.2692	0.0789	0.0759
ENSG00000112200.17	ZNF451	protein_coding	720	447	461	3.7250	1.0911	1.0507
ENSG00000112208.11	BAG2	protein_coding	65	168	161	0.8299	0.2431	0.2341
ENSG00000112210.12	RAB23	protein_coding	273	236	301	4.7130	1.3805	1.3293
ENSG00000112212.12	TSPO2	protein_coding	2	0	3	0.1580	0.0463	0.0446
ENSG00000112214.10	FHL5	protein_coding	41	26	15	1.6308	0.4777	0.4600
ENSG00000112218.9	GPR63	protein_coding	8	4	4	0.1139	0.0333	0.0321
ENSG00000112232.10	KHDRBS2	protein_coding	1	1	0	0.0353	0.0104	0.0100
ENSG00000112234.9	FBXL4	protein_coding	783	406	377	8.1908	2.3992	2.3103
ENSG00000112237.13	CCNC	protein_coding	702	493	471	10.6264	3.1126	2.9972
ENSG00000112238.12	PRDM13	protein_coding	0	0	0	0.0000	0.0000	0.0000
ENSG00000112242.15	E2F3	protein_coding	1284	649	636	21.0092	6.1539	5.9258
ENSG00000112245.12	PTP4A1	protein_coding	4	4	5	0.0615	0.0180	0.0174
ENSG00000112246.10	SIM1	protein_coding	1	1	0	0.0092	0.0027	0.0026
ENSG00000112249.14	ASCC3	protein_coding	2704	1394	1310	19.5742	5.7336	5.5210
ENSG00000112273.7	HDGFL1	protein_coding	0	0	0	0.0000	0.0000	0.0000
ENSG00000112276.14	BVES	protein_coding	445	215	230	6.5256	1.9114	1.8406
ENSG00000112280.17	COL9A1	protein_coding	3	0	3	0.0407	0.0119	0.0115
ENSG00000112282.18	MED23	protein_coding	991	515	476	11.3326	3.3195	3.1964
ENSG00000112290.13	WASF1	protein_coding	236	127	109	6.1476	1.8007	1.7340
ENSG00000112293.15	GPLD1	protein_coding	36	61	52	0.4234	0.1240	0.1194
ENSG00000112294.14	ALDH5A1	protein_coding	675	347	329	7.5792	2.2201	2.1378
ENSG00000112297.18	CRYBG1	protein_coding	375	177	205	2.9000	0.8495	0.8180
ENSG00000112299.8	VNN1	protein_coding	66	35	31	1.4546	0.4261	0.4103
ENSG00000112303.14	VNN2	protein_coding	52	29	29	1.7017	0.4984	0.4800
ENSG00000112304.11	ACOT13	protein_coding	734	824	813	14.1856	4.1552	4.0011
ENSG00000112305.15	SMAP1	protein_coding	154	367	404	3.1460	0.9215	0.8873
ENSG00000112306.8	RPS12	protein_coding	12626	6387	6239	1677.9430	491.4958	473.2737
ENSG00000112308.13	C6orf62	protein_coding	3952	2208	2202	129.5274	37.9406	36.5340
ENSG00000112309.11	B3GAT2	protein_coding	7	316	308	0.0902	0.0264	0.0255
ENSG00000112312.10	GMNN	protein_coding	384	199	185	13.1702	3.8578	3.7147
ENSG00000112319.19	EYA4	protein_coding	14	7	8	0.1325	0.0388	0.0374
ENSG00000112320.12	SOBP	protein_coding	86	41	45	0.9250	0.2710	0.2609
ENSG00000112333.12	NR2E1	protein_coding	0	0	0	0.0000	0.0000	0.0000
ENSG00000112335.15	SNX3	protein_coding	4338	2188	2150	201.5235	59.0294	56.8409
ENSG00000112337.10	SLC17A2	protein_coding	0	0	0	0.0000	0.0000	0.0000
ENSG00000112339.15	HBS1L	protein_coding	2308	1184	1124	17.6812	5.1791	4.9871
ENSG00000112343.11	TRIM38	protein_coding	1512	842	803	13.6334	3.9934	3.8454
ENSG00000112357.14	PEX7	protein_coding	186	102	84	4.6334	1.3572	1.3069
ENSG00000112365.5	ZBTB24	protein_coding	715	364	351	11.0377	3.2331	3.1132
ENSG00000112367.12	FIG4	protein_coding	1681	857	824	4.9294	1.4439	1.3904
ENSG00000112378.12	PERP	protein_coding	5635	2833	2802	113.9892	33.3892	32.1513
ENSG00000112379.9	ARFGEF3	protein_coding	1267	613	654	7.2410	2.1210	2.0424
ENSG00000112394.17	SLC16A10	protein_coding	114	57	59	0.8615	0.2524	0.2430
ENSG00000112406.5	HECA	protein_coding	730	418	403	10.9798	3.2162	3.0969
ENSG00000112414.15	ADGRG6	protein_coding	789	374	415	7.9077	2.3163	2.2304
ENSG00000112419.14	PHACTR2	protein_coding	1929	973	956	14.5948	4.2750	4.1165
ENSG00000112425.16	EPM2A	protein_coding	115	61	54	0.5342	0.1565	0.1507
ENSG00000112462.8	OR12D3	protein_coding	0	0	0	0.0000	0.0000	0.0000
ENSG00000112473.18	SLC39A7	protein_coding	4535	2267	2301	135.3653	39.6506	38.1806
ENSG00000112486.17	CCR6	protein_coding	1	1	0	0.0195	0.0057	0.0055
ENSG00000112494.10	UNC93A	protein_coding	0	0	0	0.0000	0.0000	0.0000
ENSG00000112499.13	SLC22A2	protein_coding	0	0	0	0.0000	0.0000	0.0000
ENSG00000112511.18	PHF1	protein_coding	2021	1018	1005	47.7264	13.9798	13.4615
ENSG00000112514.18	CUTA	protein_coding	4300	2065	2236	194.6471	57.0152	54.9014
ENSG00000112530.11	PACRG	protein_coding	0	0	0	0.0000	0.0000	0.0000
ENSG00000112531.17	QKI	protein_coding	3819	1899	1920	18.6772	5.4708	5.2680
ENSG00000112539.15	C6orf118	protein_coding	0	0	0	0.0000	0.0000	0.0000
ENSG00000112541.17	PDE10A	protein_coding	407	235	214	1.3944	0.4084	0.3933
ENSG00000112559.15	MDFI	protein_coding	139	64	75	4.6564	1.3639	1.3134
ENSG00000112561.19	TFEB	protein_coding	444	215	230	5.6091	1.6430	1.5821
ENSG00000112562.19	SMOC2	protein_coding	621	315	306	13.0793	3.8311	3.6891
ENSG00000112576.13	CCND3	protein_coding	2649	1329	1320	39.0478	11.4377	11.0137
ENSG00000112578.10	BYSL	protein_coding	1024	496	528	44.8934	13.1500	12.6625
ENSG00000112584.14	FAM120B	protein_coding	1475	735	740	20.7759	6.0856	5.8600
ENSG00000112592.14	TBP	protein_coding	327	167	160	11.9797	3.5090	3.3789
ENSG00000112599.9	GUCA1B	protein_coding	52	27	25	1.9453	0.5698	0.5487
ENSG00000112619.8	PRPH2	protein_coding	17	9	8	0.4811	0.1409	0.1357
ENSG00000112624.12	BICRAL	protein_coding	552	269	283	6.8502	2.0065	1.9321
ENSG00000112640.16	PPP2R5D	protein_coding	828	1142	1122	18.5672	5.4386	5.2370
ENSG00000112651.12	MRPL2	protein_coding	13	11	7	0.5085	0.1489	0.1434
ENSG00000112655.16	PTK7	protein_coding	562	286	276	5.3117	1.5559	1.4982
ENSG00000112658.8	SRF	protein_coding	1414	724	690	28.3804	8.3131	8.0049
ENSG00000112659.14	CUL9	protein_coding	547	312	318	3.7944	1.1114	1.0702
ENSG00000112667.13	DNPH1	protein_coding	531	260	271	36.1610	10.5921	10.1994
ENSG00000112679.14	DUSP22	protein_coding	920	478	445	13.7402	4.0247	3.8755
ENSG00000112685.14	EXOC2	protein_coding	1604	830	775	27.2971	7.9957	7.6993
ENSG00000112695.11	COX7A2	protein_coding	1945	949	996	85.9367	25.1722	24.2389
ENSG00000112697.17	TMEM30A	protein_coding	6498	3171	3327	100.2932	29.3774	28.2883
ENSG00000112699.11	GMDS	protein_coding	285	137	148	5.7392	1.6811	1.6188
ENSG00000112701.18	SENP6	protein_coding	1754	892	862	13.0464	3.8215	3.6798
ENSG00000112706.12	IMPG1	protein_coding	0	0	0	0.0000	0.0000	0.0000
ENSG00000112715.25	VEGFA	protein_coding	695	388	362	4.0898	1.1980	1.1535
ENSG00000112739.17	PRPF4B	protein_coding	1761	903	858	17.7417	5.1968	5.0042
ENSG00000112742.10	TTK	protein_coding	372	186	186	6.8990	2.0208	1.9459
ENSG00000112759.19	SLC29A1	protein_coding	2165	1031	1135	42.7764	12.5299	12.0653
ENSG00000112761.21	CCN6	protein_coding	17	6	11	0.7535	0.2207	0.2125
ENSG00000112763.17	BTN2A1	protein_coding	1156	581	575	25.9224	7.5931	7.3116
ENSG00000112769.20	LAMA4	protein_coding	18801	9849	9933	133.2379	39.0275	37.5805
ENSG00000112773.16	TENT5A	protein_coding	1704	853	851	23.9062	7.0025	6.7429
ENSG00000112782.19	CLIC5	protein_coding	233	109	124	1.8967	0.5556	0.5350
ENSG00000112787.13	FBRSL1	protein_coding	918	447	471	8.3128	2.4349	2.3447
ENSG00000112796.10	ENPP5	protein_coding	33	14	19	0.6555	0.1920	0.1849
ENSG00000112799.9	LY86	protein_coding	124	61	63	8.7532	2.5640	2.4689
ENSG00000112812.16	PRSS16	protein_coding	11	6	5	0.1766	0.0517	0.0498
ENSG00000112818.10	MEP1A	protein_coding	1	0	1	0.0285	0.0083	0.0080
ENSG00000112837.17	TBX18	protein_coding	154	81	74	1.5112	0.4426	0.4262
ENSG00000112851.15	ERBIN	protein_coding	5122	2628	2494	42.9296	12.5747	12.1085
ENSG00000112852.7	PCDHB2	protein_coding	39	45	44	0.8082	0.2367	0.2280
ENSG00000112855.17	HARS2	protein_coding	1292	648	675	29.5018	8.6415	8.3212
ENSG00000112874.10	NUDT12	protein_coding	1020	541	479	20.1392	5.8991	5.6804
ENSG00000112877.8	CEP72	protein_coding	184	274	258	4.3525	1.2749	1.2276
ENSG00000112893.9	MAN2A1	protein_coding	2390	1241	1149	17.1782	5.0317	4.8452
ENSG00000112902.12	SEMA5A	protein_coding	4224	2315	2241	29.1440	8.5367	8.2202
ENSG00000112936.19	C7	protein_coding	325	180	145	4.1304	1.2099	1.1650
ENSG00000112941.14	TENT4A	protein_coding	790	391	399	10.5549	3.0917	2.9771
ENSG00000112964.14	GHR	protein_coding	31	15	17	0.3789	0.1110	0.1069
ENSG00000112972.15	HMGCS1	protein_coding	1820	1295	1304	23.3220	6.8314	6.5781
ENSG00000112977.16	DAP	protein_coding	4156	2114	2104	106.2081	31.1100	29.9566
ENSG00000112981.5	NME5	protein_coding	114	54	60	4.0523	1.1870	1.1430
ENSG00000112983.18	BRD8	protein_coding	2266	1165	1106	27.4547	8.0419	7.7437
ENSG00000112984.12	KIF20A	protein_coding	650	356	348	14.3298	4.1974	4.0418
ENSG00000112992.18	NNT	protein_coding	6532	3411	3316	46.1558	13.5198	13.0185
ENSG00000112996.11	MRPS30	protein_coding	2763	1410	1355	37.9669	11.1211	10.7088
ENSG00000113013.16	HSPA9	protein_coding	24491	12339	12153	212.6136	62.2779	59.9689
ENSG00000113048.17	MRPS27	protein_coding	4133	2087	2069	53.8555	15.7751	15.1903
ENSG00000113068.10	PFDN1	protein_coding	2039	1224	1191	80.4613	23.5684	22.6946
ENSG00000113070.8	HBEGF	protein_coding	836	406	430	23.7436	6.9549	6.6970
ENSG00000113073.15	SLC4A9	protein_coding	8	7	2	0.1866	0.0547	0.0526
ENSG00000113083.15	LOX	protein_coding	721	430	386	10.9413	3.2049	3.0861
ENSG00000113088.6	GZMK	protein_coding	80	195	216	4.3354	1.2699	1.2228
ENSG00000113100.10	CDH9	protein_coding	0	0	0	0.0000	0.0000	0.0000
ENSG00000113108.19	APBB3	protein_coding	266	136	160	6.1718	1.8078	1.7408
ENSG00000113119.13	TMCO6	protein_coding	337	190	183	8.1907	2.3992	2.3102
ENSG00000113140.11	SPARC	protein_coding	107706	56506	56606	1970.7911	577.2756	555.8732
ENSG00000113141.18	IK	protein_coding	4170	2665	2580	87.7182	25.6940	24.7414
ENSG00000113161.16	HMGCR	protein_coding	2659	1432	1385	36.6564	10.7372	10.3392
ENSG00000113163.18	CERT1	protein_coding	4366	2227	2313	25.5840	7.4939	7.2161
ENSG00000113194.13	FAF2	protein_coding	4230	2146	2084	60.6370	17.7615	17.1030
ENSG00000113196.3	HAND1	protein_coding	0	0	0	0.0000	0.0000	0.0000
ENSG00000113205.5	PCDHB3	protein_coding	36	20	23	0.9112	0.2669	0.2570
ENSG00000113209.9	PCDHB5	protein_coding	21	12	16	0.5230	0.1532	0.1475
ENSG00000113211.5	PCDHB6	protein_coding	112	64	57	2.9122	0.8530	0.8214
ENSG00000113212.7	PCDHB7	protein_coding	263	179	182	5.9717	1.7492	1.6843
ENSG00000113231.14	PDE8B	protein_coding	59	26	33	0.8957	0.2624	0.2526
ENSG00000113240.13	CLK4	protein_coding	333	174	159	3.5696	1.0456	1.0068
ENSG00000113248.6	PCDHB15	protein_coding	37	22	15	0.7913	0.2318	0.2232
ENSG00000113249.13	HAVCR1	protein_coding	0	0	0	0.0000	0.0000	0.0000
ENSG00000113262.16	GRM6	protein_coding	0	0	2	0.0000	0.0000	0.0000
ENSG00000113263.13	ITK	protein_coding	318	166	157	3.1448	0.9212	0.8870
ENSG00000113269.14	RNF130	protein_coding	2572	1705	1595	17.0411	4.9916	4.8065
ENSG00000113272.14	THG1L	protein_coding	776	398	378	21.9807	6.4385	6.1998
ENSG00000113273.17	ARSB	protein_coding	2907	1448	1459	27.7406	8.1257	7.8244
ENSG00000113282.14	CLINT1	protein_coding	5872	2923	2949	78.6767	23.0456	22.1912
ENSG00000113296.14	THBS4	protein_coding	547	484	437	10.0872	2.9547	2.8451
ENSG00000113300.13	CNOT6	protein_coding	1419	687	732	18.3357	5.3708	5.1717
ENSG00000113302.5	IL12B	protein_coding	11	6	5	0.3951	0.1157	0.1115
ENSG00000113303.12	BTNL8	protein_coding	6	1	5	0.1298	0.0380	0.0366
ENSG00000113312.11	TTC1	protein_coding	2670	1346	1324	116.9957	34.2699	32.9993
ENSG00000113318.11	MSH3	protein_coding	733	402	360	11.6807	3.4215	3.2946
ENSG00000113319.13	RASGRF2	protein_coding	221	142	112	1.7012	0.4983	0.4798
ENSG00000113327.17	GABRG2	protein_coding	2	1	1	0.0075	0.0022	0.0021
ENSG00000113328.19	CCNG1	protein_coding	5435	2785	2650	149.0771	43.6670	42.0481
ENSG00000113356.13	POLR3G	protein_coding	3024	1493	1591	63.8170	18.6930	17.9999
ENSG00000113360.16	DROSHA	protein_coding	3386	1774	1612	36.9590	10.8259	10.4245
ENSG00000113361.13	CDH6	protein_coding	58	31	30	0.3958	0.1159	0.1116
ENSG00000113368.12	LMNB1	protein_coding	1059	547	512	24.7539	7.2508	6.9820
ENSG00000113369.9	ARRDC3	protein_coding	1700	849	866	28.9598	8.4828	8.1683
ENSG00000113384.14	GOLPH3	protein_coding	4665	2326	2339	144.4763	42.3194	40.7504
ENSG00000113387.12	SUB1	protein_coding	3693	1870	1823	33.8454	9.9138	9.5463
ENSG00000113389.16	NPR3	protein_coding	17	7	10	0.1447	0.0424	0.0408
ENSG00000113391.19	FAM172A	protein_coding	843	420	423	13.2203	3.8724	3.7289
ENSG00000113396.13	SLC27A6	protein_coding	0	0	0	0.0000	0.0000	0.0000
ENSG00000113407.14	TARS1	protein_coding	5555	2754	2802	110.8135	32.4590	31.2556
ENSG00000113430.10	IRX4	protein_coding	0	0	0	0.0000	0.0000	0.0000
ENSG00000113441.16	LNPEP	protein_coding	5792	2866	2939	32.8651	9.6267	9.2698
ENSG00000113448.19	PDE4D	protein_coding	1330	650	688	6.9564	2.0376	1.9621
ENSG00000113456.19	RAD1	protein_coding	1330	838	741	16.6830	4.8867	4.7055
ENSG00000113460.13	BRIX1	protein_coding	1189	702	735	21.4375	6.2794	6.0466
ENSG00000113492.14	AGXT2	protein_coding	0	0	0	0.0000	0.0000	0.0000
ENSG00000113494.17	PRLR	protein_coding	4582	2282	2300	29.9174	8.7633	8.4384
ENSG00000113504.21	SLC12A7	protein_coding	3188	1558	1630	45.0910	13.2079	12.7182
ENSG00000113520.11	IL4	protein_coding	1	1	0	0.1036	0.0303	0.0292
ENSG00000113522.14	RAD50	protein_coding	174	81	93	1.3986	0.4097	0.3945
ENSG00000113525.10	IL5	protein_coding	1	1	0	0.0535	0.0157	0.0151
ENSG00000113532.13	ST8SIA4	protein_coding	337	180	157	3.6634	1.0731	1.0333
ENSG00000113552.16	GNPDA1	protein_coding	4897	2440	2458	105.0405	30.7680	29.6273
ENSG00000113555.6	PCDH12	protein_coding	291	151	143	4.0418	1.1839	1.1400
ENSG00000113558.19	SKP1	protein_coding	6278	3055	3233	41.9887	12.2991	11.8432
ENSG00000113569.16	NUP155	protein_coding	2801	1431	1370	25.9732	7.6079	7.3259
ENSG00000113575.10	PPP2CA	protein_coding	4350	2191	2160	66.0357	19.3429	18.6258
ENSG00000113578.18	FGF1	protein_coding	3586	1824	1762	61.1495	17.9117	17.2476
ENSG00000113580.15	NR3C1	protein_coding	4679	2357	2322	43.3733	12.7047	12.2337
ENSG00000113583.8	C5orf15	protein_coding	3844	1938	1907	141.8662	41.5548	40.0142
ENSG00000113593.12	PPWD1	protein_coding	986	510	476	22.1688	6.4936	6.2528
ENSG00000113594.10	LIFR	protein_coding	481	250	233	3.3594	0.9840	0.9475
ENSG00000113595.15	TRIM23	protein_coding	879	442	438	16.0389	4.6980	4.5239
ENSG00000113597.18	TRAPPC13	protein_coding	788	477	456	9.8975	2.8991	2.7917
ENSG00000113600.11	C9	protein_coding	1	0	1	0.0282	0.0083	0.0080
ENSG00000113615.13	SEC24A	protein_coding	2100	1062	1158	24.4593	7.1645	6.8989
ENSG00000113621.15	TXNDC15	protein_coding	4640	2343	2298	81.9702	24.0104	23.1202
ENSG00000113638.14	TTC33	protein_coding	802	399	403	7.0155	2.0549	1.9788
ENSG00000113643.9	RARS1	protein_coding	3614	1797	1817	89.8164	26.3086	25.3332
ENSG00000113645.15	WWC1	protein_coding	893	439	454	7.5217	2.2032	2.1215
ENSG00000113648.16	MACROH2A1	protein_coding	3830	2628	2666	18.3443	5.3733	5.1741
ENSG00000113649.11	TCERG1	protein_coding	2160	1104	1057	21.0498	6.1658	5.9372
ENSG00000113657.13	DPYSL3	protein_coding	7823	3841	4010	92.5383	27.1059	26.1010
ENSG00000113658.18	SMAD5	protein_coding	2170	1094	1076	20.3847	5.9710	5.7496
ENSG00000113712.19	CSNK1A1	protein_coding	3936	1978	1958	39.3000	11.5116	11.0848
ENSG00000113716.13	HMGXB3	protein_coding	5663	2864	2857	76.7850	22.4915	21.6577
ENSG00000113719.16	ERGIC1	protein_coding	9144	4582	4562	54.8346	16.0619	15.4664
ENSG00000113721.14	PDGFRB	protein_coding	3193	1574	1619	38.0029	11.1317	10.7190
ENSG00000113722.17	CDX1	protein_coding	16	11	5	0.7655	0.2242	0.2159
ENSG00000113732.9	ATP6V0E1	protein_coding	7704	3857	3847	406.6048	119.1009	114.6853
ENSG00000113734.18	BNIP1	protein_coding	387	213	189	13.4689	3.9453	3.7990
ENSG00000113739.10	STC2	protein_coding	71	34	37	0.9839	0.2882	0.2775
ENSG00000113742.14	CPEB4	protein_coding	3040	1556	1484	24.7183	7.2404	6.9719
ENSG00000113749.7	HRH2	protein_coding	4067	2027	2040	60.8155	17.8138	17.1534
ENSG00000113758.13	DBN1	protein_coding	6874	3412	3464	114.0346	33.4025	32.1641
ENSG00000113761.12	ZNF346	protein_coding	480	230	250	6.0966	1.7858	1.7196
ENSG00000113763.12	UNC5A	protein_coding	9	5	7	0.1770	0.0519	0.0499
ENSG00000113790.11	EHHADH	protein_coding	934	527	544	17.0535	4.9952	4.8100
ENSG00000113805.8	CNTN3	protein_coding	11	8	3	0.1828	0.0536	0.0516
ENSG00000113810.16	SMC4	protein_coding	2688	2187	2146	27.9601	8.1899	7.8863
ENSG00000113811.11	SELENOK	protein_coding	1673	849	824	66.6379	19.5193	18.7956
ENSG00000113812.14	ACTR8	protein_coding	649	340	314	13.7234	4.0198	3.8708
ENSG00000113838.13	TBCCD1	protein_coding	604	307	306	15.0947	4.4215	4.2576
ENSG00000113845.10	TIMMDC1	protein_coding	3371	1711	1682	105.4390	30.8847	29.7397
ENSG00000113851.14	CRBN	protein_coding	479	370	327	5.0418	1.4768	1.4221
ENSG00000113889.14	KNG1	protein_coding	1	4	0	0.0184	0.0054	0.0052
ENSG00000113905.5	HRG	protein_coding	1	1	0	0.0170	0.0050	0.0048
ENSG00000113916.18	BCL6	protein_coding	1395	769	738	19.9569	5.8457	5.6290
ENSG00000113924.12	HGD	protein_coding	4	1	3	0.1267	0.0371	0.0357
ENSG00000113946.4	CLDN16	protein_coding	0	0	0	0.0000	0.0000	0.0000
ENSG00000113966.10	ARL6	protein_coding	670	374	341	12.4746	3.6540	3.5185
ENSG00000113971.20	NPHP3	protein_coding	279	150	132	2.4494	0.7175	0.6909
ENSG00000114013.16	CD86	protein_coding	424	223	201	10.4761	3.0686	2.9548
ENSG00000114019.15	AMOTL2	protein_coding	1677	847	830	21.9805	6.4384	6.1997
ENSG00000114021.12	NIT2	protein_coding	1555	758	805	14.3130	4.1925	4.0371
ENSG00000114023.15	FAM162A	protein_coding	1809	948	959	40.5012	11.8634	11.4236
ENSG00000114026.21	OGG1	protein_coding	395	690	692	3.8410	1.1251	1.0834
ENSG00000114030.13	KPNA1	protein_coding	4926	4997	4945	49.2255	14.4189	13.8843
ENSG00000114054.14	PCCB	protein_coding	2338	1416	1503	26.4796	7.7563	7.4687
ENSG00000114062.22	UBE3A	protein_coding	1679	991	932	7.4913	2.1943	2.1130
ENSG00000114098.18	ARMC8	protein_coding	1673	835	838	14.4338	4.2279	4.0711
ENSG00000114107.9	CEP70	protein_coding	1150	558	592	22.1498	6.4880	6.2475
ENSG00000114113.6	RBP2	protein_coding	1	0	1	0.1005	0.0294	0.0283
ENSG00000114115.10	RBP1	protein_coding	79	41	38	1.7180	0.5032	0.4846
ENSG00000114120.14	SLC25A36	protein_coding	2278	1106	1172	18.7106	5.4806	5.2774
ENSG00000114124.2	GRK7	protein_coding	0	0	0	0.0000	0.0000	0.0000
ENSG00000114125.14	RNF7	protein_coding	2319	1123	1196	63.4850	18.5958	17.9063
ENSG00000114126.18	TFDP2	protein_coding	1479	699	781	10.5571	3.0923	2.9777
ENSG00000114127.11	XRN1	protein_coding	1598	808	790	11.3256	3.3174	3.1944
ENSG00000114166.8	KAT2B	protein_coding	4111	2041	2070	66.9944	19.6237	18.8962
ENSG00000114200.10	BCHE	protein_coding	2163	1103	1060	59.7926	17.5142	16.8649
ENSG00000114204.15	SERPINI2	protein_coding	313	145	168	9.3757	2.7463	2.6445
ENSG00000114209.15	PDCD10	protein_coding	1382	752	630	35.8351	10.4967	10.1075
ENSG00000114248.10	LRRC31	protein_coding	0	0	0	0.0000	0.0000	0.0000
ENSG00000114251.15	WNT5A	protein_coding	53	29	24	0.6292	0.1843	0.1775
ENSG00000114268.12	PFKFB4	protein_coding	1076	554	522	14.9622	4.3827	4.2202
ENSG00000114270.17	COL7A1	protein_coding	66	28	38	0.5063	0.1483	0.1428
ENSG00000114279.13	FGF12	protein_coding	13	5	8	0.1501	0.0440	0.0423
ENSG00000114302.16	PRKAR2A	protein_coding	1722	834	908	21.9404	6.4267	6.1884
ENSG00000114315.4	HES1	protein_coding	1127	567	560	46.4815	13.6152	13.1104
ENSG00000114316.13	USP4	protein_coding	1916	954	963	22.2035	6.5038	6.2626
ENSG00000114331.15	ACAP2	protein_coding	4058	1982	2076	31.0569	9.0970	8.7598
ENSG00000114346.14	ECT2	protein_coding	1580	819	761	24.3998	7.1471	6.8821
ENSG00000114349.10	GNAT1	protein_coding	0	0	0	0.0000	0.0000	0.0000
ENSG00000114353.17	GNAI2	protein_coding	13476	6726	6751	154.5426	45.2679	43.5896
ENSG00000114354.15	TFG	protein_coding	6723	3444	3279	44.9225	13.1585	12.6707
ENSG00000114374.13	USP9Y	protein_coding	161	65	99	0.7502	0.2198	0.2116
ENSG00000114378.17	HYAL1	protein_coding	90	51	39	2.4774	0.7257	0.6988
ENSG00000114383.10	TUSC2	protein_coding	743	339	405	26.2462	7.6879	7.4029
ENSG00000114388.14	NPRL2	protein_coding	551	253	298	13.7137	4.0170	3.8680
ENSG00000114391.13	RPL24	protein_coding	12284	6212	6080	398.4579	116.7146	112.3874
ENSG00000114395.11	CYB561D2	protein_coding	445	466	447	19.6208	5.7472	5.5342
ENSG00000114405.11	C3orf14	protein_coding	420	227	193	8.1282	2.3809	2.2926
ENSG00000114416.18	FXR1	protein_coding	7327	3660	3669	52.4012	15.3491	14.7801
ENSG00000114423.23	CBLB	protein_coding	1454	771	683	10.0639	2.9479	2.8386
ENSG00000114439.19	BBX	protein_coding	5694	2843	2851	40.6607	11.9102	11.4686
ENSG00000114446.5	IFT57	protein_coding	937	498	439	21.9142	6.4190	6.1810
ENSG00000114450.11	GNB4	protein_coding	2737	2416	2313	29.1445	8.5369	8.2204
ENSG00000114455.13	HHLA2	protein_coding	0	0	0	0.0000	0.0000	0.0000
ENSG00000114473.14	IQCG	protein_coding	463	247	220	5.2649	1.5422	1.4850
ENSG00000114480.13	GBE1	protein_coding	3372	1654	1718	61.5678	18.0342	17.3656
ENSG00000114487.10	MORC1	protein_coding	655	327	328	14.8446	4.3482	4.1870
ENSG00000114491.14	UMPS	protein_coding	1286	600	686	14.5378	4.2583	4.1005
ENSG00000114503.11	NCBP2	protein_coding	4015	2161	2122	66.7102	19.5404	18.8160
ENSG00000114520.11	SNX4	protein_coding	1355	679	676	42.4916	12.4465	11.9850
ENSG00000114529.13	C3orf52	protein_coding	124	61	69	1.7489	0.5123	0.4933
ENSG00000114541.15	FRMD4B	protein_coding	1622	795	827	12.2972	3.6020	3.4685
ENSG00000114544.17	SLC41A3	protein_coding	1787	886	901	23.0277	6.7452	6.4951
ENSG00000114547.10	ROPN1B	protein_coding	636	319	317	13.3952	3.9237	3.7782
ENSG00000114554.11	PLXNA1	protein_coding	20222	10114	10109	156.9135	45.9624	44.2584
ENSG00000114573.10	ATP6V1A	protein_coding	9485	4782	4870	157.4414	46.1171	44.4073
ENSG00000114626.18	ABTB1	protein_coding	925	443	485	12.7622	3.7383	3.5997
ENSG00000114631.11	PODXL2	protein_coding	1504	748	756	58.7220	17.2006	16.5629
ENSG00000114638.8	UPK1B	protein_coding	0	0	0	0.0000	0.0000	0.0000
ENSG00000114646.10	CSPG5	protein_coding	337	157	181	6.5533	1.9196	1.8484
ENSG00000114648.12	KLHL18	protein_coding	742	388	381	8.9200	2.6128	2.5159
ENSG00000114650.20	SCAP	protein_coding	2706	1338	1368	36.5450	10.7046	10.3077
ENSG00000114654.7	EFCC1	protein_coding	13	5	8	0.3749	0.1098	0.1057
ENSG00000114656.12	CFAP92	protein_coding	16	247	218	0.1129	0.0331	0.0318
ENSG00000114670.14	NEK11	protein_coding	341	177	167	5.4076	1.5840	1.5253
ENSG00000114686.9	MRPL3	protein_coding	2581	1524	1527	80.7292	23.6468	22.7701
ENSG00000114698.15	PLSCR4	protein_coding	201	111	90	4.0343	1.1817	1.1379
ENSG00000114735.10	HEMK1	protein_coding	440	249	232	1.9440	0.5694	0.5483
ENSG00000114737.16	CISH	protein_coding	380	190	207	6.3825	1.8695	1.8002
ENSG00000114738.11	MAPKAPK3	protein_coding	1639	809	847	35.5516	10.4136	10.0275
ENSG00000114739.14	ACVR2B	protein_coding	215	110	105	1.1626	0.3405	0.3279
ENSG00000114742.14	WDR48	protein_coding	1015	552	494	11.5341	3.3785	3.2533
ENSG00000114744.9	COMMD2	protein_coding	1035	498	537	17.9556	5.2595	5.0645
ENSG00000114745.13	GORASP1	protein_coding	664	362	319	9.0133	2.6401	2.5423
ENSG00000114757.19	PEX5L	protein_coding	2	0	2	0.0166	0.0049	0.0047
ENSG00000114767.7	RRP9	protein_coding	755	372	383	41.5791	12.1792	11.7276
ENSG00000114770.17	ABCC5	protein_coding	2454	1285	1171	18.3365	5.3711	5.1719
ENSG00000114771.14	AADAC	protein_coding	4	3	1	0.2081	0.0610	0.0587
ENSG00000114779.19	ABHD14B	protein_coding	1444	716	731	38.7931	11.3631	10.9418
ENSG00000114784.4	EIF1B	protein_coding	986	508	478	44.3259	12.9837	12.5024
ENSG00000114786.16	ABHD14A-ACY1	protein_coding	2	1	1	0.0357	0.0104	0.0101
ENSG00000114790.13	ARHGEF26	protein_coding	789	384	412	12.2737	3.5952	3.4619
ENSG00000114796.16	KLHL24	protein_coding	1610	788	822	15.8060	4.6298	4.4582
ENSG00000114805.18	PLCH1	protein_coding	4	1	3	0.0473	0.0139	0.0133
ENSG00000114812.13	VIPR1	protein_coding	2	2	1	0.0230	0.0067	0.0065
ENSG00000114841.17	DNAH1	protein_coding	163	88	75	0.9978	0.2923	0.2814
ENSG00000114850.7	SSR3	protein_coding	13928	7522	7350	228.3784	66.8956	64.4155
ENSG00000114853.14	ZBTB47	protein_coding	869	565	538	13.4321	3.9345	3.7886
ENSG00000114854.8	TNNC1	protein_coding	3	1	2	0.2233	0.0654	0.0630
ENSG00000114857.18	NKTR	protein_coding	1248	634	663	6.1229	1.7935	1.7270
ENSG00000114859.16	CLCN2	protein_coding	282	236	186	2.8101	0.8231	0.7926
ENSG00000114861.23	FOXP1	protein_coding	464	228	237	1.1317	0.3315	0.3192
ENSG00000114867.22	EIF4G1	protein_coding	13932	6967	6966	135.1819	39.5969	38.1288
ENSG00000114902.14	SPCS1	protein_coding	3645	1951	1862	60.4443	17.7051	17.0487
ENSG00000114904.13	NEK4	protein_coding	629	394	402	8.3552	2.4474	2.3566
ENSG00000114923.17	SLC4A3	protein_coding	950	466	484	16.2913	4.7720	4.5951
ENSG00000114933.16	INO80D	protein_coding	1752	964	965	10.3514	3.0321	2.9197
ENSG00000114942.14	EEF1B2	protein_coding	5372	2688	2684	238.2207	69.7786	67.1915
ENSG00000114948.13	ADAM23	protein_coding	7795	3946	3849	103.0280	30.1785	29.0597
ENSG00000114956.20	DGUOK	protein_coding	2006	1522	1594	117.0793	34.2944	33.0229
ENSG00000114978.18	MOB1A	protein_coding	5807	2961	2847	76.5735	22.4296	21.5980
ENSG00000114982.19	KANSL3	protein_coding	2378	1206	1172	22.3832	6.5564	6.3133
ENSG00000114988.12	LMAN2L	protein_coding	1534	756	779	48.0871	14.0855	13.5632
ENSG00000114993.17	RTKN	protein_coding	2836	1434	1407	46.3946	13.5897	13.0859
ENSG00000114999.8	TTL	protein_coding	5609	2867	2742	30.2809	8.8698	8.5409
ENSG00000115008.6	IL1A	protein_coding	1	0	2	0.0421	0.0123	0.0119
ENSG00000115009.13	CCL20	protein_coding	21	12	9	1.1188	0.3277	0.3156
ENSG00000115020.17	PIKFYVE	protein_coding	2446	1265	1182	19.1637	5.6133	5.4052
ENSG00000115041.13	KCNIP3	protein_coding	751	369	383	8.1336	2.3824	2.2941
ENSG00000115042.10	FAHD2A	protein_coding	744	377	376	11.1273	3.2594	3.1385
ENSG00000115053.17	NCL	protein_coding	37048	18757	18297	352.7450	103.3245	99.4938
ENSG00000115073.8	ACTR1B	protein_coding	4642	2356	2287	138.1706	40.4723	38.9718
ENSG00000115084.15	SLC35F5	protein_coding	5515	2755	2761	34.9557	10.2391	9.8595
ENSG00000115085.14	ZAP70	protein_coding	327	165	162	5.4502	1.5965	1.5373
ENSG00000115091.12	ACTR3	protein_coding	13204	6549	6655	93.8632	27.4940	26.4747
ENSG00000115107.20	STEAP3	protein_coding	2220	1315	1260	41.3247	12.1047	11.6559
ENSG00000115109.14	EPB41L5	protein_coding	738	397	401	6.8054	1.9934	1.9195
ENSG00000115112.8	TFCP2L1	protein_coding	15	8	7	0.1360	0.0398	0.0384
ENSG00000115128.7	SF3B6	protein_coding	2469	1227	1245	186.3721	54.5913	52.5673
ENSG00000115129.14	TP53I3	protein_coding	949	662	621	34.8571	10.2102	9.8316
ENSG00000115137.12	DNAJC27	protein_coding	202	106	98	3.0501	0.8934	0.8603
ENSG00000115138.11	POMC	protein_coding	83	37	46	4.5828	1.3424	1.2926
ENSG00000115145.10	STAM2	protein_coding	1940	998	943	24.3131	7.1217	6.8577
ENSG00000115155.19	OTOF	protein_coding	17	7	11	0.1799	0.0527	0.0507
ENSG00000115159.16	GPD2	protein_coding	9242	4670	4572	109.5373	32.0852	30.8956
ENSG00000115163.15	CENPA	protein_coding	201	88	113	8.7578	2.5653	2.4702
ENSG00000115165.10	CYTIP	protein_coding	390	170	220	9.7869	2.8667	2.7605
ENSG00000115170.15	ACVR1	protein_coding	3042	1535	1507	57.6625	16.8902	16.2640
ENSG00000115183.15	TANC1	protein_coding	6973	3479	3494	39.7017	11.6292	11.1981
ENSG00000115194.11	SLC30A3	protein_coding	5	5	0	0.0736	0.0216	0.0208
ENSG00000115204.15	MPV17	protein_coding	3904	1981	1924	58.9386	17.2640	16.6240
ENSG00000115207.13	GTF3C2	protein_coding	2006	1426	1448	29.1746	8.5457	8.2289
ENSG00000115211.16	EIF2B4	protein_coding	1130	753	708	18.0648	5.2915	5.0953
ENSG00000115216.14	NRBP1	protein_coding	5169	2608	2561	82.3708	24.1277	23.2332
ENSG00000115221.12	ITGB6	protein_coding	5	4	1	0.0734	0.0215	0.0207
ENSG00000115226.10	FNDC4	protein_coding	93	51	42	4.0772	1.1943	1.1500
ENSG00000115232.14	ITGA4	protein_coding	1164	823	842	9.2780	2.7177	2.6169
ENSG00000115233.12	PSMD14	protein_coding	3493	1746	1748	40.5727	11.8844	11.4438
ENSG00000115234.11	SNX17	protein_coding	5851	3022	2965	131.9006	38.6358	37.2033
ENSG00000115239.24	ASB3	protein_coding	555	260	295	6.9979	2.0498	1.9738
ENSG00000115241.11	PPM1G	protein_coding	6252	3190	3062	132.8968	38.9275	37.4843
ENSG00000115252.18	PDE1A	protein_coding	44	20	24	0.5910	0.1731	0.1667
ENSG00000115255.12	REEP6	protein_coding	798	406	392	33.3825	9.7783	9.4157
ENSG00000115257.15	PCSK4	protein_coding	105	52	53	2.3514	0.6888	0.6632
ENSG00000115263.15	GCG	protein_coding	0	0	0	0.0000	0.0000	0.0000
ENSG00000115266.12	APC2	protein_coding	139	119	144	0.9342	0.2736	0.2635
ENSG00000115267.8	IFIH1	protein_coding	5316	2630	2690	88.6213	25.9586	24.9962
ENSG00000115268.10	RPS15	protein_coding	7800	3915	3890	309.8127	90.7490	87.3845
ENSG00000115271.11	GCA	protein_coding	785	381	409	12.5235	3.6683	3.5323
ENSG00000115274.15	INO80B	protein_coding	3	1	2	0.1767	0.0518	0.0498
ENSG00000115275.14	MOGS	protein_coding	3830	1956	1908	90.7492	26.5819	25.5964
ENSG00000115282.21	TTC31	protein_coding	1073	571	565	19.1147	5.5990	5.3914
ENSG00000115286.20	NDUFS7	protein_coding	287	1498	1496	3.2688	0.9575	0.9220
ENSG00000115289.14	PCGF1	protein_coding	803	382	421	39.1004	11.4531	11.0285
ENSG00000115290.10	GRB14	protein_coding	55	39	16	1.5637	0.4580	0.4410
ENSG00000115295.20	CLIP4	protein_coding	3529	1757	1772	38.5149	11.2816	10.8633
ENSG00000115297.11	TLX2	protein_coding	6	5	2	0.1813	0.0531	0.0511
ENSG00000115306.16	SPTBN1	protein_coding	36391	19262	19262	167.2896	49.0017	47.1850
ENSG00000115307.17	AUP1	protein_coding	9055	4499	4579	313.2198	91.7470	88.3455
ENSG00000115310.18	RTN4	protein_coding	16875	8489	8388	215.6882	63.1785	60.8361
ENSG00000115317.12	HTRA2	protein_coding	1124	2005	2000	36.4733	10.6836	10.2875
ENSG00000115318.12	LOXL3	protein_coding	15810	10131	10134	297.0994	87.0251	83.7986
ENSG00000115325.13	DOK1	protein_coding	725	1178	1143	20.1926	5.9147	5.6954
ENSG00000115339.14	GALNT3	protein_coding	354	175	179	6.5508	1.9188	1.8477
ENSG00000115350.12	POLE4	protein_coding	1642	817	827	69.7197	20.4220	19.6648
ENSG00000115353.11	TACR1	protein_coding	60	33	27	0.9936	0.2910	0.2803
ENSG00000115355.17	CCDC88A	protein_coding	4064	2294	2230	10.1678	2.9783	2.8679
ENSG00000115361.8	ACADL	protein_coding	21	56	52	0.3461	0.1014	0.0976
ENSG00000115363.14	EVA1A	protein_coding	2783	1380	1403	86.0960	25.2189	24.2839
ENSG00000115364.14	MRPL19	protein_coding	2513	1445	1378	23.8521	6.9867	6.7276
ENSG00000115365.12	LANCL1	protein_coding	3600	1748	1853	58.1868	17.0438	16.4119
ENSG00000115368.10	WDR75	protein_coding	1871	970	901	31.5250	9.2342	8.8918
ENSG00000115380.20	EFEMP1	protein_coding	975	481	494	20.8979	6.1213	5.8944
ENSG00000115386.6	REG1A	protein_coding	0	0	0	0.0000	0.0000	0.0000
ENSG00000115392.12	FANCL	protein_coding	971	1071	963	34.1865	10.0138	9.6425
ENSG00000115414.21	FN1	protein_coding	81234	40618	40619	400.6986	117.3709	113.0194
ENSG00000115415.20	STAT1	protein_coding	41804	21113	20961	363.3587	106.4335	102.4874
ENSG00000115419.13	GLS	protein_coding	3657	2026	2081	31.5828	9.2511	8.9081
ENSG00000115421.13	PAPOLG	protein_coding	954	472	482	9.5547	2.7987	2.6950
ENSG00000115423.19	DNAH6	protein_coding	0	1	0	0.0000	0.0000	0.0000
ENSG00000115425.14	PECR	protein_coding	807	421	386	21.4427	6.2809	6.0480
ENSG00000115446.12	UNC50	protein_coding	1239	621	618	47.1823	13.8204	13.3080
ENSG00000115457.10	IGFBP2	protein_coding	1215	604	611	21.7584	6.3734	6.1371
ENSG00000115459.18	ELMOD3	protein_coding	618	611	630	7.2298	2.1177	2.0392
ENSG00000115461.5	IGFBP5	protein_coding	4727	2376	2514	62.0815	18.1846	17.5105
ENSG00000115464.15	USP34	protein_coding	3188	2385	2393	14.6791	4.2997	4.1403
ENSG00000115468.12	EFHD1	protein_coding	58	30	28	1.8413	0.5393	0.5193
ENSG00000115474.7	KCNJ13	protein_coding	20	25	23	0.4671	0.1368	0.1318
ENSG00000115484.15	CCT4	protein_coding	5295	4099	4010	166.4768	48.7637	46.9558
ENSG00000115486.12	GGCX	protein_coding	2687	1942	1863	25.0721	7.3440	7.0717
ENSG00000115488.3	NEU2	protein_coding	0	0	0	0.0000	0.0000	0.0000
ENSG00000115504.15	EHBP1	protein_coding	4153	2660	2623	42.8836	12.5613	12.0956
ENSG00000115507.10	OTX1	protein_coding	152	79	73	2.6708	0.7823	0.7533
ENSG00000115514.12	TXNDC9	protein_coding	734	481	418	22.1348	6.4836	6.2433
ENSG00000115520.8	COQ10B	protein_coding	2366	1197	1169	73.8140	21.6213	20.8197
ENSG00000115523.17	GNLY	protein_coding	116	51	65	3.2329	0.9470	0.9119
ENSG00000115524.17	SF3B1	protein_coding	10058	5104	4954	81.9624	24.0081	23.1180
ENSG00000115525.18	ST3GAL5	protein_coding	6873	3428	3445	35.8073	10.4885	10.0996
ENSG00000115526.11	CHST10	protein_coding	303	160	143	5.7192	1.6753	1.6131
ENSG00000115539.14	PDCL3	protein_coding	700	366	334	38.8018	11.3656	10.9443
ENSG00000115540.15	MOB4	protein_coding	690	339	351	14.3580	4.2057	4.0498
ENSG00000115541.11	HSPE1	protein_coding	673	340	341	31.3502	9.1830	8.8425
ENSG00000115548.17	KDM3A	protein_coding	2712	1389	1323	17.3174	5.0725	4.8845
ENSG00000115556.14	PLCD4	protein_coding	182	360	357	2.6754	0.7837	0.7546
ENSG00000115561.16	CHMP3	protein_coding	3725	1880	1853	45.0675	13.2010	12.7115
ENSG00000115568.16	ZNF142	protein_coding	1392	1007	978	10.2257	2.9953	2.8842
ENSG00000115590.14	IL1R2	protein_coding	39	15	24	1.1200	0.3281	0.3159
ENSG00000115592.11	PRKAG3	protein_coding	2	1	1	0.0509	0.0149	0.0144
ENSG00000115593.15	SMYD1	protein_coding	18	11	7	0.3358	0.0984	0.0947
ENSG00000115594.12	IL1R1	protein_coding	1029	502	532	12.2677	3.5934	3.4602
ENSG00000115596.4	WNT6	protein_coding	3	3	0	0.1482	0.0434	0.0418
ENSG00000115598.10	IL1RL2	protein_coding	5	2	3	0.1626	0.0476	0.0459
ENSG00000115602.17	IL1RL1	protein_coding	4	2	2	0.0591	0.0173	0.0167
ENSG00000115604.11	IL18R1	protein_coding	43	19	24	0.8115	0.2377	0.2289
ENSG00000115607.9	IL18RAP	protein_coding	25	14	11	0.7158	0.2097	0.2019
ENSG00000115616.3	SLC9A2	protein_coding	0	0	0	0.0000	0.0000	0.0000
ENSG00000115641.19	FHL2	protein_coding	1366	703	665	17.5070	5.1281	4.9379
ENSG00000115648.14	MLPH	protein_coding	15374	7678	7699	175.5974	51.4352	49.5283
ENSG00000115649.16	CNPPD1	protein_coding	3780	2174	2284	118.0578	34.5810	33.2989
ENSG00000115652.15	UXS1	protein_coding	2820	1399	1421	34.3088	10.0496	9.6770
ENSG00000115657.14	ABCB6	protein_coding	10	5	5	0.1632	0.0478	0.0460
ENSG00000115661.14	STK16	protein_coding	1284	680	644	24.9629	7.3120	7.0409
ENSG00000115665.9	SLC5A7	protein_coding	0	0	0	0.0000	0.0000	0.0000
ENSG00000115677.17	HDLBP	protein_coding	52290	26161	26400	365.1719	106.9646	102.9989
ENSG00000115685.15	PPP1R7	protein_coding	3770	1903	1872	84.6734	24.8022	23.8826
ENSG00000115687.14	PASK	protein_coding	199	104	101	1.5845	0.4641	0.4469
ENSG00000115694.15	STK25	protein_coding	1877	2594	2557	21.0063	6.1531	5.9249
ENSG00000115705.22	TPO	protein_coding	39	21	18	0.3918	0.1148	0.1105
ENSG00000115718.18	PROC	protein_coding	8	2	6	0.2727	0.0799	0.0769
ENSG00000115738.10	ID2	protein_coding	616	312	305	23.6380	6.9240	6.6672
ENSG00000115750.17	TAF1B	protein_coding	651	318	334	13.9077	4.0738	3.9228
ENSG00000115756.13	HPCAL1	protein_coding	3245	1625	1620	44.1826	12.9418	12.4620
ENSG00000115758.13	ODC1	protein_coding	3064	1629	1436	93.2269	27.3076	26.2952
ENSG00000115760.14	BIRC6	protein_coding	4767	2362	2413	22.6686	6.6400	6.3938
ENSG00000115761.16	NOL10	protein_coding	1202	793	788	26.6096	7.7944	7.5054
ENSG00000115762.16	PLEKHB2	protein_coding	12598	6349	6252	159.0113	46.5769	44.8501
ENSG00000115806.13	GORASP2	protein_coding	5542	2742	2801	100.0274	29.2996	28.2133
ENSG00000115808.12	STRN	protein_coding	2228	1079	1150	13.1839	3.8618	3.7186
ENSG00000115816.15	CEBPZ	protein_coding	1719	1721	1849	41.5656	12.1752	11.7238
ENSG00000115825.11	PRKD3	protein_coding	4103	2250	2320	33.9301	9.9387	9.5702
ENSG00000115827.14	DCAF17	protein_coding	705	378	341	7.8188	2.2903	2.2054
ENSG00000115828.17	QPCT	protein_coding	6285	3115	3170	199.4488	58.4217	56.2557
ENSG00000115839.18	RAB3GAP1	protein_coding	5064	2678	2726	65.0980	19.0682	18.3613
ENSG00000115840.14	SLC25A12	protein_coding	2646	1328	1318	36.6796	10.7440	10.3457
ENSG00000115841.21	RMDN2	protein_coding	145	82	65	2.0417	0.5980	0.5759
ENSG00000115844.11	DLX2	protein_coding	27	10	17	0.7717	0.2261	0.2177
ENSG00000115850.10	LCT	protein_coding	2	0	2	0.0258	0.0076	0.0073
ENSG00000115866.11	DARS1	protein_coding	3578	1953	1930	63.9405	18.7292	18.0348
ENSG00000115875.19	SRSF7	protein_coding	3620	1790	1831	75.9980	22.2610	21.4357
ENSG00000115884.11	SDC1	protein_coding	2052	1032	1020	48.2305	14.1275	13.6037
ENSG00000115896.16	PLCL1	protein_coding	455	239	216	4.7573	1.3935	1.3418
ENSG00000115902.11	SLC1A4	protein_coding	4409	2130	2279	53.9424	15.8006	15.2148
ENSG00000115904.14	SOS1	protein_coding	2612	1270	1343	22.9881	6.7336	6.4839
ENSG00000115919.15	KYNU	protein_coding	192	94	98	0.9348	0.2738	0.2637
ENSG00000115934.11	AC087235.1	lncRNA	0	0	0	0.0000	0.0000	0.0000
ENSG00000115935.18	WIPF1	protein_coding	24459	12683	13064	227.7238	66.7039	64.2308
ENSG00000115942.9	ORC2	protein_coding	844	472	428	12.2917	3.6004	3.4669
ENSG00000115944.15	COX7A2L	protein_coding	4587	2239	2348	69.4969	20.3567	19.6020
ENSG00000115946.8	PNO1	protein_coding	1641	1029	1017	52.9865	15.5206	14.9451
ENSG00000115947.14	ORC4	protein_coding	1132	632	640	10.7817	3.1581	3.0411
ENSG00000115956.10	PLEK	protein_coding	1273	671	603	33.7297	9.8800	9.5137
ENSG00000115963.13	RND3	protein_coding	3730	1890	1840	88.1339	25.8158	24.8587
ENSG00000115966.17	ATF2	protein_coding	2756	1380	1474	40.6957	11.9204	11.4785
ENSG00000115970.18	THADA	protein_coding	2105	1123	1158	12.5709	3.6822	3.5457
ENSG00000115977.20	AAK1	protein_coding	4226	2129	2098	14.4457	4.2314	4.0745
ENSG00000115993.13	TRAK2	protein_coding	5288	2832	2849	59.7471	17.5009	16.8520
ENSG00000115998.8	C2orf42	protein_coding	760	376	384	18.0631	5.2910	5.0948
ENSG00000116001.17	TIA1	protein_coding	1864	950	915	23.9582	7.0177	6.7575
ENSG00000116005.12	PCYOX1	protein_coding	5394	2738	2660	78.1141	22.8808	22.0325
ENSG00000116014.10	KISS1R	protein_coding	1	1	0	0.0509	0.0149	0.0143
ENSG00000116016.14	EPAS1	protein_coding	6114	3073	3041	71.2116	20.8590	20.0856
ENSG00000116017.11	ARID3A	protein_coding	390	195	197	4.5890	1.3442	1.2944
ENSG00000116030.17	SUMO1	protein_coding	3268	1731	1538	128.8992	37.7566	36.3568
ENSG00000116031.9	CD207	protein_coding	8	4	4	0.3641	0.1066	0.1027
ENSG00000116032.5	GRIN3B	protein_coding	2	74	89	0.0518	0.0152	0.0146
ENSG00000116035.4	VAX2	protein_coding	31	12	20	0.8849	0.2592	0.2496
ENSG00000116039.13	ATP6V1B1	protein_coding	3	1	2	0.0959	0.0281	0.0271
ENSG00000116044.16	NFE2L2	protein_coding	6198	3177	3239	92.8120	27.1861	26.1782
ENSG00000116062.17	MSH6	protein_coding	2979	2550	2401	23.0925	6.7641	6.5134
ENSG00000116095.11	PLEKHA3	protein_coding	1211	609	602	7.2396	2.1206	2.0420
ENSG00000116096.6	SPR	protein_coding	1892	949	943	110.1985	32.2789	31.0821
ENSG00000116106.12	EPHA4	protein_coding	1135	537	611	12.7594	3.7374	3.5989
ENSG00000116117.18	PARD3B	protein_coding	1010	506	504	8.0159	2.3480	2.2609
ENSG00000116120.11	FARSB	protein_coding	3436	1739	1697	43.1573	12.6415	12.1728
ENSG00000116127.19	ALMS1	protein_coding	1608	814	794	9.2396	2.7064	2.6061
ENSG00000116128.11	BCL9	protein_coding	2947	1474	1473	39.5294	11.5788	11.1495
ENSG00000116132.12	PRRX1	protein_coding	2085	1102	984	21.4669	6.2880	6.0549
ENSG00000116133.13	DHCR24	protein_coding	14556	7914	8063	198.9221	58.2674	56.1071
ENSG00000116138.13	DNAJC16	protein_coding	2123	1100	1145	21.0541	6.1671	5.9384
ENSG00000116141.17	MARK1	protein_coding	169	78	91	0.9408	0.2756	0.2654
ENSG00000116147.17	TNR	protein_coding	18	14	5	0.1194	0.0350	0.0337
ENSG00000116151.14	MORN1	protein_coding	128	60	70	0.9588	0.2808	0.2704
ENSG00000116157.6	GPX7	protein_coding	160	79	81	8.0303	2.3522	2.2650
ENSG00000116161.18	CACYBP	protein_coding	2330	1192	1195	42.9114	12.5694	12.1034
ENSG00000116171.19	SCP2	protein_coding	5012	2536	2498	51.5717	15.1062	14.5461
ENSG00000116176.6	TPSG1	protein_coding	16	12	10	1.0827	0.3171	0.3054
ENSG00000116183.11	PAPPA2	protein_coding	3	1	2	0.0233	0.0068	0.0066
ENSG00000116191.17	RALGPS2	protein_coding	751	391	373	6.9487	2.0354	1.9599
ENSG00000116194.13	ANGPTL1	protein_coding	74	39	35	1.7466	0.5116	0.4926
ENSG00000116198.14	CEP104	protein_coding	2421	1204	1222	17.2985	5.0670	4.8791
ENSG00000116199.12	FAM20B	protein_coding	5749	2847	2902	80.7489	23.6526	22.7757
ENSG00000116205.14	TCEANC2	protein_coding	860	434	450	6.0019	1.7581	1.6929
ENSG00000116209.12	TMEM59	protein_coding	12547	6403	6144	116.4605	34.1131	32.8484
ENSG00000116212.15	LRRC42	protein_coding	1739	895	845	68.2424	19.9893	19.2482
ENSG00000116213.16	WRAP73	protein_coding	989	498	491	11.0016	3.2225	3.1031
ENSG00000116218.13	NPHS2	protein_coding	0	0	0	0.0000	0.0000	0.0000
ENSG00000116221.15	MRPL37	protein_coding	3911	1964	1991	130.2958	38.1657	36.7507
ENSG00000116237.16	ICMT	protein_coding	7808	4136	4159	135.0425	39.5561	38.0895
ENSG00000116251.11	RPL22	protein_coding	2934	1538	1435	53.4098	15.6446	15.0645
ENSG00000116254.18	CHD5	protein_coding	3	2	1	0.0252	0.0074	0.0071
ENSG00000116260.17	QSOX1	protein_coding	9352	4739	4613	85.6162	25.0783	24.1486
ENSG00000116266.11	STXBP3	protein_coding	1838	912	927	26.4908	7.7596	7.4719
ENSG00000116273.6	PHF13	protein_coding	1452	694	758	33.9495	9.9443	9.5756
ENSG00000116285.13	ERRFI1	protein_coding	756	377	384	15.3625	4.4999	4.3331
ENSG00000116288.13	PARK7	protein_coding	8732	4352	4380	309.3556	90.6151	87.2556
ENSG00000116299.17	ELAPOR1	protein_coding	42	17	25	0.3879	0.1136	0.1094
ENSG00000116329.11	OPRD1	protein_coding	307	180	207	2.7898	0.8172	0.7869
ENSG00000116337.19	AMPD2	protein_coding	1567	1043	1011	14.8882	4.3610	4.1993
ENSG00000116350.17	SRSF4	protein_coding	3409	1684	1725	32.8746	9.6295	9.2725
ENSG00000116353.16	MECR	protein_coding	933	453	480	19.1471	5.6085	5.4006
ENSG00000116396.15	KCNC4	protein_coding	408	198	210	1.3290	0.3893	0.3748
ENSG00000116406.19	EDEM3	protein_coding	3410	1686	1724	37.1636	10.8858	10.4822
ENSG00000116455.14	WDR77	protein_coding	447	240	236	14.1376	4.1411	3.9876
ENSG00000116459.11	ATP5PB	protein_coding	2878	1482	1425	77.8843	22.8135	21.9677
ENSG00000116473.14	RAP1A	protein_coding	2032	1048	984	31.1928	9.1368	8.7981
ENSG00000116478.12	HDAC1	protein_coding	5591	2798	2795	119.7151	35.0664	33.7664
ENSG00000116489.13	CAPZA1	protein_coding	4400	2216	2191	106.9099	31.3156	30.1546
ENSG00000116497.18	S100PBP	protein_coding	970	516	480	8.9633	2.6255	2.5282
ENSG00000116514.17	RNF19B	protein_coding	4231	2147	2089	131.4186	38.4946	37.0674
ENSG00000116521.11	SCAMP3	protein_coding	5776	2872	2906	200.8602	58.8351	56.6538
ENSG00000116525.14	TRIM62	protein_coding	1635	863	879	34.9208	10.2288	9.8496
ENSG00000116539.14	ASH1L	protein_coding	3076	1532	1560	18.9520	5.5513	5.3455
ENSG00000116544.12	DLGAP3	protein_coding	5	4	1	0.1050	0.0308	0.0296
ENSG00000116560.11	SFPQ	protein_coding	10775	5489	5286	123.3344	36.1266	34.7872
ENSG00000116574.6	RHOU	protein_coding	197	103	94	4.2193	1.2359	1.1901
ENSG00000116580.18	GON4L	protein_coding	2008	1037	992	14.2492	4.1738	4.0191
ENSG00000116584.20	ARHGEF2	protein_coding	13672	6835	6840	126.8195	37.1474	35.7702
ENSG00000116586.12	LAMTOR2	protein_coding	2206	1099	1108	133.4291	39.0835	37.6345
ENSG00000116604.18	MEF2D	protein_coding	6572	3291	3281	87.8755	25.7401	24.7858
ENSG00000116641.18	DOCK7	protein_coding	8267	4180	4087	28.2056	8.2619	7.9556
ENSG00000116649.10	SRM	protein_coding	6096	3064	3033	273.3237	80.0608	77.0925
ENSG00000116652.6	DLEU2L	lncRNA	43	38	33	1.0272	0.3009	0.2897
ENSG00000116661.11	FBXO2	protein_coding	373	195	191	10.0143	2.9334	2.8246
ENSG00000116663.11	FBXO6	protein_coding	1095	571	524	53.5953	15.6989	15.1169
ENSG00000116667.15	C1orf21	protein_coding	5266	2711	2555	38.5709	11.2980	10.8792
ENSG00000116668.13	SWT1	protein_coding	407	215	192	8.4962	2.4887	2.3964
ENSG00000116670.15	MAD2L2	protein_coding	1674	873	802	42.7668	12.5271	12.0626
ENSG00000116675.16	DNAJC6	protein_coding	1196	594	602	14.5968	4.2756	4.1171
ENSG00000116678.20	LEPR	protein_coding	242	126	116	1.8075	0.5294	0.5098
ENSG00000116679.16	IVNS1ABP	protein_coding	16087	8062	8025	173.5190	50.8264	48.9421
ENSG00000116685.16	KIAA2013	protein_coding	2862	1419	1444	74.0757	21.6979	20.8935
ENSG00000116688.18	MFN2	protein_coding	7884	3913	3973	65.4204	19.1627	18.4522
ENSG00000116690.13	PRG4	protein_coding	102	299	228	1.7156	0.5025	0.4839
ENSG00000116691.11	MIIP	protein_coding	1346	691	655	40.5186	11.8685	11.4285
ENSG00000116698.21	SMG7	protein_coding	5226	2537	2699	53.3599	15.6299	15.0505
ENSG00000116701.15	NCF2	protein_coding	518	287	231	15.0184	4.3991	4.2360
ENSG00000116703.14	PDC	protein_coding	4	2	2	0.2552	0.0748	0.0720
ENSG00000116704.8	SLC35D1	protein_coding	2287	1116	1171	31.3601	9.1859	8.8453
ENSG00000116711.10	PLA2G4A	protein_coding	1974	991	983	58.2261	17.0553	16.4230
ENSG00000116717.13	GADD45A	protein_coding	1762	874	888	77.7298	22.7683	21.9241
ENSG00000116721.9	PRAMEF1	protein_coding	0	0	0	0.0000	0.0000	0.0000
ENSG00000116726.5	PRAMEF12	protein_coding	0	0	0	0.0000	0.0000	0.0000
ENSG00000116729.14	WLS	protein_coding	6482	3291	3306	123.4479	36.1598	34.8192
ENSG00000116731.22	PRDM2	protein_coding	1695	849	847	13.1777	3.8600	3.7169
ENSG00000116741.8	RGS2	protein_coding	348	166	182	14.1534	4.1458	3.9921
ENSG00000116745.7	RPE65	protein_coding	4	3	1	0.1304	0.0382	0.0368
ENSG00000116747.13	RO60	protein_coding	2997	1928	1939	28.0603	8.2193	7.9146
ENSG00000116748.21	AMPD1	protein_coding	11	5	6	0.3031	0.0888	0.0855
ENSG00000116750.14	UCHL5	protein_coding	1199	655	628	15.2859	4.4775	4.3115
ENSG00000116752.6	BCAS2	protein_coding	886	435	451	58.3705	17.0976	16.4637
ENSG00000116754.13	SRSF11	protein_coding	3252	1619	1633	32.5931	9.5470	9.1931
ENSG00000116761.12	CTH	protein_coding	156	78	78	5.4878	1.6075	1.5479
ENSG00000116771.6	AGMAT	protein_coding	174	118	89	4.7742	1.3984	1.3466
ENSG00000116774.12	OLFML3	protein_coding	7706	3883	3823	231.9734	67.9486	65.4295
ENSG00000116783.15	TNNI3K	protein_coding	3	1	2	0.0538	0.0158	0.0152
ENSG00000116785.14	CFHR3	protein_coding	4	2	2	0.0797	0.0234	0.0225
ENSG00000116786.13	PLEKHM2	protein_coding	8468	4717	4946	173.9493	50.9525	49.0634
ENSG00000116791.14	CRYZ	protein_coding	1188	696	665	24.6966	7.2340	6.9658
ENSG00000116793.16	PHTF1	protein_coding	615	299	316	7.2840	2.1336	2.0545
ENSG00000116809.12	ZBTB17	protein_coding	1437	731	706	28.7808	8.4304	8.1178
ENSG00000116815.16	CD58	protein_coding	837	414	423	39.8422	11.6704	11.2377
ENSG00000116819.8	TFAP2E	protein_coding	17	12	7	0.6354	0.1861	0.1792
ENSG00000116824.5	CD2	protein_coding	1034	512	522	53.7050	15.7310	15.1478
ENSG00000116830.12	TTF2	protein_coding	774	378	396	6.4706	1.8953	1.8251
ENSG00000116833.14	NR5A2	protein_coding	97	51	46	1.0920	0.3199	0.3080
ENSG00000116852.15	KIF21B	protein_coding	375	192	183	2.6180	0.7668	0.7384
ENSG00000116857.17	TMEM9	protein_coding	4171	2112	2061	90.3810	26.4740	25.4925
ENSG00000116863.11	ADPRS	protein_coding	2096	1054	1042	107.8094	31.5791	30.4083
ENSG00000116871.15	MAP7D1	protein_coding	8108	3989	4121	130.6270	38.2627	36.8441
ENSG00000116874.12	WARS2	protein_coding	304	165	158	6.7404	1.9744	1.9012
ENSG00000116882.15	HAO2	protein_coding	1	0	1	0.0452	0.0133	0.0128
ENSG00000116885.18	OSCP1	protein_coding	165	88	77	5.0258	1.4721	1.4176
ENSG00000116898.12	MRPS15	protein_coding	2522	1256	1266	74.8059	21.9118	21.0995
ENSG00000116903.7	EXOC8	protein_coding	1348	743	759	22.4456	6.5747	6.3309
ENSG00000116906.13	GNPAT	protein_coding	3118	1594	1525	81.1966	23.7837	22.9020
ENSG00000116918.15	TSNAX	protein_coding	2691	1431	1392	35.9706	10.5363	10.1457
ENSG00000116922.14	C1orf109	protein_coding	814	408	406	15.5898	4.5665	4.3972
ENSG00000116954.8	RRAGC	protein_coding	1995	995	1000	33.1150	9.6999	9.3403
ENSG00000116962.15	NID1	protein_coding	5710	2839	2871	83.4445	24.4422	23.5360
ENSG00000116977.19	LGALS8	protein_coding	1527	1711	1707	13.7047	4.0143	3.8655
ENSG00000116981.3	NT5C1A	protein_coding	1	1	0	0.0767	0.0225	0.0216
ENSG00000116983.13	HPCAL4	protein_coding	542	280	262	9.6736	2.8335	2.7285
ENSG00000116984.14	MTR	protein_coding	4349	2172	2177	29.8874	8.7545	8.4299
ENSG00000116985.12	BMP8B	protein_coding	17127	9099	9036	301.3743	88.2773	85.0044
ENSG00000116990.11	MYCL	protein_coding	51	33	28	0.8554	0.2506	0.2413
ENSG00000116991.11	SIPA1L2	protein_coding	5823	2876	2947	57.8218	16.9369	16.3090
ENSG00000116996.9	ZP4	protein_coding	0	0	0	0.0000	0.0000	0.0000
ENSG00000117000.9	RLF	protein_coding	1269	683	586	17.2920	5.0651	4.8773
ENSG00000117009.12	KMO	protein_coding	2172	1828	1785	31.0204	9.0864	8.7495
ENSG00000117010.17	ZNF684	protein_coding	151	84	67	4.1351	1.2112	1.1663
ENSG00000117013.17	KCNQ4	protein_coding	19	10	10	0.3660	0.1072	0.1032
ENSG00000117016.10	RIMS3	protein_coding	191	106	85	2.2344	0.6545	0.6302
ENSG00000117020.18	AKT3	protein_coding	7183	4009	3773	47.7632	13.9906	13.4719
ENSG00000117036.12	ETV3	protein_coding	1921	963	958	24.3227	7.1245	6.8604
ENSG00000117054.14	ACADM	protein_coding	2130	1067	1063	37.8174	11.0773	10.6666
ENSG00000117069.15	ST6GALNAC5	protein_coding	62	25	37	0.8690	0.2545	0.2451
ENSG00000117090.15	SLAMF1	protein_coding	183	91	93	3.6454	1.0678	1.0282
ENSG00000117091.10	CD48	protein_coding	243	354	327	6.3416	1.8576	1.7887
ENSG00000117114.20	ADGRL2	protein_coding	2671	1274	1397	10.0147	2.9335	2.8247
ENSG00000117115.13	PADI2	protein_coding	134	72	63	1.8966	0.5555	0.5349
ENSG00000117118.10	SDHB	protein_coding	3427	1680	1747	125.2248	36.6803	35.3204
ENSG00000117122.14	MFAP2	protein_coding	503	386	413	15.7504	4.6135	4.4425
ENSG00000117133.11	RPF1	protein_coding	1639	848	897	60.7793	17.8032	17.1432
ENSG00000117139.18	KDM5B	protein_coding	3492	1801	1692	11.9098	3.4886	3.3592
ENSG00000117143.13	UAP1	protein_coding	2185	1077	1108	53.9864	15.8135	15.2272
ENSG00000117148.8	ACTL8	protein_coding	0	0	0	0.0000	0.0000	0.0000
ENSG00000117151.13	CTBS	protein_coding	267	543	565	3.2699	0.9578	0.9223
ENSG00000117152.14	RGS4	protein_coding	69	32	37	1.2391	0.3629	0.3495
ENSG00000117153.16	KLHL12	protein_coding	2973	1482	1491	71.9694	21.0810	20.2994
ENSG00000117154.12	IGSF21	protein_coding	17	10	7	0.4760	0.1394	0.1343
ENSG00000117155.17	SSX2IP	protein_coding	1633	828	805	16.1947	4.7437	4.5678
ENSG00000117174.11	ZNHIT6	protein_coding	730	356	374	9.9939	2.9274	2.8188
ENSG00000117215.15	PLA2G2D	protein_coding	601	298	303	19.0366	5.5761	5.3694
ENSG00000117222.14	RBBP5	protein_coding	991	491	500	19.1090	5.5973	5.3898
ENSG00000117226.12	GBP3	protein_coding	1863	925	939	36.9297	10.8173	10.4162
ENSG00000117228.10	GBP1	protein_coding	2987	1516	1480	52.1714	15.2818	14.7153
ENSG00000117242.7	PINK1-AS	lncRNA	152	1626	1579	2.9052	0.8510	0.8194
ENSG00000117245.13	KIF17	protein_coding	106	54	52	2.0138	0.5899	0.5680
ENSG00000117262.19	GPR89A	protein_coding	195	100	95	2.9778	0.8722	0.8399
ENSG00000117266.16	CDK18	protein_coding	1470	740	730	18.2772	5.3537	5.1552
ENSG00000117280.13	RAB29	protein_coding	3725	1907	1818	81.0268	23.7340	22.8541
ENSG00000117281.16	CD160	protein_coding	26	18	22	0.5560	0.1629	0.1568
ENSG00000117298.16	ECE1	protein_coding	12819	6464	6360	148.9594	43.6325	42.0149
ENSG00000117305.15	HMGCL	protein_coding	2543	1256	1288	38.3711	11.2395	10.8228
ENSG00000117308.15	GALE	protein_coding	3164	1628	1537	67.9364	19.8996	19.1618
ENSG00000117318.9	ID3	protein_coding	684	337	347	38.8273	11.3731	10.9515
ENSG00000117322.18	CR2	protein_coding	68	32	36	1.1821	0.3463	0.3334
ENSG00000117335.20	CD46	protein_coding	5214	2548	2666	50.8294	14.8887	14.3367
ENSG00000117360.13	PRPF3	protein_coding	1121	569	553	17.6028	5.1561	4.9650
ENSG00000117362.13	APH1A	protein_coding	4778	2630	2753	116.8298	34.2213	32.9525
ENSG00000117385.16	P3H1	protein_coding	2531	1279	1253	31.7667	9.3050	8.9600
ENSG00000117394.24	SLC2A1	protein_coding	2166	1076	1091	27.8104	8.1461	7.8441
ENSG00000117395.13	EBNA1BP2	protein_coding	3266	1672	1598	77.8855	22.8139	21.9681
ENSG00000117399.14	CDC20	protein_coding	1024	501	524	43.2199	12.6598	12.1904
ENSG00000117400.18	MPL	protein_coding	27	12	15	0.5824	0.1706	0.1643
ENSG00000117407.17	ARTN	protein_coding	9	8	1	0.2876	0.0843	0.0811
ENSG00000117408.11	IPO13	protein_coding	3628	1793	1835	60.7436	17.7927	17.1331
ENSG00000117410.14	ATP6V0B	protein_coding	6338	3197	3142	166.1704	48.6739	46.8693
ENSG00000117411.17	B4GALT2	protein_coding	1683	866	817	26.1186	7.6506	7.3669
ENSG00000117419.16	ERI3	protein_coding	2354	1175	1181	71.7784	21.0250	20.2455
ENSG00000117425.14	PTCH2	protein_coding	49	25	27	0.7801	0.2285	0.2200
ENSG00000117448.14	AKR1A1	protein_coding	5735	2884	2852	156.0457	45.7082	44.0136
ENSG00000117450.15	PRDX1	protein_coding	11175	9809	9936	564.2009	165.2633	159.1362
ENSG00000117461.15	PIK3R3	protein_coding	4054	2063	1993	46.5415	13.6327	13.1273
ENSG00000117472.10	TSPAN1	protein_coding	1063	500	563	38.0888	11.1568	10.7432
ENSG00000117475.14	BLZF1	protein_coding	2008	1037	971	44.6388	13.0754	12.5906
ENSG00000117477.12	CCDC181	protein_coding	11	5	6	0.2358	0.0691	0.0665
ENSG00000117479.15	SLC19A2	protein_coding	2114	1060	1054	41.1370	12.0497	11.6029
ENSG00000117480.16	FAAH	protein_coding	52	28	24	1.6211	0.4748	0.4572
ENSG00000117481.10	NSUN4	protein_coding	981	493	488	9.8379	2.8817	2.7748
ENSG00000117500.13	TMED5	protein_coding	4020	2291	2252	37.0622	10.8561	10.4536
ENSG00000117501.14	MROH9	protein_coding	0	0	0	0.0000	0.0000	0.0000
ENSG00000117505.13	DR1	protein_coding	2232	1128	1130	17.3494	5.0819	4.8935
ENSG00000117507.6	FMO6P	transcribed_unitary_pseudogene	0	0	0	0.0000	0.0000	0.0000
ENSG00000117519.16	CNN3	protein_coding	4027	2033	1994	122.8799	35.9934	34.6590
ENSG00000117523.16	PRRC2C	protein_coding	8831	4355	4476	52.9128	15.4990	14.9244
ENSG00000117525.14	F3	protein_coding	144	67	77	4.2372	1.2411	1.1951
ENSG00000117528.14	ABCD3	protein_coding	1168	598	570	12.9572	3.7954	3.6546
ENSG00000117533.15	VAMP4	protein_coding	1084	551	533	18.4624	5.4079	5.2074
ENSG00000117543.21	DPH5	protein_coding	757	407	370	21.6447	6.3401	6.1050
ENSG00000117560.8	FASLG	protein_coding	122	67	55	5.7398	1.6813	1.6189
ENSG00000117569.19	PTBP2	protein_coding	214	101	113	1.2379	0.3626	0.3491
ENSG00000117586.11	TNFSF4	protein_coding	549	280	269	11.7641	3.4459	3.3181
ENSG00000117592.9	PRDX6	protein_coding	8724	4238	4486	320.5738	93.9011	90.4197
ENSG00000117593.12	DARS2	protein_coding	2058	1157	1002	23.7680	6.9620	6.7039
ENSG00000117594.10	HSD11B1	protein_coding	52	30	22	2.9205	0.8555	0.8238
ENSG00000117595.12	IRF6	protein_coding	42	23	19	0.7175	0.2102	0.2024
ENSG00000117597.18	UTP25	protein_coding	1588	804	784	12.9530	3.7941	3.6535
ENSG00000117598.13	PLPPR5	protein_coding	8	2	6	0.1446	0.0423	0.0408
ENSG00000117600.12	PLPPR4	protein_coding	119	62	57	1.8241	0.5343	0.5145
ENSG00000117601.14	SERPINC1	protein_coding	3	2	1	0.1445	0.0423	0.0408
ENSG00000117602.13	RCAN3	protein_coding	2057	1270	1314	24.4720	7.1682	6.9025
ENSG00000117614.10	SYF2	protein_coding	2001	969	1032	45.0373	13.1921	12.7030
ENSG00000117616.18	RSRP1	protein_coding	619	314	309	7.8107	2.2879	2.2030
ENSG00000117620.15	SLC35A3	protein_coding	562	258	312	2.6172	0.7666	0.7382
ENSG00000117625.14	RCOR3	protein_coding	1265	630	635	11.8153	3.4609	3.3326
ENSG00000117632.23	STMN1	protein_coding	19139	9664	9477	260.1717	76.2084	73.3829
ENSG00000117640.18	MTFR1L	protein_coding	1763	1324	1285	25.8262	7.5649	7.2844
ENSG00000117643.14	MAN1C1	protein_coding	2037	995	1044	19.1650	5.6137	5.4056
ENSG00000117650.13	NEK2	protein_coding	410	205	205	11.2496	3.2952	3.1730
ENSG00000117676.14	RPS6KA1	protein_coding	921	472	449	13.2923	3.8935	3.7492
ENSG00000117682.17	DHDDS	protein_coding	2910	1513	1402	44.0654	12.9074	12.4289
ENSG00000117691.10	NENF	protein_coding	2573	1279	1294	172.8642	50.6346	48.7574
ENSG00000117697.15	NSL1	protein_coding	1073	532	542	6.5710	1.9247	1.8534
ENSG00000117707.16	PROX1	protein_coding	13	8	5	0.1235	0.0362	0.0348
ENSG00000117713.20	ARID1A	protein_coding	4498	2200	2307	23.9646	7.0196	6.7594
ENSG00000117724.13	CENPF	protein_coding	5187	2575	2614	37.7351	11.0532	10.6434
ENSG00000117748.10	RPA2	protein_coding	2541	1246	1295	108.9262	31.9062	30.7233
ENSG00000117751.18	PPP1R8	protein_coding	1792	932	953	54.0595	15.8349	15.2478
ENSG00000117758.14	STX12	protein_coding	3267	1579	1689	72.9900	21.3799	20.5873
ENSG00000117791.16	MTARC2	protein_coding	64	44	20	2.0928	0.6130	0.5903
ENSG00000117834.13	SLC5A9	protein_coding	32	16	16	0.5992	0.1755	0.1690
ENSG00000117859.19	OSBPL9	protein_coding	4638	2332	2333	38.3394	11.2302	10.8139
ENSG00000117862.13	TXNDC12	protein_coding	251	121	130	7.4424	2.1800	2.0992
ENSG00000117868.17	ESYT2	protein_coding	9805	4815	4990	117.3070	34.3611	33.0871
ENSG00000117877.11	POLR1G	protein_coding	202	759	763	5.3656	1.5717	1.5134
ENSG00000117899.11	MESD	protein_coding	4521	2316	2234	51.4990	15.0849	14.5256
ENSG00000117906.14	RCN2	protein_coding	5564	2873	2691	47.7222	13.9786	13.4603
ENSG00000117971.12	CHRNB4	protein_coding	10	6	4	0.1704	0.0499	0.0481
ENSG00000117983.17	MUC5B	protein_coding	384	196	197	1.7534	0.5136	0.4946
ENSG00000117984.15	CTSD	protein_coding	19686	9743	9953	293.4429	85.9540	82.7673
ENSG00000118004.18	COLEC11	protein_coding	15	7	8	0.4585	0.1343	0.1293
ENSG00000118007.13	STAG1	protein_coding	1012	802	791	10.9575	3.2096	3.0906
ENSG00000118017.4	A4GNT	protein_coding	4	2	2	0.1909	0.0559	0.0539
ENSG00000118046.16	STK11	protein_coding	2174	1083	1143	20.9530	6.1375	5.9099
ENSG00000118058.23	KMT2A	protein_coding	1878	978	978	5.0986	1.4935	1.4381
ENSG00000118094.12	TREH	protein_coding	2	421	479	0.0534	0.0156	0.0151
ENSG00000118096.10	IFT46	protein_coding	560	286	275	12.6041	3.6920	3.5551
ENSG00000118113.12	MMP8	protein_coding	1019	530	489	25.1772	7.3748	7.1014
ENSG00000118137.10	APOA1	protein_coding	2	3	1	0.1550	0.0454	0.0437
ENSG00000118156.12	ZNF541	protein_coding	3	0	4	0.0547	0.0160	0.0154
ENSG00000118160.14	SLC8A2	protein_coding	1	1	0	0.0161	0.0047	0.0045
ENSG00000118162.14	KPTN	protein_coding	194	151	189	7.7894	2.2816	2.1970
ENSG00000118181.11	RPS25	protein_coding	6357	3384	3262	365.4971	107.0598	103.0906
ENSG00000118193.12	KIF14	protein_coding	367	190	177	4.2728	1.2516	1.2052
ENSG00000118194.20	TNNT2	protein_coding	0	0	0	0.0000	0.0000	0.0000
ENSG00000118197.14	DDX59	protein_coding	425	212	216	8.1839	2.3972	2.3083
ENSG00000118200.14	CAMSAP2	protein_coding	3625	1804	1821	39.5830	11.5945	11.1646
ENSG00000118217.6	ATF6	protein_coding	3113	1498	1615	33.6161	9.8467	9.4816
ENSG00000118231.5	CRYGD	protein_coding	0	0	0	0.0000	0.0000	0.0000
ENSG00000118242.16	MREG	protein_coding	6666	3286	3380	155.6019	45.5782	43.8884
ENSG00000118245.2	TNP1	protein_coding	0	0	0	0.0000	0.0000	0.0000
ENSG00000118246.14	FASTKD2	protein_coding	1785	914	871	15.5326	4.5498	4.3811
ENSG00000118257.17	NRP2	protein_coding	22847	12281	11953	139.6213	40.8973	39.3810
ENSG00000118260.15	CREB1	protein_coding	1530	768	763	10.7096	3.1370	3.0207
ENSG00000118263.15	KLF7	protein_coding	705	373	333	6.4639	1.8934	1.8232
ENSG00000118271.12	TTR	protein_coding	28	18	12	1.0927	0.3201	0.3082
ENSG00000118276.11	B4GALT6	protein_coding	2493	1297	1246	39.8995	11.6872	11.2539
ENSG00000118292.9	C1orf54	protein_coding	174	396	383	11.6348	3.4080	3.2817
ENSG00000118298.12	CA14	protein_coding	16	9	7	0.4122	0.1208	0.1163
ENSG00000118307.20	CFAP94	protein_coding	6	0	6	0.1630	0.0477	0.0460
ENSG00000118308.15	IRAG2	protein_coding	95	57	67	1.2205	0.3575	0.3442
ENSG00000118322.14	ATP10B	protein_coding	3058	1540	1519	22.9608	6.7256	6.4762
ENSG00000118363.12	SPCS2	protein_coding	2071	986	1087	58.9377	17.2638	16.6237
ENSG00000118369.13	USP35	protein_coding	363	184	182	5.3573	1.5692	1.5111
ENSG00000118402.6	ELOVL4	protein_coding	32	20	12	0.9019	0.2642	0.2544
ENSG00000118407.15	FILIP1	protein_coding	51	58	62	0.4831	0.1415	0.1363
ENSG00000118412.13	CASP8AP2	protein_coding	574	289	285	5.9831	1.7525	1.6876
ENSG00000118418.14	HMGN3	protein_coding	816	518	557	68.3383	20.0174	19.2752
ENSG00000118420.17	UBE3D	protein_coding	61	36	25	0.8091	0.2370	0.2282
ENSG00000118432.12	CNR1	protein_coding	16	8	8	0.2137	0.0626	0.0603
ENSG00000118434.9	SPACA1	protein_coding	0	0	0	0.0000	0.0000	0.0000
ENSG00000118454.13	ANKRD13C	protein_coding	1479	728	752	20.3100	5.9491	5.7286
ENSG00000118473.22	SGIP1	protein_coding	98	43	58	0.6248	0.1830	0.1762
ENSG00000118482.12	PHF3	protein_coding	1780	897	891	7.2235	2.1159	2.0374
ENSG00000118491.10	ZC2HC1B	protein_coding	0	0	0	0.0000	0.0000	0.0000
ENSG00000118492.17	ADGB	protein_coding	0	0	0	0.0000	0.0000	0.0000
ENSG00000118495.20	PLAGL1	protein_coding	636	306	330	6.1845	1.8115	1.7444
ENSG00000118496.5	FBXO30	protein_coding	514	274	265	4.8226	1.4126	1.3602
ENSG00000118503.15	TNFAIP3	protein_coding	1262	626	636	21.3273	6.2471	6.0155
ENSG00000118507.17	AKAP7	protein_coding	135	71	64	2.4960	0.7311	0.7040
ENSG00000118508.5	RAB32	protein_coding	1732	882	850	138.1054	40.4532	38.9534
ENSG00000118513.19	MYB	protein_coding	36	19	22	0.5558	0.1628	0.1568
ENSG00000118514.14	ALDH8A1	protein_coding	5	3	2	0.1486	0.0435	0.0419
ENSG00000118515.11	SGK1	protein_coding	26045	12892	13153	221.3524	64.8376	62.4337
ENSG00000118518.16	RNF146	protein_coding	654	314	341	16.2392	4.7567	4.5804
ENSG00000118520.15	ARG1	protein_coding	5	1	4	0.1913	0.0560	0.0540
ENSG00000118523.6	CCN2	protein_coding	2956	1470	1488	107.3673	31.4496	30.2836
ENSG00000118526.7	TCF21	protein_coding	2	5	3	0.0462	0.0135	0.0130
ENSG00000118557.16	PMFBP1	protein_coding	8	240	278	0.1215	0.0356	0.0343
ENSG00000118564.15	FBXL5	protein_coding	5962	3040	2926	107.6996	31.5469	30.3773
ENSG00000118579.13	MED28	protein_coding	1710	941	1015	13.2350	3.8767	3.7330
ENSG00000118596.12	SLC16A7	protein_coding	520	257	263	3.2226	0.9439	0.9089
ENSG00000118600.12	RXYLT1	protein_coding	978	1093	1062	10.6902	3.1313	3.0152
ENSG00000118620.13	ZNF430	protein_coding	253	134	119	3.1452	0.9213	0.8871
ENSG00000118640.11	VAMP8	protein_coding	779	381	398	73.9140	21.6506	20.8479
ENSG00000118655.7	DCLRE1B	protein_coding	350	181	170	7.6841	2.2508	2.1673
ENSG00000118680.14	MYL12B	protein_coding	6305	3182	3123	308.0687	90.2382	86.8926
ENSG00000118689.15	FOXO3	protein_coding	984	484	500	10.8946	3.1912	3.0729
ENSG00000118690.13	ARMC2	protein_coding	52	13	39	1.0380	0.3041	0.2928
ENSG00000118702.9	GHRH	protein_coding	0	0	0	0.0000	0.0000	0.0000
ENSG00000118705.17	RPN2	protein_coding	26490	13626	14171	833.1639	244.0468	234.9988
ENSG00000118707.11	TGIF2	protein_coding	740	347	393	15.8170	4.6331	4.4613
ENSG00000118729.12	CASQ2	protein_coding	64	33	31	2.0219	0.5923	0.5703
ENSG00000118733.17	OLFM3	protein_coding	0	0	0	0.0000	0.0000	0.0000
ENSG00000118762.8	PKD2	protein_coding	4903	2496	2407	75.2784	22.0502	21.2327
ENSG00000118777.12	ABCG2	protein_coding	26	16	10	0.3941	0.1154	0.1112
ENSG00000118785.14	SPP1	protein_coding	1646	946	916	60.2236	17.6404	16.9864
ENSG00000118804.8	STBD1	protein_coding	141	73	68	3.5011	1.0255	0.9875
ENSG00000118816.11	CCNI	protein_coding	8624	4329	4295	180.9175	52.9936	51.0288
ENSG00000118849.10	RARRES1	protein_coding	941	468	514	39.3840	11.5362	11.1085
ENSG00000118855.21	MFSD1	protein_coding	5994	2937	3091	97.3815	28.5246	27.4670
ENSG00000118873.16	RAB3GAP2	protein_coding	3777	1923	1856	31.0108	9.0835	8.7468
ENSG00000118894.15	EEF2KMT	protein_coding	323	791	797	8.7494	2.5628	2.4678
ENSG00000118898.16	PPL	protein_coding	867	447	422	9.5631	2.8012	2.6973
ENSG00000118900.15	UBN1	protein_coding	3003	1547	1541	29.6806	8.6939	8.3716
ENSG00000118903.6	BTF3P11	processed_pseudogene	1	0	1	0.1780	0.0521	0.0502
ENSG00000118922.17	KLF12	protein_coding	728	362	366	5.6598	1.6578	1.5964
ENSG00000118939.18	UCHL3	protein_coding	18	31	34	0.8024	0.2350	0.2263
ENSG00000118946.12	PCDH17	protein_coding	256	125	150	2.5905	0.7588	0.7307
ENSG00000118960.13	HS1BP3	protein_coding	3846	1854	1992	22.3319	6.5414	6.2988
ENSG00000118961.15	LDAH	protein_coding	886	443	443	16.9726	4.9715	4.7872
ENSG00000118965.16	WDR35	protein_coding	1822	922	900	19.8188	5.8052	5.5900
ENSG00000118971.9	CCND2	protein_coding	1055	537	518	11.2157	3.2853	3.1635
ENSG00000118972.3	FGF23	protein_coding	0	0	0	0.0000	0.0000	0.0000
ENSG00000118976.5	OTUD4P1	processed_pseudogene	8	1	7	0.2215	0.0649	0.0625
ENSG00000118985.16	ELL2	protein_coding	1143	566	577	13.6556	3.9999	3.8516
ENSG00000118990.5	GLRXP3	processed_pseudogene	4	2	2	1.0582	0.3100	0.2985
ENSG00000118997.14	DNAH7	protein_coding	0	0	0	0.0000	0.0000	0.0000
ENSG00000119004.16	CYP20A1	protein_coding	1352	624	729	10.8120	3.1670	3.0496
ENSG00000119013.9	NDUFB3	protein_coding	1395	708	699	140.8609	41.2604	39.7306
ENSG00000119041.11	GTF3C3	protein_coding	1738	916	828	20.1353	5.8979	5.6793
ENSG00000119042.17	SATB2	protein_coding	1627	906	855	12.6086	3.6933	3.5563
ENSG00000119048.8	UBE2B	protein_coding	2011	983	1030	54.7883	16.0483	15.4534
ENSG00000119121.22	TRPM6	protein_coding	18	10	8	0.1663	0.0487	0.0469
ENSG00000119125.17	GDA	protein_coding	0	0	0	0.0000	0.0000	0.0000
ENSG00000119138.4	KLF9	protein_coding	1304	673	631	21.3983	6.2679	6.0355
ENSG00000119139.21	TJP2	protein_coding	2	1	1	0.0111	0.0033	0.0031
ENSG00000119147.10	ECRG4	protein_coding	7	2	5	0.3486	0.1021	0.0983
ENSG00000119185.13	ITGB1BP1	protein_coding	2330	2496	2381	29.7139	8.7037	8.3810
ENSG00000119203.14	CPSF3	protein_coding	2690	1353	1339	61.9740	18.1531	17.4801
ENSG00000119227.8	PIGZ	protein_coding	225	109	116	5.9747	1.7501	1.6852
ENSG00000119231.11	SENP5	protein_coding	2168	1077	1091	26.1702	7.6657	7.3815
ENSG00000119242.9	CCDC92	protein_coding	1683	892	794	17.3891	5.0935	4.9047
ENSG00000119280.17	C1orf198	protein_coding	3609	1846	1833	59.3834	17.3943	16.7494
ENSG00000119283.15	TRIM67	protein_coding	86	49	37	0.7831	0.2294	0.2209
ENSG00000119285.11	HEATR1	protein_coding	3699	2643	2674	34.6673	10.1546	9.7781
ENSG00000119314.16	PTBP3	protein_coding	2891	1409	1482	29.8088	8.7315	8.4077
ENSG00000119318.13	RAD23B	protein_coding	5273	2732	2541	97.0703	28.4334	27.3793
ENSG00000119321.9	FKBP15	protein_coding	3367	2050	2094	25.9533	7.6021	7.3203
ENSG00000119326.15	CTNNAL1	protein_coding	697	347	350	18.9467	5.5498	5.3440
ENSG00000119328.12	ABITRAM	protein_coding	442	219	223	14.8653	4.3543	4.1928
ENSG00000119333.11	DYNC2I2	protein_coding	1023	492	539	33.3616	9.7721	9.4098
ENSG00000119335.17	SET	protein_coding	6334	3213	3121	123.3967	36.1448	34.8048
ENSG00000119383.20	PTPA	protein_coding	3859	2007	1853	58.2696	17.0681	16.4353
ENSG00000119392.15	GLE1	protein_coding	1516	924	884	36.6988	10.7497	10.3511
ENSG00000119396.11	RAB14	protein_coding	2988	1554	1434	58.9003	17.2528	16.6132
ENSG00000119397.17	CNTRL	protein_coding	631	303	332	5.6245	1.6475	1.5864
ENSG00000119401.11	TRIM32	protein_coding	744	379	365	16.7278	4.8998	4.7182
ENSG00000119402.17	FBXW2	protein_coding	1779	911	889	13.4085	3.9276	3.7819
ENSG00000119403.15	PHF19	protein_coding	949	486	463	12.2216	3.5799	3.4472
ENSG00000119408.17	NEK6	protein_coding	1780	880	907	34.0984	9.9880	9.6177
ENSG00000119411.11	BSPRY	protein_coding	151	83	68	5.4823	1.6058	1.5463
ENSG00000119414.12	PPP6C	protein_coding	1936	934	1003	37.0034	10.8389	10.4370
ENSG00000119421.7	NDUFA8	protein_coding	1230	587	643	129.9156	38.0543	36.6435
ENSG00000119431.9	HDHD3	protein_coding	678	335	343	27.3520	8.0118	7.7148
ENSG00000119440.8	LCN1P1	unprocessed_pseudogene	0	3	0	0.0000	0.0000	0.0000
ENSG00000119446.14	RBM18	protein_coding	1405	722	757	22.9625	6.7261	6.4767
ENSG00000119457.8	SLC46A2	protein_coding	5	7	2	0.1723	0.0505	0.0486
ENSG00000119471.15	HSDL2	protein_coding	1102	540	562	28.2983	8.2890	7.9817
ENSG00000119487.17	MAPKAP1	protein_coding	1552	983	929	19.5515	5.7269	5.5146
ENSG00000119508.18	NR4A3	protein_coding	135	73	65	1.8157	0.5318	0.5121
ENSG00000119509.13	INVS	protein_coding	525	249	306	6.2520	1.8313	1.7634
ENSG00000119514.7	GALNT12	protein_coding	362	308	308	9.7098	2.8442	2.7387
ENSG00000119522.16	DENND1A	protein_coding	1316	742	734	10.8966	3.1918	3.0734
ENSG00000119523.10	ALG2	protein_coding	1230	590	640	35.1691	10.3016	9.9196
ENSG00000119535.18	CSF3R	protein_coding	240	112	128	2.4180	0.7083	0.6820
ENSG00000119537.18	KDSR	protein_coding	2209	1131	1078	20.7717	6.0844	5.8588
ENSG00000119541.10	VPS4B	protein_coding	1835	937	898	36.1133	10.5782	10.1860
ENSG00000119547.6	ONECUT2	protein_coding	51	30	21	0.2618	0.0767	0.0738
ENSG00000119559.17	C19orf25	protein_coding	858	484	425	15.2622	4.4705	4.3048
ENSG00000119574.13	ZBTB45	protein_coding	622	330	292	17.5717	5.1470	4.9562
ENSG00000119596.18	YLPM1	protein_coding	4693	2393	2317	26.6844	7.8163	7.5265
ENSG00000119599.17	DCAF4	protein_coding	1863	954	921	28.5778	8.3709	8.0605
ENSG00000119608.14	PROX2	protein_coding	3	4	16	0.0528	0.0155	0.0149
ENSG00000119614.3	VSX2	protein_coding	0	0	0	0.0000	0.0000	0.0000
ENSG00000119616.11	FCF1	protein_coding	1648	851	799	29.4815	8.6356	8.3154
ENSG00000119630.14	PGF	protein_coding	465	225	240	6.8036	1.9929	1.9190
ENSG00000119632.4	IFI27L2	protein_coding	3936	1989	1954	208.6435	61.1149	58.8491
ENSG00000119636.16	BBOF1	protein_coding	133	341	346	2.4426	0.7155	0.6889
ENSG00000119638.14	NEK9	protein_coding	6316	3394	3363	40.2459	11.7887	11.3516
ENSG00000119640.9	ACYP1	protein_coding	620	301	326	29.2017	8.5536	8.2365
ENSG00000119650.13	IFT43	protein_coding	845	409	436	17.2122	5.0417	4.8548
ENSG00000119655.11	NPC2	protein_coding	8498	4395	4286	279.2778	81.8049	78.7720
ENSG00000119660.4	DPPA5P4	processed_pseudogene	0	0	0	0.0000	0.0000	0.0000
ENSG00000119661.15	DNAL1	protein_coding	882	473	499	8.4309	2.4695	2.3780
ENSG00000119669.5	IRF2BPL	protein_coding	3032	1636	1671	61.8048	18.1036	17.4324
ENSG00000119673.14	ACOT2	protein_coding	1043	549	494	37.0130	10.8417	10.4397
ENSG00000119681.12	LTBP2	protein_coding	3477	1724	1826	32.5257	9.5273	9.1741
ENSG00000119682.17	AREL1	protein_coding	3013	1507	1507	35.0645	10.2709	9.8901
ENSG00000119684.16	MLH3	protein_coding	2789	1343	1447	28.3373	8.3004	7.9927
ENSG00000119685.20	TTLL5	protein_coding	2416	1240	1179	16.7252	4.8991	4.7174
ENSG00000119686.10	FLVCR2	protein_coding	739	528	482	12.7813	3.7438	3.6050
ENSG00000119688.21	ABCD4	protein_coding	1129	573	557	10.7459	3.1477	3.0310
ENSG00000119689.15	DLST	protein_coding	4954	2486	2469	92.5013	27.0951	26.0905
ENSG00000119698.12	PPP4R4	protein_coding	87	46	41	1.4856	0.4352	0.4190
ENSG00000119699.8	TGFB3	protein_coding	687	384	364	11.1699	3.2718	3.1505
ENSG00000119703.15	ZC2HC1C	protein_coding	646	532	556	6.2782	1.8390	1.7708
ENSG00000119705.10	SLIRP	protein_coding	1020	815	822	32.9224	9.6435	9.2860
ENSG00000119707.14	RBM25	protein_coding	3573	1943	1767	25.7923	7.5550	7.2749
ENSG00000119711.13	ALDH6A1	protein_coding	2730	1665	1617	34.6951	10.1627	9.7860
ENSG00000119714.11	GPR68	protein_coding	640	344	331	15.6445	4.5825	4.4126
ENSG00000119715.15	ESRRB	protein_coding	11	7	4	0.1575	0.0461	0.0444
ENSG00000119718.11	EIF2B2	protein_coding	2033	1466	1414	31.7592	9.3028	8.9579
ENSG00000119720.18	NRDE2	protein_coding	829	928	934	4.0476	1.1856	1.1416
ENSG00000119723.17	COQ6	protein_coding	234	613	658	2.9721	0.8706	0.8383
ENSG00000119725.20	ZNF410	protein_coding	13	16	7	0.1699	0.0498	0.0479
ENSG00000119729.12	RHOQ	protein_coding	22740	15591	15772	300.6057	88.0521	84.7876
ENSG00000119737.6	GPR75	protein_coding	25	9	16	1.0139	0.2970	0.2860
ENSG00000119760.16	SUPT7L	protein_coding	1611	985	918	25.7543	7.5438	7.2642
ENSG00000119771.15	KLHL29	protein_coding	1171	619	552	8.9515	2.6220	2.5248
ENSG00000119772.17	DNMT3A	protein_coding	1131	576	555	7.9639	2.3328	2.2463
ENSG00000119777.20	TMEM214	protein_coding	6001	3014	2987	103.8109	30.4078	29.2805
ENSG00000119778.15	ATAD2B	protein_coding	353	178	175	2.8547	0.8362	0.8052
ENSG00000119782.14	FKBP1B	protein_coding	28	15	13	1.4179	0.4153	0.3999
ENSG00000119787.14	ATL2	protein_coding	2892	1483	1409	42.2702	12.3816	11.9226
ENSG00000119801.13	YPEL5	protein_coding	4703	2339	2364	116.7439	34.1961	32.9283
ENSG00000119812.19	FAM98A	protein_coding	5085	2551	2534	87.7862	25.7140	24.7606
ENSG00000119820.11	YIPF4	protein_coding	2329	1144	1185	16.1598	4.7335	4.5580
ENSG00000119844.15	AFTPH	protein_coding	2769	1342	1428	40.7742	11.9434	11.5006
ENSG00000119862.13	LGALSL	protein_coding	855	401	454	18.4610	5.4075	5.2070
ENSG00000119865.9	CNRIP1	protein_coding	347	203	144	8.3054	2.4328	2.3426
ENSG00000119866.22	BCL11A	protein_coding	39	25	14	0.1351	0.0396	0.0381
ENSG00000119878.6	CRIPT	protein_coding	988	521	543	12.1052	3.5458	3.4144
ENSG00000119888.11	EPCAM	protein_coding	2	0	2	0.0699	0.0205	0.0197
ENSG00000119899.13	SLC17A5	protein_coding	3165	1575	1590	78.1090	22.8794	22.0311
ENSG00000119900.9	OGFRL1	protein_coding	217	148	131	2.0083	0.5882	0.5664
ENSG00000119906.13	SLF2	protein_coding	3368	1668	1700	32.4571	9.5072	9.1547
ENSG00000119912.18	IDE	protein_coding	2914	1440	1476	14.7200	4.3117	4.1519
ENSG00000119913.6	TECTB	protein_coding	0	0	0	0.0000	0.0000	0.0000
ENSG00000119915.5	ELOVL3	protein_coding	41	19	22	2.4870	0.7285	0.7015
ENSG00000119917.14	IFIT3	protein_coding	10535	5395	5144	352.6358	103.2925	99.4630
ENSG00000119919.11	NKX2-3	protein_coding	0	0	0	0.0000	0.0000	0.0000
ENSG00000119922.10	IFIT2	protein_coding	4247	2132	2119	88.5265	25.9308	24.9694
ENSG00000119927.14	GPAM	protein_coding	887	426	461	7.6791	2.2493	2.1659
ENSG00000119929.13	CUTC	protein_coding	372	193	179	17.6286	5.1637	4.9722
ENSG00000119938.9	PPP1R3C	protein_coding	22	8	14	0.7352	0.2154	0.2074
ENSG00000119943.13	PYROXD2	protein_coding	1167	596	571	25.6409	7.5106	7.2322
ENSG00000119946.11	CNNM1	protein_coding	828	411	417	11.4220	3.3457	3.2217
ENSG00000119950.21	MXI1	protein_coding	5616	2921	2719	80.7370	23.6491	22.7723
ENSG00000119953.14	SMNDC1	protein_coding	2002	1020	982	31.4602	9.2152	8.8735
ENSG00000119965.13	C10orf88	protein_coding	656	337	319	18.0694	5.2928	5.0966
ENSG00000119969.15	HELLS	protein_coding	750	362	388	6.2749	1.8380	1.7699
ENSG00000119973.6	PRLHR	protein_coding	0	0	0	0.0000	0.0000	0.0000
ENSG00000119977.21	TCTN3	protein_coding	4551	2306	2245	119.9109	35.1238	33.8216
ENSG00000119979.18	DENND10	protein_coding	935	486	449	12.6213	3.6970	3.5599
ENSG00000119986.7	AVPI1	protein_coding	3092	1514	1585	190.9629	55.9360	53.8622
ENSG00000120008.16	WDR11	protein_coding	2632	1368	1322	20.8752	6.1147	5.8880
ENSG00000120029.13	ARMH3	protein_coding	1461	727	734	26.1362	7.6557	7.3719
ENSG00000120049.20	KCNIP2	protein_coding	59	33	47	1.4749	0.4320	0.4160
ENSG00000120051.15	CFAP58	protein_coding	4	3	1	0.0973	0.0285	0.0274
ENSG00000120053.12	GOT1	protein_coding	3914	1952	1962	137.1199	40.1646	38.6755
ENSG00000120054.12	CPN1	protein_coding	63	35	28	2.8473	0.8340	0.8031
ENSG00000120055.7	C10orf95	protein_coding	0	1	9	0.0000	0.0000	0.0000
ENSG00000120057.5	SFRP5	protein_coding	3	1	2	0.1353	0.0396	0.0382
ENSG00000120063.10	GNA13	protein_coding	4161	2059	2102	54.9454	16.0944	15.4977
ENSG00000120068.7	HOXB8	protein_coding	138	69	69	4.8748	1.4279	1.3750
ENSG00000120071.15	KANSL1	protein_coding	1845	950	897	6.5671	1.9236	1.8523
ENSG00000120075.5	HOXB5	protein_coding	38	24	19	1.5811	0.4631	0.4460
ENSG00000120088.15	CRHR1	protein_coding	0	0	0	0.0000	0.0000	0.0000
ENSG00000120093.11	HOXB3	protein_coding	151	107	112	1.7198	0.5038	0.4851
ENSG00000120094.9	HOXB1	protein_coding	1	1	0	0.0342	0.0100	0.0096
ENSG00000120129.6	DUSP1	protein_coding	1373	672	701	57.9214	16.9661	16.3371
ENSG00000120137.7	PANK3	protein_coding	2921	1448	1473	23.9711	7.0215	6.7612
ENSG00000120149.9	MSX2	protein_coding	206	97	109	7.8658	2.3040	2.2186
ENSG00000120156.22	TEK	protein_coding	346	178	168	6.1163	1.7915	1.7251
ENSG00000120158.12	RCL1	protein_coding	449	235	214	9.2100	2.6977	2.5977
ENSG00000120159.13	CAAP1	protein_coding	482	217	265	12.9531	3.7942	3.6535
ENSG00000120160.11	EQTN	protein_coding	0	0	0	0.0000	0.0000	0.0000
ENSG00000120162.10	MOB3B	protein_coding	100	49	53	1.1927	0.3494	0.3364
ENSG00000120210.8	INSL6	protein_coding	1	0	1	0.0490	0.0143	0.0138
ENSG00000120211.4	INSL4	protein_coding	0	0	0	0.0000	0.0000	0.0000
ENSG00000120215.10	MLANA	protein_coding	30789	15554	15640	872.7021	255.6281	246.1508
ENSG00000120217.14	CD274	protein_coding	623	318	306	12.8786	3.7724	3.6325
ENSG00000120235.4	IFNA6	protein_coding	0	0	0	0.0000	0.0000	0.0000
ENSG00000120242.4	IFNA8	protein_coding	0	0	0	0.0000	0.0000	0.0000
ENSG00000120251.21	GRIA2	protein_coding	7	3	4	0.0665	0.0195	0.0188
ENSG00000120253.14	NUP43	protein_coding	1173	570	604	22.5366	6.6013	6.3566
ENSG00000120254.16	MTHFD1L	protein_coding	1418	714	704	24.6202	7.2116	6.9443
ENSG00000120256.11	LRP11	protein_coding	78	43	41	1.0992	0.3220	0.3100
ENSG00000120262.10	CCDC170	protein_coding	44	23	21	0.6879	0.2015	0.1940
ENSG00000120265.18	PCMT1	protein_coding	2700	1724	1747	80.9623	23.7151	22.8359
ENSG00000120278.16	PLEKHG1	protein_coding	1975	995	989	16.2928	4.7724	4.5955
ENSG00000120279.6	MYCT1	protein_coding	157	76	81	4.4002	1.2889	1.2411
ENSG00000120280.6	CXorf21	protein_coding	70	29	41	3.3172	0.9717	0.9356
ENSG00000120289.12	MAGEB4	protein_coding	0	0	0	0.0000	0.0000	0.0000
ENSG00000120306.11	CYSTM1	protein_coding	3074	1670	1780	140.5737	41.1763	39.6497
ENSG00000120314.18	WDR55	protein_coding	1911	1637	1625	21.1444	6.1935	5.9639
ENSG00000120318.16	ARAP3	protein_coding	3830	1954	1876	52.5013	15.3784	14.8083
ENSG00000120322.4	PCDHB8	protein_coding	42	24	18	1.2970	0.3799	0.3658
ENSG00000120324.9	PCDHB10	protein_coding	141	71	72	3.6339	1.0644	1.0250
ENSG00000120327.6	PCDHB14	protein_coding	292	140	152	5.1360	1.5044	1.4486
ENSG00000120328.6	PCDHB12	protein_coding	73	41	32	1.5998	0.4686	0.4512
ENSG00000120329.7	SLC25A2	protein_coding	0	0	0	0.0000	0.0000	0.0000
ENSG00000120332.16	TNN	protein_coding	18	11	7	0.3032	0.0888	0.0855
ENSG00000120333.4	MRPS14	protein_coding	881	461	464	28.8415	8.4481	8.1349
ENSG00000120334.15	CENPL	protein_coding	421	258	236	7.2754	2.1311	2.0521
ENSG00000120337.8	TNFSF18	protein_coding	5	1	4	0.2115	0.0619	0.0596
ENSG00000120341.18	SEC16B	protein_coding	4	2	3	0.0460	0.0135	0.0130
ENSG00000120370.13	GORAB	protein_coding	542	257	286	11.0668	3.2416	3.1215
ENSG00000120436.4	GPR31	protein_coding	13	7	6	0.4038	0.1183	0.1139
ENSG00000120437.9	ACAT2	protein_coding	804	1009	985	25.8719	7.5783	7.2973
ENSG00000120438.12	TCP1	protein_coding	4333	2682	2728	75.3554	22.0728	21.2544
ENSG00000120440.15	TTLL2	protein_coding	0	0	0	0.0000	0.0000	0.0000
ENSG00000120451.11	SNX19	protein_coding	2020	1043	977	9.9110	2.9031	2.7955
ENSG00000120457.12	KCNJ5	protein_coding	137	57	80	1.8653	0.5464	0.5261
ENSG00000120458.13	MSANTD2	protein_coding	147	52	96	2.7533	0.8065	0.7766
ENSG00000120471.15	TP53AIP1	protein_coding	0	0	0	0.0000	0.0000	0.0000
ENSG00000120498.14	TEX11	protein_coding	6	2	4	0.1521	0.0445	0.0429
ENSG00000120500.18	ARR3	protein_coding	4	1	4	0.1965	0.0575	0.0554
ENSG00000120509.11	PDZD11	protein_coding	2895	1501	1419	180.9012	52.9888	51.0242
ENSG00000120519.15	SLC10A7	protein_coding	503	271	232	6.3878	1.8711	1.8017
ENSG00000120526.12	NUDCD1	protein_coding	1001	469	532	8.0911	2.3700	2.2821
ENSG00000120533.13	ENY2	protein_coding	1594	788	806	19.9533	5.8446	5.6279
ENSG00000120539.15	MASTL	protein_coding	798	493	457	14.5422	4.2596	4.1017
ENSG00000120549.18	KIAA1217	protein_coding	944	441	503	7.4179	2.1728	2.0923
ENSG00000120555.13	SEPTIN7P9	transcribed_unprocessed_pseudogene	2	1	1	0.1411	0.0413	0.0398
ENSG00000120563.10	LYZL1	protein_coding	0	0	0	0.0000	0.0000	0.0000
ENSG00000120594.17	PLXDC2	protein_coding	1495	745	752	10.1023	2.9591	2.8494
ENSG00000120616.16	EPC1	protein_coding	771	539	530	5.8013	1.6993	1.6363
ENSG00000120645.12	IQSEC3	protein_coding	7	9	9	0.0774	0.0227	0.0218
ENSG00000120647.10	CCDC77	protein_coding	541	282	279	12.9414	3.7907	3.6502
ENSG00000120656.12	TAF12	protein_coding	1417	741	679	51.4901	15.0822	14.5231
ENSG00000120658.13	ENOX1	protein_coding	503	238	265	13.7746	4.0348	3.8852
ENSG00000120659.15	TNFSF11	protein_coding	54	27	27	1.6773	0.4913	0.4731
ENSG00000120662.16	MTRF1	protein_coding	163	85	78	3.6038	1.0556	1.0165
ENSG00000120664.11	SPART-AS1	lncRNA	6	4	3	0.1013	0.0297	0.0286
ENSG00000120669.16	SOHLH2	protein_coding	0	0	0	0.0000	0.0000	0.0000
ENSG00000120675.6	DNAJC15	protein_coding	1240	645	595	13.1119	3.8407	3.6983
ENSG00000120685.20	PROSER1	protein_coding	1352	653	699	15.6655	4.5887	4.4185
ENSG00000120686.12	UFM1	protein_coding	3247	1675	1750	62.9248	18.4317	17.7483
ENSG00000120688.9	WBP4	protein_coding	321	152	175	11.4152	3.3437	3.2197
ENSG00000120690.16	ELF1	protein_coding	2801	1416	1391	53.5605	15.6887	15.1071
ENSG00000120693.14	SMAD9	protein_coding	52	29	23	0.7569	0.2217	0.2135
ENSG00000120694.20	HSPH1	protein_coding	5391	2713	2678	54.5592	15.9812	15.3887
ENSG00000120696.9	KBTBD7	protein_coding	310	165	190	5.5586	1.6282	1.5678
ENSG00000120697.9	ALG5	protein_coding	829	441	388	31.5549	9.2429	8.9003
ENSG00000120699.13	EXOSC8	protein_coding	288	197	183	7.2166	2.1139	2.0355
ENSG00000120705.13	ETF1	protein_coding	8189	4190	3999	153.2761	44.8970	43.2324
ENSG00000120708.17	TGFBI	protein_coding	2802	1366	1436	30.8341	9.0318	8.6970
ENSG00000120709.11	FAM53C	protein_coding	1755	1173	1122	21.1368	6.1913	5.9618
ENSG00000120725.13	SIL1	protein_coding	4411	2962	3188	94.1876	27.5890	26.5662
ENSG00000120727.13	PAIP2	protein_coding	1566	1766	1806	42.1106	12.3349	11.8776
ENSG00000120729.10	MYOT	protein_coding	3	40	30	0.0901	0.0264	0.0254
ENSG00000120733.14	KDM3B	protein_coding	3167	1621	1546	34.1645	10.0073	9.6363
ENSG00000120738.8	EGR1	protein_coding	1935	937	998	52.3816	15.3434	14.7745
ENSG00000120742.11	SERP1	protein_coding	6660	3472	3397	98.4799	28.8463	27.7768
ENSG00000120756.13	PLS1	protein_coding	273	164	144	4.3841	1.2842	1.2366
ENSG00000120784.16	ZFP30	protein_coding	47	24	26	0.5180	0.1517	0.1461
ENSG00000120798.17	NR2C1	protein_coding	241	111	130	3.1710	0.9288	0.8944
ENSG00000120800.5	UTP20	protein_coding	1832	947	886	15.5109	4.5434	4.3749
ENSG00000120802.14	TMPO	protein_coding	1752	921	914	17.5077	5.1283	4.9382
ENSG00000120805.14	ARL1	protein_coding	2900	1457	1444	49.9026	14.6173	14.0753
ENSG00000120820.12	GLT8D2	protein_coding	331	155	177	8.5933	2.5171	2.4238
ENSG00000120832.10	MTERF2	protein_coding	154	156	144	3.5987	1.0541	1.0150
ENSG00000120833.14	SOCS2	protein_coding	376	191	191	4.9298	1.4440	1.3905
ENSG00000120837.8	NFYB	protein_coding	518	262	256	8.9791	2.6301	2.5326
ENSG00000120860.11	WASHC3	protein_coding	796	388	408	25.4697	7.4605	7.1839
ENSG00000120868.14	APAF1	protein_coding	437	269	298	4.7829	1.4010	1.3490
ENSG00000120875.9	DUSP4	protein_coding	30279	15379	14902	353.5413	103.5578	99.7184
ENSG00000120885.22	CLU	protein_coding	3179	1572	1607	42.9534	12.5817	12.1153
ENSG00000120889.13	TNFRSF10B	protein_coding	10788	5333	5627	182.8586	53.5622	51.5764
ENSG00000120896.13	SORBS3	protein_coding	8308	4776	4627	115.7158	33.8950	32.6383
ENSG00000120899.18	PTK2B	protein_coding	1869	965	904	20.1929	5.9148	5.6955
ENSG00000120903.13	CHRNA2	protein_coding	0	0	0	0.0000	0.0000	0.0000
ENSG00000120907.18	ADRA1A	protein_coding	1	1	0	0.0126	0.0037	0.0035
ENSG00000120910.15	PPP3CC	protein_coding	1364	765	814	39.9557	11.7036	11.2697
ENSG00000120913.23	PDLIM2	protein_coding	1189	612	578	8.1507	2.3875	2.2989
ENSG00000120915.14	EPHX2	protein_coding	1750	881	869	35.5103	10.4015	10.0159
ENSG00000120925.16	RNF170	protein_coding	2066	1062	1004	28.9753	8.4873	8.1727
ENSG00000120937.9	NPPB	protein_coding	0	0	0	0.0000	0.0000	0.0000
ENSG00000120942.14	UBIAD1	protein_coding	1431	680	751	23.8745	6.9932	6.7339
ENSG00000120948.18	TARDBP	protein_coding	2269	1138	1131	36.2393	10.6151	10.2215
ENSG00000120949.15	TNFRSF8	protein_coding	136	80	56	3.0297	0.8874	0.8545
ENSG00000120952.4	PRAMEF2	protein_coding	0	0	0	0.0000	0.0000	0.0000
ENSG00000120963.12	ZNF706	protein_coding	4307	2067	2240	49.4728	14.4914	13.9541
ENSG00000120992.18	LYPLA1	protein_coding	2087	1017	1070	37.7565	11.0595	10.6494
ENSG00000121005.9	CRISPLD1	protein_coding	1905	1087	1047	35.5312	10.4076	10.0218
ENSG00000121022.14	COPS5	protein_coding	1636	857	804	17.8596	5.2314	5.0374
ENSG00000121039.10	RDH10	protein_coding	2005	976	1030	31.9388	9.3554	9.0085
ENSG00000121053.6	EPX	protein_coding	7	5	2	0.2186	0.0640	0.0617
ENSG00000121057.13	AKAP1	protein_coding	2344	1101	1244	37.2759	10.9187	10.5139
ENSG00000121058.5	COIL	protein_coding	985	461	524	27.7527	8.1292	7.8278
ENSG00000121060.18	TRIM25	protein_coding	3474	1980	2010	31.0508	9.0953	8.7581
ENSG00000121064.13	SCPEP1	protein_coding	4168	2076	2093	92.4389	27.0768	26.0729
ENSG00000121067.19	SPOP	protein_coding	2455	1262	1193	32.0442	9.3863	9.0383
ENSG00000121068.14	TBX2	protein_coding	1917	966	951	26.7663	7.8403	7.5496
ENSG00000121073.15	SLC35B1	protein_coding	4900	2404	2499	70.5511	20.6655	19.8993
ENSG00000121075.11	TBX4	protein_coding	4	1	3	0.0850	0.0249	0.0240
ENSG00000121089.4	NACA3P	processed_pseudogene	67	36	32	8.7804	2.5719	2.4766
ENSG00000121101.16	TEX14	protein_coding	6	8	6	0.0957	0.0280	0.0270
ENSG00000121104.8	FAM117A	protein_coding	1414	876	860	31.5993	9.2559	8.9128
ENSG00000121152.10	NCAPH	protein_coding	794	440	354	10.3020	3.0176	2.9058
ENSG00000121207.12	LRAT	protein_coding	404	208	196	4.5531	1.3337	1.2842
ENSG00000121210.16	TMEM131L	protein_coding	1091	617	607	14.4921	4.2450	4.0876
ENSG00000121211.8	MND1	protein_coding	1	1	0	0.0562	0.0165	0.0159
ENSG00000121236.21	TRIM6	protein_coding	347	170	177	7.4338	2.1775	2.0967
ENSG00000121270.16	ABCC11	protein_coding	43	140	166	0.4312	0.1263	0.1216
ENSG00000121274.14	TENT4B	protein_coding	937	483	454	9.2610	2.7127	2.6121
ENSG00000121281.13	ADCY7	protein_coding	769	1089	1038	7.5979	2.2255	2.1430
ENSG00000121289.18	CEP89	protein_coding	1211	622	589	11.1382	3.2625	3.1416
ENSG00000121297.8	TSHZ3	protein_coding	340	167	173	3.4871	1.0214	0.9835
ENSG00000121310.17	ECHDC2	protein_coding	639	293	346	4.6893	1.3736	1.3226
ENSG00000121314.3	TAS2R8	protein_coding	0	0	0	0.0000	0.0000	0.0000
ENSG00000121316.11	PLBD1	protein_coding	284	156	184	10.1547	2.9745	2.8642
ENSG00000121318.2	TAS2R10	protein_coding	0	0	0	0.0000	0.0000	0.0000
ENSG00000121335.12	PRB2	protein_coding	0	0	2	0.0000	0.0000	0.0000
ENSG00000121350.16	PYROXD1	protein_coding	543	1384	1375	8.0573	2.3601	2.2726
ENSG00000121351.8	IAPP	protein_coding	1	0	1	0.0395	0.0116	0.0111
ENSG00000121361.5	KCNJ8	protein_coding	105	68	63	3.5510	1.0402	1.0016
ENSG00000121377.2	TAS2R7	protein_coding	0	0	0	0.0000	0.0000	0.0000
ENSG00000121380.12	BCL2L14	protein_coding	37	21	16	0.6146	0.1800	0.1734
ENSG00000121381.4	TAS2R9	protein_coding	0	0	0	0.0000	0.0000	0.0000
ENSG00000121388.6	AL139327.1	transcribed_unprocessed_pseudogene	0	0	0	0.0000	0.0000	0.0000
ENSG00000121390.19	PSPC1	protein_coding	870	422	463	15.3375	4.4926	4.3260
ENSG00000121406.9	ZNF549	protein_coding	68	37	48	0.6223	0.1823	0.1755
ENSG00000121410.12	A1BG	protein_coding	16	25	26	0.3398	0.0995	0.0958
ENSG00000121413.13	ZSCAN18	protein_coding	66	65	82	0.6856	0.2008	0.1934
ENSG00000121417.14	ZNF211	protein_coding	130	50	80	2.4199	0.7088	0.6826
ENSG00000121440.15	PDZRN3	protein_coding	557	267	291	7.7050	2.2569	2.1732
ENSG00000121446.20	RGSL1	protein_coding	1	0	1	0.0094	0.0027	0.0026
ENSG00000121454.6	LHX4	protein_coding	15	25	19	0.2093	0.0613	0.0590
ENSG00000121481.11	RNF2	protein_coding	998	500	500	21.6975	6.3556	6.1199
ENSG00000121486.12	TRMT1L	protein_coding	1619	833	786	27.9785	8.1953	7.8915
ENSG00000121542.12	SEC22A	protein_coding	549	280	269	9.9110	2.9031	2.7955
ENSG00000121552.4	CSTA	protein_coding	99	45	54	6.1546	1.8028	1.7359
ENSG00000121570.12	DPPA4	protein_coding	0	0	0	0.0000	0.0000	0.0000
ENSG00000121577.14	POPDC2	protein_coding	128	63	65	4.9229	1.4420	1.3885
ENSG00000121578.13	B4GALT4	protein_coding	1331	738	744	16.1747	4.7378	4.5622
ENSG00000121579.13	NAA50	protein_coding	4346	2144	2202	57.3259	16.7917	16.1691
ENSG00000121594.12	CD80	protein_coding	56	32	46	1.4801	0.4335	0.4175
ENSG00000121621.7	KIF18A	protein_coding	161	77	84	3.0268	0.8866	0.8537
ENSG00000121634.6	GJA8	protein_coding	0	0	0	0.0000	0.0000	0.0000
ENSG00000121644.19	DESI2	protein_coding	2531	1227	1304	43.5441	12.7547	12.2819
ENSG00000121653.11	MAPK8IP1	protein_coding	194	103	128	4.7097	1.3795	1.3284
ENSG00000121671.12	CRY2	protein_coding	1108	559	549	15.1761	4.4453	4.2805
ENSG00000121680.16	PEX16	protein_coding	1317	621	698	37.0455	10.8512	10.4489
ENSG00000121690.11	DEPDC7	protein_coding	207	107	100	5.3043	1.5537	1.4961
ENSG00000121691.7	CAT	protein_coding	2228	1166	1062	52.8647	15.4849	14.9108
ENSG00000121716.20	PILRB	protein_coding	143	56	88	2.1068	0.6171	0.5942
ENSG00000121741.16	ZMYM2	protein_coding	1539	785	755	9.5970	2.8111	2.7069
ENSG00000121742.19	GJB6	protein_coding	0	0	0	0.0000	0.0000	0.0000
ENSG00000121743.4	GJA3	protein_coding	733	389	344	11.9384	3.4969	3.3673
ENSG00000121749.15	TBC1D15	protein_coding	2194	1080	1114	22.6468	6.6336	6.3877
ENSG00000121753.12	ADGRB2	protein_coding	680	357	323	7.4453	2.1809	2.1000
ENSG00000121764.11	HCRTR1	protein_coding	0	123	100	0.0000	0.0000	0.0000
ENSG00000121766.16	ZCCHC17	protein_coding	3087	2051	2174	136.4651	39.9728	38.4908
ENSG00000121769.8	FABP3	protein_coding	232	128	104	14.0927	4.1280	3.9749
ENSG00000121774.18	KHDRBS1	protein_coding	5565	2778	2787	133.3471	39.0595	37.6113
ENSG00000121775.18	TMEM39B	protein_coding	863	410	455	26.2958	7.7024	7.4169
ENSG00000121797.10	CCRL2	protein_coding	91	43	48	2.5837	0.7568	0.7287
ENSG00000121807.6	CCR2	protein_coding	207	103	104	4.4023	1.2895	1.2417
ENSG00000121851.13	POLR3GL	protein_coding	1095	526	570	51.3462	15.0401	14.4825
ENSG00000121853.4	GHSR	protein_coding	0	0	0	0.0000	0.0000	0.0000
ENSG00000121858.11	TNFSF10	protein_coding	1182	581	601	29.1706	8.5445	8.2277
ENSG00000121864.10	ZNF639	protein_coding	877	447	430	10.9217	3.1991	3.0805
ENSG00000121871.4	SLITRK3	protein_coding	2	0	2	0.0322	0.0094	0.0091
ENSG00000121879.6	PIK3CA	protein_coding	1480	901	948	7.3118	2.1417	2.0623
ENSG00000121892.15	PDS5A	protein_coding	4788	2371	2417	33.3169	9.7590	9.3972
ENSG00000121895.8	TMEM156	protein_coding	54	29	25	1.7899	0.5243	0.5048
ENSG00000121897.15	LIAS	protein_coding	489	252	238	3.6690	1.0747	1.0349
ENSG00000121898.13	CPXM2	protein_coding	602	311	291	10.5276	3.0837	2.9694
ENSG00000121900.19	TMEM54	protein_coding	743	571	528	44.5278	13.0429	12.5593
ENSG00000121903.14	ZSCAN20	protein_coding	233	125	108	3.7277	1.0919	1.0514
ENSG00000121904.17	CSMD2	protein_coding	72	38	34	0.3367	0.0986	0.0950
ENSG00000121905.10	HPCA	protein_coding	5	183	180	0.2162	0.0633	0.0610
ENSG00000121931.16	LRIF1	protein_coding	634	385	434	15.3739	4.5033	4.3363
ENSG00000121933.19	TMIGD3	protein_coding	35	14	21	1.2241	0.3586	0.3453
ENSG00000121940.16	CLCC1	protein_coding	883	980	983	6.8586	2.0090	1.9345
ENSG00000121957.15	GPSM2	protein_coding	378	755	704	1.6396	0.4803	0.4625
ENSG00000121964.14	GTDC1	protein_coding	734	381	357	4.4013	1.2892	1.2414
ENSG00000121966.7	CXCR4	protein_coding	956	471	485	36.7681	10.7700	10.3707
ENSG00000121988.18	ZRANB3	protein_coding	368	366	342	3.4353	1.0062	0.9689
ENSG00000121989.15	ACVR2A	protein_coding	392	241	251	5.1627	1.5122	1.4562
ENSG00000122008.15	POLK	protein_coding	1657	1016	1122	15.4545	4.5269	4.3590
ENSG00000122012.14	SV2C	protein_coding	0	0	1	0.0000	0.0000	0.0000
ENSG00000122025.15	FLT3	protein_coding	28	9	19	0.5717	0.1675	0.1613
ENSG00000122026.10	RPL21	protein_coding	1970	1054	916	74.3856	21.7887	20.9809
ENSG00000122033.14	MTIF3	protein_coding	649	526	486	34.3814	10.0708	9.6975
ENSG00000122034.17	GTF3A	protein_coding	2919	1677	1605	84.7173	24.8150	23.8950
ENSG00000122035.7	RASL11A	protein_coding	41	18	23	1.3274	0.3888	0.3744
ENSG00000122042.10	UBL3	protein_coding	5680	2892	2788	111.7323	32.7281	31.5147
ENSG00000122043.11	LINC00544	lncRNA	0	0	0	0.0000	0.0000	0.0000
ENSG00000122068.13	FYTTD1	protein_coding	2577	1248	1341	27.7118	8.1172	7.8163
ENSG00000122085.17	MTERF4	protein_coding	452	519	488	3.8624	1.1313	1.0894
ENSG00000122121.11	XPNPEP2	protein_coding	56	29	27	1.3595	0.3982	0.3835
ENSG00000122122.10	SASH3	protein_coding	629	342	287	19.4874	5.7082	5.4965
ENSG00000122126.17	OCRL	protein_coding	2297	1181	1116	32.0826	9.3975	9.0491
ENSG00000122133.17	PAEP	protein_coding	17	8	9	0.9929	0.2908	0.2800
ENSG00000122136.14	OBP2A	protein_coding	2	1	1	0.1641	0.0481	0.0463
ENSG00000122140.11	MRPS2	protein_coding	496	511	490	17.0944	5.0072	4.8216
ENSG00000122145.15	TBX22	protein_coding	1	0	1	0.0319	0.0093	0.0090
ENSG00000122176.12	FMOD	protein_coding	806	386	420	22.5596	6.6081	6.3631
ENSG00000122180.5	MYOG	protein_coding	0	0	0	0.0000	0.0000	0.0000
ENSG00000122188.13	LAX1	protein_coding	133	79	54	3.3856	0.9917	0.9549
ENSG00000122194.19	PLG	protein_coding	0	0	0	0.0000	0.0000	0.0000
ENSG00000122203.15	KIAA1191	protein_coding	2654	1511	1469	59.1390	17.3228	16.6805
ENSG00000122218.16	COPA	protein_coding	22758	11343	11422	251.3813	73.6335	70.9036
ENSG00000122223.13	CD244	protein_coding	34	19	15	0.9994	0.2927	0.2819
ENSG00000122224.18	LY9	protein_coding	154	76	79	1.4343	0.4201	0.4045
ENSG00000122254.7	HS3ST2	protein_coding	44	21	24	1.4261	0.4177	0.4023
ENSG00000122257.20	RBBP6	protein_coding	2419	1264	1155	19.6107	5.7443	5.5313
ENSG00000122299.12	ZC3H7A	protein_coding	3015	1441	1576	36.2297	10.6122	10.2188
ENSG00000122304.11	PRM2	protein_coding	0	0	0	0.0000	0.0000	0.0000
ENSG00000122335.17	SERAC1	protein_coding	509	263	246	3.9284	1.1507	1.1080
ENSG00000122359.18	ANXA11	protein_coding	17661	8791	8871	176.1753	51.6045	49.6913
ENSG00000122367.20	LDB3	protein_coding	5223	2612	2611	66.9797	19.6194	18.8920
ENSG00000122375.12	OPN4	protein_coding	2	1	1	0.0687	0.0201	0.0194
ENSG00000122376.12	SHLD2	protein_coding	920	629	659	18.4305	5.3986	5.1984
ENSG00000122378.14	PRXL2A	protein_coding	6482	3237	3245	84.4255	24.7296	23.8127
ENSG00000122386.11	ZNF205	protein_coding	388	321	306	14.1413	4.1422	3.9886
ENSG00000122390.19	NAA60	protein_coding	1806	962	987	20.8690	6.1129	5.8862
ENSG00000122406.14	RPL5	protein_coding	10935	5462	5486	251.8593	73.7735	71.0384
ENSG00000122417.15	ODF2L	protein_coding	568	271	297	4.4260	1.2965	1.2484
ENSG00000122420.10	PTGFR	protein_coding	92	45	47	1.3554	0.3970	0.3823
ENSG00000122432.18	SPATA1	protein_coding	8	513	519	0.1587	0.0465	0.0448
ENSG00000122435.10	TRMT13	protein_coding	261	178	182	5.3615	1.5705	1.5122
ENSG00000122477.13	LRRC39	protein_coding	19	55	63	0.8100	0.2373	0.2285
ENSG00000122481.17	RWDD3	protein_coding	21	7	14	0.9254	0.2711	0.2610
ENSG00000122482.21	ZNF644	protein_coding	1110	604	506	12.3963	3.6311	3.4965
ENSG00000122483.17	CCDC18	protein_coding	162	391	329	2.4422	0.7154	0.6888
ENSG00000122484.9	RPAP2	protein_coding	587	294	293	2.9240	0.8565	0.8247
ENSG00000122490.19	SLC66A2	protein_coding	831	417	414	13.5241	3.9614	3.8146
ENSG00000122507.21	BBS9	protein_coding	1459	749	710	13.7957	4.0410	3.8912
ENSG00000122512.16	PMS2	protein_coding	898	437	468	12.2386	3.5849	3.4520
ENSG00000122515.15	ZMIZ2	protein_coding	3613	1779	1834	41.7212	12.2208	11.7677
ENSG00000122543.11	OCM	protein_coding	0	0	0	0.0000	0.0000	0.0000
ENSG00000122545.20	SEPTIN7	protein_coding	8924	4454	4470	44.2193	12.9525	12.4723
ENSG00000122547.11	EEPD1	protein_coding	970	515	455	17.3892	5.0936	4.9047
ENSG00000122548.5	KIAA0087	lncRNA	1	1	0	0.0198	0.0058	0.0056
ENSG00000122550.18	KLHL7	protein_coding	1651	788	863	19.8420	5.8120	5.5966
ENSG00000122557.11	HERPUD2	protein_coding	1137	626	641	26.9630	7.8979	7.6051
ENSG00000122565.19	CBX3	protein_coding	8817	4443	4459	154.6991	45.3138	43.6338
ENSG00000122566.22	HNRNPA2B1	protein_coding	24451	12507	13126	164.6230	48.2207	46.4329
ENSG00000122574.11	WIPF3	protein_coding	1226	627	599	17.1661	5.0282	4.8418
ENSG00000122584.13	NXPH1	protein_coding	0	0	0	0.0000	0.0000	0.0000
ENSG00000122585.8	NPY	protein_coding	0	0	0	0.0000	0.0000	0.0000
ENSG00000122591.12	FAM126A	protein_coding	3857	1958	1899	22.5904	6.6171	6.3718
ENSG00000122592.8	HOXA7	protein_coding	1	15	19	0.0352	0.0103	0.0099
ENSG00000122641.11	INHBA	protein_coding	509	228	284	5.2178	1.5284	1.4717
ENSG00000122642.11	FKBP9	protein_coding	7536	3713	3823	123.8074	36.2651	34.9206
ENSG00000122643.22	NT5C3A	protein_coding	1569	770	799	38.1340	11.1700	10.7559
ENSG00000122644.13	ARL4A	protein_coding	1185	594	591	28.0699	8.2221	7.9173
ENSG00000122674.12	CCZ1	protein_coding	192	171	171	2.5353	0.7426	0.7151
ENSG00000122678.17	POLM	protein_coding	618	286	332	11.2572	3.2974	3.1751
ENSG00000122679.8	RAMP3	protein_coding	547	284	264	32.5518	9.5349	9.1814
ENSG00000122687.19	MRM2	protein_coding	2	0	2	0.0588	0.0172	0.0166
ENSG00000122691.13	TWIST1	protein_coding	96	43	53	4.0823	1.1958	1.1514
ENSG00000122692.9	SMU1	protein_coding	1631	804	827	19.4094	5.6853	5.4745
ENSG00000122694.16	GLIPR2	protein_coding	1033	524	509	28.7145	8.4109	8.0991
ENSG00000122696.14	SLC25A51	protein_coding	206	89	123	5.1497	1.5084	1.4525
ENSG00000122705.17	CLTA	protein_coding	2863	1487	1376	96.6709	28.3164	27.2666
ENSG00000122707.12	RECK	protein_coding	1019	522	497	15.5385	4.5515	4.3827
ENSG00000122711.9	SPINK4	protein_coding	0	0	0	0.0000	0.0000	0.0000
ENSG00000122728.6	TAF1L	protein_coding	3	3	1	0.0410	0.0120	0.0116
ENSG00000122729.19	ACO1	protein_coding	1358	669	689	15.2643	4.4712	4.3054
ENSG00000122733.12	PHF24	protein_coding	14	10	5	0.2045	0.0599	0.0577
ENSG00000122735.16	DNAI1	protein_coding	0	0	1	0.0000	0.0000	0.0000
ENSG00000122741.16	DCAF10	protein_coding	1007	514	518	10.3142	3.0212	2.9092
ENSG00000122756.15	CNTFR	protein_coding	1	1	0	0.0405	0.0119	0.0114
ENSG00000122778.10	KIAA1549	protein_coding	16	7	10	0.1087	0.0318	0.0307
ENSG00000122779.18	TRIM24	protein_coding	2814	1413	1401	25.6925	7.5257	7.2467
ENSG00000122783.17	CYREN	protein_coding	781	969	1071	12.4644	3.6510	3.5156
ENSG00000122786.20	CALD1	protein_coding	16022	8007	8016	138.2157	40.4855	38.9846
ENSG00000122787.15	AKR1D1	protein_coding	0	0	0	0.0000	0.0000	0.0000
ENSG00000122824.11	NUDT10	protein_coding	9	4	5	0.3707	0.1086	0.1045
ENSG00000122852.15	SFTPA1	protein_coding	0	0	0	0.0000	0.0000	0.0000
ENSG00000122859.5	NEUROG3	protein_coding	0	0	0	0.0000	0.0000	0.0000
ENSG00000122861.16	PLAU	protein_coding	1464	976	1025	42.1579	12.3487	11.8909
ENSG00000122862.5	SRGN	protein_coding	3285	1637	1648	229.2224	67.1428	64.6535
ENSG00000122863.6	CHST3	protein_coding	7775	3848	3932	95.2201	27.8915	26.8574
ENSG00000122870.12	BICC1	protein_coding	359	180	179	4.4603	1.3065	1.2581
ENSG00000122872.8	ARL4AP1	processed_pseudogene	0	0	0	0.0000	0.0000	0.0000
ENSG00000122873.12	CISD1	protein_coding	771	390	381	23.7827	6.9663	6.7080
ENSG00000122877.16	EGR2	protein_coding	1083	535	548	24.9306	7.3026	7.0318
ENSG00000122882.11	ECD	protein_coding	2956	1452	1508	68.3061	20.0079	19.2661
ENSG00000122884.12	P4HA1	protein_coding	7843	4196	4085	215.3350	63.0750	60.7365
ENSG00000122912.15	SLC25A16	protein_coding	978	501	477	10.5597	3.0931	2.9784
ENSG00000122952.17	ZWINT	protein_coding	1394	733	661	49.8019	14.5878	14.0469
ENSG00000122958.15	VPS26A	protein_coding	3876	1938	1938	64.3377	18.8455	18.1468
ENSG00000122965.11	RBM19	protein_coding	1227	707	644	17.7629	5.2030	5.0101
ENSG00000122966.17	CIT	protein_coding	2055	1071	1056	6.1007	1.7870	1.7207
ENSG00000122970.16	IFT81	protein_coding	911	458	453	11.0502	3.2368	3.1168
ENSG00000122971.9	ACADS	protein_coding	988	467	521	32.1585	9.4197	9.0705
ENSG00000122986.14	HVCN1	protein_coding	113	117	97	2.6319	0.7709	0.7424
ENSG00000123009.4	NME2P1	processed_pseudogene	21	8	14	4.3076	1.2618	1.2150
ENSG00000123064.13	DDX54	protein_coding	2281	1457	1524	38.2435	11.2021	10.7868
ENSG00000123066.9	MED13L	protein_coding	1919	1038	1046	4.9590	1.4526	1.3987
ENSG00000123080.12	CDKN2C	protein_coding	694	326	368	19.5278	5.7200	5.5079
ENSG00000123091.5	RNF11	protein_coding	5117	2622	2501	139.6330	40.9007	39.3843
ENSG00000123094.15	RASSF8	protein_coding	3899	1918	1982	43.4578	12.7295	12.2575
ENSG00000123095.6	BHLHE41	protein_coding	7296	3931	3867	160.7627	47.0899	45.3441
ENSG00000123096.12	SSPN	protein_coding	202	378	373	2.5301	0.7411	0.7136
ENSG00000123104.12	ITPR2	protein_coding	3978	1994	1985	24.2874	7.1142	6.8504
ENSG00000123106.10	CCDC91	protein_coding	1239	671	648	13.9637	4.0902	3.9385
ENSG00000123119.12	NECAB1	protein_coding	243	243	247	3.3273	0.9746	0.9385
ENSG00000123124.14	WWP1	protein_coding	3935	2097	1994	51.1969	14.9964	14.4404
ENSG00000123130.17	ACOT9	protein_coding	2007	1042	965	27.2959	7.9954	7.6990
ENSG00000123131.13	PRDX4	protein_coding	5548	2709	2839	253.9831	74.3956	71.6374
ENSG00000123136.15	DDX39A	protein_coding	6780	3377	3406	149.1222	43.6802	42.0608
ENSG00000123143.13	PKN1	protein_coding	15910	8013	7897	292.2527	85.6054	82.4316
ENSG00000123144.11	TRIR	protein_coding	3105	1364	1742	201.1274	58.9134	56.7292
ENSG00000123146.20	ADGRE5	protein_coding	12029	7444	7116	189.8008	55.5956	53.5344
ENSG00000123154.12	WDR83	protein_coding	84	1170	1158	3.0252	0.8861	0.8533
ENSG00000123159.16	GIPC1	protein_coding	9844	4986	4859	188.2786	55.1497	53.1051
ENSG00000123165.8	ACTRT1	protein_coding	0	0	0	0.0000	0.0000	0.0000
ENSG00000123171.7	CCDC70	protein_coding	1	1	0	0.0738	0.0216	0.0208
ENSG00000123178.15	SPRYD7	protein_coding	615	303	312	15.6178	4.5747	4.4051
ENSG00000123179.14	EBPL	protein_coding	251	125	126	13.6635	4.0022	3.8539
ENSG00000123191.16	ATP7B	protein_coding	470	241	229	2.1221	0.6216	0.5986
ENSG00000123200.17	ZC3H13	protein_coding	7700	3942	3862	63.7007	18.6589	17.9671
ENSG00000123201.14	GUCY1B2	transcribed_unitary_pseudogene	1	1	0	0.0209	0.0061	0.0059
ENSG00000123213.23	NLN	protein_coding	2384	1239	1146	18.5072	5.4211	5.2201
ENSG00000123219.13	CENPK	protein_coding	335	158	177	6.6021	1.9339	1.8622
ENSG00000123240.17	OPTN	protein_coding	8157	4139	4018	134.8182	39.4904	38.0263
ENSG00000123243.15	ITIH5	protein_coding	298	147	151	1.7300	0.5067	0.4880
ENSG00000123268.9	ATF1	protein_coding	678	329	349	20.3449	5.9593	5.7384
ENSG00000123297.20	TSFM	protein_coding	16	17	14	0.4233	0.1240	0.1194
ENSG00000123307.4	NEUROD4	protein_coding	0	0	2	0.0000	0.0000	0.0000
ENSG00000123329.20	ARHGAP9	protein_coding	346	200	228	5.7410	1.6816	1.6193
ENSG00000123338.13	NCKAP1L	protein_coding	1214	620	619	9.7626	2.8596	2.7536
ENSG00000123342.16	MMP19	protein_coding	360	257	267	6.5435	1.9167	1.8456
ENSG00000123349.15	PFDN5	protein_coding	36	22	30	0.7497	0.2196	0.2114
ENSG00000123352.18	SPATS2	protein_coding	3697	1923	1775	45.8925	13.4426	12.9443
ENSG00000123353.10	ORMDL2	protein_coding	730	1696	1656	23.0625	6.7554	6.5049
ENSG00000123358.20	NR4A1	protein_coding	2021	1504	1500	23.5263	6.8912	6.6357
ENSG00000123360.12	PDE1B	protein_coding	101	52	64	1.1642	0.3410	0.3284
ENSG00000123364.5	HOXC13	protein_coding	410	223	253	14.7719	4.3269	4.1665
ENSG00000123374.11	CDK2	protein_coding	2594	2024	1976	56.6719	16.6001	15.9846
ENSG00000123384.14	LRP1	protein_coding	32621	16516	16361	132.8055	38.9008	37.4586
ENSG00000123388.4	HOXC11	protein_coding	77	39	39	2.0027	0.5866	0.5649
ENSG00000123395.14	ATG101	protein_coding	1162	1526	1422	30.8464	9.0354	8.7004
ENSG00000123405.14	NFE2	protein_coding	189	91	98	6.7922	1.9895	1.9158
ENSG00000123407.4	HOXC12	protein_coding	11	7	4	0.2860	0.0838	0.0807
ENSG00000123411.15	IKZF4	protein_coding	306	168	138	3.8141	1.1172	1.0758
ENSG00000123415.15	SMUG1	protein_coding	650	336	316	9.1585	2.6827	2.5832
ENSG00000123416.15	TUBA1B	protein_coding	10083	27920	27437	239.5783	70.1762	67.5745
ENSG00000123427.17	EEF1AKMT3	protein_coding	532	293	250	14.3058	4.1904	4.0350
ENSG00000123444.14	KBTBD4	protein_coding	293	781	772	7.6254	2.2336	2.1508
ENSG00000123447.6	TYRL	unprocessed_pseudogene	28	20	8	5.3918	1.5793	1.5208
ENSG00000123453.18	SARDH	protein_coding	825	427	398	13.6888	4.0097	3.8610
ENSG00000123454.12	DBH	protein_coding	18	15	13	0.5567	0.1631	0.1570
ENSG00000123472.12	ATPAF1	protein_coding	3301	1656	1646	49.3786	14.4638	13.9275
ENSG00000123473.16	STIL	protein_coding	630	323	307	7.3378	2.1494	2.0697
ENSG00000123485.12	HJURP	protein_coding	775	386	389	17.2241	5.0452	4.8582
ENSG00000123496.8	IL13RA2	protein_coding	6825	3377	3448	356.4465	104.4088	100.5378
ENSG00000123500.10	COL10A1	protein_coding	558	260	298	12.3722	3.6240	3.4897
ENSG00000123505.19	AMD1	protein_coding	4178	2077	2101	34.8080	10.1958	9.8178
ENSG00000123545.6	NDUFAF4	protein_coding	429	208	221	14.2978	4.1881	4.0328
ENSG00000123552.18	USP45	protein_coding	283	141	158	2.9651	0.8685	0.8363
ENSG00000123560.14	PLP1	protein_coding	13073	8404	8423	182.3530	53.4140	51.4337
ENSG00000123561.15	SERPINA7	protein_coding	0	0	0	0.0000	0.0000	0.0000
ENSG00000123562.18	MORF4L2	protein_coding	9308	4548	4928	298.5044	87.4366	84.1949
ENSG00000123569.8	H2BW1	protein_coding	0	0	0	0.0000	0.0000	0.0000
ENSG00000123570.4	RAB9B	protein_coding	236	113	123	5.3132	1.5563	1.4986
ENSG00000123572.17	NRK	protein_coding	16	11	5	0.1419	0.0416	0.0400
ENSG00000123575.9	FAM199X	protein_coding	3239	1642	1597	36.0778	10.5678	10.1760
ENSG00000123576.5	ESX1	protein_coding	0	0	0	0.0000	0.0000	0.0000
ENSG00000123584.7	MAGEA9	protein_coding	0	0	0	0.0000	0.0000	0.0000
ENSG00000123594.5	ATXN3L	protein_coding	0	0	0	0.0000	0.0000	0.0000
ENSG00000123595.8	RAB9A	protein_coding	954	487	467	38.3408	11.2306	10.8142
ENSG00000123600.20	METTL8	protein_coding	1281	666	629	10.7984	3.1630	3.0458
ENSG00000123607.15	TTC21B	protein_coding	794	416	417	7.7716	2.2764	2.1920
ENSG00000123609.11	NMI	protein_coding	759	377	382	19.4609	5.7004	5.4891
ENSG00000123610.5	TNFAIP6	protein_coding	411	226	185	22.1321	6.4828	6.2425
ENSG00000123612.16	ACVR1C	protein_coding	1356	683	673	12.7184	3.7254	3.5873
ENSG00000123636.18	BAZ2B	protein_coding	1388	791	799	5.8216	1.7052	1.6420
ENSG00000123643.13	SLC36A1	protein_coding	1838	906	932	22.3904	6.5585	6.3154
ENSG00000123684.13	LPGAT1	protein_coding	3656	1772	1884	35.3207	10.3460	9.9624
ENSG00000123685.9	BATF3	protein_coding	316	159	157	10.4456	3.0597	2.9463
ENSG00000123689.6	G0S2	protein_coding	53	28	25	5.1379	1.5050	1.4492
ENSG00000123700.5	KCNJ2	protein_coding	174	99	85	2.6500	0.7762	0.7474
ENSG00000123728.10	RAP2C	protein_coding	1071	582	630	22.0859	6.4693	6.2295
ENSG00000123737.13	EXOSC9	protein_coding	1071	644	682	19.3099	5.6562	5.4465
ENSG00000123739.11	PLA2G12A	protein_coding	910	471	440	14.8013	4.3355	4.1748
ENSG00000123810.9	B9D2	protein_coding	122	78	63	7.0049	2.0519	1.9758
ENSG00000123815.13	COQ8B	protein_coding	1715	868	932	11.8617	3.4745	3.3457
ENSG00000123836.15	PFKFB2	protein_coding	2740	1374	1425	22.8658	6.6977	6.4494
ENSG00000123838.11	C4BPA	protein_coding	0	0	0	0.0000	0.0000	0.0000
ENSG00000123843.13	C4BPB	protein_coding	0	0	0	0.0000	0.0000	0.0000
ENSG00000123870.10	ZNF137P	transcribed_unprocessed_pseudogene	17	9	8	0.7115	0.2084	0.2007
ENSG00000123892.12	RAB38	protein_coding	2026	972	1054	120.1458	35.1926	33.8878
ENSG00000123901.9	GPR83	protein_coding	2	0	2	0.0397	0.0116	0.0112
ENSG00000123908.12	AGO2	protein_coding	1772	880	892	9.4957	2.7815	2.6783
ENSG00000123933.17	MXD4	protein_coding	2283	1140	1144	28.2080	8.2626	7.9562
ENSG00000123965.13	PMS2P5	unprocessed_pseudogene	11	3	8	1.8103	0.5303	0.5106
ENSG00000123975.5	CKS2	protein_coding	748	368	381	103.1177	30.2048	29.0849
ENSG00000123977.10	DAW1	protein_coding	0	0	0	0.0000	0.0000	0.0000
ENSG00000123983.14	ACSL3	protein_coding	13010	6605	6406	152.7676	44.7480	43.0890
ENSG00000123989.14	CHPF	protein_coding	10449	5243	5215	262.9137	77.0115	74.1564
ENSG00000123992.20	DNPEP	protein_coding	2718	1362	1356	37.5063	10.9862	10.5789
ENSG00000123999.5	INHA	protein_coding	2	2	0	0.1038	0.0304	0.0293
ENSG00000124003.13	MOGAT1	protein_coding	3	0	3	0.2166	0.0635	0.0611
ENSG00000124006.15	OBSL1	protein_coding	2320	1228	1156	20.2774	5.9396	5.7194
ENSG00000124019.10	FAM124B	protein_coding	32	14	18	0.7627	0.2234	0.2151
ENSG00000124067.17	SLC12A4	protein_coding	2721	1323	1398	27.8463	8.1566	7.8542
ENSG00000124074.12	ENKD1	protein_coding	311	165	165	9.9100	2.9028	2.7952
ENSG00000124089.4	MC3R	protein_coding	0	0	0	0.0000	0.0000	0.0000
ENSG00000124091.9	GCNT7	protein_coding	1	1	3	0.0411	0.0121	0.0116
ENSG00000124092.12	CTCFL	protein_coding	0	0	0	0.0000	0.0000	0.0000
ENSG00000124097.7	HMGB1P1	processed_pseudogene	12	8	4	1.6023	0.4693	0.4519
ENSG00000124098.10	FAM210B	protein_coding	4231	2133	2098	102.1314	29.9159	28.8068
ENSG00000124102.5	PI3	protein_coding	0	0	0	0.0000	0.0000	0.0000
ENSG00000124103.10	FAM209A	protein_coding	0	0	1	0.0000	0.0000	0.0000
ENSG00000124104.19	SNX21	protein_coding	693	556	577	14.4311	4.2271	4.0704
ENSG00000124107.5	SLPI	protein_coding	7	4	3	0.9974	0.2922	0.2813
ENSG00000124116.19	WFDC3	protein_coding	15	10	5	0.5296	0.1551	0.1494
ENSG00000124120.11	TTPAL	protein_coding	1934	942	992	23.2761	6.8179	6.5652
ENSG00000124126.14	PREX1	protein_coding	2629	1402	1365	29.7318	8.7089	8.3860
ENSG00000124134.9	KCNS1	protein_coding	1	1	0	0.0150	0.0044	0.0042
ENSG00000124140.14	SLC12A5	protein_coding	24	55	43	0.2288	0.0670	0.0645
ENSG00000124143.10	ARHGAP40	protein_coding	39	17	22	1.0366	0.3036	0.2924
ENSG00000124145.6	SDC4	protein_coding	4680	2485	2195	152.0963	44.5514	42.8997
ENSG00000124151.19	NCOA3	protein_coding	1982	1042	1068	19.9967	5.8574	5.6402
ENSG00000124155.18	PIGT	protein_coding	10062	4979	5092	43.4778	12.7353	12.2632
ENSG00000124157.7	SEMG2	protein_coding	0	0	0	0.0000	0.0000	0.0000
ENSG00000124159.15	MATN4	protein_coding	6	4	5	0.2065	0.0605	0.0583
ENSG00000124160.12	NCOA5	protein_coding	1585	811	774	41.7490	12.2289	11.7756
ENSG00000124164.16	VAPB	protein_coding	3769	1852	1918	30.5464	8.9475	8.6158
ENSG00000124171.9	PARD6B	protein_coding	111	50	61	2.0098	0.5887	0.5669
ENSG00000124172.10	ATP5F1E	protein_coding	7947	4130	3849	132.8209	38.9053	37.4629
ENSG00000124177.15	CHD6	protein_coding	2991	1490	1501	18.0987	5.3014	5.1048
ENSG00000124181.14	PLCG1	protein_coding	5086	2685	2768	44.7663	13.1128	12.6266
ENSG00000124191.18	TOX2	protein_coding	116	62	54	3.0451	0.8919	0.8589
ENSG00000124193.16	SRSF6	protein_coding	3047	1560	1487	52.8714	15.4869	14.9127
ENSG00000124194.17	GDAP1L1	protein_coding	2	1	1	0.0499	0.0146	0.0141
ENSG00000124196.6	GTSF1L	protein_coding	4	2	2	0.4049	0.1186	0.1142
ENSG00000124198.9	ARFGEF2	protein_coding	4864	2484	2380	45.2710	13.2606	12.7690
ENSG00000124201.15	ZNFX1	protein_coding	8864	4773	4888	80.5926	23.6068	22.7316
ENSG00000124203.6	ZNF831	protein_coding	127	67	60	0.9293	0.2722	0.2621
ENSG00000124205.18	EDN3	protein_coding	7	5	2	0.1806	0.0529	0.0509
ENSG00000124207.17	CSE1L	protein_coding	4044	1995	2049	90.3732	26.4717	25.4903
ENSG00000124208.16	PEDS1-UBE2V1	protein_coding	0	0	0	0.0000	0.0000	0.0000
ENSG00000124209.4	RAB22A	protein_coding	3719	1869	1850	34.0837	9.9836	9.6135
ENSG00000124212.6	PTGIS	protein_coding	1105	570	535	16.8469	4.9347	4.7518
ENSG00000124214.20	STAU1	protein_coding	6522	3216	3309	135.2836	39.6267	38.1575
ENSG00000124215.17	CDH26	protein_coding	26	17	9	0.3839	0.1124	0.1083
ENSG00000124216.4	SNAI1	protein_coding	150	69	81	7.4710	2.1884	2.1072
ENSG00000124217.5	MOCS3	protein_coding	579	260	319	9.6183	2.8174	2.7129
ENSG00000124222.22	STX16	protein_coding	1842	952	890	30.6773	8.9859	8.6527
ENSG00000124224.17	PPP4R1L	transcribed_unprocessed_pseudogene	376	204	173	3.4471	1.0097	0.9723
ENSG00000124225.16	PMEPA1	protein_coding	878	466	417	13.0077	3.8102	3.6689
ENSG00000124226.11	RNF114	protein_coding	2187	1051	1136	42.8225	12.5434	12.0783
ENSG00000124227.5	ANKRD60	protein_coding	0	0	0	0.0000	0.0000	0.0000
ENSG00000124228.14	DDX27	protein_coding	2567	1683	1677	39.9470	11.7011	11.2673
ENSG00000124232.11	RBPJL	protein_coding	8	3	6	0.2449	0.0717	0.0691
ENSG00000124233.12	SEMG1	protein_coding	0	0	0	0.0000	0.0000	0.0000
ENSG00000124237.6	C20orf85	protein_coding	0	0	0	0.0000	0.0000	0.0000
ENSG00000124243.17	BCAS4	protein_coding	667	338	337	7.4696	2.1880	2.1068
ENSG00000124249.7	KCNK15	protein_coding	64	41	39	2.1619	0.6332	0.6098
ENSG00000124251.11	TP53TG5	protein_coding	12	14	12	0.3422	0.1002	0.0965
ENSG00000124253.11	PCK1	protein_coding	0	0	0	0.0000	0.0000	0.0000
ENSG00000124256.15	ZBP1	protein_coding	133	58	75	2.0896	0.6121	0.5894
ENSG00000124257.6	NEURL2	protein_coding	5	18	25	0.3264	0.0956	0.0921
ENSG00000124260.12	MAGEA10	protein_coding	0	0	0	0.0000	0.0000	0.0000
ENSG00000124275.15	MTRR	protein_coding	1502	765	794	19.6292	5.7497	5.5365
ENSG00000124279.12	FASTKD3	protein_coding	410	239	226	12.1867	3.5697	3.4373
ENSG00000124299.15	PEPD	protein_coding	5143	2587	2557	97.5532	28.5749	27.5155
ENSG00000124302.13	CHST8	protein_coding	4	2	2	0.1112	0.0326	0.0314
ENSG00000124313.18	IQSEC2	protein_coding	1661	845	816	9.4495	2.7679	2.6653
ENSG00000124333.16	VAMP7	protein_coding	2544	1297	1247	82.6148	24.1992	23.3020
ENSG00000124333.16_PAR_Y	VAMP7	protein_coding	0	0	0	0.0000	0.0000	0.0000
ENSG00000124334.17	IL9R	protein_coding	6	4	2	0.2035	0.0596	0.0574
ENSG00000124334.17_PAR_Y	IL9R	protein_coding	0	0	0	0.0000	0.0000	0.0000
ENSG00000124343.14	XG	protein_coding	291	147	144	7.3613	2.1562	2.0763
ENSG00000124356.16	STAMBP	protein_coding	2473	1233	1240	27.2951	7.9952	7.6987
ENSG00000124357.13	NAGK	protein_coding	2951	1474	1477	28.1668	8.2505	7.9446
ENSG00000124370.11	MCEE	protein_coding	221	119	103	11.5563	3.3850	3.2595
ENSG00000124374.9	PAIP2B	protein_coding	125	60	65	1.6849	0.4935	0.4752
ENSG00000124380.11	SNRNP27	protein_coding	646	329	317	28.9186	8.4707	8.1567
ENSG00000124383.9	MPHOSPH10	protein_coding	2156	1096	1060	42.0410	12.3145	11.8579
ENSG00000124391.5	IL17C	protein_coding	1	0	1	0.0610	0.0179	0.0172
ENSG00000124399.4	NDUFB4P12	processed_pseudogene	1	1	0	0.2177	0.0638	0.0614
ENSG00000124406.16	ATP8A1	protein_coding	1534	784	750	11.6321	3.4072	3.2809
ENSG00000124422.12	USP22	protein_coding	7267	5344	5353	91.0605	26.6730	25.6841
ENSG00000124429.18	POF1B	protein_coding	0	0	0	0.0000	0.0000	0.0000
ENSG00000124440.16	HIF3A	protein_coding	12	9	3	0.1217	0.0356	0.0343
ENSG00000124444.16	ZNF576	protein_coding	486	241	245	11.8562	3.4729	3.3441
ENSG00000124449.7	IRGC	protein_coding	0	1	0	0.0000	0.0000	0.0000
ENSG00000124459.12	ZNF45	protein_coding	494	230	266	9.5299	2.7915	2.6880
ENSG00000124466.9	LYPD3	protein_coding	71	31	40	2.4440	0.7159	0.6893
ENSG00000124467.19	PSG8	protein_coding	0	0	0	0.0000	0.0000	0.0000
ENSG00000124469.12	CEACAM8	protein_coding	0	0	0	0.0000	0.0000	0.0000
ENSG00000124479.11	NDP	protein_coding	1	0	1	0.0467	0.0137	0.0132
ENSG00000124486.13	USP9X	protein_coding	8864	4440	4425	53.1893	15.5800	15.0024
ENSG00000124490.14	CRISP2	protein_coding	0	0	0	0.0000	0.0000	0.0000
ENSG00000124491.16	F13A1	protein_coding	349	166	183	6.5080	1.9063	1.8356
ENSG00000124493.14	GRM4	protein_coding	0	1	0	0.0000	0.0000	0.0000
ENSG00000124496.12	TRERF1	protein_coding	267	144	123	2.9325	0.8590	0.8271
ENSG00000124507.11	PACSIN1	protein_coding	34	11	23	0.6009	0.1760	0.1695
ENSG00000124508.17	BTN2A2	protein_coding	1561	785	776	20.7191	6.0689	5.8439
ENSG00000124523.16	SIRT5	protein_coding	285	158	173	3.7092	1.0865	1.0462
ENSG00000124532.15	MRS2	protein_coding	686	414	349	11.3492	3.3244	3.2011
ENSG00000124535.16	WRNIP1	protein_coding	1025	524	501	22.3303	6.5409	6.2984
ENSG00000124541.7	RRP36	protein_coding	1161	653	539	44.0933	12.9156	12.4368
ENSG00000124549.14	BTN2A3P	transcribed_unprocessed_pseudogene	148	80	68	3.0089	0.8814	0.8487
ENSG00000124557.12	BTN1A1	protein_coding	2	2	0	0.0587	0.0172	0.0165
ENSG00000124562.10	SNRPC	protein_coding	1669	838	831	114.2081	33.4533	32.2131
ENSG00000124564.17	SLC17A3	protein_coding	0	0	0	0.0000	0.0000	0.0000
ENSG00000124568.12	SLC17A1	protein_coding	0	0	0	0.0000	0.0000	0.0000
ENSG00000124570.21	SERPINB6	protein_coding	2276	1153	1123	14.6412	4.2886	4.1296
ENSG00000124571.18	XPO5	protein_coding	1741	970	1012	17.4327	5.1063	4.9170
ENSG00000124574.15	ABCC10	protein_coding	678	349	336	7.1196	2.0854	2.0081
ENSG00000124575.7	H1-3	protein_coding	1	0	1	0.1094	0.0321	0.0309
ENSG00000124587.14	PEX6	protein_coding	1393	700	695	34.1397	10.0001	9.6293
ENSG00000124588.21	NQO2	protein_coding	208	108	101	3.8915	1.1399	1.0976
ENSG00000124593.16	AL365205.1	protein_coding	2	4	10	0.0379	0.0111	0.0107
ENSG00000124596.17	OARD1	protein_coding	614	351	363	7.9861	2.3392	2.2525
ENSG00000124602.10	UNC5CL	protein_coding	44	20	24	1.1839	0.3468	0.3339
ENSG00000124608.5	AARS2	protein_coding	1089	603	605	17.6418	5.1676	4.9760
ENSG00000124610.5	H1-1	protein_coding	0	0	0	0.0000	0.0000	0.0000
ENSG00000124613.8	ZNF391	protein_coding	64	41	23	1.1243	0.3293	0.3171
ENSG00000124614.16	RPS10	protein_coding	16	7	9	0.5902	0.1729	0.1665
ENSG00000124615.20	MOCS1	protein_coding	1036	1339	1358	17.0038	4.9807	4.7960
ENSG00000124635.9	H2BC11	protein_coding	34	14	20	2.7603	0.8085	0.7786
ENSG00000124641.16	MED20	protein_coding	380	188	192	9.8443	2.8836	2.7767
ENSG00000124657.1	OR2B6	protein_coding	1	0	1	0.0901	0.0264	0.0254
ENSG00000124659.7	TBCC	protein_coding	646	316	330	34.1585	10.0056	9.6346
ENSG00000124664.11	SPDEF	protein_coding	0	0	0	0.0000	0.0000	0.0000
ENSG00000124678.20	TCP11	protein_coding	5	2	4	0.1384	0.0405	0.0390
ENSG00000124688.14	MAD2L1BP	protein_coding	1659	829	831	76.2354	22.3305	21.5026
ENSG00000124701.5	APOBEC2	protein_coding	6	7	1	0.4427	0.1297	0.1249
ENSG00000124702.18	KLHDC3	protein_coding	1211	618	611	50.9354	14.9198	14.3666
ENSG00000124713.6	GNMT	protein_coding	7	7	2	0.5525	0.1618	0.1558
ENSG00000124721.18	DNAH8	protein_coding	2	1	1	0.0111	0.0032	0.0031
ENSG00000124731.13	TREM1	protein_coding	57	33	24	0.8217	0.2407	0.2318
ENSG00000124733.5	MEA1	protein_coding	1467	1460	1461	41.2921	12.0951	11.6467
ENSG00000124743.6	KLHL31	protein_coding	3	2	1	0.0441	0.0129	0.0124
ENSG00000124749.17	COL21A1	protein_coding	36	20	16	0.4423	0.1296	0.1248
ENSG00000124762.14	CDKN1A	protein_coding	7357	3710	3650	208.5313	61.0821	58.8175
ENSG00000124766.7	SOX4	protein_coding	1416	728	688	24.6965	7.2340	6.9658
ENSG00000124767.7	GLO1	protein_coding	3760	1902	1858	135.5267	39.6979	38.2261
ENSG00000124772.12	CPNE5	protein_coding	1286	633	653	18.9203	5.5420	5.3366
ENSG00000124780.14	KCNK17	protein_coding	1	1	0	0.0408	0.0120	0.0115
ENSG00000124782.20	RREB1	protein_coding	1663	816	847	8.1849	2.3975	2.3086
ENSG00000124783.14	SSR1	protein_coding	9645	5249	5274	72.1700	21.1397	20.3560
ENSG00000124784.9	RIOK1	protein_coding	786	376	410	22.7032	6.6501	6.4036
ENSG00000124785.9	NRN1	protein_coding	138	75	63	5.1264	1.5016	1.4459
ENSG00000124786.12	SLC35B3	protein_coding	659	338	321	14.0257	4.1083	3.9560
ENSG00000124787.14	RPP40	protein_coding	145	100	95	6.2284	1.8244	1.7567
ENSG00000124788.19	ATXN1	protein_coding	1999	984	1016	8.8057	2.5793	2.4837
ENSG00000124789.12	NUP153	protein_coding	1432	737	751	19.8670	5.8194	5.6036
ENSG00000124795.17	DEK	protein_coding	2746	1356	1391	32.1688	9.4227	9.0734
ENSG00000124802.12	EEF1E1	protein_coding	93	51	42	3.7824	1.1079	1.0668
ENSG00000124812.15	CRISP1	protein_coding	0	0	0	0.0000	0.0000	0.0000
ENSG00000124813.23	RUNX2	protein_coding	605	305	300	6.2716	1.8370	1.7689
ENSG00000124818.15	OPN5	protein_coding	0	0	0	0.0000	0.0000	0.0000
ENSG00000124827.7	GCM2	protein_coding	0	0	0	0.0000	0.0000	0.0000
ENSG00000124831.19	LRRFIP1	protein_coding	5213	2644	2571	33.4915	9.8102	9.4465
ENSG00000124835.2	AC105760.1	lncRNA	1	1	0	0.0381	0.0111	0.0107
ENSG00000124839.13	RAB17	protein_coding	918	498	471	16.3741	4.7962	4.6184
ENSG00000124875.10	CXCL6	protein_coding	0	0	0	0.0000	0.0000	0.0000
ENSG00000124882.4	EREG	protein_coding	1	0	1	0.0149	0.0044	0.0042
ENSG00000124900.12	TRIM51	protein_coding	285	141	144	13.2109	3.8697	3.7262
ENSG00000124915.10	MYRF-AS1	lncRNA	0	38	45	0.0000	0.0000	0.0000
ENSG00000124920.14	MYRF	protein_coding	419	218	211	3.3029	0.9675	0.9316
ENSG00000124935.4	SCGB1D2	protein_coding	0	0	0	0.0000	0.0000	0.0000
ENSG00000124939.6	SCGB2A1	protein_coding	0	0	0	0.0000	0.0000	0.0000
ENSG00000124942.14	AHNAK	protein_coding	39808	20081	19729	173.6624	50.8685	48.9825
ENSG00000125037.12	EMC3	protein_coding	1977	994	993	39.3180	11.5168	11.0899
ENSG00000125046.15	SSUH2	protein_coding	9	4	5	0.1217	0.0357	0.0343
ENSG00000125084.12	WNT1	protein_coding	18	6	12	0.6311	0.1849	0.1780
ENSG00000125089.17	SH3TC1	protein_coding	1417	683	734	11.3510	3.3249	3.2016
ENSG00000125107.18	CNOT1	protein_coding	7113	4616	4820	55.6667	16.3056	15.7011
ENSG00000125122.15	LRRC29	protein_coding	204	108	97	6.1716	1.8078	1.7407
ENSG00000125124.13	BBS2	protein_coding	2866	1799	1832	29.8958	8.7570	8.4323
ENSG00000125144.14	MT1G	protein_coding	6	3	13	0.6785	0.1987	0.1914
ENSG00000125148.7	MT2A	protein_coding	17525	8683	8852	1628.2613	476.9433	459.2607
ENSG00000125149.12	C16orf70	protein_coding	1231	904	937	17.4607	5.1145	4.9249
ENSG00000125166.13	GOT2	protein_coding	5422	2808	2732	122.7509	35.9557	34.6226
ENSG00000125170.11	DOK4	protein_coding	450	249	290	7.9846	2.3388	2.2521
ENSG00000125207.7	PIWIL1	protein_coding	0	0	0	0.0000	0.0000	0.0000
ENSG00000125245.13	GPR18	protein_coding	72	40	35	3.0299	0.8875	0.8546
ENSG00000125246.15	CLYBL	protein_coding	120	98	117	1.4101	0.4130	0.3977
ENSG00000125247.16	TMTC4	protein_coding	261	143	118	3.3715	0.9876	0.9510
ENSG00000125249.7	RAP2A	protein_coding	1581	828	753	23.8768	6.9939	6.7346
ENSG00000125255.7	SLC10A2	protein_coding	0	0	0	0.0000	0.0000	0.0000
ENSG00000125257.16	ABCC4	protein_coding	1517	741	777	14.9292	4.3730	4.2109
ENSG00000125266.8	EFNB2	protein_coding	164	175	170	2.7826	0.8151	0.7849
ENSG00000125285.6	SOX21	protein_coding	0	0	0	0.0000	0.0000	0.0000
ENSG00000125304.10	TM9SF2	protein_coding	7771	3850	3930	118.5621	34.7287	33.4411
ENSG00000125319.15	HROB	protein_coding	168	81	87	4.7476	1.3907	1.3391
ENSG00000125337.19	KIF25	protein_coding	0	0	0	0.0000	0.0000	0.0000
ENSG00000125347.14	IRF1	protein_coding	2607	2071	2148	28.4633	8.3373	8.0282
ENSG00000125351.12	UPF3B	protein_coding	632	313	319	17.4196	5.1025	4.9133
ENSG00000125352.6	RNF113A	protein_coding	558	287	273	37.6375	11.0246	10.6159
ENSG00000125354.24	SEPTIN6	protein_coding	3358	1738	1621	45.6626	13.3753	12.8794
ENSG00000125355.16	TMEM255A	protein_coding	32	18	14	0.7044	0.2063	0.1987
ENSG00000125356.7	NDUFA1	protein_coding	2431	1293	1140	490.3601	143.6342	138.3089
ENSG00000125363.14	AMELX	protein_coding	0	0	0	0.0000	0.0000	0.0000
ENSG00000125375.16	DMAC2L	protein_coding	503	358	338	9.3591	2.7414	2.6398
ENSG00000125378.16	BMP4	protein_coding	33	16	19	0.9052	0.2651	0.2553
ENSG00000125384.7	PTGER2	protein_coding	67	27	40	2.3082	0.6761	0.6510
ENSG00000125385.9	AL161781.1	processed_pseudogene	0	0	0	0.0000	0.0000	0.0000
ENSG00000125386.16	FAM193A	protein_coding	1539	778	762	18.8020	5.5074	5.3032
ENSG00000125388.20	GRK4	protein_coding	365	169	197	6.5448	1.9171	1.8460
ENSG00000125398.8	SOX9	protein_coding	52	20	32	1.1233	0.3290	0.3168
ENSG00000125409.13	TEKT3	protein_coding	7	5	2	0.2286	0.0670	0.0645
ENSG00000125414.19	MYH2	protein_coding	0	0	0	0.0000	0.0000	0.0000
ENSG00000125430.9	HS3ST3B1	protein_coding	78	39	39	1.2337	0.3614	0.3480
ENSG00000125434.11	SLC25A35	protein_coding	714	1071	1111	15.3424	4.4940	4.3274
ENSG00000125445.11	MRPS7	protein_coding	1974	1200	1041	50.3856	14.7587	14.2116
ENSG00000125447.18	GGA3	protein_coding	1775	875	912	23.3081	6.8273	6.5742
ENSG00000125449.7	ARMC7	protein_coding	750	386	422	22.5054	6.5922	6.3478
ENSG00000125450.11	NUP85	protein_coding	1311	643	669	21.4386	6.2797	6.0469
ENSG00000125454.12	SLC25A19	protein_coding	296	258	309	7.5804	2.2204	2.1381
ENSG00000125457.15	MIF4GD	protein_coding	635	417	477	14.6733	4.2980	4.1387
ENSG00000125458.7	NT5C	protein_coding	302	298	295	16.7293	4.9003	4.7186
ENSG00000125459.17	MSTO1	protein_coding	747	444	424	15.1325	4.4326	4.2682
ENSG00000125462.19	MIR9-1HG	lncRNA	13	5	8	0.0803	0.0235	0.0227
ENSG00000125482.13	TTF1	protein_coding	376	185	192	9.9316	2.9091	2.8013
ENSG00000125484.12	GTF3C4	protein_coding	831	401	439	7.8054	2.2863	2.2016
ENSG00000125485.17	DDX31	protein_coding	609	277	343	9.3250	2.7314	2.6302
ENSG00000125492.10	BARHL1	protein_coding	0	0	0	0.0000	0.0000	0.0000
ENSG00000125498.20	KIR2DL1	protein_coding	3	2	1	0.1506	0.0441	0.0425
ENSG00000125503.13	PPP1R12C	protein_coding	2776	1393	1385	30.2113	8.8494	8.5213
ENSG00000125505.17	MBOAT7	protein_coding	2676	1329	1347	42.9416	12.5783	12.1119
ENSG00000125508.3	SRMS	protein_coding	1	1	0	0.0560	0.0164	0.0158
ENSG00000125510.18	OPRL1	protein_coding	12	65	63	0.2800	0.0820	0.0790
ENSG00000125514.9	LINC00029	lncRNA	0	0	0	0.0000	0.0000	0.0000
ENSG00000125520.14	SLC2A4RG	protein_coding	1328	665	718	39.2395	11.4939	11.0677
ENSG00000125522.3	NPBWR2	protein_coding	0	0	0	0.0000	0.0000	0.0000
ENSG00000125531.7	FNDC11	protein_coding	5	3	3	0.1176	0.0344	0.0332
ENSG00000125533.6	BHLHE23	protein_coding	0	0	0	0.0000	0.0000	0.0000
ENSG00000125534.10	PPDPF	protein_coding	6610	3073	3544	533.0714	156.1450	150.3559
ENSG00000125538.12	IL1B	protein_coding	44	21	23	1.2418	0.3637	0.3502
ENSG00000125551.19	PLGLB2	protein_coding	0	1	0	0.0000	0.0000	0.0000
ENSG00000125571.9	IL37	protein_coding	0	0	0	0.0000	0.0000	0.0000
ENSG00000125611.15	CHCHD5	protein_coding	618	309	309	13.9614	4.0895	3.9379
ENSG00000125618.17	PAX8	protein_coding	56	44	37	0.6452	0.1890	0.1820
ENSG00000125629.15	INSIG2	protein_coding	1335	665	670	28.7010	8.4070	8.0953
ENSG00000125630.16	POLR1B	protein_coding	3662	1798	1888	34.5647	10.1245	9.7492
ENSG00000125631.7	HTR5BP	transcribed_unprocessed_pseudogene	5	52	49	0.1864	0.0546	0.0526
ENSG00000125633.11	CCDC93	protein_coding	2214	1194	1213	23.3123	6.8285	6.5754
ENSG00000125637.16	PSD4	protein_coding	584	282	307	3.6894	1.0807	1.0406
ENSG00000125648.15	SLC25A23	protein_coding	3258	1629	1629	56.6832	16.6034	15.9878
ENSG00000125650.4	PSPN	protein_coding	99	55	51	2.1496	0.6297	0.6063
ENSG00000125651.14	GTF2F1	protein_coding	4595	2335	2261	135.6778	39.7422	38.2687
ENSG00000125652.8	ALKBH7	protein_coding	1349	628	729	104.8103	30.7006	29.5624
ENSG00000125656.11	CLPP	protein_coding	1941	963	987	46.6810	13.6736	13.1666
ENSG00000125657.5	TNFSF9	protein_coding	299	151	148	15.5393	4.5517	4.3830
ENSG00000125675.18	GRIA3	protein_coding	4	0	4	0.0524	0.0153	0.0148
ENSG00000125676.20	THOC2	protein_coding	2390	1312	1322	19.7489	5.7848	5.5703
ENSG00000125686.12	MED1	protein_coding	3434	2018	2159	33.8774	9.9232	9.5553
ENSG00000125691.14	RPL23	protein_coding	17505	8790	8715	251.7413	73.7390	71.0051
ENSG00000125695.12	AC046185.1	protein_coding	0	0	0	0.0000	0.0000	0.0000
ENSG00000125703.15	ATG4C	protein_coding	953	501	452	25.9721	7.6076	7.3256
ENSG00000125726.11	CD70	protein_coding	43	14	29	2.3867	0.6991	0.6732
ENSG00000125730.17	C3	protein_coding	11922	5935	5991	122.0373	35.7466	34.4213
ENSG00000125731.13	SH2D3A	protein_coding	59	29	30	0.8961	0.2625	0.2528
ENSG00000125733.18	TRIP10	protein_coding	1105	617	606	23.5417	6.8957	6.6401
ENSG00000125734.15	GPR108	protein_coding	5605	2700	2906	148.1416	43.3930	41.7842
ENSG00000125735.11	TNFSF14	protein_coding	80	35	45	1.4213	0.4163	0.4009
ENSG00000125740.14	FOSB	protein_coding	426	228	198	6.5147	1.9083	1.8375
ENSG00000125741.5	OPA3	protein_coding	1387	691	698	11.7796	3.4504	3.3225
ENSG00000125743.10	SNRPD2	protein_coding	4646	2333	2316	245.3609	71.8701	69.2055
ENSG00000125744.12	RTN2	protein_coding	289	209	196	7.6052	2.2277	2.1451
ENSG00000125746.18	EML2	protein_coding	1946	1082	1064	20.2196	5.9227	5.7031
ENSG00000125753.14	VASP	protein_coding	3068	1531	1538	73.6393	21.5701	20.7704
ENSG00000125755.19	SYMPK	protein_coding	5947	3039	3137	47.9512	14.0457	13.5249
ENSG00000125772.14	GPCPD1	protein_coding	830	417	413	9.4331	2.7631	2.6607
ENSG00000125775.15	SDCBP2	protein_coding	64	35	39	2.1288	0.6236	0.6004
ENSG00000125779.22	PANK2	protein_coding	1250	943	946	15.6842	4.5941	4.4238
ENSG00000125780.12	TGM3	protein_coding	0	0	0	0.0000	0.0000	0.0000
ENSG00000125787.11	GNRH2	protein_coding	1	1	0	0.1032	0.0302	0.0291
ENSG00000125788.6	DEFB126	protein_coding	2	1	1	0.3913	0.1146	0.1104
ENSG00000125798.15	FOXA2	protein_coding	0	0	0	0.0000	0.0000	0.0000
ENSG00000125804.14	FAM182A	lncRNA	1	1	1	0.0083	0.0024	0.0023
ENSG00000125810.10	CD93	protein_coding	1928	948	980	24.5063	7.1783	6.9121
ENSG00000125812.16	GZF1	protein_coding	1086	542	545	16.8846	4.9458	4.7624
ENSG00000125813.13	PAX1	protein_coding	2	2	0	0.0290	0.0085	0.0082
ENSG00000125814.17	NAPB	protein_coding	483	238	245	7.8366	2.2955	2.2103
ENSG00000125815.9	CST8	protein_coding	0	0	0	0.0000	0.0000	0.0000
ENSG00000125816.5	NKX2-4	protein_coding	2	2	0	0.0977	0.0286	0.0276
ENSG00000125817.8	CENPB	protein_coding	3728	1849	1880	109.5444	32.0873	30.8977
ENSG00000125818.18	PSMF1	protein_coding	6672	3323	3356	54.6848	16.0180	15.4242
ENSG00000125820.6	NKX2-2	protein_coding	2	2	0	0.0800	0.0234	0.0226
ENSG00000125821.13	DTD1	protein_coding	692	342	350	9.1591	2.6829	2.5834
ENSG00000125823.12	CSTL1	protein_coding	0	0	0	0.0000	0.0000	0.0000
ENSG00000125826.21	RBCK1	protein_coding	4518	2317	2201	73.8254	21.6246	20.8229
ENSG00000125827.9	TMX4	protein_coding	16384	8267	8535	212.1910	62.1541	59.8497
ENSG00000125831.10	CST11	protein_coding	0	0	0	0.0000	0.0000	0.0000
ENSG00000125834.13	STK35	protein_coding	2201	1087	1114	27.3300	8.0054	7.7086
ENSG00000125835.19	SNRPB	protein_coding	3656	1784	1872	242.9336	71.1591	68.5209
ENSG00000125841.13	NRSN2	protein_coding	4293	2161	2134	124.2971	36.4086	35.0587
ENSG00000125843.11	AP5S1	protein_coding	634	336	299	9.8051	2.8721	2.7656
ENSG00000125844.16	RRBP1	protein_coding	25492	12740	12753	310.1421	90.8455	87.4774
ENSG00000125845.7	BMP2	protein_coding	20	8	12	0.4791	0.1403	0.1351
ENSG00000125846.15	ZNF133	protein_coding	497	279	261	7.7784	2.2784	2.1939
ENSG00000125848.10	FLRT3	protein_coding	29	13	16	0.4744	0.1390	0.1338
ENSG00000125850.11	OVOL2	protein_coding	0	0	0	0.0000	0.0000	0.0000
ENSG00000125851.10	PCSK2	protein_coding	114	66	49	1.3773	0.4034	0.3885
ENSG00000125861.16	GFRA4	protein_coding	0	0	0	0.0000	0.0000	0.0000
ENSG00000125863.20	MKKS	protein_coding	804	397	407	9.6983	2.8408	2.7355
ENSG00000125864.14	BFSP1	protein_coding	629	325	307	15.8454	4.6414	4.4693
ENSG00000125868.16	DSTN	protein_coding	8574	4205	4371	200.0846	58.6079	56.4350
ENSG00000125869.10	LAMP5	protein_coding	33	22	15	1.3724	0.4020	0.3871
ENSG00000125870.11	SNRPB2	protein_coding	2499	1256	1243	81.3712	23.8349	22.9512
ENSG00000125871.14	MGME1	protein_coding	1674	851	828	63.7189	18.6643	17.9723
ENSG00000125872.8	LRRN4	protein_coding	1	1	0	0.0289	0.0085	0.0082
ENSG00000125875.14	TBC1D20	protein_coding	4870	2444	2426	71.0467	20.8107	20.0391
ENSG00000125877.13	ITPA	protein_coding	1494	737	758	65.3301	19.1362	18.4268
ENSG00000125878.6	TCF15	protein_coding	19	10	9	1.0376	0.3039	0.2927
ENSG00000125879.5	OTOR	protein_coding	6	3	3	0.2318	0.0679	0.0654
ENSG00000125885.13	MCM8	protein_coding	319	164	155	3.5222	1.0317	0.9935
ENSG00000125888.15	BANF2	protein_coding	0	0	0	0.0000	0.0000	0.0000
ENSG00000125895.5	TMEM74B	protein_coding	0	1	5	0.0000	0.0000	0.0000
ENSG00000125898.13	FAM110A	protein_coding	247	102	148	7.7059	2.2572	2.1735
ENSG00000125899.8	LINC02871	lncRNA	18	3	15	0.8385	0.2456	0.2365
ENSG00000125900.13	SIRPD	protein_coding	0	0	0	0.0000	0.0000	0.0000
ENSG00000125901.6	MRPS26	protein_coding	1192	625	567	99.6311	29.1835	28.1015
ENSG00000125903.4	DEFB129	protein_coding	0	0	0	0.0000	0.0000	0.0000
ENSG00000125910.6	S1PR4	protein_coding	129	67	62	6.5873	1.9295	1.8580
ENSG00000125912.11	NCLN	protein_coding	5983	3002	2982	121.6956	35.6465	34.3250
ENSG00000125931.11	CITED1	protein_coding	2	1	1	0.0965	0.0283	0.0272
ENSG00000125944.21	HNRNPR	protein_coding	5041	2560	2485	49.1824	14.4063	13.8722
ENSG00000125945.15	ZNF436	protein_coding	1049	600	490	18.6129	5.4520	5.2499
ENSG00000125952.20	MAX	protein_coding	2988	3217	3175	40.5533	11.8787	11.4383
ENSG00000125954.12	CHURC1-FNTB	protein_coding	0	0	0	0.0000	0.0000	0.0000
ENSG00000125962.14	ARMCX5	protein_coding	723	355	368	12.5020	3.6620	3.5263
ENSG00000125965.9	GDF5	protein_coding	2	1	1	0.0646	0.0189	0.0182
ENSG00000125966.10	MMP24	protein_coding	40	176	159	0.7762	0.2274	0.2189
ENSG00000125967.17	NECAB3	protein_coding	1576	782	834	30.8233	9.0286	8.6939
ENSG00000125968.9	ID1	protein_coding	342	160	182	23.5546	6.8995	6.6437
ENSG00000125970.12	RALY	protein_coding	8303	4131	4181	93.8499	27.4901	26.4709
ENSG00000125971.17	DYNLRB1	protein_coding	217	106	111	7.5062	2.1987	2.1172
ENSG00000125975.14	C20orf173	protein_coding	0	0	0	0.0000	0.0000	0.0000
ENSG00000125977.7	EIF2S2	protein_coding	3201	1614	1587	106.3499	31.1516	29.9966
ENSG00000125991.20	ERGIC3	protein_coding	8956	4543	4416	126.8636	37.1603	35.7826
ENSG00000125995.16	ROMO1	protein_coding	1425	705	729	172.3812	50.4932	48.6211
ENSG00000125997.5	BPIFB9P	transcribed_unitary_pseudogene	0	0	0	0.0000	0.0000	0.0000
ENSG00000125998.8	FAM83C	protein_coding	0	0	0	0.0000	0.0000	0.0000
ENSG00000125999.11	BPIFB1	protein_coding	0	0	0	0.0000	0.0000	0.0000
ENSG00000126001.16	CEP250	protein_coding	1997	999	1055	10.4586	3.0635	2.9499
ENSG00000126003.7	PLAGL2	protein_coding	837	419	418	12.5669	3.6810	3.5446
ENSG00000126005.17	MMP24OS	protein_coding	612	401	466	9.4151	2.7578	2.6556
ENSG00000126010.6	GRPR	protein_coding	40	29	28	1.4054	0.4117	0.3964
ENSG00000126012.12	KDM5C	protein_coding	3255	1628	1628	31.6737	9.2777	8.9337
ENSG00000126016.16	AMOT	protein_coding	927	482	445	9.1793	2.6887	2.5891
ENSG00000126062.4	TMEM115	protein_coding	1342	891	919	54.0879	15.8432	15.2558
ENSG00000126067.12	PSMB2	protein_coding	5031	2521	2513	94.3540	27.6378	26.6131
ENSG00000126070.20	AGO3	protein_coding	699	359	376	2.8062	0.8220	0.7915
ENSG00000126088.14	UROD	protein_coding	5940	2998	2960	125.1992	36.6728	35.3132
ENSG00000126091.21	ST3GAL3	protein_coding	26	14	12	0.1135	0.0333	0.0320
ENSG00000126106.14	TMEM53	protein_coding	743	985	904	17.7186	5.1901	4.9976
ENSG00000126107.15	HECTD3	protein_coding	4870	2452	2436	81.5384	23.8839	22.9984
ENSG00000126214.21	KLC1	protein_coding	658	493	470	2.9026	0.8502	0.8187
ENSG00000126215.14	XRCC3	protein_coding	276	387	395	3.1222	0.9145	0.8806
ENSG00000126216.15	TUBGCP3	protein_coding	656	306	350	7.6860	2.2513	2.1679
ENSG00000126217.21	MCF2L	protein_coding	3351	1688	1663	12.2881	3.5994	3.4659
ENSG00000126218.12	F10	protein_coding	19	11	11	0.6805	0.1993	0.1919
ENSG00000126226.22	PCID2	protein_coding	980	511	523	13.3241	3.9028	3.7581
ENSG00000126231.15	PROZ	protein_coding	2	0	2	0.1014	0.0297	0.0286
ENSG00000126233.2	SLURP1	protein_coding	1	0	1	0.1611	0.0472	0.0455
ENSG00000126243.9	LRFN3	protein_coding	1168	579	590	19.3914	5.6800	5.4695
ENSG00000126246.10	IGFLR1	protein_coding	25	25	27	0.9637	0.2823	0.2718
ENSG00000126247.11	CAPNS1	protein_coding	15391	7590	7804	421.6163	123.4980	118.9194
ENSG00000126249.8	PDCD2L	protein_coding	161	91	86	9.6555	2.8282	2.7234
ENSG00000126251.6	GPR42	protein_coding	0	0	0	0.0000	0.0000	0.0000
ENSG00000126254.12	RBM42	protein_coding	3975	1995	1980	153.0185	44.8215	43.1598
ENSG00000126259.20	KIRREL2	protein_coding	5	7	4	0.1246	0.0365	0.0351
ENSG00000126261.13	UBA2	protein_coding	5625	2811	2816	99.2061	29.0590	27.9817
ENSG00000126262.5	FFAR2	protein_coding	1	1	0	0.0387	0.0113	0.0109
ENSG00000126264.10	HCST	protein_coding	32	248	276	4.8182	1.4113	1.3590
ENSG00000126266.3	FFAR1	protein_coding	0	0	0	0.0000	0.0000	0.0000
ENSG00000126267.11	COX6B1	protein_coding	4443	2192	2251	275.6038	80.7287	77.7357
ENSG00000126337.13	KRT36	protein_coding	4	3	1	0.1821	0.0534	0.0514
ENSG00000126351.13	THRA	protein_coding	2352	1534	1451	27.2338	7.9772	7.6815
ENSG00000126353.3	CCR7	protein_coding	325	166	160	11.0044	3.2234	3.1039
ENSG00000126368.6	NR1D1	protein_coding	939	761	811	30.3195	8.8811	8.5518
ENSG00000126391.14	FRMD8	protein_coding	3328	1679	1652	69.4557	20.3447	19.5904
ENSG00000126432.14	PRDX5	protein_coding	7231	3515	3718	714.0230	209.1485	201.3944
ENSG00000126453.9	BCL2L12	protein_coding	530	402	389	20.3104	5.9492	5.7287
ENSG00000126456.16	IRF3	protein_coding	2367	1310	1321	52.9802	15.5187	14.9434
ENSG00000126457.22	PRMT1	protein_coding	5837	2850	2988	103.3529	30.2737	29.1513
ENSG00000126458.4	RRAS	protein_coding	2954	1467	1487	227.6361	66.6782	64.2061
ENSG00000126460.11	PRRG2	protein_coding	27	14	13	1.3487	0.3951	0.3804
ENSG00000126461.15	SCAF1	protein_coding	5052	2549	2505	96.1062	28.1510	27.1073
ENSG00000126464.14	PRR12	protein_coding	3335	1697	1745	37.4914	10.9818	10.5747
ENSG00000126467.11	TSKS	protein_coding	10	5	6	0.3588	0.1051	0.1012
ENSG00000126500.3	FLRT1	protein_coding	103	72	69	2.2149	0.6488	0.6247
ENSG00000126522.17	ASL	protein_coding	677	308	369	9.5326	2.7922	2.6887
ENSG00000126524.10	SBDS	protein_coding	3412	2070	2021	168.9496	49.4880	47.6532
ENSG00000126545.14	CSN1S1	protein_coding	0	0	0	0.0000	0.0000	0.0000
ENSG00000126549.11	STATH	protein_coding	0	0	0	0.0000	0.0000	0.0000
ENSG00000126550.10	HTN1	protein_coding	0	0	0	0.0000	0.0000	0.0000
ENSG00000126561.17	STAT5A	protein_coding	2268	1194	1081	29.2972	8.5816	8.2634
ENSG00000126562.17	WNK4	protein_coding	1217	935	943	19.5476	5.7258	5.5135
ENSG00000126581.13	BECN1	protein_coding	4332	3738	3765	57.3551	16.8002	16.1773
ENSG00000126583.11	PRKCG	protein_coding	1	1	0	0.0250	0.0073	0.0071
ENSG00000126602.11	TRAP1	protein_coding	2278	2416	2325	37.3237	10.9327	10.5274
ENSG00000126603.9	GLIS2	protein_coding	938	656	697	17.1044	5.0102	4.8244
ENSG00000126653.18	NSRP1	protein_coding	2479	1244	1235	43.8031	12.8306	12.3549
ENSG00000126698.11	DNAJC8	protein_coding	3797	1899	1898	111.4948	32.6586	31.4478
ENSG00000126705.15	AHDC1	protein_coding	2350	1153	1197	24.0524	7.0453	6.7841
ENSG00000126709.15	IFI6	protein_coding	62399	30041	32378	6293.2909	1843.4035	1775.0596
ENSG00000126733.21	DACH2	protein_coding	0	0	0	0.0000	0.0000	0.0000
ENSG00000126746.17	ZNF384	protein_coding	697	879	873	11.4243	3.3464	3.2223
ENSG00000126749.16	EMG1	protein_coding	505	922	891	6.8693	2.0121	1.9375
ENSG00000126752.8	SSX1	protein_coding	351	177	174	24.3721	7.1390	6.8743
ENSG00000126756.12	UXT	protein_coding	1077	937	851	72.3571	21.1945	20.4087
ENSG00000126759.14	CFP	protein_coding	6	2	4	0.0907	0.0266	0.0256
ENSG00000126767.18	ELK1	protein_coding	3122	1604	1519	78.0228	22.8541	22.0068
ENSG00000126768.12	TIMM17B	protein_coding	976	644	627	32.3506	9.4760	9.1247
ENSG00000126773.13	PCNX4	protein_coding	3075	2400	2348	11.8469	3.4702	3.3415
ENSG00000126775.9	ATG14	protein_coding	915	456	464	15.4631	4.5294	4.3615
ENSG00000126777.18	KTN1	protein_coding	9993	5013	4993	48.2768	14.1410	13.6168
ENSG00000126778.12	SIX1	protein_coding	316	149	168	4.9338	1.4452	1.3916
ENSG00000126785.13	RHOJ	protein_coding	1827	899	928	38.0082	11.1332	10.7204
ENSG00000126787.13	DLGAP5	protein_coding	542	269	273	12.7959	3.7481	3.6092
ENSG00000126790.12	L3HYPDH	protein_coding	237	105	132	5.7619	1.6877	1.6252
ENSG00000126803.9	HSPA2	protein_coding	4284	2169	2116	62.9737	18.4460	17.7621
ENSG00000126804.13	ZBTB1	protein_coding	1121	582	587	18.0193	5.2781	5.0824
ENSG00000126814.7	TRMT5	protein_coding	972	486	511	14.9697	4.3848	4.2223
ENSG00000126821.8	SGPP1	protein_coding	1034	521	513	26.3213	7.7099	7.4241
ENSG00000126822.17	PLEKHG3	protein_coding	336	167	182	2.3929	0.7009	0.6749
ENSG00000126838.10	PZP	protein_coding	9	4	5	0.1222	0.0358	0.0345
ENSG00000126856.15	PRDM7	protein_coding	1379	633	747	27.4444	8.0389	7.7409
ENSG00000126858.18	RHOT1	protein_coding	1640	848	844	21.3735	6.2606	6.0285
ENSG00000126860.12	EVI2A	protein_coding	1248	625	623	34.3424	10.0594	9.6865
ENSG00000126861.5	OMG	protein_coding	95	34	61	2.1025	0.6159	0.5930
ENSG00000126870.16	DYNC2I1	protein_coding	350	188	162	4.4448	1.3019	1.2537
ENSG00000126878.13	AIF1L	protein_coding	4930	2495	2435	79.0069	23.1424	22.2844
ENSG00000126882.13	FAM78A	protein_coding	502	262	240	7.8048	2.2862	2.2014
ENSG00000126883.17	NUP214	protein_coding	3032	1643	1805	19.4868	5.7080	5.4964
ENSG00000126890.13	CTAG2	protein_coding	37	20	17	3.1642	0.9268	0.8925
ENSG00000126895.15	AVPR2	protein_coding	28	14	14	1.0558	0.3093	0.2978
ENSG00000126903.16	SLC10A3	protein_coding	813	422	392	30.7256	9.0000	8.6663
ENSG00000126934.14	MAP2K2	protein_coding	8625	4295	4330	140.0725	41.0294	39.5083
ENSG00000126945.9	HNRNPH2	protein_coding	3674	1868	1806	135.8875	39.8036	38.3279
ENSG00000126947.13	ARMCX1	protein_coding	2835	1418	1417	113.2939	33.1855	31.9552
ENSG00000126950.8	TMEM35A	protein_coding	8	6	2	0.2813	0.0824	0.0793
ENSG00000126952.17	NXF5	protein_coding	0	0	0	0.0000	0.0000	0.0000
ENSG00000126953.8	TIMM8A	protein_coding	403	186	217	11.1041	3.2526	3.1320
ENSG00000126970.16	ZC4H2	protein_coding	31	16	15	0.5089	0.1491	0.1435
ENSG00000127022.15	CANX	protein_coding	82964	42154	40820	1013.5721	296.8912	285.8840
ENSG00000127054.21	INTS11	protein_coding	3888	1923	2153	40.1863	11.7712	11.3348
ENSG00000127074.15	RGS13	protein_coding	7	5	2	0.1003	0.0294	0.0283
ENSG00000127080.10	IPPK	protein_coding	156	284	322	2.6321	0.7710	0.7424
ENSG00000127081.14	ZNF484	protein_coding	224	121	103	3.8980	1.1418	1.0995
ENSG00000127083.7	OMD	protein_coding	268	137	131	9.2931	2.7221	2.6212
ENSG00000127084.19	FGD3	protein_coding	555	283	272	8.1009	2.3729	2.2849
ENSG00000127124.16	HIVEP3	protein_coding	3952	1936	2018	22.9474	6.7217	6.4724
ENSG00000127125.9	PPCS	protein_coding	2129	1033	1109	52.9882	15.5211	14.9456
ENSG00000127129.10	EDN2	protein_coding	1	0	1	0.0515	0.0151	0.0145
ENSG00000127152.18	BCL11B	protein_coding	302	147	156	3.0073	0.8809	0.8482
ENSG00000127184.13	COX7C	protein_coding	6637	3413	3224	286.2453	83.8457	80.7372
ENSG00000127191.18	TRAF2	protein_coding	703	364	339	16.2890	4.7713	4.5944
ENSG00000127220.6	ABHD8	protein_coding	486	330	359	19.0894	5.5916	5.3843
ENSG00000127241.18	MASP1	protein_coding	53	26	27	0.3430	0.1005	0.0967
ENSG00000127249.15	ATP13A4	protein_coding	4	1	3	0.0378	0.0111	0.0107
ENSG00000127252.7	PLAAT1	protein_coding	1	0	1	0.0728	0.0213	0.0205
ENSG00000127311.10	HELB	protein_coding	184	102	82	3.3946	0.9943	0.9575
ENSG00000127314.18	RAP1B	protein_coding	1401	699	702	7.0290	2.0589	1.9826
ENSG00000127318.11	IL22	protein_coding	0	0	0	0.0000	0.0000	0.0000
ENSG00000127324.9	TSPAN8	protein_coding	0	0	0	0.0000	0.0000	0.0000
ENSG00000127325.19	BEST3	protein_coding	0	0	0	0.0000	0.0000	0.0000
ENSG00000127328.22	RAB3IP	protein_coding	82	37	45	0.5601	0.1641	0.1580
ENSG00000127329.16	PTPRB	protein_coding	385	257	251	2.2489	0.6587	0.6343
ENSG00000127334.11	DYRK2	protein_coding	3052	1872	1800	27.3682	8.0166	7.7194
ENSG00000127337.7	YEATS4	protein_coding	475	250	225	22.6486	6.6341	6.3882
ENSG00000127362.2	TAS2R3	protein_coding	1	1	0	0.0771	0.0226	0.0218
ENSG00000127364.4	TAS2R4	protein_coding	19	9	10	0.3215	0.0942	0.0907
ENSG00000127366.5	TAS2R5	protein_coding	8	6	2	0.5902	0.1729	0.1665
ENSG00000127377.10	CRYGN	protein_coding	6	5	1	0.1602	0.0469	0.0452
ENSG00000127399.15	LRRC61	protein_coding	64	35	29	2.7616	0.8089	0.7789
ENSG00000127412.7	TRPV5	protein_coding	0	0	0	0.0000	0.0000	0.0000
ENSG00000127415.13	IDUA	protein_coding	1048	640	630	21.9312	6.4240	6.1858
ENSG00000127418.15	FGFRL1	protein_coding	857	413	444	16.7611	4.9096	4.7276
ENSG00000127419.17	TMEM175	protein_coding	1759	838	921	41.2297	12.0768	11.6291
ENSG00000127423.11	AUNIP	protein_coding	124	79	67	4.3730	1.2809	1.2334
ENSG00000127445.14	PIN1	protein_coding	1856	905	952	34.4357	10.0868	9.7128
ENSG00000127452.9	FBXL12	protein_coding	540	282	259	15.7422	4.6111	4.4402
ENSG00000127463.15	EMC1	protein_coding	6613	3479	3538	58.4856	17.1314	16.4962
ENSG00000127472.11	PLA2G5	protein_coding	21	13	9	0.5336	0.1563	0.1505
ENSG00000127481.15	UBR4	protein_coding	10035	4978	5060	34.5556	10.1219	9.7466
ENSG00000127483.19	HP1BP3	protein_coding	8183	4156	4027	70.8002	20.7385	19.9696
ENSG00000127507.18	ADGRE2	protein_coding	204	136	137	2.0046	0.5872	0.5654
ENSG00000127511.10	SIN3B	protein_coding	3363	1701	1662	32.5308	9.5288	9.1755
ENSG00000127515.3	OR7A10	protein_coding	0	0	0	0.0000	0.0000	0.0000
ENSG00000127526.15	SLC35E1	protein_coding	2880	1738	1758	33.5488	9.8270	9.4626
ENSG00000127527.14	EPS15L1	protein_coding	2046	1033	1014	20.6081	6.0364	5.8126
ENSG00000127528.6	KLF2	protein_coding	1118	575	545	33.6670	9.8616	9.4960
ENSG00000127529.7	OR7C2	protein_coding	0	0	0	0.0000	0.0000	0.0000
ENSG00000127530.4	OR7C1	protein_coding	4	13	12	0.0278	0.0082	0.0078
ENSG00000127533.4	F2RL3	protein_coding	10	7	4	0.2547	0.0746	0.0718
ENSG00000127540.12	UQCR11	protein_coding	317	147	170	12.5970	3.6899	3.5531
ENSG00000127554.13	GFER	protein_coding	157	367	348	4.9361	1.4459	1.3923
ENSG00000127561.15	SYNGR3	protein_coding	73	31	43	1.8260	0.5349	0.5150
ENSG00000127564.17	PKMYT1	protein_coding	639	1653	1614	10.9096	3.1956	3.0771
ENSG00000127578.7	WFIKKN1	protein_coding	1	1	0	0.0174	0.0051	0.0049
ENSG00000127580.17	WDR24	protein_coding	542	488	437	12.6067	3.6927	3.5558
ENSG00000127585.12	FBXL16	protein_coding	42	21	21	0.8989	0.2633	0.2535
ENSG00000127586.17	CHTF18	protein_coding	459	248	235	6.5887	1.9299	1.8584
ENSG00000127588.5	GNG13	protein_coding	0	4	0	0.0000	0.0000	0.0000
ENSG00000127589.4	TUBBP1	transcribed_processed_pseudogene	74	31	43	3.8178	1.1183	1.0768
ENSG00000127603.30	MACF1	protein_coding	15926	7972	7974	31.6450	9.2693	8.9257
ENSG00000127616.19	SMARCA4	protein_coding	8735	4393	4344	47.3346	13.8650	13.3510
ENSG00000127663.15	KDM4B	protein_coding	1385	688	698	7.9907	2.3406	2.2538
ENSG00000127666.10	TICAM1	protein_coding	2518	1238	1280	79.6683	23.3361	22.4709
ENSG00000127720.8	METTL25	protein_coding	128	71	80	2.9829	0.8737	0.8414
ENSG00000127743.6	IL17B	protein_coding	52	29	28	3.5989	1.0542	1.0151
ENSG00000127774.7	EMC6	protein_coding	23	409	368	2.5300	0.7411	0.7136
ENSG00000127780.3	OR1E2	protein_coding	0	0	0	0.0000	0.0000	0.0000
ENSG00000127804.13	METTL16	protein_coding	2111	1060	1051	20.0657	5.8776	5.6597
ENSG00000127824.14	TUBA4A	protein_coding	424	229	236	9.0787	2.6593	2.5607
ENSG00000127831.11	VIL1	protein_coding	2	216	199	0.0246	0.0072	0.0070
ENSG00000127837.10	AAMP	protein_coding	6751	3320	3435	187.6589	54.9682	52.9303
ENSG00000127838.14	PNKD	protein_coding	4450	2244	2210	72.8966	21.3526	20.5609
ENSG00000127863.16	TNFRSF19	protein_coding	2832	1448	1384	47.0359	13.7776	13.2668
ENSG00000127870.17	RNF6	protein_coding	1401	713	702	26.7838	7.8454	7.5545
ENSG00000127884.5	ECHS1	protein_coding	6478	3246	3232	430.7867	126.1842	121.5059
ENSG00000127903.14	ZNF835	protein_coding	15	7	9	0.3667	0.1074	0.1034
ENSG00000127914.18	AKAP9	protein_coding	3758	1921	1839	17.4608	5.1145	4.9249
ENSG00000127920.6	GNG11	protein_coding	464	211	253	13.0517	3.8230	3.6813
ENSG00000127922.9	SEM1	protein_coding	3279	1729	1550	24.2345	7.0987	6.8355
ENSG00000127928.13	GNGT1	protein_coding	17	22	9	0.6271	0.1837	0.1769
ENSG00000127946.17	HIP1	protein_coding	7642	3804	3840	72.4692	21.2274	20.4404
ENSG00000127947.16	PTPN12	protein_coding	2840	1455	1385	43.6514	12.7862	12.3121
ENSG00000127948.16	POR	protein_coding	3732	1845	1904	52.4533	15.3644	14.7948
ENSG00000127951.8	FGL2	protein_coding	1032	502	534	13.5244	3.9615	3.8146
ENSG00000127952.17	STYXL1	protein_coding	1514	746	768	63.3972	18.5700	17.8816
ENSG00000127954.13	STEAP4	protein_coding	277	185	206	2.0913	0.6126	0.5899
ENSG00000127955.17	GNAI1	protein_coding	1251	606	646	4.3913	1.2863	1.2386
ENSG00000127957.18	PMS2P3	transcribed_unprocessed_pseudogene	42	17	25	2.1801	0.6386	0.6149
ENSG00000127980.16	PEX1	protein_coding	793	596	537	8.5917	2.5166	2.4233
ENSG00000127989.14	MTERF1	protein_coding	560	288	272	9.7610	2.8591	2.7531
ENSG00000127990.19	SGCE	protein_coding	5246	2681	2772	21.3399	6.2508	6.0191
ENSG00000127993.16	RBM48	protein_coding	438	217	223	5.4466	1.5954	1.5363
ENSG00000127995.17	CASD1	protein_coding	2050	1051	999	33.0964	9.6944	9.3350
ENSG00000128000.17	ZNF780B	protein_coding	373	198	177	3.4284	1.0042	0.9670
ENSG00000128011.5	LRFN1	protein_coding	219	116	105	5.1963	1.5221	1.4656
ENSG00000128016.7	ZFP36	protein_coding	1318	622	697	56.6423	16.5914	15.9763
ENSG00000128039.12	SRD5A3	protein_coding	973	669	783	10.7686	3.1543	3.0374
ENSG00000128040.11	SPINK2	protein_coding	2	0	2	0.2200	0.0644	0.0621
ENSG00000128045.7	RASL11B	protein_coding	5	4	1	0.1737	0.0509	0.0490
ENSG00000128050.9	PAICS	protein_coding	8619	4316	4304	97.3828	28.5250	27.4674
ENSG00000128052.10	KDR	protein_coding	749	358	391	10.0308	2.9382	2.8293
ENSG00000128059.8	PPAT	protein_coding	1184	640	640	18.4861	5.4149	5.2141
ENSG00000128159.12	TUBGCP6	protein_coding	2084	1013	1071	22.9241	6.7148	6.4659
ENSG00000128165.9	ADM2	protein_coding	813	396	417	16.0971	4.7151	4.5403
ENSG00000128185.10	DGCR6L	protein_coding	2755	1370	1387	196.2717	57.4910	55.3596
ENSG00000128191.16	DGCR8	protein_coding	858	551	559	9.9606	2.9176	2.8094
ENSG00000128203.7	ASPHD2	protein_coding	380	303	275	9.5756	2.8048	2.7009
ENSG00000128218.8	VPREB3	protein_coding	47	26	22	7.0393	2.0619	1.9855
ENSG00000128228.5	SDF2L1	protein_coding	4844	2228	2619	388.4369	113.7792	109.5609
ENSG00000128242.13	GAL3ST1	protein_coding	1076	522	555	29.5232	8.6478	8.3272
ENSG00000128245.15	YWHAH	protein_coding	7025	3507	3530	249.4006	73.0533	70.3449
ENSG00000128250.5	RFPL1	protein_coding	0	3	8	0.0000	0.0000	0.0000
ENSG00000128253.15	RFPL2	protein_coding	127	64	64	3.6746	1.0763	1.0364
ENSG00000128254.16	C22orf24	lncRNA	3	8	11	0.0358	0.0105	0.0101
ENSG00000128262.8	POM121L9P	transcribed_unprocessed_pseudogene	4	1	5	0.0661	0.0194	0.0187
ENSG00000128266.9	GNAZ	protein_coding	837	511	527	19.3305	5.6622	5.4523
ENSG00000128268.12	MGAT3	protein_coding	161	85	79	2.3618	0.6918	0.6661
ENSG00000128271.22	ADORA2A	protein_coding	1	0	1	0.0203	0.0059	0.0057
ENSG00000128272.15	ATF4	protein_coding	13459	6580	6879	392.6294	115.0073	110.7434
ENSG00000128274.17	A4GALT	protein_coding	321	172	149	8.1178	2.3778	2.2897
ENSG00000128276.10	RFPL3	protein_coding	1	4	5	0.0566	0.0166	0.0160
ENSG00000128283.7	CDC42EP1	protein_coding	6404	3205	3200	214.1065	62.7152	60.3900
ENSG00000128284.19	APOL3	protein_coding	2215	1128	1094	31.8757	9.3369	8.9907
ENSG00000128285.4	MCHR1	protein_coding	8	4	4	0.2294	0.0672	0.0647
ENSG00000128294.16	TPST2	protein_coding	2023	987	1036	24.8509	7.2792	7.0093
ENSG00000128298.17	BAIAP2L2	protein_coding	792	421	371	31.2969	9.1673	8.8275
ENSG00000128309.16	MPST	protein_coding	177	91	89	2.2235	0.6513	0.6272
ENSG00000128310.3	GALR3	protein_coding	0	0	0	0.0000	0.0000	0.0000
ENSG00000128311.14	TST	protein_coding	97	48	49	4.3885	1.2855	1.2378
ENSG00000128313.2	APOL5	protein_coding	1	0	1	0.0591	0.0173	0.0167
ENSG00000128322.7	IGLL1	protein_coding	3	12	28	0.2837	0.0831	0.0800
ENSG00000128335.14	APOL2	protein_coding	6933	3384	3577	172.3013	50.4697	48.5986
ENSG00000128340.15	RAC2	protein_coding	1745	855	890	58.7341	17.2041	16.5663
ENSG00000128342.5	LIF	protein_coding	4742	2451	2474	104.0281	30.4715	29.3417
ENSG00000128346.11	C22orf23	protein_coding	137	268	292	5.0960	1.4927	1.4373
ENSG00000128383.13	APOBEC3A	protein_coding	9	5	4	0.3240	0.0949	0.0914
ENSG00000128394.17	APOBEC3F	protein_coding	1025	518	507	16.6910	4.8890	4.7078
ENSG00000128408.9	RIBC2	protein_coding	113	61	53	5.2552	1.5393	1.4823
ENSG00000128422.17	KRT17	protein_coding	83	40	43	2.3526	0.6891	0.6636
ENSG00000128438.10	TBC1D27P	transcribed_unprocessed_pseudogene	9	7	3	0.1456	0.0426	0.0411
ENSG00000128463.13	EMC4	protein_coding	1638	1667	1506	31.2935	9.1664	8.8265
ENSG00000128482.16	RNF112	protein_coding	17	6	12	0.3953	0.1158	0.1115
ENSG00000128487.17	SPECC1	protein_coding	8109	4068	4046	35.6983	10.4566	10.0689
ENSG00000128510.12	CPA4	protein_coding	261	134	127	5.5999	1.6403	1.5795
ENSG00000128512.23	DOCK4	protein_coding	1456	772	801	10.3667	3.0366	2.9240
ENSG00000128513.16	POT1	protein_coding	1529	710	821	14.8954	4.3631	4.2013
ENSG00000128519.3	TAS2R16	protein_coding	0	0	0	0.0000	0.0000	0.0000
ENSG00000128524.5	ATP6V1F	protein_coding	4963	4279	4366	553.0973	162.0109	156.0044
ENSG00000128534.8	LSM8	protein_coding	2189	1102	1087	10.7395	3.1458	3.0292
ENSG00000128536.16	CDHR3	protein_coding	101	48	53	0.8819	0.2583	0.2487
ENSG00000128563.13	PRKRIP1	protein_coding	869	456	413	19.9664	5.8485	5.6316
ENSG00000128564.7	VGF	protein_coding	111	57	54	3.5172	1.0303	0.9921
ENSG00000128567.17	PODXL	protein_coding	1233	641	592	15.1903	4.4495	4.2845
ENSG00000128573.26	FOXP2	protein_coding	36	17	19	0.1872	0.0548	0.0528
ENSG00000128578.10	STRIP2	protein_coding	450	245	205	6.5023	1.9046	1.8340
ENSG00000128581.17	IFT22	protein_coding	563	342	362	7.2605	2.1267	2.0479
ENSG00000128585.18	MKLN1	protein_coding	3942	2728	2700	26.0025	7.6165	7.3342
ENSG00000128590.5	DNAJB9	protein_coding	8225	4146	4080	275.2052	80.6119	77.6232
ENSG00000128591.16	FLNC	protein_coding	161	103	66	1.4779	0.4329	0.4169
ENSG00000128594.8	LRRC4	protein_coding	32	22	12	0.6172	0.1808	0.1741
ENSG00000128595.17	CALU	protein_coding	60817	30886	30164	814.3499	238.5358	229.6922
ENSG00000128596.17	CCDC136	protein_coding	303	143	160	4.1249	1.2082	1.1634
ENSG00000128602.11	SMO	protein_coding	170	98	90	3.0393	0.8902	0.8572
ENSG00000128604.20	IRF5	protein_coding	1312	619	693	24.5247	7.1837	6.9173
ENSG00000128606.13	LRRC17	protein_coding	34	17	20	1.0213	0.2992	0.2881
ENSG00000128607.14	KLHDC10	protein_coding	4746	2311	2435	61.2232	17.9332	17.2684
ENSG00000128609.16	NDUFA5	protein_coding	2735	1369	1366	16.9062	4.9521	4.7685
ENSG00000128610.12	FEZF1	protein_coding	0	0	0	0.0000	0.0000	0.0000
ENSG00000128617.2	OPN1SW	protein_coding	6	121	110	0.4649	0.1362	0.1311
ENSG00000128626.12	MRPS12	protein_coding	1504	785	720	72.8166	21.3291	20.5384
ENSG00000128641.19	MYO1B	protein_coding	9267	4625	4645	82.5509	24.1805	23.2840
ENSG00000128645.15	HOXD1	protein_coding	13	33	34	0.5853	0.1715	0.1651
ENSG00000128652.11	HOXD3	protein_coding	14	51	53	0.3351	0.0982	0.0945
ENSG00000128654.14	MTX2	protein_coding	1889	959	930	93.4273	27.3663	26.3517
ENSG00000128655.18	PDE11A	protein_coding	3	2	1	0.0208	0.0061	0.0059
ENSG00000128656.15	CHN1	protein_coding	2127	1055	1072	19.2114	5.6273	5.4187
ENSG00000128683.14	GAD1	protein_coding	20	17	8	0.2061	0.0604	0.0581
ENSG00000128692.8	EIF2S2P4	processed_pseudogene	28	16	12	2.4164	0.7078	0.6816
ENSG00000128694.12	OSGEPL1	protein_coding	490	290	308	11.6135	3.4018	3.2756
ENSG00000128699.14	ORMDL1	protein_coding	1619	877	914	34.3115	10.0504	9.6778
ENSG00000128708.13	HAT1	protein_coding	1869	962	907	23.3612	6.8429	6.5892
ENSG00000128709.13	HOXD9	protein_coding	218	102	116	9.8945	2.8983	2.7908
ENSG00000128710.6	HOXD10	protein_coding	9	6	3	0.3072	0.0900	0.0866
ENSG00000128713.14	HOXD11	protein_coding	0	0	0	0.0000	0.0000	0.0000
ENSG00000128714.6	HOXD13	protein_coding	812	420	392	28.5411	8.3601	8.0502
ENSG00000128731.18	HERC2	protein_coding	3530	1820	1714	14.8474	4.3490	4.1878
ENSG00000128739.23	SNRPN	protein_coding	43	17	26	1.0715	0.3139	0.3022
ENSG00000128789.21	PSMG2	protein_coding	1017	528	509	31.3027	9.1690	8.8291
ENSG00000128791.12	TWSG1	protein_coding	2444	1194	1250	46.7972	13.7076	13.1994
ENSG00000128805.15	ARHGAP22	protein_coding	737	378	359	9.2365	2.7055	2.6052
ENSG00000128815.19	WDFY4	protein_coding	370	194	237	2.2972	0.6729	0.6479
ENSG00000128829.12	EIF2AK4	protein_coding	7794	3960	3839	55.2110	16.1722	15.5726
ENSG00000128833.13	MYO5C	protein_coding	90	46	57	0.7604	0.2227	0.2145
ENSG00000128849.11	CGNL1	protein_coding	296	161	149	2.9049	0.8509	0.8194
ENSG00000128872.10	TMOD2	protein_coding	2500	1240	1262	18.3097	5.3632	5.1644
ENSG00000128881.17	TTBK2	protein_coding	1014	778	772	6.6643	1.9521	1.8797
ENSG00000128886.12	ELL3	protein_coding	2	20	30	0.0679	0.0199	0.0192
ENSG00000128891.16	CCDC32	protein_coding	265	467	490	2.6022	0.7622	0.7340
ENSG00000128908.17	INO80	protein_coding	2184	1168	1145	26.7242	7.8280	7.5377
ENSG00000128915.12	ICE2	protein_coding	739	371	369	3.9198	1.1482	1.1056
ENSG00000128917.8	DLL4	protein_coding	181	86	96	3.2332	0.9471	0.9119
ENSG00000128918.15	ALDH1A2	protein_coding	36	24	14	0.3762	0.1102	0.1061
ENSG00000128923.11	MINDY2	protein_coding	2886	1462	1502	25.9235	7.5934	7.3119
ENSG00000128928.10	IVD	protein_coding	2323	1158	1166	28.7692	8.4269	8.1145
ENSG00000128944.13	KNSTRN	protein_coding	582	294	288	13.5259	3.9620	3.8151
ENSG00000128951.14	DUT	protein_coding	1573	824	860	36.3582	10.6499	10.2550
ENSG00000128965.13	CHAC1	protein_coding	1356	709	647	56.1444	16.4456	15.8359
ENSG00000128973.13	CLN6	protein_coding	2354	1152	1202	27.2199	7.9731	7.6775
ENSG00000128989.11	ARPP19	protein_coding	8164	4095	4071	101.4176	29.7068	28.6054
ENSG00000129003.19	VPS13C	protein_coding	5651	2840	2913	24.3560	7.1342	6.8697
ENSG00000129007.14	CALML4	protein_coding	3	59	91	0.0506	0.0148	0.0143
ENSG00000129009.13	ISLR	protein_coding	8196	4062	4136	264.4407	77.4588	74.5871
ENSG00000129028.9	THAP10	protein_coding	104	67	38	4.3145	1.2638	1.2169
ENSG00000129038.16	LOXL1	protein_coding	621	326	338	14.4998	4.2472	4.0897
ENSG00000129048.7	ACKR4	protein_coding	46	89	94	1.4636	0.4287	0.4128
ENSG00000129055.13	ANAPC13	protein_coding	1808	972	1052	65.1682	19.0888	18.3811
ENSG00000129071.10	MBD4	protein_coding	1271	684	588	32.1902	9.4290	9.0794
ENSG00000129083.13	COPB1	protein_coding	4395	2202	2193	73.2102	21.4444	20.6494
ENSG00000129084.18	PSMA1	protein_coding	237	105	132	6.5987	1.9329	1.8612
ENSG00000129103.19	SUMF2	protein_coding	12222	7806	7340	253.0841	74.1323	71.3838
ENSG00000129116.19	PALLD	protein_coding	1316	699	705	11.0343	3.2321	3.1123
ENSG00000129128.13	SPCS3	protein_coding	8959	4834	4690	111.4076	32.6330	31.4232
ENSG00000129151.9	BBOX1	protein_coding	28	15	13	0.9650	0.2827	0.2722
ENSG00000129152.4	MYOD1	protein_coding	0	0	0	0.0000	0.0000	0.0000
ENSG00000129158.11	SERGEF	protein_coding	335	162	173	8.3993	2.4603	2.3691
ENSG00000129159.9	KCNC1	protein_coding	1	0	1	0.0059	0.0017	0.0017
ENSG00000129167.9	TPH1	protein_coding	5	1	4	0.0755	0.0221	0.0213
ENSG00000129170.10	CSRP3	protein_coding	0	0	0	0.0000	0.0000	0.0000
ENSG00000129173.13	E2F8	protein_coding	69	31	38	1.4174	0.4152	0.3998
ENSG00000129187.14	DCTD	protein_coding	3965	2002	1963	97.1464	28.4557	27.4007
ENSG00000129194.8	SOX15	protein_coding	16	8	13	0.9275	0.2717	0.2616
ENSG00000129195.16	PIMREG	protein_coding	659	337	330	20.0081	5.8607	5.6434
ENSG00000129197.14	RPAIN	protein_coding	545	584	579	6.2290	1.8246	1.7569
ENSG00000129204.17	USP6	protein_coding	20	16	6	0.1455	0.0426	0.0410
ENSG00000129214.15	SHBG	protein_coding	9	5	4	0.3878	0.1136	0.1094
ENSG00000129219.14	PLD2	protein_coding	1841	953	888	32.3548	9.4772	9.1259
ENSG00000129221.16	AIPL1	protein_coding	0	0	0	0.0000	0.0000	0.0000
ENSG00000129226.14	CD68	protein_coding	9	7	15	0.3533	0.1035	0.0997
ENSG00000129235.11	TXNDC17	protein_coding	1535	980	955	36.6469	10.7344	10.3365
ENSG00000129244.9	ATP1B2	protein_coding	123	65	59	3.0154	0.8832	0.8505
ENSG00000129245.12	FXR2	protein_coding	3148	1841	1881	61.3563	17.9722	17.3059
ENSG00000129250.12	KIF1C	protein_coding	7742	4271	4085	76.6442	22.4503	21.6180
ENSG00000129255.16	MPDU1	protein_coding	3504	2176	2267	90.4441	26.4925	25.5103
ENSG00000129292.21	PHF20L1	protein_coding	2642	1492	1510	10.9066	3.1947	3.0763
ENSG00000129295.9	LRRC6	protein_coding	12	3	9	0.2375	0.0696	0.0670
ENSG00000129315.11	CCNT1	protein_coding	1705	804	901	19.6165	5.7460	5.5329
ENSG00000129317.15	PUS7L	protein_coding	1180	645	606	7.1504	2.0945	2.0168
ENSG00000129347.21	KRI1	protein_coding	2501	1473	1453	49.9262	14.6242	14.0820
ENSG00000129351.17	ILF3	protein_coding	11405	5659	5749	87.8713	25.7389	24.7846
ENSG00000129353.15	SLC44A2	protein_coding	4184	2080	2105	71.7502	21.0168	20.2376
ENSG00000129354.12	AP1M2	protein_coding	0	0	1	0.0000	0.0000	0.0000
ENSG00000129355.7	CDKN2D	protein_coding	665	344	321	37.5230	10.9911	10.5836
ENSG00000129422.14	MTUS1	protein_coding	11983	6573	6804	84.7295	24.8186	23.8985
ENSG00000129437.11	KLK14	protein_coding	8	4	4	0.5709	0.1672	0.1610
ENSG00000129450.8	SIGLEC9	protein_coding	91	56	35	3.0436	0.8915	0.8585
ENSG00000129451.12	KLK10	protein_coding	3	6	2	0.0671	0.0196	0.0189
ENSG00000129455.15	KLK8	protein_coding	0	0	0	0.0000	0.0000	0.0000
ENSG00000129460.16	NGDN	protein_coding	931	466	465	16.9914	4.9770	4.7925
ENSG00000129465.16	RIPK3	protein_coding	75	40	35	1.9724	0.5778	0.5563
ENSG00000129467.14	ADCY4	protein_coding	150	72	78	1.5790	0.4625	0.4454
ENSG00000129472.15	RAB2B	protein_coding	2310	1159	1249	54.5361	15.9745	15.3822
ENSG00000129473.11	BCL2L2	protein_coding	3181	1570	1662	55.8124	16.3483	15.7422
ENSG00000129474.16	AJUBA	protein_coding	215	99	116	3.1024	0.9088	0.8751
ENSG00000129480.13	DTD2	protein_coding	142	308	250	4.0643	1.1905	1.1464
ENSG00000129484.14	PARP2	protein_coding	665	368	372	13.9025	4.0723	3.9213
ENSG00000129493.15	HEATR5A	protein_coding	1928	1081	1119	16.0296	4.6953	4.5213
ENSG00000129514.8	FOXA1	protein_coding	9	1	8	0.1731	0.0507	0.0488
ENSG00000129515.20	SNX6	protein_coding	3542	1804	1739	73.6684	21.5786	20.7786
ENSG00000129518.9	EAPP	protein_coding	1143	578	565	48.0277	14.0681	13.5465
ENSG00000129521.15	EGLN3	protein_coding	310	152	158	3.5754	1.0473	1.0084
ENSG00000129534.14	MIS18BP1	protein_coding	820	402	418	11.1416	3.2635	3.1425
ENSG00000129535.13	NRL	protein_coding	37	58	74	0.6900	0.2021	0.1946
ENSG00000129538.14	RNASE1	protein_coding	2213	1109	1104	173.5263	50.8286	48.9441
ENSG00000129559.13	NEDD8	protein_coding	919	465	454	20.6078	6.0364	5.8126
ENSG00000129562.11	DAD1	protein_coding	6421	3180	3242	716.5232	209.8809	202.0996
ENSG00000129566.13	TEP1	protein_coding	2821	1401	1420	21.0141	6.1554	5.9271
ENSG00000129595.14	EPB41L4A	protein_coding	30	61	84	0.2970	0.0870	0.0838
ENSG00000129596.5	CDO1	protein_coding	38	23	15	1.7038	0.4991	0.4806
ENSG00000129625.13	REEP5	protein_coding	6320	3206	3156	135.0521	39.5589	38.0923
ENSG00000129636.13	ITFG1	protein_coding	4111	2519	2544	45.2271	13.2477	12.7566
ENSG00000129646.14	QRICH2	protein_coding	62	33	29	0.9117	0.2671	0.2572
ENSG00000129654.8	FOXJ1	protein_coding	2	1	1	0.0657	0.0192	0.0185
ENSG00000129657.16	SEC14L1	protein_coding	2440	1224	1216	20.0083	5.8607	5.6435
ENSG00000129667.13	RHBDF2	protein_coding	8632	4290	4343	103.9027	30.4347	29.3064
ENSG00000129673.10	AANAT	protein_coding	10	3	9	0.3939	0.1154	0.1111
ENSG00000129675.16	ARHGEF6	protein_coding	1761	884	877	28.3336	8.2994	7.9917
ENSG00000129680.16	MAP7D3	protein_coding	1340	634	706	16.5277	4.8412	4.6617
ENSG00000129682.16	FGF13	protein_coding	12	6	6	0.0491	0.0144	0.0139
ENSG00000129691.16	ASH2L	protein_coding	2911	1415	1506	43.6832	12.7955	12.3211
ENSG00000129696.13	TTI2	protein_coding	823	852	840	18.3630	5.3788	5.1794
ENSG00000129744.3	ART1	protein_coding	0	0	0	0.0000	0.0000	0.0000
ENSG00000129749.3	CHRNA10	protein_coding	7	6	1	0.2199	0.0644	0.0620
ENSG00000129757.14	CDKN1C	protein_coding	79	36	43	2.7051	0.7924	0.7630
ENSG00000129810.15	SGO1	protein_coding	84	78	79	1.9063	0.5584	0.5377
ENSG00000129816.5	TTTY1B	lncRNA	0	0	0	0.0000	0.0000	0.0000
ENSG00000129824.16	RPS4Y1	protein_coding	1060	515	545	41.6932	12.2126	11.7598
ENSG00000129845.5	TTTY1	lncRNA	0	0	0	0.0000	0.0000	0.0000
ENSG00000129862.7	VCY1B	protein_coding	0	0	0	0.0000	0.0000	0.0000
ENSG00000129864.6	VCY	protein_coding	0	0	0	0.0000	0.0000	0.0000
ENSG00000129873.7	CDY2B	protein_coding	0	0	0	0.0000	0.0000	0.0000
ENSG00000129910.8	CDH15	protein_coding	694	349	345	12.6823	3.7149	3.5771
ENSG00000129911.9	KLF16	protein_coding	1043	739	715	29.8624	8.7472	8.4229
ENSG00000129925.11	PGAP6	protein_coding	7624	3788	3864	146.2135	42.8282	41.2404
ENSG00000129932.10	DOHH	protein_coding	786	393	393	31.4698	9.2180	8.8762
ENSG00000129933.21	MAU2	protein_coding	2585	1276	1309	19.9636	5.8476	5.6308
ENSG00000129946.10	SHC2	protein_coding	1513	741	774	31.1026	9.1104	8.7727
ENSG00000129951.19	PLPPR3	protein_coding	1	1	0	0.0312	0.0091	0.0088
ENSG00000129965.15	INS-IGF2	protein_coding	0	0	0	0.0000	0.0000	0.0000
ENSG00000129968.17	ABHD17A	protein_coding	1157	607	550	15.9424	4.6698	4.4966
ENSG00000129988.6	LBP	protein_coding	3	1	2	0.1396	0.0409	0.0394
ENSG00000129990.15	SYT5	protein_coding	41	24	17	0.6698	0.1962	0.1889
ENSG00000129991.13	TNNI3	protein_coding	13	6	7	0.5428	0.1590	0.1531
ENSG00000129993.15	CBFA2T3	protein_coding	90	59	44	1.2791	0.3747	0.3608
ENSG00000130005.13	GAMT	protein_coding	875	416	459	30.9219	9.0575	8.7217
ENSG00000130021.15	PUDP	protein_coding	1154	594	610	25.6473	7.5125	7.2340
ENSG00000130023.16	ERMARD	protein_coding	333	171	162	6.6273	1.9412	1.8693
ENSG00000130024.15	PHF10	protein_coding	1029	583	616	14.6077	4.2788	4.1202
ENSG00000130032.17	PRRG3	protein_coding	33	14	19	0.4295	0.1258	0.1212
ENSG00000130035.9	GALNT8	protein_coding	4	3	1	0.0767	0.0225	0.0216
ENSG00000130037.5	KCNA5	protein_coding	3	2	1	0.0875	0.0256	0.0247
ENSG00000130038.10	CRACR2A	protein_coding	41	16	25	0.2793	0.0818	0.0788
ENSG00000130045.16	NXNL2	protein_coding	0	0	0	0.0000	0.0000	0.0000
ENSG00000130052.13	STARD8	protein_coding	638	330	308	9.7480	2.8553	2.7495
ENSG00000130054.5	FAM155B	protein_coding	30	16	14	0.5170	0.1514	0.1458
ENSG00000130055.14	GDPD2	protein_coding	12	7	5	0.3863	0.1132	0.1090
ENSG00000130066.16	SAT1	protein_coding	3341	1677	1665	113.5785	33.2689	32.0355
ENSG00000130119.17	GNL3L	protein_coding	2027	1019	1008	14.4057	4.2197	4.0632
ENSG00000130147.16	SH3BP4	protein_coding	1688	837	851	20.2323	5.9264	5.7066
ENSG00000130150.12	MOSPD2	protein_coding	2814	1357	1457	42.1012	12.3321	11.8749
ENSG00000130158.14	DOCK6	protein_coding	1949	1076	1069	13.2641	3.8853	3.7412
ENSG00000130159.14	ECSIT	protein_coding	1759	882	877	63.4289	18.5793	17.8905
ENSG00000130164.14	LDLR	protein_coding	298	160	161	3.3202	0.9725	0.9365
ENSG00000130165.10	ELOF1	protein_coding	2543	1304	1239	51.7500	15.1584	14.5964
ENSG00000130167.14	TSPAN16	protein_coding	0	0	0	0.0000	0.0000	0.0000
ENSG00000130173.13	ANGPTL8	protein_coding	1	76	74	0.0694	0.0203	0.0196
ENSG00000130175.10	PRKCSH	protein_coding	29949	16270	15522	491.9308	144.0943	138.7520
ENSG00000130176.8	CNN1	protein_coding	94	49	45	2.8137	0.8242	0.7936
ENSG00000130177.16	CDC16	protein_coding	4026	1942	2084	86.3576	25.2955	24.3577
ENSG00000130182.8	ZSCAN10	protein_coding	0	0	0	0.0000	0.0000	0.0000
ENSG00000130193.8	THEM6	protein_coding	1422	742	696	39.7881	11.6546	11.2225
ENSG00000130202.10	NECTIN2	protein_coding	1728	897	902	39.2150	11.4867	11.0608
ENSG00000130203.10	APOE	protein_coding	12353	6317	6038	487.0113	142.6532	137.3644
ENSG00000130204.13	TOMM40	protein_coding	2991	1506	1487	70.3593	20.6093	19.8453
ENSG00000130208.9	APOC1	protein_coding	728	347	381	50.2210	14.7105	14.1651
ENSG00000130222.11	GADD45G	protein_coding	35	12	23	2.2466	0.6581	0.6337
ENSG00000130224.15	LRCH2	protein_coding	1700	840	860	29.1469	8.5376	8.2211
ENSG00000130226.17	DPP6	protein_coding	11	3	8	0.0687	0.0201	0.0194
ENSG00000130227.17	XPO7	protein_coding	8845	4376	4470	108.5749	31.8033	30.6242
ENSG00000130234.12	ACE2	protein_coding	88	51	37	0.7694	0.2254	0.2170
ENSG00000130244.12	FAM98C	protein_coding	392	200	203	7.2398	2.1207	2.0420
ENSG00000130254.12	SAFB2	protein_coding	1963	1006	964	27.7000	8.1138	7.8130
ENSG00000130255.13	RPL36	protein_coding	10196	5101	5176	381.2633	111.6780	107.5375
ENSG00000130270.16	ATP8B3	protein_coding	212	102	110	2.5667	0.7518	0.7240
ENSG00000130283.9	GDF1	protein_coding	0	0	0	0.0000	0.0000	0.0000
ENSG00000130287.14	NCAN	protein_coding	2	2	0	0.0245	0.0072	0.0069
ENSG00000130294.17	KIF1A	protein_coding	3	2	2	0.0142	0.0042	0.0040
ENSG00000130299.17	GTPBP3	protein_coding	870	432	440	16.3164	4.7793	4.6021
ENSG00000130300.9	PLVAP	protein_coding	3150	1549	1602	116.5575	34.1415	32.8757
ENSG00000130303.13	BST2	protein_coding	12206	6088	6123	941.4523	275.7661	265.5421
ENSG00000130304.17	SLC27A1	protein_coding	5154	2820	2740	53.3496	15.6269	15.0476
ENSG00000130305.17	NSUN5	protein_coding	1161	612	552	29.2213	8.5594	8.2420
ENSG00000130307.12	USHBP1	protein_coding	39	20	21	0.6447	0.1888	0.1818
ENSG00000130309.11	COLGALT1	protein_coding	6500	3173	3330	113.9284	33.3714	32.1342
ENSG00000130311.11	DDA1	protein_coding	2061	1064	1023	38.1060	11.1619	10.7480
ENSG00000130312.7	MRPL34	protein_coding	1495	848	850	83.3592	24.4172	23.5120
ENSG00000130313.7	PGLS	protein_coding	1776	964	962	53.1052	15.5553	14.9786
ENSG00000130332.15	LSM7	protein_coding	1164	597	567	58.6284	17.1732	16.5365
ENSG00000130338.13	TULP4	protein_coding	2519	1258	1261	17.4127	5.1004	4.9113
ENSG00000130340.16	SNX9	protein_coding	3904	2130	2075	71.2201	20.8615	20.0880
ENSG00000130347.13	RTN4IP1	protein_coding	348	169	186	9.2786	2.7178	2.6171
ENSG00000130348.11	QRSL1	protein_coding	644	302	342	10.0291	2.9377	2.8288
ENSG00000130349.10	MTRES1	protein_coding	340	165	175	12.5863	3.6867	3.5500
ENSG00000130363.12	RSPH3	protein_coding	485	267	251	6.2631	1.8346	1.7666
ENSG00000130368.7	MAS1	protein_coding	0	0	0	0.0000	0.0000	0.0000
ENSG00000130377.13	ACSBG2	protein_coding	0	0	0	0.0000	0.0000	0.0000
ENSG00000130382.9	MLLT1	protein_coding	4445	2213	2234	79.2175	23.2040	22.3438
ENSG00000130383.7	FUT5	protein_coding	0	0	0	0.0000	0.0000	0.0000
ENSG00000130385.6	BMP15	protein_coding	0	0	0	0.0000	0.0000	0.0000
ENSG00000130396.20	AFDN	protein_coding	2063	1062	1001	12.7690	3.7402	3.6016
ENSG00000130402.13	ACTN4	protein_coding	36717	19957	19719	510.8165	149.6262	144.0788
ENSG00000130413.15	STK33	protein_coding	1	0	1	0.0112	0.0033	0.0032
ENSG00000130414.13	NDUFA10	protein_coding	1971	1069	902	8.6460	2.5326	2.4387
ENSG00000130427.3	EPO	protein_coding	1	1	0	0.0511	0.0150	0.0144
ENSG00000130429.15	ARPC1B	protein_coding	64	58	58	1.3628	0.3992	0.3844
ENSG00000130433.7	CACNG6	protein_coding	0	0	0	0.0000	0.0000	0.0000
ENSG00000130449.6	ZSWIM6	protein_coding	675	366	309	10.3881	3.0428	2.9300
ENSG00000130475.14	FCHO1	protein_coding	144	67	77	2.1476	0.6291	0.6057
ENSG00000130477.15	UNC13A	protein_coding	120	53	67	0.9108	0.2668	0.2569
ENSG00000130479.11	MAP1S	protein_coding	2160	1427	1468	37.1839	10.8917	10.4879
ENSG00000130487.9	KLHDC7B	protein_coding	148	83	65	2.4523	0.7183	0.6917
ENSG00000130508.11	PXDN	protein_coding	1133	544	589	8.5403	2.5016	2.4088
ENSG00000130511.16	SSBP4	protein_coding	1109	646	663	31.6667	9.2757	8.9318
ENSG00000130513.6	GDF15	protein_coding	10163	5350	4814	413.5345	121.1307	116.6398
ENSG00000130517.14	PGPEP1	protein_coding	2164	1103	1061	24.4730	7.1685	6.9028
ENSG00000130518.17	IQCN	protein_coding	228	101	130	2.1151	0.6196	0.5966
ENSG00000130520.11	LSM4	protein_coding	2947	1442	1505	87.4731	25.6222	24.6723
ENSG00000130522.6	JUND	protein_coding	2984	1478	1506	131.3648	38.4788	37.0522
ENSG00000130528.12	HRC	protein_coding	15	4	11	0.4794	0.1404	0.1352
ENSG00000130529.16	TRPM4	protein_coding	2226	1100	1126	28.6240	8.3844	8.0736
ENSG00000130538.6	OR11H1	protein_coding	0	0	0	0.0000	0.0000	0.0000
ENSG00000130540.14	SULT4A1	protein_coding	0	0	0	0.0000	0.0000	0.0000
ENSG00000130544.12	ZNF557	protein_coding	630	297	334	9.2898	2.7211	2.6202
ENSG00000130545.16	CRB3	protein_coding	2	2	1	0.1062	0.0311	0.0299
ENSG00000130558.20	OLFM1	protein_coding	170	77	93	2.3570	0.6904	0.6648
ENSG00000130559.19	CAMSAP1	protein_coding	1595	834	761	15.1170	4.4280	4.2638
ENSG00000130560.9	UBAC1	protein_coding	720	327	393	20.5729	6.0261	5.8027
ENSG00000130561.17	SAG	protein_coding	1	0	1	0.0071	0.0021	0.0020
ENSG00000130584.12	ZBTB46	protein_coding	132	117	119	1.5819	0.4634	0.4462
ENSG00000130589.16	HELZ2	protein_coding	7357	3704	3656	51.7785	15.1667	14.6044
ENSG00000130590.14	SAMD10	protein_coding	107	49	58	3.7088	1.0864	1.0461
ENSG00000130592.17	LSP1	protein_coding	1848	1257	1137	25.2263	7.3892	7.1152
ENSG00000130595.19	TNNT3	protein_coding	26	16	10	0.8126	0.2380	0.2292
ENSG00000130598.16	TNNI2	protein_coding	29	10	20	2.2594	0.6618	0.6373
ENSG00000130600.19	H19	lncRNA	681	425	426	19.9623	5.8473	5.6305
ENSG00000130612.16	CYP2G1P	transcribed_unprocessed_pseudogene	0	0	0	0.0000	0.0000	0.0000
ENSG00000130635.16	COL5A1	protein_coding	8961	4536	4549	68.1875	19.9732	19.2327
ENSG00000130638.17	ATXN10	protein_coding	6794	3458	3336	112.5316	32.9623	31.7402
ENSG00000130640.13	TUBGCP2	protein_coding	4449	2370	2340	49.0855	14.3779	13.8449
ENSG00000130643.9	CALY	protein_coding	1	1	0	0.0282	0.0083	0.0080
ENSG00000130649.10	CYP2E1	protein_coding	6	7	2	0.0530	0.0155	0.0149
ENSG00000130653.16	PNPLA7	protein_coding	71	37	35	0.6124	0.1794	0.1727
ENSG00000130656.6	HBZ	protein_coding	6	2	4	0.4392	0.1287	0.1239
ENSG00000130669.17	PAK4	protein_coding	3175	1562	1614	37.8949	11.1000	10.6885
ENSG00000130675.15	MNX1	protein_coding	0	0	0	0.0000	0.0000	0.0000
ENSG00000130684.14	ZNF337	protein_coding	93	518	517	1.6267	0.4765	0.4588
ENSG00000130695.16	CEP85	protein_coding	773	395	379	12.7587	3.7372	3.5987
ENSG00000130699.18	TAF4	protein_coding	924	465	459	8.0003	2.3434	2.2565
ENSG00000130700.7	GATA5	protein_coding	0	0	0	0.0000	0.0000	0.0000
ENSG00000130701.4	RBBP8NL	protein_coding	0	0	0	0.0000	0.0000	0.0000
ENSG00000130702.15	LAMA5	protein_coding	1362	1706	1698	8.0933	2.3707	2.2828
ENSG00000130703.17	OSBPL2	protein_coding	1768	901	867	11.5076	3.3707	3.2458
ENSG00000130706.13	ADRM1	protein_coding	2163	2842	2736	85.7530	25.1184	24.1871
ENSG00000130707.18	ASS1	protein_coding	236	123	113	6.6406	1.9451	1.8730
ENSG00000130711.5	PRDM12	protein_coding	1	1	0	0.0342	0.0100	0.0097
ENSG00000130713.16	EXOSC2	protein_coding	637	290	347	12.7581	3.7370	3.5985
ENSG00000130714.18	POMT1	protein_coding	814	448	459	8.2214	2.4082	2.3189
ENSG00000130717.13	UCK1	protein_coding	994	472	524	31.4497	9.2121	8.8706
ENSG00000130720.13	FIBCD1	protein_coding	0	0	0	0.0000	0.0000	0.0000
ENSG00000130723.21	PRRC2B	protein_coding	5552	3927	3991	37.9337	11.1114	10.6994
ENSG00000130724.9	CHMP2A	protein_coding	5454	2704	2750	219.5053	64.2965	61.9127
ENSG00000130725.8	UBE2M	protein_coding	3450	1721	1729	168.0869	49.2353	47.4099
ENSG00000130726.12	TRIM28	protein_coding	10182	5264	4918	200.8035	58.8185	56.6378
ENSG00000130731.16	METTL26	protein_coding	1264	618	646	58.6554	17.1811	16.5441
ENSG00000130733.11	YIPF2	protein_coding	1819	1780	1933	61.3464	17.9693	17.3031
ENSG00000130734.10	ATG4D	protein_coding	559	511	469	20.8387	6.1040	5.8777
ENSG00000130741.11	EIF2S3	protein_coding	7405	3730	3676	154.0887	45.1350	43.4616
ENSG00000130748.7	TMEM160	protein_coding	117	60	57	15.1690	4.4432	4.2785
ENSG00000130749.10	ZC3H4	protein_coding	2637	1309	1328	34.3143	10.0512	9.6786
ENSG00000130751.10	NPAS1	protein_coding	34	20	14	1.1257	0.3297	0.3175
ENSG00000130755.13	GMFG	protein_coding	513	256	258	31.3863	9.1935	8.8527
ENSG00000130758.8	MAP3K10	protein_coding	960	457	505	16.6920	4.8893	4.7081
ENSG00000130762.15	ARHGEF16	protein_coding	232	117	115	3.7005	1.0839	1.0438
ENSG00000130764.10	LRRC47	protein_coding	2014	1175	1173	37.9308	11.1105	10.6986
ENSG00000130766.5	SESN2	protein_coding	1159	553	608	28.4295	8.3274	8.0187
ENSG00000130768.15	SMPDL3B	protein_coding	57	39	56	1.8177	0.5324	0.5127
ENSG00000130770.18	ATP5IF1	protein_coding	2422	1214	1210	92.4392	27.0769	26.0730
ENSG00000130772.14	MED18	protein_coding	777	379	398	32.7135	9.5823	9.2270
ENSG00000130775.16	THEMIS2	protein_coding	1334	684	650	24.5150	7.1808	6.9146
ENSG00000130779.21	CLIP1	protein_coding	3898	1937	1963	17.8361	5.2245	5.0308
ENSG00000130783.14	CCDC62	protein_coding	3	2	1	0.0595	0.0174	0.0168
ENSG00000130787.14	HIP1R	protein_coding	470	230	240	5.6438	1.6531	1.5919
ENSG00000130803.15	ZNF317	protein_coding	1783	871	912	29.9947	8.7859	8.4602
ENSG00000130810.20	PPAN	protein_coding	95	42	53	2.7934	0.8182	0.7879
ENSG00000130811.12	EIF3G	protein_coding	4840	3057	2724	117.8031	34.5064	33.2271
ENSG00000130812.10	ANGPTL6	protein_coding	13	268	224	0.5062	0.1483	0.1428
ENSG00000130813.18	SHFL	protein_coding	778	802	794	15.2196	4.4580	4.2928
ENSG00000130816.17	DNMT1	protein_coding	4738	2338	2402	26.1625	7.6634	7.3793
ENSG00000130818.12	ZNF426	protein_coding	950	460	490	10.6910	3.1316	3.0155
ENSG00000130821.17	SLC6A8	protein_coding	9654	4988	4989	143.9042	42.1518	40.5890
ENSG00000130822.16	PNCK	protein_coding	39	170	188	0.6523	0.1911	0.1840
ENSG00000130826.18	DKC1	protein_coding	2729	1367	1363	55.1387	16.1510	15.5522
ENSG00000130827.6	PLXNA3	protein_coding	1572	792	787	11.4001	3.3393	3.2155
ENSG00000130829.18	DUSP9	protein_coding	475	248	228	14.5674	4.2670	4.1088
ENSG00000130830.15	MPP1	protein_coding	1554	809	745	24.4563	7.1636	6.8981
ENSG00000130844.19	ZNF331	protein_coding	75	36	39	0.7333	0.2148	0.2068
ENSG00000130856.17	ZNF236	protein_coding	308	143	165	2.3458	0.6871	0.6616
ENSG00000130876.11	SLC7A10	protein_coding	1	0	1	0.0273	0.0080	0.0077
ENSG00000130881.14	LRP3	protein_coding	207	96	111	3.2882	0.9632	0.9274
ENSG00000130921.8	C12orf65	protein_coding	365	226	211	4.7171	1.3817	1.3305
ENSG00000130935.10	NOL11	protein_coding	1631	835	796	30.0120	8.7910	8.4651
ENSG00000130939.20	UBE4B	protein_coding	2312	1111	1202	21.2554	6.2260	5.9952
ENSG00000130940.15	CASZ1	protein_coding	47	50	45	0.3521	0.1031	0.0993
ENSG00000130943.7	PKDREJ	protein_coding	2	1	1	0.0221	0.0065	0.0062
ENSG00000130948.10	HSD17B3	protein_coding	2	1	2	0.0659	0.0193	0.0186
ENSG00000130950.14	NUTM2F	protein_coding	0	0	0	0.0000	0.0000	0.0000
ENSG00000130956.14	HABP4	protein_coding	2238	1504	1409	46.4902	13.6177	13.1128
ENSG00000130957.5	FBP2	protein_coding	3	8	12	0.1907	0.0559	0.0538
ENSG00000130958.13	SLC35D2	protein_coding	158	66	92	3.5060	1.0270	0.9889
ENSG00000130962.18	PRRG1	protein_coding	1113	572	542	15.3860	4.5068	4.3397
ENSG00000130985.17	UBA1	protein_coding	19530	9609	9921	257.6505	75.4699	72.6718
ENSG00000130988.13	RGN	protein_coding	1	1	0	0.0302	0.0088	0.0085
ENSG00000130997.16	POLN	protein_coding	8	4	4	0.0880	0.0258	0.0248
ENSG00000131002.12	TXLNGY	transcribed_unprocessed_pseudogene	175	92	83	1.3062	0.3826	0.3684
ENSG00000131007.9	TTTY9B	lncRNA	0	0	0	0.0000	0.0000	0.0000
ENSG00000131013.4	PPIL4	protein_coding	748	383	365	21.9870	6.4403	6.2016
ENSG00000131015.5	ULBP2	protein_coding	26	15	12	1.6539	0.4844	0.4665
ENSG00000131016.17	AKAP12	protein_coding	4037	2085	1952	39.0682	11.4437	11.0194
ENSG00000131018.24	SYNE1	protein_coding	1961	993	983	3.5670	1.0448	1.0061
ENSG00000131019.11	ULBP3	protein_coding	53	25	28	1.4467	0.4238	0.4081
ENSG00000131023.13	LATS1	protein_coding	708	376	348	7.0800	2.0739	1.9970
ENSG00000131037.15	EPS8L1	protein_coding	204	91	114	3.2435	0.9501	0.9149
ENSG00000131042.15	LILRB2	protein_coding	393	171	223	8.7389	2.5598	2.4648
ENSG00000131043.12	AAR2	protein_coding	2290	1147	1144	62.7113	18.3691	17.6881
ENSG00000131044.17	TTLL9	protein_coding	4	6	2	0.0550	0.0161	0.0155
ENSG00000131050.11	BPIFA2	protein_coding	0	0	0	0.0000	0.0000	0.0000
ENSG00000131051.24	RBM39	protein_coding	5144	2570	2574	36.4816	10.6860	10.2899
ENSG00000131055.5	COX4I2	protein_coding	17	7	10	2.1579	0.6321	0.6087
ENSG00000131059.12	BPIFA3	protein_coding	0	0	0	0.0000	0.0000	0.0000
ENSG00000131061.14	ZNF341	protein_coding	302	147	158	4.6996	1.3766	1.3256
ENSG00000131067.17	GGT7	protein_coding	1479	738	741	42.4029	12.4205	11.9600
ENSG00000131068.4	DEFB118	protein_coding	0	0	0	0.0000	0.0000	0.0000
ENSG00000131069.20	ACSS2	protein_coding	2792	1414	1378	45.1787	13.2336	12.7429
ENSG00000131080.15	EDA2R	protein_coding	1010	513	497	23.7195	6.9478	6.6902
ENSG00000131089.17	ARHGEF9	protein_coding	1628	823	805	9.5063	2.7846	2.6813
ENSG00000131094.4	C1QL1	protein_coding	43	20	23	2.3913	0.7005	0.6745
ENSG00000131095.13	GFAP	protein_coding	7	49	30	0.0529	0.0155	0.0149
ENSG00000131096.10	PYY	protein_coding	0	0	0	0.0000	0.0000	0.0000
ENSG00000131097.7	HIGD1B	protein_coding	20	20	23	1.9477	0.5705	0.5494
ENSG00000131100.13	ATP6V1E1	protein_coding	13578	6844	6734	366.8628	107.4599	103.4758
ENSG00000131115.16	ZNF227	protein_coding	292	246	252	4.8918	1.4329	1.3798
ENSG00000131116.12	ZNF428	protein_coding	416	853	846	22.7475	6.6631	6.4161
ENSG00000131126.19	TEX101	protein_coding	0	0	0	0.0000	0.0000	0.0000
ENSG00000131127.14	ZNF141	protein_coding	404	203	201	2.6505	0.7764	0.7476
ENSG00000131142.13	CCL25	protein_coding	3	3	0	0.2576	0.0755	0.0727
ENSG00000131143.10	COX4I1	protein_coding	8602	4248	4438	151.6789	44.4291	42.7819
ENSG00000131148.9	EMC8	protein_coding	954	499	539	20.1478	5.9016	5.6828
ENSG00000131149.19	GSE1	protein_coding	2954	1483	1475	18.7541	5.4934	5.2897
ENSG00000131152.4	AC010531.1	protein_coding	0	0	0	0.0000	0.0000	0.0000
ENSG00000131153.9	GINS2	protein_coding	566	281	289	14.9316	4.3737	4.2116
ENSG00000131165.16	CHMP1A	protein_coding	4976	2615	2361	58.4621	17.1245	16.4896
ENSG00000131171.13	SH3BGRL	protein_coding	7584	3838	3746	300.2502	87.9480	84.6873
ENSG00000131174.7	COX7B	protein_coding	2678	1360	1318	75.1792	22.0212	21.2047
ENSG00000131183.11	SLC34A1	protein_coding	2	1	1	0.0375	0.0110	0.0106
ENSG00000131187.10	F12	protein_coding	42	36	34	1.2941	0.3791	0.3650
ENSG00000131188.12	PRR7	protein_coding	447	234	215	21.6540	6.3428	6.1076
ENSG00000131196.18	NFATC1	protein_coding	688	361	402	6.4430	1.8873	1.8173
ENSG00000131203.13	IDO1	protein_coding	376	227	227	9.1543	2.6814	2.5820
ENSG00000131233.10	GJA9	protein_coding	1	1	2	0.0348	0.0102	0.0098
ENSG00000131236.18	CAP1	protein_coding	31544	15810	15736	702.3415	205.7268	198.0995
ENSG00000131238.18	PPT1	protein_coding	13213	6736	6482	332.7562	97.4695	93.8558
ENSG00000131242.18	RAB11FIP4	protein_coding	1411	723	724	7.8183	2.2901	2.2052
ENSG00000131263.13	RLIM	protein_coding	3817	1888	1929	30.5017	8.9344	8.6032
ENSG00000131264.3	CDX4	protein_coding	0	0	0	0.0000	0.0000	0.0000
ENSG00000131269.19	ABCB7	protein_coding	841	404	437	13.3143	3.9000	3.7554
ENSG00000131323.16	TRAF3	protein_coding	2336	1180	1156	23.9293	7.0093	6.7494
ENSG00000131351.15	HAUS8	protein_coding	344	174	170	5.2797	1.5465	1.4892
ENSG00000131355.15	ADGRE3	protein_coding	0	0	0	0.0000	0.0000	0.0000
ENSG00000131368.8	MRPS25	protein_coding	599	672	627	9.4707	2.7741	2.6713
ENSG00000131370.16	SH3BP5	protein_coding	584	1838	1821	10.7438	3.1470	3.0304
ENSG00000131373.15	HACL1	protein_coding	274	179	171	7.6040	2.2273	2.1447
ENSG00000131374.14	TBC1D5	protein_coding	2081	999	1082	15.6819	4.5935	4.4232
ENSG00000131375.10	CAPN7	protein_coding	650	331	319	9.8639	2.8893	2.7822
ENSG00000131378.14	RFTN1	protein_coding	671	399	392	11.9483	3.4999	3.3701
ENSG00000131379.10	C3orf20	protein_coding	24	11	13	0.5904	0.1729	0.1665
ENSG00000131381.12	RBSN	protein_coding	929	457	472	9.9597	2.9174	2.8092
ENSG00000131386.19	GALNT15	protein_coding	116	54	62	1.5389	0.4508	0.4341
ENSG00000131389.17	SLC6A6	protein_coding	1459	779	760	15.0108	4.3969	4.2339
ENSG00000131398.15	KCNC3	protein_coding	216	97	120	2.6999	0.7908	0.7615
ENSG00000131400.8	NAPSA	protein_coding	10	11	7	0.2371	0.0695	0.0669
ENSG00000131401.11	NAPSB	transcribed_unprocessed_pseudogene	265	145	121	11.7514	3.4422	3.3145
ENSG00000131408.15	NR1H2	protein_coding	4975	2535	2448	79.1011	23.1700	22.3109
ENSG00000131409.13	LRRC4B	protein_coding	19	10	9	0.4596	0.1346	0.1296
ENSG00000131435.13	PDLIM4	protein_coding	128	67	61	3.4322	1.0053	0.9681
ENSG00000131437.16	KIF3A	protein_coding	1146	553	597	14.1864	4.1554	4.0014
ENSG00000131446.17	MGAT1	protein_coding	13081	6459	6627	96.6036	28.2967	27.2476
ENSG00000131459.13	GFPT2	protein_coding	942	460	482	16.9445	4.9633	4.7793
ENSG00000131462.8	TUBG1	protein_coding	2388	1483	1368	84.2151	24.6679	23.7534
ENSG00000131467.11	PSME3	protein_coding	9750	4913	4838	160.6469	47.0560	45.3114
ENSG00000131469.15	RPL27	protein_coding	15347	7315	8032	643.2745	188.4252	181.4393
ENSG00000131470.15	PSMC3IP	protein_coding	195	644	593	6.4234	1.8815	1.8118
ENSG00000131471.7	AOC3	protein_coding	457	244	213	8.5784	2.5127	2.4196
ENSG00000131473.17	ACLY	protein_coding	15211	8401	8402	248.0271	72.6510	69.9575
ENSG00000131475.7	VPS25	protein_coding	1671	830	841	59.3484	17.3841	16.7396
ENSG00000131477.11	RAMP2	protein_coding	293	146	151	22.3154	6.5365	6.2942
ENSG00000131480.9	AOC2	protein_coding	30	15	15	0.9517	0.2788	0.2684
ENSG00000131482.10	G6PC	protein_coding	3	2	1	0.0584	0.0171	0.0165
ENSG00000131484.4	AC091132.1	lncRNA	0	0	0	0.0000	0.0000	0.0000
ENSG00000131495.9	NDUFA2	protein_coding	749	955	908	43.1516	12.6398	12.1712
ENSG00000131503.21	ANKHD1	protein_coding	44	22	22	0.3359	0.0984	0.0947
ENSG00000131504.17	DIAPH1	protein_coding	4839	2415	2424	55.7193	16.3211	15.7160
ENSG00000131507.11	NDFIP1	protein_coding	6521	3196	3325	96.3574	28.2246	27.1782
ENSG00000131508.16	UBE2D2	protein_coding	2880	1430	1450	68.7770	20.1459	19.3989
ENSG00000131538.7	TTTY6	lncRNA	0	0	0	0.0000	0.0000	0.0000
ENSG00000131548.7	TTTY6B	lncRNA	0	0	0	0.0000	0.0000	0.0000
ENSG00000131558.15	EXOC4	protein_coding	8808	4442	4366	79.0008	23.1406	22.2826
ENSG00000131584.19	ACAP3	protein_coding	1978	1012	1060	19.2917	5.6508	5.4413
ENSG00000131591.18	C1orf159	protein_coding	281	148	134	3.7745	1.1056	1.0646
ENSG00000131620.17	ANO1	protein_coding	465	307	314	6.5584	1.9211	1.8498
ENSG00000131626.19	PPFIA1	protein_coding	4205	2618	2675	30.4841	8.9293	8.5982
ENSG00000131634.14	TMEM204	protein_coding	465	239	226	20.2088	5.9195	5.7000
ENSG00000131650.14	KREMEN2	protein_coding	129	96	84	4.6775	1.3701	1.3193
ENSG00000131652.14	THOC6	protein_coding	428	290	293	19.5408	5.7238	5.5116
ENSG00000131653.13	TRAF7	protein_coding	4124	2488	2407	78.0156	22.8520	22.0048
ENSG00000131668.14	BARX1	protein_coding	2	0	2	0.0968	0.0283	0.0273
ENSG00000131669.10	NINJ1	protein_coding	5489	2679	2810	179.0047	52.4333	50.4893
ENSG00000131686.15	CA6	protein_coding	1	0	1	0.0319	0.0093	0.0090
ENSG00000131697.18	NPHP4	protein_coding	876	426	461	5.6498	1.6549	1.5935
ENSG00000131711.15	MAP1B	protein_coding	15920	8076	7844	107.8097	31.5791	30.4084
ENSG00000131721.6	RHOXF2	protein_coding	0	0	1	0.0000	0.0000	0.0000
ENSG00000131724.11	IL13RA1	protein_coding	6389	3182	3207	116.6789	34.1771	32.9100
ENSG00000131725.14	WDR44	protein_coding	917	458	459	18.5321	5.4284	5.2271
ENSG00000131730.16	CKMT2	protein_coding	32	16	17	1.0057	0.2946	0.2837
ENSG00000131732.12	ZCCHC9	protein_coding	1801	910	893	29.8132	8.7328	8.4090
ENSG00000131737.5	KRT34	protein_coding	0	0	0	0.0000	0.0000	0.0000
ENSG00000131738.11	KRT33B	protein_coding	0	0	0	0.0000	0.0000	0.0000
ENSG00000131746.13	TNS4	protein_coding	11	7	5	0.1917	0.0562	0.0541
ENSG00000131747.15	TOP2A	protein_coding	3040	1531	1510	40.5018	11.8636	11.4238
ENSG00000131748.16	STARD3	protein_coding	3751	1902	1850	54.4321	15.9440	15.3529
ENSG00000131759.18	RARA	protein_coding	1157	729	792	20.7154	6.0679	5.8429
ENSG00000131771.14	PPP1R1B	protein_coding	2	2	0	0.0374	0.0110	0.0105
ENSG00000131773.14	KHDRBS3	protein_coding	2365	1199	1166	23.2289	6.8041	6.5518
ENSG00000131778.19	CHD1L	protein_coding	8	10	7	0.1580	0.0463	0.0446
ENSG00000131779.11	PEX11B	protein_coding	1457	746	712	72.0193	21.0956	20.3135
ENSG00000131781.13	FMO5	protein_coding	425	244	266	6.0313	1.7667	1.7012
ENSG00000131788.16	PIAS3	protein_coding	1626	974	1048	28.7309	8.4157	8.1037
ENSG00000131791.8	PRKAB2	protein_coding	1583	756	827	24.6207	7.2118	6.9444
ENSG00000131797.12	CLUHP3	transcribed_unprocessed_pseudogene	46	25	28	0.6265	0.1835	0.1767
ENSG00000131808.11	FSHB	protein_coding	0	0	0	0.0000	0.0000	0.0000
ENSG00000131828.14	PDHA1	protein_coding	2587	1608	1513	48.7548	14.2810	13.7516
ENSG00000131831.18	RAI2	protein_coding	75	38	37	2.4291	0.7115	0.6851
ENSG00000131844.16	MCCC2	protein_coding	3388	1644	1744	47.6658	13.9620	13.4444
ENSG00000131845.15	ZNF304	protein_coding	503	288	239	9.1959	2.6936	2.5938
ENSG00000131848.9	ZSCAN5A	protein_coding	73	42	56	0.7711	0.2259	0.2175
ENSG00000131849.12	ZNF132	protein_coding	47	26	21	1.1542	0.3381	0.3256
ENSG00000131864.10	USP29	protein_coding	0	0	0	0.0000	0.0000	0.0000
ENSG00000131871.15	SELENOS	protein_coding	4024	2033	1992	90.9313	26.6352	25.6477
ENSG00000131873.7	CHSY1	protein_coding	2417	1195	1223	36.2189	10.6091	10.2158
ENSG00000131876.17	SNRPA1	protein_coding	722	370	352	16.7110	4.8949	4.7134
ENSG00000131885.17	KRT17P1	transcribed_unprocessed_pseudogene	1	0	1	0.0389	0.0114	0.0110
ENSG00000131899.11	LLGL1	protein_coding	1940	996	1008	24.9993	7.3227	7.0512
ENSG00000131910.5	NR0B2	protein_coding	1	0	1	0.0729	0.0214	0.0206
ENSG00000131914.11	LIN28A	protein_coding	0	0	0	0.0000	0.0000	0.0000
ENSG00000131931.8	THAP1	protein_coding	502	316	310	17.3152	5.0719	4.8839
ENSG00000131941.8	RHPN2	protein_coding	1215	596	620	21.4731	6.2898	6.0566
ENSG00000131943.18	C19orf12	protein_coding	3550	1760	1790	56.0557	16.4196	15.8108
ENSG00000131944.10	FAAP24	protein_coding	202	93	110	7.2166	2.1139	2.0355
ENSG00000131951.11	LRRC9	protein_coding	4	1	4	0.0632	0.0185	0.0178
ENSG00000131966.14	ACTR10	protein_coding	3103	1531	1572	65.2409	19.1101	18.4016
ENSG00000131969.15	ABHD12B	protein_coding	11	5	6	0.2053	0.0601	0.0579
ENSG00000131979.20	GCH1	protein_coding	488	246	242	14.1679	4.1500	3.9961
ENSG00000131981.16	LGALS3	protein_coding	53864	27042	26823	2080.1068	609.2959	586.7063
ENSG00000131982.5	UBE2L2	processed_pseudogene	1	0	1	0.1979	0.0580	0.0558
ENSG00000132000.13	PODNL1	protein_coding	894	537	561	18.2147	5.3354	5.1376
ENSG00000132002.9	DNAJB1	protein_coding	15563	8338	8166	161.4090	47.2792	45.5264
ENSG00000132003.9	ZSWIM4	protein_coding	353	411	444	6.3605	1.8631	1.7940
ENSG00000132004.13	FBXW9	protein_coding	125	74	89	5.0476	1.4785	1.4237
ENSG00000132005.9	RFX1	protein_coding	961	478	483	14.9111	4.3677	4.2058
ENSG00000132010.16	ZNF20	protein_coding	10	7	4	0.2073	0.0607	0.0585
ENSG00000132016.11	C19orf57	protein_coding	404	290	303	8.9343	2.6170	2.5200
ENSG00000132017.10	DCAF15	protein_coding	1741	970	974	49.9313	14.6257	14.0834
ENSG00000132024.17	CC2D1A	protein_coding	9381	4807	4765	158.0946	46.3084	44.5915
ENSG00000132026.14	RTBDN	protein_coding	0	0	0	0.0000	0.0000	0.0000
ENSG00000132031.13	MATN3	protein_coding	39	26	32	1.0511	0.3079	0.2965
ENSG00000132109.10	TRIM21	protein_coding	1038	508	530	45.5542	13.3435	12.8488
ENSG00000132122.12	SPATA6	protein_coding	1873	947	933	26.7861	7.8461	7.5552
ENSG00000132128.16	LRRC41	protein_coding	3105	1645	1733	30.6389	8.9746	8.6419
ENSG00000132141.14	CCT6B	protein_coding	69	38	40	1.3674	0.4005	0.3857
ENSG00000132153.15	DHX30	protein_coding	3327	1581	1747	36.4838	10.6867	10.2905
ENSG00000132155.13	RAF1	protein_coding	954	1137	1155	10.4588	3.0636	2.9500
ENSG00000132164.10	SLC6A11	protein_coding	0	0	0	0.0000	0.0000	0.0000
ENSG00000132170.23	PPARG	protein_coding	64	26	38	1.1984	0.3510	0.3380
ENSG00000132182.12	NUP210	protein_coding	783	359	424	8.1138	2.3767	2.2885
ENSG00000132185.18	FCRLA	protein_coding	37005	18563	18443	959.5362	281.0632	270.6428
ENSG00000132196.15	HSD17B7	protein_coding	696	338	358	12.3702	3.6234	3.4891
ENSG00000132199.20	ENOSF1	protein_coding	631	958	942	4.7045	1.3780	1.3269
ENSG00000132204.14	LINC00470	lncRNA	0	0	0	0.0000	0.0000	0.0000
ENSG00000132205.11	EMILIN2	protein_coding	17682	8891	8793	232.1168	67.9906	65.4699
ENSG00000132207.18	SLX1A	protein_coding	0	0	0	0.0000	0.0000	0.0000
ENSG00000132254.13	ARFIP2	protein_coding	658	317	343	10.5191	3.0812	2.9670
ENSG00000132256.19	TRIM5	protein_coding	1144	559	585	18.8055	5.5084	5.3042
ENSG00000132259.13	CNGA4	protein_coding	9	5	4	0.3443	0.1008	0.0971
ENSG00000132274.16	TRIM22	protein_coding	1384	700	684	19.7729	5.7918	5.5771
ENSG00000132275.11	RRP8	protein_coding	550	273	280	6.7485	1.9767	1.9034
ENSG00000132286.12	TIMM10B	protein_coding	878	434	444	24.9448	7.3067	7.0358
ENSG00000132294.15	EFR3A	protein_coding	6080	3052	3028	83.3844	24.4246	23.5191
ENSG00000132297.12	HHLA1	protein_coding	0	0	0	0.0000	0.0000	0.0000
ENSG00000132300.19	PTCD3	protein_coding	2765	1404	1364	23.1952	6.7942	6.5423
ENSG00000132305.21	IMMT	protein_coding	5059	2451	2611	116.4893	34.1215	32.8565
ENSG00000132313.15	MRPL35	protein_coding	2396	1200	1198	53.1946	15.5815	15.0039
ENSG00000132321.17	IQCA1	protein_coding	4	3	4	0.0569	0.0167	0.0161
ENSG00000132323.9	ILKAP	protein_coding	1874	956	918	33.5104	9.8157	9.4518
ENSG00000132326.12	PER2	protein_coding	127	65	73	1.5694	0.4597	0.4427
ENSG00000132329.11	RAMP1	protein_coding	75	33	42	5.5528	1.6265	1.5662
ENSG00000132330.18	SCLY	protein_coding	45	20	25	0.3267	0.0957	0.0921
ENSG00000132334.17	PTPRE	protein_coding	1575	764	811	11.9494	3.5002	3.3704
ENSG00000132341.12	RAN	protein_coding	7425	3713	3714	135.1048	39.5743	38.1071
ENSG00000132356.11	PRKAA1	protein_coding	2999	1502	1497	38.8049	11.3666	10.9451
ENSG00000132357.14	CARD6	protein_coding	266	144	122	5.2839	1.5477	1.4904
ENSG00000132359.15	RAP1GAP2	protein_coding	40	15	28	0.4510	0.1321	0.1272
ENSG00000132361.18	CLUH	protein_coding	4508	2207	2303	55.4814	16.2514	15.6488
ENSG00000132376.20	INPP5K	protein_coding	2648	1351	1297	43.4698	12.7330	12.2609
ENSG00000132382.15	MYBBP1A	protein_coding	4602	2365	2404	65.5931	19.2133	18.5009
ENSG00000132383.12	RPA1	protein_coding	7278	3742	3562	112.5366	32.9637	31.7416
ENSG00000132386.11	SERPINF1	protein_coding	5926	2933	2994	168.3072	49.2998	47.4720
ENSG00000132388.12	UBE2G1	protein_coding	2326	1234	1092	43.5173	12.7469	12.2743
ENSG00000132394.11	EEFSEC	protein_coding	914	489	481	32.4216	9.4968	9.1447
ENSG00000132405.19	TBC1D14	protein_coding	2255	3078	3025	30.5904	8.9604	8.6282
ENSG00000132406.12	TMEM128	protein_coding	1110	578	532	53.9255	15.7956	15.2100
ENSG00000132423.12	COQ3	protein_coding	214	109	105	12.5504	3.6762	3.5399
ENSG00000132424.16	PNISR	protein_coding	1181	614	607	9.2256	2.7023	2.6021
ENSG00000132429.10	POPDC3	protein_coding	400	209	228	14.8983	4.3640	4.2022
ENSG00000132432.14	SEC61G	protein_coding	1629	862	767	75.1007	21.9982	21.1826
ENSG00000132434.9	LANCL2	protein_coding	423	209	214	6.8618	2.0099	1.9354
ENSG00000132436.11	FIGNL1	protein_coding	1040	520	520	17.5442	5.1390	4.9484
ENSG00000132437.18	DDC	protein_coding	5	1	4	0.1377	0.0403	0.0388
ENSG00000132446.7	FTHL17	protein_coding	0	0	0	0.0000	0.0000	0.0000
ENSG00000132463.14	GRSF1	protein_coding	6570	3333	3237	72.1209	21.1253	20.3421
ENSG00000132464.13	ENAM	protein_coding	0	0	0	0.0000	0.0000	0.0000
ENSG00000132465.12	JCHAIN	protein_coding	4649	2798	2830	255.3656	74.8006	72.0274
ENSG00000132466.19	ANKRD17	protein_coding	5678	2828	2850	40.0414	11.7287	11.2939
ENSG00000132467.4	UTP3	protein_coding	2137	1066	1071	89.8391	26.3153	25.3396
ENSG00000132470.14	ITGB4	protein_coding	470	210	262	5.9034	1.7292	1.6651
ENSG00000132471.12	WBP2	protein_coding	10733	5323	5411	168.8185	49.4496	47.6163
ENSG00000132475.10	H3-3B	protein_coding	20958	10726	10283	290.1472	84.9887	81.8377
ENSG00000132478.10	UNK	protein_coding	1703	1064	1044	26.1046	7.6464	7.3630
ENSG00000132481.7	TRIM47	protein_coding	3075	1904	1830	83.0303	24.3209	23.4192
ENSG00000132485.14	ZRANB2	protein_coding	1726	1054	1017	29.4027	8.6125	8.2932
ENSG00000132507.18	EIF5A	protein_coding	13926	11364	11070	440.4477	129.0140	124.2309
ENSG00000132510.10	KDM6B	protein_coding	1331	707	624	15.5730	4.5616	4.3925
ENSG00000132514.14	CLEC10A	protein_coding	196	94	102	6.7414	1.9746	1.9014
ENSG00000132517.15	SLC52A1	protein_coding	55	29	26	1.1872	0.3478	0.3349
ENSG00000132518.7	GUCY2D	protein_coding	5	4	5	0.1056	0.0309	0.0298
ENSG00000132522.16	GPS2	protein_coding	9	4118	4393	0.2474	0.0725	0.0698
ENSG00000132530.17	XAF1	protein_coding	648	1794	1752	8.3187	2.4367	2.3463
ENSG00000132535.21	DLG4	protein_coding	732	388	359	6.0457	1.7709	1.7052
ENSG00000132541.11	RIDA	protein_coding	1024	507	517	58.0885	17.0150	16.3842
ENSG00000132549.18	VPS13B	protein_coding	3668	1861	1817	18.6341	5.4582	5.2559
ENSG00000132554.20	RGS22	protein_coding	1	1	0	0.0133	0.0039	0.0038
ENSG00000132561.14	MATN2	protein_coding	9565	4789	4777	117.0241	34.2782	33.0073
ENSG00000132563.16	REEP2	protein_coding	1960	976	984	51.3083	15.0290	14.4718
ENSG00000132570.15	PCBD2	protein_coding	503	255	249	5.1315	1.5031	1.4474
ENSG00000132581.10	SDF2	protein_coding	1934	965	975	51.1161	14.9727	14.4176
ENSG00000132589.16	FLOT2	protein_coding	5859	2927	2933	146.7696	42.9911	41.3972
ENSG00000132591.12	ERAL1	protein_coding	1338	764	774	50.7248	14.8581	14.3072
ENSG00000132600.17	PRMT7	protein_coding	2222	1159	1072	19.7502	5.7851	5.5707
ENSG00000132603.15	NIP7	protein_coding	2071	1068	1111	37.0721	10.8590	10.4564
ENSG00000132604.11	TERF2	protein_coding	1956	977	980	29.4825	8.6359	8.3157
ENSG00000132612.16	VPS4A	protein_coding	2007	1066	1153	30.0274	8.7955	8.4694
ENSG00000132613.15	MTSS2	protein_coding	1064	2237	2208	18.1218	5.3082	5.1114
ENSG00000132622.11	HSPA12B	protein_coding	209	101	108	5.6650	1.6594	1.5978
ENSG00000132623.16	ANKEF1	protein_coding	23	7	18	0.3328	0.0975	0.0939
ENSG00000132631.6	SCP2D1	protein_coding	0	0	0	0.0000	0.0000	0.0000
ENSG00000132635.17	PCED1A	protein_coding	753	382	371	27.5625	8.0735	7.7742
ENSG00000132639.13	SNAP25	protein_coding	17	9	8	0.4300	0.1260	0.1213
ENSG00000132640.15	BTBD3	protein_coding	2451	1301	1329	33.4200	9.7893	9.4263
ENSG00000132646.11	PCNA	protein_coding	7018	3601	3417	424.7838	124.4258	119.8128
ENSG00000132661.4	NXT1	protein_coding	590	321	271	47.1780	13.8192	13.3068
ENSG00000132664.12	POLR3F	protein_coding	568	286	282	18.0722	5.2936	5.0974
ENSG00000132669.13	RIN2	protein_coding	1178	599	580	12.0919	3.5419	3.4106
ENSG00000132670.20	PTPRA	protein_coding	5110	2593	2517	97.1008	28.4423	27.3879
ENSG00000132671.6	SSTR4	protein_coding	0	0	0	0.0000	0.0000	0.0000
ENSG00000132676.16	DAP3	protein_coding	3768	1946	1956	69.7429	20.4288	19.6714
ENSG00000132677.13	RHBG	protein_coding	3	1	2	0.0753	0.0221	0.0212
ENSG00000132680.11	KHDC4	protein_coding	878	448	430	13.2058	3.8682	3.7248
ENSG00000132681.17	ATP1A4	protein_coding	1	2	0	0.0135	0.0040	0.0038
ENSG00000132688.11	NES	protein_coding	9127	4611	4518	139.2006	40.7740	39.2623
ENSG00000132692.19	BCAN	protein_coding	48	80	46	0.8554	0.2506	0.2413
ENSG00000132693.12	CRP	protein_coding	2	0	2	0.0843	0.0247	0.0238
ENSG00000132694.19	ARHGEF11	protein_coding	7779	3984	3795	70.8642	20.7572	19.9877
ENSG00000132698.15	RAB25	protein_coding	0	0	1	0.0000	0.0000	0.0000
ENSG00000132702.13	HAPLN2	protein_coding	2	0	2	0.0771	0.0226	0.0217
ENSG00000132703.4	APCS	protein_coding	0	0	0	0.0000	0.0000	0.0000
ENSG00000132704.16	FCRL2	protein_coding	71	41	30	1.1920	0.3492	0.3362
ENSG00000132716.19	DCAF8	protein_coding	740	440	407	8.2631	2.4204	2.3307
ENSG00000132718.9	SYT11	protein_coding	794	407	389	13.0117	3.8113	3.6700
ENSG00000132740.10	IGHMBP2	protein_coding	844	436	409	7.3775	2.1610	2.0809
ENSG00000132744.8	ACY3	protein_coding	50	28	22	3.0970	0.9072	0.8735
ENSG00000132746.15	ALDH3B2	protein_coding	169	91	80	3.9180	1.1476	1.1051
ENSG00000132749.11	TESMIN	protein_coding	193	92	101	2.8312	0.8293	0.7985
ENSG00000132763.15	MMACHC	protein_coding	1806	5310	5067	30.3756	8.8975	8.5676
ENSG00000132768.14	DPH2	protein_coding	843	469	481	24.4327	7.1567	6.8914
ENSG00000132773.12	TOE1	protein_coding	624	399	398	22.4726	6.5826	6.3385
ENSG00000132780.17	NASP	protein_coding	3712	1932	1781	37.9606	11.1193	10.7070
ENSG00000132781.19	MUTYH	protein_coding	24	55	52	0.3507	0.1027	0.0989
ENSG00000132792.19	CTNNBL1	protein_coding	3263	1626	1638	66.8022	19.5674	18.8419
ENSG00000132793.12	LPIN3	protein_coding	831	490	514	15.1208	4.4291	4.2649
ENSG00000132801.7	ZSWIM3	protein_coding	275	136	139	8.4125	2.4642	2.3728
ENSG00000132819.17	RBM38	protein_coding	624	354	349	19.6479	5.7552	5.5418
ENSG00000132821.12	VSTM2L	protein_coding	12	7	5	0.5221	0.1529	0.1472
ENSG00000132823.11	OSER1	protein_coding	1149	586	565	43.3853	12.7082	12.2371
ENSG00000132824.14	SERINC3	protein_coding	9927	4978	4949	181.3305	53.1145	51.1453
ENSG00000132825.7	PPP1R3D	protein_coding	447	262	246	10.4198	3.0521	2.9390
ENSG00000132832.10	AL139352.1	lncRNA	0	0	0	0.0000	0.0000	0.0000
ENSG00000132837.15	DMGDH	protein_coding	15	8	7	0.2405	0.0705	0.0678
ENSG00000132840.10	BHMT2	protein_coding	25	12	13	0.5684	0.1665	0.1603
ENSG00000132842.14	AP3B1	protein_coding	4527	2258	2269	70.5126	20.6543	19.8885
ENSG00000132846.6	ZBED3	protein_coding	446	349	355	5.8484	1.7131	1.6496
ENSG00000132849.21	PATJ	protein_coding	187	109	79	1.3323	0.3903	0.3758
ENSG00000132854.19	KANK4	protein_coding	8	4	4	0.0997	0.0292	0.0281
ENSG00000132855.5	ANGPTL3	protein_coding	3	1	2	0.0756	0.0221	0.0213
ENSG00000132872.12	SYT4	protein_coding	0	0	0	0.0000	0.0000	0.0000
ENSG00000132874.15	SLC14A2	protein_coding	0	0	0	0.0000	0.0000	0.0000
ENSG00000132879.14	FBXO44	protein_coding	787	428	372	18.9488	5.5504	5.3446
ENSG00000132881.12	CPLANE2	protein_coding	221	113	108	11.9234	3.4925	3.3631
ENSG00000132906.18	CASP9	protein_coding	637	331	313	10.2665	3.0072	2.8957
ENSG00000132911.5	NMUR2	protein_coding	0	0	0	0.0000	0.0000	0.0000
ENSG00000132912.13	DCTN4	protein_coding	3927	1941	1986	52.0822	15.2557	14.6901
ENSG00000132915.11	PDE6A	protein_coding	5	4	1	0.0572	0.0168	0.0161
ENSG00000132932.17	ATP8A2	protein_coding	19	10	9	0.1535	0.0450	0.0433
ENSG00000132938.21	MTUS2	protein_coding	0	0	1	0.0000	0.0000	0.0000
ENSG00000132950.19	ZMYM5	protein_coding	454	226	228	10.3473	3.0309	2.9185
ENSG00000132952.12	USPL1	protein_coding	439	212	227	7.2742	2.1307	2.0517
ENSG00000132953.16	XPO4	protein_coding	1330	675	655	10.7566	3.1508	3.0340
ENSG00000132958.17	TPTE2	protein_coding	14	9	5	0.5198	0.1523	0.1466
ENSG00000132963.8	POMP	protein_coding	2143	1100	1043	124.4764	36.4611	35.1093
ENSG00000132964.12	CDK8	protein_coding	449	229	220	10.7771	3.1568	3.0397
ENSG00000132965.10	ALOX5AP	protein_coding	335	161	174	16.9335	4.9601	4.7762
ENSG00000132967.9	HMGB1P5	transcribed_processed_pseudogene	248	119	129	18.9561	5.5526	5.3467
ENSG00000132970.14	WASF3	protein_coding	16	21	18	0.2622	0.0768	0.0740
ENSG00000132972.19	RNF17	protein_coding	0	0	0	0.0000	0.0000	0.0000
ENSG00000132975.8	GPR12	protein_coding	0	0	1	0.0000	0.0000	0.0000
ENSG00000133019.12	CHRM3	protein_coding	10	7	3	0.0560	0.0164	0.0158
ENSG00000133020.4	MYH8	protein_coding	1	0	1	0.0141	0.0041	0.0040
ENSG00000133026.13	MYH10	protein_coding	8087	4119	4308	76.2295	22.3288	21.5010
ENSG00000133027.18	PEMT	protein_coding	448	512	511	22.1188	6.4789	6.2387
ENSG00000133028.12	SCO1	protein_coding	1394	837	784	11.4942	3.3668	3.2420
ENSG00000133030.22	MPRIP	protein_coding	10479	5377	5509	48.3526	14.1632	13.6381
ENSG00000133048.13	CHI3L1	protein_coding	797	414	383	20.1254	5.8950	5.6765
ENSG00000133055.9	MYBPH	protein_coding	2	1	1	0.0934	0.0274	0.0264
ENSG00000133056.13	PIK3C2B	protein_coding	2145	1069	1076	19.3493	5.6677	5.4576
ENSG00000133059.17	DSTYK	protein_coding	6255	3092	3163	62.6758	18.3587	17.6781
ENSG00000133063.16	CHIT1	protein_coding	217	96	121	2.3833	0.6981	0.6722
ENSG00000133065.11	SLC41A1	protein_coding	2897	1460	1437	38.5724	11.2984	10.8796
ENSG00000133067.17	LGR6	protein_coding	6	3	4	0.1112	0.0326	0.0314
ENSG00000133069.17	TMCC2	protein_coding	2029	1028	1001	29.5953	8.6689	8.3475
ENSG00000133083.15	DCLK1	protein_coding	427	216	211	2.5092	0.7350	0.7077
ENSG00000133101.10	CCNA1	protein_coding	4	4	0	0.1509	0.0442	0.0426
ENSG00000133103.17	COG6	protein_coding	868	445	423	9.1601	2.6831	2.5836
ENSG00000133104.14	SPART	protein_coding	2454	1222	1233	31.8939	9.3422	8.9959
ENSG00000133105.8	RXFP2	protein_coding	4	4	0	0.1018	0.0298	0.0287
ENSG00000133106.15	EPSTI1	protein_coding	401	201	200	6.9157	2.0257	1.9506
ENSG00000133107.15	TRPC4	protein_coding	1	1	0	0.0104	0.0031	0.0029
ENSG00000133110.15	POSTN	protein_coding	14561	7302	7259	226.3043	66.2881	63.8305
ENSG00000133111.4	RFXAP	protein_coding	44	26	18	1.6189	0.4742	0.4566
ENSG00000133112.17	TPT1	protein_coding	23918	28420	28299	282.7687	82.8274	79.7566
ENSG00000133114.18	GPALPP1	protein_coding	423	201	222	3.3132	0.9705	0.9345
ENSG00000133115.12	STOML3	protein_coding	0	0	0	0.0000	0.0000	0.0000
ENSG00000133116.8	KL	protein_coding	26	15	11	0.4360	0.1277	0.1230
ENSG00000133119.13	RFC3	protein_coding	341	175	166	10.1322	2.9679	2.8579
ENSG00000133121.21	STARD13	protein_coding	1387	685	703	14.0454	4.1141	3.9616
ENSG00000133124.11	IRS4	protein_coding	0	0	0	0.0000	0.0000	0.0000
ENSG00000133131.15	MORC4	protein_coding	1101	537	564	15.5337	4.5501	4.3814
ENSG00000133134.12	BEX2	protein_coding	407	200	209	30.3981	8.9041	8.5740
ENSG00000133135.14	RNF128	protein_coding	4236	2154	2082	105.2437	30.8275	29.6846
ENSG00000133136.4	GNG5P2	processed_pseudogene	2	1	1	0.8205	0.2403	0.2314
ENSG00000133138.20	TBC1D8B	protein_coding	1586	771	815	14.1549	4.1462	3.9925
ENSG00000133142.18	TCEAL4	protein_coding	6437	3165	3272	217.6953	63.7664	61.4022
ENSG00000133169.6	BEX1	protein_coding	0	0	0	0.0000	0.0000	0.0000
ENSG00000133193.12	FAM104A	protein_coding	774	978	1003	20.7870	6.0888	5.8631
ENSG00000133195.11	SLC39A11	protein_coding	4510	2263	2247	68.5995	20.0939	19.3489
ENSG00000133216.17	EPHB2	protein_coding	246	123	127	1.6691	0.4889	0.4708
ENSG00000133226.17	SRRM1	protein_coding	4266	2125	2141	45.7297	13.3949	12.8983
ENSG00000133243.10	BTBD2	protein_coding	3326	2025	2120	47.5978	13.9421	13.4252
ENSG00000133246.12	PRAM1	protein_coding	97	56	41	2.5030	0.7332	0.7060
ENSG00000133247.14	KMT5C	protein_coding	222	103	119	3.9473	1.1562	1.1134
ENSG00000133250.14	ZNF414	protein_coding	227	120	108	6.9819	2.0451	1.9693
ENSG00000133256.13	PDE6B	protein_coding	34	19	16	0.5665	0.1659	0.1598
ENSG00000133265.11	HSPBP1	protein_coding	2120	1057	1063	83.0786	24.3350	23.4328
ENSG00000133275.16	CSNK1G2	protein_coding	2527	1258	1269	56.7559	16.6247	16.0083
ENSG00000133302.13	SLF1	protein_coding	616	299	317	7.6222	2.2327	2.1499
ENSG00000133313.15	CNDP2	protein_coding	7777	3810	3967	55.8642	16.3635	15.7568
ENSG00000133315.12	MACROD1	protein_coding	549	297	253	22.2430	6.5153	6.2738
ENSG00000133316.15	WDR74	protein_coding	721	656	623	14.4167	4.2229	4.0663
ENSG00000133317.16	LGALS12	protein_coding	2	2	1	0.0738	0.0216	0.0208
ENSG00000133318.14	RTN3	protein_coding	6848	3386	3462	100.4032	29.4097	28.3193
ENSG00000133321.11	PLAAT4	protein_coding	877	450	427	57.2886	16.7807	16.1586
ENSG00000133328.4	PLAAT2	protein_coding	8	6	2	0.9205	0.2696	0.2596
ENSG00000133392.18	MYH11	protein_coding	349	643	696	1.6717	0.4897	0.4715
ENSG00000133393.13	CEP20	protein_coding	1377	703	674	48.8861	14.3195	13.7886
ENSG00000133398.4	MED10	protein_coding	869	410	459	39.5901	11.5965	11.1666
ENSG00000133401.16	PDZD2	protein_coding	62	32	30	0.3307	0.0969	0.0933
ENSG00000133422.14	MORC2	protein_coding	2561	1579	1488	20.1055	5.8892	5.6709
ENSG00000133424.22	LARGE1	protein_coding	1429	721	724	8.6181	2.5244	2.4308
ENSG00000133433.11	GSTT2B	protein_coding	122	67	56	9.3504	2.7389	2.6373
ENSG00000133454.16	MYO18B	protein_coding	0	0	0	0.0000	0.0000	0.0000
ENSG00000133460.19	SLC2A11	protein_coding	304	144	169	2.9039	0.8506	0.8191
ENSG00000133466.14	C1QTNF6	protein_coding	1231	734	698	14.6328	4.2862	4.1273
ENSG00000133475.17	GGT2	protein_coding	0	0	0	0.0000	0.0000	0.0000
ENSG00000133477.17	FAM83F	protein_coding	5	9	4	0.0259	0.0076	0.0073
ENSG00000133488.15	SEC14L4	protein_coding	348	230	230	11.2153	3.2851	3.1633
ENSG00000133519.12	ZDHHC8P1	transcribed_unprocessed_pseudogene	7	2	7	0.1818	0.0533	0.0513
ENSG00000133561.15	GIMAP6	protein_coding	760	369	391	16.4936	4.8312	4.6521
ENSG00000133574.10	GIMAP4	protein_coding	1215	597	618	49.1560	14.3985	13.8647
ENSG00000133597.11	ADCK2	protein_coding	2548	1525	1619	69.5747	20.3795	19.6240
ENSG00000133606.11	MKRN1	protein_coding	4871	2445	2426	70.7937	20.7366	19.9678
ENSG00000133612.19	AGAP3	protein_coding	6123	3089	3035	46.0189	13.4797	12.9799
ENSG00000133619.17	KRBA1	protein_coding	331	156	175	5.2668	1.5427	1.4855
ENSG00000133624.13	ZNF767P	transcribed_unprocessed_pseudogene	131	71	60	2.7728	0.8122	0.7821
ENSG00000133627.18	ACTR3B	protein_coding	315	156	159	4.4406	1.3007	1.2525
ENSG00000133636.11	NTS	protein_coding	1	0	1	0.0546	0.0160	0.0154
ENSG00000133639.6	BTG1	protein_coding	3274	1672	1763	57.2666	16.7743	16.1524
ENSG00000133640.20	LRRIQ1	protein_coding	15	7	8	0.1449	0.0424	0.0409
ENSG00000133641.18	C12orf29	protein_coding	338	243	210	4.4884	1.3147	1.2660
ENSG00000133657.16	ATP13A3	protein_coding	4018	1975	2043	25.7440	7.5408	7.2612
ENSG00000133661.17	SFTPD	protein_coding	0	0	0	0.0000	0.0000	0.0000
ENSG00000133665.13	DYDC2	protein_coding	1181	638	633	40.6860	11.9176	11.4757
ENSG00000133678.14	TMEM254	protein_coding	430	331	361	12.1882	3.5701	3.4377
ENSG00000133687.16	TMTC1	protein_coding	2298	1136	1162	13.2925	3.8936	3.7492
ENSG00000133703.13	KRAS	protein_coding	1456	792	844	18.0634	5.2911	5.0949
ENSG00000133704.10	IPO8	protein_coding	5444	2795	2649	67.8964	19.8879	19.1506
ENSG00000133706.19	LARS1	protein_coding	7375	3885	3948	30.3449	8.8885	8.5590
ENSG00000133710.16	SPINK5	protein_coding	4	4	1	0.0759	0.0222	0.0214
ENSG00000133731.10	IMPA1	protein_coding	1933	950	983	37.2648	10.9154	10.5107
ENSG00000133739.16	LRRCC1	protein_coding	1627	827	800	27.6276	8.0926	7.7925
ENSG00000133740.11	E2F5	protein_coding	341	731	650	4.8271	1.4139	1.3615
ENSG00000133742.14	CA1	protein_coding	0	0	0	0.0000	0.0000	0.0000
ENSG00000133773.12	CCDC59	protein_coding	370	192	201	8.9314	2.6161	2.5191
ENSG00000133789.15	SWAP70	protein_coding	4060	2025	2036	47.9390	14.0421	13.5215
ENSG00000133794.20	ARNTL	protein_coding	293	160	133	3.5884	1.0511	1.0121
ENSG00000133800.9	LYVE1	protein_coding	59	29	30	1.4254	0.4175	0.4020
ENSG00000133805.15	AMPD3	protein_coding	281	140	141	3.5128	1.0290	0.9908
ENSG00000133812.16	SBF2	protein_coding	1104	796	731	5.5752	1.6331	1.5725
ENSG00000133816.17	MICAL2	protein_coding	1708	1074	1078	7.1836	2.1042	2.0262
ENSG00000133818.14	RRAS2	protein_coding	386	187	199	9.4847	2.7782	2.6752
ENSG00000133835.17	HSD17B4	protein_coding	5265	2633	2632	42.0568	12.3191	11.8624
ENSG00000133858.17	ZFC3H1	protein_coding	934	461	473	8.4092	2.4632	2.3719
ENSG00000133863.9	TEX15	protein_coding	2	1	1	0.0143	0.0042	0.0040
ENSG00000133872.14	SARAF	protein_coding	22200	12056	11817	628.6208	184.1329	177.3062
ENSG00000133874.2	RNF122	protein_coding	278	143	135	12.6110	3.6940	3.5570
ENSG00000133878.9	DUSP26	protein_coding	1	1	0	0.0431	0.0126	0.0122
ENSG00000133884.10	DPF2	protein_coding	2277	1139	1139	22.4060	6.5631	6.3197
ENSG00000133895.17	MEN1	protein_coding	2391	1178	1215	41.2609	12.0860	11.6379
ENSG00000133935.7	ERG28	protein_coding	10369	5053	5318	379.5432	111.1741	107.0524
ENSG00000133937.5	GSC	protein_coding	6	1	5	0.4469	0.1309	0.1261
ENSG00000133943.21	DGLUCY	protein_coding	2696	1358	1392	31.7451	9.2986	8.9539
ENSG00000133958.13	UNC79	protein_coding	18	10	10	0.1222	0.0358	0.0345
ENSG00000133961.20	NUMB	protein_coding	3615	1794	1822	32.1587	9.4198	9.0706
ENSG00000133962.8	CATSPERB	protein_coding	7	5	2	0.1055	0.0309	0.0298
ENSG00000133980.5	VRTN	protein_coding	0	0	0	0.0000	0.0000	0.0000
ENSG00000133983.16	COX16	protein_coding	114	61	53	5.0500	1.4792	1.4244
ENSG00000133985.3	TTC9	protein_coding	83	45	38	1.3837	0.4053	0.3903
ENSG00000133997.12	MED6	protein_coding	594	308	286	11.9561	3.5021	3.3723
ENSG00000134001.15	EIF2S1	protein_coding	4764	2390	2377	76.0453	22.2749	21.4490
ENSG00000134007.5	ADAM20	protein_coding	0	0	0	0.0000	0.0000	0.0000
ENSG00000134013.16	LOXL2	protein_coding	4069	2280	2164	57.7346	16.9114	16.2844
ENSG00000134014.17	ELP3	protein_coding	2974	1550	1424	48.9350	14.3338	13.8024
ENSG00000134020.8	PEBP4	protein_coding	2	6	6	0.1272	0.0373	0.0359
ENSG00000134028.14	ADAMDEC1	protein_coding	376	198	178	13.0968	3.8363	3.6940
ENSG00000134030.14	CTIF	protein_coding	1391	687	705	14.5563	4.2638	4.1057
ENSG00000134042.14	MRO	protein_coding	406	198	208	6.2403	1.8279	1.7601
ENSG00000134046.12	MBD2	protein_coding	2159	1084	1075	32.2447	9.4450	9.0948
ENSG00000134049.6	IER3IP1	protein_coding	1140	578	562	22.8701	6.6990	6.4507
ENSG00000134056.12	MRPS36	protein_coding	733	365	368	39.9273	11.6953	11.2617
ENSG00000134057.15	CCNB1	protein_coding	1773	875	898	61.8841	18.1268	17.4548
ENSG00000134058.12	CDK7	protein_coding	1127	588	539	39.6131	11.6033	11.1731
ENSG00000134061.5	CD180	protein_coding	178	94	84	2.6669	0.7812	0.7522
ENSG00000134070.5	IRAK2	protein_coding	297	162	135	7.3510	2.1532	2.0734
ENSG00000134072.11	CAMK1	protein_coding	79	529	529	2.4710	0.7238	0.6970
ENSG00000134077.16	THUMPD3	protein_coding	1271	999	938	20.6138	6.0381	5.8142
ENSG00000134086.8	VHL	protein_coding	615	519	517	10.6802	3.1284	3.0124
ENSG00000134107.5	BHLHE40	protein_coding	6702	3756	3739	161.8705	47.4144	45.6565
ENSG00000134108.14	ARL8B	protein_coding	4090	2020	2070	97.9483	28.6906	27.6269
ENSG00000134109.11	EDEM1	protein_coding	4189	2143	2139	52.8027	15.4667	14.8933
ENSG00000134115.13	CNTN6	protein_coding	3	3	0	0.0463	0.0136	0.0130
ENSG00000134121.10	CHL1	protein_coding	13112	6967	6927	95.2178	27.8908	26.8567
ENSG00000134138.20	MEIS2	protein_coding	53	32	24	0.4161	0.1219	0.1174
ENSG00000134146.12	DPH6	protein_coding	543	263	288	4.9333	1.4450	1.3915
ENSG00000134152.11	KATNBL1	protein_coding	500	252	248	5.8077	1.7012	1.6381
ENSG00000134153.10	EMC7	protein_coding	4678	2359	2319	273.5936	80.1398	77.1687
ENSG00000134160.14	TRPM1	protein_coding	2	0	2	0.0228	0.0067	0.0064
ENSG00000134183.12	GNAT2	protein_coding	7	24	19	0.4183	0.1225	0.1180
ENSG00000134184.13	GSTM1	protein_coding	0	5	5	0.0000	0.0000	0.0000
ENSG00000134186.12	PRPF38B	protein_coding	1356	689	667	16.5567	4.8497	4.6699
ENSG00000134193.15	REG4	protein_coding	0	0	0	0.0000	0.0000	0.0000
ENSG00000134198.10	TSPAN2	protein_coding	89	41	48	2.2145	0.6486	0.6246
ENSG00000134200.4	TSHB	protein_coding	0	0	1	0.0000	0.0000	0.0000
ENSG00000134201.12	GSTM5	protein_coding	33	16	17	0.4619	0.1353	0.1303
ENSG00000134202.11	GSTM3	protein_coding	1111	794	743	19.8624	5.8180	5.6023
ENSG00000134207.17	SYT6	protein_coding	792	393	399	13.2788	3.8896	3.7454
ENSG00000134215.16	VAV3	protein_coding	252	139	113	2.9291	0.8580	0.8262
ENSG00000134216.19	CHIA	protein_coding	0	0	0	0.0000	0.0000	0.0000
ENSG00000134222.16	PSRC1	protein_coding	292	157	135	8.6854	2.5441	2.4498
ENSG00000134240.12	HMGCS2	protein_coding	0	0	0	0.0000	0.0000	0.0000
ENSG00000134242.16	PTPN22	protein_coding	190	102	117	3.5879	1.0510	1.0120
ENSG00000134243.12	SORT1	protein_coding	10809	5505	5305	100.5703	29.4586	28.3664
ENSG00000134245.18	WNT2B	protein_coding	79	84	98	0.5422	0.1588	0.1529
ENSG00000134247.10	PTGFRN	protein_coding	5928	3048	2881	77.5907	22.7275	21.8849
ENSG00000134248.14	LAMTOR5	protein_coding	1113	866	860	39.5798	11.5935	11.1637
ENSG00000134249.7	ADAM30	protein_coding	0	0	0	0.0000	0.0000	0.0000
ENSG00000134250.20	NOTCH2	protein_coding	6215	3115	3101	26.4817	7.7569	7.4693
ENSG00000134253.10	TRIM45	protein_coding	81	40	42	1.5748	0.4613	0.4442
ENSG00000134255.14	CEPT1	protein_coding	496	417	412	5.0036	1.4656	1.4113
ENSG00000134256.12	CD101	protein_coding	32	27	21	0.7099	0.2079	0.2002
ENSG00000134258.17	VTCN1	protein_coding	1	1	0	0.0281	0.0082	0.0079
ENSG00000134259.5	NGF	protein_coding	4	1	3	0.2941	0.0861	0.0830
ENSG00000134262.13	AP4B1	protein_coding	313	262	229	4.5459	1.3316	1.2822
ENSG00000134265.13	NAPG	protein_coding	1062	523	539	16.1363	4.7266	4.5513
ENSG00000134278.15	SPIRE1	protein_coding	2323	1951	1985	30.2006	8.8462	8.5183
ENSG00000134283.18	PPHLN1	protein_coding	2087	1130	1141	14.5807	4.2709	4.1126
ENSG00000134285.11	FKBP11	protein_coding	6719	3403	3322	115.1060	33.7164	32.4663
ENSG00000134287.10	ARF3	protein_coding	12955	6410	6547	222.7915	65.2591	62.8396
ENSG00000134291.12	TMEM106C	protein_coding	4759	2417	2342	116.2982	34.0656	32.8026
ENSG00000134294.14	SLC38A2	protein_coding	8412	4151	4261	109.7482	32.1470	30.9551
ENSG00000134297.6	PLEKHA8P1	transcribed_processed_pseudogene	393	198	205	14.3852	4.2137	4.0574
ENSG00000134308.14	YWHAQ	protein_coding	15965	7939	8026	501.9456	147.0277	141.5767
ENSG00000134313.16	KIDINS220	protein_coding	7836	3923	3914	43.3199	12.6891	12.2186
ENSG00000134317.18	GRHL1	protein_coding	147	82	84	1.5698	0.4598	0.4428
ENSG00000134318.14	ROCK2	protein_coding	2779	1390	1389	23.1412	6.7784	6.5271
ENSG00000134321.12	RSAD2	protein_coding	4918	2460	2460	88.4453	25.9070	24.9465
ENSG00000134323.12	MYCN	protein_coding	18	8	11	0.5843	0.1712	0.1648
ENSG00000134324.12	LPIN1	protein_coding	2869	1414	1455	20.5410	6.0168	5.7937
ENSG00000134326.11	CMPK2	protein_coding	2460	1231	1231	48.5598	14.2239	13.6966
ENSG00000134330.19	IAH1	protein_coding	1082	942	878	15.5709	4.5610	4.3919
ENSG00000134333.14	LDHA	protein_coding	15846	8005	7842	222.8634	65.2802	62.8599
ENSG00000134339.9	SAA2	protein_coding	0	0	0	0.0000	0.0000	0.0000
ENSG00000134343.14	ANO3	protein_coding	87	43	45	0.9478	0.2776	0.2673
ENSG00000134352.20	IL6ST	protein_coding	7843	4410	4386	65.8329	19.2835	18.5685
ENSG00000134363.12	FST	protein_coding	819	411	408	25.2725	7.4027	7.1282
ENSG00000134365.13	CFHR4	protein_coding	1	1	0	0.0343	0.0100	0.0097
ENSG00000134369.15	NAV1	protein_coding	3384	1859	1926	12.7988	3.7490	3.6100
ENSG00000134371.14	CDC73	protein_coding	2829	1384	1446	22.8539	6.6943	6.4461
ENSG00000134375.11	TIMM17A	protein_coding	2971	1490	1481	72.0030	21.0908	20.3089
ENSG00000134376.16	CRB1	protein_coding	10	6	4	0.0668	0.0196	0.0188
ENSG00000134389.10	CFHR5	protein_coding	0	0	0	0.0000	0.0000	0.0000
ENSG00000134398.15	ERN2	protein_coding	2	15	10	0.0358	0.0105	0.0101
ENSG00000134419.15	RPS15A	protein_coding	754	377	377	9.5868	2.8081	2.7040
ENSG00000134438.10	RAX	protein_coding	0	0	0	0.0000	0.0000	0.0000
ENSG00000134440.12	NARS1	protein_coding	5292	2679	2613	109.9044	32.1927	30.9992
ENSG00000134443.10	GRP	protein_coding	1	0	1	0.0986	0.0289	0.0278
ENSG00000134444.15	RELCH	protein_coding	1009	510	499	7.9915	2.3408	2.2540
ENSG00000134452.20	FBH1	protein_coding	2360	1633	1522	30.0198	8.7933	8.4673
ENSG00000134453.16	RBM17	protein_coding	1721	862	860	22.9360	6.7183	6.4692
ENSG00000134460.18	IL2RA	protein_coding	128	55	88	2.7435	0.8036	0.7738
ENSG00000134461.16	ANKRD16	protein_coding	233	122	111	6.4662	1.8940	1.8238
ENSG00000134463.15	ECHDC3	protein_coding	460	223	237	17.8780	5.2367	5.0426
ENSG00000134470.21	IL15RA	protein_coding	441	207	236	10.3083	3.0195	2.9075
ENSG00000134480.16	CCNH	protein_coding	594	606	591	8.4338	2.4704	2.3788
ENSG00000134489.7	HRH4	protein_coding	8	3	5	0.1854	0.0543	0.0523
ENSG00000134490.14	TMEM241	protein_coding	464	227	238	7.5877	2.2226	2.1402
ENSG00000134504.14	KCTD1	protein_coding	853	438	415	8.1896	2.3989	2.3099
ENSG00000134508.12	CABLES1	protein_coding	1834	1142	1122	23.4061	6.8560	6.6018
ENSG00000134516.18	DOCK2	protein_coding	771	378	393	4.9643	1.4541	1.4002
ENSG00000134531.10	EMP1	protein_coding	19034	9518	9516	206.3546	60.4445	58.2035
ENSG00000134532.19	SOX5	protein_coding	1441	743	698	11.0622	3.2403	3.1202
ENSG00000134533.6	RERG	protein_coding	41	19	22	0.8376	0.2453	0.2362
ENSG00000134538.3	SLCO1B1	protein_coding	0	0	0	0.0000	0.0000	0.0000
ENSG00000134539.17	KLRD1	protein_coding	297	122	175	1.4485	0.4243	0.4086
ENSG00000134545.14	KLRC1	protein_coding	16	9	7	0.4982	0.1459	0.1405
ENSG00000134548.11	SPX	protein_coding	5	1	5	0.0586	0.0172	0.0165
ENSG00000134551.13	PRH2	protein_coding	3	2	1	0.0781	0.0229	0.0220
ENSG00000134569.10	LRP4	protein_coding	18	9	12	0.1747	0.0512	0.0493
ENSG00000134571.11	MYBPC3	protein_coding	4	2	2	0.0795	0.0233	0.0224
ENSG00000134574.12	DDB2	protein_coding	2526	1292	1243	44.3017	12.9767	12.4956
ENSG00000134575.13	ACP2	protein_coding	2646	1434	1441	64.4947	18.8915	18.1911
ENSG00000134588.12	USP26	protein_coding	0	0	0	0.0000	0.0000	0.0000
ENSG00000134590.14	RTL8C	protein_coding	6147	2964	3207	437.9245	128.2749	123.5192
ENSG00000134594.5	RAB33A	protein_coding	47	23	24	4.2236	1.2371	1.1913
ENSG00000134595.9	SOX3	protein_coding	0	0	0	0.0000	0.0000	0.0000
ENSG00000134597.16	RBMX2	protein_coding	989	506	483	30.1458	8.8302	8.5028
ENSG00000134602.16	STK26	protein_coding	80	40	40	2.0481	0.5999	0.5777
ENSG00000134612.12	FOLH1B	transcribed_unprocessed_pseudogene	3	3	0	0.1021	0.0299	0.0288
ENSG00000134627.12	PIWIL4	protein_coding	92	53	39	1.7369	0.5088	0.4899
ENSG00000134640.3	MTNR1B	protein_coding	0	0	0	0.0000	0.0000	0.0000
ENSG00000134644.16	PUM1	protein_coding	3962	1965	1998	50.8163	14.8849	14.3330
ENSG00000134668.12	SPOCD1	protein_coding	181	114	100	2.1695	0.6355	0.6119
ENSG00000134684.11	YARS1	protein_coding	6610	3290	3347	56.7166	16.6132	15.9972
ENSG00000134686.18	PHC2	protein_coding	10423	5284	5183	177.9147	52.1140	50.1819
ENSG00000134690.11	CDCA8	protein_coding	695	344	351	24.5302	7.1853	6.9189
ENSG00000134697.13	GNL2	protein_coding	3543	1825	1759	52.3531	15.3350	14.7665
ENSG00000134698.11	AGO4	protein_coding	862	444	418	9.8614	2.8886	2.7815
ENSG00000134709.12	HOOK1	protein_coding	711	367	344	9.1289	2.6740	2.5749
ENSG00000134716.11	CYP2J2	protein_coding	653	315	338	18.6522	5.4635	5.2610
ENSG00000134717.18	BTF3L4	protein_coding	2527	1275	1253	36.0783	10.5679	10.1761
ENSG00000134744.14	TUT4	protein_coding	1361	719	644	7.1348	2.0899	2.0124
ENSG00000134748.13	PRPF38A	protein_coding	1236	593	643	18.6864	5.4735	5.2706
ENSG00000134755.17	DSC2	protein_coding	80	33	47	0.5434	0.1592	0.1533
ENSG00000134757.5	DSG3	protein_coding	0	0	0	0.0000	0.0000	0.0000
ENSG00000134758.14	RNF138	protein_coding	438	234	229	9.8504	2.8853	2.7784
ENSG00000134759.14	ELP2	protein_coding	2988	1578	1587	22.9423	6.7202	6.4710
ENSG00000134760.6	DSG1	protein_coding	0	0	0	0.0000	0.0000	0.0000
ENSG00000134762.17	DSC3	protein_coding	1	0	1	0.0110	0.0032	0.0031
ENSG00000134765.10	DSC1	protein_coding	0	0	0	0.0000	0.0000	0.0000
ENSG00000134769.21	DTNA	protein_coding	22	14	8	0.1479	0.0433	0.0417
ENSG00000134775.15	FHOD3	protein_coding	909	588	594	9.6915	2.8388	2.7335
ENSG00000134779.15	TPGS2	protein_coding	2030	1156	1152	16.3108	4.7777	4.6005
ENSG00000134780.10	DAGLA	protein_coding	634	372	345	9.2843	2.7195	2.6187
ENSG00000134802.18	SLC43A3	protein_coding	8133	4015	4120	152.9019	44.7874	43.1269
ENSG00000134809.9	TIMM10	protein_coding	864	427	438	94.5506	27.6954	26.6686
ENSG00000134812.8	CBLIF	protein_coding	0	0	0	0.0000	0.0000	0.0000
ENSG00000134815.19	DHX34	protein_coding	1175	615	560	17.6230	5.1621	4.9707
ENSG00000134817.11	APLNR	protein_coding	1091	527	564	25.3206	7.4168	7.1418
ENSG00000134824.14	FADS2	protein_coding	607	405	365	4.8846	1.4308	1.3777
ENSG00000134825.16	TMEM258	protein_coding	1369	661	723	37.7210	11.0491	10.6394
ENSG00000134827.8	TCN1	protein_coding	5982	3004	2978	338.6627	99.1996	95.5218
ENSG00000134830.6	C5AR2	protein_coding	28	14	14	0.3509	0.1028	0.0990
ENSG00000134851.13	TMEM165	protein_coding	2859	1415	1483	34.4477	10.0903	9.7162
ENSG00000134852.15	CLOCK	protein_coding	1927	979	987	14.1890	4.1562	4.0021
ENSG00000134853.12	PDGFRA	protein_coding	1057	511	546	9.4020	2.7540	2.6519
ENSG00000134864.10	GGACT	protein_coding	107	88	90	2.6133	0.7655	0.7371
ENSG00000134871.19	COL4A2	protein_coding	6189	3376	3276	27.2727	7.9886	7.6924
ENSG00000134873.10	CLDN10	protein_coding	20	10	11	0.5017	0.1470	0.1415
ENSG00000134874.18	DZIP1	protein_coding	114	61	54	1.1426	0.3347	0.3223
ENSG00000134882.16	UBAC2	protein_coding	1677	833	847	30.4754	8.9267	8.5958
ENSG00000134884.15	ARGLU1	protein_coding	916	463	453	13.4510	3.9400	3.7939
ENSG00000134897.14	BIVM	protein_coding	279	136	143	2.9795	0.8727	0.8404
ENSG00000134899.23	ERCC5	protein_coding	36	13	23	0.4705	0.1378	0.1327
ENSG00000134900.12	TPP2	protein_coding	1763	910	853	17.0266	4.9874	4.8024
ENSG00000134901.13	POGLUT2	protein_coding	208	106	103	7.5614	2.2149	2.1327
ENSG00000134905.17	CARS2	protein_coding	2515	1261	1255	20.4652	5.9946	5.7723
ENSG00000134909.18	ARHGAP32	protein_coding	645	308	337	4.2655	1.2494	1.2031
ENSG00000134910.14	STT3A	protein_coding	5764	2949	2815	66.4244	19.4567	18.7354
ENSG00000134917.10	ADAMTS8	protein_coding	1	1	0	0.0205	0.0060	0.0058
ENSG00000134940.14	ACRV1	protein_coding	12	5	7	0.5191	0.1521	0.1464
ENSG00000134954.14	ETS1	protein_coding	3670	1842	1828	43.5946	12.7696	12.2961
ENSG00000134955.12	SLC37A2	protein_coding	843	382	461	11.2915	3.3074	3.1848
ENSG00000134962.7	KLB	protein_coding	1	0	1	0.0141	0.0041	0.0040
ENSG00000134970.14	TMED7	protein_coding	5595	2782	2813	117.1714	34.3213	33.0489
ENSG00000134982.17	APC	protein_coding	5945	2982	2963	40.5830	11.8874	11.4467
ENSG00000134986.14	NREP	protein_coding	12	186	183	0.1095	0.0321	0.0309
ENSG00000134987.11	WDR36	protein_coding	2435	1239	1196	27.0091	7.9114	7.6181
ENSG00000134996.12	OSTF1	protein_coding	1273	623	650	80.1956	23.4906	22.6197
ENSG00000135002.12	RFK	protein_coding	944	474	470	20.7252	6.0707	5.8457
ENSG00000135018.14	UBQLN1	protein_coding	4844	2445	2515	59.9031	17.5466	16.8960
ENSG00000135040.16	NAA35	protein_coding	760	415	345	9.4841	2.7781	2.6751
ENSG00000135045.7	C9orf40	protein_coding	183	86	97	6.6101	1.9362	1.8644
ENSG00000135046.14	ANXA1	protein_coding	35258	17649	17611	672.3838	196.9518	189.6498
ENSG00000135047.16	CTSL	protein_coding	7060	3573	3488	98.0760	28.7280	27.6629
ENSG00000135048.14	CEMIP2	protein_coding	1305	654	651	11.9755	3.5078	3.3778
ENSG00000135049.16	AGTPBP1	protein_coding	615	313	302	10.5742	3.0974	2.9825
ENSG00000135052.16	GOLM1	protein_coding	7937	3979	3959	159.2283	46.6405	44.9113
ENSG00000135063.19	FAM189A2	protein_coding	555	285	270	4.9341	1.4453	1.3917
ENSG00000135069.14	PSAT1	protein_coding	4695	2396	2299	180.7350	52.9401	50.9774
ENSG00000135070.15	ISCA1	protein_coding	798	400	398	20.8448	6.1058	5.8794
ENSG00000135074.16	ADAM19	protein_coding	1846	941	923	20.3483	5.9603	5.7394
ENSG00000135077.9	HAVCR2	protein_coding	584	278	306	15.4401	4.5226	4.3550
ENSG00000135083.16	CCNJL	protein_coding	24	12	12	0.2208	0.0647	0.0623
ENSG00000135090.14	TAOK3	protein_coding	2123	1050	1073	17.1179	5.0141	4.8282
ENSG00000135093.13	USP30	protein_coding	474	261	243	7.8281	2.2930	2.2080
ENSG00000135094.11	SDS	protein_coding	221	120	104	6.2454	1.8294	1.7616
ENSG00000135097.7	MSI1	protein_coding	3	2	1	0.0829	0.0243	0.0234
ENSG00000135100.18	HNF1A	protein_coding	1	13	18	0.0169	0.0049	0.0048
ENSG00000135108.15	FBXO21	protein_coding	1070	564	507	13.1956	3.8652	3.7219
ENSG00000135111.16	TBX3	protein_coding	60	27	34	0.8549	0.2504	0.2411
ENSG00000135114.12	OASL	protein_coding	644	315	329	15.5498	4.5548	4.3859
ENSG00000135116.9	HRK	protein_coding	508	238	270	6.2950	1.8439	1.7755
ENSG00000135119.15	RNFT2	protein_coding	470	239	231	5.2372	1.5341	1.4772
ENSG00000135124.15	P2RX4	protein_coding	1341	673	668	13.9642	4.0903	3.9387
ENSG00000135127.11	BICDL1	protein_coding	490	255	235	7.5877	2.2226	2.1402
ENSG00000135144.7	DTX1	protein_coding	48	29	19	0.9292	0.2722	0.2621
ENSG00000135148.12	TRAFD1	protein_coding	1213	606	607	26.4260	7.7406	7.4536
ENSG00000135164.19	DMTF1	protein_coding	977	514	523	8.8555	2.5939	2.4977
ENSG00000135175.5	OCM2	protein_coding	0	0	0	0.0000	0.0000	0.0000
ENSG00000135185.12	TMEM243	protein_coding	148	96	112	3.8435	1.1258	1.0841
ENSG00000135205.15	CCDC146	protein_coding	73	37	42	1.3903	0.4072	0.3921
ENSG00000135211.6	TMEM60	protein_coding	1062	548	514	102.8341	30.1217	29.0050
ENSG00000135218.19	CD36	protein_coding	348	170	179	2.7162	0.7956	0.7661
ENSG00000135220.11	UGT2A3	protein_coding	0	0	0	0.0000	0.0000	0.0000
ENSG00000135222.6	CSN2	protein_coding	0	0	0	0.0000	0.0000	0.0000
ENSG00000135226.18	UGT2B28	protein_coding	1	1	0	0.0457	0.0134	0.0129
ENSG00000135241.17	PNPLA8	protein_coding	2889	1421	1468	43.2461	12.6675	12.1978
ENSG00000135245.10	HILPDA	protein_coding	370	203	167	15.1790	4.4462	4.2813
ENSG00000135248.15	FAM71F1	protein_coding	4	3	1	0.1347	0.0395	0.0380
ENSG00000135249.8	RINT1	protein_coding	689	520	514	16.3848	4.7994	4.6214
ENSG00000135250.17	SRPK2	protein_coding	3422	1839	1877	45.6484	13.3711	12.8754
ENSG00000135253.15	KCP	protein_coding	941	2436	2419	6.3801	1.8688	1.7995
ENSG00000135269.18	TES	protein_coding	789	420	403	15.7024	4.5995	4.4290
ENSG00000135272.12	MDFIC	protein_coding	5102	2492	2610	85.8459	25.1456	24.2133
ENSG00000135297.16	MTO1	protein_coding	507	275	302	3.5668	1.0448	1.0060
ENSG00000135298.14	ADGRB3	protein_coding	5	4	1	0.0646	0.0189	0.0182
ENSG00000135299.17	ANKRD6	protein_coding	341	392	387	3.4693	1.0162	0.9785
ENSG00000135312.7	HTR1B	protein_coding	0	0	0	0.0000	0.0000	0.0000
ENSG00000135314.12	KHDC1	protein_coding	51	32	20	1.2928	0.3787	0.3646
ENSG00000135315.12	CEP162	protein_coding	359	185	174	5.5612	1.6290	1.5686
ENSG00000135316.19	SYNCRIP	protein_coding	3840	1965	1875	31.1992	9.1387	8.7999
ENSG00000135317.13	SNX14	protein_coding	1851	983	868	22.1235	6.4803	6.2401
ENSG00000135318.12	NT5E	protein_coding	2524	1254	1271	47.2842	13.8503	13.3368
ENSG00000135324.6	MRAP2	protein_coding	24	15	9	0.9537	0.2794	0.2690
ENSG00000135333.14	EPHA7	protein_coding	0	0	0	0.0000	0.0000	0.0000
ENSG00000135334.9	AKIRIN2	protein_coding	805	387	418	30.5866	8.9593	8.6271
ENSG00000135336.15	ORC3	protein_coding	774	413	361	17.8174	5.2190	5.0255
ENSG00000135338.14	LCA5	protein_coding	92	46	46	1.3100	0.3837	0.3695
ENSG00000135341.18	MAP3K7	protein_coding	1816	925	891	21.2594	6.2272	5.9963
ENSG00000135346.9	CGA	protein_coding	0	0	0	0.0000	0.0000	0.0000
ENSG00000135355.4	GJA10	protein_coding	1	1	0	0.0353	0.0103	0.0099
ENSG00000135362.14	PRR5L	protein_coding	214	101	113	2.7468	0.8046	0.7748
ENSG00000135363.12	LMO2	protein_coding	245	110	135	7.1842	2.1044	2.0264
ENSG00000135365.16	PHF21A	protein_coding	2200	1116	1085	16.2881	4.7711	4.5942
ENSG00000135372.9	NAT10	protein_coding	4558	2269	2289	74.0515	21.6909	20.8867
ENSG00000135373.13	EHF	protein_coding	18	7	11	0.2310	0.0677	0.0652
ENSG00000135374.11	ELF5	protein_coding	0	0	0	0.0000	0.0000	0.0000
ENSG00000135378.4	PRRG4	protein_coding	1429	698	731	21.8927	6.4127	6.1750
ENSG00000135387.21	CAPRIN1	protein_coding	11653	5759	5895	108.8046	31.8706	30.6890
ENSG00000135390.21	ATP5MC2	protein_coding	9646	4821	4827	209.8214	61.4600	59.1813
ENSG00000135392.18	DNAJC14	protein_coding	1030	1150	1175	20.8754	6.1147	5.8880
ENSG00000135404.12	CD63	protein_coding	95232	48192	47142	3339.0355	978.0558	941.7946
ENSG00000135406.14	PRPH	protein_coding	3	3	5	0.0801	0.0235	0.0226
ENSG00000135407.10	AVIL	protein_coding	87	65	58	1.2546	0.3675	0.3539
ENSG00000135409.11	AMHR2	protein_coding	1	0	1	0.0232	0.0068	0.0066
ENSG00000135413.9	LACRT	protein_coding	0	0	0	0.0000	0.0000	0.0000
ENSG00000135414.10	GDF11	protein_coding	3985	2113	2143	38.4511	11.2629	10.8454
ENSG00000135423.13	GLS2	protein_coding	3	51	43	0.0615	0.0180	0.0174
ENSG00000135424.18	ITGA7	protein_coding	17088	8805	8575	227.4840	66.6336	64.1632
ENSG00000135426.16	TESPA1	protein_coding	170	86	84	2.8621	0.8384	0.8073
ENSG00000135436.8	FAM186B	protein_coding	18	27	28	0.3214	0.0941	0.0907
ENSG00000135437.10	RDH5	protein_coding	67	37	30	1.9074	0.5587	0.5380
ENSG00000135439.11	AGAP2	protein_coding	244	1074	1150	3.0798	0.9021	0.8687
ENSG00000135441.7	BLOC1S1	protein_coding	90	51	40	4.6152	1.3519	1.3018
ENSG00000135443.8	KRT85	protein_coding	1	1	0	0.0313	0.0092	0.0088
ENSG00000135446.17	CDK4	protein_coding	2983	3691	3665	81.8739	23.9821	23.0930
ENSG00000135447.17	PPP1R1A	protein_coding	467	251	231	9.9543	2.9158	2.8077
ENSG00000135451.13	TROAP	protein_coding	452	250	243	9.7076	2.8435	2.7381
ENSG00000135452.10	TSPAN31	protein_coding	2194	3285	3305	35.4819	10.3932	10.0079
ENSG00000135454.14	B4GALNT1	protein_coding	598	565	562	6.4379	1.8858	1.8159
ENSG00000135457.10	TFCP2	protein_coding	1909	972	937	40.7832	11.9460	11.5031
ENSG00000135469.14	COQ10A	protein_coding	274	170	166	7.2464	2.1226	2.0439
ENSG00000135472.9	FAIM2	protein_coding	55	34	22	0.7711	0.2259	0.2175
ENSG00000135473.15	PAN2	protein_coding	706	506	495	8.2332	2.4116	2.3222
ENSG00000135476.12	ESPL1	protein_coding	538	284	255	5.1421	1.5062	1.4503
ENSG00000135477.11	KRT87P	transcribed_unprocessed_pseudogene	0	0	0	0.0000	0.0000	0.0000
ENSG00000135480.16	KRT7	protein_coding	7	3	7	0.1486	0.0435	0.0419
ENSG00000135482.7	ZC3H10	protein_coding	279	234	214	2.8331	0.8298	0.7991
ENSG00000135486.19	HNRNPA1	protein_coding	15159	7581	7579	192.2217	56.3048	54.2173
ENSG00000135502.19	SLC26A10	transcribed_unitary_pseudogene	0	73	62	0.0000	0.0000	0.0000
ENSG00000135503.13	ACVR1B	protein_coding	1480	702	778	22.2132	6.5066	6.2654
ENSG00000135506.16	OS9	protein_coding	19002	14909	14683	312.1800	91.4424	88.0522
ENSG00000135517.9	MIP	protein_coding	0	49	55	0.0000	0.0000	0.0000
ENSG00000135519.8	KCNH3	protein_coding	12	20	20	0.2267	0.0664	0.0639
ENSG00000135521.9	LTV1	protein_coding	537	274	263	24.6100	7.2086	6.9414
ENSG00000135525.18	MAP7	protein_coding	11	8	3	0.1715	0.0502	0.0484
ENSG00000135535.17	CD164	protein_coding	7681	3865	3817	95.0698	27.8474	26.8150
ENSG00000135537.17	AFG1L	protein_coding	197	96	101	2.0028	0.5866	0.5649
ENSG00000135540.11	NHSL1	protein_coding	1845	988	918	17.9245	5.2504	5.0557
ENSG00000135541.21	AHI1	protein_coding	477	265	224	4.6592	1.3648	1.3142
ENSG00000135547.9	HEY2	protein_coding	285	148	137	9.0005	2.6364	2.5386
ENSG00000135549.15	PKIB	protein_coding	127	61	66	3.1425	0.9205	0.8863
ENSG00000135569.4	TAAR5	protein_coding	0	0	0	0.0000	0.0000	0.0000
ENSG00000135577.4	NMBR	protein_coding	1	1	0	0.0539	0.0158	0.0152
ENSG00000135587.9	SMPD2	protein_coding	246	140	137	10.1756	2.9806	2.8701
ENSG00000135596.18	MICAL1	protein_coding	3079	1548	1531	38.2210	11.1955	10.7805
ENSG00000135597.19	REPS1	protein_coding	832	415	424	7.3582	2.1553	2.0754
ENSG00000135604.10	STX11	protein_coding	188	91	97	2.9006	0.8496	0.8181
ENSG00000135605.13	TEC	protein_coding	475	236	239	10.0742	2.9509	2.8415
ENSG00000135617.4	PRADC1	protein_coding	829	401	428	50.1418	14.6873	14.1428
ENSG00000135622.13	SEMA4F	protein_coding	2347	1172	1175	32.0071	9.3754	9.0278
ENSG00000135624.16	CCT7	protein_coding	12695	6375	6322	300.2131	87.9371	84.6769
ENSG00000135625.8	EGR4	protein_coding	2	0	2	0.0716	0.0210	0.0202
ENSG00000135631.17	RAB11FIP5	protein_coding	2058	1066	993	24.7614	7.2530	6.9841
ENSG00000135632.12	SMYD5	protein_coding	2404	1192	1212	60.6863	17.7760	17.1169
ENSG00000135636.14	DYSF	protein_coding	544	260	284	5.5068	1.6130	1.5532
ENSG00000135637.14	CCDC142	protein_coding	443	256	272	6.5019	1.9045	1.8339
ENSG00000135638.14	EMX1	protein_coding	0	0	0	0.0000	0.0000	0.0000
ENSG00000135643.5	KCNMB4	protein_coding	43	20	23	0.7514	0.2201	0.2119
ENSG00000135655.16	USP15	protein_coding	2147	1032	1115	9.3894	2.7503	2.6483
ENSG00000135677.11	GNS	protein_coding	35837	17824	18017	485.5287	142.2190	136.9462
ENSG00000135678.12	CPM	protein_coding	855	1072	1072	9.6360	2.8225	2.7179
ENSG00000135679.25	MDM2	protein_coding	12138	8318	8348	76.6482	22.4514	21.6191
ENSG00000135686.13	KLHL36	protein_coding	2021	1032	989	17.1470	5.0226	4.8364
ENSG00000135697.10	BCO1	protein_coding	19	10	14	0.6000	0.1758	0.1692
ENSG00000135698.10	MPHOSPH6	protein_coding	562	278	284	21.8123	6.3892	6.1523
ENSG00000135702.14	CHST5	protein_coding	1	1	0	0.0256	0.0075	0.0072
ENSG00000135709.12	KIAA0513	protein_coding	2109	1081	1028	20.2667	5.9364	5.7164
ENSG00000135720.13	DYNC1LI2	protein_coding	5128	3672	3845	53.8351	15.7691	15.1845
ENSG00000135722.9	FBXL8	protein_coding	62	37	25	1.6827	0.4929	0.4746
ENSG00000135723.14	FHOD1	protein_coding	2912	1654	1737	47.2827	13.8498	13.3364
ENSG00000135736.6	CCDC102A	protein_coding	814	418	396	27.0973	7.9372	7.6430
ENSG00000135740.17	SLC9A5	protein_coding	238	371	346	3.7290	1.0923	1.0518
ENSG00000135744.8	AGT	protein_coding	12	10	2	0.4816	0.1411	0.1358
ENSG00000135747.11	ZNF670-ZNF695	protein_coding	0	1	0	0.0000	0.0000	0.0000
ENSG00000135749.19	PCNX2	protein_coding	286	171	175	1.7565	0.5145	0.4954
ENSG00000135750.15	KCNK1	protein_coding	10	4	6	0.2408	0.0705	0.0679
ENSG00000135763.10	URB2	protein_coding	1012	517	495	14.3496	4.2032	4.0474
ENSG00000135766.9	EGLN1	protein_coding	376	197	179	5.9339	1.7381	1.6737
ENSG00000135773.13	CAPN9	protein_coding	160	71	89	5.2400	1.5349	1.4780
ENSG00000135775.14	COG2	protein_coding	1458	997	996	11.3113	3.3133	3.1904
ENSG00000135776.5	ABCB10	protein_coding	734	406	328	14.6044	4.2779	4.1193
ENSG00000135778.12	NTPCR	protein_coding	2547	1314	1293	13.6428	3.9962	3.8480
ENSG00000135801.10	TAF5L	protein_coding	1048	516	532	13.9014	4.0719	3.9210
ENSG00000135821.19	GLUL	protein_coding	14165	7049	7118	95.1811	27.8800	26.8464
ENSG00000135823.14	STX6	protein_coding	1506	768	738	19.7453	5.7837	5.5693
ENSG00000135824.12	RGS8	protein_coding	3	1	2	0.0381	0.0112	0.0107
ENSG00000135828.11	RNASEL	protein_coding	817	411	408	11.3273	3.3180	3.1949
ENSG00000135829.17	DHX9	protein_coding	9805	5123	4932	141.1741	41.3521	39.8190
ENSG00000135835.12	KIAA1614	protein_coding	341	252	263	2.7706	0.8115	0.7815
ENSG00000135837.16	CEP350	protein_coding	4280	2213	2067	25.4863	7.4653	7.1885
ENSG00000135838.13	NPL	protein_coding	3958	1962	1996	67.5608	19.7896	19.0559
ENSG00000135842.17	NIBAN1	protein_coding	508	257	251	5.1788	1.5170	1.4607
ENSG00000135845.10	PIGC	protein_coding	1263	649	614	20.5272	6.0127	5.7898
ENSG00000135862.6	LAMC1	protein_coding	22069	11190	10882	221.8931	64.9960	62.5863
ENSG00000135870.12	RC3H1	protein_coding	1071	533	538	7.7748	2.2774	2.1929
ENSG00000135898.10	GPR55	protein_coding	733	450	409	15.0137	4.3977	4.2347
ENSG00000135899.19	SP110	protein_coding	4452	2544	2537	42.7241	12.5146	12.0506
ENSG00000135900.4	MRPL44	protein_coding	2150	1258	1211	108.0989	31.6638	30.4899
ENSG00000135902.10	CHRND	protein_coding	2	2	0	0.0542	0.0159	0.0153
ENSG00000135903.20	PAX3	protein_coding	2053	1043	1012	21.9519	6.4300	6.1917
ENSG00000135905.20	DOCK10	protein_coding	7657	3830	3827	57.6042	16.8732	16.2476
ENSG00000135912.11	TTLL4	protein_coding	3923	1942	1981	43.2934	12.6813	12.2112
ENSG00000135913.11	USP37	protein_coding	283	349	348	2.5897	0.7586	0.7304
ENSG00000135914.6	HTR2B	protein_coding	29	37	30	1.1349	0.3324	0.3201
ENSG00000135916.16	ITM2C	protein_coding	14013	7007	7007	463.2115	135.6819	130.6515
ENSG00000135917.16	SLC19A3	protein_coding	2	0	2	0.0219	0.0064	0.0062
ENSG00000135919.14	SERPINE2	protein_coding	104751	52882	51870	993.1341	290.9045	280.1193
ENSG00000135924.16	DNAJB2	protein_coding	6938	3407	3533	101.4250	29.7090	28.6075
ENSG00000135925.9	WNT10A	protein_coding	46	20	26	1.3378	0.3919	0.3773
ENSG00000135926.15	TMBIM1	protein_coding	16954	8443	8513	282.6902	82.8044	79.7344
ENSG00000135929.9	CYP27A1	protein_coding	7501	3819	3683	213.5395	62.5491	60.2301
ENSG00000135930.14	EIF4E2	protein_coding	2413	1552	1569	31.2606	9.1567	8.8172
ENSG00000135931.18	ARMC9	protein_coding	2981	1515	1466	21.6885	6.3529	6.1174
ENSG00000135932.11	CAB39	protein_coding	4373	2197	2176	69.2443	20.2827	19.5308
ENSG00000135940.7	COX5B	protein_coding	2786	1364	1422	166.7289	48.8375	47.0269
ENSG00000135945.10	REV1	protein_coding	659	393	420	7.2033	2.1100	2.0317
ENSG00000135951.16	TSGA10	protein_coding	73	36	38	0.8406	0.2462	0.2371
ENSG00000135953.11	MFSD9	protein_coding	606	318	288	9.2275	2.7029	2.6027
ENSG00000135956.9	TMEM127	protein_coding	8572	4336	4236	114.2401	33.4627	32.2221
ENSG00000135960.10	EDAR	protein_coding	2	0	2	0.0384	0.0112	0.0108
ENSG00000135966.13	TGFBRAP1	protein_coding	3731	1824	1907	55.5272	16.2648	15.6618
ENSG00000135968.21	GCC2	protein_coding	1698	902	861	11.3970	3.3384	3.2146
ENSG00000135972.9	MRPS9	protein_coding	569	627	615	26.4187	7.7384	7.4515
ENSG00000135973.3	GPR45	protein_coding	2	2	0	0.0985	0.0288	0.0278
ENSG00000135974.10	C2orf49	protein_coding	500	235	266	9.2405	2.7067	2.6063
ENSG00000135976.20	ANKRD36	protein_coding	141	74	67	1.0611	0.3108	0.2993
ENSG00000135999.12	EPC2	protein_coding	1533	785	748	22.3836	6.5565	6.3134
ENSG00000136002.20	ARHGEF4	protein_coding	16	8	8	0.1280	0.0375	0.0361
ENSG00000136003.16	ISCU	protein_coding	2378	1163	1215	45.6570	13.3736	12.8778
ENSG00000136010.14	ALDH1L2	protein_coding	1627	845	814	14.5545	4.2632	4.1052
ENSG00000136011.15	STAB2	protein_coding	9	6	6	0.0824	0.0241	0.0232
ENSG00000136014.12	USP44	protein_coding	5	2	3	0.0790	0.0232	0.0223
ENSG00000136021.19	SCYL2	protein_coding	2777	1356	1421	31.5610	9.2447	8.9020
ENSG00000136026.14	CKAP4	protein_coding	2319	1135	1191	53.7181	15.7349	15.1515
ENSG00000136040.9	PLXNC1	protein_coding	10841	6453	6501	91.7595	26.8778	25.8813
ENSG00000136044.12	APPL2	protein_coding	1208	625	583	20.1619	5.9057	5.6868
ENSG00000136045.12	PWP1	protein_coding	1553	758	795	47.0333	13.7768	13.2660
ENSG00000136048.14	DRAM1	protein_coding	837	480	464	18.0402	5.2843	5.0883
ENSG00000136051.15	WASHC4	protein_coding	2621	1331	1290	28.9286	8.4736	8.1595
ENSG00000136052.9	SLC41A2	protein_coding	817	407	410	13.4692	3.9453	3.7991
ENSG00000136059.14	VILL	protein_coding	185	84	101	2.4259	0.7106	0.6842
ENSG00000136068.15	FLNB	protein_coding	3683	2102	2038	22.4170	6.5663	6.3228
ENSG00000136098.17	NEK3	protein_coding	184	99	86	3.6576	1.0714	1.0317
ENSG00000136099.13	PCDH8	protein_coding	0	0	0	0.0000	0.0000	0.0000
ENSG00000136100.14	VPS36	protein_coding	1604	765	839	18.6618	5.4663	5.2637
ENSG00000136104.21	RNASEH2B	protein_coding	734	365	376	2.3771	0.6963	0.6705
ENSG00000136108.15	CKAP2	protein_coding	1407	716	691	26.2773	7.6970	7.4117
ENSG00000136110.13	CNMD	protein_coding	0	0	0	0.0000	0.0000	0.0000
ENSG00000136111.14	TBC1D4	protein_coding	632	305	327	6.6820	1.9573	1.8847
ENSG00000136114.17	THSD1	protein_coding	473	249	224	10.8414	3.1756	3.0579
ENSG00000136122.18	BORA	protein_coding	148	157	160	3.9411	1.1544	1.1116
ENSG00000136141.15	LRCH1	protein_coding	1390	678	712	13.7096	4.0157	3.8669
ENSG00000136143.16	SUCLA2	protein_coding	897	482	496	8.5791	2.5129	2.4198
ENSG00000136144.12	RCBTB1	protein_coding	2363	1227	1136	44.5037	13.0358	12.5525
ENSG00000136146.15	MED4	protein_coding	568	494	516	18.6235	5.4551	5.2529
ENSG00000136147.18	PHF11	protein_coding	727	359	369	12.7688	3.7402	3.6015
ENSG00000136149.6	RPL13AP25	processed_pseudogene	104	62	42	14.4309	4.2270	4.0703
ENSG00000136152.15	COG3	protein_coding	821	439	487	11.4539	3.3550	3.2306
ENSG00000136153.20	LMO7	protein_coding	1775	882	909	10.4917	3.0732	2.9592
ENSG00000136155.17	SCEL	protein_coding	1	1	0	0.0202	0.0059	0.0057
ENSG00000136156.15	ITM2B	protein_coding	17026	8443	8583	135.6210	39.7255	38.2527
ENSG00000136158.12	SPRY2	protein_coding	2120	1077	1043	56.0322	16.4127	15.8042
ENSG00000136159.4	NUDT15	protein_coding	569	322	324	24.9328	7.3032	7.0324
ENSG00000136160.17	EDNRB	protein_coding	3474	1749	1728	52.6059	15.4091	14.8378
ENSG00000136161.13	RCBTB2	protein_coding	981	499	482	23.5264	6.8912	6.6358
ENSG00000136167.15	LCP1	protein_coding	4411	2400	2291	73.7951	21.6158	20.8144
ENSG00000136169.16	SETDB2	protein_coding	677	327	350	8.6090	2.5217	2.4282
ENSG00000136193.17	SCRN1	protein_coding	3761	1889	1873	52.8085	15.4684	14.8949
ENSG00000136197.13	C7orf25	protein_coding	15	11	4	0.3922	0.1149	0.1106
ENSG00000136205.17	TNS3	protein_coding	12058	6074	5984	87.0427	25.4962	24.5509
ENSG00000136206.4	SPDYE1	protein_coding	6	2	6	0.1762	0.0516	0.0497
ENSG00000136213.10	CHST12	protein_coding	862	442	420	4.5422	1.3305	1.2811
ENSG00000136231.14	IGF2BP3	protein_coding	608	567	558	6.0494	1.7720	1.7063
ENSG00000136235.17	GPNMB	protein_coding	74767	37204	37563	1075.0503	314.8991	303.2242
ENSG00000136237.19	RAPGEF5	protein_coding	586	288	298	4.8517	1.4211	1.3684
ENSG00000136238.18	RAC1	protein_coding	11320	5658	5666	310.0966	90.8322	87.4646
ENSG00000136240.10	KDELR2	protein_coding	11359	5698	5662	245.4482	71.8956	69.2301
ENSG00000136243.17	NUP42	protein_coding	413	454	407	8.0589	2.3606	2.2730
ENSG00000136244.12	IL6	protein_coding	53	38	34	2.1753	0.6372	0.6136
ENSG00000136247.15	ZDHHC4	protein_coding	931	788	793	22.2269	6.5106	6.2692
ENSG00000136250.12	AOAH	protein_coding	323	163	160	7.7968	2.2838	2.1991
ENSG00000136261.15	BZW2	protein_coding	2851	1892	1787	66.1137	19.3657	18.6477
ENSG00000136267.14	DGKB	protein_coding	4	2	2	0.0358	0.0105	0.0101
ENSG00000136270.14	TBRG4	protein_coding	4374	2186	2188	64.0086	18.7491	18.0540
ENSG00000136271.10	DDX56	protein_coding	3285	1642	1643	68.5751	20.0867	19.3420
ENSG00000136273.13	HUS1	protein_coding	912	453	459	18.5948	5.4467	5.2448
ENSG00000136274.9	NACAD	protein_coding	1425	696	730	24.3337	7.1277	6.8635
ENSG00000136275.10	C7orf69	lncRNA	25	14	11	2.6275	0.7696	0.7411
ENSG00000136279.21	DBNL	protein_coding	4829	2424	2428	32.5797	9.5431	9.1893
ENSG00000136280.17	CCM2	protein_coding	2942	1452	1493	30.4938	8.9321	8.6010
ENSG00000136286.16	MYO1G	protein_coding	455	214	242	4.4326	1.2984	1.2502
ENSG00000136295.15	TTYH3	protein_coding	5225	2629	2596	72.8109	21.3274	20.5367
ENSG00000136297.15	MMD2	protein_coding	0	0	0	0.0000	0.0000	0.0000
ENSG00000136305.11	CIDEB	protein_coding	0	941	1006	0.0000	0.0000	0.0000
ENSG00000136315.4	AL355922.1	lncRNA	4	2	3	1.0080	0.2952	0.2843
ENSG00000136319.12	TTC5	protein_coding	872	449	489	7.6562	2.2426	2.1595
ENSG00000136327.7	NKX2-8	protein_coding	0	0	0	0.0000	0.0000	0.0000
ENSG00000136352.19	NKX2-1	protein_coding	0	0	0	0.0000	0.0000	0.0000
ENSG00000136367.14	ZFHX2	protein_coding	285	188	142	2.3630	0.6922	0.6665
ENSG00000136371.11	MTHFS	protein_coding	34	20	14	0.9538	0.2794	0.2690
ENSG00000136378.15	ADAMTS7	protein_coding	221	115	106	2.4185	0.7084	0.6821
ENSG00000136379.12	ABHD17C	protein_coding	1157	567	590	27.1417	7.9502	7.6555
ENSG00000136381.13	IREB2	protein_coding	2373	1187	1186	18.6537	5.4640	5.2614
ENSG00000136383.7	ALPK3	protein_coding	78	38	40	0.6455	0.1891	0.1821
ENSG00000136404.16	TM6SF1	protein_coding	17	44	45	0.5784	0.1694	0.1631
ENSG00000136425.14	CIB2	protein_coding	378	253	249	15.0210	4.3999	4.2368
ENSG00000136436.15	CALCOCO2	protein_coding	3572	1770	1803	36.5333	10.7012	10.3044
ENSG00000136444.10	RSAD1	protein_coding	2077	1045	1034	42.6347	12.4884	12.0254
ENSG00000136448.13	NMT1	protein_coding	7110	3550	3590	70.5026	20.6513	19.8857
ENSG00000136449.15	MYCBPAP	protein_coding	25	15	22	0.3259	0.0955	0.0919
ENSG00000136450.13	SRSF1	protein_coding	2305	1154	1154	33.8595	9.9180	9.5503
ENSG00000136451.9	VEZF1	protein_coding	2944	1502	1460	50.8866	14.9055	14.3529
ENSG00000136457.10	CHAD	protein_coding	13	18	20	0.6337	0.1856	0.1787
ENSG00000136463.8	TACO1	protein_coding	885	441	445	32.6050	9.5505	9.1964
ENSG00000136478.8	TEX2	protein_coding	5875	2860	3015	55.1096	16.1425	15.5440
ENSG00000136485.15	DCAF7	protein_coding	4863	2459	2404	62.8375	18.4061	17.7237
ENSG00000136487.18	GH2	protein_coding	0	0	0	0.0000	0.0000	0.0000
ENSG00000136488.15	CSH1	protein_coding	0	0	0	0.0000	0.0000	0.0000
ENSG00000136490.9	LIMD2	protein_coding	1528	1106	1157	27.3118	8.0001	7.7035
ENSG00000136492.9	BRIP1	protein_coding	370	205	165	3.1033	0.9090	0.8753
ENSG00000136504.13	KAT7	protein_coding	2991	1573	1488	21.7296	6.3649	6.1290
ENSG00000136514.3	RTP4	protein_coding	1256	615	641	71.0593	20.8144	20.0427
ENSG00000136518.17	ACTL6A	protein_coding	1619	1085	1095	37.4826	10.9792	10.5722
ENSG00000136521.13	NDUFB5	protein_coding	3272	1608	1664	47.3275	13.8630	13.3490
ENSG00000136522.14	MRPL47	protein_coding	1640	816	870	102.0290	29.8859	28.7779
ENSG00000136527.18	TRA2B	protein_coding	3849	1915	1935	24.9816	7.3175	7.0462
ENSG00000136531.18	SCN2A	protein_coding	13	8	5	0.0458	0.0134	0.0129
ENSG00000136535.15	TBR1	protein_coding	0	0	0	0.0000	0.0000	0.0000
ENSG00000136536.15	MARCHF7	protein_coding	2692	1582	1434	36.3559	10.6492	10.2544
ENSG00000136541.15	ERMN	protein_coding	17	10	7	0.3316	0.0971	0.0935
ENSG00000136542.9	GALNT5	protein_coding	105	52	53	0.8113	0.2376	0.2288
ENSG00000136546.16	SCN7A	protein_coding	11	8	3	0.0960	0.0281	0.0271
ENSG00000136560.14	TANK	protein_coding	1439	752	688	21.8762	6.4079	6.1703
ENSG00000136573.14	BLK	protein_coding	33	17	25	0.5714	0.1674	0.1612
ENSG00000136574.18	GATA4	protein_coding	26	14	14	0.4969	0.1456	0.1402
ENSG00000136603.14	SKIL	protein_coding	872	414	458	9.5156	2.7873	2.6839
ENSG00000136628.18	EPRS1	protein_coding	19407	9748	9659	309.6095	90.6895	87.3272
ENSG00000136630.13	HLX	protein_coding	72	42	48	1.0862	0.3182	0.3064
ENSG00000136631.15	VPS45	protein_coding	2036	1045	1029	26.0506	7.6306	7.3477
ENSG00000136634.7	IL10	protein_coding	11	9	6	0.2716	0.0796	0.0766
ENSG00000136636.13	KCTD3	protein_coding	3184	1597	1587	53.8941	15.7864	15.2011
ENSG00000136643.12	RPS6KC1	protein_coding	1947	970	977	26.7065	7.8228	7.5327
ENSG00000136682.15	CBWD2	protein_coding	144	69	76	1.4539	0.4259	0.4101
ENSG00000136688.11	IL36G	protein_coding	1	1	0	0.0619	0.0181	0.0174
ENSG00000136689.19	IL1RN	protein_coding	65	36	29	1.7031	0.4989	0.4804
ENSG00000136694.9	IL36A	protein_coding	0	0	0	0.0000	0.0000	0.0000
ENSG00000136695.15	IL36RN	protein_coding	69	38	31	1.8260	0.5349	0.5150
ENSG00000136696.11	IL36B	protein_coding	133	68	65	6.0366	1.7682	1.7026
ENSG00000136697.13	IL1F10	protein_coding	0	0	0	0.0000	0.0000	0.0000
ENSG00000136698.10	CFC1	protein_coding	0	0	0	0.0000	0.0000	0.0000
ENSG00000136699.19	SMPD4	protein_coding	2657	1849	1962	30.5944	8.9616	8.6293
ENSG00000136709.12	WDR33	protein_coding	2586	1498	1458	15.0672	4.4134	4.2498
ENSG00000136710.10	CCDC115	protein_coding	2414	1239	1178	46.1707	13.5241	13.0227
ENSG00000136715.19	SAP130	protein_coding	2803	1394	1409	54.4322	15.9440	15.3529
ENSG00000136717.15	BIN1	protein_coding	2128	1075	1053	26.3350	7.7139	7.4279
ENSG00000136718.10	IMP4	protein_coding	3124	1625	1502	78.8151	23.0862	22.2302
ENSG00000136720.7	HS6ST1	protein_coding	880	428	452	15.0241	4.4008	4.2376
ENSG00000136731.13	UGGT1	protein_coding	9877	4959	4918	73.9060	21.6482	20.8456
ENSG00000136732.16	GYPC	protein_coding	5715	2806	2909	134.4750	39.3898	37.9295
ENSG00000136738.15	STAM	protein_coding	2497	1344	1341	51.3429	15.0392	14.4816
ENSG00000136750.13	GAD2	protein_coding	0	0	0	0.0000	0.0000	0.0000
ENSG00000136754.18	ABI1	protein_coding	4095	2105	2031	82.4441	24.1492	23.2538
ENSG00000136758.19	YME1L1	protein_coding	8744	4346	4429	101.2192	29.6487	28.5495
ENSG00000136770.11	DNAJC1	protein_coding	1690	838	852	57.6368	16.8827	16.2568
ENSG00000136783.10	NIPSNAP3A	protein_coding	315	168	147	10.3361	3.0276	2.9154
ENSG00000136802.12	LRRC8A	protein_coding	1665	880	786	27.1439	7.9509	7.6561
ENSG00000136807.14	CDK9	protein_coding	1322	694	628	37.3593	10.9431	10.5374
ENSG00000136810.13	TXN	protein_coding	2981	1494	1487	250.6414	73.4168	70.6949
ENSG00000136811.16	ODF2	protein_coding	732	437	403	9.7234	2.8481	2.7425
ENSG00000136813.14	ECPAS	protein_coding	2494	1245	1249	25.0671	7.3425	7.0703
ENSG00000136816.16	TOR1B	protein_coding	1065	552	513	31.1112	9.1130	8.7751
ENSG00000136819.15	C9orf78	protein_coding	1434	816	798	23.8823	6.9955	6.7361
ENSG00000136824.19	SMC2	protein_coding	921	474	447	12.0884	3.5409	3.4096
ENSG00000136826.15	KLF4	protein_coding	860	427	433	19.9431	5.8416	5.6251
ENSG00000136827.12	TOR1A	protein_coding	1074	542	532	22.8125	6.6822	6.4344
ENSG00000136828.19	RALGPS1	protein_coding	79	38	45	0.6385	0.1870	0.1801
ENSG00000136830.12	NIBAN2	protein_coding	9133	4613	4524	167.9832	49.2049	47.3806
ENSG00000136834.3	OR1J1	protein_coding	0	0	0	0.0000	0.0000	0.0000
ENSG00000136839.1	OR13C9	protein_coding	0	0	0	0.0000	0.0000	0.0000
ENSG00000136840.19	ST6GALNAC4	protein_coding	584	292	293	18.8354	5.5172	5.3126
ENSG00000136842.14	TMOD1	protein_coding	650	620	642	15.0159	4.3984	4.2353
ENSG00000136848.17	DAB2IP	protein_coding	3338	1663	1676	31.0578	9.0973	8.7600
ENSG00000136854.24	STXBP1	protein_coding	4646	2481	2393	42.1608	12.3495	11.8917
ENSG00000136856.18	SLC2A8	protein_coding	340	177	163	7.3505	2.1531	2.0733
ENSG00000136859.10	ANGPTL2	protein_coding	1094	528	566	25.6284	7.5070	7.2286
ENSG00000136861.18	CDK5RAP2	protein_coding	2068	1032	1038	17.4222	5.1032	4.9140
ENSG00000136866.14	ZFP37	protein_coding	117	61	56	1.5630	0.4578	0.4408
ENSG00000136867.11	SLC31A2	protein_coding	9	422	363	0.3091	0.0905	0.0872
ENSG00000136868.11	SLC31A1	protein_coding	1204	581	625	19.8725	5.8210	5.6052
ENSG00000136869.16	TLR4	protein_coding	494	272	222	3.1597	0.9255	0.8912
ENSG00000136870.10	ZNF189	protein_coding	529	251	278	13.0856	3.8330	3.6909
ENSG00000136872.20	ALDOB	protein_coding	9	8	1	0.1958	0.0573	0.0552
ENSG00000136874.11	STX17	protein_coding	750	434	357	7.1466	2.0933	2.0157
ENSG00000136875.13	PRPF4	protein_coding	1084	533	551	20.8361	6.1032	5.8769
ENSG00000136877.15	FPGS	protein_coding	963	487	476	20.8035	6.0937	5.8677
ENSG00000136878.14	USP20	protein_coding	999	586	593	15.3939	4.5091	4.3419
ENSG00000136881.12	BAAT	protein_coding	1612	1109	1047	28.9167	8.4702	8.1561
ENSG00000136883.14	KIF12	protein_coding	22	11	11	0.6154	0.1803	0.1736
ENSG00000136888.8	ATP6V1G1	protein_coding	3172	1592	1581	77.9646	22.8371	21.9904
ENSG00000136891.14	TEX10	protein_coding	698	349	379	8.1600	2.3902	2.3016
ENSG00000136895.19	GARNL3	protein_coding	109	56	54	0.9548	0.2797	0.2693
ENSG00000136897.8	MRPL50	protein_coding	768	401	367	19.5500	5.7265	5.5142
ENSG00000136908.18	DPM2	protein_coding	749	365	388	25.4117	7.4435	7.1675
ENSG00000136918.8	WDR38	protein_coding	4	155	146	0.2449	0.0717	0.0691
ENSG00000136925.15	TSTD2	protein_coding	228	434	407	3.4160	1.0006	0.9635
ENSG00000136928.7	GABBR2	protein_coding	1	1	2	0.0116	0.0034	0.0033
ENSG00000136929.13	HEMGN	protein_coding	0	0	0	0.0000	0.0000	0.0000
ENSG00000136930.13	PSMB7	protein_coding	3450	1721	1736	163.8566	47.9962	46.2167
ENSG00000136931.10	NR5A1	protein_coding	2	2	0	0.0498	0.0146	0.0140
ENSG00000136932.14	TRMO	protein_coding	260	149	111	5.3216	1.5588	1.5010
ENSG00000136933.17	RABEPK	protein_coding	929	456	473	23.0070	6.7391	6.4893
ENSG00000136935.14	GOLGA1	protein_coding	1151	605	546	16.0630	4.7051	4.5307
ENSG00000136936.11	XPA	protein_coding	217	107	110	10.1474	2.9723	2.8621
ENSG00000136937.13	NCBP1	protein_coding	1344	688	656	20.7289	6.0718	5.8467
ENSG00000136938.9	ANP32B	protein_coding	3859	1991	1869	175.2449	51.3320	49.4289
ENSG00000136939.1	OR1L4	protein_coding	0	0	0	0.0000	0.0000	0.0000
ENSG00000136940.14	PDCL	protein_coding	549	284	265	13.9127	4.0752	3.9241
ENSG00000136942.15	RPL35	protein_coding	7379	3706	3971	408.2267	119.5760	115.1427
ENSG00000136943.11	CTSV	protein_coding	205	97	108	3.8396	1.1247	1.0830
ENSG00000136944.19	LMX1B	protein_coding	16	11	5	0.2141	0.0627	0.0604
ENSG00000136950.13	ARPC5L	protein_coding	784	381	404	18.4426	5.4021	5.2018
ENSG00000136960.13	ENPP2	protein_coding	10704	5460	5244	135.0852	39.5686	38.1016
ENSG00000136982.6	DSCC1	protein_coding	354	154	201	12.0876	3.5406	3.4094
ENSG00000136986.10	DERL1	protein_coding	5038	3058	3067	61.5228	18.0210	17.3529
ENSG00000136997.21	MYC	protein_coding	2390	1524	1481	44.2757	12.9691	12.4882
ENSG00000136999.5	CCN3	protein_coding	16512	9120	8929	536.4217	157.1263	151.3009
ENSG00000137033.11	IL33	protein_coding	378	162	216	9.8678	2.8904	2.7833
ENSG00000137038.8	DMAC1	protein_coding	861	419	442	26.8022	7.8508	7.5597
ENSG00000137040.10	RANBP6	protein_coding	868	430	438	16.0206	4.6927	4.5187
ENSG00000137054.16	POLR1E	protein_coding	716	338	378	24.3309	7.1269	6.8627
ENSG00000137055.15	PLAA	protein_coding	1258	644	646	20.0997	5.8875	5.6692
ENSG00000137070.18	IL11RA	protein_coding	375	189	189	7.4387	2.1789	2.0981
ENSG00000137073.23	UBAP2	protein_coding	1219	585	634	9.7475	2.8552	2.7493
ENSG00000137074.20	APTX	protein_coding	788	424	378	4.2857	1.2554	1.2088
ENSG00000137075.18	RNF38	protein_coding	1101	537	564	15.2326	4.4619	4.2964
ENSG00000137076.21	TLN1	protein_coding	23069	11693	11382	198.3627	58.1035	55.9494
ENSG00000137077.8	CCL21	protein_coding	277	163	114	25.1314	7.3614	7.0885
ENSG00000137078.9	SIT1	protein_coding	186	93	93	11.9029	3.4866	3.3573
ENSG00000137080.4	IFNA21	protein_coding	0	0	0	0.0000	0.0000	0.0000
ENSG00000137090.12	DMRT1	protein_coding	0	0	0	0.0000	0.0000	0.0000
ENSG00000137094.15	DNAJB5	protein_coding	689	350	342	9.9321	2.9093	2.8014
ENSG00000137098.14	SPAG8	protein_coding	17	78	85	0.5304	0.1554	0.1496
ENSG00000137100.16	DCTN3	protein_coding	1280	603	677	29.0637	8.5132	8.1976
ENSG00000137101.13	CD72	protein_coding	206	128	136	5.9502	1.7429	1.6783
ENSG00000137103.20	TMEM8B	protein_coding	619	326	336	3.2406	0.9492	0.9140
ENSG00000137106.18	GRHPR	protein_coding	2250	1125	1125	26.4422	7.7453	7.4582
ENSG00000137124.8	ALDH1B1	protein_coding	1810	914	896	49.3122	14.4443	13.9088
ENSG00000137133.11	HINT2	protein_coding	0	1	0	0.0000	0.0000	0.0000
ENSG00000137135.18	ARHGEF39	protein_coding	72	615	577	0.9546	0.2796	0.2693
ENSG00000137142.5	IGFBPL1	protein_coding	5	3	2	0.1191	0.0349	0.0336
ENSG00000137145.20	DENND4C	protein_coding	1287	666	681	12.4977	3.6608	3.5251
ENSG00000137154.13	RPS6	protein_coding	24550	12423	12140	773.2926	226.5095	218.1117
ENSG00000137161.17	CNPY3	protein_coding	1700	906	812	83.9818	24.5996	23.6876
ENSG00000137166.16	FOXP4	protein_coding	1361	679	682	18.1041	5.3030	5.1064
ENSG00000137168.8	PPIL1	protein_coding	1212	589	657	64.7725	18.9729	18.2695
ENSG00000137171.15	KLC4	protein_coding	388	302	292	5.1347	1.5040	1.4483
ENSG00000137177.20	KIF13A	protein_coding	2738	1421	1317	20.8756	6.1148	5.8881
ENSG00000137185.13	ZSCAN9	protein_coding	197	94	103	4.5093	1.3208	1.2719
ENSG00000137193.14	PIM1	protein_coding	698	358	341	19.5625	5.7302	5.5177
ENSG00000137198.10	GMPR	protein_coding	929	474	455	35.4567	10.3858	10.0008
ENSG00000137200.13	CMTR1	protein_coding	1867	920	950	30.0505	8.8023	8.4759
ENSG00000137203.15	TFAP2A	protein_coding	1411	876	966	14.5770	4.2698	4.1115
ENSG00000137204.15	SLC22A7	protein_coding	0	0	0	0.0000	0.0000	0.0000
ENSG00000137207.12	YIPF3	protein_coding	3239	1846	1834	90.3902	26.4767	25.4951
ENSG00000137210.14	TMEM14B	protein_coding	746	406	352	13.1569	3.8539	3.7110
ENSG00000137216.19	TMEM63B	protein_coding	3246	1566	1680	62.2942	18.2469	17.5704
ENSG00000137218.10	FRS3	protein_coding	119	64	57	3.5359	1.0357	0.9973
ENSG00000137221.14	TJAP1	protein_coding	809	411	398	10.1915	2.9852	2.8746
ENSG00000137225.13	CAPN11	protein_coding	15	7	8	0.3590	0.1052	0.1013
ENSG00000137251.16	TINAG	protein_coding	0	0	0	0.0000	0.0000	0.0000
ENSG00000137252.9	HCRTR2	protein_coding	0	0	0	0.0000	0.0000	0.0000
ENSG00000137261.14	KIAA0319	protein_coding	70	35	35	0.8247	0.2416	0.2326
ENSG00000137265.15	IRF4	protein_coding	1968	978	990	28.4175	8.3239	8.0153
ENSG00000137266.15	SLC22A23	protein_coding	184	140	156	1.7505	0.5128	0.4938
ENSG00000137267.6	TUBB2A	protein_coding	1629	814	815	79.1392	23.1811	22.3217
ENSG00000137269.15	LRRC1	protein_coding	130	89	85	2.2525	0.6598	0.6353
ENSG00000137270.11	GCM1	protein_coding	2	0	2	0.0611	0.0179	0.0172
ENSG00000137273.6	FOXF2	protein_coding	16	9	10	0.5544	0.1624	0.1564
ENSG00000137274.13	BPHL	protein_coding	307	298	316	4.5105	1.3212	1.2722
ENSG00000137275.15	RIPK1	protein_coding	1217	644	582	10.1661	2.9778	2.8674
ENSG00000137285.10	TUBB2B	protein_coding	1904	946	963	77.1415	22.5959	21.7582
ENSG00000137288.10	UQCC2	protein_coding	763	1247	1209	13.8184	4.0476	3.8976
ENSG00000137309.20	HMGA1	protein_coding	6315	3160	3157	230.4566	67.5044	65.0017
ENSG00000137310.12	TCF19	protein_coding	824	438	393	19.8060	5.8015	5.5864
ENSG00000137312.15	FLOT1	protein_coding	7165	3672	3496	191.0377	55.9579	53.8833
ENSG00000137331.12	IER3	protein_coding	249	442	440	15.6631	4.5880	4.4179
ENSG00000137337.15	MDC1	protein_coding	1490	917	865	16.6008	4.8626	4.6824
ENSG00000137338.5	PGBD1	protein_coding	35	13	22	0.9588	0.2808	0.2704
ENSG00000137343.18	ATAT1	protein_coding	180	85	95	3.7883	1.1096	1.0685
ENSG00000137364.5	TPMT	protein_coding	2330	1168	1162	62.1434	18.2028	17.5279
ENSG00000137392.10	CLPS	protein_coding	0	0	0	0.0000	0.0000	0.0000
ENSG00000137393.10	RNF144B	protein_coding	158	70	88	2.5947	0.7600	0.7319
ENSG00000137404.14	NRM	protein_coding	623	302	322	25.8706	7.5779	7.2970
ENSG00000137409.19	MTCH1	protein_coding	3709	1866	1844	100.7581	29.5136	28.4194
ENSG00000137411.19	VARS2	protein_coding	1	1	0	0.0131	0.0038	0.0037
ENSG00000137413.16	TAF8	protein_coding	905	446	459	8.2780	2.4248	2.3349
ENSG00000137414.6	FAM8A1	protein_coding	1072	537	535	19.2625	5.6423	5.4331
ENSG00000137434.11	C6orf52	protein_coding	29	19	10	2.7859	0.8160	0.7858
ENSG00000137440.5	FGFBP1	protein_coding	0	0	0	0.0000	0.0000	0.0000
ENSG00000137441.8	FGFBP2	protein_coding	99	55	44	7.0827	2.0746	1.9977
ENSG00000137449.17	CPEB2	protein_coding	3921	2149	2077	45.1795	13.2338	12.7431
ENSG00000137460.9	FHDC1	protein_coding	1669	853	816	21.5300	6.3065	6.0727
ENSG00000137462.9	TLR2	protein_coding	213	105	108	3.1321	0.9175	0.8834
ENSG00000137463.5	MGARP	protein_coding	2	2	0	0.1388	0.0406	0.0391
ENSG00000137473.18	TTC29	protein_coding	2	2	0	0.0510	0.0149	0.0144
ENSG00000137474.22	MYO7A	protein_coding	286	140	146	2.3237	0.6806	0.6554
ENSG00000137478.15	FCHSD2	protein_coding	495	294	307	8.0144	2.3475	2.2605
ENSG00000137486.17	ARRB1	protein_coding	3538	1849	1920	30.3852	8.9003	8.5703
ENSG00000137491.15	SLCO2B1	protein_coding	937	520	528	7.7426	2.2679	2.1838
ENSG00000137492.8	THAP12	protein_coding	1350	651	699	14.5338	4.2572	4.0993
ENSG00000137494.14	ANKRD42	protein_coding	269	147	153	3.3837	0.9911	0.9544
ENSG00000137496.18	IL18BP	protein_coding	1025	1607	1658	20.4760	5.9977	5.7754
ENSG00000137497.18	NUMA1	protein_coding	8310	7801	7661	46.3537	13.5777	13.0743
ENSG00000137500.9	CCDC90B	protein_coding	1073	598	531	13.8881	4.0680	3.9172
ENSG00000137501.17	SYTL2	protein_coding	421	215	206	3.1757	0.9302	0.8957
ENSG00000137502.10	RAB30	protein_coding	657	344	313	4.7154	1.3812	1.3300
ENSG00000137504.14	CREBZF	protein_coding	678	323	355	7.8527	2.3002	2.2149
ENSG00000137507.11	LRRC32	protein_coding	5551	2932	2967	105.7173	30.9663	29.8182
ENSG00000137509.11	PRCP	protein_coding	5431	2734	2700	34.9476	10.2367	9.8572
ENSG00000137513.10	NARS2	protein_coding	255	156	151	6.8833	2.0162	1.9415
ENSG00000137522.18	RNF121	protein_coding	1281	652	629	33.4717	9.8044	9.4409
ENSG00000137547.9	MRPL15	protein_coding	3254	1609	1645	155.8551	45.6524	43.9599
ENSG00000137558.9	PI15	protein_coding	62	34	28	0.7354	0.2154	0.2074
ENSG00000137561.5	TTPA	protein_coding	0	0	0	0.0000	0.0000	0.0000
ENSG00000137563.13	GGH	protein_coding	1909	1007	902	15.2663	4.4717	4.3060
ENSG00000137571.11	SLCO5A1	protein_coding	24	13	11	0.2057	0.0603	0.0580
ENSG00000137573.14	SULF1	protein_coding	5547	2719	2828	50.2618	14.7225	14.1766
ENSG00000137574.11	TGS1	protein_coding	2053	1055	998	38.2161	11.1941	10.7791
ENSG00000137575.12	SDCBP	protein_coding	71608	35501	36108	1272.9712	372.8732	359.0490
ENSG00000137601.17	NEK1	protein_coding	929	474	457	9.4435	2.7662	2.6636
ENSG00000137628.17	DDX60	protein_coding	4530	2258	2272	57.0248	16.7035	16.0842
ENSG00000137634.10	NXPE4	protein_coding	1	1	0	0.0388	0.0114	0.0110
ENSG00000137642.13	SORL1	protein_coding	660	322	338	2.8879	0.8459	0.8145
ENSG00000137648.19	TMPRSS4	protein_coding	1	1	0	0.0085	0.0025	0.0024
ENSG00000137656.12	BUD13	protein_coding	441	205	236	17.0615	4.9976	4.8123
ENSG00000137672.13	TRPC6	protein_coding	17	10	7	0.2571	0.0753	0.0725
ENSG00000137673.9	MMP7	protein_coding	22	9	13	0.8053	0.2359	0.2271
ENSG00000137674.4	MMP20	protein_coding	2	1	1	0.0665	0.0195	0.0188
ENSG00000137675.5	MMP27	protein_coding	0	0	0	0.0000	0.0000	0.0000
ENSG00000137691.13	CFAP300	protein_coding	8	2	6	0.2567	0.0752	0.0724
ENSG00000137692.12	DCUN1D5	protein_coding	610	293	317	3.9637	1.1610	1.1180
ENSG00000137693.14	YAP1	protein_coding	3202	2015	1955	43.0859	12.6205	12.1526
ENSG00000137699.17	TRIM29	protein_coding	2	1	1	0.0169	0.0050	0.0048
ENSG00000137700.18	SLC37A4	protein_coding	521	357	381	7.1522	2.0950	2.0173
ENSG00000137707.13	BTG4	protein_coding	41	16	25	1.9332	0.5663	0.5453
ENSG00000137709.10	POU2F3	protein_coding	4	2	3	0.0507	0.0149	0.0143
ENSG00000137710.17	RDX	protein_coding	3483	1785	1698	34.7239	10.1712	9.7941
ENSG00000137713.16	PPP2R1B	protein_coding	736	385	375	9.3481	2.7382	2.6367
ENSG00000137714.3	FDX1	protein_coding	504	267	237	13.6132	3.9875	3.8397
ENSG00000137720.8	C11orf1	protein_coding	589	301	323	14.2340	4.1694	4.0148
ENSG00000137726.17	FXYD6	protein_coding	80	138	133	1.3625	0.3991	0.3843
ENSG00000137727.12	ARHGAP20	protein_coding	433	231	202	5.1608	1.5117	1.4556
ENSG00000137731.14	FXYD2	protein_coding	1	0	2	0.0151	0.0044	0.0043
ENSG00000137745.12	MMP13	protein_coding	1078	562	516	32.3249	9.4685	9.1174
ENSG00000137747.16	TMPRSS13	protein_coding	14	5	9	0.2214	0.0649	0.0625
ENSG00000137752.24	CASP1	protein_coding	1348	700	648	30.9553	9.0673	8.7311
ENSG00000137757.11	CASP5	protein_coding	6	6	0	0.3201	0.0937	0.0903
ENSG00000137760.15	ALKBH8	protein_coding	396	192	204	7.4713	2.1885	2.1073
ENSG00000137764.20	MAP2K5	protein_coding	939	482	457	15.8498	4.6427	4.4705
ENSG00000137766.17	UNC13C	protein_coding	0	0	0	0.0000	0.0000	0.0000
ENSG00000137767.14	SQOR	protein_coding	3249	1605	1644	93.8138	27.4795	26.4607
ENSG00000137770.14	CTDSPL2	protein_coding	1138	601	597	10.4171	3.0513	2.9382
ENSG00000137776.17	SLTM	protein_coding	2993	1549	1541	31.0793	9.1036	8.7661
ENSG00000137801.11	THBS1	protein_coding	6377	3643	3606	59.1327	17.3209	16.6787
ENSG00000137802.14	MAPKBP1	protein_coding	2735	1764	1778	22.4252	6.5687	6.3251
ENSG00000137804.14	NUSAP1	protein_coding	1	1	0	0.0235	0.0069	0.0066
ENSG00000137806.10	NDUFAF1	protein_coding	990	502	488	21.0652	6.1703	5.9416
ENSG00000137807.16	KIF23	protein_coding	1301	700	638	16.8007	4.9212	4.7387
ENSG00000137808.12	AC027088.1	lncRNA	0	0	0	0.0000	0.0000	0.0000
ENSG00000137809.17	ITGA11	protein_coding	840	398	442	6.5648	1.9229	1.8516
ENSG00000137812.20	KNL1	protein_coding	658	324	334	5.4515	1.5968	1.5376
ENSG00000137814.12	HAUS2	protein_coding	1392	954	910	27.4586	8.0431	7.7449
ENSG00000137815.14	RTF1	protein_coding	3601	1792	1809	52.9980	15.5239	14.9484
ENSG00000137817.17	PARP6	protein_coding	1101	545	556	12.2283	3.5819	3.4491
ENSG00000137818.12	RPLP1	protein_coding	41293	20774	20519	1078.2964	315.8499	304.1398
ENSG00000137819.14	PAQR5	protein_coding	524	369	369	7.1095	2.0825	2.0053
ENSG00000137821.12	LRRC49	protein_coding	142	73	70	1.2068	0.3535	0.3404
ENSG00000137822.13	TUBGCP4	protein_coding	822	1676	1765	6.2487	1.8304	1.7625
ENSG00000137824.16	RMDN3	protein_coding	2892	1494	1400	48.0231	14.0667	13.5452
ENSG00000137825.11	ITPKA	protein_coding	24	11	13	0.9738	0.2852	0.2747
ENSG00000137831.15	UACA	protein_coding	2196	1158	1038	16.9594	4.9677	4.7835
ENSG00000137834.15	SMAD6	protein_coding	57	31	27	0.5657	0.1657	0.1596
ENSG00000137841.12	PLCB2	protein_coding	501	250	255	5.7892	1.6958	1.6329
ENSG00000137842.7	TMEM62	protein_coding	763	495	540	13.6524	3.9990	3.8507
ENSG00000137843.12	PAK6	protein_coding	3	1	3	0.0380	0.0111	0.0107
ENSG00000137845.15	ADAM10	protein_coding	7904	3983	3923	42.0058	12.3042	11.8480
ENSG00000137857.17	DUOX1	protein_coding	41	23	21	0.3964	0.1161	0.1118
ENSG00000137860.12	SLC28A2	protein_coding	0	0	1	0.0000	0.0000	0.0000
ENSG00000137868.19	STRA6	protein_coding	426	212	220	4.7172	1.3817	1.3305
ENSG00000137869.15	CYP19A1	protein_coding	492	251	241	4.9574	1.4521	1.3983
ENSG00000137871.20	ZNF280D	protein_coding	671	348	323	4.7042	1.3779	1.3268
ENSG00000137872.17	SEMA6D	protein_coding	1348	672	677	13.4310	3.9342	3.7883
ENSG00000137875.4	BCL2L10	protein_coding	0	0	0	0.0000	0.0000	0.0000
ENSG00000137876.11	RSL24D1	protein_coding	2890	1431	1459	37.1849	10.8920	10.4882
ENSG00000137877.10	SPTBN5	protein_coding	116	61	55	0.8001	0.2344	0.2257
ENSG00000137878.17	GCOM1	protein_coding	3	1	2	0.0247	0.0072	0.0070
ENSG00000137880.6	GCHFR	protein_coding	1	74	82	0.0573	0.0168	0.0162
ENSG00000137936.18	BCAR3	protein_coding	1820	984	1018	22.3378	6.5431	6.3005
ENSG00000137941.17	TTLL7	protein_coding	610	301	309	4.9115	1.4387	1.3853
ENSG00000137942.17	FNBP1L	protein_coding	1480	709	771	21.6768	6.3495	6.1141
ENSG00000137944.18	KYAT3	protein_coding	661	356	305	25.5612	7.4873	7.2097
ENSG00000137947.12	GTF2B	protein_coding	697	362	335	23.4507	6.8691	6.6144
ENSG00000137948.18	BRDT	protein_coding	1	0	1	0.0196	0.0057	0.0055
ENSG00000137955.16	RABGGTB	protein_coding	2402	1219	1183	34.4559	10.0927	9.7185
ENSG00000137959.16	IFI44L	protein_coding	7346	3735	3611	60.9205	17.8446	17.1830
ENSG00000137960.6	GIPC2	protein_coding	38	20	18	0.8266	0.2421	0.2331
ENSG00000137962.13	ARHGAP29	protein_coding	342	163	179	1.5810	0.4631	0.4459
ENSG00000137965.11	IFI44	protein_coding	3406	1692	1714	141.9230	41.5715	40.0302
ENSG00000137968.16	SLC44A5	protein_coding	4	1	3	0.0539	0.0158	0.0152
ENSG00000137970.7	RPL7P9	processed_pseudogene	251	123	128	28.5342	8.3581	8.0482
ENSG00000137975.8	CLCA2	protein_coding	4	3	1	0.0771	0.0226	0.0217
ENSG00000137976.7	DNASE2B	protein_coding	8504	4131	4373	489.2707	143.3150	138.0017
ENSG00000137992.14	DBT	protein_coding	887	452	451	6.6641	1.9520	1.8797
ENSG00000137996.13	RTCA	protein_coding	1142	556	586	32.0275	9.3813	9.0335
ENSG00000138002.16	IFT172	protein_coding	613	317	345	3.2600	0.9549	0.9195
ENSG00000138018.18	SELENOI	protein_coding	3876	1931	2016	38.4883	11.2738	10.8558
ENSG00000138028.16	CGREF1	protein_coding	55	100	112	1.1527	0.3376	0.3251
ENSG00000138029.14	HADHB	protein_coding	7640	3825	3818	151.6933	44.4333	42.7860
ENSG00000138030.13	KHK	protein_coding	172	183	147	4.7890	1.4028	1.3508
ENSG00000138031.14	ADCY3	protein_coding	1688	1732	1757	23.6622	6.9310	6.6741
ENSG00000138032.21	PPM1B	protein_coding	858	421	438	10.2550	3.0038	2.8925
ENSG00000138035.15	PNPT1	protein_coding	1832	916	916	29.4036	8.6128	8.2934
ENSG00000138036.18	DYNC2LI1	protein_coding	510	249	261	9.3784	2.7471	2.6452
ENSG00000138039.15	LHCGR	protein_coding	0	0	0	0.0000	0.0000	0.0000
ENSG00000138050.15	THUMPD2	protein_coding	290	144	147	6.4418	1.8869	1.8169
ENSG00000138061.12	CYP1B1	protein_coding	1599	871	820	22.6880	6.6457	6.3993
ENSG00000138068.10	SULT6B1	protein_coding	0	11	16	0.0000	0.0000	0.0000
ENSG00000138069.18	RAB1A	protein_coding	10155	5234	5156	260.2980	76.2454	73.4186
ENSG00000138071.14	ACTR2	protein_coding	13481	6814	6668	265.4946	77.7675	74.8843
ENSG00000138073.14	PREB	protein_coding	3969	2095	1996	104.9344	30.7369	29.5974
ENSG00000138074.15	SLC5A6	protein_coding	3691	2036	2047	56.0919	16.4302	15.8210
ENSG00000138075.14	ABCG5	protein_coding	6	0	6	0.1370	0.0401	0.0386
ENSG00000138078.16	PREPL	protein_coding	4429	3250	3191	46.1148	13.5078	13.0070
ENSG00000138079.14	SLC3A1	protein_coding	1	833	812	0.0130	0.0038	0.0037
ENSG00000138080.14	EMILIN1	protein_coding	3072	1553	1520	66.8055	19.5684	18.8429
ENSG00000138081.21	FBXO11	protein_coding	1619	1813	1817	17.6740	5.1770	4.9851
ENSG00000138083.5	SIX3	protein_coding	9	6	4	0.2817	0.0825	0.0795
ENSG00000138085.17	ATRAID	protein_coding	3778	2056	2113	158.9051	46.5458	44.8201
ENSG00000138092.11	CENPO	protein_coding	340	1014	1133	5.2325	1.5327	1.4759
ENSG00000138095.19	LRPPRC	protein_coding	8383	4217	4166	70.9900	20.7941	20.0232
ENSG00000138100.14	TRIM54	protein_coding	0	0	0	0.0000	0.0000	0.0000
ENSG00000138101.19	DTNB	protein_coding	571	325	340	6.7856	1.9876	1.9139
ENSG00000138107.13	ACTR1A	protein_coding	8387	4735	4550	153.0027	44.8169	43.1553
ENSG00000138109.11	CYP2C9	protein_coding	5	2	3	0.1046	0.0306	0.0295
ENSG00000138111.14	MFSD13A	protein_coding	458	226	282	11.0305	3.2310	3.1112
ENSG00000138115.14	CYP2C8	protein_coding	0	0	0	0.0000	0.0000	0.0000
ENSG00000138119.17	MYOF	protein_coding	13214	6683	6531	132.1718	38.7152	37.2798
ENSG00000138131.4	LOXL4	protein_coding	19823	10764	10689	467.9950	137.0831	132.0007
ENSG00000138134.12	STAMBPL1	protein_coding	628	322	306	8.4343	2.4705	2.3789
ENSG00000138135.7	CH25H	protein_coding	179	75	104	8.9999	2.6362	2.5385
ENSG00000138136.6	LBX1	protein_coding	0	0	0	0.0000	0.0000	0.0000
ENSG00000138138.13	ATAD1	protein_coding	3451	1752	1739	57.8371	16.9414	16.3133
ENSG00000138152.10	BTBD16	protein_coding	32	15	17	1.1262	0.3299	0.3176
ENSG00000138160.7	KIF11	protein_coding	1822	919	905	29.0727	8.5159	8.2001
ENSG00000138161.14	CUZD1	protein_coding	0	0	0	0.0000	0.0000	0.0000
ENSG00000138162.19	TACC2	protein_coding	1591	755	838	7.1657	2.0989	2.0211
ENSG00000138166.6	DUSP5	protein_coding	3052	1518	1534	102.2395	29.9476	28.8373
ENSG00000138172.11	CALHM2	protein_coding	2251	1331	1303	61.5045	18.0156	17.3477
ENSG00000138175.9	ARL3	protein_coding	1073	536	537	23.7662	6.9615	6.7034
ENSG00000138180.16	CEP55	protein_coding	1025	524	501	26.4489	7.7473	7.4601
ENSG00000138182.15	KIF20B	protein_coding	913	442	471	11.2840	3.3053	3.1827
ENSG00000138185.20	ENTPD1	protein_coding	888	897	843	5.2572	1.5399	1.4828
ENSG00000138190.17	EXOC6	protein_coding	792	366	426	10.3680	3.0369	2.9243
ENSG00000138193.16	PLCE1	protein_coding	657	352	318	4.0787	1.1947	1.1504
ENSG00000138207.14	RBP4	protein_coding	5	1	4	0.2912	0.0853	0.0821
ENSG00000138231.13	DBR1	protein_coding	1422	713	709	38.2626	11.2077	10.7922
ENSG00000138246.17	DNAJC13	protein_coding	6518	3267	3251	57.4778	16.8362	16.2120
ENSG00000138271.6	GPR87	protein_coding	0	0	0	0.0000	0.0000	0.0000
ENSG00000138279.16	ANXA7	protein_coding	4469	2785	2827	132.6029	38.8415	37.4014
ENSG00000138286.15	FAM149B1	protein_coding	925	954	953	10.4457	3.0597	2.9463
ENSG00000138303.18	ASCC1	protein_coding	1238	783	804	17.7707	5.2053	5.0123
ENSG00000138308.6	PLA2G12B	protein_coding	0	0	0	0.0000	0.0000	0.0000
ENSG00000138311.18	ZNF365	protein_coding	3093	1549	1544	52.9554	15.5115	14.9364
ENSG00000138315.13	OIT3	protein_coding	21	10	11	0.7541	0.2209	0.2127
ENSG00000138316.11	ADAMTS14	protein_coding	90	50	40	1.3731	0.4022	0.3873
ENSG00000138326.21	RPS24	protein_coding	15703	7968	7738	170.3290	49.8920	48.0423
ENSG00000138336.9	TET1	protein_coding	179	93	86	1.5814	0.4632	0.4461
ENSG00000138346.15	DNA2	protein_coding	226	106	120	3.8969	1.1415	1.0991
ENSG00000138347.16	MYPN	protein_coding	360	188	172	4.4539	1.3046	1.2562
ENSG00000138356.14	AOX1	protein_coding	184	82	102	2.8882	0.8460	0.8146
ENSG00000138363.15	ATIC	protein_coding	4537	2299	2238	101.6849	29.7851	28.6808
ENSG00000138375.13	SMARCAL1	protein_coding	2491	1272	1271	41.5430	12.1686	11.7174
ENSG00000138376.11	BARD1	protein_coding	414	220	194	4.6430	1.3600	1.3096
ENSG00000138378.19	STAT4	protein_coding	113	93	78	2.0834	0.6103	0.5876
ENSG00000138379.5	MSTN	protein_coding	1	1	1	0.0301	0.0088	0.0085
ENSG00000138380.18	CARF	protein_coding	168	84	84	1.4109	0.4133	0.3979
ENSG00000138381.10	ASNSD1	protein_coding	858	424	434	29.3206	8.5885	8.2701
ENSG00000138382.15	METTL5	protein_coding	1144	1282	1314	33.9089	9.9324	9.5642
ENSG00000138385.16	SSB	protein_coding	2601	2085	1968	43.7036	12.8015	12.3269
ENSG00000138386.17	NAB1	protein_coding	3037	2123	2049	52.7734	15.4581	14.8850
ENSG00000138395.17	CDK15	protein_coding	5	3	2	0.0688	0.0202	0.0194
ENSG00000138398.17	PPIG	protein_coding	2464	1167	1297	19.1563	5.6112	5.4031
ENSG00000138399.18	FASTKD1	protein_coding	980	497	483	14.6209	4.2827	4.1239
ENSG00000138400.13	MDH1B	protein_coding	14	8	6	0.4112	0.1205	0.1160
ENSG00000138411.13	HECW2	protein_coding	207	110	103	0.7425	0.2175	0.2094
ENSG00000138413.14	IDH1	protein_coding	4023	2033	1992	72.7038	21.2961	20.5065
ENSG00000138430.16	OLA1	protein_coding	4209	2108	2101	59.5618	17.4466	16.7997
ENSG00000138433.16	CIR1	protein_coding	1666	821	846	44.5178	13.0400	12.5565
ENSG00000138434.17	ITPRID2	protein_coding	7608	3903	3705	66.7088	19.5401	18.8156
ENSG00000138435.16	CHRNA1	protein_coding	259	134	125	4.4174	1.2939	1.2460
ENSG00000138439.12	FAM117B	protein_coding	311	148	163	4.2563	1.2467	1.2005
ENSG00000138442.10	WDR12	protein_coding	2014	1036	979	18.8650	5.5258	5.3210
ENSG00000138443.17	ABI2	protein_coding	2867	2645	2644	10.4604	3.0640	2.9504
ENSG00000138448.12	ITGAV	protein_coding	13403	7032	6943	138.4658	40.5588	39.0551
ENSG00000138449.11	SLC40A1	protein_coding	878	424	454	17.6767	5.1778	4.9858
ENSG00000138459.9	SLC35A5	protein_coding	1792	892	935	31.5198	9.2326	8.8903
ENSG00000138463.9	SLC49A4	protein_coding	744	395	349	19.0189	5.5709	5.3644
ENSG00000138468.16	SENP7	protein_coding	557	282	275	7.3954	2.1662	2.0859
ENSG00000138472.11	GUCA1C	protein_coding	0	0	0	0.0000	0.0000	0.0000
ENSG00000138483.3	CCDC54	protein_coding	0	0	1	0.0000	0.0000	0.0000
ENSG00000138495.7	COX17	protein_coding	1503	747	756	66.7899	19.5638	18.8385
ENSG00000138496.16	PARP9	protein_coding	13168	6735	6755	125.1099	36.6467	35.2880
ENSG00000138587.6	MNS1	protein_coding	178	130	131	6.0198	1.7633	1.6979
ENSG00000138592.14	USP8	protein_coding	1826	1359	1283	7.5125	2.2005	2.1189
ENSG00000138593.9	SECISBP2L	protein_coding	5933	3015	2919	58.7013	17.1945	16.5570
ENSG00000138594.14	TMOD3	protein_coding	2440	1598	1562	19.4889	5.7086	5.4970
ENSG00000138600.10	SPPL2A	protein_coding	4708	2501	2471	49.6961	14.5568	14.0171
ENSG00000138604.10	GLCE	protein_coding	2639	1316	1323	33.8017	9.9010	9.5340
ENSG00000138606.19	SHF	protein_coding	729	363	369	12.6496	3.7053	3.5679
ENSG00000138613.14	APH1B	protein_coding	5123	2590	2533	79.9279	23.4121	22.5441
ENSG00000138614.15	INTS14	protein_coding	1991	1009	982	40.1607	11.7637	11.3276
ENSG00000138615.6	CILP	protein_coding	4437	2182	2255	66.3600	19.4379	18.7172
ENSG00000138617.16	PARP16	protein_coding	578	299	279	13.1734	3.8587	3.7156
ENSG00000138621.12	PPCDC	protein_coding	286	135	151	6.4766	1.8971	1.8268
ENSG00000138622.4	HCN4	protein_coding	0	0	0	0.0000	0.0000	0.0000
ENSG00000138623.10	SEMA7A	protein_coding	15625	7754	7872	349.1795	102.2801	98.4881
ENSG00000138629.16	UBL7	protein_coding	4414	2203	2211	198.8535	58.2473	56.0878
ENSG00000138639.18	ARHGAP24	protein_coding	1810	1262	1202	19.5306	5.7208	5.5087
ENSG00000138640.15	FAM13A	protein_coding	1267	810	741	8.1418	2.3849	2.2964
ENSG00000138641.18	HERC3	protein_coding	4	2	2	0.0487	0.0143	0.0137
ENSG00000138642.15	HERC6	protein_coding	3218	1615	1603	47.2874	13.8512	13.3377
ENSG00000138646.9	HERC5	protein_coding	3109	1594	1515	55.4193	16.2332	15.6313
ENSG00000138650.9	PCDH10	protein_coding	5	3	2	0.0417	0.0122	0.0118
ENSG00000138653.10	NDST4	protein_coding	0	0	0	0.0000	0.0000	0.0000
ENSG00000138658.16	ZGRF1	protein_coding	231	107	124	2.1550	0.6312	0.6078
ENSG00000138660.12	AP1AR	protein_coding	1511	784	732	19.7286	5.7788	5.5646
ENSG00000138663.9	COPS4	protein_coding	2104	1055	1050	50.1045	14.6764	14.1323
ENSG00000138668.19	HNRNPD	protein_coding	5928	2966	2966	72.1112	21.1225	20.3394
ENSG00000138669.9	PRKG2	protein_coding	4839	2445	2394	80.3225	23.5277	22.6554
ENSG00000138670.18	RASGEF1B	protein_coding	213	119	94	1.7763	0.5203	0.5010
ENSG00000138674.17	SEC31A	protein_coding	9710	4784	4926	88.6929	25.9795	25.0163
ENSG00000138675.16	FGF5	protein_coding	3	1	2	0.0425	0.0124	0.0120
ENSG00000138678.11	GPAT3	protein_coding	2378	1157	1221	55.7386	16.3267	15.7214
ENSG00000138684.9	IL21	protein_coding	9	4	7	0.2322	0.0680	0.0655
ENSG00000138685.17	FGF2	protein_coding	1943	1354	1322	24.3543	7.1338	6.8693
ENSG00000138686.10	BBS7	protein_coding	1315	689	626	22.6512	6.6349	6.3889
ENSG00000138688.15	KIAA1109	protein_coding	3763	1904	1859	15.6109	4.5727	4.4032
ENSG00000138696.11	BMPR1B	protein_coding	2084	1051	1033	26.9737	7.9010	7.6081
ENSG00000138698.15	RAP1GDS1	protein_coding	4468	2248	2315	69.9916	20.5016	19.7415
ENSG00000138709.19	LARP1B	protein_coding	751	394	357	6.7273	1.9705	1.8975
ENSG00000138722.10	MMRN1	protein_coding	268	141	127	4.1304	1.2099	1.1650
ENSG00000138735.16	PDE5A	protein_coding	340	194	208	3.0120	0.8823	0.8495
ENSG00000138738.11	PRDM5	protein_coding	29	20	9	0.2588	0.0758	0.0730
ENSG00000138741.11	TRPC3	protein_coding	11	6	5	0.1014	0.0297	0.0286
ENSG00000138744.16	NAAA	protein_coding	354	165	189	6.8075	1.9940	1.9201
ENSG00000138750.15	NUP54	protein_coding	1125	561	564	23.9377	7.0117	6.7518
ENSG00000138755.6	CXCL9	protein_coding	6542	3228	3316	201.2132	58.9385	56.7534
ENSG00000138756.18	BMP2K	protein_coding	610	898	914	5.2125	1.5268	1.4702
ENSG00000138757.15	G3BP2	protein_coding	14443	7359	7086	88.8837	26.0354	25.0702
ENSG00000138758.12	SEPTIN11	protein_coding	10639	5348	5291	92.7586	27.1704	26.1631
ENSG00000138759.19	FRAS1	protein_coding	30	15	16	0.1326	0.0389	0.0374
ENSG00000138760.10	SCARB2	protein_coding	43868	22084	21788	193.0702	56.5533	54.4566
ENSG00000138764.15	CCNG2	protein_coding	1263	664	599	14.4626	4.2363	4.0793
ENSG00000138767.13	CNOT6L	protein_coding	1440	713	727	13.0549	3.8240	3.6822
ENSG00000138768.15	USO1	protein_coding	7306	3684	3625	134.7586	39.4729	38.0095
ENSG00000138769.11	CDKL2	protein_coding	646	323	323	10.3702	3.0376	2.9250
ENSG00000138771.16	SHROOM3	protein_coding	35	22	28	0.2149	0.0630	0.0606
ENSG00000138772.13	ANXA3	protein_coding	10	4	6	0.1735	0.0508	0.0489
ENSG00000138777.20	PPA2	protein_coding	1446	749	697	26.4644	7.7518	7.4644
ENSG00000138778.13	CENPE	protein_coding	885	408	477	7.5700	2.2174	2.1352
ENSG00000138780.15	GSTCD	protein_coding	335	168	180	4.5214	1.3244	1.2753
ENSG00000138785.15	INTS12	protein_coding	503	547	495	10.9610	3.2106	3.0916
ENSG00000138792.10	ENPEP	protein_coding	73	37	40	0.8030	0.2352	0.2265
ENSG00000138794.10	CASP6	protein_coding	351	168	187	15.3407	4.4935	4.3269
ENSG00000138795.10	LEF1	protein_coding	7459	4170	4223	118.1536	34.6091	33.3259
ENSG00000138796.17	HADH	protein_coding	1732	845	887	12.1706	3.5650	3.4328
ENSG00000138798.13	EGF	protein_coding	71	33	38	0.7904	0.2315	0.2229
ENSG00000138801.9	PAPSS1	protein_coding	3516	1770	1746	91.5890	26.8279	25.8332
ENSG00000138802.11	SEC24B	protein_coding	2864	1424	1441	46.6013	13.6502	13.1442
ENSG00000138813.10	C4orf17	protein_coding	0	0	0	0.0000	0.0000	0.0000
ENSG00000138814.17	PPP3CA	protein_coding	2583	1327	1256	42.0774	12.3251	11.8682
ENSG00000138821.13	SLC39A8	protein_coding	1505	774	731	19.7230	5.7772	5.5630
ENSG00000138823.13	MTTP	protein_coding	27	12	19	0.4248	0.1244	0.1198
ENSG00000138829.12	FBN2	protein_coding	139	71	69	0.8930	0.2616	0.2519
ENSG00000138834.14	MAPK8IP3	protein_coding	1125	581	584	9.2367	2.7056	2.6053
ENSG00000138835.22	RGS3	protein_coding	584	311	273	3.5956	1.0532	1.0141
ENSG00000138867.17	GUCD1	protein_coding	8280	4115	4169	159.9866	46.8626	45.1252
ENSG00000138892.11	TTLL8	protein_coding	0	0	0	0.0000	0.0000	0.0000
ENSG00000138942.16	RNF185	protein_coding	3222	2006	1989	79.3543	23.2441	22.3824
ENSG00000138944.8	SHISAL1	protein_coding	52	36	16	0.6444	0.1887	0.1817
ENSG00000138964.17	PARVG	protein_coding	389	276	258	3.8318	1.1224	1.0808
ENSG00000139044.12	B4GALNT3	protein_coding	1445	750	695	16.8280	4.9292	4.7464
ENSG00000139053.3	PDE6H	protein_coding	0	0	0	0.0000	0.0000	0.0000
ENSG00000139055.7	ERP27	protein_coding	19	12	7	0.8596	0.2518	0.2425
ENSG00000139083.11	ETV6	protein_coding	2156	1053	1103	25.3234	7.4176	7.1426
ENSG00000139112.11	GABARAPL1	protein_coding	1799	896	907	37.6935	11.0410	10.6317
ENSG00000139116.19	KIF21A	protein_coding	1267	623	644	10.6350	3.1152	2.9997
ENSG00000139117.14	CPNE8	protein_coding	2163	1100	1063	35.8756	10.5085	10.1189
ENSG00000139131.13	YARS2	protein_coding	446	259	273	17.6407	5.1672	4.9757
ENSG00000139132.14	FGD4	protein_coding	2194	1126	1068	17.5290	5.1345	4.9441
ENSG00000139133.7	ALG10	protein_coding	107	63	80	2.1624	0.6334	0.6099
ENSG00000139144.11	PIK3C2G	protein_coding	0	0	0	0.0000	0.0000	0.0000
ENSG00000139146.14	SINHCAF	protein_coding	637	320	320	9.7030	2.8422	2.7368
ENSG00000139151.16	PLCZ1	protein_coding	0	0	0	0.0000	0.0000	0.0000
ENSG00000139154.16	AEBP2	protein_coding	2005	1035	970	25.1574	7.3690	7.0958
ENSG00000139155.9	SLCO1C1	protein_coding	2	0	2	0.0348	0.0102	0.0098
ENSG00000139160.13	ETFBKMT	protein_coding	206	176	184	2.5471	0.7461	0.7184
ENSG00000139163.16	ETNK1	protein_coding	2596	1262	1335	16.5742	4.8548	4.6749
ENSG00000139168.9	ZCRB1	protein_coding	2317	1192	1281	20.6140	6.0382	5.8143
ENSG00000139173.10	TMEM117	protein_coding	406	205	201	10.0226	2.9358	2.8269
ENSG00000139174.12	PRICKLE1	protein_coding	314	462	469	3.2427	0.9498	0.9146
ENSG00000139178.11	C1RL	protein_coding	1690	912	982	28.8242	8.4431	8.1300
ENSG00000139180.11	NDUFA9	protein_coding	401	210	191	3.2772	0.9599	0.9243
ENSG00000139182.15	CLSTN3	protein_coding	2189	1123	1080	27.6212	8.0907	7.7907
ENSG00000139187.10	KLRG1	protein_coding	145	69	76	4.7487	1.3910	1.3394
ENSG00000139190.17	VAMP1	protein_coding	185	137	123	4.8044	1.4073	1.3551
ENSG00000139192.12	TAPBPL	protein_coding	675	373	377	17.9803	5.2667	5.0715
ENSG00000139193.4	CD27	protein_coding	181	393	390	11.6268	3.4057	3.2794
ENSG00000139194.8	RBP5	protein_coding	100	58	56	2.8054	0.8218	0.7913
ENSG00000139197.11	PEX5	protein_coding	2563	1281	1284	39.6595	11.6169	11.1862
ENSG00000139200.14	PIANP	protein_coding	4	2	3	0.1035	0.0303	0.0292
ENSG00000139209.16	SLC38A4	protein_coding	0	0	0	0.0000	0.0000	0.0000
ENSG00000139211.7	AMIGO2	protein_coding	76	41	38	1.6281	0.4769	0.4592
ENSG00000139218.18	SCAF11	protein_coding	3923	1941	1982	23.7366	6.9528	6.6950
ENSG00000139219.19	COL2A1	protein_coding	4	1	3	0.0510	0.0149	0.0144
ENSG00000139220.17	PPFIA2	protein_coding	371	247	262	3.6750	1.0765	1.0365
ENSG00000139223.4	ANP32D	protein_coding	0	0	0	0.0000	0.0000	0.0000
ENSG00000139233.7	LLPH	protein_coding	863	424	440	9.1895	2.6918	2.5920
ENSG00000139239.7	RPL14P1	processed_pseudogene	153	87	66	20.1439	5.9005	5.6817
ENSG00000139263.12	LRIG3	protein_coding	396	201	195	5.7240	1.6766	1.6145
ENSG00000139266.6	MARCHF9	protein_coding	1019	546	473	21.6119	6.3305	6.0958
ENSG00000139269.3	INHBE	protein_coding	8	4	8	0.2230	0.0653	0.0629
ENSG00000139278.10	GLIPR1	protein_coding	304	812	826	4.1571	1.2177	1.1725
ENSG00000139287.13	TPH2	protein_coding	0	0	0	0.0000	0.0000	0.0000
ENSG00000139289.13	PHLDA1	protein_coding	30828	18534	18586	324.4426	95.0343	91.5109
ENSG00000139291.14	TMEM19	protein_coding	1857	903	954	24.2835	7.1130	6.8493
ENSG00000139292.13	LGR5	protein_coding	7	3	6	0.1138	0.0333	0.0321
ENSG00000139304.16	PTPRQ	protein_coding	1	0	1	0.0068	0.0020	0.0019
ENSG00000139318.8	DUSP6	protein_coding	9424	6366	6084	207.3828	60.7457	58.4935
ENSG00000139323.14	POC1B	protein_coding	528	255	274	5.1132	1.4977	1.4422
ENSG00000139324.12	TMTC3	protein_coding	1303	663	640	15.1019	4.4236	4.2596
ENSG00000139329.5	LUM	protein_coding	8293	4146	4147	263.6635	77.2312	74.3678
ENSG00000139330.6	KERA	protein_coding	8	2	6	0.3084	0.0903	0.0870
ENSG00000139343.10	SNRPF	protein_coding	607	302	309	16.9394	4.9618	4.7779
ENSG00000139344.8	AMDHD1	protein_coding	7	4	3	0.2241	0.0657	0.0632
ENSG00000139350.12	NEDD1	protein_coding	641	326	315	12.1913	3.5710	3.4386
ENSG00000139351.15	SYCP3	protein_coding	7	172	178	0.1552	0.0455	0.0438
ENSG00000139352.4	ASCL1	protein_coding	2	1	1	0.0685	0.0201	0.0193
ENSG00000139354.11	GAS2L3	protein_coding	941	461	481	10.7623	3.1524	3.0356
ENSG00000139364.10	TMEM132B	protein_coding	1	0	1	0.0054	0.0016	0.0015
ENSG00000139370.12	SLC15A4	protein_coding	1484	749	735	23.0472	6.7509	6.5006
ENSG00000139372.15	TDG	protein_coding	317	147	170	5.5107	1.6142	1.5543
ENSG00000139405.16	RITA1	protein_coding	803	454	436	29.5327	8.6506	8.3299
ENSG00000139410.15	SDSL	protein_coding	832	425	409	34.0829	9.9834	9.6133
ENSG00000139428.12	MMAB	protein_coding	449	253	259	6.3359	1.8559	1.7871
ENSG00000139433.11	GLTP	protein_coding	2589	1302	1289	80.0652	23.4524	22.5829
ENSG00000139436.21	GIT2	protein_coding	1088	2058	2088	6.8278	2.0000	1.9258
ENSG00000139437.18	TCHP	protein_coding	622	1791	1808	5.8339	1.7089	1.6455
ENSG00000139438.6	FAM222A	protein_coding	419	213	206	8.6510	2.5340	2.4401
ENSG00000139445.18	FOXN4	protein_coding	0	0	1	0.0000	0.0000	0.0000
ENSG00000139496.16	NUP58	protein_coding	1522	757	765	12.4338	3.6420	3.5070
ENSG00000139505.11	MTMR6	protein_coding	1358	689	669	19.9553	5.8452	5.6285
ENSG00000139508.15	SLC46A3	protein_coding	204	104	100	4.5879	1.3439	1.2940
ENSG00000139514.13	SLC7A1	protein_coding	4039	2002	2037	44.6142	13.0682	12.5837
ENSG00000139515.6	PDX1	protein_coding	0	0	0	0.0000	0.0000	0.0000
ENSG00000139517.9	LNX2	protein_coding	413	195	218	7.2839	2.1336	2.0545
ENSG00000139531.13	SUOX	protein_coding	1595	795	803	27.0463	7.9223	7.6286
ENSG00000139537.11	CCDC65	protein_coding	124	64	66	4.4356	1.2993	1.2511
ENSG00000139540.12	SLC39A5	protein_coding	1	11	6	0.0293	0.0086	0.0083
ENSG00000139546.11	TARBP2	protein_coding	910	496	420	18.8943	5.5344	5.3292
ENSG00000139547.7	RDH16	protein_coding	4	2	2	0.0981	0.0287	0.0277
ENSG00000139549.4	DHH	protein_coding	57	31	44	1.0336	0.3028	0.2915
ENSG00000139567.13	ACVRL1	protein_coding	757	371	386	12.9580	3.7956	3.6549
ENSG00000139572.4	GPR84	protein_coding	232	123	109	9.6434	2.8247	2.7200
ENSG00000139574.8	NPFF	protein_coding	0	0	0	0.0000	0.0000	0.0000
ENSG00000139579.13	NABP2	protein_coding	2256	1096	1161	87.0425	25.4961	24.5508
ENSG00000139597.18	N4BP2L1	protein_coding	107	56	51	1.5012	0.4397	0.4234
ENSG00000139610.2	CELA1	protein_coding	0	0	0	0.0000	0.0000	0.0000
ENSG00000139613.12	SMARCC2	protein_coding	6219	3973	4066	57.5357	16.8531	16.2283
ENSG00000139618.16	BRCA2	protein_coding	171	89	82	1.1342	0.3322	0.3199
ENSG00000139620.13	KANSL2	protein_coding	877	448	429	20.8264	6.1004	5.8742
ENSG00000139624.14	CERS5	protein_coding	2717	1350	1368	34.1012	9.9888	9.6184
ENSG00000139625.13	MAP3K12	protein_coding	2019	2100	1984	21.5098	6.3005	6.0670
ENSG00000139626.16	ITGB7	protein_coding	191	357	326	3.6441	1.0674	1.0278
ENSG00000139629.16	GALNT6	protein_coding	152	75	78	1.7569	0.5146	0.4955
ENSG00000139631.19	CSAD	protein_coding	138	88	84	2.6598	0.7791	0.7502
ENSG00000139636.15	LMBR1L	protein_coding	690	345	346	9.6899	2.8383	2.7331
ENSG00000139637.14	MYG1	protein_coding	0	0	0	0.0000	0.0000	0.0000
ENSG00000139641.13	ESYT1	protein_coding	13442	7175	6987	215.9888	63.2665	60.9209
ENSG00000139644.13	TMBIM6	protein_coding	29886	15112	14779	410.2704	120.1746	115.7192
ENSG00000139645.10	ANKRD52	protein_coding	2912	1447	1484	28.0595	8.2191	7.9143
ENSG00000139648.7	KRT71	protein_coding	0	0	0	0.0000	0.0000	0.0000
ENSG00000139651.11	ZNF740	protein_coding	947	709	744	8.8763	2.6000	2.5036
ENSG00000139656.7	SMIM2	protein_coding	2	10	9	0.1396	0.0409	0.0394
ENSG00000139668.9	WDFY2	protein_coding	521	353	343	2.7313	0.8000	0.7704
ENSG00000139675.12	HNRNPA1L2	protein_coding	99	52	47	6.1276	1.7949	1.7283
ENSG00000139679.15	LPAR6	protein_coding	397	197	200	7.7538	2.2712	2.1870
ENSG00000139684.15	ESD	protein_coding	2744	1347	1397	66.0680	19.3523	18.6349
ENSG00000139687.16	RB1	protein_coding	2136	1035	1101	28.1924	8.2580	7.9518
ENSG00000139697.14	SBNO1	protein_coding	2179	1119	1066	16.6285	4.8707	4.6902
ENSG00000139714.12	MORN3	protein_coding	13	5	8	0.2863	0.0839	0.0808
ENSG00000139718.11	SETD1B	protein_coding	1103	558	545	10.9463	3.2063	3.0875
ENSG00000139719.11	VPS33A	protein_coding	677	348	329	7.7004	2.2556	2.1719
ENSG00000139722.7	VPS37B	protein_coding	662	516	468	9.9782	2.9228	2.8144
ENSG00000139725.8	RHOF	protein_coding	15	341	282	0.2061	0.0604	0.0581
ENSG00000139726.11	DENR	protein_coding	1775	919	857	42.7492	12.5219	12.0577
ENSG00000139734.19	DIAPH3	protein_coding	310	170	157	3.5657	1.0444	1.0057
ENSG00000139737.22	SLAIN1	protein_coding	70	37	33	1.3824	0.4049	0.3899
ENSG00000139746.16	RBM26	protein_coding	1588	798	803	13.3228	3.9025	3.7578
ENSG00000139767.10	SRRM4	protein_coding	0	0	0	0.0000	0.0000	0.0000
ENSG00000139780.7	METTL21C	protein_coding	0	0	0	0.0000	0.0000	0.0000
ENSG00000139793.18	MBNL2	protein_coding	1973	989	984	34.1377	9.9995	9.6288
ENSG00000139797.8	RNF113B	protein_coding	0	0	0	0.0000	0.0000	0.0000
ENSG00000139800.8	ZIC5	protein_coding	1	1	0	0.0183	0.0054	0.0052
ENSG00000139826.6	ABHD13	protein_coding	633	320	313	10.1176	2.9636	2.8537
ENSG00000139832.5	RAB20	protein_coding	217	112	105	12.2281	3.5818	3.4490
ENSG00000139835.14	GRTP1	protein_coding	68	42	42	1.9796	0.5799	0.5584
ENSG00000139842.15	CUL4A	protein_coding	2675	1356	1372	29.0749	8.5165	8.2007
ENSG00000139865.16	TTC6	protein_coding	0	0	0	0.0000	0.0000	0.0000
ENSG00000139874.6	SSTR1	protein_coding	0	0	0	0.0000	0.0000	0.0000
ENSG00000139880.19	CDH24	protein_coding	304	145	159	6.8879	2.0176	1.9428
ENSG00000139890.10	REM2	protein_coding	1	0	1	0.0379	0.0111	0.0107
ENSG00000139899.11	CBLN3	protein_coding	128	124	117	4.0378	1.1827	1.1389
ENSG00000139908.15	TSSK4	protein_coding	32	16	16	1.4117	0.4135	0.3982
ENSG00000139910.20	NOVA1	protein_coding	27	13	14	0.2220	0.0650	0.0626
ENSG00000139914.6	FITM1	protein_coding	3	2	1	0.1880	0.0551	0.0530
ENSG00000139915.21	MDGA2	protein_coding	615	299	316	5.8833	1.7233	1.6594
ENSG00000139921.13	TMX1	protein_coding	2853	1447	1406	52.5777	15.4008	14.8298
ENSG00000139926.16	FRMD6	protein_coding	9148	4592	4557	82.5034	24.1665	23.2706
ENSG00000139946.10	PELI2	protein_coding	486	256	236	6.6140	1.9373	1.8655
ENSG00000139970.17	RTN1	protein_coding	308	163	145	4.3455	1.2729	1.2257
ENSG00000139971.15	ARMH4	protein_coding	55	30	25	0.6174	0.1808	0.1741
ENSG00000139973.16	SYT16	protein_coding	0	0	0	0.0000	0.0000	0.0000
ENSG00000139974.16	SLC38A6	protein_coding	688	326	364	11.3513	3.3250	3.2017
ENSG00000139977.14	NAA30	protein_coding	1580	788	792	17.5575	5.1429	4.9522
ENSG00000139985.7	ADAM21	protein_coding	16	10	6	0.5133	0.1504	0.1448
ENSG00000139988.10	RDH12	protein_coding	27	25	46	0.9736	0.2852	0.2746
ENSG00000139990.18	DCAF5	protein_coding	2910	1433	1477	29.7913	8.7263	8.4028
ENSG00000139998.16	RAB15	protein_coding	192	87	105	3.3026	0.9674	0.9315
ENSG00000140006.11	WDR89	protein_coding	503	335	362	13.3110	3.8990	3.7544
ENSG00000140009.18	ESR2	protein_coding	728	353	377	6.6212	1.9395	1.8675
ENSG00000140015.20	KCNH5	protein_coding	0	0	0	0.0000	0.0000	0.0000
ENSG00000140022.13	STON2	protein_coding	103	59	44	1.1197	0.3280	0.3158
ENSG00000140025.16	EFCAB11	protein_coding	164	80	84	1.6775	0.4914	0.4732
ENSG00000140030.6	GPR65	protein_coding	150	75	114	2.8238	0.8271	0.7965
ENSG00000140043.11	PTGR2	protein_coding	39	155	142	0.4103	0.1202	0.1157
ENSG00000140044.13	JDP2	protein_coding	1051	560	492	14.2597	4.1769	4.0220
ENSG00000140057.9	AK7	protein_coding	66	30	36	1.1245	0.3294	0.3172
ENSG00000140067.6	FAM181A	protein_coding	0	0	0	0.0000	0.0000	0.0000
ENSG00000140090.18	SLC24A4	protein_coding	24	15	9	0.1379	0.0404	0.0389
ENSG00000140092.14	FBLN5	protein_coding	691	362	330	11.7997	3.4563	3.3282
ENSG00000140093.10	SERPINA10	protein_coding	5	0	5	0.0777	0.0228	0.0219
ENSG00000140104.14	CLBA1	protein_coding	300	216	232	4.8758	1.4282	1.3753
ENSG00000140105.18	WARS1	protein_coding	76939	43790	44186	1027.9569	301.1047	289.9413
ENSG00000140107.12	SLC25A47	protein_coding	3	0	3	0.1385	0.0406	0.0391
ENSG00000140153.18	WDR20	protein_coding	964	512	512	11.1759	3.2736	3.1522
ENSG00000140157.15	NIPA2	protein_coding	1013	824	851	16.1366	4.7267	4.5514
ENSG00000140199.13	SLC12A6	protein_coding	1801	1629	1782	14.5548	4.2633	4.1053
ENSG00000140254.12	DUOXA1	protein_coding	3	0	4	0.0685	0.0201	0.0193
ENSG00000140259.7	MFAP1	protein_coding	2100	1095	1008	78.8735	23.1033	22.2467
ENSG00000140262.18	TCF12	protein_coding	3720	1853	1872	33.4432	9.7960	9.4328
ENSG00000140263.15	SORD	protein_coding	933	594	542	6.3752	1.8674	1.7982
ENSG00000140264.21	SERF2	protein_coding	7318	7219	8240	67.6590	19.8184	19.0836
ENSG00000140265.12	ZSCAN29	protein_coding	1064	535	568	13.6200	3.9895	3.8416
ENSG00000140274.14	DUOXA2	protein_coding	1	2	0	0.0333	0.0098	0.0094
ENSG00000140279.13	DUOX2	protein_coding	1	1	2	0.0088	0.0026	0.0025
ENSG00000140280.14	LYSMD2	protein_coding	838	402	436	37.9740	11.1232	10.7108
ENSG00000140284.11	SLC27A2	protein_coding	21	11	14	0.6387	0.1871	0.1802
ENSG00000140285.12	FGF7	protein_coding	292	137	155	3.8055	1.1147	1.0734
ENSG00000140287.11	HDC	protein_coding	7	2	5	0.1526	0.0447	0.0430
ENSG00000140297.13	GCNT3	protein_coding	118	61	59	1.5473	0.4532	0.4364
ENSG00000140299.13	BNIP2	protein_coding	3257	1679	1699	34.7077	10.1664	9.7895
ENSG00000140307.11	GTF2A2	protein_coding	1878	938	942	49.7755	14.5800	14.0395
ENSG00000140319.11	SRP14	protein_coding	7566	3757	3815	313.8779	91.9398	88.5311
ENSG00000140320.12	BAHD1	protein_coding	1921	1245	1208	29.9380	8.7693	8.4442
ENSG00000140323.6	DISP2	protein_coding	51	30	29	0.3396	0.0995	0.0958
ENSG00000140326.13	CDAN1	protein_coding	383	251	252	5.9700	1.7487	1.6839
ENSG00000140332.17	TLE3	protein_coding	2701	1355	1346	18.1550	5.3179	5.1207
ENSG00000140350.15	ANP32A	protein_coding	4621	2368	2253	52.0172	15.2366	14.6717
ENSG00000140365.16	COMMD4	protein_coding	3667	1805	1863	46.8276	13.7165	13.2080
ENSG00000140367.12	UBE2Q2	protein_coding	2305	1157	1148	51.1075	14.9702	14.4152
ENSG00000140368.13	PSTPIP1	protein_coding	352	195	157	6.5352	1.9143	1.8433
ENSG00000140374.16	ETFA	protein_coding	3289	1673	1616	55.4944	16.2552	15.6525
ENSG00000140379.9	BCL2A1	protein_coding	6064	2766	3298	517.5453	151.5971	145.9767
ENSG00000140382.15	HMG20A	protein_coding	1799	1517	1475	23.8594	6.9888	6.7297
ENSG00000140386.13	SCAPER	protein_coding	1225	616	609	8.9602	2.6246	2.5273
ENSG00000140391.15	TSPAN3	protein_coding	10240	5205	5081	103.5221	30.3232	29.1990
ENSG00000140395.9	WDR61	protein_coding	2422	1483	1355	28.6140	8.3815	8.0707
ENSG00000140396.13	NCOA2	protein_coding	3989	2009	1980	33.8443	9.9135	9.5460
ENSG00000140398.14	NEIL1	protein_coding	90	466	505	1.1014	0.3226	0.3107
ENSG00000140400.17	MAN2C1	protein_coding	1851	1442	1434	17.2279	5.0463	4.8592
ENSG00000140403.12	DNAJA4	protein_coding	8260	5068	5220	106.4244	31.1734	30.0176
ENSG00000140406.4	TLNRD1	protein_coding	3686	1911	1776	64.3273	18.8425	18.1439
ENSG00000140416.23	TPM1	protein_coding	2062	1451	1460	12.7211	3.7262	3.5881
ENSG00000140443.15	IGF1R	protein_coding	3036	1494	1542	18.4935	5.4170	5.2162
ENSG00000140450.9	ARRDC4	protein_coding	1792	900	892	37.4637	10.9737	10.5668
ENSG00000140451.13	PIF1	protein_coding	61	33	28	1.1126	0.3259	0.3138
ENSG00000140455.17	USP3	protein_coding	486	458	423	5.3157	1.5571	1.4993
ENSG00000140459.18	CYP11A1	protein_coding	9	7	5	0.2250	0.0659	0.0635
ENSG00000140463.14	BBS4	protein_coding	1501	724	779	30.7294	9.0011	8.6674
ENSG00000140464.20	PML	protein_coding	5736	3035	3139	38.4394	11.2595	10.8420
ENSG00000140465.14	CYP1A1	protein_coding	423	199	226	10.6877	3.1306	3.0145
ENSG00000140470.15	ADAMTS17	protein_coding	83	49	44	0.8401	0.2461	0.2370
ENSG00000140471.17	LINS1	protein_coding	898	495	476	9.8729	2.8919	2.7847
ENSG00000140474.14	ULK3	protein_coding	1990	1034	956	48.0910	14.0866	13.5643
ENSG00000140478.15	GOLGA6D	protein_coding	4	1	3	0.0983	0.0288	0.0277
ENSG00000140479.18	PCSK6	protein_coding	3091	2845	2786	12.0740	3.5367	3.4055
ENSG00000140481.15	CCDC33	protein_coding	1	5	2	0.0121	0.0035	0.0034
ENSG00000140488.16	CELF6	protein_coding	0	0	0	0.0000	0.0000	0.0000
ENSG00000140497.16	SCAMP2	protein_coding	5617	2856	2763	95.3996	27.9440	26.9080
ENSG00000140505.7	CYP1A2	protein_coding	0	0	3	0.0000	0.0000	0.0000
ENSG00000140506.17	LMAN1L	protein_coding	0	0	0	0.0000	0.0000	0.0000
ENSG00000140511.12	HAPLN3	protein_coding	932	464	468	22.6844	6.6446	6.3983
ENSG00000140519.14	RHCG	protein_coding	364	166	198	11.9671	3.5054	3.3754
ENSG00000140521.17	POLG	protein_coding	2318	1697	1612	25.5677	7.4892	7.2115
ENSG00000140522.12	RLBP1	protein_coding	320	164	156	14.7048	4.3073	4.1476
ENSG00000140525.19	FANCI	protein_coding	1481	1187	1284	10.6106	3.1080	2.9928
ENSG00000140526.18	ABHD2	protein_coding	12786	7540	7540	107.8459	31.5898	30.4186
ENSG00000140527.15	WDR93	protein_coding	8	6	2	0.1676	0.0491	0.0473
ENSG00000140534.14	TICRR	protein_coding	177	164	151	1.7862	0.5232	0.5038
ENSG00000140538.16	NTRK3	protein_coding	14	4	10	0.0444	0.0130	0.0125
ENSG00000140543.15	DET1	protein_coding	8	1	7	0.0990	0.0290	0.0279
ENSG00000140545.15	MFGE8	protein_coding	47743	24003	23743	595.6158	174.4652	167.9969
ENSG00000140548.10	ZNF710	protein_coding	503	368	372	8.5362	2.5004	2.4077
ENSG00000140553.18	UNC45A	protein_coding	4127	2630	2638	46.7414	13.6913	13.1837
ENSG00000140557.12	ST8SIA2	protein_coding	365	184	181	5.2985	1.5520	1.4945
ENSG00000140563.15	MCTP2	protein_coding	88	47	41	0.5646	0.1654	0.1592
ENSG00000140564.12	FURIN	protein_coding	8649	4368	4281	155.2149	45.4649	43.7793
ENSG00000140575.13	IQGAP1	protein_coding	21756	10987	10769	160.5570	47.0297	45.2860
ENSG00000140577.16	CRTC3	protein_coding	1800	987	969	14.1325	4.1396	3.9861
ENSG00000140598.15	EFL1	protein_coding	2353	1197	1159	42.4422	12.4320	11.9711
ENSG00000140600.17	SH3GL3	protein_coding	2	2	0	0.0505	0.0148	0.0142
ENSG00000140612.14	SEC11A	protein_coding	5315	2641	2674	82.1836	24.0729	23.1804
ENSG00000140623.14	SEPTIN12	protein_coding	0	0	0	0.0000	0.0000	0.0000
ENSG00000140632.17	GLYR1	protein_coding	4093	2103	2072	64.1764	18.7983	18.1013
ENSG00000140650.12	PMM2	protein_coding	320	277	301	3.5592	1.0425	1.0039
ENSG00000140675.13	SLC5A2	protein_coding	0	1488	1348	0.0000	0.0000	0.0000
ENSG00000140678.17	ITGAX	protein_coding	2839	1486	1353	34.0714	9.9800	9.6100
ENSG00000140682.19	TGFB1I1	protein_coding	1152	578	592	18.1063	5.3036	5.1070
ENSG00000140688.17	RUSF1	protein_coding	1708	2177	2367	40.2007	11.7754	11.3388
ENSG00000140691.18	ARMC5	protein_coding	298	233	255	4.5638	1.3368	1.2872
ENSG00000140694.17	PARN	protein_coding	2685	1385	1300	24.5596	7.1939	6.9272
ENSG00000140718.21	FTO	protein_coding	3369	1640	1729	13.3822	3.9198	3.7745
ENSG00000140740.11	UQCRC2	protein_coding	5373	2649	2725	99.4285	29.1242	28.0444
ENSG00000140743.8	CDR2	protein_coding	1852	922	930	39.8159	11.6627	11.2303
ENSG00000140749.9	IGSF6	protein_coding	694	379	370	16.9988	4.9792	4.7946
ENSG00000140750.17	ARHGAP17	protein_coding	2915	1457	1458	24.9968	7.3219	7.0505
ENSG00000140795.13	MYLK3	protein_coding	5	2	3	0.0399	0.0117	0.0113
ENSG00000140798.16	ABCC12	protein_coding	0	0	0	0.0000	0.0000	0.0000
ENSG00000140807.7	NKD1	protein_coding	211	127	94	1.0322	0.3024	0.2911
ENSG00000140829.12	DHX38	protein_coding	3684	2154	2063	49.5795	14.5226	13.9842
ENSG00000140830.9	TXNL4B	protein_coding	742	424	404	20.0544	5.8743	5.6565
ENSG00000140832.10	MARVELD3	protein_coding	1	4	8	0.0132	0.0039	0.0037
ENSG00000140835.10	CHST4	protein_coding	0	0	0	0.0000	0.0000	0.0000
ENSG00000140836.17	ZFHX3	protein_coding	1934	1134	1182	7.3494	2.1527	2.0729
ENSG00000140839.11	CLEC18B	protein_coding	1	0	1	0.0270	0.0079	0.0076
ENSG00000140848.17	CPNE2	protein_coding	3340	1668	1672	36.6595	10.7381	10.3400
ENSG00000140853.16	NLRC5	protein_coding	3196	1621	1575	21.9123	6.4185	6.1805
ENSG00000140854.13	KATNB1	protein_coding	1619	845	774	30.0451	8.8007	8.4744
ENSG00000140859.16	KIFC3	protein_coding	3835	2234	2276	33.9239	9.9369	9.5684
ENSG00000140873.16	ADAMTS18	protein_coding	26	12	17	0.3346	0.0980	0.0944
ENSG00000140876.11	NUDT7	protein_coding	31	42	46	1.6072	0.4708	0.4533
ENSG00000140905.11	GCSH	protein_coding	47	27	20	1.0965	0.3212	0.3093
ENSG00000140931.20	CMTM3	protein_coding	4295	2060	2235	116.7894	34.2094	32.9411
ENSG00000140932.10	CMTM2	protein_coding	1	2	0	0.0738	0.0216	0.0208
ENSG00000140937.14	CDH11	protein_coding	3306	1668	1638	21.1485	6.1947	5.9651
ENSG00000140939.14	NOL3	protein_coding	813	453	440	23.0750	6.7590	6.5084
ENSG00000140941.14	MAP1LC3B	protein_coding	6873	3453	3421	115.8742	33.9414	32.6830
ENSG00000140943.17	MBTPS1	protein_coding	4782	2355	2428	39.5259	11.5778	11.1485
ENSG00000140945.17	CDH13	protein_coding	59	58	73	0.4544	0.1331	0.1282
ENSG00000140948.13	ZCCHC14	protein_coding	1834	959	876	18.6096	5.4511	5.2490
ENSG00000140950.16	MEAK7	protein_coding	1076	581	569	11.2020	3.2812	3.1596
ENSG00000140955.11	ADAD2	protein_coding	2	2	3	0.0413	0.0121	0.0117
ENSG00000140961.14	OSGIN1	protein_coding	957	451	507	14.6220	4.2830	4.1242
ENSG00000140968.11	IRF8	protein_coding	434	213	221	7.6782	2.2491	2.1657
ENSG00000140983.14	RHOT2	protein_coding	2111	1004	1109	34.7754	10.1863	9.8086
ENSG00000140986.8	RPL3L	protein_coding	16	12	5	0.4926	0.1443	0.1390
ENSG00000140987.20	ZSCAN32	protein_coding	455	259	262	8.6926	2.5462	2.4518
ENSG00000140988.16	RPS2	protein_coding	32193	16150	16053	1144.8258	335.3374	322.9048
ENSG00000140990.15	NDUFB10	protein_coding	2626	1316	1311	214.4241	62.8082	60.4796
ENSG00000140992.19	PDPK1	protein_coding	1360	899	990	10.5849	3.1005	2.9855
ENSG00000140993.11	TIGD7	protein_coding	28	110	100	0.5743	0.1682	0.1620
ENSG00000140995.17	DEF8	protein_coding	2843	1400	1443	41.6760	12.2075	11.7549
ENSG00000141002.20	TCF25	protein_coding	7307	3602	3705	77.8855	22.8139	21.9681
ENSG00000141012.13	GALNS	protein_coding	5027	2490	2542	50.8087	14.8827	14.3309
ENSG00000141013.17	GAS8	protein_coding	603	674	671	9.1197	2.6713	2.5723
ENSG00000141026.6	MED9	protein_coding	841	436	405	11.9328	3.4953	3.3657
ENSG00000141027.21	NCOR1	protein_coding	5292	2655	2778	29.1742	8.5456	8.2287
ENSG00000141028.6	CDRT15P1	unprocessed_pseudogene	2	2	0	0.3011	0.0882	0.0849
ENSG00000141030.13	COPS3	protein_coding	2866	1410	1456	81.8917	23.9873	23.0980
ENSG00000141034.10	GID4	protein_coding	691	349	343	11.5172	3.3736	3.2485
ENSG00000141040.15	ZNF287	protein_coding	380	185	195	4.0352	1.1820	1.1382
ENSG00000141052.18	MYOCD	protein_coding	2	1	1	0.0191	0.0056	0.0054
ENSG00000141068.14	KSR1	protein_coding	382	235	262	2.6638	0.7803	0.7513
ENSG00000141076.18	UTP4	protein_coding	2974	1467	1507	45.0988	13.2102	12.7204
ENSG00000141084.11	RANBP10	protein_coding	3750	1887	1865	49.3265	14.4485	13.9128
ENSG00000141086.18	CTRL	protein_coding	0	150	135	0.0000	0.0000	0.0000
ENSG00000141096.6	DPEP3	protein_coding	4	1	3	0.1954	0.0572	0.0551
ENSG00000141098.13	GFOD2	protein_coding	1273	657	616	12.5819	3.6854	3.5488
ENSG00000141101.13	NOB1	protein_coding	1260	1109	1093	50.9280	14.9176	14.3645
ENSG00000141127.15	PRPSAP2	protein_coding	1266	639	630	22.7100	6.6521	6.4055
ENSG00000141161.12	UNC45B	protein_coding	2	0	2	0.0299	0.0088	0.0084
ENSG00000141179.14	PCTP	protein_coding	1168	603	568	17.0777	5.0023	4.8169
ENSG00000141194.6	OR4D1	protein_coding	1	0	1	0.0172	0.0050	0.0049
ENSG00000141198.16	TOM1L1	protein_coding	1352	1019	1011	15.7818	4.6227	4.4513
ENSG00000141200.8	KIF2B	protein_coding	0	0	0	0.0000	0.0000	0.0000
ENSG00000141219.15	C17orf80	protein_coding	796	545	540	14.4964	4.2462	4.0888
ENSG00000141232.5	TOB1	protein_coding	2701	1358	1365	90.9838	26.6506	25.6625
ENSG00000141252.20	VPS53	protein_coding	3544	1826	1805	14.4006	4.2182	4.0618
ENSG00000141255.13	SPATA22	protein_coding	0	0	0	0.0000	0.0000	0.0000
ENSG00000141258.13	SGSM2	protein_coding	6795	4698	4687	59.0558	17.2984	16.6570
ENSG00000141279.17	NPEPPS	protein_coding	3285	2238	2226	21.6570	6.3437	6.1085
ENSG00000141293.16	SKAP1	protein_coding	183	108	76	5.8732	1.7203	1.6566
ENSG00000141294.10	LRRC46	protein_coding	36	37	24	1.0845	0.3177	0.3059
ENSG00000141295.14	SCRN2	protein_coding	1339	675	689	37.9155	11.1060	10.6943
ENSG00000141298.19	SSH2	protein_coding	2454	1302	1291	16.4142	4.8080	4.6297
ENSG00000141314.13	RHBDL3	protein_coding	2	1	3	0.0296	0.0087	0.0083
ENSG00000141316.13	SPACA3	protein_coding	71	32	39	4.8158	1.4106	1.3583
ENSG00000141337.12	ARSG	protein_coding	397	1760	1794	5.1182	1.4992	1.4436
ENSG00000141338.14	ABCA8	protein_coding	92	51	42	0.6947	0.2035	0.1959
ENSG00000141349.8	G6PC3	protein_coding	5102	2530	2575	95.2020	27.8861	26.8523
ENSG00000141367.12	CLTC	protein_coding	31061	16759	16709	222.8552	65.2778	62.8576
ENSG00000141371.13	C17orf64	protein_coding	3	3	0	0.2107	0.0617	0.0594
ENSG00000141376.23	BCAS3	protein_coding	5013	2541	2605	30.1898	8.8431	8.5152
ENSG00000141378.15	PTRH2	protein_coding	1220	1804	1825	21.8664	6.4050	6.1675
ENSG00000141380.14	SS18	protein_coding	2028	1053	975	28.0304	8.2105	7.9061
ENSG00000141384.13	TAF4B	protein_coding	122	55	67	2.1204	0.6211	0.5981
ENSG00000141385.10	AFG3L2	protein_coding	1318	1333	1268	17.1218	5.0152	4.8293
ENSG00000141391.14	PRELID3A	protein_coding	77	41	36	2.4740	0.7247	0.6978
ENSG00000141401.12	IMPA2	protein_coding	138	65	73	3.0686	0.8988	0.8655
ENSG00000141404.17	GNAL	protein_coding	18	126	142	0.1872	0.0548	0.0528
ENSG00000141424.13	SLC39A6	protein_coding	15507	7796	7712	357.5513	104.7324	100.8494
ENSG00000141425.18	RPRD1A	protein_coding	1708	839	869	17.1813	5.0327	4.8461
ENSG00000141428.17	C18orf21	protein_coding	198	107	91	10.4049	3.0477	2.9348
ENSG00000141429.13	GALNT1	protein_coding	2303	1112	1191	38.1529	11.1756	10.7613
ENSG00000141431.12	ASXL3	protein_coding	5	3	2	0.0311	0.0091	0.0088
ENSG00000141433.13	ADCYAP1	protein_coding	4	2	2	0.0876	0.0257	0.0247
ENSG00000141434.12	MEP1B	protein_coding	0	0	0	0.0000	0.0000	0.0000
ENSG00000141437.10	SLC25A52	protein_coding	0	0	0	0.0000	0.0000	0.0000
ENSG00000141441.16	GAREM1	protein_coding	779	451	482	8.3044	2.4325	2.3423
ENSG00000141446.11	ESCO1	protein_coding	582	266	316	9.3517	2.7393	2.6377
ENSG00000141447.18	OSBPL1A	protein_coding	2292	1102	1190	24.2418	7.1008	6.8376
ENSG00000141448.11	GATA6	protein_coding	33	19	26	0.7377	0.2161	0.2081
ENSG00000141449.15	GREB1L	protein_coding	176	90	86	1.4137	0.4141	0.3988
ENSG00000141452.10	RMC1	protein_coding	739	1126	1066	20.2113	5.9202	5.7007
ENSG00000141456.16	PELP1	protein_coding	5375	2687	2695	69.4005	20.3285	19.5748
ENSG00000141458.13	NPC1	protein_coding	12969	7291	7132	113.4810	33.2404	32.0080
ENSG00000141469.18	SLC14A1	protein_coding	28	16	12	0.3311	0.0970	0.0934
ENSG00000141480.18	ARRB2	protein_coding	1674	908	766	33.3310	9.7632	9.4012
ENSG00000141485.17	SLC13A5	protein_coding	1	1	2	0.0096	0.0028	0.0027
ENSG00000141497.14	ZMYND15	protein_coding	111	54	58	2.7048	0.7923	0.7629
ENSG00000141499.17	WRAP53	protein_coding	638	394	371	10.6505	3.1197	3.0040
ENSG00000141503.17	MINK1	protein_coding	6527	3471	3581	70.4737	20.6429	19.8775
ENSG00000141504.12	SAT2	protein_coding	2614	1329	1286	135.1078	39.5752	38.1079
ENSG00000141505.12	ASGR1	protein_coding	20	6	15	0.4532	0.1327	0.1278
ENSG00000141506.14	PIK3R5	protein_coding	439	219	220	4.9667	1.4548	1.4009
ENSG00000141510.18	TP53	protein_coding	2466	1341	1252	36.8946	10.8070	10.4063
ENSG00000141519.15	CCDC40	protein_coding	228	97	131	1.9438	0.5694	0.5483
ENSG00000141522.12	ARHGDIA	protein_coding	11568	11825	11782	341.6903	100.0865	96.3758
ENSG00000141524.17	TMC6	protein_coding	2263	1236	1122	16.3832	4.7989	4.6210
ENSG00000141526.17	SLC16A3	protein_coding	1738	1211	1188	16.4265	4.8116	4.6332
ENSG00000141527.18	CARD14	protein_coding	299	272	281	2.6702	0.7822	0.7532
ENSG00000141540.11	TTYH2	protein_coding	7598	4323	4545	121.3286	35.5391	34.2214
ENSG00000141542.11	RAB40B	protein_coding	536	275	262	7.3844	2.1630	2.0828
ENSG00000141543.12	EIF4A3	protein_coding	3081	1600	1481	45.2664	13.2592	12.7677
ENSG00000141551.14	CSNK1D	protein_coding	5665	4060	4150	43.6388	12.7825	12.3086
ENSG00000141552.18	ANAPC11	protein_coding	2260	1223	1157	47.6584	13.9599	13.4423
ENSG00000141556.21	TBCD	protein_coding	4350	2478	2343	27.2885	7.9932	7.6969
ENSG00000141560.15	FN3KRP	protein_coding	1820	895	928	52.4984	15.3776	14.8075
ENSG00000141562.18	NARF	protein_coding	1037	489	567	11.1204	3.2573	3.1366
ENSG00000141564.15	RPTOR	protein_coding	3395	1901	1784	27.9853	8.1973	7.8934
ENSG00000141568.21	FOXK2	protein_coding	2660	1716	1681	22.6205	6.6259	6.3802
ENSG00000141569.12	TRIM65	protein_coding	998	526	472	21.7309	6.3653	6.1293
ENSG00000141570.11	CBX8	protein_coding	721	386	336	14.8431	4.3478	4.1866
ENSG00000141574.8	SECTM1	protein_coding	411	189	223	11.9980	3.5144	3.3841
ENSG00000141576.16	RNF157	protein_coding	4963	5354	5383	53.2617	15.6012	15.0228
ENSG00000141577.14	CEP131	protein_coding	1554	845	875	33.2744	9.7466	9.3852
ENSG00000141579.7	ZNF750	protein_coding	0	0	0	0.0000	0.0000	0.0000
ENSG00000141580.16	WDR45B	protein_coding	2587	1360	1352	62.0241	18.1678	17.4942
ENSG00000141582.15	CBX4	protein_coding	4445	2217	2229	130.5678	38.2453	36.8274
ENSG00000141622.14	RNF165	protein_coding	1	0	1	0.0074	0.0022	0.0021
ENSG00000141627.14	DYM	protein_coding	1300	652	648	8.9441	2.6199	2.5227
ENSG00000141639.12	MAPK4	protein_coding	24	13	11	0.2684	0.0786	0.0757
ENSG00000141642.9	ELAC1	protein_coding	170	84	86	3.6364	1.0652	1.0257
ENSG00000141644.17	MBD1	protein_coding	1555	740	815	19.6096	5.7440	5.5310
ENSG00000141646.14	SMAD4	protein_coding	1162	586	576	7.5194	2.2026	2.1209
ENSG00000141655.17	TNFRSF11A	protein_coding	156	75	81	1.4728	0.4314	0.4154
ENSG00000141664.10	ZCCHC2	protein_coding	594	290	304	4.9391	1.4467	1.3931
ENSG00000141665.13	FBXO15	protein_coding	14	5	9	0.1910	0.0560	0.0539
ENSG00000141668.10	CBLN2	protein_coding	24	6	18	0.3717	0.1089	0.1048
ENSG00000141682.12	PMAIP1	protein_coding	164	82	82	6.3710	1.8662	1.7970
ENSG00000141696.13	P3H4	protein_coding	1130	564	566	26.0549	7.6319	7.3489
ENSG00000141698.17	NT5C3B	protein_coding	1774	863	917	52.8407	15.4779	14.9040
ENSG00000141699.11	RETREG3	protein_coding	4084	2328	2220	67.4082	19.7449	19.0129
ENSG00000141736.14	ERBB2	protein_coding	4129	2609	2634	33.9731	9.9513	9.5823
ENSG00000141738.14	GRB7	protein_coding	4	3	1	0.0944	0.0277	0.0266
ENSG00000141741.12	MIEN1	protein_coding	1646	1360	1363	68.6201	20.0999	19.3547
ENSG00000141744.4	PNMT	protein_coding	0	0	0	0.0000	0.0000	0.0000
ENSG00000141748.13	ARL5C	protein_coding	0	0	1	0.0000	0.0000	0.0000
ENSG00000141750.7	STAC2	protein_coding	56	20	36	1.3865	0.4061	0.3911
ENSG00000141753.7	IGFBP4	protein_coding	11826	5857	5974	455.4509	133.4087	128.4626
ENSG00000141756.19	FKBP10	protein_coding	17438	8739	8704	351.6606	103.0069	99.1879
ENSG00000141759.15	TXNL4A	protein_coding	1491	751	740	24.2700	7.1091	6.8455
ENSG00000141837.21	CACNA1A	protein_coding	167	92	85	0.3287	0.0963	0.0927
ENSG00000141854.9	MISP3	protein_coding	382	197	186	13.7806	4.0366	3.8869
ENSG00000141858.12	SAMD1	protein_coding	1326	645	681	49.0651	14.3720	13.8391
ENSG00000141867.18	BRD4	protein_coding	4146	2110	2037	25.3587	7.4280	7.1526
ENSG00000141873.11	SLC39A3	protein_coding	473	251	223	9.0712	2.6571	2.5586
ENSG00000141905.19	NFIC	protein_coding	7832	3950	3888	67.8601	19.8773	19.1403
ENSG00000141933.9	TPGS1	protein_coding	56	92	89	1.3058	0.3825	0.3683
ENSG00000141934.10	PLPP2	protein_coding	1678	801	878	20.4795	5.9988	5.7764
ENSG00000141946.1	ZIM3	protein_coding	1	0	1	0.0323	0.0095	0.0091
ENSG00000141956.14	PRDM15	protein_coding	780	389	392	5.0960	1.4927	1.4374
ENSG00000141959.17	PFKL	protein_coding	13865	6941	6925	131.9093	38.6383	37.2058
ENSG00000141965.5	FEM1A	protein_coding	29	1092	1102	0.2581	0.0756	0.0728
ENSG00000141968.8	VAV1	protein_coding	449	210	240	8.8446	2.5907	2.4947
ENSG00000141971.13	MVB12A	protein_coding	1924	967	965	49.8131	14.5910	14.0501
ENSG00000141977.9	CIB3	protein_coding	1	1	0	0.1194	0.0350	0.0337
ENSG00000141979.4	AC008764.1	protein_coding	0	0	0	0.0000	0.0000	0.0000
ENSG00000141985.9	SH3GL1	protein_coding	2582	1649	1654	59.5019	17.4290	16.7829
ENSG00000141994.16	DUS3L	protein_coding	779	411	368	18.2290	5.3396	5.1416
ENSG00000142002.17	DPP9	protein_coding	5352	3180	3232	54.6005	15.9933	15.4004
ENSG00000142025.16	DMRTC2	protein_coding	0	0	0	0.0000	0.0000	0.0000
ENSG00000142039.4	CCDC97	protein_coding	2195	1154	1118	48.6939	14.2632	13.7344
ENSG00000142046.15	TMEM91	protein_coding	39	20	36	1.3317	0.3901	0.3756
ENSG00000142065.14	ZFP14	protein_coding	455	226	229	4.9417	1.4475	1.3938
ENSG00000142082.15	SIRT3	protein_coding	387	262	255	5.9183	1.7336	1.6693
ENSG00000142089.16	IFITM3	protein_coding	18687	9144	9623	1378.7215	403.8491	388.8765
ENSG00000142102.16	PGGHG	protein_coding	537	253	284	8.6548	2.5351	2.4411
ENSG00000142149.9	HUNK	protein_coding	33	20	14	0.3263	0.0956	0.0920
ENSG00000142156.15	COL6A1	protein_coding	24653	12199	12454	394.1901	115.4645	111.1836
ENSG00000142163.8	OR1E3	unprocessed_pseudogene	0	0	0	0.0000	0.0000	0.0000
ENSG00000142166.13	IFNAR1	protein_coding	8683	4378	4306	107.1906	31.3978	30.2337
ENSG00000142168.15	SOD1	protein_coding	10628	5427	5214	456.9795	133.8565	128.8937
ENSG00000142173.16	COL6A2	protein_coding	30777	15287	15493	489.9881	143.5252	138.2040
ENSG00000142178.9	SIK1	protein_coding	21	12	9	0.3423	0.1003	0.0965
ENSG00000142182.9	DNMT3L	protein_coding	0	0	0	0.0000	0.0000	0.0000
ENSG00000142185.16	TRPM2	protein_coding	1261	642	622	15.9709	4.6781	4.5047
ENSG00000142186.17	SCYL1	protein_coding	4693	2524	2488	93.0714	27.2621	26.2513
ENSG00000142188.17	TMEM50B	protein_coding	4752	4144	4061	90.5209	26.5150	25.5319
ENSG00000142192.21	APP	protein_coding	121620	61501	60121	1635.2161	478.9804	461.2223
ENSG00000142197.12	DOP1B	protein_coding	2745	1368	1378	25.8147	7.5615	7.2812
ENSG00000142207.7	URB1	protein_coding	5179	2942	2828	38.4208	11.2541	10.8368
ENSG00000142208.17	AKT1	protein_coding	3333	2807	2805	25.3574	7.4276	7.1522
ENSG00000142224.17	IL19	protein_coding	5	2	7	0.0681	0.0200	0.0192
ENSG00000142227.11	EMP3	protein_coding	11378	5645	5738	587.3707	172.0501	165.6714
ENSG00000142230.13	SAE1	protein_coding	4427	2221	2207	100.4657	29.4280	28.3370
ENSG00000142233.14	NTN5	protein_coding	26	19	11	0.7088	0.2076	0.1999
ENSG00000142235.12	LMTK3	protein_coding	15	10	11	0.2090	0.0612	0.0590
ENSG00000142252.11	GEMIN7	protein_coding	3	325	331	0.1335	0.0391	0.0376
ENSG00000142273.13	CBLC	protein_coding	0	1	0	0.0000	0.0000	0.0000
ENSG00000142279.13	WTIP	protein_coding	138	76	62	0.8609	0.2522	0.2428
ENSG00000142303.14	ADAMTS10	protein_coding	111	59	52	1.6523	0.4840	0.4660
ENSG00000142319.18	SLC6A3	protein_coding	4	2	2	0.0760	0.0223	0.0214
ENSG00000142327.13	RNPEPL1	protein_coding	6767	3548	3576	72.1025	21.1199	20.3369
ENSG00000142330.20	CAPN10	protein_coding	792	411	381	9.0205	2.6423	2.5443
ENSG00000142347.19	MYO1F	protein_coding	1061	519	542	10.5245	3.0828	2.9685
ENSG00000142396.10	ERVK3-1	protein_coding	88	75	87	1.4878	0.4358	0.4196
ENSG00000142405.22	NLRP12	protein_coding	1	1	0	0.0172	0.0050	0.0048
ENSG00000142408.6	CACNG8	protein_coding	5	3	2	0.0485	0.0142	0.0137
ENSG00000142409.6	ZNF787	protein_coding	1032	518	516	23.7759	6.9643	6.7061
ENSG00000142444.7	TIMM29	protein_coding	579	303	276	27.5456	8.0685	7.7694
ENSG00000142449.13	FBN3	protein_coding	1	2	0	0.0085	0.0025	0.0024
ENSG00000142453.12	CARM1	protein_coding	2043	2011	1927	39.2517	11.4974	11.0712
ENSG00000142459.8	EVI5L	protein_coding	1488	738	750	20.2114	5.9202	5.7007
ENSG00000142484.7	TM4SF5	protein_coding	0	0	0	0.0000	0.0000	0.0000
ENSG00000142494.13	SLC47A1	protein_coding	55	24	33	0.8167	0.2392	0.2304
ENSG00000142507.10	PSMB6	protein_coding	3909	1940	1969	229.4084	67.1973	64.7060
ENSG00000142511.4	GPR32	protein_coding	0	0	0	0.0000	0.0000	0.0000
ENSG00000142512.15	SIGLEC10	protein_coding	144	104	113	3.3338	0.9765	0.9403
ENSG00000142513.6	ACP4	protein_coding	3	2	1	0.1898	0.0556	0.0535
ENSG00000142515.15	KLK3	protein_coding	1	0	1	0.0183	0.0054	0.0052
ENSG00000142528.16	ZNF473	protein_coding	329	173	186	4.0503	1.1864	1.1424
ENSG00000142530.11	FAM71E1	protein_coding	4	74	64	0.2045	0.0599	0.0577
ENSG00000142534.7	RPS11	protein_coding	28001	14085	13921	1687.6206	494.3305	476.0033
ENSG00000142538.2	PTH2	protein_coding	0	0	0	0.0000	0.0000	0.0000
ENSG00000142539.9	AC020909.1	protein_coding	0	0	0	0.0000	0.0000	0.0000
ENSG00000142541.18	RPL13A	protein_coding	35841	17797	18052	942.8853	276.1859	265.9463
ENSG00000142544.7	CTU1	protein_coding	77	38	39	3.0757	0.9009	0.8675
ENSG00000142546.14	NOSIP	protein_coding	1821	925	897	34.5410	10.1176	9.7425
ENSG00000142549.9	IGLON5	protein_coding	5	3	2	0.1629	0.0477	0.0460
ENSG00000142552.8	RCN3	protein_coding	2353	1207	1146	117.3328	34.3686	33.0944
ENSG00000142556.19	ZNF614	protein_coding	205	103	102	3.0960	0.9069	0.8732
ENSG00000142583.18	SLC2A5	protein_coding	197	104	93	2.5225	0.7389	0.7115
ENSG00000142599.19	RERE	protein_coding	7307	3641	3668	43.9706	12.8797	12.4022
ENSG00000142606.16	MMEL1	protein_coding	3	232	240	0.0658	0.0193	0.0186
ENSG00000142609.18	CFAP74	protein_coding	1	2	1	0.0081	0.0024	0.0023
ENSG00000142611.17	PRDM16	protein_coding	322	154	168	2.7997	0.8201	0.7897
ENSG00000142615.8	CELA2A	protein_coding	3	1	2	0.1677	0.0491	0.0473
ENSG00000142619.4	PADI3	protein_coding	4	1	3	0.1065	0.0312	0.0300
ENSG00000142621.19	FHAD1	protein_coding	332	222	174	2.2018	0.6449	0.6210
ENSG00000142623.11	PADI1	protein_coding	0	0	0	0.0000	0.0000	0.0000
ENSG00000142627.13	EPHA2	protein_coding	4510	2269	2242	92.4876	27.0911	26.0867
ENSG00000142632.17	ARHGEF19	protein_coding	135	86	75	3.0265	0.8865	0.8536
ENSG00000142634.13	EFHD2	protein_coding	9424	4773	4651	315.8210	92.5089	89.0792
ENSG00000142655.13	PEX14	protein_coding	1276	754	721	36.9572	10.8253	10.4240
ENSG00000142657.21	PGD	protein_coding	4642	2297	2346	118.2720	34.6437	33.3593
ENSG00000142661.19	MYOM3	protein_coding	27	18	14	0.2488	0.0729	0.0702
ENSG00000142669.15	SH3BGRL3	protein_coding	16250	12375	12541	1575.2937	461.4282	444.3208
ENSG00000142675.18	CNKSR1	protein_coding	29	16	14	0.6219	0.1822	0.1754
ENSG00000142676.14	RPL11	protein_coding	16744	8491	8254	534.7529	156.6375	150.8302
ENSG00000142677.4	IL22RA1	protein_coding	270	119	151	8.1393	2.3841	2.2957
ENSG00000142684.9	ZNF593	protein_coding	0	566	600	0.0000	0.0000	0.0000
ENSG00000142686.8	C1orf216	protein_coding	3197	1587	1610	89.0425	26.0820	25.1150
ENSG00000142687.18	KIAA0319L	protein_coding	5842	3002	2988	51.5756	15.1073	14.5472
ENSG00000142694.6	EVA1B	protein_coding	0	302	314	0.0000	0.0000	0.0000
ENSG00000142698.15	C1orf94	protein_coding	0	0	0	0.0000	0.0000	0.0000
ENSG00000142700.12	DMRTA2	protein_coding	0	0	0	0.0000	0.0000	0.0000
ENSG00000142731.11	PLK4	protein_coding	305	166	139	5.7827	1.6938	1.6310
ENSG00000142733.17	MAP3K6	protein_coding	3577	1773	1805	52.8647	15.4849	14.9108
ENSG00000142748.13	FCN3	protein_coding	24	8	16	0.9396	0.2752	0.2650
ENSG00000142751.15	GPN2	protein_coding	935	496	479	15.9888	4.6834	4.5097
ENSG00000142765.18	SYTL1	protein_coding	155	88	68	2.3572	0.6905	0.6649
ENSG00000142784.16	WDTC1	protein_coding	4611	2343	2268	66.2440	19.4039	18.6845
ENSG00000142789.20	CELA3A	protein_coding	0	0	0	0.0000	0.0000	0.0000
ENSG00000142794.19	NBPF3	protein_coding	615	304	314	7.6668	2.2457	2.1625
ENSG00000142798.20	HSPG2	protein_coding	15456	10628	10693	72.4434	21.2198	20.4331
ENSG00000142856.17	ITGB3BP	protein_coding	829	731	738	12.8960	3.7774	3.6374
ENSG00000142864.15	SERBP1	protein_coding	9860	5058	4803	109.0823	31.9519	30.7673
ENSG00000142867.14	BCL10	protein_coding	551	300	290	10.7665	3.1537	3.0368
ENSG00000142871.18	CCN1	protein_coding	942	481	461	21.6320	6.3363	6.1014
ENSG00000142875.19	PRKACB	protein_coding	13163	6600	6565	166.0933	48.6513	46.8476
ENSG00000142892.15	PIGK	protein_coding	2116	1062	1054	32.5883	9.5456	9.1917
ENSG00000142910.16	TINAGL1	protein_coding	320	149	172	5.1457	1.5073	1.4514
ENSG00000142920.17	AZIN2	protein_coding	429	226	203	3.8024	1.1138	1.0725
ENSG00000142937.12	RPS8	protein_coding	21572	11900	11650	658.7213	192.9498	185.7962
ENSG00000142945.13	KIF2C	protein_coding	752	412	415	17.5151	5.1305	4.9402
ENSG00000142949.17	PTPRF	protein_coding	1714	873	841	13.5879	3.9801	3.8325
ENSG00000142959.5	BEST4	protein_coding	7	6	1	0.2366	0.0693	0.0667
ENSG00000142961.15	MOB3C	protein_coding	1052	527	525	15.1187	4.4285	4.2643
ENSG00000142973.14	CYP4B1	protein_coding	0	0	0	0.0000	0.0000	0.0000
ENSG00000143001.5	TMEM61	protein_coding	0	0	2	0.0000	0.0000	0.0000
ENSG00000143006.7	DMRTB1	protein_coding	0	0	0	0.0000	0.0000	0.0000
ENSG00000143013.13	LMO4	protein_coding	1776	856	920	27.8212	8.1493	7.8471
ENSG00000143028.9	SYPL2	protein_coding	191	99	92	4.0128	1.1754	1.1318
ENSG00000143032.8	BARHL2	protein_coding	0	0	0	0.0000	0.0000	0.0000
ENSG00000143033.18	MTF2	protein_coding	515	292	223	7.4038	2.1687	2.0883
ENSG00000143036.17	SLC44A3	protein_coding	470	237	233	13.9117	4.0749	3.9239
ENSG00000143061.18	IGSF3	protein_coding	2015	991	1025	23.1236	6.7733	6.5221
ENSG00000143067.5	ZNF697	protein_coding	1022	534	488	15.5563	4.5567	4.3878
ENSG00000143079.15	CTTNBP2NL	protein_coding	1127	578	549	12.9840	3.8032	3.6622
ENSG00000143093.15	STRIP1	protein_coding	1145	583	562	13.2399	3.8782	3.7344
ENSG00000143105.7	KCNA10	protein_coding	2	1	1	0.0867	0.0254	0.0245
ENSG00000143106.13	PSMA5	protein_coding	2252	1141	1111	33.3521	9.7693	9.4072
ENSG00000143107.10	FNDC7	protein_coding	0	0	0	0.0000	0.0000	0.0000
ENSG00000143110.12	C1orf162	protein_coding	454	229	225	13.9284	4.0799	3.9286
ENSG00000143119.14	CD53	protein_coding	1698	819	879	67.0051	19.6268	18.8992
ENSG00000143125.6	PROK1	protein_coding	0	0	0	0.0000	0.0000	0.0000
ENSG00000143126.8	CELSR2	protein_coding	2432	1218	1215	16.0972	4.7151	4.5403
ENSG00000143127.13	ITGA10	protein_coding	3000	1615	1564	40.8141	11.9551	11.5118
ENSG00000143147.14	GPR161	protein_coding	1509	757	754	11.4170	3.3442	3.2202
ENSG00000143149.12	ALDH9A1	protein_coding	3789	1895	1895	97.2683	28.4914	27.4351
ENSG00000143153.13	ATP1B1	protein_coding	10180	5731	5538	301.7418	88.3849	85.1080
ENSG00000143155.13	TIPRL	protein_coding	2098	1044	1055	55.9206	16.3800	15.7727
ENSG00000143156.14	NME7	protein_coding	648	851	885	9.6237	2.8189	2.7144
ENSG00000143157.12	POGK	protein_coding	4608	2336	2272	46.2381	13.5439	13.0417
ENSG00000143158.11	MPC2	protein_coding	1308	892	986	42.1061	12.3335	11.8763
ENSG00000143162.9	CREG1	protein_coding	3497	1756	1742	90.3733	26.4718	25.4903
ENSG00000143164.15	DCAF6	protein_coding	4877	2770	2677	65.6767	19.2377	18.5245
ENSG00000143167.12	GPA33	protein_coding	1	1	0	0.0288	0.0084	0.0081
ENSG00000143171.13	RXRG	protein_coding	1369	692	677	43.2018	12.6545	12.1853
ENSG00000143178.13	TBX19	protein_coding	130	70	60	2.8975	0.8487	0.8173
ENSG00000143179.16	UCK2	protein_coding	1878	1210	1242	22.8351	6.6888	6.4408
ENSG00000143183.18	TMCO1	protein_coding	4942	2487	2460	78.7978	23.0811	22.2254
ENSG00000143184.5	XCL1	protein_coding	22	16	8	1.5226	0.4460	0.4295
ENSG00000143185.4	XCL2	protein_coding	33	18	17	4.9864	1.4606	1.4065
ENSG00000143190.23	POU2F1	protein_coding	1134	568	566	6.0071	1.7596	1.6943
ENSG00000143194.13	MAEL	protein_coding	2	1	1	0.0540	0.0158	0.0152
ENSG00000143195.13	ILDR2	protein_coding	1	1	0	0.0061	0.0018	0.0017
ENSG00000143196.5	DPT	protein_coding	273	112	161	13.4865	3.9504	3.8039
ENSG00000143198.13	MGST3	protein_coding	5570	2824	2746	58.7440	17.2070	16.5691
ENSG00000143199.18	ADCY10	protein_coding	1	0	1	0.0138	0.0041	0.0039
ENSG00000143207.21	COP1	protein_coding	1440	755	685	29.2759	8.5754	8.2574
ENSG00000143217.9	NECTIN4	protein_coding	88	46	43	2.1611	0.6330	0.6095
ENSG00000143222.12	UFC1	protein_coding	2735	1708	1740	110.5988	32.3961	31.1950
ENSG00000143224.18	PPOX	protein_coding	471	331	324	8.4651	2.4796	2.3876
ENSG00000143226.15	FCGR2A	protein_coding	7498	3767	3737	117.4352	34.3986	33.1233
ENSG00000143228.13	NUF2	protein_coding	404	208	196	10.2046	2.9891	2.8783
ENSG00000143248.13	RGS5	protein_coding	932	477	455	11.9483	3.4999	3.3701
ENSG00000143252.16	SDHC	protein_coding	2244	1141	1103	100.1901	29.3472	28.2592
ENSG00000143256.5	PFDN2	protein_coding	1804	870	934	246.6932	72.2603	69.5813
ENSG00000143257.12	NR1I3	protein_coding	43	434	420	1.1246	0.3294	0.3172
ENSG00000143258.16	USP21	protein_coding	753	382	371	16.9886	4.9762	4.7917
ENSG00000143278.5	F13B	protein_coding	7	3	4	0.2055	0.0602	0.0580
ENSG00000143294.15	PRCC	protein_coding	2323	1314	1295	48.4574	14.1939	13.6677
ENSG00000143297.19	FCRL5	protein_coding	223	124	99	1.5255	0.4468	0.4303
ENSG00000143303.12	RRNAD1	protein_coding	827	450	452	22.1613	6.4914	6.2507
ENSG00000143314.12	MRPL24	protein_coding	4352	2207	2146	218.0376	63.8666	61.4988
ENSG00000143315.8	PIGM	protein_coding	2131	1051	1081	25.7126	7.5316	7.2524
ENSG00000143318.13	CASQ1	protein_coding	8	2	6	0.3150	0.0923	0.0888
ENSG00000143319.17	ISG20L2	protein_coding	1307	679	703	21.2261	6.2174	5.9869
ENSG00000143320.9	CRABP2	protein_coding	403	195	208	31.6293	9.2647	8.9212
ENSG00000143321.19	HDGF	protein_coding	6068	2988	3080	140.2551	41.0829	39.5598
ENSG00000143322.21	ABL2	protein_coding	7019	3551	3468	35.7155	10.4616	10.0738
ENSG00000143324.14	XPR1	protein_coding	3557	1760	1797	33.8901	9.9269	9.5589
ENSG00000143333.7	RGS16	protein_coding	332	170	162	11.7083	3.4295	3.3024
ENSG00000143337.19	TOR1AIP1	protein_coding	5006	2603	2608	90.6035	26.5392	25.5553
ENSG00000143340.6	FAM163A	protein_coding	3198	1722	1731	93.3570	27.3457	26.3319
ENSG00000143341.12	HMCN1	protein_coding	9306	4723	4583	42.1725	12.3530	11.8950
ENSG00000143344.16	RGL1	protein_coding	1739	871	868	27.8320	8.1524	7.8502
ENSG00000143353.12	LYPLAL1	protein_coding	669	417	363	19.3172	5.6583	5.4485
ENSG00000143355.16	LHX9	protein_coding	1	0	1	0.0081	0.0024	0.0023
ENSG00000143363.17	PRUNE1	protein_coding	1672	843	831	44.9895	13.1781	12.6896
ENSG00000143365.19	RORC	protein_coding	161	75	94	2.0979	0.6145	0.5917
ENSG00000143367.16	TUFT1	protein_coding	307	154	154	6.7227	1.9692	1.8962
ENSG00000143368.10	SF3B4	protein_coding	3776	1941	1835	188.1805	55.1210	53.0774
ENSG00000143369.15	ECM1	protein_coding	25845	12802	13048	653.2050	191.3340	184.2403
ENSG00000143373.18	ZNF687	protein_coding	1918	1033	1045	25.7554	7.5442	7.2645
ENSG00000143374.17	TARS2	protein_coding	2138	1034	1105	44.5327	13.0443	12.5607
ENSG00000143375.15	CGN	protein_coding	1372	670	704	17.6105	5.1584	4.9671
ENSG00000143376.14	SNX27	protein_coding	4549	2272	2284	23.1167	6.7712	6.5202
ENSG00000143379.12	SETDB1	protein_coding	865	745	759	10.3562	3.0335	2.9210
ENSG00000143382.15	ADAMTSL4	protein_coding	203	162	172	2.6802	0.7851	0.7560
ENSG00000143384.14	MCL1	protein_coding	14779	7422	7359	201.7099	59.0840	56.8935
ENSG00000143387.14	CTSK	protein_coding	4090	2090	2000	41.1181	12.0441	11.5976
ENSG00000143390.18	RFX5	protein_coding	3064	1813	1844	57.1232	16.7323	16.1119
ENSG00000143393.16	PI4KB	protein_coding	4790	2375	2559	74.5544	21.8382	21.0285
ENSG00000143398.20	PIP5K1A	protein_coding	3767	1924	1843	59.1851	17.3362	16.6935
ENSG00000143401.15	ANP32E	protein_coding	2299	1188	1111	54.1559	15.8631	15.2750
ENSG00000143409.15	MINDY1	protein_coding	1819	915	906	40.7358	11.9322	11.4898
ENSG00000143412.10	ANXA9	protein_coding	395	192	203	21.0436	6.1640	5.9355
ENSG00000143416.21	SELENBP1	protein_coding	72	36	37	1.7590	0.5152	0.4961
ENSG00000143418.20	CERS2	protein_coding	5868	6960	7031	107.3257	31.4374	30.2718
ENSG00000143420.19	ENSA	protein_coding	6797	3406	3392	124.9630	36.6036	35.2466
ENSG00000143429.10	LSP1P4	transcribed_unprocessed_pseudogene	44	21	24	1.2223	0.3580	0.3448
ENSG00000143434.16	SEMA6C	protein_coding	237	128	110	3.4646	1.0148	0.9772
ENSG00000143436.11	MRPL9	protein_coding	644	687	735	31.4303	9.2064	8.8651
ENSG00000143437.21	ARNT	protein_coding	2261	1123	1138	29.7775	8.7223	8.3989
ENSG00000143442.22	POGZ	protein_coding	2252	1133	1119	18.5653	5.4381	5.2364
ENSG00000143443.10	C1orf56	protein_coding	435	948	999	15.9226	4.6640	4.4911
ENSG00000143450.18	OAZ3	protein_coding	69	328	316	1.2647	0.3705	0.3567
ENSG00000143452.16	HORMAD1	protein_coding	1	0	1	0.0352	0.0103	0.0099
ENSG00000143457.11	GOLPH3L	protein_coding	1859	927	932	47.3507	13.8698	13.3555
ENSG00000143458.12	GABPB2	protein_coding	495	253	242	4.5746	1.3400	1.2903
ENSG00000143469.20	SYT14	protein_coding	352	165	188	2.1387	0.6264	0.6032
ENSG00000143473.13	KCNH1	protein_coding	224	321	306	1.9416	0.5687	0.5476
ENSG00000143476.18	DTL	protein_coding	1276	636	641	22.0107	6.4473	6.2082
ENSG00000143479.17	DYRK3	protein_coding	1418	701	725	11.6751	3.4198	3.2930
ENSG00000143486.16	EIF2D	protein_coding	1607	777	831	16.9188	4.9558	4.7721
ENSG00000143493.13	INTS7	protein_coding	1636	840	796	26.0852	7.6408	7.3575
ENSG00000143494.15	VASH2	protein_coding	22	12	10	0.2056	0.0602	0.0580
ENSG00000143498.18	TAF1A	protein_coding	380	200	203	11.1621	3.2696	3.1483
ENSG00000143499.14	SMYD2	protein_coding	1275	652	623	22.1464	6.4870	6.2465
ENSG00000143502.15	SUSD4	protein_coding	9	5	4	0.1631	0.0478	0.0460
ENSG00000143507.18	DUSP10	protein_coding	1022	514	508	30.6999	8.9925	8.6591
ENSG00000143512.13	HHIPL2	protein_coding	2	1	1	0.0516	0.0151	0.0146
ENSG00000143514.17	TP53BP2	protein_coding	2759	1424	1336	39.1864	11.4783	11.0528
ENSG00000143515.19	ATP8B2	protein_coding	8002	4008	3996	89.4476	26.2006	25.2292
ENSG00000143520.6	FLG2	protein_coding	1	1	0	0.0093	0.0027	0.0026
ENSG00000143536.7	CRNN	protein_coding	1	1	0	0.0446	0.0131	0.0126
ENSG00000143537.14	ADAM15	protein_coding	7002	3482	3522	90.3118	26.4537	25.4730
ENSG00000143543.15	JTB	protein_coding	181	113	119	10.3715	3.0380	2.9253
ENSG00000143545.10	RAB13	protein_coding	898	406	494	27.7203	8.1197	7.8187
ENSG00000143546.10	S100A8	protein_coding	49	20	29	4.6701	1.3680	1.3172
ENSG00000143549.21	TPM3	protein_coding	20225	9961	10267	113.3225	33.1939	31.9633
ENSG00000143552.9	NUP210L	protein_coding	98	53	45	1.4132	0.4139	0.3986
ENSG00000143553.11	SNAPIN	protein_coding	1143	571	600	63.9842	18.7420	18.0471
ENSG00000143554.14	SLC27A3	protein_coding	4058	2021	2041	62.9995	18.4535	17.7694
ENSG00000143556.9	S100A7	protein_coding	3	2	1	0.5242	0.1535	0.1479
ENSG00000143569.19	UBAP2L	protein_coding	7581	3818	3767	85.8033	25.1331	24.2013
ENSG00000143570.19	SLC39A1	protein_coding	27	24	33	0.6768	0.1982	0.1909
ENSG00000143575.15	HAX1	protein_coding	4538	2298	2240	185.5412	54.3479	52.3330
ENSG00000143578.16	CREB3L4	protein_coding	233	145	176	6.8182	1.9972	1.9231
ENSG00000143590.14	EFNA3	protein_coding	39	22	17	1.7037	0.4990	0.4805
ENSG00000143595.13	AQP10	protein_coding	0	0	0	0.0000	0.0000	0.0000
ENSG00000143603.19	KCNN3	protein_coding	157	83	74	0.9804	0.2872	0.2765
ENSG00000143612.21	C1orf43	protein_coding	10356	5234	5124	329.3768	96.4796	92.9027
ENSG00000143614.10	GATAD2B	protein_coding	2266	1147	1119	20.8167	6.0975	5.8715
ENSG00000143621.17	ILF2	protein_coding	6429	3244	3212	241.4655	70.7290	68.1068
ENSG00000143622.11	RIT1	protein_coding	1255	636	619	26.3931	7.7309	7.4443
ENSG00000143624.14	INTS3	protein_coding	3585	1920	1990	29.0857	8.5197	8.2038
ENSG00000143627.19	PKLR	protein_coding	3	9	8	0.0804	0.0236	0.0227
ENSG00000143630.10	HCN3	protein_coding	73	45	42	1.4617	0.4282	0.4123
ENSG00000143631.11	FLG	protein_coding	56	42	43	0.3717	0.1089	0.1048
ENSG00000143632.14	ACTA1	protein_coding	13	5	8	0.7384	0.2163	0.2083
ENSG00000143633.13	C1orf131	protein_coding	335	163	173	5.2556	1.5394	1.4824
ENSG00000143641.10	GALNT2	protein_coding	6271	4681	4788	69.0529	20.2267	19.4768
ENSG00000143643.13	TTC13	protein_coding	812	407	405	16.3712	4.7954	4.6176
ENSG00000143653.10	SCCPDH	protein_coding	8572	4283	4292	339.9991	99.5911	95.8987
ENSG00000143669.14	LYST	protein_coding	7555	3911	3808	32.7100	9.5813	9.2260
ENSG00000143674.11	MAP3K21	protein_coding	10	5	5	0.1067	0.0312	0.0301
ENSG00000143702.16	CEP170	protein_coding	5807	3246	3369	45.0803	13.2047	12.7152
ENSG00000143727.16	ACP1	protein_coding	2258	1153	1114	46.0938	13.5016	13.0010
ENSG00000143740.14	SNAP47	protein_coding	1231	1189	1200	15.8871	4.6536	4.4810
ENSG00000143742.14	SRP9	protein_coding	3948	1985	1963	151.0207	44.2363	42.5963
ENSG00000143748.18	NVL	protein_coding	918	554	503	16.8921	4.9480	4.7645
ENSG00000143751.10	SDE2	protein_coding	1333	619	714	28.3920	8.3165	8.0081
ENSG00000143753.13	DEGS1	protein_coding	4978	2420	2561	172.8266	50.6236	48.7468
ENSG00000143756.12	FBXO28	protein_coding	2828	1437	1391	39.8929	11.6852	11.2520
ENSG00000143761.16	ARF1	protein_coding	22938	11205	11734	593.6925	173.9018	167.4545
ENSG00000143768.13	LEFTY2	protein_coding	3	1	2	0.1114	0.0326	0.0314
ENSG00000143771.12	CNIH4	protein_coding	2458	1221	1237	41.0087	12.0121	11.5668
ENSG00000143772.9	ITPKB	protein_coding	8613	4268	4345	103.9539	30.4497	29.3208
ENSG00000143774.17	GUK1	protein_coding	4858	2464	2394	87.3108	25.5747	24.6265
ENSG00000143776.18	CDC42BPA	protein_coding	5536	2973	3064	33.4486	9.7976	9.4344
ENSG00000143786.8	CNIH3	protein_coding	3179	1863	1961	42.4002	12.4197	11.9592
ENSG00000143793.13	C1orf35	protein_coding	555	274	281	10.9403	3.2046	3.0858
ENSG00000143797.12	MBOAT2	protein_coding	4116	2103	2014	40.2039	11.7763	11.3397
ENSG00000143799.14	PARP1	protein_coding	12041	6059	5982	55.5751	16.2788	15.6753
ENSG00000143801.18	PSEN2	protein_coding	41	20	21	0.2123	0.0622	0.0599
ENSG00000143811.19	PYCR2	protein_coding	2186	1108	1078	51.5370	15.0960	14.5363
ENSG00000143815.15	LBR	protein_coding	1188	603	585	17.6682	5.1753	4.9834
ENSG00000143816.8	WNT9A	protein_coding	229	119	111	4.8556	1.4223	1.3696
ENSG00000143819.12	EPHX1	protein_coding	3038	1553	1539	102.8662	30.1311	29.0140
ENSG00000143839.15	REN	protein_coding	4	2	2	0.1942	0.0569	0.0548
ENSG00000143842.15	SOX13	protein_coding	8607	4402	4205	98.5054	28.8538	27.7840
ENSG00000143845.15	ETNK2	protein_coding	1123	1063	1010	21.1313	6.1897	5.9602
ENSG00000143847.15	PPFIA4	protein_coding	39	17	22	0.3412	0.0999	0.0962
ENSG00000143850.16	PLEKHA6	protein_coding	68	38	30	0.5980	0.1752	0.1687
ENSG00000143851.15	PTPN7	protein_coding	719	353	366	10.3383	3.0282	2.9160
ENSG00000143858.12	SYT2	protein_coding	10	4	7	0.1087	0.0318	0.0307
ENSG00000143862.8	ARL8A	protein_coding	1908	1027	1032	82.0396	24.0307	23.1398
ENSG00000143867.7	OSR1	protein_coding	5	3	2	0.0804	0.0236	0.0227
ENSG00000143869.7	GDF7	protein_coding	6	7	5	0.0550	0.0161	0.0155
ENSG00000143870.13	PDIA6	protein_coding	17800	17219	17217	369.0391	108.0973	104.0896
ENSG00000143878.10	RHOB	protein_coding	7072	3566	3507	253.7209	74.3188	71.5635
ENSG00000143882.12	ATP6V1C2	protein_coding	131	8265	8518	3.1766	0.9305	0.8960
ENSG00000143889.16	HNRNPLL	protein_coding	1631	812	819	23.3488	6.8392	6.5857
ENSG00000143891.17	GALM	protein_coding	738	372	367	23.9569	7.0174	6.7572
ENSG00000143919.15	CAMKMT	protein_coding	175	75	100	3.7209	1.0899	1.0495
ENSG00000143921.9	ABCG8	protein_coding	2	1	1	0.0167	0.0049	0.0047
ENSG00000143924.19	EML4	protein_coding	2427	1235	1250	24.6710	7.2265	6.9586
ENSG00000143933.19	CALM2	protein_coding	14345	7245	7100	171.2375	50.1582	48.2986
ENSG00000143942.5	CHAC2	protein_coding	170	79	91	11.0286	3.2305	3.1107
ENSG00000143947.14	RPS27A	protein_coding	9247	4642	4611	250.8816	73.4871	70.7626
ENSG00000143951.16	WDPCP	protein_coding	532	239	302	3.3219	0.9730	0.9370
ENSG00000143952.20	VPS54	protein_coding	1845	919	926	28.7641	8.4255	8.1131
ENSG00000143954.13	REG3G	protein_coding	0	0	0	0.0000	0.0000	0.0000
ENSG00000143970.17	ASXL2	protein_coding	3225	1585	1641	20.7006	6.0635	5.8387
ENSG00000143971.9	ETAA1	protein_coding	667	344	323	7.5755	2.2190	2.1367
ENSG00000143977.14	SNRPG	protein_coding	1032	546	489	49.6813	14.5524	14.0129
ENSG00000143994.14	ABHD1	protein_coding	44	91	75	0.8070	0.2364	0.2276
ENSG00000143995.20	MEIS1	protein_coding	272	163	141	2.1110	0.6183	0.5954
ENSG00000144010.10	TRIM43B	protein_coding	0	0	0	0.0000	0.0000	0.0000
ENSG00000144015.5	TRIM43	protein_coding	1	0	1	0.0500	0.0146	0.0141
ENSG00000144021.3	CIAO1	protein_coding	12371	6235	6137	217.5955	63.7371	61.3741
ENSG00000144026.12	ZNF514	protein_coding	296	157	148	2.6787	0.7846	0.7555
ENSG00000144028.15	SNRNP200	protein_coding	12780	6329	6452	97.0042	28.4141	27.3606
ENSG00000144029.12	MRPS5	protein_coding	1836	899	937	18.6277	5.4563	5.2541
ENSG00000144031.12	ANKRD53	protein_coding	34	19	15	1.1430	0.3348	0.3224
ENSG00000144034.16	TPRKB	protein_coding	506	264	242	21.4420	6.2807	6.0478
ENSG00000144035.4	NAT8	protein_coding	0	1	1	0.0000	0.0000	0.0000
ENSG00000144036.16	EXOC6B	protein_coding	2550	1289	1261	21.2364	6.2205	5.9898
ENSG00000144040.13	SFXN5	protein_coding	327	159	169	2.5293	0.7409	0.7134
ENSG00000144043.12	TEX261	protein_coding	4419	2238	2181	89.6901	26.2716	25.2976
ENSG00000144045.14	DQX1	protein_coding	6	2	4	0.1766	0.0517	0.0498
ENSG00000144048.10	DUSP11	protein_coding	802	397	405	19.2173	5.6291	5.4204
ENSG00000144057.15	ST6GAL2	protein_coding	56	32	24	0.6170	0.1807	0.1740
ENSG00000144061.14	NPHP1	protein_coding	228	130	98	0.9888	0.2896	0.2789
ENSG00000144063.4	MALL	protein_coding	35	19	16	1.1331	0.3319	0.3196
ENSG00000144115.17	THNSL2	protein_coding	2151	1072	1082	24.7713	7.2559	6.9869
ENSG00000144118.14	RALB	protein_coding	4192	2068	2125	124.2536	36.3958	35.0465
ENSG00000144119.4	C1QL2	protein_coding	0	0	0	0.0000	0.0000	0.0000
ENSG00000144120.13	TMEM177	protein_coding	550	285	265	18.0472	5.2863	5.0903
ENSG00000144130.11	NT5DC4	protein_coding	21	55	47	0.4221	0.1236	0.1191
ENSG00000144134.18	RABL2A	protein_coding	99	41	58	1.3993	0.4099	0.3947
ENSG00000144136.11	SLC20A1	protein_coding	25843	12938	12905	399.5265	117.0276	112.6888
ENSG00000144152.13	FBLN7	protein_coding	115	49	66	1.4842	0.4347	0.4186
ENSG00000144158.4	SNRPA1P1	processed_pseudogene	4	3	1	0.4423	0.1296	0.1248
ENSG00000144161.13	ZC3H8	protein_coding	491	277	222	6.3445	1.8584	1.7895
ENSG00000144182.17	LIPT1	protein_coding	169	118	116	6.2973	1.8446	1.7762
ENSG00000144188.9	TRIM43CP	unprocessed_pseudogene	0	0	0	0.0000	0.0000	0.0000
ENSG00000144191.12	CNGA3	protein_coding	0	0	0	0.0000	0.0000	0.0000
ENSG00000144199.12	FAHD2B	protein_coding	689	339	350	21.9798	6.4382	6.1995
ENSG00000144214.10	LYG1	protein_coding	18	11	7	1.3721	0.4019	0.3870
ENSG00000144218.19	AFF3	protein_coding	866	446	428	4.6961	1.3756	1.3246
ENSG00000144224.17	UBXN4	protein_coding	4671	2352	2319	79.3644	23.2471	22.3852
ENSG00000144227.5	NXPH2	protein_coding	1	0	1	0.0313	0.0092	0.0088
ENSG00000144228.9	SPOPL	protein_coding	964	458	506	12.5963	3.6897	3.5529
ENSG00000144229.12	THSD7B	protein_coding	0	0	0	0.0000	0.0000	0.0000
ENSG00000144230.16	GPR17	protein_coding	10	6	5	0.3179	0.0931	0.0897
ENSG00000144231.11	POLR2D	protein_coding	1752	916	920	28.4911	8.3455	8.0361
ENSG00000144233.10	AMMECR1L	protein_coding	2748	1374	1445	48.6677	14.2555	13.7270
ENSG00000144278.15	GALNT13	protein_coding	19	10	9	0.2430	0.0712	0.0685
ENSG00000144283.22	PKP4	protein_coding	1747	929	956	15.5558	4.5565	4.3876
ENSG00000144285.22	SCN1A	protein_coding	1	1	0	0.0045	0.0013	0.0013
ENSG00000144290.17	SLC4A10	protein_coding	2	0	2	0.0225	0.0066	0.0063
ENSG00000144306.15	SCRN3	protein_coding	986	509	478	20.2055	5.9185	5.6991
ENSG00000144320.14	LNPK	protein_coding	5859	2917	2942	54.7901	16.0489	15.4539
ENSG00000144331.20	ZNF385B	protein_coding	5	4	1	0.0784	0.0230	0.0221
ENSG00000144339.12	TMEFF2	protein_coding	0	0	0	0.0000	0.0000	0.0000
ENSG00000144354.14	CDCA7	protein_coding	72	34	38	1.5542	0.4553	0.4384
ENSG00000144355.15	DLX1	protein_coding	132	72	60	3.1399	0.9197	0.8856
ENSG00000144357.18	UBR3	protein_coding	2360	1240	1121	19.9118	5.8325	5.6162
ENSG00000144362.12	PHOSPHO2	protein_coding	52	33	19	2.9677	0.8693	0.8370
ENSG00000144366.16	GULP1	protein_coding	3561	1801	1760	25.2443	7.3945	7.1203
ENSG00000144369.13	FAM171B	protein_coding	1646	834	812	24.3900	7.1442	6.8793
ENSG00000144381.18	HSPD1	protein_coding	18897	9570	9335	210.3476	61.6141	59.3298
ENSG00000144395.18	CCDC150	protein_coding	45	29	22	0.3949	0.1157	0.1114
ENSG00000144401.14	METTL21A	protein_coding	400	191	210	4.9968	1.4636	1.4094
ENSG00000144406.19	UNC80	protein_coding	237	125	112	1.0256	0.3004	0.2893
ENSG00000144407.9	PTH2R	protein_coding	4	1	3	0.0774	0.0227	0.0218
ENSG00000144410.5	CPO	protein_coding	2	1	1	0.1364	0.0400	0.0385
ENSG00000144426.18	NBEAL1	protein_coding	690	350	341	3.5781	1.0481	1.0092
ENSG00000144445.17	KANSL1L	protein_coding	774	591	595	7.7155	2.2600	2.1762
ENSG00000144451.19	SPAG16	protein_coding	21	14	7	0.2160	0.0633	0.0609
ENSG00000144452.15	ABCA12	protein_coding	8	5	4	0.0707	0.0207	0.0199
ENSG00000144455.14	SUMF1	protein_coding	1113	539	575	13.6112	3.9869	3.8391
ENSG00000144460.12	NYAP2	protein_coding	1	0	1	0.0156	0.0046	0.0044
ENSG00000144468.17	RHBDD1	protein_coding	1651	824	827	20.2431	5.9295	5.7097
ENSG00000144476.6	ACKR3	protein_coding	332	174	158	13.6201	3.9895	3.8416
ENSG00000144481.17	TRPM8	protein_coding	3459	1799	1813	37.0509	10.8528	10.4504
ENSG00000144485.11	HES6	protein_coding	984	495	489	42.7644	12.5264	12.0620
ENSG00000144488.15	ESPNL	protein_coding	1	1	0	0.0164	0.0048	0.0046
ENSG00000144504.15	ANKMY1	protein_coding	199	331	297	1.4724	0.4313	0.4153
ENSG00000144524.18	COPS7B	protein_coding	1465	713	773	20.5091	6.0074	5.7847
ENSG00000144535.20	DIS3L2	protein_coding	1600	859	822	11.9849	3.5106	3.3804
ENSG00000144550.13	CPNE9	protein_coding	3	1	2	0.1100	0.0322	0.0310
ENSG00000144554.12	FANCD2	protein_coding	389	222	251	3.9420	1.1547	1.1119
ENSG00000144559.10	TAMM41	protein_coding	182	75	107	2.6085	0.7641	0.7358
ENSG00000144560.15	VGLL4	protein_coding	914	1053	1015	10.7384	3.1455	3.0288
ENSG00000144566.11	RAB5A	protein_coding	1483	837	871	33.4316	9.7927	9.4296
ENSG00000144567.11	RETREG2	protein_coding	10574	5706	5545	158.2289	46.3477	44.6294
ENSG00000144579.8	CTDSP1	protein_coding	3583	1768	1817	65.9449	19.3163	18.6002
ENSG00000144580.14	CNOT9	protein_coding	1862	906	956	29.8964	8.7571	8.4324
ENSG00000144583.5	MARCHF4	protein_coding	6	2	4	0.1039	0.0304	0.0293
ENSG00000144589.22	STK11IP	protein_coding	965	485	481	14.3845	4.2134	4.0572
ENSG00000144591.19	GMPPA	protein_coding	3593	1846	1747	57.4072	16.8155	16.1920
ENSG00000144596.13	GRIP2	protein_coding	38	55	63	0.2714	0.0795	0.0766
ENSG00000144597.14	EAF1	protein_coding	485	422	422	8.3900	2.4576	2.3664
ENSG00000144619.15	CNTN4	protein_coding	52	21	37	0.4840	0.1418	0.1365
ENSG00000144635.9	DYNC1LI1	protein_coding	1367	677	690	18.9901	5.5625	5.3563
ENSG00000144642.22	RBMS3	protein_coding	599	292	307	2.7590	0.8081	0.7782
ENSG00000144644.14	GADL1	protein_coding	0	0	0	0.0000	0.0000	0.0000
ENSG00000144645.14	OSBPL10	protein_coding	615	338	277	4.3187	1.2650	1.2181
ENSG00000144647.6	POMGNT2	protein_coding	816	419	397	25.9435	7.5993	7.3175
ENSG00000144648.16	ACKR2	protein_coding	23	12	11	0.3577	0.1048	0.1009
ENSG00000144649.9	GASK1A	protein_coding	31	11	20	0.5926	0.1736	0.1672
ENSG00000144655.15	CSRNP1	protein_coding	444	244	209	11.6733	3.4193	3.2925
ENSG00000144659.13	SLC25A38	protein_coding	510	241	269	16.2695	4.7656	4.5889
ENSG00000144668.12	ITGA9	protein_coding	180	135	150	1.8483	0.5414	0.5213
ENSG00000144671.10	SLC22A14	protein_coding	1	1	0	0.0232	0.0068	0.0065
ENSG00000144674.16	GOLGA4	protein_coding	4105	2130	2045	32.4670	9.5101	9.1575
ENSG00000144677.15	CTDSPL	protein_coding	1238	591	647	17.8917	5.2408	5.0465
ENSG00000144681.10	STAC	protein_coding	12	8	4	0.2318	0.0679	0.0654
ENSG00000144711.16	IQSEC1	protein_coding	1981	1015	966	16.5237	4.8400	4.6606
ENSG00000144712.12	CAND2	protein_coding	26	13	16	0.3952	0.1158	0.1115
ENSG00000144713.13	RPL32	protein_coding	9738	4766	4976	222.6589	65.2203	62.8023
ENSG00000144724.20	PTPRG	protein_coding	2211	1339	1354	12.8382	3.7605	3.6211
ENSG00000144730.19	IL17RD	protein_coding	213	123	90	1.8919	0.5542	0.5336
ENSG00000144736.14	SHQ1	protein_coding	947	481	466	13.7870	4.0384	3.8887
ENSG00000144741.18	SLC25A26	protein_coding	414	300	255	6.0098	1.7604	1.6951
ENSG00000144744.17	UBA3	protein_coding	916	583	581	18.9447	5.5492	5.3435
ENSG00000144746.7	ARL6IP5	protein_coding	6664	3370	3320	221.4911	64.8782	62.4729
ENSG00000144747.17	TMF1	protein_coding	1067	713	698	11.4537	3.3550	3.2306
ENSG00000144749.14	LRIG1	protein_coding	255	185	211	3.0746	0.9006	0.8672
ENSG00000144771.8	LRTM1	protein_coding	0	0	0	0.0000	0.0000	0.0000
ENSG00000144785.8	AC073896.1	protein_coding	0	0	0	0.0000	0.0000	0.0000
ENSG00000144791.10	LIMD1	protein_coding	1281	1560	1587	8.5818	2.5137	2.4206
ENSG00000144792.9	ZNF660	protein_coding	31	15	16	0.4042	0.1184	0.1140
ENSG00000144802.11	NFKBIZ	protein_coding	905	455	451	13.0215	3.8142	3.6728
ENSG00000144810.16	COL8A1	protein_coding	726	367	361	6.5532	1.9195	1.8484
ENSG00000144815.16	NXPE3	protein_coding	2874	1536	1533	25.7612	7.5459	7.2661
ENSG00000144820.8	ADGRG7	protein_coding	0	0	0	0.0000	0.0000	0.0000
ENSG00000144821.10	MYH15	protein_coding	3	2	1	0.0331	0.0097	0.0093
ENSG00000144824.21	PHLDB2	protein_coding	243	127	116	1.6765	0.4911	0.4729
ENSG00000144827.9	ABHD10	protein_coding	1597	807	790	44.8176	13.1278	12.6411
ENSG00000144834.14	TAGLN3	protein_coding	1	1	0	0.0495	0.0145	0.0140
ENSG00000144837.9	PLA1A	protein_coding	76278	38651	37641	2986.4278	874.7715	842.3395
ENSG00000144840.10	RABL3	protein_coding	920	475	471	12.1560	3.5607	3.4287
ENSG00000144843.11	ADPRH	protein_coding	1499	776	738	27.5830	8.0795	7.7800
ENSG00000144847.13	IGSF11	protein_coding	4156	2128	2029	72.0411	21.1020	20.3196
ENSG00000144848.11	ATG3	protein_coding	2494	1276	1253	34.6631	10.1534	9.7769
ENSG00000144852.19	NR1I2	protein_coding	0	0	0	0.0000	0.0000	0.0000
ENSG00000144857.14	BOC	protein_coding	248	170	161	2.0387	0.5972	0.5750
ENSG00000144867.13	SRPRB	protein_coding	3114	1950	2023	63.1127	18.4867	17.8013
ENSG00000144868.14	TMEM108	protein_coding	36	22	14	0.3636	0.1065	0.1026
ENSG00000144891.18	AGTR1	protein_coding	28	13	15	0.6837	0.2003	0.1928
ENSG00000144893.12	MED12L	protein_coding	9	7	7	0.0606	0.0177	0.0171
ENSG00000144895.12	EIF2A	protein_coding	3775	1975	1951	54.2887	15.9020	15.3124
ENSG00000144908.14	ALDH1L1	protein_coding	1	1	0	0.0062	0.0018	0.0017
ENSG00000144909.8	OSBPL11	protein_coding	1412	718	694	26.0782	7.6387	7.3555
ENSG00000144935.15	TRPC1	protein_coding	459	233	228	8.1070	2.3747	2.2866
ENSG00000144959.11	NCEH1	protein_coding	1683	852	833	29.7257	8.7071	8.3843
ENSG00000144962.7	SPATA16	protein_coding	0	0	0	0.0000	0.0000	0.0000
ENSG00000145002.12	FAM86B2	protein_coding	6	0	6	0.3730	0.1093	0.1052
ENSG00000145012.13	LPP	protein_coding	2632	1370	1398	8.7531	2.5639	2.4689
ENSG00000145014.18	TMEM44	protein_coding	1005	537	538	18.7119	5.4810	5.2778
ENSG00000145016.16	RUBCN	protein_coding	900	1229	1205	6.8613	2.0098	1.9353
ENSG00000145020.16	AMT	protein_coding	3	2	1	0.0449	0.0131	0.0127
ENSG00000145022.4	TCTA	protein_coding	3341	1890	1869	103.2833	30.2533	29.1317
ENSG00000145029.14	NICN1	protein_coding	0	0	0	0.0000	0.0000	0.0000
ENSG00000145040.4	UCN2	protein_coding	562	292	270	31.8593	9.3321	8.9861
ENSG00000145041.15	DCAF1	protein_coding	1343	749	788	16.6518	4.8776	4.6967
ENSG00000145050.19	MANF	protein_coding	5444	2814	2630	216.1323	63.3085	60.9614
ENSG00000145063.15	AC062028.1	lncRNA	0	0	0	0.0000	0.0000	0.0000
ENSG00000145075.13	CCDC39	lncRNA	0	0	0	0.0000	0.0000	0.0000
ENSG00000145087.13	STXBP5L	protein_coding	3	3	0	0.0230	0.0067	0.0065
ENSG00000145088.9	EAF2	protein_coding	186	90	96	8.9238	2.6139	2.5170
ENSG00000145103.15	ILDR1	protein_coding	9	3	6	0.2552	0.0747	0.0720
ENSG00000145107.16	TM4SF19	protein_coding	10	8	11	0.4472	0.1310	0.1261
ENSG00000145113.22	MUC4	protein_coding	3	2	2	0.0121	0.0035	0.0034
ENSG00000145147.20	SLIT2	protein_coding	211	106	105	1.6191	0.4743	0.4567
ENSG00000145191.15	EIF2B5	protein_coding	1676	845	843	19.7594	5.7878	5.5732
ENSG00000145192.13	AHSG	protein_coding	0	0	0	0.0000	0.0000	0.0000
ENSG00000145194.19	ECE2	protein_coding	0	0	0	0.0000	0.0000	0.0000
ENSG00000145198.14	VWA5B2	protein_coding	4	3	1	0.0593	0.0174	0.0167
ENSG00000145214.14	DGKQ	protein_coding	955	479	476	16.2751	4.7672	4.5905
ENSG00000145216.16	FIP1L1	protein_coding	821	685	712	12.3638	3.6216	3.4873
ENSG00000145217.14	SLC26A1	protein_coding	52	142	133	1.0286	0.3013	0.2901
ENSG00000145220.14	LYAR	protein_coding	1275	617	659	46.9937	13.7652	13.2549
ENSG00000145241.11	CENPC	protein_coding	1072	560	512	10.7150	3.1386	3.0222
ENSG00000145242.13	EPHA5	protein_coding	746	440	457	6.4427	1.8872	1.8172
ENSG00000145244.12	CORIN	protein_coding	29	17	12	0.2442	0.0715	0.0689
ENSG00000145246.14	ATP10D	protein_coding	2522	1279	1440	26.8450	7.8633	7.5718
ENSG00000145247.12	OCIAD2	protein_coding	103	52	51	3.5227	1.0318	0.9936
ENSG00000145248.7	SLC10A4	protein_coding	1	0	1	0.0333	0.0098	0.0094
ENSG00000145283.8	SLC10A6	protein_coding	5	2	3	0.2616	0.0766	0.0738
ENSG00000145284.12	SCD5	protein_coding	6045	3080	2965	121.3293	35.5392	34.2216
ENSG00000145287.11	PLAC8	protein_coding	59	31	28	1.3230	0.3875	0.3732
ENSG00000145293.16	ENOPH1	protein_coding	3090	1578	1512	125.9742	36.8998	35.5318
ENSG00000145309.6	CABS1	protein_coding	0	0	0	0.0000	0.0000	0.0000
ENSG00000145321.13	GC	protein_coding	0	0	0	0.0000	0.0000	0.0000
ENSG00000145331.14	TRMT10A	protein_coding	184	93	95	3.5626	1.0435	1.0048
ENSG00000145332.14	KLHL8	protein_coding	1039	519	520	11.9979	3.5144	3.3841
ENSG00000145335.17	SNCA	protein_coding	4914	4898	4738	67.2846	19.7087	18.9780
ENSG00000145337.5	PYURF	protein_coding	0	0	0	0.0000	0.0000	0.0000
ENSG00000145348.17	TBCK	protein_coding	1620	906	948	12.7040	3.7212	3.5832
ENSG00000145349.17	CAMK2D	protein_coding	6784	3450	3334	78.2426	22.9185	22.0688
ENSG00000145354.12	CISD2	protein_coding	2026	1514	1564	27.0858	7.9338	7.6397
ENSG00000145358.6	DDIT4L	protein_coding	1787	897	890	50.6857	14.8466	14.2962
ENSG00000145362.20	ANK2	protein_coding	3948	1974	1974	16.4507	4.8187	4.6400
ENSG00000145365.11	TIFA	protein_coding	420	222	243	8.3803	2.4547	2.3637
ENSG00000145375.9	SPATA5	protein_coding	1008	519	489	9.1914	2.6923	2.5925
ENSG00000145384.4	FABP2	protein_coding	0	0	0	0.0000	0.0000	0.0000
ENSG00000145386.11	CCNA2	protein_coding	429	354	330	13.2572	3.8833	3.7393
ENSG00000145388.15	METTL14	protein_coding	1149	578	571	14.2693	4.1797	4.0247
ENSG00000145390.11	USP53	protein_coding	7322	3691	3634	52.0324	15.2411	14.6761
ENSG00000145391.13	SETD7	protein_coding	3576	1796	1780	21.8220	6.3920	6.1550
ENSG00000145414.9	NAF1	protein_coding	576	292	284	10.2395	2.9993	2.8881
ENSG00000145416.13	MARCHF1	protein_coding	267	122	147	2.1758	0.6373	0.6137
ENSG00000145423.5	SFRP2	protein_coding	1820	930	890	77.4325	22.6812	21.8403
ENSG00000145425.10	RPS3A	protein_coding	3094	3381	3225	115.2385	33.7552	32.5037
ENSG00000145428.15	RNF175	protein_coding	13	9	4	0.2664	0.0780	0.0751
ENSG00000145431.11	PDGFC	protein_coding	1044	500	545	14.7811	4.3296	4.1691
ENSG00000145439.12	CBR4	protein_coding	890	504	474	14.7904	4.3324	4.1717
ENSG00000145451.13	GLRA3	protein_coding	0	0	0	0.0000	0.0000	0.0000
ENSG00000145476.16	CYP4V2	protein_coding	6637	3366	3272	57.7063	16.9031	16.2764
ENSG00000145491.12	ROPN1L	protein_coding	1	0	2	0.0468	0.0137	0.0132
ENSG00000145494.12	NDUFS6	protein_coding	1947	980	969	186.4037	54.6006	52.5763
ENSG00000145495.16	MARCHF6	protein_coding	5471	2721	2750	40.9556	11.9965	11.5518
ENSG00000145506.14	NKD2	protein_coding	49	30	19	1.4289	0.4186	0.4030
ENSG00000145526.12	CDH18	protein_coding	0	0	0	0.0000	0.0000	0.0000
ENSG00000145536.15	ADAMTS16	protein_coding	53	25	28	0.7677	0.2249	0.2165
ENSG00000145545.12	SRD5A1	protein_coding	586	291	295	6.5212	1.9102	1.8393
ENSG00000145555.15	MYO10	protein_coding	13779	7239	7253	83.6875	24.5134	23.6046
ENSG00000145569.6	OTULINL	protein_coding	241	134	107	2.9071	0.8515	0.8200
ENSG00000145592.14	RPL37	protein_coding	14085	7363	6722	148.7692	43.5768	41.9612
ENSG00000145604.17	SKP2	protein_coding	475	290	315	2.3213	0.6799	0.6547
ENSG00000145623.13	OSMR	protein_coding	623	342	339	7.3746	2.1601	2.0801
ENSG00000145626.12	UGT3A1	protein_coding	1	0	1	0.0100	0.0029	0.0028
ENSG00000145632.15	PLK2	protein_coding	3514	1763	1751	64.2157	18.8098	18.1124
ENSG00000145642.12	SHISAL2B	protein_coding	1	9	7	0.0646	0.0189	0.0182
ENSG00000145649.8	GZMA	protein_coding	499	271	228	47.2939	13.8531	13.3395
ENSG00000145675.15	PIK3R1	protein_coding	3721	1868	1853	29.4464	8.6253	8.3055
ENSG00000145681.11	HAPLN1	protein_coding	10	6	4	0.1370	0.0401	0.0386
ENSG00000145685.14	LHFPL2	protein_coding	10476	5146	5330	111.5240	32.6671	31.4560
ENSG00000145687.16	SSBP2	protein_coding	751	406	345	5.6518	1.6555	1.5941
ENSG00000145692.15	BHMT	protein_coding	0	0	0	0.0000	0.0000	0.0000
ENSG00000145700.10	ANKRD31	protein_coding	88	48	40	1.1451	0.3354	0.3230
ENSG00000145703.16	IQGAP2	protein_coding	513	252	272	5.5369	1.6218	1.5617
ENSG00000145708.11	CRHBP	protein_coding	12	6	6	0.4129	0.1209	0.1165
ENSG00000145715.15	RASA1	protein_coding	1681	1043	1042	27.2582	7.9844	7.6883
ENSG00000145721.12	LIX1	protein_coding	5	4	3	0.1063	0.0311	0.0300
ENSG00000145723.17	GIN1	protein_coding	266	131	135	5.4183	1.5871	1.5283
ENSG00000145725.20	PPIP5K2	protein_coding	1904	985	919	9.3624	2.7424	2.6407
ENSG00000145730.20	PAM	protein_coding	3109	1574	1535	29.8460	8.7424	8.4182
ENSG00000145734.19	BDP1	protein_coding	2201	1058	1143	15.0734	4.4152	4.2515
ENSG00000145736.14	GTF2H2	protein_coding	284	140	145	2.7798	0.8142	0.7841
ENSG00000145740.19	SLC30A5	protein_coding	2122	1483	1514	32.8774	9.6303	9.2733
ENSG00000145741.16	BTF3	protein_coding	11750	5814	5937	179.7218	52.6433	50.6916
ENSG00000145743.17	FBXL17	protein_coding	1267	627	640	13.2424	3.8789	3.7351
ENSG00000145757.16	SPATA9	protein_coding	11	17	32	0.3192	0.0935	0.0900
ENSG00000145777.15	TSLP	protein_coding	2	2	0	0.0398	0.0117	0.0112
ENSG00000145779.8	TNFAIP8	protein_coding	557	304	253	5.5609	1.6289	1.5685
ENSG00000145780.8	FEM1C	protein_coding	3554	1850	1704	52.9765	15.5177	14.9423
ENSG00000145781.9	COMMD10	protein_coding	697	406	371	24.2680	7.1085	6.8449
ENSG00000145782.13	ATG12	protein_coding	1816	912	930	17.3921	5.0944	4.9055
ENSG00000145794.17	MEGF10	protein_coding	143	78	66	1.3430	0.3934	0.3788
ENSG00000145808.10	ADAMTS19	protein_coding	0	0	0	0.0000	0.0000	0.0000
ENSG00000145817.17	YIPF5	protein_coding	3292	1647	1647	75.5971	22.1436	21.3226
ENSG00000145819.18	ARHGAP26	protein_coding	913	493	421	4.5187	1.3236	1.2745
ENSG00000145824.13	CXCL14	protein_coding	1089	574	515	46.8245	13.7156	13.2071
ENSG00000145826.9	LECT2	protein_coding	0	0	0	0.0000	0.0000	0.0000
ENSG00000145832.14	SLC25A48	protein_coding	4	2	2	0.0406	0.0119	0.0114
ENSG00000145833.16	DDX46	protein_coding	2143	1087	1058	19.7702	5.7910	5.5763
ENSG00000145835.6	CDKN2AIPNLP2	processed_pseudogene	0	0	0	0.0000	0.0000	0.0000
ENSG00000145839.2	IL9	protein_coding	0	0	0	0.0000	0.0000	0.0000
ENSG00000145850.9	TIMD4	protein_coding	4	2	2	0.2241	0.0656	0.0632
ENSG00000145860.12	RNF145	protein_coding	5234	2670	2564	96.3315	28.2170	27.1709
ENSG00000145861.9	C1QTNF2	protein_coding	17	6	11	0.5988	0.1754	0.1689
ENSG00000145863.11	GABRA6	protein_coding	1	1	0	0.0236	0.0069	0.0067
ENSG00000145864.14	GABRB2	protein_coding	21	11	10	0.1041	0.0305	0.0293
ENSG00000145868.17	FBXO38	protein_coding	1319	682	639	12.8422	3.7617	3.6222
ENSG00000145879.11	SPINK7	protein_coding	1	0	1	0.0550	0.0161	0.0155
ENSG00000145882.11	PCYOX1L	protein_coding	701	337	364	9.8575	2.8874	2.7804
ENSG00000145888.11	GLRA1	protein_coding	1	1	0	0.0348	0.0102	0.0098
ENSG00000145901.16	TNIP1	protein_coding	5307	2754	2554	77.7961	22.7877	21.9428
ENSG00000145907.16	G3BP1	protein_coding	9667	4939	4740	40.9685	12.0003	11.5554
ENSG00000145908.12	ZNF300	protein_coding	151	67	84	2.9070	0.8515	0.8199
ENSG00000145911.6	N4BP3	protein_coding	74	35	39	1.0500	0.3076	0.2962
ENSG00000145912.9	NHP2	protein_coding	1139	1504	1569	67.4508	19.7574	19.0249
ENSG00000145916.19	RMND5B	protein_coding	1705	1826	1813	18.7941	5.5051	5.3010
ENSG00000145919.11	BOD1	protein_coding	925	446	480	32.9218	9.6433	9.2858
ENSG00000145920.15	CPLX2	protein_coding	0	0	0	0.0000	0.0000	0.0000
ENSG00000145934.16	TENM2	protein_coding	2	1	1	0.0154	0.0045	0.0043
ENSG00000145936.9	KCNMB1	protein_coding	47	24	23	0.6612	0.1937	0.1865
ENSG00000145945.7	FAM50B	protein_coding	497	245	252	21.6660	6.3463	6.1110
ENSG00000145949.11	MYLK4	protein_coding	12	6	6	0.1694	0.0496	0.0478
ENSG00000145975.15	FAM217A	protein_coding	3	0	3	0.0813	0.0238	0.0229
ENSG00000145979.18	TBC1D7	protein_coding	587	297	294	6.0058	1.7592	1.6940
ENSG00000145982.13	FARS2	protein_coding	406	212	194	7.1264	2.0874	2.0101
ENSG00000145990.11	GFOD1	protein_coding	1267	596	682	10.0687	2.9493	2.8399
ENSG00000145996.11	CDKAL1	protein_coding	533	290	243	9.8354	2.8809	2.7741
ENSG00000146001.5	PCDHB18P	transcribed_unprocessed_pseudogene	7	3	4	0.1859	0.0545	0.0524
ENSG00000146005.4	PSD2	protein_coding	983	492	492	18.4194	5.3953	5.1953
ENSG00000146006.8	LRRTM2	protein_coding	88	50	47	1.2257	0.3590	0.3457
ENSG00000146007.11	ZMAT2	protein_coding	3203	1519	1684	159.1575	46.6197	44.8913
ENSG00000146013.11	GFRA3	protein_coding	5	4	1	0.2136	0.0626	0.0602
ENSG00000146021.15	KLHL3	protein_coding	259	128	131	1.8556	0.5435	0.5234
ENSG00000146038.12	DCDC2	protein_coding	248	140	145	4.2087	1.2328	1.1871
ENSG00000146039.11	SLC17A4	protein_coding	0	0	0	0.0000	0.0000	0.0000
ENSG00000146047.7	H2BC1	protein_coding	0	0	0	0.0000	0.0000	0.0000
ENSG00000146049.2	KAAG1	protein_coding	5	21	21	0.3070	0.0899	0.0866
ENSG00000146054.18	TRIM7	protein_coding	31	26	29	0.3588	0.1051	0.1012
ENSG00000146063.20	TRIM41	protein_coding	1037	638	614	6.8740	2.0135	1.9388
ENSG00000146066.3	HIGD2A	protein_coding	1434	1262	1278	186.2017	54.5414	52.5193
ENSG00000146067.16	FAM193B	protein_coding	648	317	331	9.4469	2.7672	2.6646
ENSG00000146070.17	PLA2G7	protein_coding	376	202	179	15.5076	4.5424	4.3740
ENSG00000146072.6	TNFRSF21	protein_coding	2449	1208	1241	57.8498	16.9451	16.3169
ENSG00000146083.12	RNF44	protein_coding	1147	572	576	17.3101	5.0704	4.8824
ENSG00000146085.8	MMUT	protein_coding	1306	679	627	29.1016	8.5243	8.2083
ENSG00000146090.16	RASGEF1C	protein_coding	73	40	33	2.0561	0.6023	0.5799
ENSG00000146094.15	DOK3	protein_coding	334	163	207	5.8809	1.7226	1.6587
ENSG00000146109.5	ABT1	protein_coding	552	295	257	15.9280	4.6656	4.4926
ENSG00000146112.12	PPP1R18	protein_coding	4329	2097	2233	79.9349	23.4142	22.5461
ENSG00000146122.17	DAAM2	protein_coding	5960	4444	4375	39.0680	11.4436	11.0194
ENSG00000146143.19	PRIM2	protein_coding	299	151	148	4.4924	1.3159	1.2671
ENSG00000146147.15	MLIP	protein_coding	1	1	0	0.0116	0.0034	0.0033
ENSG00000146151.14	HMGCLL1	protein_coding	2	1	1	0.0355	0.0104	0.0100
ENSG00000146166.17	LGSN	protein_coding	3	3	0	0.0437	0.0128	0.0123
ENSG00000146192.15	FGD2	protein_coding	275	130	145	2.2972	0.6729	0.6479
ENSG00000146197.9	SCUBE3	protein_coding	14	9	5	0.1521	0.0445	0.0429
ENSG00000146205.14	ANO7	protein_coding	29	14	15	0.4324	0.1267	0.1220
ENSG00000146215.14	CRIP3	protein_coding	0	0	0	0.0000	0.0000	0.0000
ENSG00000146216.13	TTBK1	protein_coding	12	6	6	0.0996	0.0292	0.0281
ENSG00000146221.10	TCTE1	protein_coding	1	3	0	0.0275	0.0081	0.0078
ENSG00000146223.16	RPL7L1	protein_coding	2832	1415	1417	30.7892	9.0186	8.6843
ENSG00000146232.17	NFKBIE	protein_coding	1458	711	747	47.9713	14.0516	13.5306
ENSG00000146233.8	CYP39A1	protein_coding	206	99	107	5.6231	1.6471	1.5860
ENSG00000146242.9	TPBG	protein_coding	211	108	103	5.1474	1.5078	1.4519
ENSG00000146243.14	IRAK1BP1	protein_coding	99	125	116	1.1265	0.3300	0.3177
ENSG00000146247.14	PHIP	protein_coding	1919	1088	1003	11.0723	3.2433	3.1230
ENSG00000146250.7	PRSS35	protein_coding	3	1	2	0.1042	0.0305	0.0294
ENSG00000146263.11	MMS22L	protein_coding	433	228	205	1.6873	0.4942	0.4759
ENSG00000146267.12	FAXC	protein_coding	709	346	363	5.1540	1.5097	1.4537
ENSG00000146276.12	GABRR1	protein_coding	0	0	0	0.0000	0.0000	0.0000
ENSG00000146278.11	PNRC1	protein_coding	2724	1347	1379	77.3139	22.6465	21.8068
ENSG00000146281.6	PM20D2	protein_coding	57	24	33	1.0292	0.3015	0.2903
ENSG00000146282.18	RARS2	protein_coding	779	385	394	22.2812	6.5265	6.2846
ENSG00000146285.14	SCML4	protein_coding	4482	2187	2295	41.9825	12.2973	11.8414
ENSG00000146350.14	TBC1D32	protein_coding	195	107	88	2.3958	0.7018	0.6757
ENSG00000146352.13	CLVS2	protein_coding	19	7	12	0.1438	0.0421	0.0406
ENSG00000146360.8	GPR6	protein_coding	0	0	0	0.0000	0.0000	0.0000
ENSG00000146373.16	RNF217	protein_coding	69	26	43	0.4585	0.1343	0.1293
ENSG00000146374.14	RSPO3	protein_coding	87	47	63	1.4904	0.4366	0.4204
ENSG00000146376.11	ARHGAP18	protein_coding	3369	1677	1692	62.3034	18.2496	17.5730
ENSG00000146378.6	TAAR2	protein_coding	0	0	0	0.0000	0.0000	0.0000
ENSG00000146383.7	TAAR6	protein_coding	0	0	0	0.0000	0.0000	0.0000
ENSG00000146385.1	TAAR8	protein_coding	0	0	0	0.0000	0.0000	0.0000
ENSG00000146386.8	ABRACL	protein_coding	1173	568	605	87.6092	25.6621	24.7107
ENSG00000146399.2	TAAR1	protein_coding	0	0	0	0.0000	0.0000	0.0000
ENSG00000146409.12	SLC18B1	protein_coding	274	130	144	8.1815	2.3965	2.3076
ENSG00000146410.12	MTFR2	protein_coding	96	50	46	3.3275	0.9747	0.9385
ENSG00000146411.6	SLC2A12	protein_coding	84	74	75	1.2802	0.3750	0.3611
ENSG00000146414.16	SHPRH	protein_coding	161	134	134	0.7726	0.2263	0.2179
ENSG00000146416.19	AIG1	protein_coding	1404	695	709	14.1417	4.1423	3.9887
ENSG00000146425.11	DYNLT1	protein_coding	785	366	419	22.5745	6.6124	6.3673
ENSG00000146426.18	TIAM2	protein_coding	88	67	73	0.6480	0.1898	0.1828
ENSG00000146433.9	TMEM181	protein_coding	1438	724	715	22.6560	6.6363	6.3902
ENSG00000146453.13	PNLDC1	protein_coding	2	1	1	0.0770	0.0226	0.0217
ENSG00000146457.16	WTAP	protein_coding	1644	958	1026	21.7697	6.3767	6.1403
ENSG00000146463.12	ZMYM4	protein_coding	3378	1732	1758	36.2886	10.6295	10.2354
ENSG00000146469.13	VIP	protein_coding	0	0	1	0.0000	0.0000	0.0000
ENSG00000146476.11	ARMT1	protein_coding	644	318	326	19.4001	5.6826	5.4719
ENSG00000146477.6	SLC22A3	protein_coding	19	9	10	0.4989	0.1461	0.1407
ENSG00000146521.10	LINC01558	lncRNA	4	5	1	0.1222	0.0358	0.0345
ENSG00000146530.14	VWDE	protein_coding	1	0	1	0.0127	0.0037	0.0036
ENSG00000146535.14	GNA12	protein_coding	4169	2060	2109	57.9338	16.9697	16.3406
ENSG00000146540.15	C7orf50	protein_coding	2575	1246	1331	44.0778	12.9111	12.4324
ENSG00000146555.19	SDK1	protein_coding	151	85	68	1.0461	0.3064	0.2951
ENSG00000146556.14	WASH2P	transcribed_unprocessed_pseudogene	51	23	28	1.4641	0.4289	0.4130
ENSG00000146574.16	CCZ1B	protein_coding	276	187	179	3.3806	0.9902	0.9535
ENSG00000146576.13	C7orf26	protein_coding	1064	531	533	33.1701	9.7160	9.3558
ENSG00000146587.18	RBAK	protein_coding	1414	751	663	17.2550	5.0543	4.8669
ENSG00000146592.17	CREB5	protein_coding	2527	1261	1266	18.3712	5.3812	5.1817
ENSG00000146618.3	FERD3L	protein_coding	0	0	0	0.0000	0.0000	0.0000
ENSG00000146648.19	EGFR	protein_coding	130	68	64	0.8821	0.2584	0.2488
ENSG00000146666.5	LINC00525	lncRNA	1	0	1	0.0715	0.0209	0.0202
ENSG00000146670.10	CDCA5	protein_coding	947	454	493	20.6151	6.0385	5.8146
ENSG00000146674.15	IGFBP3	protein_coding	4237	2103	2135	78.7154	23.0570	22.2021
ENSG00000146676.10	PURB	protein_coding	2119	1055	1083	19.4916	5.7094	5.4977
ENSG00000146677.7	AC004453.1	processed_pseudogene	44	14	30	9.1581	2.6825	2.5831
ENSG00000146678.10	IGFBP1	protein_coding	1	1	0	0.0517	0.0151	0.0146
ENSG00000146700.9	SSC4D	protein_coding	34	70	62	1.0235	0.2998	0.2887
ENSG00000146701.12	MDH2	protein_coding	9664	4741	4925	225.3972	66.0224	63.5746
ENSG00000146707.14	POMZP3	protein_coding	190	167	201	8.6700	2.5396	2.4454
ENSG00000146722.11	AC211486.1	transcribed_unprocessed_pseudogene	1	1	2	0.0757	0.0222	0.0213
ENSG00000146729.10	NIPSNAP2	protein_coding	1710	827	884	25.6970	7.5271	7.2480
ENSG00000146731.11	CCT6A	protein_coding	14550	7318	7233	321.2669	94.1041	90.6152
ENSG00000146733.14	PSPH	protein_coding	2702	1388	1314	83.0757	24.3342	23.4320
ENSG00000146755.11	TRIM50	protein_coding	0	1	0	0.0000	0.0000	0.0000
ENSG00000146757.14	ZNF92	protein_coding	314	165	149	7.5904	2.2233	2.1409
ENSG00000146776.14	ATXN7L1	protein_coding	621	312	309	6.3575	1.8622	1.7932
ENSG00000146802.13	TMEM168	protein_coding	2218	1132	1086	24.0523	7.0453	6.7841
ENSG00000146809.13	ASB15	protein_coding	0	0	0	0.0000	0.0000	0.0000
ENSG00000146826.17	MAP11	protein_coding	532	343	336	13.8454	4.0555	3.9052
ENSG00000146828.18	SLC12A9	protein_coding	4898	2513	2473	46.7296	13.6878	13.1804
ENSG00000146830.11	GIGYF1	protein_coding	1917	940	977	23.0650	6.7561	6.5056
ENSG00000146833.16	TRIM4	protein_coding	1932	966	966	33.9541	9.9457	9.5770
ENSG00000146834.14	MEPCE	protein_coding	2512	1305	1254	66.4135	19.4536	18.7323
ENSG00000146839.19	ZAN	protein_coding	0	0	0	0.0000	0.0000	0.0000
ENSG00000146842.17	TMEM209	protein_coding	2869	1759	1737	52.1818	15.2849	14.7182
ENSG00000146856.14	AGBL3	protein_coding	168	84	84	1.9525	0.5719	0.5507
ENSG00000146857.4	STRA8	protein_coding	1	1	0	0.0668	0.0196	0.0188
ENSG00000146858.8	ZC3HAV1L	protein_coding	63	25	38	3.0294	0.8874	0.8545
ENSG00000146859.6	TMEM140	protein_coding	2115	1499	1455	77.6510	22.7452	21.9019
ENSG00000146872.18	TLK2	protein_coding	1102	507	595	10.6793	3.1281	3.0121
ENSG00000146904.9	EPHA1	protein_coding	113	725	643	2.0430	0.5984	0.5762
ENSG00000146909.8	NOM1	protein_coding	939	481	458	10.2323	2.9972	2.8861
ENSG00000146910.12	CNPY1	protein_coding	0	0	0	0.0000	0.0000	0.0000
ENSG00000146918.20	NCAPG2	protein_coding	1047	552	495	12.5140	3.6655	3.5296
ENSG00000146926.11	ASB10	protein_coding	0	0	0	0.0000	0.0000	0.0000
ENSG00000146938.16	NLGN4X	protein_coding	113	58	55	1.2900	0.3778	0.3638
ENSG00000146950.13	SHROOM2	protein_coding	3516	1748	1768	36.3325	10.6424	10.2478
ENSG00000146955.11	RAB19	protein_coding	9	6	3	0.2824	0.0827	0.0797
ENSG00000146963.18	LUC7L2	protein_coding	806	429	379	10.8369	3.1743	3.0566
ENSG00000146966.13	DENND2A	protein_coding	39	330	283	0.6400	0.1875	0.1805
ENSG00000147003.7	CLTRN	protein_coding	12	8	4	0.5715	0.1674	0.1612
ENSG00000147010.18	SH3KBP1	protein_coding	5144	2601	2543	75.6155	22.1490	21.3278
ENSG00000147027.4	TMEM47	protein_coding	182	80	102	3.8256	1.1206	1.0790
ENSG00000147036.12	LANCL3	protein_coding	13	6	7	0.1072	0.0314	0.0302
ENSG00000147041.12	SYTL5	protein_coding	28	8	20	0.4933	0.1445	0.1391
ENSG00000147044.22	CASK	protein_coding	2477	1423	1352	10.6500	3.1195	3.0039
ENSG00000147050.16	KDM6A	protein_coding	762	352	410	2.7095	0.7937	0.7642
ENSG00000147059.8	SPIN2A	protein_coding	20	9	11	0.5879	0.1722	0.1658
ENSG00000147065.17	MSN	protein_coding	49660	24683	24979	704.3844	206.3252	198.6758
ENSG00000147081.15	AKAP4	protein_coding	0	0	0	0.0000	0.0000	0.0000
ENSG00000147082.18	CCNB3	protein_coding	72	27	45	1.1298	0.3309	0.3187
ENSG00000147099.21	HDAC8	protein_coding	373	189	184	1.3839	0.4054	0.3903
ENSG00000147100.11	SLC16A2	protein_coding	806	408	398	15.9473	4.6712	4.4980
ENSG00000147113.17	DIPK2B	protein_coding	364	181	183	4.5992	1.3472	1.2972
ENSG00000147117.8	ZNF157	protein_coding	20	11	9	0.6750	0.1977	0.1904
ENSG00000147118.12	ZNF182	protein_coding	329	172	157	7.7651	2.2745	2.1902
ENSG00000147119.4	CHST7	protein_coding	68	37	31	2.4101	0.7060	0.6798
ENSG00000147121.16	KRBOX4	protein_coding	429	233	197	9.8863	2.8958	2.7885
ENSG00000147123.11	NDUFB11	protein_coding	2537	1153	1387	226.3059	66.2885	63.8309
ENSG00000147124.12	ZNF41	protein_coding	445	214	232	7.8992	2.3138	2.2280
ENSG00000147127.8	RAB41	protein_coding	21	11	13	1.3269	0.3887	0.3743
ENSG00000147130.14	ZMYM3	protein_coding	2296	1115	1181	28.1922	8.2579	7.9518
ENSG00000147133.16	TAF1	protein_coding	1777	859	925	13.9274	4.0796	3.9283
ENSG00000147138.3	GPR174	protein_coding	171	96	76	2.6431	0.7742	0.7455
ENSG00000147140.17	NONO	protein_coding	13985	7114	6871	105.8289	30.9990	29.8497
ENSG00000147144.13	CCDC120	protein_coding	120	52	68	1.9162	0.5613	0.5405
ENSG00000147145.12	LPAR4	protein_coding	5	2	3	0.1364	0.0400	0.0385
ENSG00000147155.11	EBP	protein_coding	544	246	299	26.1294	7.6537	7.3699
ENSG00000147160.9	AWAT2	protein_coding	0	0	0	0.0000	0.0000	0.0000
ENSG00000147162.14	OGT	protein_coding	3606	1779	1832	31.2920	9.1659	8.8261
ENSG00000147164.12	SNX12	protein_coding	3617	1845	1773	118.3650	34.6710	33.3856
ENSG00000147166.11	ITGB1BP2	protein_coding	9	5	4	0.3498	0.1025	0.0987
ENSG00000147168.13	IL2RG	protein_coding	475	221	254	14.6149	4.2809	4.1222
ENSG00000147174.11	GCNA	protein_coding	50	34	16	1.1726	0.3435	0.3307
ENSG00000147180.17	ZNF711	protein_coding	4	1	3	0.0673	0.0197	0.0190
ENSG00000147183.10	CPXCR1	protein_coding	1	1	0	0.0521	0.0153	0.0147
ENSG00000147202.18	DIAPH2	protein_coding	1389	728	736	12.3513	3.6179	3.4837
ENSG00000147206.17	NXF3	protein_coding	4	3	1	0.0958	0.0281	0.0270
ENSG00000147223.6	RIPPLY1	protein_coding	0	2	0	0.0000	0.0000	0.0000
ENSG00000147224.13	PRPS1	protein_coding	2313	1172	1142	57.9413	16.9719	16.3427
ENSG00000147231.14	RADX	protein_coding	573	302	271	10.0329	2.9388	2.8298
ENSG00000147234.10	FRMPD3	protein_coding	8	4	4	0.0742	0.0217	0.0209
ENSG00000147246.10	HTR2C	protein_coding	1	1	0	0.0175	0.0051	0.0049
ENSG00000147251.15	DOCK11	protein_coding	812	386	426	10.2597	3.0052	2.8938
ENSG00000147255.19	IGSF1	protein_coding	2	1	1	0.0224	0.0066	0.0063
ENSG00000147256.12	ARHGAP36	protein_coding	0	0	0	0.0000	0.0000	0.0000
ENSG00000147257.15	GPC3	protein_coding	73	31	42	2.1600	0.6327	0.6092
ENSG00000147262.4	GPR119	protein_coding	0	0	0	0.0000	0.0000	0.0000
ENSG00000147274.14	RBMX	protein_coding	4852	2431	2435	70.0500	20.5187	19.7580
ENSG00000147316.13	MCPH1	protein_coding	769	453	418	6.6807	1.9569	1.8843
ENSG00000147324.11	MFHAS1	protein_coding	1879	936	943	23.2332	6.8054	6.5531
ENSG00000147364.17	FBXO25	protein_coding	890	522	538	6.6077	1.9355	1.8637
ENSG00000147378.11	FATE1	protein_coding	8	7	1	0.6337	0.1856	0.1787
ENSG00000147381.11	MAGEA4	protein_coding	6	1	5	0.1654	0.0484	0.0466
ENSG00000147383.11	NSDHL	protein_coding	1603	801	802	68.2001	19.9769	19.2362
ENSG00000147394.18	ZNF185	protein_coding	126	61	65	2.2236	0.6513	0.6272
ENSG00000147400.10	CETN2	protein_coding	2094	1038	1056	94.2360	27.6032	26.5798
ENSG00000147403.18	RPL10	protein_coding	29952	20628	20275	552.7026	161.8952	155.8930
ENSG00000147408.14	CSGALNACT1	protein_coding	4935	2507	2430	63.6903	18.6559	17.9642
ENSG00000147416.11	ATP6V1B2	protein_coding	33564	16607	16958	365.5598	107.0782	103.1083
ENSG00000147419.19	CCDC25	protein_coding	3098	1742	1741	59.6561	17.4742	16.8264
ENSG00000147421.18	HMBOX1	protein_coding	448	234	214	5.7356	1.6801	1.6178
ENSG00000147432.7	CHRNB3	protein_coding	0	0	0	0.0000	0.0000	0.0000
ENSG00000147434.9	CHRNA6	protein_coding	1351	671	680	44.1940	12.9451	12.4652
ENSG00000147437.10	GNRH1	protein_coding	18	5	13	0.8665	0.2538	0.2444
ENSG00000147439.13	BIN3	protein_coding	1573	1778	1760	26.2952	7.7023	7.4167
ENSG00000147443.13	DOK2	protein_coding	412	196	216	17.1422	5.0212	4.8351
ENSG00000147454.14	SLC25A37	protein_coding	1478	726	752	15.6969	4.5979	4.4274
ENSG00000147457.14	CHMP7	protein_coding	5189	2651	2538	93.7957	27.4742	26.4556
ENSG00000147459.18	DOCK5	protein_coding	2038	1003	1035	10.8242	3.1706	3.0530
ENSG00000147465.12	STAR	protein_coding	8	9	11	0.1529	0.0448	0.0431
ENSG00000147471.12	PLPBP	protein_coding	5489	2663	2826	136.0164	39.8413	38.3642
ENSG00000147475.17	ERLIN2	protein_coding	5769	2909	2984	56.0790	16.4264	15.8174
ENSG00000147481.17	SNTG1	protein_coding	216	101	115	1.7305	0.5069	0.4881
ENSG00000147485.13	PXDNL	protein_coding	14	9	8	0.2269	0.0665	0.0640
ENSG00000147488.11	ST18	protein_coding	6	5	1	0.0354	0.0104	0.0100
ENSG00000147509.14	RGS20	protein_coding	1010	544	466	26.7612	7.8388	7.5482
ENSG00000147526.20	TACC1	protein_coding	34262	17130	17142	231.3385	67.7627	65.2504
ENSG00000147533.17	GOLGA7	protein_coding	579	1254	1288	19.8743	5.8215	5.6057
ENSG00000147535.17	PLPP5	protein_coding	2023	991	1032	41.8806	12.2675	11.8127
ENSG00000147536.12	GINS4	protein_coding	363	350	301	5.6593	1.6577	1.5962
ENSG00000147548.17	NSD3	protein_coding	3388	1863	1972	18.8724	5.5280	5.3231
ENSG00000147570.10	DNAJC5B	protein_coding	67	30	37	1.5533	0.4550	0.4381
ENSG00000147571.5	CRH	protein_coding	0	0	0	0.0000	0.0000	0.0000
ENSG00000147573.17	TRIM55	protein_coding	1	0	1	0.0276	0.0081	0.0078
ENSG00000147576.17	ADHFE1	protein_coding	128	67	61	3.2178	0.9426	0.9076
ENSG00000147586.10	MRPS28	protein_coding	141	72	69	6.5899	1.9303	1.8587
ENSG00000147588.7	PMP2	protein_coding	9643	4762	4881	232.3745	68.0661	65.5426
ENSG00000147592.9	LACTB2	protein_coding	549	460	492	24.1311	7.0684	6.8063
ENSG00000147596.4	PRDM14	protein_coding	0	0	0	0.0000	0.0000	0.0000
ENSG00000147601.15	TERF1	protein_coding	2152	1071	1081	11.6356	3.4083	3.2819
ENSG00000147604.14	RPL7	protein_coding	19103	9594	9509	600.8279	175.9919	169.4670
ENSG00000147606.9	SLC26A7	protein_coding	10	5	5	0.1357	0.0398	0.0383
ENSG00000147613.8	PSKH2	protein_coding	0	0	0	0.0000	0.0000	0.0000
ENSG00000147614.4	ATP6V0D2	protein_coding	51	37	47	1.4731	0.4315	0.4155
ENSG00000147642.17	SYBU	protein_coding	26	12	14	0.3141	0.0920	0.0886
ENSG00000147647.13	DPYS	protein_coding	36	21	15	0.8018	0.2349	0.2261
ENSG00000147649.10	MTDH	protein_coding	14231	7231	7002	153.4412	44.9453	43.2790
ENSG00000147650.11	LRP12	protein_coding	10713	5428	5285	93.0503	27.2559	26.2454
ENSG00000147654.15	EBAG9	protein_coding	890	451	439	20.5322	6.0142	5.7912
ENSG00000147655.12	RSPO2	protein_coding	3	0	3	0.0585	0.0171	0.0165
ENSG00000147669.11	POLR2K	protein_coding	2577	1282	1295	130.8069	38.3154	36.8949
ENSG00000147676.14	MAL2	protein_coding	1	2	0	0.0247	0.0072	0.0070
ENSG00000147677.11	EIF3H	protein_coding	8288	4174	4246	109.3908	32.0423	30.8543
ENSG00000147679.12	UTP23	protein_coding	1345	1165	1172	21.7807	6.3799	6.1434
ENSG00000147684.10	NDUFB9	protein_coding	3269	2692	2784	16.7323	4.9011	4.7194
ENSG00000147687.19	TATDN1	protein_coding	667	1241	1192	11.8547	3.4724	3.3437
ENSG00000147689.16	FAM83A	protein_coding	1	3	0	0.0134	0.0039	0.0038
ENSG00000147697.9	GSDMC	protein_coding	13	7	6	0.4135	0.1211	0.1166
ENSG00000147724.12	FAM135B	protein_coding	4	3	1	0.0242	0.0071	0.0068
ENSG00000147753.9	TTTY7	lncRNA	0	0	0	0.0000	0.0000	0.0000
ENSG00000147761.8	TTTY7B	lncRNA	0	0	0	0.0000	0.0000	0.0000
ENSG00000147789.15	ZNF7	protein_coding	579	388	402	4.7755	1.3988	1.3470
ENSG00000147799.11	ARHGAP39	protein_coding	734	383	351	12.7520	3.7353	3.5968
ENSG00000147804.10	SLC39A4	protein_coding	849	404	453	14.4716	4.2390	4.0818
ENSG00000147813.16	NAPRT	protein_coding	754	1007	923	22.5696	6.6110	6.3659
ENSG00000147852.16	VLDLR	protein_coding	959	785	791	8.6738	2.5407	2.4465
ENSG00000147853.17	AK3	protein_coding	1524	748	776	29.4468	8.6254	8.3056
ENSG00000147854.17	UHRF2	protein_coding	891	435	456	7.6282	2.2344	2.1516
ENSG00000147862.17	NFIB	protein_coding	1511	775	736	10.0521	2.9444	2.8352
ENSG00000147869.5	CER1	protein_coding	0	0	0	0.0000	0.0000	0.0000
ENSG00000147872.10	PLIN2	protein_coding	3046	1509	1537	51.6200	15.1203	14.5597
ENSG00000147873.5	IFNA5	protein_coding	0	0	0	0.0000	0.0000	0.0000
ENSG00000147874.11	HAUS6	protein_coding	713	351	362	7.8441	2.2976	2.2125
ENSG00000147883.12	CDKN2B	protein_coding	2764	1362	1402	58.6800	17.1883	16.5510
ENSG00000147885.4	IFNA16	protein_coding	0	0	0	0.0000	0.0000	0.0000
ENSG00000147889.18	CDKN2A	protein_coding	620	447	410	13.5523	3.9697	3.8225
ENSG00000147894.17	C9orf72	protein_coding	253	116	139	3.0627	0.8971	0.8639
ENSG00000147896.3	IFNK	protein_coding	0	0	0	0.0000	0.0000	0.0000
ENSG00000147905.18	ZCCHC7	protein_coding	468	236	232	10.0437	2.9419	2.8329
ENSG00000147912.13	FBXO10	protein_coding	202	106	96	2.8457	0.8336	0.8026
ENSG00000147955.17	SIGMAR1	protein_coding	2364	1197	1168	91.4171	26.7775	25.7847
ENSG00000147996.16	CBWD5	protein_coding	58	27	35	0.3876	0.1135	0.1093
ENSG00000148019.14	CEP78	protein_coding	505	275	230	2.9874	0.8751	0.8426
ENSG00000148053.17	NTRK2	protein_coding	116	59	57	0.4841	0.1418	0.1366
ENSG00000148057.16	IDNK	protein_coding	175	82	93	8.1924	2.3997	2.3107
ENSG00000148082.10	SHC3	protein_coding	12	6	7	0.1021	0.0299	0.0288
ENSG00000148090.12	AUH	protein_coding	301	139	162	11.2952	3.3085	3.1859
ENSG00000148110.16	MFSD14B	protein_coding	4050	2067	1983	83.7827	24.5413	23.6314
ENSG00000148120.17	AOPEP	protein_coding	507	264	248	3.9939	1.1699	1.1265
ENSG00000148123.15	PLPPR1	protein_coding	15	5	10	0.3489	0.1022	0.0984
ENSG00000148136.5	OR13C4	protein_coding	0	0	0	0.0000	0.0000	0.0000
ENSG00000148143.13	ZNF462	protein_coding	1422	748	674	9.9062	2.9017	2.7941
ENSG00000148153.14	INIP	protein_coding	867	444	423	16.9802	4.9738	4.7894
ENSG00000148154.10	UGCG	protein_coding	2971	1515	1456	55.2438	16.1818	15.5819
ENSG00000148156.8	ACTL7B	protein_coding	0	0	0	0.0000	0.0000	0.0000
ENSG00000148158.17	SNX30	protein_coding	2191	1089	1106	15.9627	4.6757	4.5024
ENSG00000148175.13	STOM	protein_coding	15130	7704	7426	401.6400	117.6467	113.2849
ENSG00000148180.21	GSN	protein_coding	31783	16885	16825	244.9652	71.7541	69.0939
ENSG00000148187.18	MRRF	protein_coding	956	491	539	7.3570	2.1550	2.0751
ENSG00000148200.17	NR6A1	protein_coding	87	36	51	1.0369	0.3037	0.2925
ENSG00000148204.12	CRB2	protein_coding	16	88	88	0.2140	0.0627	0.0604
ENSG00000148215.4	OR5C1	protein_coding	0	0	0	0.0000	0.0000	0.0000
ENSG00000148218.16	ALAD	protein_coding	1700	834	867	29.1941	8.5514	8.2344
ENSG00000148219.17	ASTN2	protein_coding	276	155	121	2.8273	0.8282	0.7974
ENSG00000148225.16	WDR31	protein_coding	216	109	107	3.7184	1.0892	1.0488
ENSG00000148229.13	POLE3	protein_coding	1544	853	835	50.2943	14.7320	14.1858
ENSG00000148248.14	SURF4	protein_coding	13517	6694	6824	333.1987	97.5991	93.9807
ENSG00000148288.13	GBGT1	protein_coding	85	50	36	1.7956	0.5260	0.5065
ENSG00000148290.10	SURF1	protein_coding	934	509	498	45.1170	13.2155	12.7255
ENSG00000148291.10	SURF2	protein_coding	432	249	256	36.7224	10.7566	10.3578
ENSG00000148296.7	SURF6	protein_coding	964	479	486	18.5463	5.4325	5.2311
ENSG00000148297.16	MED22	protein_coding	1155	579	582	13.5568	3.9710	3.8238
ENSG00000148300.12	REXO4	protein_coding	991	493	506	31.7092	9.2881	8.9438
ENSG00000148303.17	RPL7A	protein_coding	17693	8767	8927	671.3572	196.6511	189.3602
ENSG00000148308.18	GTF3C5	protein_coding	1094	541	553	25.8639	7.5759	7.2951
ENSG00000148331.12	ASB6	protein_coding	612	560	590	11.2443	3.2936	3.1715
ENSG00000148334.16	PTGES2	protein_coding	1066	523	548	14.8792	4.3584	4.1968
ENSG00000148335.15	NTMT1	protein_coding	337	432	382	9.4356	2.7638	2.6614
ENSG00000148337.21	CIZ1	protein_coding	3127	1514	1666	30.5577	8.9508	8.6190
ENSG00000148339.12	SLC25A25	protein_coding	581	372	356	9.9957	2.9279	2.8193
ENSG00000148341.18	SH3GLB2	protein_coding	999	529	486	12.3992	3.6319	3.4973
ENSG00000148343.18	MIGA2	protein_coding	351	179	172	4.7298	1.3854	1.3341
ENSG00000148344.11	PTGES	protein_coding	83	50	33	3.7273	1.0918	1.0513
ENSG00000148346.12	LCN2	protein_coding	0	1	0	0.0000	0.0000	0.0000
ENSG00000148356.14	LRSAM1	protein_coding	918	461	458	7.9008	2.3143	2.2285
ENSG00000148357.16	HMCN2	protein_coding	75	31	45	0.3128	0.0916	0.0882
ENSG00000148358.20	GPR107	protein_coding	5170	2546	2624	48.0401	14.0717	13.5500
ENSG00000148362.11	PAXX	protein_coding	689	376	313	42.9275	12.5741	12.1080
ENSG00000148377.6	IDI2	protein_coding	1	239	260	0.0626	0.0183	0.0177
ENSG00000148384.14	INPP5E	protein_coding	394	199	195	4.8866	1.4314	1.3783
ENSG00000148386.9	LCN9	protein_coding	0	0	0	0.0000	0.0000	0.0000
ENSG00000148396.18	SEC16A	protein_coding	3089	1543	1551	26.2977	7.7030	7.4174
ENSG00000148399.13	DPH7	protein_coding	275	126	149	4.7418	1.3889	1.3374
ENSG00000148400.12	NOTCH1	protein_coding	2162	1079	1083	17.2571	5.0549	4.8675
ENSG00000148408.13	CACNA1B	protein_coding	1	1	1	0.0086	0.0025	0.0024
ENSG00000148411.8	NACC2	protein_coding	2035	1036	1000	23.9486	7.0149	6.7548
ENSG00000148426.13	PROSER2	protein_coding	100	54	62	2.3183	0.6791	0.6539
ENSG00000148429.14	USP6NL	protein_coding	2985	1476	1536	17.8487	5.2282	5.0343
ENSG00000148444.16	COMMD3	protein_coding	260	130	130	7.6057	2.2278	2.1452
ENSG00000148450.13	MSRB2	protein_coding	1001	487	514	42.9537	12.5818	12.1153
ENSG00000148459.16	PDSS1	protein_coding	178	118	101	7.9016	2.3145	2.2287
ENSG00000148468.17	FAM171A1	protein_coding	242	105	137	4.9141	1.4394	1.3860
ENSG00000148481.14	MINDY3	protein_coding	559	280	279	11.6321	3.4072	3.2809
ENSG00000148482.12	SLC39A12	protein_coding	0	0	0	0.0000	0.0000	0.0000
ENSG00000148483.9	TMEM236	protein_coding	10	1	9	0.1540	0.0451	0.0434
ENSG00000148484.18	RSU1	protein_coding	3685	1810	1875	75.8439	22.2159	21.3922
ENSG00000148488.17	ST8SIA6	protein_coding	1681	843	845	20.2111	5.9202	5.7007
ENSG00000148498.16	PARD3	protein_coding	2331	1155	1176	30.3930	8.9026	8.5725
ENSG00000148513.18	ANKRD30A	protein_coding	0	0	0	0.0000	0.0000	0.0000
ENSG00000148516.22	ZEB1	protein_coding	997	506	503	9.7879	2.8670	2.7607
ENSG00000148541.13	FAM13C	protein_coding	56	49	49	0.7043	0.2063	0.1987
ENSG00000148572.16	NRBF2	protein_coding	1510	765	745	67.4539	19.7583	19.0258
ENSG00000148584.15	A1CF	protein_coding	0	0	0	0.0000	0.0000	0.0000
ENSG00000148600.15	CDHR1	protein_coding	6	4	2	0.0659	0.0193	0.0186
ENSG00000148602.6	LRIT1	protein_coding	0	0	0	0.0000	0.0000	0.0000
ENSG00000148604.15	RGR	protein_coding	67	27	40	1.1513	0.3372	0.3247
ENSG00000148606.13	POLR3A	protein_coding	2179	1020	1160	20.8216	6.0990	5.8729
ENSG00000148634.16	HERC4	protein_coding	2333	1190	1143	12.5392	3.6729	3.5368
ENSG00000148655.15	LRMDA	protein_coding	944	485	462	12.5454	3.6747	3.5385
ENSG00000148660.20	CAMK2G	protein_coding	979	584	541	12.2621	3.5918	3.4586
ENSG00000148671.14	ADIRF	protein_coding	0	33	28	0.0000	0.0000	0.0000
ENSG00000148672.9	GLUD1	protein_coding	5875	3062	3181	131.9861	38.6608	37.2275
ENSG00000148677.7	ANKRD1	protein_coding	5	4	1	0.2372	0.0695	0.0669
ENSG00000148680.16	HTR7	protein_coding	7	4	3	0.1712	0.0502	0.0483
ENSG00000148688.14	RPP30	protein_coding	1242	636	606	23.8731	6.9928	6.7335
ENSG00000148690.12	FRA10AC1	protein_coding	928	463	465	9.6553	2.8282	2.7233
ENSG00000148700.15	ADD3	protein_coding	6002	3071	3047	77.9466	22.8318	21.9853
ENSG00000148702.15	HABP2	protein_coding	0	11	7	0.0000	0.0000	0.0000
ENSG00000148704.13	VAX1	protein_coding	0	0	0	0.0000	0.0000	0.0000
ENSG00000148719.15	DNAJB12	protein_coding	3885	1957	1928	59.2521	17.3559	16.7124
ENSG00000148730.7	EIF4EBP2	protein_coding	4933	2479	2454	55.9221	16.3805	15.7732
ENSG00000148734.8	NPFFR1	protein_coding	25	14	11	0.2295	0.0672	0.0647
ENSG00000148735.15	PLEKHS1	protein_coding	559	273	286	8.4860	2.4857	2.3935
ENSG00000148737.17	TCF7L2	protein_coding	1030	513	589	12.9794	3.8019	3.6609
ENSG00000148773.14	MKI67	protein_coding	2641	1333	1308	17.4601	5.1143	4.9247
ENSG00000148795.7	CYP17A1	protein_coding	1	6	1	0.0251	0.0074	0.0071
ENSG00000148798.11	INA	protein_coding	4	3	1	0.1045	0.0306	0.0295
ENSG00000148803.12	FUOM	protein_coding	244	127	117	16.3154	4.7790	4.6019
ENSG00000148814.18	LRRC27	protein_coding	210	99	112	1.5507	0.4542	0.4374
ENSG00000148824.19	MTG1	protein_coding	34	48	42	0.5440	0.1593	0.1534
ENSG00000148826.9	NKX6-2	protein_coding	0	110	110	0.0000	0.0000	0.0000
ENSG00000148832.16	PAOX	protein_coding	5	3	2	0.1887	0.0553	0.0532
ENSG00000148834.13	GSTO1	protein_coding	17805	8924	8881	894.1505	261.9107	252.2004
ENSG00000148835.11	TAF5	protein_coding	164	146	129	4.2734	1.2517	1.2053
ENSG00000148840.11	PPRC1	protein_coding	3771	1866	1905	52.5234	15.3849	14.8145
ENSG00000148841.17	ITPRIP	protein_coding	481	273	280	5.5985	1.6399	1.5791
ENSG00000148842.18	CNNM2	protein_coding	1524	1326	1363	7.9281	2.3223	2.2362
ENSG00000148843.15	PDCD11	protein_coding	5038	2516	2522	55.7650	16.3344	15.7289
ENSG00000148848.14	ADAM12	protein_coding	1419	702	717	12.2213	3.5798	3.4471
ENSG00000148908.15	RGS10	protein_coding	2444	1197	1248	162.9086	47.7185	45.9493
ENSG00000148925.11	BTBD10	protein_coding	1130	580	550	27.5115	8.0585	7.7598
ENSG00000148926.10	ADM	protein_coding	295	139	156	10.7749	3.1561	3.0391
ENSG00000148935.11	GAS2	protein_coding	12	36	35	0.2397	0.0702	0.0676
ENSG00000148942.15	SLC5A12	protein_coding	0	0	0	0.0000	0.0000	0.0000
ENSG00000148943.12	LIN7C	protein_coding	735	355	380	12.8907	3.7759	3.6359
ENSG00000148948.8	LRRC4C	protein_coding	35	18	17	0.5549	0.1625	0.1565
ENSG00000148950.11	IMMP1L	protein_coding	134	186	184	2.9170	0.8544	0.8228
ENSG00000148965.10	SAA4	protein_coding	0	0	0	0.0000	0.0000	0.0000
ENSG00000148985.20	PGAP2	protein_coding	572	276	296	13.1247	3.8444	3.7019
ENSG00000149016.16	TUT1	protein_coding	567	299	268	13.5940	3.9819	3.8343
ENSG00000149021.7	SCGB1A1	protein_coding	0	0	0	0.0000	0.0000	0.0000
ENSG00000149043.16	SYT8	protein_coding	0	0	0	0.0000	0.0000	0.0000
ENSG00000149050.10	ZNF214	protein_coding	9	7	5	0.1481	0.0434	0.0418
ENSG00000149054.16	ZNF215	protein_coding	18	10	12	0.2561	0.0750	0.0722
ENSG00000149084.13	HSD17B12	protein_coding	3586	3031	3110	39.4667	11.5604	11.1318
ENSG00000149089.13	APIP	protein_coding	542	376	352	8.8225	2.5842	2.4884
ENSG00000149090.12	PAMR1	protein_coding	36	17	19	0.7914	0.2318	0.2232
ENSG00000149091.15	DGKZ	protein_coding	3150	1644	1508	24.7983	7.2638	6.9945
ENSG00000149100.13	EIF3M	protein_coding	4250	2708	2704	48.5750	14.2284	13.7009
ENSG00000149115.14	TNKS1BP1	protein_coding	9131	4614	4518	108.4639	31.7708	30.5929
ENSG00000149124.11	GLYAT	protein_coding	30	15	15	0.8179	0.2396	0.2307
ENSG00000149131.17	SERPING1	protein_coding	11649	5865	5784	136.8052	40.0724	38.5867
ENSG00000149133.1	OR5F1	protein_coding	0	0	0	0.0000	0.0000	0.0000
ENSG00000149136.9	SSRP1	protein_coding	5888	3449	3529	78.9035	23.1121	22.2552
ENSG00000149150.9	SLC43A1	protein_coding	159	79	80	3.8294	1.1217	1.0801
ENSG00000149177.13	PTPRJ	protein_coding	5703	2932	2771	50.3432	14.7463	14.1996
ENSG00000149179.14	C11orf49	protein_coding	2618	1372	1376	33.2171	9.7298	9.3691
ENSG00000149182.15	ARFGAP2	protein_coding	3360	1774	1716	48.2144	14.1227	13.5991
ENSG00000149187.18	CELF1	protein_coding	2983	1495	1491	24.2363	7.0992	6.8360
ENSG00000149196.16	HIKESHI	protein_coding	610	298	312	15.0893	4.4199	4.2560
ENSG00000149201.10	CCDC81	protein_coding	4	1	3	0.0748	0.0219	0.0211
ENSG00000149212.12	SESN3	protein_coding	3644	1865	1784	29.2541	8.5690	8.2513
ENSG00000149218.5	ENDOD1	protein_coding	6022	2999	3023	109.9529	32.2069	31.0129
ENSG00000149231.15	CCDC82	protein_coding	883	417	466	4.3311	1.2687	1.2216
ENSG00000149243.16	KLHL35	protein_coding	90	42	49	1.4689	0.4303	0.4143
ENSG00000149256.16	TENM4	protein_coding	1453	740	714	7.5173	2.2019	2.1203
ENSG00000149257.16	SERPINH1	protein_coding	7424	3668	3756	100.3740	29.4011	28.3111
ENSG00000149260.18	CAPN5	protein_coding	1877	945	932	25.9729	7.6079	7.3258
ENSG00000149262.17	INTS4	protein_coding	829	423	416	11.6036	3.3989	3.2729
ENSG00000149269.10	PAK1	protein_coding	1965	1017	1016	27.7144	8.1180	7.8170
ENSG00000149273.15	RPS3	protein_coding	24135	12064	12073	349.8131	102.4657	98.6668
ENSG00000149289.11	ZC3H12C	protein_coding	914	466	448	8.0117	2.3468	2.2597
ENSG00000149292.17	TTC12	protein_coding	131	69	62	2.1202	0.6210	0.5980
ENSG00000149294.17	NCAM1	protein_coding	17	8	13	0.1133	0.0332	0.0320
ENSG00000149295.14	DRD2	protein_coding	1	0	1	0.0206	0.0060	0.0058
ENSG00000149300.10	C11orf52	protein_coding	0	0	0	0.0000	0.0000	0.0000
ENSG00000149305.7	HTR3B	protein_coding	0	0	0	0.0000	0.0000	0.0000
ENSG00000149308.17	NPAT	protein_coding	798	409	389	8.9995	2.6361	2.5384
ENSG00000149311.19	ATM	protein_coding	4064	2097	2085	14.5650	4.2663	4.1081
ENSG00000149313.11	AASDHPPT	protein_coding	1457	877	881	20.6112	6.0373	5.8135
ENSG00000149328.15	GLB1L2	protein_coding	6	4	2	0.0700	0.0205	0.0197
ENSG00000149346.15	SLX4IP	protein_coding	583	300	283	7.6332	2.2359	2.1530
ENSG00000149357.10	LAMTOR1	protein_coding	4819	2406	2415	152.2439	44.5946	42.9413
ENSG00000149380.12	P4HA3	protein_coding	172	291	269	3.6607	1.0723	1.0325
ENSG00000149403.13	GRIK4	protein_coding	1	0	1	0.0114	0.0033	0.0032
ENSG00000149418.11	ST14	protein_coding	198	98	100	4.0851	1.1966	1.1522
ENSG00000149428.19	HYOU1	protein_coding	19115	12521	12192	210.1844	61.5663	59.2838
ENSG00000149435.12	GGTLC1	protein_coding	0	0	0	0.0000	0.0000	0.0000
ENSG00000149443.7	SCP2D1-AS1	lncRNA	0	0	0	0.0000	0.0000	0.0000
ENSG00000149451.18	ADAM33	protein_coding	53	30	23	0.7715	0.2260	0.2176
ENSG00000149452.16	SLC22A8	protein_coding	0	0	0	0.0000	0.0000	0.0000
ENSG00000149474.14	KAT14	protein_coding	1154	588	567	19.5293	5.7204	5.5084
ENSG00000149476.16	TKFC	protein_coding	2216	1934	1915	23.1582	6.7834	6.5319
ENSG00000149480.7	MTA2	protein_coding	4293	2161	2134	85.5582	25.0613	24.1322
ENSG00000149483.12	TMEM138	protein_coding	2227	1076	1159	31.4934	9.2249	8.8829
ENSG00000149485.19	FADS1	protein_coding	3158	1656	1664	26.2201	7.6803	7.3955
ENSG00000149488.13	TMC2	protein_coding	5	2	3	0.0820	0.0240	0.0231
ENSG00000149489.9	ROM1	protein_coding	55	60	41	2.3625	0.6920	0.6664
ENSG00000149499.12	EML3	protein_coding	2118	1203	1126	32.7021	9.5790	9.2238
ENSG00000149503.13	INCENP	protein_coding	2308	1110	1200	44.0046	12.8896	12.4117
ENSG00000149506.11	ZP1	protein_coding	3	1	2	0.1046	0.0306	0.0295
ENSG00000149507.7	OOSP2	protein_coding	0	0	0	0.0000	0.0000	0.0000
ENSG00000149516.14	MS4A3	protein_coding	0	0	0	0.0000	0.0000	0.0000
ENSG00000149527.18	PLCH2	protein_coding	51	25	27	0.4007	0.1174	0.1130
ENSG00000149531.15	FRG1BP	unprocessed_pseudogene	384	177	208	42.8508	12.5517	12.0863
ENSG00000149532.16	CPSF7	protein_coding	2451	1333	1212	34.4831	10.1006	9.7262
ENSG00000149534.9	MS4A2	protein_coding	16	10	6	0.3051	0.0894	0.0860
ENSG00000149541.10	B3GAT3	protein_coding	2852	1457	1396	100.6203	29.4733	28.3806
ENSG00000149547.15	EI24	protein_coding	3209	1576	1634	78.0606	22.8652	22.0175
ENSG00000149548.15	CCDC15	protein_coding	105	55	50	1.8488	0.5415	0.5215
ENSG00000149554.13	CHEK1	protein_coding	743	345	398	12.3766	3.6253	3.4909
ENSG00000149557.14	FEZ1	protein_coding	509	243	284	4.6358	1.3579	1.3076
ENSG00000149564.12	ESAM	protein_coding	465	241	224	13.5233	3.9612	3.8143
ENSG00000149571.12	KIRREL3	protein_coding	42	26	24	0.5408	0.1584	0.1525
ENSG00000149573.9	MPZL2	protein_coding	166	82	84	2.9740	0.8711	0.8388
ENSG00000149575.9	SCN2B	protein_coding	9	3	6	0.1428	0.0418	0.0403
ENSG00000149577.16	SIDT2	protein_coding	1633	852	782	15.3097	4.4844	4.3182
ENSG00000149582.16	TMEM25	protein_coding	34	14	21	0.5222	0.1530	0.1473
ENSG00000149591.17	TAGLN	protein_coding	1485	1385	1392	19.2530	5.6395	5.4304
ENSG00000149596.7	JPH2	protein_coding	3	2	1	0.0239	0.0070	0.0067
ENSG00000149599.15	DUSP15	protein_coding	29	15	14	0.6496	0.1903	0.1832
ENSG00000149600.12	COMMD7	protein_coding	931	435	496	38.6417	11.3188	10.8991
ENSG00000149609.6	C20orf144	protein_coding	17	13	14	0.6018	0.1763	0.1697
ENSG00000149633.12	KIAA1755	protein_coding	3216	1624	1593	33.8503	9.9153	9.5477
ENSG00000149634.4	SPATA25	protein_coding	4	3	1	0.4487	0.1314	0.1266
ENSG00000149635.3	OCSTAMP	protein_coding	7	2	5	0.2800	0.0820	0.0790
ENSG00000149636.16	DSN1	protein_coding	916	470	446	28.3998	8.3188	8.0103
ENSG00000149639.15	SOGA1	protein_coding	4440	2231	2211	25.1784	7.3752	7.1017
ENSG00000149646.12	CNBD2	protein_coding	6	30	23	0.1018	0.0298	0.0287
ENSG00000149651.4	SPINT4	protein_coding	0	0	0	0.0000	0.0000	0.0000
ENSG00000149654.11	CDH22	protein_coding	0	1	2	0.0000	0.0000	0.0000
ENSG00000149656.8	LINC00266-1	lncRNA	0	0	0	0.0000	0.0000	0.0000
ENSG00000149657.20	LSM14B	protein_coding	2123	1081	1042	53.3865	15.6377	15.0580
ENSG00000149658.18	YTHDF1	protein_coding	2434	1208	1226	64.4717	18.8848	18.1846
ENSG00000149679.11	CABLES2	protein_coding	819	410	409	18.3751	5.3824	5.1828
ENSG00000149716.13	LTO1	protein_coding	317	2496	2576	3.4197	1.0017	0.9645
ENSG00000149735.7	GPHA2	protein_coding	0	2	0	0.0000	0.0000	0.0000
ENSG00000149742.10	SLC22A9	protein_coding	0	0	0	0.0000	0.0000	0.0000
ENSG00000149743.14	TRPT1	protein_coding	769	620	573	29.5492	8.6554	8.3345
ENSG00000149761.9	NUDT22	protein_coding	787	750	812	17.9609	5.2610	5.0660
ENSG00000149781.13	FERMT3	protein_coding	7600	3967	3925	210.1581	61.5586	59.2763
ENSG00000149782.13	PLCB3	protein_coding	2548	1310	1239	43.6509	12.7860	12.3120
ENSG00000149792.9	MRPL49	protein_coding	2421	1482	1431	66.7508	19.5523	18.8274
ENSG00000149798.5	CDC42EP2	protein_coding	0	0	0	0.0000	0.0000	0.0000
ENSG00000149806.11	FAU	protein_coding	5514	2769	2746	302.4879	88.6035	85.3185
ENSG00000149809.16	TM7SF2	protein_coding	285	134	154	7.0520	2.0656	1.9890
ENSG00000149823.9	VPS51	protein_coding	1618	1174	1266	28.1560	8.2473	7.9416
ENSG00000149922.11	TBX6	protein_coding	62	33	29	1.6588	0.4859	0.4679
ENSG00000149923.14	PPP4C	protein_coding	3003	1482	1521	93.3100	27.3319	26.3186
ENSG00000149925.22	ALDOA	protein_coding	150	92	62	3.3267	0.9745	0.9383
ENSG00000149926.13	TLCD3B	protein_coding	5	1	4	0.0863	0.0253	0.0243
ENSG00000149927.18	DOC2A	protein_coding	3	302	305	0.0400	0.0117	0.0113
ENSG00000149929.16	HIRIP3	protein_coding	1056	536	554	25.1899	7.3785	7.1050
ENSG00000149930.18	TAOK2	protein_coding	4482	2243	2242	43.0997	12.6246	12.1565
ENSG00000149932.17	TMEM219	protein_coding	3646	1866	1782	130.2566	38.1542	36.7396
ENSG00000149948.14	HMGA2	protein_coding	136	78	60	0.7664	0.2245	0.2162
ENSG00000149968.12	MMP3	protein_coding	23	8	15	1.0535	0.3086	0.2971
ENSG00000149970.16	CNKSR2	protein_coding	145	66	79	0.3864	0.1132	0.1090
ENSG00000149972.11	CNTN5	protein_coding	2	0	2	0.0186	0.0055	0.0053
ENSG00000150045.12	KLRF1	protein_coding	51	28	23	3.4373	1.0068	0.9695
ENSG00000150048.10	CLEC1A	protein_coding	51	29	22	1.3667	0.4003	0.3855
ENSG00000150051.14	MKX	protein_coding	5	1	4	0.1034	0.0303	0.0292
ENSG00000150054.18	MPP7	protein_coding	31	15	16	0.4269	0.1250	0.1204
ENSG00000150093.20	ITGB1	protein_coding	17955	9084	8875	104.7144	30.6725	29.5353
ENSG00000150175.13	FRMPD2B	unprocessed_pseudogene	0	0	0	0.0000	0.0000	0.0000
ENSG00000150201.15	FXYD4	protein_coding	0	0	0	0.0000	0.0000	0.0000
ENSG00000150244.12	TRIM48	protein_coding	180	85	95	10.4197	3.0521	2.9389
ENSG00000150261.4	OR8K1	protein_coding	0	0	0	0.0000	0.0000	0.0000
ENSG00000150269.1	OR5M9	protein_coding	0	0	0	0.0000	0.0000	0.0000
ENSG00000150275.19	PCDH15	protein_coding	0	0	0	0.0000	0.0000	0.0000
ENSG00000150276.8	PPIAP26	processed_pseudogene	1	0	1	0.1627	0.0477	0.0459
ENSG00000150281.7	CTF1	protein_coding	124	67	57	6.4052	1.8762	1.8066
ENSG00000150316.12	CWC15	protein_coding	1161	579	582	36.0617	10.5630	10.1714
ENSG00000150337.13	FCGR1A	protein_coding	114	78	54	3.2291	0.9459	0.9108
ENSG00000150347.16	ARID5B	protein_coding	2338	1194	1144	22.6648	6.6389	6.3928
ENSG00000150361.12	KLHL1	protein_coding	1	0	1	0.0205	0.0060	0.0058
ENSG00000150394.14	CDH8	protein_coding	0	0	0	0.0000	0.0000	0.0000
ENSG00000150401.15	DCUN1D2	protein_coding	76	34	42	1.4854	0.4351	0.4190
ENSG00000150403.18	TMCO3	protein_coding	1068	538	530	8.7366	2.5591	2.4642
ENSG00000150433.9	TMEM218	protein_coding	295	153	142	4.6186	1.3529	1.3027
ENSG00000150455.13	TIRAP	protein_coding	116	115	97	2.7432	0.8035	0.7737
ENSG00000150456.11	EEF1AKMT1	protein_coding	144	70	74	9.1122	2.6691	2.5701
ENSG00000150457.9	LATS2	protein_coding	1420	717	704	21.4835	6.2929	6.0596
ENSG00000150459.12	SAP18	protein_coding	2440	1241	1199	61.0147	17.8722	17.2096
ENSG00000150471.16	ADGRL3	protein_coding	70	35	38	0.4249	0.1245	0.1198
ENSG00000150477.15	KIAA1328	protein_coding	105	44	66	0.8006	0.2345	0.2258
ENSG00000150510.17	FAM124A	protein_coding	231	116	115	2.9279	0.8576	0.8258
ENSG00000150527.17	MIA2	protein_coding	1169	598	633	9.4195	2.7591	2.6568
ENSG00000150540.14	HNMT	protein_coding	1516	762	754	27.0688	7.9289	7.6349
ENSG00000150551.11	LYPD1	protein_coding	256	1061	1073	5.4636	1.6004	1.5410
ENSG00000150556.17	LYPD6B	protein_coding	0	0	0	0.0000	0.0000	0.0000
ENSG00000150593.18	PDCD4	protein_coding	2272	1610	1489	42.4322	12.4291	11.9683
ENSG00000150594.7	ADRA2A	protein_coding	97	56	41	2.1236	0.6220	0.5990
ENSG00000150625.16	GPM6A	protein_coding	2	1	1	0.0241	0.0071	0.0068
ENSG00000150627.16	WDR17	protein_coding	0	0	0	0.0000	0.0000	0.0000
ENSG00000150628.7	SPATA4	protein_coding	0	0	0	0.0000	0.0000	0.0000
ENSG00000150630.4	VEGFC	protein_coding	233	115	118	7.5665	2.2164	2.1342
ENSG00000150636.17	CCDC102B	protein_coding	110	61	60	1.6092	0.4714	0.4539
ENSG00000150637.9	CD226	protein_coding	156	70	87	0.9699	0.2841	0.2736
ENSG00000150656.15	CNDP1	protein_coding	10	7	4	0.1193	0.0350	0.0337
ENSG00000150667.8	FSIP1	protein_coding	17	250	276	0.4169	0.1221	0.1176
ENSG00000150672.17	DLG2	protein_coding	28	16	12	0.1423	0.0417	0.0401
ENSG00000150676.13	CCDC83	protein_coding	0	0	0	0.0000	0.0000	0.0000
ENSG00000150681.10	RGS18	protein_coding	34	20	20	1.0308	0.3019	0.2907
ENSG00000150687.12	PRSS23	protein_coding	6982	3600	3652	51.8101	15.1760	14.6133
ENSG00000150712.11	MTMR12	protein_coding	1678	871	807	25.8006	7.5574	7.2772
ENSG00000150722.10	PPP1R1C	protein_coding	6	4	2	0.1043	0.0305	0.0294
ENSG00000150732.8	AL136372.1	processed_pseudogene	0	0	0	0.0000	0.0000	0.0000
ENSG00000150750.8	C11orf53	protein_coding	0	0	0	0.0000	0.0000	0.0000
ENSG00000150753.12	CCT5	protein_coding	7983	5420	5438	120.2412	35.2205	33.9147
ENSG00000150756.14	ATPSCKMT	protein_coding	581	308	317	15.0194	4.3994	4.2363
ENSG00000150760.13	DOCK1	protein_coding	7992	4487	4521	83.3560	24.4163	23.5110
ENSG00000150764.14	DIXDC1	protein_coding	571	248	324	5.7466	1.6833	1.6209
ENSG00000150768.16	DLAT	protein_coding	1143	739	680	22.8332	6.6882	6.4402
ENSG00000150773.11	PIH1D2	protein_coding	21	146	151	0.5455	0.1598	0.1539
ENSG00000150776.18	NKAPD1	protein_coding	634	336	343	9.3553	2.7403	2.6387
ENSG00000150779.12	TIMM8B	protein_coding	413	192	265	30.0790	8.8106	8.4840
ENSG00000150782.12	IL18	protein_coding	274	136	138	8.9321	2.6164	2.5194
ENSG00000150783.10	TEX12	protein_coding	1	0	1	0.0737	0.0216	0.0208
ENSG00000150787.8	PTS	protein_coding	198	113	87	5.3754	1.5745	1.5162
ENSG00000150867.14	PIP4K2A	protein_coding	5494	2794	2700	91.3735	26.7647	25.7724
ENSG00000150873.12	C2orf50	protein_coding	4	2	2	0.0430	0.0126	0.0121
ENSG00000150893.11	FREM2	protein_coding	1473	704	769	7.6859	2.2513	2.1678
ENSG00000150907.10	FOXO1	protein_coding	575	285	290	8.1970	2.4010	2.3120
ENSG00000150938.10	CRIM1	protein_coding	1548	826	839	18.0821	5.2965	5.1002
ENSG00000150961.15	SEC24D	protein_coding	3841	1930	1911	32.8810	9.6314	9.2743
ENSG00000150967.18	ABCB9	protein_coding	1241	1133	1070	7.9291	2.3226	2.2365
ENSG00000150977.10	RILPL2	protein_coding	553	294	260	7.6471	2.2400	2.1569
ENSG00000150990.8	DHX37	protein_coding	1214	644	570	15.5566	4.5568	4.3878
ENSG00000150991.15	UBC	protein_coding	29512	14685	14832	642.9380	188.3266	181.3444
ENSG00000150995.20	ITPR1	protein_coding	3374	1855	1781	8.8285	2.5860	2.4901
ENSG00000151005.5	TKTL2	protein_coding	0	0	0	0.0000	0.0000	0.0000
ENSG00000151006.7	PRSS53	protein_coding	8	2	6	0.1235	0.0362	0.0348
ENSG00000151012.13	SLC7A11	protein_coding	240	128	129	2.1131	0.6190	0.5960
ENSG00000151014.6	NOCT	protein_coding	517	268	249	17.4777	5.1195	4.9297
ENSG00000151023.17	ENKUR	protein_coding	30	11	19	0.6250	0.1831	0.1763
ENSG00000151025.11	GPR158	protein_coding	182	102	98	1.9346	0.5667	0.5457
ENSG00000151033.10	LYZL2	protein_coding	0	0	0	0.0000	0.0000	0.0000
ENSG00000151062.15	CACNA2D4	protein_coding	70	33	37	0.7965	0.2333	0.2247
ENSG00000151065.14	DCP1B	protein_coding	853	436	417	15.7130	4.6026	4.4320
ENSG00000151067.22	CACNA1C	protein_coding	110	75	65	0.4746	0.1390	0.1339
ENSG00000151079.7	KCNA6	protein_coding	6	3	3	0.1203	0.0352	0.0339
ENSG00000151090.20	THRB	protein_coding	194	101	93	1.5021	0.4400	0.4237
ENSG00000151092.18	NGLY1	protein_coding	634	350	303	6.2488	1.8304	1.7625
ENSG00000151093.8	OXSM	protein_coding	283	159	143	9.7062	2.8431	2.7377
ENSG00000151116.17	UEVLD	protein_coding	865	463	403	13.3193	3.9014	3.7568
ENSG00000151117.9	TMEM86A	protein_coding	255	139	130	5.1036	1.4949	1.4395
ENSG00000151131.11	C12orf45	protein_coding	474	248	258	1.5552	0.4555	0.4387
ENSG00000151135.10	TMEM263	protein_coding	2594	1391	1349	46.2004	13.5328	13.0311
ENSG00000151136.15	BTBD11	protein_coding	34	16	18	0.3647	0.1068	0.1029
ENSG00000151148.14	UBE3B	protein_coding	1969	995	975	13.4272	3.9330	3.7872
ENSG00000151150.22	ANK3	protein_coding	22	12	12	0.0725	0.0212	0.0205
ENSG00000151151.6	IPMK	protein_coding	509	249	260	7.0941	2.0780	2.0009
ENSG00000151164.19	RAD9B	protein_coding	18	78	84	0.3289	0.0963	0.0928
ENSG00000151176.8	PLBD2	protein_coding	12958	6641	6319	209.0424	61.2318	58.9616
ENSG00000151208.17	DLG5	protein_coding	1253	1004	941	10.1338	2.9684	2.8583
ENSG00000151224.13	MAT1A	protein_coding	2777	1424	1354	64.3625	18.8528	18.1538
ENSG00000151229.13	SLC2A13	protein_coding	1278	657	650	10.8279	3.1717	3.0541
ENSG00000151233.11	GXYLT1	protein_coding	1569	730	840	17.7843	5.2093	5.0162
ENSG00000151239.14	TWF1	protein_coding	2786	1376	1410	60.8979	17.8380	17.1766
ENSG00000151240.17	DIP2C	protein_coding	3626	1828	1828	35.9595	10.5331	10.1426
ENSG00000151247.12	EIF4E	protein_coding	1346	689	662	8.1256	2.3801	2.2919
ENSG00000151276.23	MAGI1	protein_coding	99	47	52	0.7217	0.2114	0.2036
ENSG00000151287.17	TEX30	protein_coding	286	280	323	10.7656	3.1534	3.0365
ENSG00000151292.17	CSNK1G3	protein_coding	2131	1070	1061	36.1931	10.6015	10.2085
ENSG00000151303.11	AL136982.1	lncRNA	0	0	0	0.0000	0.0000	0.0000
ENSG00000151304.6	SRFBP1	protein_coding	653	389	358	17.8248	5.2212	5.0276
ENSG00000151320.11	AKAP6	protein_coding	955	470	488	4.1113	1.2043	1.1596
ENSG00000151322.19	NPAS3	protein_coding	49	27	23	0.4256	0.1247	0.1200
ENSG00000151327.13	FAM177A1	protein_coding	5271	2734	2761	52.7289	15.4451	14.8725
ENSG00000151332.19	MBIP	protein_coding	733	346	387	18.1848	5.3266	5.1291
ENSG00000151338.18	MIPOL1	protein_coding	119	68	51	0.4990	0.1462	0.1408
ENSG00000151348.15	EXT2	protein_coding	5832	2939	2893	42.3477	12.4043	11.9444
ENSG00000151353.15	TMEM18	protein_coding	365	220	223	3.6599	1.0721	1.0323
ENSG00000151360.10	ALLC	protein_coding	4	0	4	0.1339	0.0392	0.0378
ENSG00000151364.17	KCTD14	protein_coding	2	10	6	0.0894	0.0262	0.0252
ENSG00000151365.2	THRSP	protein_coding	0	2	1	0.0000	0.0000	0.0000
ENSG00000151366.13	NDUFC2	protein_coding	288	152	139	10.6243	3.1120	2.9966
ENSG00000151376.17	ME3	protein_coding	57	24	33	1.2612	0.3694	0.3557
ENSG00000151379.4	MSGN1	protein_coding	0	0	0	0.0000	0.0000	0.0000
ENSG00000151388.11	ADAMTS12	protein_coding	362	187	175	3.2005	0.9375	0.9027
ENSG00000151413.17	NUBPL	protein_coding	680	322	359	7.6082	2.2285	2.1459
ENSG00000151414.15	NEK7	protein_coding	4776	2428	2348	74.3638	21.7823	20.9747
ENSG00000151418.12	ATP6V1G3	protein_coding	0	0	0	0.0000	0.0000	0.0000
ENSG00000151422.13	FER	protein_coding	1287	698	644	8.0392	2.3548	2.2675
ENSG00000151445.16	VIPAS39	protein_coding	1507	765	747	34.6347	10.1450	9.7689
ENSG00000151458.12	ANKRD50	protein_coding	3444	1763	1681	33.2423	9.7372	9.3762
ENSG00000151461.20	UPF2	protein_coding	2544	1285	1259	36.7348	10.7602	10.3613
ENSG00000151465.14	CDC123	protein_coding	2041	1475	1390	75.4233	22.0927	21.2736
ENSG00000151466.12	SCLT1	protein_coding	547	569	513	5.1728	1.5152	1.4590
ENSG00000151468.11	CCDC3	protein_coding	295	175	152	6.7725	1.9838	1.9102
ENSG00000151470.13	C4orf33	protein_coding	631	343	336	7.6386	2.2375	2.1545
ENSG00000151474.23	FRMD4A	protein_coding	2257	2030	2024	13.0509	3.8228	3.6811
ENSG00000151475.6	SLC25A31	protein_coding	0	0	0	0.0000	0.0000	0.0000
ENSG00000151490.15	PTPRO	protein_coding	76	33	43	0.3187	0.0933	0.0899
ENSG00000151491.14	EPS8	protein_coding	6149	3104	3045	61.1447	17.9102	17.2462
ENSG00000151498.12	ACAD8	protein_coding	421	205	216	5.0206	1.4706	1.4161
ENSG00000151500.15	THYN1	protein_coding	559	293	266	22.4023	6.5620	6.3187
ENSG00000151502.11	VPS26B	protein_coding	1786	1003	970	23.5035	6.8845	6.6293
ENSG00000151503.13	NCAPD3	protein_coding	879	663	728	6.8045	1.9931	1.9192
ENSG00000151532.14	VTI1A	protein_coding	983	498	543	9.9283	2.9081	2.8003
ENSG00000151552.12	QDPR	protein_coding	16611	8297	8315	464.9352	136.1868	131.1377
ENSG00000151553.15	FAM160B1	protein_coding	2469	1246	1223	33.7305	9.8802	9.5139
ENSG00000151572.18	ANO4	protein_coding	683	340	347	11.6071	3.3999	3.2738
ENSG00000151575.14	TEX9	protein_coding	119	134	99	1.2190	0.3571	0.3438
ENSG00000151576.10	QTRT2	protein_coding	1462	710	774	15.4152	4.5153	4.3479
ENSG00000151577.13	DRD3	protein_coding	0	0	0	0.0000	0.0000	0.0000
ENSG00000151611.16	MMAA	protein_coding	573	304	317	5.9646	1.7471	1.6824
ENSG00000151612.18	ZNF827	protein_coding	1931	980	951	8.5751	2.5118	2.4187
ENSG00000151615.3	POU4F2	protein_coding	0	0	0	0.0000	0.0000	0.0000
ENSG00000151617.17	EDNRA	protein_coding	177	85	92	3.5467	1.0389	1.0004
ENSG00000151623.15	NR3C2	protein_coding	617	300	318	7.9304	2.3229	2.2368
ENSG00000151631.8	AKR1C6P	unprocessed_pseudogene	6	4	3	0.5183	0.1518	0.1462
ENSG00000151632.17	AKR1C2	protein_coding	18	9	10	0.2366	0.0693	0.0667
ENSG00000151640.13	DPYSL4	protein_coding	65	36	29	1.7743	0.5197	0.5005
ENSG00000151650.8	VENTX	protein_coding	12	5	7	0.4144	0.1214	0.1169
ENSG00000151651.16	ADAM8	protein_coding	482	251	231	8.5937	2.5172	2.4239
ENSG00000151655.19	ITIH2	protein_coding	21	8	13	0.5354	0.1568	0.1510
ENSG00000151657.12	KIN	protein_coding	887	450	437	10.9866	3.2182	3.0988
ENSG00000151665.13	PIGF	protein_coding	385	4593	4384	6.6533	1.9489	1.8766
ENSG00000151687.14	ANKAR	protein_coding	65	74	71	0.9586	0.2808	0.2704
ENSG00000151689.13	INPP1	protein_coding	2030	996	1041	48.2071	14.1206	13.5971
ENSG00000151690.15	MFSD6	protein_coding	5969	2946	3094	84.0474	24.6188	23.7061
ENSG00000151692.15	RNF144A	protein_coding	1999	1011	990	26.3188	7.7092	7.4234
ENSG00000151693.11	ASAP2	protein_coding	2352	2444	2453	27.5228	8.0619	7.7630
ENSG00000151694.14	ADAM17	protein_coding	1270	1006	1011	10.0530	2.9447	2.8355
ENSG00000151702.17	FLI1	protein_coding	647	324	326	6.8457	2.0052	1.9309
ENSG00000151704.16	KCNJ1	protein_coding	1	0	2	0.0183	0.0054	0.0052
ENSG00000151715.8	TMEM45B	protein_coding	3	1	2	0.0850	0.0249	0.0240
ENSG00000151718.16	WWC2	protein_coding	1869	1000	995	15.8685	4.6481	4.4758
ENSG00000151725.12	CENPU	protein_coding	837	497	510	20.4072	5.9776	5.7560
ENSG00000151726.15	ACSL1	protein_coding	2469	1254	1218	34.1814	10.0123	9.6411
ENSG00000151729.11	SLC25A4	protein_coding	4113	2027	2087	72.4793	21.2303	20.4432
ENSG00000151743.11	AMN1	protein_coding	136	147	143	3.6816	1.0784	1.0384
ENSG00000151746.15	BICD1	protein_coding	1651	926	871	10.8955	3.1915	3.0731
ENSG00000151748.15	SAV1	protein_coding	730	493	489	11.0601	3.2397	3.1196
ENSG00000151773.13	CCDC122	protein_coding	104	55	68	1.6307	0.4776	0.4599
ENSG00000151778.11	SERP2	protein_coding	139	75	64	6.0689	1.7777	1.7118
ENSG00000151779.13	NBAS	protein_coding	3741	1874	1867	35.5077	10.4008	10.0152
ENSG00000151789.12	ZNF385D	protein_coding	134	65	69	0.8492	0.2487	0.2395
ENSG00000151790.9	TDO2	protein_coding	50	26	24	0.8066	0.2363	0.2275
ENSG00000151806.14	GUF1	protein_coding	1653	882	878	31.4527	9.2130	8.8714
ENSG00000151812.15	SLC35F4	protein_coding	0	0	1	0.0000	0.0000	0.0000
ENSG00000151834.16	GABRA2	protein_coding	7	2	5	0.0352	0.0103	0.0099
ENSG00000151835.16	SACS	protein_coding	1795	904	891	9.5761	2.8050	2.7010
ENSG00000151838.12	CCDC175	protein_coding	2	86	75	0.0527	0.0155	0.0149
ENSG00000151846.8	PABPC3	protein_coding	68	22	47	1.7049	0.4994	0.4809
ENSG00000151849.15	CENPJ	protein_coding	280	135	145	4.0876	1.1973	1.1529
ENSG00000151876.13	FBXO4	protein_coding	421	216	205	11.8618	3.4745	3.3457
ENSG00000151881.15	TMEM267	protein_coding	623	310	321	16.7528	4.9072	4.7252
ENSG00000151882.11	CCL28	protein_coding	1288	642	646	24.1772	7.0819	6.8193
ENSG00000151883.19	PARP8	protein_coding	1366	691	675	11.4807	3.3629	3.2382
ENSG00000151892.15	GFRA1	protein_coding	347	170	177	3.1035	0.9091	0.8754
ENSG00000151893.15	CACUL1	protein_coding	3195	1641	1554	21.8701	6.4061	6.1686
ENSG00000151914.20	DST	protein_coding	4781	2397	2384	8.4791	2.4837	2.3916
ENSG00000151917.18	BEND6	protein_coding	83	43	40	1.2562	0.3680	0.3543
ENSG00000151923.17	TIAL1	protein_coding	2282	1157	1125	26.3479	7.7177	7.4316
ENSG00000151929.10	BAG3	protein_coding	3484	1749	1735	108.0975	31.6634	30.4895
ENSG00000151948.12	GLT1D1	protein_coding	5	5	0	0.1221	0.0358	0.0344
ENSG00000151952.16	TMEM132D	protein_coding	0	0	0	0.0000	0.0000	0.0000
ENSG00000151962.8	RBM46	protein_coding	14	8	6	0.2952	0.0865	0.0833
ENSG00000151963.4	ZNF37CP	unprocessed_pseudogene	0	0	0	0.0000	0.0000	0.0000
ENSG00000151967.18	SCHIP1	protein_coding	22	10	12	0.2444	0.0716	0.0689
ENSG00000152034.11	MCHR2	protein_coding	0	0	0	0.0000	0.0000	0.0000
ENSG00000152049.6	KCNE4	protein_coding	99	51	49	2.0386	0.5971	0.5750
ENSG00000152056.17	AP1S3	protein_coding	1273	635	638	18.1779	5.3246	5.1272
ENSG00000152061.23	RABGAP1L	protein_coding	1911	969	942	10.0979	2.9578	2.8482
ENSG00000152076.19	CCDC74B	protein_coding	31	15	16	0.5867	0.1719	0.1655
ENSG00000152078.10	TLCD4	protein_coding	533	258	275	6.1290	1.7953	1.7287
ENSG00000152082.15	MZT2B	protein_coding	432	860	723	24.1512	7.0743	6.8120
ENSG00000152086.9	TUBA3E	protein_coding	0	1	0	0.0000	0.0000	0.0000
ENSG00000152092.16	ASTN1	protein_coding	1	0	1	0.0092	0.0027	0.0026
ENSG00000152093.8	CFC1B	protein_coding	0	0	0	0.0000	0.0000	0.0000
ENSG00000152102.18	FAM168B	protein_coding	4735	2382	2354	73.9831	21.6708	20.8674
ENSG00000152104.12	PTPN14	protein_coding	4536	2261	2283	20.5418	6.0170	5.7939
ENSG00000152117.17	SMPD4BP	transcribed_processed_pseudogene	197	94	111	4.2742	1.2520	1.2056
ENSG00000152127.9	MGAT5	protein_coding	24847	12413	12434	240.7323	70.5143	67.8999
ENSG00000152128.13	TMEM163	protein_coding	3650	1778	1872	45.5555	13.3439	12.8492
ENSG00000152133.16	GPATCH11	protein_coding	945	497	455	19.8638	5.8184	5.6027
ENSG00000152137.8	HSPB8	protein_coding	153	76	77	3.6283	1.0628	1.0234
ENSG00000152147.11	GEMIN6	protein_coding	1245	608	637	24.2324	7.0980	6.8349
ENSG00000152154.11	TMEM178A	protein_coding	15	9	6	0.5153	0.1509	0.1453
ENSG00000152192.8	POU4F1	protein_coding	3	4	1	0.0561	0.0164	0.0158
ENSG00000152193.8	OBI1	protein_coding	253	252	240	6.1263	1.7945	1.7280
ENSG00000152207.7	CYSLTR2	protein_coding	51	26	25	0.8062	0.2362	0.2274
ENSG00000152208.13	GRID2	protein_coding	2	1	1	0.0160	0.0047	0.0045
ENSG00000152213.4	ARL11	protein_coding	66	36	30	1.5491	0.4538	0.4369
ENSG00000152214.14	RIT2	protein_coding	0	0	0	0.0000	0.0000	0.0000
ENSG00000152217.20	SETBP1	protein_coding	498	242	256	2.9483	0.8636	0.8316
ENSG00000152219.5	ARL14EP	protein_coding	1240	651	589	19.4714	5.7035	5.4920
ENSG00000152223.15	EPG5	protein_coding	3328	1706	1622	20.5838	6.0293	5.8058
ENSG00000152229.18	PSTPIP2	protein_coding	124	52	72	2.5559	0.7487	0.7209
ENSG00000152234.16	ATP5F1A	protein_coding	11028	5577	5451	85.8547	25.1482	24.2158
ENSG00000152240.13	HAUS1	protein_coding	469	230	239	18.7955	5.5055	5.3014
ENSG00000152242.11	C18orf25	protein_coding	833	413	420	7.3863	2.1636	2.0834
ENSG00000152253.9	SPC25	protein_coding	168	87	83	7.8002	2.2848	2.2001
ENSG00000152254.11	G6PC2	protein_coding	19	8	11	0.5249	0.1537	0.1480
ENSG00000152256.14	PDK1	protein_coding	994	490	527	5.6862	1.6656	1.6038
ENSG00000152266.7	PTH	protein_coding	0	0	0	0.0000	0.0000	0.0000
ENSG00000152270.9	PDE3B	protein_coding	4783	2385	2398	34.9367	10.2335	9.8541
ENSG00000152284.5	TCF7L1	protein_coding	507	254	253	9.7167	2.8462	2.7407
ENSG00000152291.14	TGOLN2	protein_coding	16167	8076	8092	197.4840	57.8462	55.7015
ENSG00000152292.17	SH2D6	protein_coding	3	2	1	0.0600	0.0176	0.0169
ENSG00000152315.5	KCNK13	protein_coding	15	9	6	0.5565	0.1630	0.1570
ENSG00000152332.16	UHMK1	protein_coding	8399	4075	4325	77.1244	22.5910	21.7534
ENSG00000152348.16	ATG10	protein_coding	241	7208	7228	3.7586	1.1010	1.0601
ENSG00000152359.15	POC5	protein_coding	410	210	200	10.1954	2.9864	2.8757
ENSG00000152377.14	SPOCK1	protein_coding	727	356	371	9.9576	2.9167	2.8086
ENSG00000152380.10	FAM151B	protein_coding	92	40	59	2.5129	0.7361	0.7088
ENSG00000152382.6	TADA1	protein_coding	459	236	223	13.4409	3.9370	3.7911
ENSG00000152402.11	GUCY1A2	protein_coding	94	52	42	0.4895	0.1434	0.1381
ENSG00000152404.15	CWF19L2	protein_coding	285	141	144	6.7585	1.9797	1.9063
ENSG00000152409.9	JMY	protein_coding	863	441	423	8.0570	2.3600	2.2725
ENSG00000152413.15	HOMER1	protein_coding	1070	540	530	14.9670	4.3841	4.2215
ENSG00000152422.16	XRCC4	protein_coding	1064	519	546	33.7651	9.8903	9.5236
ENSG00000152430.18	BOLL	protein_coding	1	0	1	0.0214	0.0063	0.0060
ENSG00000152433.15	ZNF547	protein_coding	101	47	54	2.4039	0.7041	0.6780
ENSG00000152439.13	ZNF773	protein_coding	28	15	13	0.2921	0.0856	0.0824
ENSG00000152443.13	ZNF776	protein_coding	450	250	200	7.0066	2.0524	1.9763
ENSG00000152454.4	ZNF256	protein_coding	95	44	51	3.6554	1.0707	1.0310
ENSG00000152455.16	SUV39H2	protein_coding	434	264	245	10.3381	3.0282	2.9159
ENSG00000152457.18	DCLRE1C	protein_coding	1167	601	652	10.3318	3.0263	2.9141
ENSG00000152463.15	OLAH	protein_coding	17674	8877	8798	643.0523	188.3601	181.3767
ENSG00000152464.15	RPP38	protein_coding	274	309	290	12.0561	3.5314	3.4005
ENSG00000152465.18	NMT2	protein_coding	899	619	602	11.7996	3.4563	3.3281
ENSG00000152467.10	ZSCAN1	protein_coding	0	0	0	0.0000	0.0000	0.0000
ENSG00000152475.7	ZNF837	protein_coding	69	29	41	2.8639	0.8389	0.8078
ENSG00000152484.14	USP12	protein_coding	1430	736	694	23.8297	6.9801	6.7213
ENSG00000152492.15	CCDC50	protein_coding	10311	5235	5213	95.3517	27.9300	26.8945
ENSG00000152495.11	CAMK4	protein_coding	151	80	72	0.9419	0.2759	0.2657
ENSG00000152503.10	TRIM36	protein_coding	240	119	121	3.3626	0.9850	0.9484
ENSG00000152518.8	ZFP36L2	protein_coding	3403	3166	3110	78.2519	22.9212	22.0714
ENSG00000152520.14	PAN3	protein_coding	564	268	296	7.5402	2.2086	2.1267
ENSG00000152527.14	PLEKHH2	protein_coding	155	76	79	1.3366	0.3915	0.3770
ENSG00000152556.17	PFKM	protein_coding	9855	5041	4891	115.4970	33.8309	32.5766
ENSG00000152558.15	TMEM123	protein_coding	4397	2213	2184	84.0602	24.6225	23.7097
ENSG00000152578.13	GRIA4	protein_coding	4	4	1	0.0337	0.0099	0.0095
ENSG00000152580.8	IGSF10	protein_coding	10	7	7	0.0724	0.0212	0.0204
ENSG00000152582.14	SPEF2	protein_coding	356	182	174	1.8731	0.5487	0.5283
ENSG00000152583.12	SPARCL1	protein_coding	3617	1864	1753	88.3397	25.8761	24.9167
ENSG00000152591.15	DSPP	protein_coding	0	0	0	0.0000	0.0000	0.0000
ENSG00000152592.14	DMP1	protein_coding	0	0	0	0.0000	0.0000	0.0000
ENSG00000152595.16	MEPE	protein_coding	4	2	2	0.1371	0.0402	0.0387
ENSG00000152601.17	MBNL1	protein_coding	6534	3413	3302	55.5481	16.2709	15.6677
ENSG00000152611.12	CAPSL	protein_coding	0	0	0	0.0000	0.0000	0.0000
ENSG00000152620.13	NADK2	protein_coding	525	318	337	8.8900	2.6040	2.5075
ENSG00000152642.11	GPD1L	protein_coding	1901	965	936	34.3695	10.0674	9.6941
ENSG00000152661.9	GJA1	protein_coding	992	506	486	24.8133	7.2682	6.9987
ENSG00000152669.9	CCNO	protein_coding	4	2	2	0.1956	0.0573	0.0552
ENSG00000152670.19	DDX4	protein_coding	1	0	1	0.0222	0.0065	0.0063
ENSG00000152672.8	CLEC4F	protein_coding	1	1	0	0.0343	0.0101	0.0097
ENSG00000152683.14	SLC30A6	protein_coding	1559	768	796	24.4715	7.1681	6.9023
ENSG00000152684.11	PELO	protein_coding	2168	1087	1081	42.1202	12.3377	11.8803
ENSG00000152689.18	RASGRP3	protein_coding	264	144	138	2.0857	0.6109	0.5883
ENSG00000152700.14	SAR1B	protein_coding	3880	2011	1988	30.5141	8.9381	8.6067
ENSG00000152705.8	CATSPER3	protein_coding	4	2	2	0.2165	0.0634	0.0611
ENSG00000152749.8	GPR180	protein_coding	2350	1180	1170	22.4632	6.5798	6.3359
ENSG00000152760.10	TCTEX1D1	protein_coding	15	11	4	0.3791	0.1110	0.1069
ENSG00000152763.17	DNAI4	protein_coding	66	37	34	0.8399	0.2460	0.2369
ENSG00000152766.6	ANKRD22	protein_coding	176	91	93	3.7412	1.0958	1.0552
ENSG00000152767.17	FARP1	protein_coding	2780	2706	2789	6.5158	1.9086	1.8378
ENSG00000152778.9	IFIT5	protein_coding	4022	2029	2009	84.7729	24.8313	23.9107
ENSG00000152779.14	SLC16A12	protein_coding	3	2	1	0.0523	0.0153	0.0147
ENSG00000152782.16	PANK1	protein_coding	171	83	90	1.9012	0.5569	0.5362
ENSG00000152784.16	PRDM8	protein_coding	43	22	23	0.7957	0.2331	0.2244
ENSG00000152785.8	BMP3	protein_coding	1	1	0	0.0140	0.0041	0.0039
ENSG00000152795.17	HNRNPDL	protein_coding	4350	2169	2181	67.4587	19.7597	19.0271
ENSG00000152804.11	HHEX	protein_coding	240	133	107	8.0812	2.3671	2.2794
ENSG00000152818.18	UTRN	protein_coding	4737	2355	2383	27.5451	8.0684	7.7692
ENSG00000152822.14	GRM1	protein_coding	18	9	9	0.2063	0.0604	0.0582
ENSG00000152894.15	PTPRK	protein_coding	1118	602	611	10.6246	3.1121	2.9967
ENSG00000152904.11	GGPS1	protein_coding	702	334	368	15.6509	4.5844	4.4144
ENSG00000152910.19	CNTNAP4	protein_coding	0	0	0	0.0000	0.0000	0.0000
ENSG00000152926.15	ZNF117	protein_coding	88	40	48	0.6987	0.2047	0.1971
ENSG00000152931.9	PART1	lncRNA	48	27	24	0.3209	0.0940	0.0905
ENSG00000152932.8	RAB3C	protein_coding	111	57	54	0.9797	0.2870	0.2763
ENSG00000152936.10	LMNTD1	protein_coding	0	0	0	0.0000	0.0000	0.0000
ENSG00000152939.17	MARVELD2	protein_coding	189	101	88	2.9910	0.8761	0.8436
ENSG00000152942.19	RAD17	protein_coding	1566	849	941	31.9753	9.3661	9.0188
ENSG00000152944.9	MED21	protein_coding	1053	541	512	24.6204	7.2117	6.9443
ENSG00000152952.12	PLOD2	protein_coding	3608	1828	1780	39.9834	11.7118	11.2776
ENSG00000152953.13	STK32B	protein_coding	1532	767	765	24.6305	7.2146	6.9472
ENSG00000152954.12	NRSN1	protein_coding	2	0	2	0.0412	0.0121	0.0116
ENSG00000152969.20	JAKMIP1	protein_coding	7	5	2	0.1559	0.0457	0.0440
ENSG00000152977.10	ZIC1	protein_coding	3	2	1	0.0373	0.0109	0.0105
ENSG00000152990.14	ADGRA3	protein_coding	1715	872	843	15.7260	4.6064	4.4356
ENSG00000153002.12	CPB1	protein_coding	0	0	0	0.0000	0.0000	0.0000
ENSG00000153006.16	SREK1IP1	protein_coding	1127	570	572	11.3127	3.3137	3.1908
ENSG00000153012.12	LGI2	protein_coding	188	105	83	2.4581	0.7200	0.6933
ENSG00000153015.16	CWC27	protein_coding	1112	560	552	25.3371	7.4216	7.1465
ENSG00000153029.14	MR1	protein_coding	3525	1750	1775	32.0223	9.3798	9.0321
ENSG00000153037.15	SRP19	protein_coding	329	176	157	2.6565	0.7781	0.7493
ENSG00000153044.10	CENPH	protein_coding	276	140	136	10.5672	3.0953	2.9805
ENSG00000153046.18	CDYL	protein_coding	1001	505	496	18.6334	5.4580	5.2556
ENSG00000153048.11	CARHSP1	protein_coding	1331	1387	1390	20.2670	5.9365	5.7164
ENSG00000153060.8	TEKT5	protein_coding	61	36	25	2.9433	0.8621	0.8302
ENSG00000153064.12	BANK1	protein_coding	61	28	34	0.8431	0.2470	0.2378
ENSG00000153066.13	TXNDC11	protein_coding	3837	2035	1970	76.3448	22.3626	21.5335
ENSG00000153071.15	DAB2	protein_coding	5642	2904	2738	62.0865	18.1861	17.5118
ENSG00000153086.14	ACMSD	protein_coding	0	1	3	0.0000	0.0000	0.0000
ENSG00000153093.20	ACOXL	protein_coding	42	25	17	0.4366	0.1279	0.1231
ENSG00000153094.24	BCL2L11	protein_coding	473	278	291	6.0348	1.7677	1.7021
ENSG00000153107.13	ANAPC1	protein_coding	916	458	462	5.5626	1.6294	1.5690
ENSG00000153113.24	CAST	protein_coding	10454	6646	6670	66.5436	19.4917	18.7690
ENSG00000153130.17	SCOC	protein_coding	3348	1688	1660	45.1722	13.2316	12.7411
ENSG00000153132.13	CLGN	protein_coding	8	4	4	0.2407	0.0705	0.0679
ENSG00000153140.9	CETN3	protein_coding	738	389	349	20.2820	5.9409	5.7206
ENSG00000153147.6	SMARCA5	protein_coding	5712	3063	2842	59.5465	17.4421	16.7954
ENSG00000153157.13	SYCP2L	protein_coding	3	2	1	0.0643	0.0188	0.0181
ENSG00000153162.9	BMP6	protein_coding	82	495	484	1.8402	0.5390	0.5191
ENSG00000153165.19	RGPD3	protein_coding	6	4	2	0.0685	0.0201	0.0193
ENSG00000153179.13	RASSF3	protein_coding	4606	2704	2630	92.2291	27.0153	26.0138
ENSG00000153187.20	HNRNPU	protein_coding	19491	11126	11008	73.5245	21.5365	20.7380
ENSG00000153201.16	RANBP2	protein_coding	6619	3374	3245	45.7020	13.3868	12.8905
ENSG00000153207.16	AHCTF1	protein_coding	2688	1330	1359	23.8299	6.9801	6.7213
ENSG00000153208.17	MERTK	protein_coding	341	178	167	6.3337	1.8553	1.7865
ENSG00000153214.11	TMEM87B	protein_coding	3696	1838	1867	58.9863	17.2780	16.6374
ENSG00000153230.4	OR14K1	protein_coding	0	0	0	0.0000	0.0000	0.0000
ENSG00000153233.13	PTPRR	protein_coding	27	13	15	0.4552	0.1333	0.1284
ENSG00000153234.15	NR4A2	protein_coding	367	189	178	7.8642	2.3035	2.2181
ENSG00000153237.18	CCDC148	protein_coding	28	14	20	0.6261	0.1834	0.1766
ENSG00000153246.13	PLA2R1	protein_coding	102	45	57	0.5639	0.1652	0.1590
ENSG00000153250.20	RBMS1	protein_coding	4814	2369	2445	34.7094	10.1669	9.7900
ENSG00000153253.19	SCN3A	protein_coding	56	33	35	0.4112	0.1204	0.1160
ENSG00000153266.13	FEZF2	protein_coding	0	0	0	0.0000	0.0000	0.0000
ENSG00000153283.13	CD96	protein_coding	446	242	204	6.7380	1.9737	1.9005
ENSG00000153291.16	SLC25A27	protein_coding	99	48	51	2.5592	0.7496	0.7219
ENSG00000153292.16	ADGRF1	protein_coding	0	1	0	0.0000	0.0000	0.0000
ENSG00000153294.12	ADGRF4	protein_coding	0	0	0	0.0000	0.0000	0.0000
ENSG00000153303.17	FRMD1	protein_coding	2	1	1	0.0193	0.0057	0.0054
ENSG00000153310.19	CYRIB	protein_coding	4491	2264	2262	41.7628	12.2330	11.7794
ENSG00000153317.15	ASAP1	protein_coding	10426	5326	5163	106.7495	31.2686	30.1093
ENSG00000153339.15	TRAPPC8	protein_coding	1472	756	762	13.5902	3.9808	3.8332
ENSG00000153347.10	FAM81B	protein_coding	47	20	27	1.6139	0.4727	0.4552
ENSG00000153363.13	LINC00467	lncRNA	525	256	269	6.4222	1.8812	1.8114
ENSG00000153391.16	INO80C	protein_coding	264	125	140	4.4193	1.2945	1.2465
ENSG00000153395.10	LPCAT1	protein_coding	4441	2265	2176	58.2443	17.0607	16.4281
ENSG00000153404.14	PLEKHG4B	protein_coding	7	5	2	0.0447	0.0131	0.0126
ENSG00000153406.14	NMRAL1	protein_coding	2062	1037	1041	51.0960	14.9668	14.4119
ENSG00000153443.13	UBALD1	protein_coding	462	234	229	10.9254	3.2002	3.0816
ENSG00000153446.16	C16orf89	protein_coding	16	7	9	0.6573	0.1925	0.1854
ENSG00000153485.6	TMEM251	protein_coding	976	499	477	33.7606	9.8890	9.5224
ENSG00000153487.13	ING1	protein_coding	432	202	231	6.0209	1.7636	1.6982
ENSG00000153495.11	TEX29	protein_coding	4	1	3	0.3553	0.1041	0.1002
ENSG00000153498.12	SPACA7	protein_coding	1	1	0	0.0788	0.0231	0.0222
ENSG00000153531.13	ADPRHL1	protein_coding	16	10	6	0.1244	0.0364	0.0351
ENSG00000153551.14	CMTM7	protein_coding	824	651	639	18.7901	5.5039	5.2999
ENSG00000153558.16	FBXL2	protein_coding	294	126	168	3.2662	0.9567	0.9212
ENSG00000153560.12	UBP1	protein_coding	1614	779	835	14.0432	4.1135	3.9610
ENSG00000153561.13	RMND5A	protein_coding	1712	872	840	21.7445	6.3693	6.1332
ENSG00000153563.16	CD8A	protein_coding	1364	710	654	37.9900	11.1279	10.7153
ENSG00000153574.9	RPIA	protein_coding	492	257	235	23.0452	6.7503	6.5000
ENSG00000153684.15	GOLGA8F	protein_coding	0	0	0	0.0000	0.0000	0.0000
ENSG00000153707.17	PTPRD	protein_coding	101	51	50	0.7659	0.2244	0.2160
ENSG00000153714.6	LURAP1L	protein_coding	289	134	155	8.0150	2.3477	2.2607
ENSG00000153721.19	CNKSR3	protein_coding	405	197	209	1.5938	0.4669	0.4495
ENSG00000153767.10	GTF2E1	protein_coding	692	356	362	17.4377	5.1078	4.9184
ENSG00000153774.9	CFDP1	protein_coding	2237	1123	1114	56.9616	16.6850	16.0664
ENSG00000153779.11	TGIF2LX	protein_coding	0	0	0	0.0000	0.0000	0.0000
ENSG00000153786.13	ZDHHC7	protein_coding	4171	2123	2048	89.6036	26.2463	25.2732
ENSG00000153789.13	CIBAR2	protein_coding	2	0	2	0.0909	0.0266	0.0256
ENSG00000153790.12	C7orf31	protein_coding	273	116	157	6.0342	1.7675	1.7020
ENSG00000153802.12	TMPRSS11D	protein_coding	0	0	0	0.0000	0.0000	0.0000
ENSG00000153814.13	JAZF1	protein_coding	1928	1254	1292	38.4515	11.2631	10.8455
ENSG00000153815.16	CMIP	protein_coding	1894	927	967	12.6496	3.7053	3.5679
ENSG00000153820.13	SPHKAP	protein_coding	6	5	1	0.0723	0.0212	0.0204
ENSG00000153822.14	KCNJ16	protein_coding	0	0	0	0.0000	0.0000	0.0000
ENSG00000153823.19	PID1	protein_coding	31	15	16	0.7819	0.2290	0.2205
ENSG00000153827.14	TRIP12	protein_coding	11472	5732	5741	76.5285	22.4164	21.5853
ENSG00000153832.12	FBXO36	protein_coding	252	133	119	5.4109	1.5849	1.5262
ENSG00000153879.9	CEBPG	protein_coding	1650	802	848	34.5460	10.1191	9.7439
ENSG00000153885.14	KCTD15	protein_coding	2890	1442	1448	38.4189	11.2535	10.8363
ENSG00000153896.19	ZNF599	protein_coding	135	74	62	1.6862	0.4939	0.4756
ENSG00000153898.13	MCOLN2	protein_coding	1199	629	570	29.5815	8.6649	8.3436
ENSG00000153902.14	LGI4	protein_coding	728	432	462	13.6412	3.9957	3.8476
ENSG00000153904.21	DDAH1	protein_coding	216	105	111	3.9989	1.1713	1.1279
ENSG00000153914.16	SREK1	protein_coding	2192	1123	1153	10.2054	2.9893	2.8785
ENSG00000153922.11	CHD1	protein_coding	3060	1549	1511	24.7789	7.2581	6.9890
ENSG00000153923.10	CLCA3P	transcribed_unprocessed_pseudogene	0	0	0	0.0000	0.0000	0.0000
ENSG00000153930.12	ANKFN1	protein_coding	703	356	347	7.8469	2.2985	2.2133
ENSG00000153933.10	DGKE	protein_coding	70	36	34	0.5441	0.1594	0.1535
ENSG00000153936.17	HS2ST1	protein_coding	1823	880	943	20.8470	6.1064	5.8800
ENSG00000153944.12	MSI2	protein_coding	5304	2602	2708	20.2453	5.9302	5.7103
ENSG00000153956.16	CACNA2D1	protein_coding	93	46	47	0.8786	0.2574	0.2478
ENSG00000153975.10	ZUP1	protein_coding	216	108	108	6.9062	2.0229	1.9479
ENSG00000153976.3	HS3ST3A1	protein_coding	36	15	21	0.7131	0.2089	0.2011
ENSG00000153982.11	GDPD1	protein_coding	201	97	104	4.3621	1.2777	1.2304
ENSG00000153989.8	NUS1	protein_coding	1257	652	605	22.2571	6.5195	6.2777
ENSG00000153993.13	SEMA3D	protein_coding	1032	555	477	10.8705	3.1841	3.0661
ENSG00000154001.14	PPP2R5E	protein_coding	2866	1450	1416	26.5007	7.7625	7.4747
ENSG00000154007.7	ASB17	protein_coding	0	0	0	0.0000	0.0000	0.0000
ENSG00000154016.14	GRAP	protein_coding	13	58	62	0.4419	0.1295	0.1247
ENSG00000154025.16	SLC5A10	protein_coding	2	222	228	0.0263	0.0077	0.0074
ENSG00000154027.19	AK5	protein_coding	113	59	54	1.3811	0.4046	0.3896
ENSG00000154040.21	CABYR	protein_coding	161	108	125	3.9243	1.1495	1.1069
ENSG00000154059.11	IMPACT	protein_coding	1304	637	667	22.6177	6.6251	6.3795
ENSG00000154065.17	ANKRD29	protein_coding	367	183	184	4.8568	1.4226	1.3699
ENSG00000154079.6	SDHAF4	protein_coding	213	97	116	12.5611	3.6794	3.5429
ENSG00000154080.14	CHST9	protein_coding	0	0	0	0.0000	0.0000	0.0000
ENSG00000154096.14	THY1	protein_coding	1682	1466	1459	20.7009	6.0636	5.8388
ENSG00000154099.18	DNAAF1	protein_coding	5	124	132	0.0546	0.0160	0.0154
ENSG00000154102.11	C16orf74	protein_coding	16	14	13	0.6230	0.1825	0.1757
ENSG00000154114.12	TBCEL	protein_coding	464	217	247	5.6130	1.6441	1.5832
ENSG00000154118.13	JPH3	protein_coding	2	1	3	0.0269	0.0079	0.0076
ENSG00000154122.14	ANKH	protein_coding	3357	1707	1652	22.4559	6.5777	6.3338
ENSG00000154124.5	OTULIN	protein_coding	995	483	514	9.6534	2.8276	2.7228
ENSG00000154127.10	UBASH3B	protein_coding	1283	619	664	12.1545	3.5602	3.4282
ENSG00000154133.15	ROBO4	protein_coding	358	241	220	4.5924	1.3452	1.2953
ENSG00000154134.15	ROBO3	protein_coding	92	39	53	1.1191	0.3278	0.3157
ENSG00000154143.3	PANX3	protein_coding	0	0	0	0.0000	0.0000	0.0000
ENSG00000154144.13	TBRG1	protein_coding	514	449	476	6.1005	1.7869	1.7207
ENSG00000154146.13	NRGN	protein_coding	100	46	62	7.0009	2.0507	1.9746
ENSG00000154153.13	RETREG1	protein_coding	2876	1433	1460	53.4657	15.6609	15.0803
ENSG00000154162.15	CDH12	protein_coding	1	0	1	0.0150	0.0044	0.0042
ENSG00000154165.5	GPR15	protein_coding	2	0	2	0.0628	0.0184	0.0177
ENSG00000154174.8	TOMM70	protein_coding	5408	2677	2740	90.4391	26.4910	25.5089
ENSG00000154175.18	ABI3BP	protein_coding	678	345	333	5.2447	1.5362	1.4793
ENSG00000154188.10	ANGPT1	protein_coding	32	20	12	0.3812	0.1117	0.1075
ENSG00000154198.14	CYP4Z2P	transcribed_unprocessed_pseudogene	0	0	0	0.0000	0.0000	0.0000
ENSG00000154217.15	PITPNC1	protein_coding	444	206	238	4.8222	1.4125	1.3601
ENSG00000154222.15	CC2D1B	protein_coding	2634	1623	1573	29.7963	8.7278	8.4042
ENSG00000154227.13	CERS3	protein_coding	6	2	4	0.0993	0.0291	0.0280
ENSG00000154229.12	PRKCA	protein_coding	1209	578	631	9.1874	2.6911	2.5914
ENSG00000154237.13	LRRK1	protein_coding	711	377	373	3.4520	1.0111	0.9736
ENSG00000154240.17	CEP112	protein_coding	121	54	67	1.3008	0.3810	0.3669
ENSG00000154252.12	GAL3ST2	protein_coding	0	0	0	0.0000	0.0000	0.0000
ENSG00000154258.17	ABCA9	protein_coding	284	181	137	2.6726	0.7828	0.7538
ENSG00000154262.13	ABCA6	protein_coding	913	460	453	5.4762	1.6041	1.5446
ENSG00000154263.17	ABCA10	protein_coding	59	30	29	0.5961	0.1746	0.1681
ENSG00000154265.16	ABCA5	protein_coding	2614	1286	1328	16.8705	4.9416	4.7584
ENSG00000154269.15	ENPP3	protein_coding	13	7	6	0.2842	0.0832	0.0801
ENSG00000154274.15	C4orf19	protein_coding	594	416	425	11.2847	3.3055	3.1829
ENSG00000154277.13	UCHL1	protein_coding	76	32	44	2.9243	0.8566	0.8248
ENSG00000154305.18	MIA3	protein_coding	3799	2236	2271	31.7689	9.3056	8.9606
ENSG00000154309.9	DISP1	protein_coding	964	482	482	6.2827	1.8403	1.7721
ENSG00000154310.17	TNIK	protein_coding	3280	1639	1651	24.3308	7.1269	6.8626
ENSG00000154316.16	TDH	transcribed_unitary_pseudogene	0	0	0	0.0000	0.0000	0.0000
ENSG00000154319.16	FAM167A	protein_coding	19	10	9	0.3196	0.0936	0.0901
ENSG00000154328.16	NEIL2	protein_coding	1464	748	717	36.9351	10.8189	10.4178
ENSG00000154330.13	PGM5	protein_coding	158	77	83	1.7394	0.5095	0.4906
ENSG00000154342.6	WNT3A	protein_coding	0	0	0	0.0000	0.0000	0.0000
ENSG00000154358.22	OBSCN	protein_coding	880	520	564	1.8886	0.5532	0.5327
ENSG00000154359.13	LONRF1	protein_coding	2970	1454	1516	44.1783	12.9405	12.4607
ENSG00000154370.16	TRIM11	protein_coding	811	575	595	8.1139	2.3767	2.2886
ENSG00000154380.17	ENAH	protein_coding	4749	2407	2342	26.8072	7.8522	7.5611
ENSG00000154415.8	PPP1R3A	protein_coding	0	0	0	0.0000	0.0000	0.0000
ENSG00000154429.11	CCSAP	protein_coding	999	543	513	13.5585	3.9715	3.8243
ENSG00000154438.8	ASZ1	protein_coding	0	0	0	0.0000	0.0000	0.0000
ENSG00000154447.15	SH3RF1	protein_coding	771	376	395	11.9652	3.5048	3.3749
ENSG00000154451.14	GBP5	protein_coding	1061	624	574	11.0648	3.2411	3.1209
ENSG00000154473.18	BUB3	protein_coding	3659	1830	1829	38.0090	11.1334	10.7207
ENSG00000154478.4	GPR26	protein_coding	2	2	0	0.0165	0.0048	0.0046
ENSG00000154479.13	CCDC173	protein_coding	6	1	5	0.2308	0.0676	0.0651
ENSG00000154485.5	MMP21	protein_coding	12	36	28	0.2961	0.0867	0.0835
ENSG00000154493.19	C10orf90	protein_coding	3878	2408	2397	60.8502	17.8240	17.1632
ENSG00000154511.12	DIPK1A	protein_coding	1248	630	630	34.2869	10.0432	9.6708
ENSG00000154518.10	ATP5MC3	protein_coding	7936	3977	3959	173.5588	50.8381	48.9533
ENSG00000154529.15	CNTNAP3B	protein_coding	5	3	2	0.0321	0.0094	0.0091
ENSG00000154545.16	MAGED4	protein_coding	1	0	1	0.0177	0.0052	0.0050
ENSG00000154548.9	SRSF12	protein_coding	164	76	89	3.0690	0.8989	0.8656
ENSG00000154553.16	PDLIM3	protein_coding	1453	1062	1115	13.6917	4.0105	3.8618
ENSG00000154556.18	SORBS2	protein_coding	2711	1436	1423	13.4153	3.9295	3.7839
ENSG00000154582.17	ELOC	protein_coding	2784	1373	1411	47.9162	14.0354	13.5150
ENSG00000154589.7	LY96	protein_coding	274	137	137	41.6247	12.1925	11.7405
ENSG00000154608.14	CEP170P1	transcribed_unprocessed_pseudogene	315	146	169	5.8317	1.7082	1.6449
ENSG00000154611.15	PSMA8	protein_coding	0	0	0	0.0000	0.0000	0.0000
ENSG00000154620.6	TMSB4Y	protein_coding	6	3	3	0.3811	0.1116	0.1075
ENSG00000154639.19	CXADR	protein_coding	1234	630	609	17.4044	5.0980	4.9090
ENSG00000154640.15	BTG3	protein_coding	2629	1400	1438	96.8992	28.3833	27.3310
ENSG00000154642.11	C21orf91	protein_coding	3643	1945	1914	49.6733	14.5501	14.0106
ENSG00000154645.14	CHODL	protein_coding	6	2	4	0.1647	0.0483	0.0465
ENSG00000154646.9	TMPRSS15	protein_coding	21	7	14	0.4088	0.1198	0.1153
ENSG00000154654.15	NCAM2	protein_coding	80	52	28	0.8199	0.2402	0.2313
ENSG00000154655.16	L3MBTL4	protein_coding	11	7	6	0.1174	0.0344	0.0331
ENSG00000154678.18	PDE1C	protein_coding	9	2	7	0.0541	0.0158	0.0153
ENSG00000154710.18	RABGEF1	protein_coding	81	194	186	1.2504	0.3663	0.3527
ENSG00000154719.14	MRPL39	protein_coding	1456	759	697	103.1227	30.2063	29.0864
ENSG00000154721.15	JAM2	protein_coding	393	195	211	5.6119	1.6438	1.5829
ENSG00000154723.12	ATP5PF	protein_coding	2235	1778	1803	92.9012	27.2122	26.2033
ENSG00000154727.11	GABPA	protein_coding	1879	1630	1583	27.7892	8.1399	7.8381
ENSG00000154734.16	ADAMTS1	protein_coding	3215	1572	1643	37.3845	10.9505	10.5445
ENSG00000154736.6	ADAMTS5	protein_coding	195	88	107	1.6958	0.4967	0.4783
ENSG00000154743.18	TSEN2	protein_coding	228	111	120	3.4166	1.0008	0.9637
ENSG00000154760.14	SLFN13	protein_coding	91	52	39	0.8284	0.2426	0.2336
ENSG00000154764.6	WNT7A	protein_coding	1	0	1	0.0188	0.0055	0.0053
ENSG00000154767.15	XPC	protein_coding	1008	1176	1197	18.4642	5.4084	5.2079
ENSG00000154781.16	CCDC174	protein_coding	566	280	286	13.5166	3.9592	3.8124
ENSG00000154783.12	FGD5	protein_coding	481	273	262	5.0434	1.4773	1.4225
ENSG00000154803.13	FLCN	protein_coding	1897	934	963	16.4617	4.8219	4.6431
ENSG00000154813.10	DPH3	protein_coding	1172	555	617	22.2356	6.5132	6.2717
ENSG00000154814.14	OXNAD1	protein_coding	363	173	191	5.0576	1.4815	1.4265
ENSG00000154822.18	PLCL2	protein_coding	579	309	305	9.5289	2.7912	2.6877
ENSG00000154832.15	CXXC1	protein_coding	1055	545	510	20.7435	6.0761	5.8508
ENSG00000154839.10	SKA1	protein_coding	241	125	116	7.0572	2.0672	1.9905
ENSG00000154845.16	PPP4R1	protein_coding	1496	768	728	15.6243	4.5766	4.4069
ENSG00000154856.13	APCDD1	protein_coding	2119	1079	1040	30.3093	8.8781	8.5489
ENSG00000154864.13	PIEZO2	protein_coding	38	17	23	0.2055	0.0602	0.0580
ENSG00000154874.15	CCDC144B	transcribed_unprocessed_pseudogene	55	18	37	0.4718	0.1382	0.1331
ENSG00000154889.17	MPPE1	protein_coding	232	250	231	2.9088	0.8520	0.8205
ENSG00000154898.15	CCDC144CP	transcribed_processed_pseudogene	2	2	0	0.0209	0.0061	0.0059
ENSG00000154914.17	USP43	protein_coding	22	11	12	0.3675	0.1076	0.1036
ENSG00000154917.11	RAB6B	protein_coding	3294	1820	1787	46.1978	13.5321	13.0304
ENSG00000154920.15	EME1	protein_coding	149	819	769	3.8413	1.1252	1.0835
ENSG00000154928.18	EPHB1	protein_coding	83	45	39	1.0130	0.2967	0.2857
ENSG00000154930.15	ACSS1	protein_coding	1096	536	560	10.7091	3.1369	3.0206
ENSG00000154945.7	ANKRD40	protein_coding	2753	2016	1925	48.3929	14.1750	13.6495
ENSG00000154957.14	ZNF18	protein_coding	595	294	301	16.9727	4.9716	4.7872
ENSG00000154975.14	CA10	protein_coding	1	1	0	0.0191	0.0056	0.0054
ENSG00000154978.13	VOPP1	protein_coding	692	338	354	11.0026	3.2228	3.1034
ENSG00000154997.9	SEPTIN14	protein_coding	0	0	0	0.0000	0.0000	0.0000
ENSG00000155008.14	APOOL	protein_coding	820	524	502	10.7180	3.1395	3.0231
ENSG00000155011.9	DKK2	protein_coding	52	30	22	1.0187	0.2984	0.2873
ENSG00000155016.18	CYP2U1	protein_coding	907	469	495	13.0106	3.8110	3.6697
ENSG00000155026.16	RSPH10B	protein_coding	1	76	74	0.0170	0.0050	0.0048
ENSG00000155034.19	FBXL18	protein_coding	519	550	595	4.5190	1.3237	1.2746
ENSG00000155052.14	CNTNAP5	protein_coding	0	0	0	0.0000	0.0000	0.0000
ENSG00000155066.16	PROM2	protein_coding	5	3	2	0.0700	0.0205	0.0197
ENSG00000155070.8	UNC93B2	processed_pseudogene	2	0	2	0.2327	0.0681	0.0656
ENSG00000155085.15	AK9	protein_coding	220	99	121	1.8501	0.5419	0.5218
ENSG00000155087.4	ODF1	protein_coding	0	0	0	0.0000	0.0000	0.0000
ENSG00000155090.15	KLF10	protein_coding	1382	707	676	30.7145	8.9968	8.6632
ENSG00000155093.19	PTPRN2	protein_coding	78	41	37	1.3607	0.3986	0.3838
ENSG00000155096.14	AZIN1	protein_coding	10698	5416	5285	153.1747	44.8673	43.2038
ENSG00000155097.12	ATP6V1C1	protein_coding	7513	3877	3911	109.0424	31.9402	30.7561
ENSG00000155099.8	PIP4P2	protein_coding	2332	1473	1497	69.0497	20.2257	19.4759
ENSG00000155100.11	OTUD6B	protein_coding	894	503	446	19.0895	5.5916	5.3843
ENSG00000155111.15	CDK19	protein_coding	951	481	470	10.5637	3.0943	2.9795
ENSG00000155115.7	GTF3C6	protein_coding	1458	718	740	134.4343	39.3779	37.9180
ENSG00000155158.20	TTC39B	protein_coding	753	408	345	5.2380	1.5343	1.4774
ENSG00000155189.12	AGPAT5	protein_coding	3627	1800	1828	49.3917	14.4676	13.9312
ENSG00000155229.21	MMS19	protein_coding	7528	3739	3791	110.9285	32.4927	31.2880
ENSG00000155249.5	OR4K1	protein_coding	0	0	0	0.0000	0.0000	0.0000
ENSG00000155252.13	PI4K2A	protein_coding	4022	2015	2012	81.5350	23.8829	22.9974
ENSG00000155254.13	MARVELD1	protein_coding	4379	2231	2149	110.3134	32.3125	31.1146
ENSG00000155256.17	ZFYVE27	protein_coding	3469	1695	1775	75.5550	22.1312	21.3107
ENSG00000155265.11	GOLGA7B	protein_coding	3045	1626	1585	37.7273	11.0509	10.6412
ENSG00000155269.12	GPR78	protein_coding	1	0	1	0.0080	0.0023	0.0023
ENSG00000155275.19	TRMT44	protein_coding	472	248	280	5.1706	1.5145	1.4584
ENSG00000155287.11	SLC25A28	protein_coding	1023	491	534	47.4719	13.9053	13.3897
ENSG00000155304.6	HSPA13	protein_coding	9685	4865	4820	198.0387	58.0086	55.8580
ENSG00000155307.19	SAMSN1	protein_coding	257	133	124	4.2092	1.2329	1.1872
ENSG00000155313.15	USP25	protein_coding	2070	1077	993	22.4703	6.5819	6.3379
ENSG00000155324.10	GRAMD2B	protein_coding	997	631	641	16.7622	4.9099	4.7279
ENSG00000155329.12	ZCCHC10	protein_coding	435	211	224	14.4355	4.2284	4.0716
ENSG00000155330.10	C16orf87	protein_coding	311	158	153	3.6600	1.0721	1.0323
ENSG00000155363.18	MOV10	protein_coding	1817	1045	914	23.7057	6.9438	6.6863
ENSG00000155366.17	RHOC	protein_coding	4679	2365	2316	99.1622	29.0462	27.9693
ENSG00000155367.15	PPM1J	protein_coding	13	11	2	0.3841	0.1125	0.1083
ENSG00000155368.16	DBI	protein_coding	8076	3875	4202	273.3430	80.0664	77.0980
ENSG00000155380.12	SLC16A1	protein_coding	2587	1281	1316	42.6167	12.4831	12.0203
ENSG00000155393.13	HEATR3	protein_coding	1256	692	660	21.1669	6.2001	5.9703
ENSG00000155428.12	TRIM74	protein_coding	0	0	0	0.0000	0.0000	0.0000
ENSG00000155438.12	NIFK	protein_coding	1386	1155	1077	48.3366	14.1586	13.6336
ENSG00000155463.14	OXA1L	protein_coding	5298	2621	2679	100.0241	29.2986	28.2124
ENSG00000155465.20	SLC7A7	protein_coding	682	345	340	11.2874	3.3063	3.1837
ENSG00000155495.9	MAGEC1	protein_coding	9273	4656	4618	185.0252	54.1968	52.1874
ENSG00000155506.18	LARP1	protein_coding	16622	8259	8367	161.3751	47.2693	45.5168
ENSG00000155508.14	CNOT8	protein_coding	1512	795	768	32.6800	9.5725	9.2176
ENSG00000155511.18	GRIA1	protein_coding	0	0	0	0.0000	0.0000	0.0000
ENSG00000155530.3	LRGUK	protein_coding	85	41	44	1.5041	0.4406	0.4242
ENSG00000155542.12	SETD9	protein_coding	592	296	326	18.5440	5.4318	5.2305
ENSG00000155545.20	MIER3	protein_coding	1136	606	610	16.7395	4.9033	4.7215
ENSG00000155561.15	NUP205	protein_coding	5960	2898	3063	66.4120	19.4531	18.7319
ENSG00000155592.16	ZKSCAN2	protein_coding	487	272	275	5.2456	1.5365	1.4796
ENSG00000155621.15	C9orf85	protein_coding	230	112	118	3.9275	1.1504	1.1078
ENSG00000155622.7	XAGE2	protein_coding	0	0	0	0.0000	0.0000	0.0000
ENSG00000155629.15	PIK3AP1	protein_coding	492	232	260	7.3454	2.1516	2.0718
ENSG00000155636.15	RBM45	protein_coding	439	233	206	7.7927	2.2826	2.1980
ENSG00000155657.28	TTN	protein_coding	233	410	438	0.1663	0.0487	0.0469
ENSG00000155659.15	VSIG4	protein_coding	495	237	258	18.0178	5.2777	5.0820
ENSG00000155660.11	PDIA4	protein_coding	29624	14904	14723	762.7906	223.4333	215.1496
ENSG00000155666.12	KDM8	protein_coding	112	69	63	2.3624	0.6920	0.6663
ENSG00000155714.14	PDZD9	protein_coding	0	0	1	0.0000	0.0000	0.0000
ENSG00000155719.18	OTOA	protein_coding	13	6	7	0.1464	0.0429	0.0413
ENSG00000155729.13	KCTD18	protein_coding	611	316	315	10.5696	3.0960	2.9812
ENSG00000155744.9	FAM126B	protein_coding	796	434	425	5.2769	1.5457	1.4884
ENSG00000155749.13	FLACC1	protein_coding	46	23	23	1.4825	0.4342	0.4181
ENSG00000155754.15	C2CD6	protein_coding	637	325	317	7.9329	2.3237	2.2375
ENSG00000155755.19	TMEM237	protein_coding	1783	903	899	19.8003	5.7998	5.5848
ENSG00000155760.2	FZD7	protein_coding	2306	1172	1134	50.7454	14.8641	14.3130
ENSG00000155761.14	SPAG17	protein_coding	4	63	46	0.0346	0.0101	0.0097
ENSG00000155792.10	DEPTOR	protein_coding	967	533	519	31.2593	9.1563	8.8169
ENSG00000155816.20	FMN2	protein_coding	3	1	2	0.0263	0.0077	0.0074
ENSG00000155827.12	RNF20	protein_coding	2121	1084	1037	38.3880	11.2444	10.8275
ENSG00000155833.15	CYLC2	protein_coding	0	0	0	0.0000	0.0000	0.0000
ENSG00000155846.17	PPARGC1B	protein_coding	599	315	285	3.9466	1.1560	1.1132
ENSG00000155849.15	ELMO1	protein_coding	728	388	388	6.4600	1.8922	1.8221
ENSG00000155850.8	SLC26A2	protein_coding	8169	4066	4117	80.8526	23.6830	22.8049
ENSG00000155858.6	LSM11	protein_coding	243	126	117	3.1423	0.9204	0.8863
ENSG00000155868.8	MED7	protein_coding	546	288	263	16.7027	4.8925	4.7111
ENSG00000155875.15	SAXO1	protein_coding	6	5	5	0.0561	0.0164	0.0158
ENSG00000155876.6	RRAGA	protein_coding	3039	1456	1583	161.3966	47.2756	45.5229
ENSG00000155886.11	SLC24A2	protein_coding	12	6	6	0.0948	0.0278	0.0267
ENSG00000155890.4	TRIM42	protein_coding	0	0	0	0.0000	0.0000	0.0000
ENSG00000155893.13	PXYLP1	protein_coding	657	326	332	4.1814	1.2248	1.1794
ENSG00000155897.10	ADCY8	protein_coding	1	1	0	0.0191	0.0056	0.0054
ENSG00000155903.13	RASA2	protein_coding	1984	980	1004	28.0103	8.2047	7.9005
ENSG00000155906.19	RMND1	protein_coding	887	438	449	15.9451	4.6706	4.4974
ENSG00000155918.8	RAET1L	protein_coding	0	0	1	0.0000	0.0000	0.0000
ENSG00000155926.14	SLA	protein_coding	615	302	313	6.9718	2.0422	1.9664
ENSG00000155957.18	TMBIM4	protein_coding	270	141	129	5.5423	1.6234	1.5632
ENSG00000155959.12	VBP1	protein_coding	1805	905	900	78.6866	23.0485	22.1940
ENSG00000155961.5	RAB39B	protein_coding	36	14	22	0.8957	0.2624	0.2526
ENSG00000155962.13	CLIC2	protein_coding	297	136	161	8.8808	2.6013	2.5049
ENSG00000155966.14	AFF2	protein_coding	183	89	94	1.0912	0.3196	0.3078
ENSG00000155970.12	MICU3	protein_coding	163	73	91	3.0065	0.8807	0.8480
ENSG00000155974.12	GRIP1	protein_coding	290	133	157	3.7484	1.0980	1.0573
ENSG00000155975.10	VPS37A	protein_coding	2340	1353	1314	30.9330	9.0608	8.7248
ENSG00000155980.13	KIF5A	protein_coding	2	346	341	0.0139	0.0041	0.0039
ENSG00000156006.5	NAT2	protein_coding	0	0	0	0.0000	0.0000	0.0000
ENSG00000156009.10	MAGEA8	protein_coding	0	0	0	0.0000	0.0000	0.0000
ENSG00000156011.17	PSD3	protein_coding	1820	898	923	10.1494	2.9729	2.8627
ENSG00000156017.13	CARNMT1	protein_coding	546	272	274	9.5799	2.8061	2.7021
ENSG00000156026.14	MCU	protein_coding	870	437	434	16.2984	4.7741	4.5971
ENSG00000156030.13	MIDEAS	protein_coding	2082	1060	1022	13.1122	3.8408	3.6984
ENSG00000156042.18	CFAP70	protein_coding	55	52	49	0.6284	0.1841	0.1773
ENSG00000156049.7	GNA14	protein_coding	2498	1238	1260	77.5334	22.7107	21.8687
ENSG00000156050.10	FAM161B	protein_coding	368	644	651	6.1433	1.7995	1.7327
ENSG00000156052.11	GNAQ	protein_coding	3490	1770	1720	42.5089	12.4515	11.9899
ENSG00000156076.10	WIF1	protein_coding	2	1	1	0.0806	0.0236	0.0227
ENSG00000156096.14	UGT2B4	protein_coding	0	0	0	0.0000	0.0000	0.0000
ENSG00000156097.12	GPR61	protein_coding	1	0	1	0.0168	0.0049	0.0047
ENSG00000156103.16	MMP16	protein_coding	5120	2636	2629	35.9095	10.5185	10.1285
ENSG00000156110.15	ADK	protein_coding	1438	718	720	26.2163	7.6792	7.3945
ENSG00000156113.24	KCNMA1	protein_coding	729	395	410	1.5698	0.4598	0.4428
ENSG00000156127.8	BATF	protein_coding	152	72	80	13.9094	4.0743	3.9232
ENSG00000156136.10	DCK	protein_coding	1230	623	607	33.6617	9.8600	9.4945
ENSG00000156140.10	ADAMTS3	protein_coding	25	15	10	0.3030	0.0887	0.0855
ENSG00000156150.9	ALX3	protein_coding	0	32	48	0.0000	0.0000	0.0000
ENSG00000156162.16	DPY19L4	protein_coding	2672	1741	1726	31.7976	9.3140	8.9687
ENSG00000156170.13	NDUFAF6	protein_coding	838	435	407	11.1141	3.2555	3.1348
ENSG00000156171.15	DRAM2	protein_coding	789	443	411	20.3345	5.9563	5.7355
ENSG00000156172.6	C8orf37	protein_coding	177	90	87	4.5003	1.3182	1.2693
ENSG00000156194.18	PPEF2	protein_coding	0	0	0	0.0000	0.0000	0.0000
ENSG00000156206.14	CFAP161	protein_coding	7	2	5	0.3033	0.0888	0.0855
ENSG00000156218.13	ADAMTSL3	protein_coding	125	62	63	1.0885	0.3188	0.3070
ENSG00000156219.17	ART3	protein_coding	9	2	8	0.2331	0.0683	0.0657
ENSG00000156222.12	SLC28A1	protein_coding	1	0	1	0.0246	0.0072	0.0069
ENSG00000156232.7	WHAMM	protein_coding	431	191	240	7.1444	2.0927	2.0151
ENSG00000156234.7	CXCL13	protein_coding	818	416	402	48.5429	14.2190	13.6918
ENSG00000156239.12	N6AMT1	protein_coding	1261	649	612	22.0112	6.4474	6.2084
ENSG00000156253.7	RWDD2B	protein_coding	1714	871	843	43.1015	12.6251	12.1570
ENSG00000156256.15	USP16	protein_coding	3209	1696	1635	47.8591	14.0187	13.4989
ENSG00000156261.13	CCT8	protein_coding	11639	6835	6851	295.8363	86.6551	83.4424
ENSG00000156265.16	MAP3K7CL	protein_coding	314	166	148	6.1384	1.7980	1.7314
ENSG00000156269.5	NAA11	protein_coding	0	0	0	0.0000	0.0000	0.0000
ENSG00000156273.16	BACH1	protein_coding	6010	3024	2986	66.5760	19.5012	18.7782
ENSG00000156282.5	CLDN17	protein_coding	2	0	2	0.1369	0.0401	0.0386
ENSG00000156284.6	CLDN8	protein_coding	0	0	0	0.0000	0.0000	0.0000
ENSG00000156298.13	TSPAN7	protein_coding	4513	2248	2265	130.4445	38.2092	36.7926
ENSG00000156299.13	TIAM1	protein_coding	4112	2009	2103	37.8899	11.0985	10.6871
ENSG00000156304.15	SCAF4	protein_coding	2941	1459	1484	41.7853	12.2396	11.7858
ENSG00000156313.15	RPGR	protein_coding	646	346	300	6.5636	1.9226	1.8513
ENSG00000156345.18	CDK20	protein_coding	169	74	95	2.5059	0.7340	0.7068
ENSG00000156374.16	PCGF6	protein_coding	280	141	140	7.9048	2.3154	2.2296
ENSG00000156381.9	ANKRD9	protein_coding	708	389	392	8.3412	2.4433	2.3527
ENSG00000156384.14	SFR1	protein_coding	308	154	155	14.4346	4.2281	4.0714
ENSG00000156395.13	SORCS3	protein_coding	0	0	0	0.0000	0.0000	0.0000
ENSG00000156398.13	SFXN2	protein_coding	302	147	157	3.1922	0.9350	0.9004
ENSG00000156411.10	ATP5MPL	protein_coding	1939	995	945	48.2169	14.1235	13.5999
ENSG00000156413.14	FUT6	protein_coding	0	0	0	0.0000	0.0000	0.0000
ENSG00000156414.19	TDRD9	protein_coding	185	88	97	2.8637	0.8388	0.8077
ENSG00000156427.8	FGF18	protein_coding	46	25	21	1.9551	0.5727	0.5515
ENSG00000156453.14	PCDH1	protein_coding	3802	1929	1875	54.5016	15.9644	15.3725
ENSG00000156463.18	SH3RF2	protein_coding	10	6	4	0.1178	0.0345	0.0332
ENSG00000156466.10	GDF6	protein_coding	5	2	3	0.1144	0.0335	0.0323
ENSG00000156467.10	UQCRB	protein_coding	5070	3369	3205	34.1704	10.0090	9.6380
ENSG00000156469.9	MTERF3	protein_coding	1310	645	665	61.7689	18.0931	17.4223
ENSG00000156471.13	PTDSS1	protein_coding	6660	3335	3325	92.5950	27.1225	26.1170
ENSG00000156475.18	PPP2R2B	protein_coding	411	209	202	2.6429	0.7742	0.7454
ENSG00000156482.11	RPL30	protein_coding	6807	12251	12250	144.9846	42.4683	40.8937
ENSG00000156486.8	KCNS2	protein_coding	2	2	0	0.0314	0.0092	0.0088
ENSG00000156500.15	FAM122C	protein_coding	83	89	106	0.8856	0.2594	0.2498
ENSG00000156502.14	SUPV3L1	protein_coding	1292	650	642	25.6289	7.5071	7.2288
ENSG00000156504.16	FAM122B	protein_coding	1682	934	860	32.4333	9.5002	9.1480
ENSG00000156508.19	EEF1A1	protein_coding	105588	52833	52836	891.0444	261.0009	251.3243
ENSG00000156509.14	FBXO43	protein_coding	57	28	29	1.2174	0.3566	0.3434
ENSG00000156510.13	HKDC1	protein_coding	151	106	66	3.0365	0.8894	0.8565
ENSG00000156515.24	HK1	protein_coding	10296	5208	5088	138.9386	40.6973	39.1885
ENSG00000156521.14	TYSND1	protein_coding	1025	472	553	18.8365	5.5175	5.3129
ENSG00000156531.17	PHF6	protein_coding	1502	754	748	16.0300	4.6954	4.5213
ENSG00000156535.15	CD109	protein_coding	11962	6061	5927	103.8457	30.4180	29.2903
ENSG00000156564.9	LRFN2	protein_coding	0	0	0	0.0000	0.0000	0.0000
ENSG00000156574.10	NODAL	protein_coding	1	0	1	0.0407	0.0119	0.0115
ENSG00000156575.2	PRG3	protein_coding	0	0	0	0.0000	0.0000	0.0000
ENSG00000156587.16	UBE2L6	protein_coding	8020	3962	4059	330.2919	96.7477	93.1608
ENSG00000156599.11	ZDHHC5	protein_coding	6847	3411	3436	107.1995	31.4004	30.2363
ENSG00000156603.19	MED19	protein_coding	639	305	334	28.9101	8.4682	8.1542
ENSG00000156639.12	ZFAND3	protein_coding	2429	1174	1255	54.1680	15.8667	15.2784
ENSG00000156642.17	NPTN	protein_coding	9085	4577	4509	191.3448	56.0479	53.9699
ENSG00000156650.14	KAT6B	protein_coding	1749	940	870	4.5707	1.3388	1.2892
ENSG00000156671.15	SAMD8	protein_coding	2391	1229	1162	27.7839	8.1383	7.8366
ENSG00000156675.16	RAB11FIP1	protein_coding	1638	1582	1466	14.4414	4.2301	4.0733
ENSG00000156687.11	UNC5D	protein_coding	0	0	0	0.0000	0.0000	0.0000
ENSG00000156689.7	GLYATL2	protein_coding	0	0	0	0.0000	0.0000	0.0000
ENSG00000156697.13	UTP14A	protein_coding	1415	767	773	29.4011	8.6121	8.2928
ENSG00000156709.15	AIFM1	protein_coding	3040	1454	1586	19.7188	5.7759	5.5618
ENSG00000156711.17	MAPK13	protein_coding	264	128	137	3.1872	0.9336	0.8990
ENSG00000156735.11	BAG4	protein_coding	2364	1191	1201	41.7450	12.2278	11.7744
ENSG00000156738.18	MS4A1	protein_coding	216	100	116	3.8455	1.1264	1.0846
ENSG00000156755.10	IGKV1OR-2	IG_V_pseudogene	0	0	0	0.0000	0.0000	0.0000
ENSG00000156787.17	TBC1D31	protein_coding	567	419	533	5.5930	1.6383	1.5775
ENSG00000156795.8	NTAQ1	protein_coding	563	284	279	9.6998	2.8412	2.7359
ENSG00000156802.13	ATAD2	protein_coding	2265	1156	1110	27.0908	7.9353	7.6411
ENSG00000156804.7	FBXO32	protein_coding	7923	3947	3977	90.9837	26.6506	25.6625
ENSG00000156831.8	NSMCE2	protein_coding	1092	510	586	31.0041	9.0816	8.7449
ENSG00000156853.13	ZNF689	protein_coding	660	340	323	13.4665	3.9445	3.7983
ENSG00000156858.12	PRR14	protein_coding	1682	834	849	37.9480	11.1156	10.7035
ENSG00000156860.16	FBRS	protein_coding	3265	1617	1650	38.4343	11.2580	10.8406
ENSG00000156869.14	FRRS1	protein_coding	461	214	247	4.5395	1.3297	1.2804
ENSG00000156873.16	PHKG2	protein_coding	801	413	408	9.0865	2.6616	2.5629
ENSG00000156875.14	MFSD14A	protein_coding	18	7	11	0.5190	0.1520	0.1464
ENSG00000156876.10	SASS6	protein_coding	119	56	63	2.5442	0.7452	0.7176
ENSG00000156885.6	COX6A2	protein_coding	0	1	0	0.0000	0.0000	0.0000
ENSG00000156886.12	ITGAD	protein_coding	73	39	34	1.4128	0.4138	0.3985
ENSG00000156920.11	ADGRG4	protein_coding	0	0	0	0.0000	0.0000	0.0000
ENSG00000156925.12	ZIC3	protein_coding	1	0	1	0.0182	0.0053	0.0051
ENSG00000156928.5	MALSU1	protein_coding	831	683	665	19.0110	5.5686	5.3622
ENSG00000156931.16	VPS8	protein_coding	2615	1273	1342	21.4226	6.2750	6.0424
ENSG00000156958.15	GALK2	protein_coding	1474	1149	1081	17.0465	4.9932	4.8081
ENSG00000156959.9	LHFPL4	protein_coding	0	0	0	0.0000	0.0000	0.0000
ENSG00000156966.7	B3GNT7	protein_coding	1231	605	626	28.7269	8.4145	8.1026
ENSG00000156968.9	MPV17L	protein_coding	7	2	5	0.0989	0.0290	0.0279
ENSG00000156970.13	BUB1B	protein_coding	575	270	305	10.9409	3.2048	3.0859
ENSG00000156973.14	PDE6D	protein_coding	1374	734	656	41.3175	12.1026	11.6539
ENSG00000156976.17	EIF4A2	protein_coding	10942	5722	5577	151.5823	44.4008	42.7547
ENSG00000156983.16	BRPF1	protein_coding	788	403	385	10.9718	3.2138	3.0947
ENSG00000156990.14	RPUSD3	protein_coding	742	372	371	11.7822	3.4512	3.3232
ENSG00000157005.4	SST	protein_coding	0	0	0	0.0000	0.0000	0.0000
ENSG00000157014.11	TATDN2	protein_coding	549	272	277	8.3671	2.4508	2.3600
ENSG00000157017.16	GHRL	protein_coding	13	13	13	0.5325	0.1560	0.1502
ENSG00000157020.18	SEC13	protein_coding	2835	1446	1391	44.7490	13.1077	12.6217
ENSG00000157021.9	CIBAR1P1	unprocessed_pseudogene	23	8	15	2.1946	0.6428	0.6190
ENSG00000157036.13	EXOG	protein_coding	310	157	153	4.7220	1.3832	1.3319
ENSG00000157045.9	NTAN1	protein_coding	1018	899	917	24.4275	7.1552	6.8899
ENSG00000157060.16	SHCBP1L	protein_coding	0	1	0	0.0000	0.0000	0.0000
ENSG00000157064.11	NMNAT2	protein_coding	15	11	6	0.1835	0.0537	0.0517
ENSG00000157077.15	ZFYVE9	protein_coding	1755	996	966	18.6878	5.4740	5.2710
ENSG00000157087.20	ATP2B2	protein_coding	3	2	1	0.0248	0.0073	0.0070
ENSG00000157093.9	LYZL4	protein_coding	0	0	0	0.0000	0.0000	0.0000
ENSG00000157103.12	SLC6A1	protein_coding	30	16	14	0.1397	0.0409	0.0394
ENSG00000157106.17	SMG1	protein_coding	3966	2102	2051	12.9861	3.8038	3.6628
ENSG00000157107.14	FCHO2	protein_coding	1236	637	599	17.3004	5.0676	4.8797
ENSG00000157110.16	RBPMS	protein_coding	1559	922	889	14.8854	4.3602	4.1985
ENSG00000157111.13	TMEM171	protein_coding	2152	1093	1059	146.1990	42.8240	41.2363
ENSG00000157119.12	KLHL40	protein_coding	0	0	0	0.0000	0.0000	0.0000
ENSG00000157131.11	C8A	protein_coding	0	0	0	0.0000	0.0000	0.0000
ENSG00000157150.5	TIMP4	protein_coding	9	6	3	0.6401	0.1875	0.1805
ENSG00000157152.17	SYN2	protein_coding	15	11	4	0.2013	0.0590	0.0568
ENSG00000157168.20	NRG1	protein_coding	9	6	3	0.0357	0.0105	0.0101
ENSG00000157181.16	ODR4	protein_coding	1181	618	563	24.6234	7.2126	6.9452
ENSG00000157184.7	CPT2	protein_coding	529	775	723	4.4527	1.3043	1.2559
ENSG00000157191.20	NECAP2	protein_coding	2828	1426	1402	43.5853	12.7668	12.2935
ENSG00000157193.18	LRP8	protein_coding	1468	1050	1049	6.3384	1.8566	1.7878
ENSG00000157211.11	CDCP2	protein_coding	0	1	0	0.0000	0.0000	0.0000
ENSG00000157212.19	PAXIP1	protein_coding	414	360	337	3.6308	1.0635	1.0241
ENSG00000157214.14	STEAP2	protein_coding	51	31	20	0.4967	0.1455	0.1401
ENSG00000157216.15	SSBP3	protein_coding	1330	676	666	21.6078	6.3293	6.0946
ENSG00000157219.5	HTR5A	protein_coding	0	0	0	0.0000	0.0000	0.0000
ENSG00000157224.16	CLDN12	protein_coding	2631	1299	1332	33.3073	9.7562	9.3945
ENSG00000157227.13	MMP14	protein_coding	54138	27167	26979	1031.2748	302.0766	290.8771
ENSG00000157240.4	FZD1	protein_coding	1535	765	770	18.9082	5.5385	5.3332
ENSG00000157259.8	GATAD1	protein_coding	1918	920	1006	25.7026	7.5287	7.2496
ENSG00000157303.11	SUSD3	protein_coding	177	75	102	11.9483	3.4998	3.3701
ENSG00000157306.14	ZFHX2-AS1	lncRNA	16	12	18	0.2666	0.0781	0.0752
ENSG00000157315.5	TMED6	protein_coding	30	21	14	1.8381	0.5384	0.5184
ENSG00000157322.17	CLEC18A	protein_coding	3	2	1	0.0415	0.0122	0.0117
ENSG00000157326.19	DHRS4	protein_coding	370	348	336	14.5668	4.2668	4.1086
ENSG00000157330.10	C1orf158	protein_coding	0	0	0	0.0000	0.0000	0.0000
ENSG00000157335.21	CLEC18C	protein_coding	0	0	0	0.0000	0.0000	0.0000
ENSG00000157343.9	ARMC12	protein_coding	3	0	4	0.1797	0.0526	0.0507
ENSG00000157349.17	DDX19B	protein_coding	692	430	382	13.1908	3.8638	3.7205
ENSG00000157350.13	ST3GAL2	protein_coding	2146	1260	1231	18.7008	5.4778	5.2747
ENSG00000157353.17	FCSK	protein_coding	880	436	444	10.3347	3.0272	2.9150
ENSG00000157368.11	IL34	protein_coding	131	71	60	4.9819	1.4593	1.4052
ENSG00000157379.14	DHRS1	protein_coding	837	431	434	14.3622	4.2069	4.0509
ENSG00000157388.19	CACNA1D	protein_coding	1	1	2	0.0044	0.0013	0.0012
ENSG00000157399.16	ARSL	protein_coding	578	266	312	16.1354	4.7263	4.5511
ENSG00000157404.16	KIT	protein_coding	162	82	80	2.4730	0.7244	0.6975
ENSG00000157423.18	HYDIN	protein_coding	3	2	1	0.0089	0.0026	0.0025
ENSG00000157426.14	AASDH	protein_coding	745	373	373	13.5938	3.9818	3.8342
ENSG00000157429.16	ZNF19	protein_coding	73	46	30	0.6720	0.1968	0.1895
ENSG00000157445.15	CACNA2D3	protein_coding	2	1	1	0.0360	0.0105	0.0102
ENSG00000157450.16	RNF111	protein_coding	2455	1201	1254	29.0645	8.5134	8.1978
ENSG00000157456.8	CCNB2	protein_coding	707	369	338	21.8085	6.3880	6.1512
ENSG00000157470.12	FAM81A	protein_coding	980	703	621	14.9384	4.3757	4.2135
ENSG00000157483.9	MYO1E	protein_coding	15169	7603	7915	141.9145	41.5690	40.0278
ENSG00000157500.12	APPL1	protein_coding	1344	723	763	15.1853	4.4480	4.2831
ENSG00000157502.13	PWWP3B	protein_coding	4	2	2	0.0782	0.0229	0.0221
ENSG00000157510.14	AFAP1L1	protein_coding	1064	540	526	13.7569	4.0296	3.8802
ENSG00000157514.16	TSC22D3	protein_coding	11596	5780	5923	206.6172	60.5214	58.2776
ENSG00000157538.14	VPS26C	protein_coding	5621	2844	2789	51.3211	15.0328	14.4754
ENSG00000157540.22	DYRK1A	protein_coding	4551	2261	2305	14.4406	4.2299	4.0730
ENSG00000157542.11	KCNJ6	protein_coding	13	7	6	0.0553	0.0162	0.0156
ENSG00000157551.19	KCNJ15	protein_coding	86	42	44	0.7062	0.2068	0.1992
ENSG00000157554.19	ERG	protein_coding	312	158	154	3.4945	1.0236	0.9856
ENSG00000157557.13	ETS2	protein_coding	1127	647	569	19.2295	5.6326	5.4238
ENSG00000157570.12	TSPAN18	protein_coding	495	262	262	6.9896	2.0474	1.9715
ENSG00000157578.13	LCA5L	protein_coding	35	36	32	0.5089	0.1491	0.1435
ENSG00000157593.19	SLC35B2	protein_coding	2717	1422	1296	97.6423	28.6010	27.5406
ENSG00000157600.12	TMEM164	protein_coding	3020	1511	1510	38.9579	11.4114	10.9883
ENSG00000157601.14	MX1	protein_coding	38538	24348	24117	379.8357	111.2598	107.1349
ENSG00000157613.11	CREB3L1	protein_coding	508	237	271	10.7232	3.1410	3.0246
ENSG00000157617.17	C2CD2	protein_coding	8538	4164	4376	83.0528	24.3275	23.4255
ENSG00000157625.15	TAB3	protein_coding	1146	625	607	7.6563	2.2426	2.1595
ENSG00000157637.13	SLC38A10	protein_coding	8458	4741	4465	90.8381	26.6079	25.6214
ENSG00000157653.12	C9orf43	protein_coding	47	95	96	1.7818	0.5219	0.5026
ENSG00000157654.19	PALM2AKAP2	protein_coding	9261	4720	4541	42.8792	12.5600	12.0943
ENSG00000157657.14	ZNF618	protein_coding	653	343	310	5.3402	1.5642	1.5062
ENSG00000157680.15	DGKI	protein_coding	33	19	14	0.1802	0.0528	0.0508
ENSG00000157693.15	TMEM268	protein_coding	1119	584	536	19.8301	5.8086	5.5932
ENSG00000157703.16	SVOPL	protein_coding	2	1	1	0.0269	0.0079	0.0076
ENSG00000157734.14	SNX22	protein_coding	55	8830	9073	0.8099	0.2372	0.2284
ENSG00000157741.15	UBN2	protein_coding	1022	541	481	5.2175	1.5283	1.4716
ENSG00000157764.14	BRAF	protein_coding	2387	1390	1367	8.6504	2.5338	2.4399
ENSG00000157765.13	SLC34A2	protein_coding	1	1	0	0.0168	0.0049	0.0047
ENSG00000157766.19	ACAN	protein_coding	41	19	22	0.3190	0.0934	0.0900
ENSG00000157778.9	PSMG3	protein_coding	920	442	491	39.5980	11.5989	11.1688
ENSG00000157782.9	CABP1	protein_coding	2	1	1	0.0290	0.0085	0.0082
ENSG00000157796.18	WDR19	protein_coding	926	465	464	8.9634	2.6255	2.5282
ENSG00000157800.18	SLC37A3	protein_coding	6395	3302	3093	51.2907	15.0239	14.4669
ENSG00000157823.17	AP3S2	protein_coding	650	314	342	5.9758	1.7504	1.6855
ENSG00000157827.20	FMNL2	protein_coding	2054	1183	1197	26.5328	7.7719	7.4837
ENSG00000157833.13	GAREM2	protein_coding	120	65	55	1.7150	0.5023	0.4837
ENSG00000157837.16	SPPL3	protein_coding	1886	955	931	24.0517	7.0451	6.7839
ENSG00000157851.17	DPYSL5	protein_coding	0	0	0	0.0000	0.0000	0.0000
ENSG00000157856.12	DRC1	protein_coding	22	8	14	0.6137	0.1798	0.1731
ENSG00000157869.16	RAB28	protein_coding	932	476	457	35.6352	10.4381	10.0511
ENSG00000157870.17	PRXL2B	protein_coding	1188	850	807	29.9275	8.7662	8.4412
ENSG00000157873.17	TNFRSF14	protein_coding	3470	2192	2170	47.3829	13.8792	13.3646
ENSG00000157881.16	PANK4	protein_coding	1077	542	535	18.0322	5.2819	5.0861
ENSG00000157884.11	CIB4	protein_coding	1	0	1	0.0813	0.0238	0.0229
ENSG00000157890.17	MEGF11	protein_coding	69	35	34	0.5962	0.1746	0.1682
ENSG00000157895.11	C12orf43	protein_coding	454	253	230	6.2791	1.8393	1.7711
ENSG00000157911.11	PEX10	protein_coding	911	1609	1514	20.4555	5.9917	5.7696
ENSG00000157916.20	RER1	protein_coding	4953	3649	3517	73.9341	21.6565	20.8535
ENSG00000157927.17	RADIL	protein_coding	167	81	86	2.1774	0.6378	0.6142
ENSG00000157933.10	SKI	protein_coding	6260	3036	3224	81.1606	23.7732	22.8918
ENSG00000157954.15	WIPI2	protein_coding	2622	1299	1327	24.7870	7.2605	6.9913
ENSG00000157965.12	SSX8P	transcribed_unprocessed_pseudogene	0	0	0	0.0000	0.0000	0.0000
ENSG00000157978.12	LDLRAP1	protein_coding	4386	2155	2231	69.3467	20.3127	19.5596
ENSG00000157985.19	AGAP1	protein_coding	1599	783	816	9.7297	2.8500	2.7443
ENSG00000157992.12	KRTCAP3	protein_coding	5	26	28	0.3026	0.0886	0.0854
ENSG00000157999.6	ANKRD61	protein_coding	11	6	6	0.6564	0.1923	0.1852
ENSG00000158006.14	PAFAH2	protein_coding	2154	1073	1084	48.1999	14.1185	13.5951
ENSG00000158008.10	EXTL1	protein_coding	6292	3238	3054	117.6397	34.4585	33.1810
ENSG00000158014.15	SLC30A2	protein_coding	8	3	5	0.1951	0.0571	0.0550
ENSG00000158019.21	BABAM2	protein_coding	1069	528	546	26.7630	7.8393	7.5486
ENSG00000158022.7	TRIM63	protein_coding	968	498	470	31.9111	9.3473	9.0007
ENSG00000158023.10	CFAP251	protein_coding	13	4	9	0.0718	0.0210	0.0202
ENSG00000158042.9	MRPL17	protein_coding	2544	1298	1247	82.7097	24.2270	23.3287
ENSG00000158050.5	DUSP2	protein_coding	232	121	111	10.2133	2.9916	2.8807
ENSG00000158055.16	GRHL3	protein_coding	19	8	11	0.4132	0.1210	0.1165
ENSG00000158062.20	UBXN11	protein_coding	842	4885	4778	15.2005	4.4525	4.2874
ENSG00000158077.5	NLRP14	protein_coding	1	1	1	0.0223	0.0065	0.0063
ENSG00000158079.16	PTPDC1	protein_coding	380	195	185	5.0667	1.4841	1.4291
ENSG00000158089.15	GALNT14	protein_coding	5	3	2	0.0977	0.0286	0.0276
ENSG00000158092.7	NCK1	protein_coding	1546	785	803	23.8270	6.9793	6.7206
ENSG00000158104.11	HPD	protein_coding	3	3	0	0.1146	0.0336	0.0323
ENSG00000158106.14	RHPN1	protein_coding	397	214	184	8.0577	2.3602	2.2727
ENSG00000158109.15	TPRG1L	protein_coding	3520	1782	1738	124.4981	36.4674	35.1154
ENSG00000158113.13	LRRC43	protein_coding	5	3	2	0.1533	0.0449	0.0433
ENSG00000158122.12	PRXL2C	protein_coding	818	398	420	22.4225	6.5679	6.3244
ENSG00000158125.10	XDH	protein_coding	1	0	1	0.0140	0.0041	0.0039
ENSG00000158156.9	XKR8	protein_coding	1452	703	755	23.8040	6.9726	6.7140
ENSG00000158158.12	CNNM4	protein_coding	1056	533	525	17.6250	5.1626	4.9712
ENSG00000158161.16	EYA3	protein_coding	2141	1060	1084	28.3024	8.2902	7.9829
ENSG00000158163.15	DZIP1L	protein_coding	434	222	212	7.3053	2.1399	2.0605
ENSG00000158164.7	TMSB15A	protein_coding	32	16	16	4.2862	1.2555	1.2089
ENSG00000158169.13	FANCC	protein_coding	218	116	103	1.4453	0.4233	0.4077
ENSG00000158186.13	MRAS	protein_coding	6280	3083	3197	85.2190	24.9620	24.0365
ENSG00000158195.11	WASF2	protein_coding	7890	4012	3881	117.9409	34.5467	33.2659
ENSG00000158201.10	ABHD3	protein_coding	238	106	132	4.6601	1.3650	1.3144
ENSG00000158220.14	ESYT3	protein_coding	742	368	374	6.4192	1.8803	1.8106
ENSG00000158234.12	FAIM	protein_coding	499	242	257	10.4065	3.0482	2.9352
ENSG00000158246.8	TENT5B	protein_coding	170	87	83	6.0607	1.7753	1.7094
ENSG00000158258.16	CLSTN2	protein_coding	57	35	22	0.3316	0.0971	0.0935
ENSG00000158270.12	COLEC12	protein_coding	735	372	391	8.5001	2.4898	2.3975
ENSG00000158286.13	RNF207	protein_coding	271	203	221	3.4895	1.0221	0.9842
ENSG00000158290.18	CUL4B	protein_coding	4743	2344	2400	49.8549	14.6033	14.0619
ENSG00000158292.7	GPR153	protein_coding	3627	1837	1790	73.3698	21.4912	20.6944
ENSG00000158296.14	SLC13A3	protein_coding	1304	633	671	18.2884	5.3570	5.1584
ENSG00000158301.18	GPRASP2	protein_coding	899	448	451	19.2059	5.6257	5.4171
ENSG00000158315.11	RHBDL2	protein_coding	13	22	23	0.3906	0.1144	0.1102
ENSG00000158321.18	AUTS2	protein_coding	414	205	209	1.4127	0.4138	0.3985
ENSG00000158352.16	SHROOM4	protein_coding	2014	995	1019	16.9119	4.9538	4.7701
ENSG00000158373.8	H2BC5	protein_coding	227	114	113	22.1320	6.4828	6.2425
ENSG00000158402.20	CDC25C	protein_coding	160	106	84	4.0705	1.1923	1.1481
ENSG00000158406.5	H4C8	protein_coding	61	33	28	2.3949	0.7015	0.6755
ENSG00000158411.11	MITD1	protein_coding	469	306	271	9.2515	2.7099	2.6094
ENSG00000158417.11	EIF5B	protein_coding	10187	5224	5116	109.9917	32.2183	31.0238
ENSG00000158423.17	RIBC1	protein_coding	28	14	16	0.7944	0.2327	0.2241
ENSG00000158427.15	TMSB15B	protein_coding	22	15	12	0.3383	0.0991	0.0954
ENSG00000158428.4	CATIP	protein_coding	4	6	10	0.0889	0.0260	0.0251
ENSG00000158435.8	CNOT11	protein_coding	2234	1129	1105	70.2118	20.5661	19.8036
ENSG00000158445.10	KCNB1	protein_coding	9	1	9	0.0431	0.0126	0.0122
ENSG00000158457.6	TSPAN33	protein_coding	2922	1468	1454	70.2939	20.5902	19.8268
ENSG00000158458.21	NRG2	protein_coding	412	259	230	7.6043	2.2274	2.1448
ENSG00000158467.16	AHCYL2	protein_coding	2650	1330	1333	32.8141	9.6118	9.2554
ENSG00000158470.5	B4GALT5	protein_coding	6000	3004	2997	107.9040	31.6068	30.4350
ENSG00000158473.8	CD1D	protein_coding	86	45	41	1.6754	0.4908	0.4726
ENSG00000158477.7	CD1A	protein_coding	15	7	8	0.7041	0.2063	0.1986
ENSG00000158480.11	SPATA2	protein_coding	738	371	367	14.6053	4.2781	4.1195
ENSG00000158481.13	CD1C	protein_coding	25	15	10	0.8694	0.2547	0.2452
ENSG00000158482.10	SNX29P1	unprocessed_pseudogene	3	1	2	0.2530	0.0741	0.0714
ENSG00000158483.17	FAM86C1P	transcribed_unprocessed_pseudogene	142	152	128	3.5751	1.0472	1.0084
ENSG00000158485.11	CD1B	protein_coding	10	6	4	0.6087	0.1783	0.1717
ENSG00000158486.13	DNAH3	protein_coding	12	2	10	0.0681	0.0200	0.0192
ENSG00000158488.16	CD1E	protein_coding	15	6	9	0.5782	0.1694	0.1631
ENSG00000158497.5	HMHB1	protein_coding	1	0	1	0.2211	0.0648	0.0624
ENSG00000158516.12	CPA2	protein_coding	242	121	121	11.4617	3.3573	3.2328
ENSG00000158517.15	NCF1	protein_coding	154	79	77	3.7121	1.0873	1.0470
ENSG00000158525.16	CPA5	protein_coding	2	1	1	0.0573	0.0168	0.0162
ENSG00000158526.8	TSR2	protein_coding	1906	1381	1335	39.7101	11.6317	11.2005
ENSG00000158528.12	PPP1R9A	protein_coding	1768	883	886	13.4125	3.9287	3.7831
ENSG00000158545.16	ZC3H18	protein_coding	3046	1528	1519	29.9939	8.7857	8.4600
ENSG00000158552.13	ZFAND2B	protein_coding	803	419	384	20.0680	5.8782	5.6603
ENSG00000158553.4	POM121L2	protein_coding	0	0	0	0.0000	0.0000	0.0000
ENSG00000158555.15	GDPD5	protein_coding	1147	586	563	9.8338	2.8805	2.7737
ENSG00000158560.14	DYNC1I1	protein_coding	2363	1176	1187	43.9289	12.8675	12.3904
ENSG00000158571.11	PFKFB1	protein_coding	3	2	1	0.1175	0.0344	0.0331
ENSG00000158578.21	ALAS2	protein_coding	0	0	0	0.0000	0.0000	0.0000
ENSG00000158604.15	TMED4	protein_coding	5332	2705	2632	120.1369	35.1900	33.8853
ENSG00000158615.9	PPP1R15B	protein_coding	2424	1222	1202	39.1419	11.4653	11.0402
ENSG00000158623.14	COPG2	protein_coding	2739	1776	1903	56.1964	16.4608	15.8505
ENSG00000158636.16	EMSY	protein_coding	1294	673	621	9.3259	2.7317	2.6304
ENSG00000158639.13	PAGE5	protein_coding	0	0	0	0.0000	0.0000	0.0000
ENSG00000158669.11	GPAT4	protein_coding	5701	4309	4460	60.9814	17.8624	17.2002
ENSG00000158683.9	PKD1L1	protein_coding	37	18	20	0.3062	0.0897	0.0864
ENSG00000158691.14	ZSCAN12	protein_coding	160	85	75	2.4727	0.7243	0.6974
ENSG00000158710.15	TAGLN2	protein_coding	24025	12091	11936	901.9513	264.1957	254.4006
ENSG00000158711.14	ELK4	protein_coding	3263	1697	1598	22.7295	6.6578	6.4110
ENSG00000158714.11	SLAMF8	protein_coding	244	661	691	6.5200	1.9098	1.8390
ENSG00000158715.6	SLC45A3	protein_coding	105	51	54	2.3765	0.6961	0.6703
ENSG00000158716.9	DUSP23	protein_coding	573	295	279	58.8385	17.2347	16.5957
ENSG00000158717.11	RNF166	protein_coding	483	357	330	9.3709	2.7449	2.6431
ENSG00000158731.2	OR10J6P	unprocessed_pseudogene	0	0	0	0.0000	0.0000	0.0000
ENSG00000158747.15	NBL1	protein_coding	9245	4710	4537	227.6942	66.6952	64.2225
ENSG00000158748.4	HTR6	protein_coding	2	1	2	0.0447	0.0131	0.0126
ENSG00000158764.7	ITLN2	protein_coding	0	0	0	0.0000	0.0000	0.0000
ENSG00000158769.18	F11R	protein_coding	286	148	138	4.7989	1.4057	1.3536
ENSG00000158773.14	USF1	protein_coding	1606	813	794	58.3828	17.1012	16.4672
ENSG00000158786.5	PLA2G2F	protein_coding	0	0	0	0.0000	0.0000	0.0000
ENSG00000158792.16	SPATA2L	protein_coding	641	320	321	22.0559	6.4605	6.2210
ENSG00000158793.14	NIT1	protein_coding	1330	1010	977	29.7692	8.7199	8.3966
ENSG00000158796.17	DEDD	protein_coding	869	776	750	26.1595	7.6625	7.3784
ENSG00000158805.12	ZNF276	protein_coding	471	570	587	5.3645	1.5713	1.5131
ENSG00000158806.14	NPM2	protein_coding	218	113	105	8.9737	2.6285	2.5311
ENSG00000158813.18	EDA	protein_coding	56	55	59	0.6792	0.1989	0.1916
ENSG00000158815.11	FGF17	protein_coding	1	1	0	0.0258	0.0076	0.0073
ENSG00000158816.15	VWA5B1	protein_coding	1	0	1	0.0133	0.0039	0.0038
ENSG00000158825.6	CDA	protein_coding	33	20	13	3.4175	1.0010	0.9639
ENSG00000158828.8	PINK1	protein_coding	944	1983	2016	16.5870	4.8586	4.6785
ENSG00000158850.15	B4GALT3	protein_coding	2033	1094	1122	44.3813	13.0000	12.5180
ENSG00000158856.18	DMTN	protein_coding	3179	1585	1594	60.3537	17.6785	17.0231
ENSG00000158859.10	ADAMTS4	protein_coding	709	344	366	5.8240	1.7059	1.6427
ENSG00000158863.22	FAM160B2	protein_coding	3352	1748	1605	34.2956	10.0457	9.6733
ENSG00000158864.13	NDUFS2	protein_coding	5503	2786	2719	52.5194	15.3837	14.8134
ENSG00000158865.12	SLC5A11	protein_coding	2	0	2	0.0497	0.0146	0.0140
ENSG00000158869.11	FCER1G	protein_coding	1348	717	631	118.7477	34.7831	33.4935
ENSG00000158874.11	APOA2	protein_coding	1	0	2	0.0899	0.0263	0.0253
ENSG00000158882.15	TOMM40L	protein_coding	1159	983	990	29.9067	8.7601	8.4353
ENSG00000158887.19	MPZ	protein_coding	77	37	40	3.0413	0.8909	0.8578
ENSG00000158901.12	WFDC8	protein_coding	0	0	0	0.0000	0.0000	0.0000
ENSG00000158941.16	CCAR2	protein_coding	4486	4531	4514	58.3032	17.0779	16.4448
ENSG00000158955.11	WNT9B	protein_coding	11	7	4	0.1352	0.0396	0.0381
ENSG00000158966.16	CACHD1	protein_coding	1113	522	591	13.4600	3.9427	3.7965
ENSG00000158985.14	CDC42SE2	protein_coding	2559	1243	1316	36.0743	10.5667	10.1750
ENSG00000158987.22	RAPGEF6	protein_coding	544	265	279	4.1133	1.2049	1.1602
ENSG00000159023.22	EPB41	protein_coding	1720	1035	1032	7.3057	2.1400	2.0606
ENSG00000159055.4	MIS18A	protein_coding	446	237	209	22.3580	6.5490	6.3062
ENSG00000159063.13	ALG8	protein_coding	168	78	90	4.1461	1.2144	1.1694
ENSG00000159069.14	FBXW5	protein_coding	3605	1811	1794	92.9381	27.2230	26.2137
ENSG00000159079.19	CFAP298	protein_coding	255	137	118	4.0079	1.1740	1.1305
ENSG00000159082.18	SYNJ1	protein_coding	2459	1226	1233	25.9017	7.5870	7.3057
ENSG00000159086.15	PAXBP1	protein_coding	1058	620	640	12.5729	3.6828	3.5463
ENSG00000159110.20	IFNAR2	protein_coding	77	561	599	1.4172	0.4151	0.3997
ENSG00000159111.13	MRPL10	protein_coding	2025	1030	995	62.0584	18.1779	17.5039
ENSG00000159128.15	IFNGR2	protein_coding	5238	4330	4360	182.0767	53.3331	51.3558
ENSG00000159131.17	GART	protein_coding	7564	3712	3854	82.8717	24.2744	23.3744
ENSG00000159140.21	SON	protein_coding	12869	7493	7198	85.6996	25.1028	24.1721
ENSG00000159147.18	DONSON	protein_coding	784	1319	1286	18.9626	5.5544	5.3485
ENSG00000159164.10	SV2A	protein_coding	57	22	35	1.0114	0.2962	0.2853
ENSG00000159166.15	LAD1	protein_coding	84	41	43	2.1875	0.6407	0.6170
ENSG00000159167.12	STC1	protein_coding	192	92	100	3.9441	1.1553	1.1124
ENSG00000159173.19	TNNI1	protein_coding	21	13	12	0.2370	0.0694	0.0669
ENSG00000159176.14	CSRP1	protein_coding	20463	10160	10331	168.4170	49.3320	47.5030
ENSG00000159182.5	PRAC1	protein_coding	0	0	0	0.0000	0.0000	0.0000
ENSG00000159184.8	HOXB13	protein_coding	1	0	2	0.0279	0.0082	0.0079
ENSG00000159186.4	ATP5POP1	processed_pseudogene	1	0	1	0.1335	0.0391	0.0377
ENSG00000159189.12	C1QC	protein_coding	5679	2885	2795	362.0595	106.0529	102.1210
ENSG00000159197.4	KCNE2	protein_coding	0	11	8	0.0000	0.0000	0.0000
ENSG00000159199.14	ATP5MC1	protein_coding	2197	1119	1079	71.3462	20.8984	20.1236
ENSG00000159200.18	RCAN1	protein_coding	9278	4690	4589	113.1378	33.1398	31.9112
ENSG00000159202.18	UBE2Z	protein_coding	7314	3716	3600	108.6803	31.8342	30.6539
ENSG00000159208.16	CIART	protein_coding	205	113	92	6.1105	1.7898	1.7235
ENSG00000159210.10	SNF8	protein_coding	1459	1641	1512	24.8046	7.2657	6.9963
ENSG00000159212.13	CLIC6	protein_coding	104	53	51	2.0756	0.6080	0.5854
ENSG00000159214.13	CCDC24	protein_coding	268	157	166	6.3875	1.8710	1.8016
ENSG00000159216.19	RUNX1	protein_coding	1298	661	638	7.0776	2.0731	1.9963
ENSG00000159217.10	IGF2BP1	protein_coding	5	2	4	0.0441	0.0129	0.0124
ENSG00000159224.4	GIP	protein_coding	0	0	0	0.0000	0.0000	0.0000
ENSG00000159228.13	CBR1	protein_coding	7044	5118	5126	244.1550	71.5168	68.8653
ENSG00000159231.6	CBR3	protein_coding	642	1591	1571	54.6282	16.0015	15.4082
ENSG00000159239.13	AC005041.1	protein_coding	1	1	1	0.0121	0.0035	0.0034
ENSG00000159247.13	TUBBP5	transcribed_unprocessed_pseudogene	3	2	1	0.0905	0.0265	0.0255
ENSG00000159248.5	GJD2	protein_coding	0	0	0	0.0000	0.0000	0.0000
ENSG00000159251.8	ACTC1	protein_coding	2	2	0	0.0742	0.0217	0.0209
ENSG00000159256.13	MORC3	protein_coding	1949	1003	993	25.8286	7.5656	7.2851
ENSG00000159259.8	CHAF1B	protein_coding	896	471	425	14.9077	4.3667	4.2048
ENSG00000159261.12	CLDN14	protein_coding	52	31	36	1.8538	0.5430	0.5229
ENSG00000159263.16	SIM2	protein_coding	2	13	14	0.0221	0.0065	0.0062
ENSG00000159267.15	HLCS	protein_coding	3924	2018	1946	31.6787	9.2792	8.9352
ENSG00000159289.6	GOLGA6A	protein_coding	0	1	0	0.0000	0.0000	0.0000
ENSG00000159307.19	SCUBE1	protein_coding	11	6	5	0.0771	0.0226	0.0217
ENSG00000159314.11	ARHGAP27	protein_coding	415	213	223	3.3802	0.9901	0.9534
ENSG00000159322.17	ADPGK	protein_coding	1890	952	990	27.0611	7.9266	7.6328
ENSG00000159335.18	PTMS	protein_coding	7235	3711	3528	413.1805	121.0270	116.5400
ENSG00000159337.7	PLA2G4D	protein_coding	0	0	0	0.0000	0.0000	0.0000
ENSG00000159339.13	PADI4	protein_coding	0	0	0	0.0000	0.0000	0.0000
ENSG00000159346.13	ADIPOR1	protein_coding	8633	4326	4308	235.5022	68.9823	66.4248
ENSG00000159348.13	CYB5R1	protein_coding	6510	3215	3296	122.9882	36.0252	34.6896
ENSG00000159352.16	PSMD4	protein_coding	6287	3179	3109	176.7279	51.7664	49.8471
ENSG00000159363.19	ATP13A2	protein_coding	6863	3539	3613	110.9478	32.4984	31.2935
ENSG00000159374.17	M1AP	protein_coding	397	188	209	11.2378	3.2917	3.1697
ENSG00000159377.11	PSMB4	protein_coding	15913	8075	7839	635.9243	186.2722	179.3662
ENSG00000159387.8	IRX6	protein_coding	710	350	360	20.4246	5.9827	5.7609
ENSG00000159388.6	BTG2	protein_coding	1546	794	753	47.6195	13.9485	13.4314
ENSG00000159398.16	CES5A	protein_coding	0	0	0	0.0000	0.0000	0.0000
ENSG00000159399.10	HK2	protein_coding	10326	5153	5174	148.1731	43.4022	41.7931
ENSG00000159403.18	C1R	protein_coding	13597	6815	6784	198.9770	58.2835	56.1226
ENSG00000159409.15	CELF3	protein_coding	2	2	1	0.0251	0.0073	0.0071
ENSG00000159423.17	ALDH4A1	protein_coding	3442	1670	1772	80.4780	23.5733	22.6993
ENSG00000159433.12	STARD9	protein_coding	378	189	190	1.5450	0.4526	0.4358
ENSG00000159445.13	THEM4	protein_coding	1366	682	684	16.7221	4.8982	4.7166
ENSG00000159450.12	TCHH	protein_coding	9	3	6	0.1093	0.0320	0.0308
ENSG00000159455.9	LCE2B	protein_coding	0	0	0	0.0000	0.0000	0.0000
ENSG00000159459.12	UBR1	protein_coding	2551	1234	1317	21.8203	6.3915	6.1545
ENSG00000159461.15	AMFR	protein_coding	10246	5561	5402	150.9271	44.2089	42.5699
ENSG00000159479.17	MED8	protein_coding	1615	1082	1055	50.7199	14.8566	14.3058
ENSG00000159495.8	TGM7	protein_coding	0	0	0	0.0000	0.0000	0.0000
ENSG00000159496.14	RGL4	protein_coding	19	79	77	0.3422	0.1002	0.0965
ENSG00000159516.9	SPRR2G	protein_coding	0	0	0	0.0000	0.0000	0.0000
ENSG00000159527.3	PGLYRP3	protein_coding	0	0	0	0.0000	0.0000	0.0000
ENSG00000159556.10	ISL2	protein_coding	4	3	4	0.1565	0.0458	0.0441
ENSG00000159579.14	RSPRY1	protein_coding	1571	770	801	22.0221	6.4506	6.2115
ENSG00000159588.15	CCDC17	protein_coding	12	6	6	0.3067	0.0898	0.0865
ENSG00000159592.11	GPBP1L1	protein_coding	3474	1765	1716	39.6897	11.6257	11.1947
ENSG00000159593.15	NAE1	protein_coding	2400	1199	1217	42.5489	12.4632	12.0012
ENSG00000159596.7	TMEM69	protein_coding	2057	1091	1090	119.2364	34.9262	33.6313
ENSG00000159618.16	ADGRG5	protein_coding	105	57	48	1.5838	0.4639	0.4467
ENSG00000159625.15	DRC7	protein_coding	1	0	1	0.0165	0.0048	0.0047
ENSG00000159640.17	ACE	protein_coding	268	133	135	2.7207	0.7969	0.7674
ENSG00000159648.11	TEPP	protein_coding	12	9	3	0.3284	0.0962	0.0926
ENSG00000159650.9	UROC1	protein_coding	0	0	0	0.0000	0.0000	0.0000
ENSG00000159658.14	EFCAB14	protein_coding	6167	3225	3190	32.1055	9.4042	9.0555
ENSG00000159674.12	SPON2	protein_coding	766	367	401	10.8687	3.1836	3.0656
ENSG00000159685.11	CHCHD6	protein_coding	4391	2202	2189	135.2505	39.6170	38.1482
ENSG00000159692.16	CTBP1	protein_coding	2830	2609	2763	28.7332	8.4164	8.1044
ENSG00000159708.18	LRRC36	protein_coding	14	2	12	0.2959	0.0867	0.0835
ENSG00000159712.10	ANKRD18CP	unprocessed_pseudogene	19	13	6	0.5414	0.1586	0.1527
ENSG00000159713.11	TPPP3	protein_coding	654	323	331	21.3525	6.2545	6.0226
ENSG00000159714.12	ZDHHC1	protein_coding	567	290	277	13.6363	3.9943	3.8462
ENSG00000159720.12	ATP6V0D1	protein_coding	6629	3296	3334	69.0213	20.2174	19.4679
ENSG00000159723.5	AGRP	protein_coding	1	1	0	0.1705	0.0499	0.0481
ENSG00000159733.14	ZFYVE28	protein_coding	1014	521	494	8.9585	2.6241	2.5268
ENSG00000159753.14	CARMIL2	protein_coding	178	92	96	1.9811	0.5803	0.5588
ENSG00000159761.15	C16orf86	protein_coding	61	39	41	2.8939	0.8477	0.8163
ENSG00000159763.4	PIP	protein_coding	0	0	0	0.0000	0.0000	0.0000
ENSG00000159784.18	FAM131B	protein_coding	29	15	14	0.3830	0.1122	0.1080
ENSG00000159788.19	RGS12	protein_coding	4815	2355	2460	29.7268	8.7074	8.3846
ENSG00000159792.10	PSKH1	protein_coding	1374	821	863	29.2213	8.5594	8.2420
ENSG00000159840.16	ZYX	protein_coding	6827	3976	4106	177.4570	51.9799	50.0528
ENSG00000159842.15	ABR	protein_coding	11563	6005	5931	79.0226	23.1470	22.2888
ENSG00000159860.7	TCAF2P1	transcribed_unprocessed_pseudogene	0	2	3	0.0000	0.0000	0.0000
ENSG00000159871.15	LYPD5	protein_coding	127	65	62	2.0238	0.5928	0.5708
ENSG00000159873.10	CCDC117	protein_coding	859	419	440	16.8624	4.9393	4.7561
ENSG00000159882.13	ZNF230	protein_coding	156	75	90	2.1071	0.6172	0.5943
ENSG00000159884.12	CCDC107	protein_coding	108	620	608	6.2861	1.8413	1.7730
ENSG00000159885.14	ZNF222	protein_coding	128	64	64	5.4322	1.5912	1.5322
ENSG00000159899.15	NPR2	protein_coding	901	541	506	17.2794	5.0614	4.8738
ENSG00000159904.11	ZNF890P	transcribed_unprocessed_pseudogene	4	4	0	0.1956	0.0573	0.0552
ENSG00000159905.15	ZNF221	protein_coding	32	15	17	1.0002	0.2930	0.2821
ENSG00000159915.12	ZNF233	protein_coding	11	6	9	0.2306	0.0675	0.0650
ENSG00000159917.17	ZNF235	protein_coding	156	190	175	2.2120	0.6479	0.6239
ENSG00000159921.19	GNE	protein_coding	2166	1068	1099	31.4101	9.2005	8.8594
ENSG00000159958.7	TNFRSF13C	protein_coding	71	36	35	1.5369	0.4502	0.4335
ENSG00000159961.2	OR3A3	protein_coding	0	0	0	0.0000	0.0000	0.0000
ENSG00000160007.19	ARHGAP35	protein_coding	6863	3515	3349	50.0437	14.6586	14.1151
ENSG00000160013.9	PTGIR	protein_coding	75	40	35	1.8109	0.5304	0.5108
ENSG00000160014.17	CALM3	protein_coding	8226	5470	5297	133.4395	39.0865	37.6374
ENSG00000160049.12	DFFA	protein_coding	2018	1224	1183	25.8671	7.5769	7.2960
ENSG00000160050.15	CCDC28B	protein_coding	186	123	138	6.0541	1.7733	1.7076
ENSG00000160051.12	IQCC	protein_coding	131	99	81	4.5167	1.3230	1.2740
ENSG00000160055.20	TMEM234	protein_coding	169	137	132	4.0189	1.1772	1.1336
ENSG00000160058.19	BSDC1	protein_coding	3562	1797	1765	44.8727	13.1439	12.6566
ENSG00000160062.15	ZBTB8A	protein_coding	369	185	185	4.4278	1.2970	1.2489
ENSG00000160072.20	ATAD3B	protein_coding	717	361	356	7.9219	2.3205	2.2344
ENSG00000160075.12	SSU72	protein_coding	5979	2916	3069	73.3833	21.4951	20.6982
ENSG00000160087.21	UBE2J2	protein_coding	1513	736	781	27.3896	8.0228	7.7254
ENSG00000160094.15	ZNF362	protein_coding	1653	807	846	41.4815	12.1506	11.7001
ENSG00000160097.20	FNDC5	protein_coding	17	12	5	0.4513	0.1322	0.1273
ENSG00000160111.14	CPAMD8	protein_coding	55	28	30	0.4581	0.1342	0.1292
ENSG00000160113.5	NR2F6	protein_coding	812	395	419	25.7681	7.5479	7.2680
ENSG00000160117.16	ANKLE1	protein_coding	3	2	1	0.0714	0.0209	0.0201
ENSG00000160124.9	CCDC58	protein_coding	356	186	170	17.3148	5.0718	4.8837
ENSG00000160131.13	VMA21	protein_coding	2479	1194	1286	41.2053	12.0697	11.6222
ENSG00000160145.15	KALRN	protein_coding	3375	1725	1651	11.7030	3.4280	3.3009
ENSG00000160161.9	CILP2	protein_coding	172	82	90	3.3501	0.9813	0.9449
ENSG00000160172.10	FAM86C2P	transcribed_unprocessed_pseudogene	158	89	85	3.9440	1.1553	1.1124
ENSG00000160179.19	ABCG1	protein_coding	346	178	168	4.8003	1.4061	1.3539
ENSG00000160180.15	TFF3	protein_coding	22	13	9	1.5995	0.4685	0.4512
ENSG00000160181.9	TFF2	protein_coding	0	0	0	0.0000	0.0000	0.0000
ENSG00000160182.3	TFF1	protein_coding	0	0	0	0.0000	0.0000	0.0000
ENSG00000160183.17	TMPRSS3	protein_coding	11	7	4	0.1903	0.0557	0.0537
ENSG00000160185.15	UBASH3A	protein_coding	158	82	76	3.4246	1.0031	0.9659
ENSG00000160188.10	RSPH1	protein_coding	6	4	2	0.1769	0.0518	0.0499
ENSG00000160190.14	SLC37A1	protein_coding	832	428	404	10.3084	3.0195	2.9075
ENSG00000160191.18	PDE9A	protein_coding	40	25	15	0.6432	0.1884	0.1814
ENSG00000160193.12	WDR4	protein_coding	987	518	469	30.6123	8.9668	8.6344
ENSG00000160194.18	NDUFV3	protein_coding	2940	1458	1483	39.3671	11.5312	11.1037
ENSG00000160199.15	PKNOX1	protein_coding	956	462	495	10.6527	3.1203	3.0046
ENSG00000160200.18	CBS	protein_coding	66	33	33	0.8259	0.2419	0.2330
ENSG00000160201.12	U2AF1	protein_coding	17	7	10	0.1301	0.0381	0.0367
ENSG00000160202.7	CRYAA	protein_coding	0	0	0	0.0000	0.0000	0.0000
ENSG00000160207.9	HSF2BP	protein_coding	17	12	5	0.7562	0.2215	0.2133
ENSG00000160208.13	RRP1B	protein_coding	4125	2025	2100	60.9212	17.8448	17.1832
ENSG00000160209.19	PDXK	protein_coding	7211	3679	3534	51.4071	15.0579	14.4997
ENSG00000160211.19	G6PD	protein_coding	6676	3808	3666	158.0951	46.3085	44.5916
ENSG00000160213.9	CSTB	protein_coding	27901	13516	14390	620.2527	181.6817	174.9459
ENSG00000160214.13	RRP1	protein_coding	3505	1744	1762	70.0179	20.5093	19.7490
ENSG00000160216.21	AGPAT3	protein_coding	6499	3234	3265	44.8151	13.1270	12.6404
ENSG00000160218.13	TRAPPC10	protein_coding	1702	840	862	12.0939	3.5425	3.4112
ENSG00000160219.12	GAB3	protein_coding	491	222	269	7.9089	2.3167	2.2308
ENSG00000160221.18	GATD3A	protein_coding	10	4	7	0.1069	0.0313	0.0301
ENSG00000160223.17	ICOSLG	protein_coding	8	5	5	0.0727	0.0213	0.0205
ENSG00000160224.17	AIRE	protein_coding	0	0	0	0.0000	0.0000	0.0000
ENSG00000160226.16	CFAP410	protein_coding	182	405	393	2.5492	0.7467	0.7190
ENSG00000160229.13	ZNF66	protein_coding	9	3	6	0.1345	0.0394	0.0379
ENSG00000160233.8	LRRC3	protein_coding	1047	515	533	15.2116	4.4557	4.2905
ENSG00000160255.18	ITGB2	protein_coding	4155	2069	2093	51.3677	15.0464	14.4885
ENSG00000160256.13	FAM207A	protein_coding	993	503	491	60.2329	17.6431	16.9890
ENSG00000160271.16	RALGDS	protein_coding	181	94	88	2.0098	0.5887	0.5669
ENSG00000160282.14	FTCD	protein_coding	5	4	2	0.1278	0.0374	0.0360
ENSG00000160284.15	SPATC1L	protein_coding	967	497	471	35.1985	10.3102	9.9279
ENSG00000160285.15	LSS	protein_coding	5356	2832	2837	62.8397	18.4067	17.7243
ENSG00000160293.17	VAV2	protein_coding	716	376	340	10.7010	3.1345	3.0183
ENSG00000160294.11	MCM3AP	protein_coding	3808	3481	3329	33.7907	9.8978	9.5309
ENSG00000160298.18	C21orf58	protein_coding	141	70	71	2.2528	0.6599	0.6354
ENSG00000160299.17	PCNT	protein_coding	2466	1248	1219	17.9893	5.2694	5.0740
ENSG00000160305.18	DIP2A	protein_coding	2213	1127	1090	13.6596	4.0011	3.8528
ENSG00000160307.10	S100B	protein_coding	237528	121327	116214	11168.8726	3271.5378	3150.2461
ENSG00000160310.18	PRMT2	protein_coding	9157	4648	4514	102.2776	29.9587	28.8480
ENSG00000160318.6	CLDND2	protein_coding	24	11	13	1.7631	0.5164	0.4973
ENSG00000160321.15	ZNF208	protein_coding	9	6	3	0.0642	0.0188	0.0181
ENSG00000160323.19	ADAMTS13	protein_coding	79	39	40	1.1753	0.3443	0.3315
ENSG00000160325.15	CACFD1	protein_coding	396	191	206	9.5536	2.7984	2.6946
ENSG00000160326.14	SLC2A6	protein_coding	820	426	395	19.7210	5.7766	5.5624
ENSG00000160336.16	ZNF761	protein_coding	141	68	73	2.1283	0.6234	0.6003
ENSG00000160339.16	FCN2	protein_coding	0	0	0	0.0000	0.0000	0.0000
ENSG00000160345.13	C9orf116	protein_coding	35	27	19	1.5945	0.4671	0.4497
ENSG00000160349.10	LCN1	protein_coding	0	0	0	0.0000	0.0000	0.0000
ENSG00000160352.16	ZNF714	protein_coding	237	114	123	2.0449	0.5990	0.5768
ENSG00000160360.13	GPSM1	protein_coding	615	338	299	10.1647	2.9774	2.8670
ENSG00000160392.13	C19orf47	protein_coding	734	375	360	12.7860	3.7452	3.6064
ENSG00000160396.9	HIPK4	protein_coding	10	6	7	0.3472	0.1017	0.0979
ENSG00000160401.15	CFAP157	protein_coding	39	197	225	0.7041	0.2062	0.1986
ENSG00000160404.18	TOR2A	protein_coding	217	112	111	4.8622	1.4242	1.3714
ENSG00000160408.15	ST6GALNAC6	protein_coding	2	1	1	0.0320	0.0094	0.0090
ENSG00000160410.15	SHKBP1	protein_coding	4881	2461	2421	105.3627	30.8624	29.7182
ENSG00000160439.16	RDH13	protein_coding	289	175	146	2.8531	0.8357	0.8047
ENSG00000160445.11	ZER1	protein_coding	2216	1079	1140	43.0626	12.6137	12.1461
ENSG00000160446.19	ZDHHC12	protein_coding	798	418	407	26.1042	7.6463	7.3628
ENSG00000160447.7	PKN3	protein_coding	390	211	205	9.7610	2.8591	2.7531
ENSG00000160460.16	SPTBN4	protein_coding	24	16	9	0.1732	0.0507	0.0489
ENSG00000160469.17	BRSK1	protein_coding	2511	1387	1337	53.9290	15.7966	15.2110
ENSG00000160471.13	COX6B2	protein_coding	2	1	1	0.0457	0.0134	0.0129
ENSG00000160472.5	TMEM190	protein_coding	0	0	1	0.0000	0.0000	0.0000
ENSG00000160505.16	NLRP4	protein_coding	0	0	0	0.0000	0.0000	0.0000
ENSG00000160539.6	PLPP7	protein_coding	36	18	18	0.7030	0.2059	0.1983
ENSG00000160551.12	TAOK1	protein_coding	5870	3012	2858	29.1664	8.5433	8.2266
ENSG00000160563.14	MED27	protein_coding	462	235	228	10.1720	2.9795	2.8691
ENSG00000160570.14	DEDD2	protein_coding	754	390	364	24.3368	7.1286	6.8643
ENSG00000160584.16	SIK3	protein_coding	1620	797	823	12.5981	3.6902	3.5534
ENSG00000160588.10	MPZL3	protein_coding	174	96	78	3.7098	1.0867	1.0464
ENSG00000160593.19	JAML	protein_coding	408	185	224	4.0278	1.1798	1.1361
ENSG00000160602.14	NEK8	protein_coding	137	137	98	2.6369	0.7724	0.7438
ENSG00000160606.11	TLCD1	protein_coding	322	188	183	20.4674	5.9952	5.7729
ENSG00000160613.14	PCSK7	protein_coding	409	1094	1118	1.5640	0.4581	0.4411
ENSG00000160633.13	SAFB	protein_coding	4499	2254	2252	54.3003	15.9054	15.3157
ENSG00000160654.11	CD3G	protein_coding	255	120	135	5.6451	1.6535	1.5922
ENSG00000160678.12	S100A1	protein_coding	297	16431	16076	8.3239	2.4382	2.3478
ENSG00000160679.13	CHTOP	protein_coding	2077	1287	1249	31.3564	9.1848	8.8443
ENSG00000160683.5	CXCR5	protein_coding	3	767	733	0.0593	0.0174	0.0167
ENSG00000160685.13	ZBTB7B	protein_coding	1818	917	903	35.8785	10.5094	10.1198
ENSG00000160688.19	FLAD1	protein_coding	1769	846	924	37.3785	10.9488	10.5428
ENSG00000160691.19	SHC1	protein_coding	14112	8386	8568	276.0012	80.8451	77.8478
ENSG00000160695.15	VPS11	protein_coding	2398	1165	1235	35.2622	10.3289	9.9459
ENSG00000160703.16	NLRX1	protein_coding	470	225	245	7.5024	2.1976	2.1161
ENSG00000160710.17	ADAR	protein_coding	25088	12443	12646	221.2571	64.8097	62.4069
ENSG00000160712.13	IL6R	protein_coding	1838	914	929	24.1878	7.0850	6.8223
ENSG00000160714.10	UBE2Q1	protein_coding	3110	1711	1824	63.0316	18.4630	17.7784
ENSG00000160716.6	CHRNB2	protein_coding	1	0	1	0.0144	0.0042	0.0041
ENSG00000160741.17	CRTC2	protein_coding	1897	959	938	44.7235	13.1002	12.6145
ENSG00000160746.13	ANO10	protein_coding	2217	1094	1123	35.6232	10.4346	10.0477
ENSG00000160752.15	FDPS	protein_coding	1305	2416	2370	29.8067	8.7308	8.4071
ENSG00000160753.16	RUSC1	protein_coding	1771	1034	961	27.7020	8.1143	7.8135
ENSG00000160766.14	GBAP1	transcribed_unprocessed_pseudogene	227	120	111	5.2727	1.5445	1.4872
ENSG00000160767.21	FAM189B	protein_coding	2421	1204	1217	46.0144	13.4783	12.9786
ENSG00000160781.17	PAQR6	protein_coding	21	10	12	0.7046	0.2064	0.1987
ENSG00000160783.19	PMF1	protein_coding	261	135	126	8.7953	2.5763	2.4808
ENSG00000160785.13	SLC25A44	protein_coding	1902	928	974	22.1471	6.4872	6.2467
ENSG00000160789.22	LMNA	protein_coding	29002	14494	14515	302.2288	88.5276	85.2454
ENSG00000160791.13	CCR5	protein_coding	650	323	327	15.0322	4.4032	4.2399
ENSG00000160796.18	NBEAL2	protein_coding	1086	553	533	7.6483	2.2403	2.1573
ENSG00000160799.11	CCDC12	protein_coding	637	300	338	11.3787	3.3330	3.2094
ENSG00000160801.14	PTH1R	protein_coding	15	10	5	0.4577	0.1341	0.1291
ENSG00000160803.8	UBQLN4	protein_coding	2448	1245	1207	53.5235	15.6779	15.0966
ENSG00000160808.11	MYL3	protein_coding	9	6	3	0.2726	0.0798	0.0769
ENSG00000160813.7	PPP1R35	protein_coding	132	205	184	10.0174	2.9343	2.8255
ENSG00000160818.17	GPATCH4	protein_coding	2692	1362	1331	49.4497	14.4846	13.9476
ENSG00000160838.14	LRRC71	protein_coding	0	0	0	0.0000	0.0000	0.0000
ENSG00000160856.21	FCRL3	protein_coding	87	40	58	1.1454	0.3355	0.3231
ENSG00000160862.13	AZGP1	protein_coding	729	347	384	23.9578	7.0176	6.7574
ENSG00000160867.15	FGFR4	protein_coding	221	113	108	3.9018	1.1429	1.1005
ENSG00000160868.15	CYP3A4	protein_coding	1	1	0	0.0251	0.0074	0.0071
ENSG00000160870.15	CYP3A7	protein_coding	0	0	0	0.0000	0.0000	0.0000
ENSG00000160877.6	NACC1	protein_coding	5086	3094	2995	91.1962	26.7128	25.7224
ENSG00000160882.13	CYP11B1	protein_coding	0	0	0	0.0000	0.0000	0.0000
ENSG00000160883.11	HK3	protein_coding	252	119	137	6.4770	1.8972	1.8269
ENSG00000160886.13	LY6K	protein_coding	3	44	43	0.0629	0.0184	0.0177
ENSG00000160888.7	IER2	protein_coding	1298	1450	1600	35.7995	10.4862	10.0975
ENSG00000160908.15	ZNF394	protein_coding	894	480	555	8.8165	2.5825	2.4867
ENSG00000160917.15	CPSF4	protein_coding	1320	737	753	26.3629	7.7221	7.4358
ENSG00000160932.11	LY6E	protein_coding	38149	19445	18789	1228.0630	359.7189	346.3824
ENSG00000160948.14	VPS28	protein_coding	6179	3078	3103	139.2209	40.7800	39.2681
ENSG00000160949.17	TONSL	protein_coding	1366	712	722	16.3221	4.7810	4.6038
ENSG00000160951.4	PTGER1	protein_coding	88	45	44	5.2887	1.5492	1.4917
ENSG00000160953.16	PWWP3A	protein_coding	887	618	551	7.6270	2.2341	2.1512
ENSG00000160957.14	RECQL4	protein_coding	448	290	278	8.9812	2.6307	2.5332
ENSG00000160959.8	LRRC14	protein_coding	1217	844	802	16.8594	4.9384	4.7553
ENSG00000160961.12	ZNF333	protein_coding	406	235	238	2.9714	0.8704	0.8381
ENSG00000160963.14	COL26A1	protein_coding	13	7	6	0.3560	0.1043	0.1004
ENSG00000160972.9	PPP1R16A	protein_coding	666	842	785	10.4464	3.0599	2.9465
ENSG00000160973.8	FOXH1	protein_coding	0	157	153	0.0000	0.0000	0.0000
ENSG00000160991.16	ORAI2	protein_coding	2012	1058	1059	15.3831	4.5059	4.3389
ENSG00000160993.4	ALKBH4	protein_coding	390	237	258	14.4058	4.2197	4.0632
ENSG00000160994.4	CCDC105	protein_coding	0	0	0	0.0000	0.0000	0.0000
ENSG00000160999.10	SH2B2	protein_coding	174	84	90	6.1981	1.8155	1.7482
ENSG00000161010.15	MRNIP	protein_coding	261	12591	12335	2.6171	0.7666	0.7382
ENSG00000161011.20	SQSTM1	protein_coding	19008	21861	22046	214.2227	62.7492	60.4228
ENSG00000161013.17	MGAT4B	protein_coding	4194	2205	2237	64.8146	18.9852	18.2813
ENSG00000161016.18	RPL8	protein_coding	61041	30426	30621	2400.9398	703.2729	677.1992
ENSG00000161021.13	MAML1	protein_coding	1673	810	863	23.8096	6.9742	6.7156
ENSG00000161031.13	PGLYRP2	protein_coding	0	0	0	0.0000	0.0000	0.0000
ENSG00000161036.13	LRWD1	protein_coding	1379	678	726	19.8517	5.8149	5.5993
ENSG00000161040.16	FBXL13	protein_coding	86	45	45	1.8217	0.5336	0.5138
ENSG00000161048.11	NAPEPLD	protein_coding	1975	1023	957	22.1820	6.4974	6.2566
ENSG00000161055.4	SCGB3A1	protein_coding	2	2	0	0.2115	0.0620	0.0597
ENSG00000161057.13	PSMC2	protein_coding	5043	2578	2465	49.5836	14.5238	13.9854
ENSG00000161082.13	CELF5	protein_coding	4	7	5	0.0560	0.0164	0.0158
ENSG00000161091.13	MFSD12	protein_coding	10328	6949	7095	165.7955	48.5641	46.7636
ENSG00000161103.11	AC008132.1	transcribed_processed_pseudogene	0	0	0	0.0000	0.0000	0.0000
ENSG00000161132.6	AC007663.1	unprocessed_pseudogene	6	3	3	0.4109	0.1204	0.1159
ENSG00000161133.16	USP41	protein_coding	17	12	6	0.9068	0.2656	0.2558
ENSG00000161149.12	TUBA3FP	lncRNA	1	1	0	0.0400	0.0117	0.0113
ENSG00000161179.14	YDJC	protein_coding	592	282	310	28.6619	8.3955	8.0842
ENSG00000161180.11	CCDC116	protein_coding	11	7	4	0.3165	0.0927	0.0893
ENSG00000161202.20	DVL3	protein_coding	4201	2066	2136	56.6091	16.5817	15.9669
ENSG00000161203.13	AP2M1	protein_coding	16513	8343	8172	294.8468	86.3652	83.1633
ENSG00000161204.11	ABCF3	protein_coding	2834	1452	1382	46.2194	13.5384	13.0365
ENSG00000161217.12	PCYT1A	protein_coding	3667	2030	2010	39.0866	11.4491	11.0246
ENSG00000161243.9	FBXO27	protein_coding	34	20	23	1.0349	0.3031	0.2919
ENSG00000161249.21	DMKN	protein_coding	578	303	275	6.5938	1.9314	1.8598
ENSG00000161265.15	U2AF1L4	protein_coding	29	10	19	0.8566	0.2509	0.2416
ENSG00000161267.12	BDH1	protein_coding	548	282	266	3.9391	1.1538	1.1110
ENSG00000161270.20	NPHS1	protein_coding	4	9	4	0.0506	0.0148	0.0143
ENSG00000161277.11	THAP8	protein_coding	535	268	268	25.1982	7.3810	7.1073
ENSG00000161281.11	COX7A1	protein_coding	68	42	26	9.8542	2.8865	2.7794
ENSG00000161298.18	ZNF382	protein_coding	33	17	19	0.2476	0.0725	0.0698
ENSG00000161328.11	LRRC56	protein_coding	39	27	14	1.1978	0.3509	0.3378
ENSG00000161381.14	PLXDC1	protein_coding	362	186	247	3.3216	0.9729	0.9369
ENSG00000161395.14	PGAP3	protein_coding	1017	541	512	23.8641	6.9902	6.7310
ENSG00000161405.17	IKZF3	protein_coding	894	466	428	7.4952	2.1955	2.1141
ENSG00000161509.14	GRIN2C	protein_coding	32	18	15	0.3166	0.0927	0.0893
ENSG00000161513.12	FDXR	protein_coding	1989	1043	948	46.9316	13.7470	13.2373
ENSG00000161526.15	SAP30BP	protein_coding	2269	1137	1133	23.6917	6.9397	6.6824
ENSG00000161533.12	ACOX1	protein_coding	3417	1811	1871	35.0197	10.2578	9.8775
ENSG00000161542.17	PRPSAP1	protein_coding	1455	727	729	18.3132	5.3642	5.1653
ENSG00000161544.10	CYGB	protein_coding	323	238	254	9.9634	2.9184	2.8102
ENSG00000161547.17	SRSF2	protein_coding	2656	2088	2111	75.7892	22.1998	21.3768
ENSG00000161551.14	ZNF577	protein_coding	40	24	18	0.4523	0.1325	0.1276
ENSG00000161558.11	TMEM143	protein_coding	173	85	89	4.1701	1.2215	1.1762
ENSG00000161594.7	KLHL10	protein_coding	0	2	2	0.0000	0.0000	0.0000
ENSG00000161609.10	KASH5	protein_coding	0	0	0	0.0000	0.0000	0.0000
ENSG00000161610.1	HCRT	protein_coding	0	0	0	0.0000	0.0000	0.0000
ENSG00000161618.10	ALDH16A1	protein_coding	996	553	561	18.4312	5.3988	5.1986
ENSG00000161634.12	DCD	protein_coding	0	0	0	0.0000	0.0000	0.0000
ENSG00000161638.11	ITGA5	protein_coding	7239	3743	3699	83.2641	24.3894	23.4851
ENSG00000161640.15	SIGLEC11	protein_coding	7	6	1	0.1873	0.0549	0.0528
ENSG00000161642.18	ZNF385A	protein_coding	3105	1587	1518	82.6836	24.2193	23.3214
ENSG00000161643.13	SIGLEC16	polymorphic_pseudogene	14	6	8	0.3067	0.0898	0.0865
ENSG00000161647.19	MPP3	protein_coding	69	33	36	1.3047	0.3822	0.3680
ENSG00000161649.13	CD300LG	protein_coding	0	0	1	0.0000	0.0000	0.0000
ENSG00000161652.12	IZUMO2	protein_coding	1	0	1	0.0562	0.0165	0.0159
ENSG00000161653.11	NAGS	protein_coding	107	55	52	3.3030	0.9675	0.9316
ENSG00000161654.10	LSM12	protein_coding	459	237	222	12.5091	3.6641	3.5283
ENSG00000161664.7	ASB16	protein_coding	15	48	58	0.5704	0.1671	0.1609
ENSG00000161671.17	EMC10	protein_coding	6102	4876	4468	48.2077	14.1208	13.5973
ENSG00000161677.12	JOSD2	protein_coding	1506	788	718	92.6069	27.1260	26.1203
ENSG00000161681.16	SHANK1	protein_coding	450	211	244	3.6426	1.0670	1.0274
ENSG00000161682.15	FAM171A2	protein_coding	219	105	114	5.2094	1.5259	1.4693
ENSG00000161692.18	DBF4B	protein_coding	327	162	165	3.8859	1.1383	1.0961
ENSG00000161714.12	PLCD3	protein_coding	1587	814	802	19.9717	5.8500	5.6331
ENSG00000161791.14	FMNL3	protein_coding	5250	3357	3294	33.2339	9.7347	9.3738
ENSG00000161798.7	AQP5	protein_coding	43	23	25	1.9382	0.5677	0.5467
ENSG00000161800.13	RACGAP1	protein_coding	1667	815	863	31.5495	9.2413	8.8987
ENSG00000161807.3	OR7G1	protein_coding	0	0	0	0.0000	0.0000	0.0000
ENSG00000161813.22	LARP4	protein_coding	3465	1752	1713	36.2733	10.6250	10.2311
ENSG00000161835.11	TAMALIN	protein_coding	1307	690	617	39.3167	11.5165	11.0895
ENSG00000161847.14	RAVER1	protein_coding	1384	801	813	23.6051	6.9143	6.6580
ENSG00000161849.3	KRT84	protein_coding	0	0	0	0.0000	0.0000	0.0000
ENSG00000161850.3	KRT82	protein_coding	0	0	0	0.0000	0.0000	0.0000
ENSG00000161860.8	SYCE2	protein_coding	10	16	11	0.5757	0.1686	0.1624
ENSG00000161888.11	SPC24	protein_coding	299	166	165	8.9437	2.6198	2.5226
ENSG00000161896.12	IP6K3	protein_coding	0	0	0	0.0000	0.0000	0.0000
ENSG00000161904.12	LEMD2	protein_coding	931	457	474	11.6575	3.4147	3.2881
ENSG00000161905.13	ALOX15	protein_coding	3	2	1	0.0752	0.0220	0.0212
ENSG00000161911.11	TREML1	protein_coding	12	4	8	0.6872	0.2013	0.1938
ENSG00000161912.18	ADCY10P1	transcribed_unprocessed_pseudogene	23	9	15	0.3365	0.0986	0.0949
ENSG00000161914.10	ZNF653	protein_coding	144	75	70	3.8012	1.1134	1.0722
ENSG00000161920.11	MED11	protein_coding	238	228	230	13.7024	4.0137	3.8648
ENSG00000161921.17	CXCL16	protein_coding	1031	547	552	31.3473	9.1821	8.8417
ENSG00000161929.15	SCIMP	protein_coding	112	73	99	2.2384	0.6557	0.6314
ENSG00000161939.19	RNASEK-C17orf49	protein_coding	0	0	0	0.0000	0.0000	0.0000
ENSG00000161940.11	BCL6B	protein_coding	229	116	114	4.4757	1.3110	1.2624
ENSG00000161944.16	ASGR2	protein_coding	21	10	11	0.7162	0.2098	0.2020
ENSG00000161955.16	TNFSF13	protein_coding	205	91	120	7.6488	2.2405	2.1574
ENSG00000161956.13	SENP3	protein_coding	461	241	220	10.8025	3.1642	3.0469
ENSG00000161958.11	FGF11	protein_coding	0	0	0	0.0000	0.0000	0.0000
ENSG00000161960.16	EIF4A1	protein_coding	35	20	17	0.5717	0.1675	0.1612
ENSG00000161970.15	RPL26	protein_coding	331	181	150	11.3525	3.3253	3.2020
ENSG00000161973.11	CCDC42	protein_coding	0	0	0	0.0000	0.0000	0.0000
ENSG00000161980.6	POLR3K	protein_coding	655	320	335	29.7608	8.7174	8.3942
ENSG00000161981.11	SNRNP25	protein_coding	1220	617	603	46.2101	13.5356	13.0338
ENSG00000161992.6	PRR35	protein_coding	0	1	0	0.0000	0.0000	0.0000
ENSG00000161996.19	WDR90	protein_coding	297	177	172	2.3943	0.7013	0.6753
ENSG00000161999.13	JMJD8	protein_coding	814	3317	3176	26.3034	7.7047	7.4190
ENSG00000162004.18	CCDC78	protein_coding	46	26	32	0.9420	0.2759	0.2657
ENSG00000162006.9	MSLNL	protein_coding	0	0	0	0.0000	0.0000	0.0000
ENSG00000162009.8	SSTR5	protein_coding	0	0	0	0.0000	0.0000	0.0000
ENSG00000162032.16	SPSB3	protein_coding	1	416	421	0.0274	0.0080	0.0077
ENSG00000162039.17	MEIOB	protein_coding	20	64	73	0.7375	0.2160	0.2080
ENSG00000162040.7	HS3ST6	protein_coding	0	0	0	0.0000	0.0000	0.0000
ENSG00000162062.15	TEDC2	protein_coding	255	124	135	7.6035	2.2272	2.1446
ENSG00000162063.13	CCNF	protein_coding	416	274	246	5.5994	1.6402	1.5794
ENSG00000162065.14	TBC1D24	protein_coding	1832	915	918	12.7384	3.7313	3.5929
ENSG00000162066.16	AMDHD2	protein_coding	1248	1167	1161	24.2741	7.1103	6.8467
ENSG00000162068.2	NTN3	protein_coding	7	3	4	0.2717	0.0796	0.0766
ENSG00000162069.16	BICDL2	protein_coding	0	9	14	0.0000	0.0000	0.0000
ENSG00000162073.14	PAQR4	protein_coding	963	1809	1729	27.7969	8.1421	7.8403
ENSG00000162076.13	FLYWCH2	protein_coding	771	387	384	48.9340	14.3335	13.8021
ENSG00000162078.11	ZG16B	protein_coding	8	4	4	0.2549	0.0747	0.0719
ENSG00000162086.16	ZNF75A	protein_coding	472	265	250	4.9712	1.4561	1.4021
ENSG00000162104.10	ADCY9	protein_coding	2452	1194	1258	19.6198	5.7469	5.5339
ENSG00000162105.19	SHANK2	protein_coding	5	2	5	0.0220	0.0064	0.0062
ENSG00000162129.14	CLPB	protein_coding	1737	1008	1064	11.8689	3.4766	3.3477
ENSG00000162139.10	NEU3	protein_coding	1198	589	609	14.1063	4.1320	3.9788
ENSG00000162144.10	CYB561A3	protein_coding	2423	2380	2395	19.4629	5.7010	5.4896
ENSG00000162148.11	PPP1R32	protein_coding	26	13	13	0.9200	0.2695	0.2595
ENSG00000162174.12	ASRGL1	protein_coding	55	58	47	1.0185	0.2983	0.2873
ENSG00000162188.6	GNG3	protein_coding	1	83	55	0.0983	0.0288	0.0277
ENSG00000162191.14	UBXN1	protein_coding	3478	1693	1785	116.6482	34.1681	32.9013
ENSG00000162194.12	LBHD1	protein_coding	37	269	273	0.9346	0.2738	0.2636
ENSG00000162222.14	TTC9C	protein_coding	935	471	464	29.8836	8.7534	8.4288
ENSG00000162227.8	TAF6L	protein_coding	301	299	281	8.2588	2.4191	2.3294
ENSG00000162231.14	NXF1	protein_coding	2581	1294	1287	35.3858	10.3651	9.9808
ENSG00000162236.13	STX5	protein_coding	1790	890	900	52.7621	15.4548	14.8819
ENSG00000162241.12	SLC25A45	protein_coding	206	125	104	2.2271	0.6523	0.6282
ENSG00000162244.12	RPL29	protein_coding	8496	4353	4145	358.7688	105.0890	101.1929
ENSG00000162267.12	ITIH3	protein_coding	4	3	1	0.0574	0.0168	0.0162
ENSG00000162298.19	SYVN1	protein_coding	8859	4634	4721	136.9081	40.1025	38.6157
ENSG00000162300.13	ZFPL1	protein_coding	195	980	1036	5.3075	1.5547	1.4970
ENSG00000162302.13	RPS6KA4	protein_coding	2803	1389	1415	62.5248	18.3145	17.6355
ENSG00000162337.12	LRP5	protein_coding	2088	1060	1030	28.6823	8.4015	8.0900
ENSG00000162341.18	TPCN2	protein_coding	549	265	284	6.4279	1.8828	1.8130
ENSG00000162344.4	FGF19	protein_coding	0	0	0	0.0000	0.0000	0.0000
ENSG00000162365.12	CYP4A22	protein_coding	0	0	0	0.0000	0.0000	0.0000
ENSG00000162366.8	PDZK1IP1	protein_coding	1	1	0	0.0594	0.0174	0.0167
ENSG00000162367.11	TAL1	protein_coding	30	15	16	0.4469	0.1309	0.1261
ENSG00000162368.13	CMPK1	protein_coding	4791	2409	2383	105.8413	31.0026	29.8532
ENSG00000162373.13	BEND5	protein_coding	10	8	2	0.3965	0.1161	0.1118
ENSG00000162374.18	ELAVL4	protein_coding	3	3	0	0.0304	0.0089	0.0086
ENSG00000162377.6	COA7	protein_coding	1911	947	965	39.1232	11.4598	11.0349
ENSG00000162378.13	ZYG11B	protein_coding	2097	1018	1080	21.7010	6.3566	6.1209
ENSG00000162383.13	SLC1A7	protein_coding	45	17	29	0.7060	0.2068	0.1991
ENSG00000162384.14	CZIB	protein_coding	890	498	521	16.7805	4.9153	4.7330
ENSG00000162385.11	MAGOH	protein_coding	778	393	385	48.4726	14.1984	13.6720
ENSG00000162390.18	ACOT11	protein_coding	220	181	172	1.9122	0.5601	0.5394
ENSG00000162391.12	FAM151A	protein_coding	20	65	88	0.8467	0.2480	0.2388
ENSG00000162396.6	PARS2	protein_coding	393	211	184	14.1654	4.1493	3.9954
ENSG00000162398.11	LEXM	protein_coding	0	0	0	0.0000	0.0000	0.0000
ENSG00000162399.9	BSND	protein_coding	1	0	4	0.0087	0.0025	0.0025
ENSG00000162402.14	USP24	protein_coding	4884	2384	2501	34.4965	10.1046	9.7299
ENSG00000162407.9	PLPP3	protein_coding	5054	2472	2582	81.4089	23.8460	22.9619
ENSG00000162408.11	NOL9	protein_coding	1462	753	710	17.0752	5.0016	4.8162
ENSG00000162409.11	PRKAA2	protein_coding	2	1	1	0.0181	0.0053	0.0051
ENSG00000162413.16	KLHL21	protein_coding	3703	1852	1851	45.5674	13.3474	12.8525
ENSG00000162415.7	ZSWIM5	protein_coding	288	148	145	4.0126	1.1754	1.1318
ENSG00000162419.13	GMEB1	protein_coding	499	240	259	6.6077	1.9355	1.8637
ENSG00000162426.16	SLC45A1	protein_coding	80	38	42	2.6129	0.7654	0.7370
ENSG00000162430.17	SELENON	protein_coding	18592	12237	12308	357.1230	104.6069	100.7286
ENSG00000162433.15	AK4	protein_coding	2755	1400	1355	30.8730	9.0432	8.7079
ENSG00000162434.13	JAK1	protein_coding	7847	3842	4012	52.8028	15.4668	14.8933
ENSG00000162437.14	RAVER2	protein_coding	776	399	384	10.8564	3.1800	3.0621
ENSG00000162438.12	CTRC	protein_coding	1	1	0	0.0244	0.0071	0.0069
ENSG00000162441.12	LZIC	protein_coding	2460	1216	1248	38.2679	11.2093	10.7937
ENSG00000162444.12	RBP7	protein_coding	66	36	30	6.5020	1.9045	1.8339
ENSG00000162456.10	KNCN	protein_coding	0	0	0	0.0000	0.0000	0.0000
ENSG00000162458.13	FBLIM1	protein_coding	557	279	278	10.8712	3.1844	3.0663
ENSG00000162460.7	TMEM82	protein_coding	0	0	0	0.0000	0.0000	0.0000
ENSG00000162461.8	SLC25A34	protein_coding	34	19	19	0.8650	0.2534	0.2440
ENSG00000162482.5	AKR7A3	protein_coding	7	2	5	0.4893	0.1433	0.1380
ENSG00000162490.7	DRAXIN	protein_coding	48	27	21	0.5535	0.1621	0.1561
ENSG00000162493.16	PDPN	protein_coding	586	293	293	13.4242	3.9321	3.7864
ENSG00000162494.6	LRRC38	protein_coding	0	0	0	0.0000	0.0000	0.0000
ENSG00000162496.9	DHRS3	protein_coding	1826	899	927	44.1151	12.9220	12.4429
ENSG00000162510.6	MATN1	protein_coding	31	20	25	0.5718	0.1675	0.1613
ENSG00000162511.8	LAPTM5	protein_coding	4011	4201	4211	105.5192	30.9082	29.7623
ENSG00000162512.16	SDC3	protein_coding	43045	21398	21650	517.3957	151.5533	145.9345
ENSG00000162517.13	PEF1	protein_coding	2394	1344	1346	91.4528	26.7880	25.7948
ENSG00000162520.15	SYNC	protein_coding	88	1550	1671	2.0078	0.5881	0.5663
ENSG00000162521.19	RBBP4	protein_coding	5108	4138	4105	45.8050	13.4170	12.9196
ENSG00000162522.11	KIAA1522	protein_coding	1542	725	818	21.7520	6.3715	6.1353
ENSG00000162526.7	TSSK3	protein_coding	10	17	15	0.4593	0.1345	0.1295
ENSG00000162542.13	TMCO4	protein_coding	1035	518	517	21.6805	6.3506	6.1151
ENSG00000162543.6	UBXN10	protein_coding	33	22	11	0.5038	0.1476	0.1421
ENSG00000162545.6	CAMK2N1	protein_coding	1299	671	629	42.3461	12.4038	11.9440
ENSG00000162551.14	ALPL	protein_coding	775	374	401	22.0850	6.4690	6.2292
ENSG00000162552.15	WNT4	protein_coding	106	61	47	1.9358	0.5670	0.5460
ENSG00000162571.14	TTLL10	protein_coding	1	0	1	0.0212	0.0062	0.0060
ENSG00000162572.21	SCNN1D	protein_coding	44	21	23	0.9283	0.2719	0.2618
ENSG00000162576.17	MXRA8	protein_coding	1515	733	783	35.5203	10.4044	10.0187
ENSG00000162585.17	FAAP20	protein_coding	1690	1255	1276	13.1473	3.8510	3.7083
ENSG00000162591.16	MEGF6	protein_coding	450	218	232	4.2361	1.2408	1.1948
ENSG00000162592.10	CCDC27	protein_coding	0	17	15	0.0000	0.0000	0.0000
ENSG00000162594.16	IL23R	protein_coding	14	7	7	0.3700	0.1084	0.1044
ENSG00000162595.7	DIRAS3	protein_coding	8	4	4	0.3316	0.0971	0.0935
ENSG00000162598.13	C1orf87	protein_coding	0	0	0	0.0000	0.0000	0.0000
ENSG00000162599.17	NFIA	protein_coding	560	287	273	0.8509	0.2493	0.2400
ENSG00000162600.12	OMA1	protein_coding	554	285	269	12.6536	3.7064	3.5690
ENSG00000162601.11	MYSM1	protein_coding	948	476	472	6.1384	1.7980	1.7314
ENSG00000162604.12	TM2D1	protein_coding	1396	705	691	21.4918	6.2953	6.0619
ENSG00000162607.13	USP1	protein_coding	1974	1008	966	43.3272	12.6912	12.2207
ENSG00000162613.17	FUBP1	protein_coding	3752	1876	1879	42.1513	12.3468	11.8890
ENSG00000162614.19	NEXN	protein_coding	171	88	86	3.2735	0.9589	0.9233
ENSG00000162616.9	DNAJB4	protein_coding	1576	785	793	36.1520	10.5895	10.1969
ENSG00000162618.15	ADGRL4	protein_coding	667	345	322	9.7692	2.8616	2.7555
ENSG00000162620.16	LRRIQ3	protein_coding	84	45	39	0.8144	0.2386	0.2297
ENSG00000162621.7	LRRC53	protein_coding	0	0	0	0.0000	0.0000	0.0000
ENSG00000162623.16	TYW3	protein_coding	1508	874	807	27.7426	8.1263	7.8250
ENSG00000162624.14	LHX8	protein_coding	3	1	2	0.0641	0.0188	0.0181
ENSG00000162627.17	SNX7	protein_coding	888	458	430	36.4825	10.6863	10.2901
ENSG00000162630.6	B3GALT2	protein_coding	64	29	36	1.5318	0.4487	0.4321
ENSG00000162631.19	NTNG1	protein_coding	157	82	75	1.4590	0.4274	0.4115
ENSG00000162636.16	FAM102B	protein_coding	2729	1413	1316	24.7859	7.2602	6.9910
ENSG00000162639.16	HENMT1	protein_coding	423	222	203	14.8068	4.3372	4.1764
ENSG00000162641.20	AKNAD1	protein_coding	17	13	7	0.2865	0.0839	0.0808
ENSG00000162642.14	C1orf52	protein_coding	323	158	166	8.0203	2.3493	2.2622
ENSG00000162643.13	DNAI3	protein_coding	2901	1464	1439	62.7974	18.3943	17.7124
ENSG00000162645.13	GBP2	protein_coding	3647	1817	1830	42.8776	12.5595	12.0939
ENSG00000162650.16	ATXN7L2	protein_coding	129	58	71	2.0938	0.6133	0.5906
ENSG00000162654.9	GBP4	protein_coding	1648	867	808	22.7893	6.6753	6.4278
ENSG00000162664.17	ZNF326	protein_coding	807	425	382	6.2369	1.8269	1.7591
ENSG00000162669.16	HFM1	protein_coding	6	3	3	0.0876	0.0257	0.0247
ENSG00000162670.11	BRINP3	protein_coding	0	0	0	0.0000	0.0000	0.0000
ENSG00000162676.12	GFI1	protein_coding	132	66	66	2.2114	0.6477	0.6237
ENSG00000162685.6	LSP1P3	processed_pseudogene	0	0	0	0.0000	0.0000	0.0000
ENSG00000162687.19	KCNT2	protein_coding	7	3	4	0.0827	0.0242	0.0233
ENSG00000162688.17	AGL	protein_coding	1171	618	553	12.1910	3.5709	3.4385
ENSG00000162692.12	VCAM1	protein_coding	1044	507	537	14.6565	4.2931	4.1339
ENSG00000162694.14	EXTL2	protein_coding	1055	519	543	22.3141	6.5361	6.2938
ENSG00000162695.12	SLC30A7	protein_coding	1439	752	687	14.2094	4.1621	4.0078
ENSG00000162699.5	DNAJA1P5	processed_pseudogene	0	0	0	0.0000	0.0000	0.0000
ENSG00000162702.8	ZNF281	protein_coding	1296	643	653	22.4835	6.5858	6.3416
ENSG00000162704.16	ARPC5	protein_coding	4383	2267	2116	34.9490	10.2371	9.8576
ENSG00000162706.13	CADM3	protein_coding	26	33	37	0.5739	0.1681	0.1619
ENSG00000162711.18	NLRP3	protein_coding	86	48	38	1.5365	0.4501	0.4334
ENSG00000162714.12	ZNF496	protein_coding	968	477	491	7.8058	2.2864	2.2017
ENSG00000162722.9	TRIM58	protein_coding	10	6	4	0.1643	0.0481	0.0463
ENSG00000162723.10	SLAMF9	protein_coding	2	2	0	0.1491	0.0437	0.0421
ENSG00000162727.3	OR2M5	protein_coding	0	0	0	0.0000	0.0000	0.0000
ENSG00000162728.5	KCNJ9	protein_coding	0	1	0	0.0000	0.0000	0.0000
ENSG00000162729.14	IGSF8	protein_coding	3169	1568	1601	103.8244	30.4118	29.2843
ENSG00000162733.19	DDR2	protein_coding	832	410	422	6.3658	1.8646	1.7955
ENSG00000162734.13	PEA15	protein_coding	10967	5849	5857	337.0693	98.7329	95.0724
ENSG00000162735.19	PEX19	protein_coding	1836	907	930	34.9113	10.2261	9.8469
ENSG00000162736.17	NCSTN	protein_coding	7740	3813	3927	159.1102	46.6059	44.8780
ENSG00000162738.6	VANGL2	protein_coding	304	164	140	4.8218	1.4124	1.3600
ENSG00000162739.14	SLAMF6	protein_coding	290	154	136	8.9683	2.6270	2.5296
ENSG00000162745.10	OLFML2B	protein_coding	1958	968	990	48.6894	14.2619	13.7331
ENSG00000162746.14	FCRLB	protein_coding	3673	1802	1872	120.3367	35.2485	33.9417
ENSG00000162747.12	FCGR3B	protein_coding	3	3	0	0.0914	0.0268	0.0258
ENSG00000162753.13	SLC9C2	protein_coding	0	0	0	0.0000	0.0000	0.0000
ENSG00000162755.14	KLHDC9	protein_coding	7	2	5	0.3456	0.1012	0.0975
ENSG00000162757.4	C1orf74	protein_coding	260	282	272	4.7138	1.3807	1.3295
ENSG00000162761.14	LMX1A	protein_coding	0	1	0	0.0000	0.0000	0.0000
ENSG00000162763.4	LRRC52	protein_coding	0	0	0	0.0000	0.0000	0.0000
ENSG00000162769.13	FLVCR1	protein_coding	1020	503	518	13.4878	3.9508	3.8043
ENSG00000162771.8	FAM71A	protein_coding	0	0	0	0.0000	0.0000	0.0000
ENSG00000162772.17	ATF3	protein_coding	503	254	249	10.5730	3.0970	2.9822
ENSG00000162775.16	RBM15	protein_coding	554	274	284	10.0741	2.9509	2.8415
ENSG00000162777.17	DENND2D	protein_coding	1755	882	875	22.3207	6.5381	6.2957
ENSG00000162779.22	AXDND1	protein_coding	7	1	6	0.0976	0.0286	0.0275
ENSG00000162782.16	TDRD5	protein_coding	1	1	0	0.0208	0.0061	0.0059
ENSG00000162783.11	IER5	protein_coding	1236	608	628	24.9849	7.3185	7.0471
ENSG00000162804.14	SNED1	protein_coding	913	778	716	5.6134	1.6443	1.5833
ENSG00000162813.18	BPNT1	protein_coding	1830	903	927	49.9211	14.6227	14.0805
ENSG00000162814.11	SPATA17	protein_coding	73	45	53	0.9515	0.2787	0.2684
ENSG00000162817.7	C1orf115	protein_coding	2325	1131	1194	68.2947	20.0046	19.2629
ENSG00000162819.12	BROX	protein_coding	2953	1472	1534	50.3554	14.7499	14.2030
ENSG00000162825.16	NBPF20	protein_coding	69	29	40	0.3085	0.0904	0.0870
ENSG00000162836.12	ACP6	protein_coding	501	233	269	3.5475	1.0391	1.0006
ENSG00000162840.4	MT2P1	processed_pseudogene	50	34	16	23.2023	6.7963	6.5443
ENSG00000162843.17	WDR64	protein_coding	8	7	1	0.1376	0.0403	0.0388
ENSG00000162849.16	KIF26B	protein_coding	460	239	222	2.7120	0.7944	0.7649
ENSG00000162851.8	TFB2M	protein_coding	821	391	430	39.0805	11.4473	11.0229
ENSG00000162852.14	CNST	protein_coding	2244	1135	1109	32.1189	9.4081	9.0593
ENSG00000162869.16	PPP1R21	protein_coding	1905	977	928	40.4636	11.8524	11.4130
ENSG00000162873.15	KLHDC8A	protein_coding	2	2	0	0.0463	0.0136	0.0131
ENSG00000162877.13	PM20D1	protein_coding	0	0	0	0.0000	0.0000	0.0000
ENSG00000162878.13	PKDCC	protein_coding	211	98	113	4.5792	1.3413	1.2916
ENSG00000162881.6	OXER1	protein_coding	18	13	5	0.8583	0.2514	0.2421
ENSG00000162882.15	HAAO	protein_coding	96	35	61	2.9906	0.8760	0.8435
ENSG00000162885.14	B3GALNT2	protein_coding	756	907	892	6.2457	1.8295	1.7616
ENSG00000162888.4	C1orf147	lncRNA	11	51	46	0.4457	0.1305	0.1257
ENSG00000162889.11	MAPKAPK2	protein_coding	3519	1771	1750	70.6132	20.6837	19.9169
ENSG00000162891.10	IL20	protein_coding	5	4	1	0.2710	0.0794	0.0764
ENSG00000162892.16	IL24	protein_coding	29	117	125	1.2444	0.3645	0.3510
ENSG00000162894.12	FCMR	protein_coding	1505	823	895	37.4028	10.9559	10.5497
ENSG00000162896.6	PIGR	protein_coding	0	0	0	0.0000	0.0000	0.0000
ENSG00000162897.16	FCAMR	protein_coding	9	7	2	0.2158	0.0632	0.0609
ENSG00000162909.18	CAPN2	protein_coding	15788	7812	7979	156.1705	45.7448	44.0488
ENSG00000162910.19	MRPL55	protein_coding	1196	611	585	53.8520	15.7741	15.1893
ENSG00000162913.10	OBSCN-AS1	lncRNA	12	10	9	0.2639	0.0773	0.0744
ENSG00000162923.17	WDR26	protein_coding	5708	2863	2855	43.4888	12.7385	12.2663
ENSG00000162924.15	REL	protein_coding	174	90	84	1.1218	0.3286	0.3164
ENSG00000162927.14	PUS10	protein_coding	459	238	229	5.0946	1.4923	1.4370
ENSG00000162928.9	PEX13	protein_coding	1170	580	598	16.8117	4.9244	4.7418
ENSG00000162929.14	KIAA1841	protein_coding	346	184	162	3.6765	1.0769	1.0370
ENSG00000162931.12	TRIM17	protein_coding	8	3	5	0.1912	0.0560	0.0539
ENSG00000162944.11	RFTN2	protein_coding	188	81	107	2.7640	0.8096	0.7796
ENSG00000162946.23	DISC1	protein_coding	1541	784	758	10.1201	2.9643	2.8544
ENSG00000162947.5	LINC01931	lncRNA	0	0	0	0.0000	0.0000	0.0000
ENSG00000162949.16	CAPN13	protein_coding	0	0	0	0.0000	0.0000	0.0000
ENSG00000162951.11	LRRTM1	protein_coding	377	183	194	6.3434	1.8581	1.7892
ENSG00000162959.13	MEMO1	protein_coding	64	31	33	1.0412	0.3050	0.2937
ENSG00000162961.14	DPY30	protein_coding	1613	778	835	50.2667	14.7239	14.1780
ENSG00000162971.11	TYW5	protein_coding	505	291	268	3.7104	1.0868	1.0465
ENSG00000162972.10	MAIP1	protein_coding	459	230	229	24.0015	7.0304	6.7698
ENSG00000162975.5	KCNF1	protein_coding	0	0	0	0.0000	0.0000	0.0000
ENSG00000162976.13	SLC66A3	protein_coding	2350	1200	1150	87.8745	25.7398	24.7855
ENSG00000162980.17	ARL5A	protein_coding	1207	608	603	15.2506	4.4671	4.3015
ENSG00000162981.14	LRATD1	protein_coding	74	42	32	0.7512	0.2200	0.2119
ENSG00000162989.5	KCNJ3	protein_coding	0	0	0	0.0000	0.0000	0.0000
ENSG00000162992.4	NEUROD1	protein_coding	6	4	2	0.1708	0.0500	0.0482
ENSG00000162994.16	CLHC1	protein_coding	96	61	48	1.2274	0.3595	0.3462
ENSG00000162997.15	PRORSD1P	transcribed_unitary_pseudogene	21	8	13	0.8091	0.2370	0.2282
ENSG00000162998.5	FRZB	protein_coding	100	48	52	3.2203	0.9433	0.9083
ENSG00000162999.13	DUSP19	protein_coding	361	205	190	5.6993	1.6694	1.6075
ENSG00000163001.12	CFAP36	protein_coding	1164	577	587	36.5425	10.7039	10.3070
ENSG00000163002.13	NUP35	protein_coding	824	393	431	17.3850	5.0923	4.9035
ENSG00000163006.12	CCDC138	protein_coding	106	59	47	1.5531	0.4549	0.4381
ENSG00000163012.4	ZSWIM2	protein_coding	0	0	0	0.0000	0.0000	0.0000
ENSG00000163013.12	FBXO41	protein_coding	435	233	202	4.5843	1.3428	1.2930
ENSG00000163016.10	ALMS1P1	transcribed_unprocessed_pseudogene	17	9	10	0.3078	0.0902	0.0868
ENSG00000163017.14	ACTG2	protein_coding	166	81	85	3.6990	1.0835	1.0433
ENSG00000163026.12	WDCP	protein_coding	1083	515	568	23.7646	6.9610	6.7029
ENSG00000163029.16	SMC6	protein_coding	2833	1380	1453	24.4890	7.1732	6.9073
ENSG00000163032.12	VSNL1	protein_coding	29	9	20	0.6498	0.1903	0.1833
ENSG00000163040.15	CCDC74A	protein_coding	122	65	57	3.3670	0.9863	0.9497
ENSG00000163041.13	H3-3A	protein_coding	572	292	281	12.6959	3.7188	3.5810
ENSG00000163046.15	ANKRD30BL	protein_coding	0	0	0	0.0000	0.0000	0.0000
ENSG00000163050.18	COQ8A	protein_coding	2	1	1	0.0359	0.0105	0.0101
ENSG00000163053.11	SLC16A14	protein_coding	40	24	16	0.6887	0.2017	0.1943
ENSG00000163060.8	TEKT4	protein_coding	4	2	2	0.1534	0.0449	0.0433
ENSG00000163064.7	EN1	protein_coding	57	30	28	1.6948	0.4964	0.4780
ENSG00000163069.13	SGCB	protein_coding	2435	1247	1188	47.4487	13.8985	13.3832
ENSG00000163071.11	SPATA18	protein_coding	50	25	25	0.8535	0.2500	0.2407
ENSG00000163072.16	NOSTRIN	protein_coding	104	51	55	1.6829	0.4929	0.4747
ENSG00000163075.13	CFAP221	protein_coding	0	0	0	0.0000	0.0000	0.0000
ENSG00000163081.4	CCDC140	lncRNA	25	12	15	1.0989	0.3219	0.3099
ENSG00000163082.10	SGPP2	protein_coding	75	41	34	1.2782	0.3744	0.3605
ENSG00000163083.6	INHBB	protein_coding	122	67	55	3.2315	0.9466	0.9115
ENSG00000163092.21	XIRP2	protein_coding	70	31	39	0.4457	0.1306	0.1257
ENSG00000163093.12	BBS5	protein_coding	818	402	416	16.3293	4.7831	4.6058
ENSG00000163098.6	BIRC8	transcribed_processed_pseudogene	0	0	0	0.0000	0.0000	0.0000
ENSG00000163104.18	SMARCAD1	protein_coding	2511	1245	1266	33.7772	9.8939	9.5270
ENSG00000163106.11	HPGDS	protein_coding	13	6	10	0.5230	0.1532	0.1475
ENSG00000163110.15	PDLIM5	protein_coding	4557	2272	2285	34.8947	10.2212	9.8423
ENSG00000163114.6	PDHA2	protein_coding	0	0	0	0.0000	0.0000	0.0000
ENSG00000163116.10	STPG2	protein_coding	3	2	1	0.0419	0.0123	0.0118
ENSG00000163121.10	NEURL3	protein_coding	41	21	20	1.3960	0.4089	0.3938
ENSG00000163125.15	RPRD2	protein_coding	3140	1588	1552	30.5162	8.9387	8.6073
ENSG00000163126.15	ANKRD23	protein_coding	10	154	175	0.2070	0.0606	0.0584
ENSG00000163131.11	CTSS	protein_coding	3860	1946	1917	80.5190	23.5853	22.7109
ENSG00000163132.8	MSX1	protein_coding	232	115	118	9.2888	2.7208	2.6200
ENSG00000163138.19	PACRGL	protein_coding	483	267	279	4.9826	1.4595	1.4054
ENSG00000163141.20	BNIPL	protein_coding	10	8	3	0.2229	0.0653	0.0629
ENSG00000163145.13	C1QTNF7	protein_coding	25	10	15	0.3976	0.1165	0.1121
ENSG00000163154.6	TNFAIP8L2	protein_coding	207	123	87	15.1801	4.4465	4.2816
ENSG00000163155.12	LYSMD1	protein_coding	263	139	128	8.9051	2.6085	2.5117
ENSG00000163156.12	SCNM1	protein_coding	990	468	529	25.7571	7.5447	7.2649
ENSG00000163157.15	TMOD4	protein_coding	13	9	5	0.5990	0.1755	0.1690
ENSG00000163159.14	VPS72	protein_coding	1787	880	908	85.2544	24.9724	24.0465
ENSG00000163161.14	ERCC3	protein_coding	3355	1633	1722	33.8692	9.9208	9.5530
ENSG00000163162.9	RNF149	protein_coding	1518	771	747	24.2038	7.0897	6.8268
ENSG00000163166.15	IWS1	protein_coding	2838	1567	1529	58.1293	17.0270	16.3957
ENSG00000163170.12	BOLA3	protein_coding	296	376	430	8.1824	2.3968	2.3079
ENSG00000163171.8	CDC42EP3	protein_coding	6832	3897	3894	58.2273	17.0557	16.4233
ENSG00000163191.6	S100A11	protein_coding	15006	7461	7546	1963.5073	575.1421	553.8188
ENSG00000163202.5	LCE3D	protein_coding	1	0	1	0.1359	0.0398	0.0383
ENSG00000163206.6	SMCP	protein_coding	0	0	0	0.0000	0.0000	0.0000
ENSG00000163207.7	IVL	protein_coding	1	0	1	0.0395	0.0116	0.0111
ENSG00000163209.15	SPRR3	protein_coding	0	0	0	0.0000	0.0000	0.0000
ENSG00000163214.21	DHX57	protein_coding	2274	1174	1144	24.1840	7.0839	6.8212
ENSG00000163216.7	SPRR2D	protein_coding	1	1	0	0.0807	0.0236	0.0228
ENSG00000163217.2	BMP10	protein_coding	0	0	0	0.0000	0.0000	0.0000
ENSG00000163218.15	PGLYRP4	protein_coding	0	0	0	0.0000	0.0000	0.0000
ENSG00000163219.12	ARHGAP25	protein_coding	844	474	442	13.0885	3.8338	3.6917
ENSG00000163220.11	S100A9	protein_coding	138	61	77	20.4520	5.9907	5.7686
ENSG00000163221.9	S100A12	protein_coding	0	0	0	0.0000	0.0000	0.0000
ENSG00000163235.16	TGFA	protein_coding	44	21	23	0.7599	0.2226	0.2143
ENSG00000163239.12	TDRD10	protein_coding	3	2	1	0.0941	0.0276	0.0266
ENSG00000163249.13	CCNYL1	protein_coding	1090	696	698	19.6650	5.7602	5.5466
ENSG00000163251.4	FZD5	protein_coding	328	160	169	3.9571	1.1591	1.1161
ENSG00000163254.5	CRYGC	protein_coding	0	0	0	0.0000	0.0000	0.0000
ENSG00000163257.11	DCAF16	protein_coding	979	488	491	17.2627	5.0565	4.8690
ENSG00000163263.7	C1orf189	protein_coding	1	1	0	0.1260	0.0369	0.0355
ENSG00000163273.4	NPPC	protein_coding	2537	1308	1229	200.4123	58.7039	56.5275
ENSG00000163281.12	GNPDA2	protein_coding	1100	610	625	12.9452	3.7918	3.6513
ENSG00000163283.7	ALPP	protein_coding	1	0	1	0.0296	0.0087	0.0083
ENSG00000163285.8	GABRG1	protein_coding	0	0	0	0.0000	0.0000	0.0000
ENSG00000163286.9	ALPG	protein_coding	0	0	0	0.0000	0.0000	0.0000
ENSG00000163288.14	GABRB1	protein_coding	1	0	1	0.0288	0.0084	0.0081
ENSG00000163291.14	PAQR3	protein_coding	2128	1651	1679	14.5699	4.2678	4.1095
ENSG00000163293.12	NIPAL1	protein_coding	289	155	141	4.1020	1.2015	1.1570
ENSG00000163295.5	ALPI	protein_coding	0	0	0	0.0000	0.0000	0.0000
ENSG00000163297.17	ANTXR2	protein_coding	2506	1257	1249	21.2598	6.2273	5.9965
ENSG00000163312.11	HELQ	protein_coding	659	317	342	15.0761	4.4160	4.2523
ENSG00000163319.11	MRPS18C	protein_coding	120	469	455	2.0942	0.6134	0.5907
ENSG00000163320.12	CGGBP1	protein_coding	8554	4377	4325	110.9191	32.4900	31.2854
ENSG00000163322.14	ABRAXAS1	protein_coding	261	518	545	2.8788	0.8433	0.8120
ENSG00000163328.14	GPR155	protein_coding	9608	4770	4838	105.0220	30.7626	29.6221
ENSG00000163331.12	DAPL1	protein_coding	1	0	1	0.0641	0.0188	0.0181
ENSG00000163344.6	PMVK	protein_coding	2564	1319	1245	217.3014	63.6510	61.2911
ENSG00000163346.17	PBXIP1	protein_coding	6354	3296	3061	140.1154	41.0420	39.5204
ENSG00000163347.6	CLDN1	protein_coding	8	4	5	0.1873	0.0549	0.0528
ENSG00000163348.4	PYGO2	protein_coding	2428	1173	1260	56.2737	16.4834	15.8723
ENSG00000163349.22	HIPK1	protein_coding	2060	1008	1052	19.1229	5.6014	5.3937
ENSG00000163352.5	LENEP	protein_coding	2	1	1	0.2327	0.0681	0.0656
ENSG00000163354.15	DCST2	protein_coding	2	3	1	0.0553	0.0162	0.0156
ENSG00000163357.11	DCST1	protein_coding	2	1	3	0.0532	0.0156	0.0150
ENSG00000163359.16	COL6A3	protein_coding	25195	12676	12522	109.9189	32.1970	31.0033
ENSG00000163362.11	INAVA	protein_coding	7	7	0	0.1113	0.0326	0.0314
ENSG00000163364.10	LINC01116	lncRNA	205	87	121	8.1885	2.3985	2.3096
ENSG00000163374.19	YY1AP1	protein_coding	1390	759	766	23.6032	6.9137	6.6574
ENSG00000163376.11	KBTBD8	protein_coding	57	33	24	1.0221	0.2994	0.2883
ENSG00000163377.16	TAFA4	protein_coding	0	0	0	0.0000	0.0000	0.0000
ENSG00000163378.14	EOGT	protein_coding	743	374	369	11.7607	3.4449	3.3172
ENSG00000163380.16	LMOD3	protein_coding	20	27	19	0.3341	0.0979	0.0942
ENSG00000163382.12	NAXE	protein_coding	3787	1870	1920	166.3703	48.7325	46.9257
ENSG00000163389.12	POGLUT1	protein_coding	1062	535	527	12.7525	3.7354	3.5969
ENSG00000163393.13	SLC22A15	protein_coding	370	190	180	5.9542	1.7441	1.6794
ENSG00000163394.6	CCKAR	protein_coding	0	0	0	0.0000	0.0000	0.0000
ENSG00000163395.17	IGFN1	protein_coding	3	3	1	0.0210	0.0062	0.0059
ENSG00000163399.16	ATP1A1	protein_coding	18078	28897	28647	210.9649	61.7949	59.5039
ENSG00000163406.11	SLC15A2	protein_coding	55	31	24	0.7805	0.2286	0.2201
ENSG00000163412.13	EIF4E3	protein_coding	238	101	137	1.8700	0.5478	0.5274
ENSG00000163421.9	PROK2	protein_coding	0	0	0	0.0000	0.0000	0.0000
ENSG00000163424.9	TEX55	protein_coding	0	0	0	0.0000	0.0000	0.0000
ENSG00000163428.4	LRRC58	protein_coding	3957	2005	1954	42.4388	12.4310	11.9701
ENSG00000163430.12	FSTL1	protein_coding	6311	3217	3200	63.2967	18.5406	17.8532
ENSG00000163431.13	LMOD1	protein_coding	137	94	95	2.9327	0.8590	0.8272
ENSG00000163435.16	ELF3	protein_coding	0	2	0	0.0000	0.0000	0.0000
ENSG00000163440.12	PDCL2	protein_coding	0	0	0	0.0000	0.0000	0.0000
ENSG00000163444.12	TMEM183A	protein_coding	627	305	324	13.1860	3.8624	3.7192
ENSG00000163449.11	TMEM169	protein_coding	652	314	338	15.2613	4.4703	4.3045
ENSG00000163453.11	IGFBP7	protein_coding	9350	7780	7565	411.4022	120.5061	116.0384
ENSG00000163462.18	TRIM46	protein_coding	312	147	168	5.8450	1.7121	1.6486
ENSG00000163463.13	KRTCAP2	protein_coding	36	20	16	0.8016	0.2348	0.2261
ENSG00000163464.8	CXCR1	protein_coding	7	1	6	0.2417	0.0708	0.0682
ENSG00000163466.16	ARPC2	protein_coding	8925	4416	4509	116.3338	34.0760	32.8126
ENSG00000163467.12	TSACC	protein_coding	22	9	16	1.6756	0.4908	0.4726
ENSG00000163468.15	CCT3	protein_coding	14915	7480	7441	327.7920	96.0154	92.4557
ENSG00000163472.19	TMEM79	protein_coding	312	1904	1888	8.7385	2.5596	2.4647
ENSG00000163479.14	SSR2	protein_coding	6189	4381	4397	79.1168	23.1745	22.3153
ENSG00000163481.8	RNF25	protein_coding	1329	668	664	59.8405	17.5282	16.8784
ENSG00000163482.12	STK36	protein_coding	533	269	265	7.0557	2.0667	1.9901
ENSG00000163485.17	ADORA1	protein_coding	75	38	44	1.5197	0.4451	0.4286
ENSG00000163491.16	NEK10	protein_coding	28	11	17	0.2481	0.0727	0.0700
ENSG00000163492.15	CCDC141	protein_coding	7	6	1	0.0385	0.0113	0.0109
ENSG00000163497.3	FEV	protein_coding	2	0	2	0.1078	0.0316	0.0304
ENSG00000163499.12	CRYBA2	protein_coding	1	0	1	0.0584	0.0171	0.0165
ENSG00000163501.7	IHH	protein_coding	0	0	0	0.0000	0.0000	0.0000
ENSG00000163507.14	CIP2A	protein_coding	439	229	218	8.1327	2.3822	2.2939
ENSG00000163508.13	EOMES	protein_coding	486	235	251	11.2887	3.3066	3.1840
ENSG00000163510.14	CWC22	protein_coding	1371	719	652	33.0380	9.6773	9.3186
ENSG00000163512.14	AZI2	protein_coding	441	684	630	5.9710	1.7490	1.6841
ENSG00000163513.19	TGFBR2	protein_coding	7407	3686	3721	91.8257	26.8972	25.9000
ENSG00000163515.6	RETNLB	protein_coding	0	0	0	0.0000	0.0000	0.0000
ENSG00000163516.14	ANKZF1	protein_coding	678	326	373	9.4341	2.7634	2.6609
ENSG00000163517.15	HDAC11	protein_coding	426	215	212	6.9157	2.0257	1.9506
ENSG00000163518.11	FCRL4	protein_coding	1	1	0	0.0219	0.0064	0.0062
ENSG00000163519.14	TRAT1	protein_coding	81	37	44	2.8007	0.8204	0.7900
ENSG00000163520.14	FBLN2	protein_coding	2827	1419	1410	49.8278	14.5953	14.0542
ENSG00000163521.16	GLB1L	protein_coding	626	343	305	15.5485	4.5544	4.3855
ENSG00000163527.10	STT3B	protein_coding	8255	4155	4100	140.0356	41.0186	39.4979
ENSG00000163528.13	CHCHD4	protein_coding	356	169	187	17.0608	4.9974	4.8121
ENSG00000163530.4	DPPA2	protein_coding	0	0	0	0.0000	0.0000	0.0000
ENSG00000163531.15	NFASC	protein_coding	250	122	128	0.9981	0.2924	0.2815
ENSG00000163534.15	FCRL1	protein_coding	127	65	62	2.7304	0.7998	0.7701
ENSG00000163535.18	SGO2	protein_coding	495	251	264	6.6344	1.9433	1.8713
ENSG00000163536.13	SERPINI1	protein_coding	10184	5115	5069	406.4050	119.0424	114.6289
ENSG00000163539.17	CLASP2	protein_coding	1874	925	949	10.4602	3.0639	2.9504
ENSG00000163541.12	SUCLG1	protein_coding	1485	747	738	30.2996	8.8752	8.5462
ENSG00000163545.11	NUAK2	protein_coding	176	90	86	4.4075	1.2910	1.2432
ENSG00000163554.15	SPTA1	protein_coding	22	13	13	0.1848	0.0541	0.0521
ENSG00000163558.13	PRKCI	protein_coding	1218	619	599	17.9012	5.2435	5.0491
ENSG00000163563.8	MNDA	protein_coding	393	218	175	16.4809	4.8275	4.6485
ENSG00000163564.15	PYHIN1	protein_coding	150	68	82	3.6562	1.0709	1.0312
ENSG00000163565.19	IFI16	protein_coding	33656	17176	16484	539.8720	158.1370	152.2741
ENSG00000163568.15	AIM2	protein_coding	1677	834	845	75.9934	22.2597	21.4344
ENSG00000163576.18	EFHB	protein_coding	10	7	3	0.2040	0.0598	0.0575
ENSG00000163577.8	EIF5A2	protein_coding	1031	524	507	15.8009	4.6283	4.4567
ENSG00000163581.14	SLC2A2	protein_coding	0	0	0	0.0000	0.0000	0.0000
ENSG00000163584.18	RPL22L1	protein_coding	1063	531	532	44.0129	12.8921	12.4141
ENSG00000163586.10	FABP1	protein_coding	0	0	0	0.0000	0.0000	0.0000
ENSG00000163590.14	PPM1L	protein_coding	59	31	28	0.4027	0.1180	0.1136
ENSG00000163596.16	ICA1L	protein_coding	114	56	58	0.9135	0.2676	0.2576
ENSG00000163597.15	SNHG16	lncRNA	1581	2927	2795	25.0297	7.3316	7.0598
ENSG00000163599.17	CTLA4	protein_coding	117	55	62	4.6428	1.3600	1.3095
ENSG00000163600.13	ICOS	protein_coding	102	41	61	3.2935	0.9647	0.9289
ENSG00000163602.11	RYBP	protein_coding	1802	899	903	18.0477	5.2865	5.0905
ENSG00000163605.15	PPP4R2	protein_coding	1836	921	915	26.2261	7.6820	7.3972
ENSG00000163606.11	CD200R1	protein_coding	54	38	16	1.1788	0.3453	0.3325
ENSG00000163607.17	GTPBP8	protein_coding	424	272	245	9.4903	2.7799	2.6768
ENSG00000163608.15	NEPRO	protein_coding	1968	1007	1043	25.7509	7.5428	7.2632
ENSG00000163611.11	SPICE1	protein_coding	43	17	26	0.4598	0.1347	0.1297
ENSG00000163612.10	FAM86KP	unprocessed_pseudogene	1	0	1	0.0860	0.0252	0.0243
ENSG00000163617.11	CCDC191	protein_coding	181	115	105	2.9089	0.8521	0.8205
ENSG00000163618.18	CADPS	protein_coding	270	150	120	1.5635	0.4580	0.4410
ENSG00000163623.9	NKX6-1	protein_coding	8	6	2	0.2201	0.0645	0.0621
ENSG00000163624.6	CDS1	protein_coding	25	19	6	0.4927	0.1443	0.1390
ENSG00000163625.16	WDFY3	protein_coding	3112	1596	1635	15.3933	4.5089	4.3418
ENSG00000163626.17	COX18	protein_coding	657	336	321	7.9978	2.3427	2.2558
ENSG00000163629.13	PTPN13	protein_coding	6062	3109	2991	54.2110	15.8793	15.2905
ENSG00000163630.11	SYNPR	protein_coding	0	0	0	0.0000	0.0000	0.0000
ENSG00000163631.17	ALB	protein_coding	0	0	0	0.0000	0.0000	0.0000
ENSG00000163632.14	C3orf49	protein_coding	1	1	1	0.0517	0.0151	0.0146
ENSG00000163633.12	C4orf36	protein_coding	1	1	2	0.0404	0.0118	0.0114
ENSG00000163634.12	THOC7	protein_coding	820	413	407	39.8140	11.6622	11.2298
ENSG00000163635.20	ATXN7	protein_coding	861	464	397	4.7729	1.3981	1.3462
ENSG00000163636.11	PSMD6	protein_coding	1598	829	784	14.9849	4.3893	4.2266
ENSG00000163637.13	PRICKLE2	protein_coding	218	149	174	1.2561	0.3679	0.3543
ENSG00000163638.13	ADAMTS9	protein_coding	267	135	147	2.1230	0.6219	0.5988
ENSG00000163644.15	PPM1K	protein_coding	2261	1169	1131	16.8855	4.9460	4.7627
ENSG00000163645.15	ERICH6	protein_coding	3	8	10	0.1228	0.0360	0.0346
ENSG00000163646.12	CLRN1	protein_coding	0	0	0	0.0000	0.0000	0.0000
ENSG00000163655.16	GMPS	protein_coding	4112	2060	2053	39.8395	11.6696	11.2370
ENSG00000163659.13	TIPARP	protein_coding	1428	728	700	25.2638	7.4002	7.1258
ENSG00000163660.12	CCNL1	protein_coding	1070	544	544	10.4095	3.0491	2.9361
ENSG00000163661.4	PTX3	protein_coding	24	17	8	1.0818	0.3169	0.3051
ENSG00000163666.10	HESX1	protein_coding	16	9	7	0.9101	0.2666	0.2567
ENSG00000163673.7	DCLK3	protein_coding	5	3	2	0.0762	0.0223	0.0215
ENSG00000163681.16	SLMAP	protein_coding	1210	573	638	6.7177	1.9677	1.8948
ENSG00000163682.17	RPL9	protein_coding	6713	3385	3329	115.4457	33.8159	32.5621
ENSG00000163683.12	SMIM14	protein_coding	2293	1121	1174	29.8334	8.7387	8.4147
ENSG00000163684.12	RPP14	protein_coding	110	52	58	1.1152	0.3267	0.3146
ENSG00000163686.15	ABHD6	protein_coding	1285	613	672	30.6267	8.9710	8.6384
ENSG00000163687.14	DNASE1L3	protein_coding	27	15	12	0.7663	0.2245	0.2161
ENSG00000163689.20	CFAP20DC	protein_coding	718	369	406	6.4487	1.8889	1.8189
ENSG00000163694.15	RBM47	protein_coding	191	96	98	1.8984	0.5561	0.5355
ENSG00000163697.17	APBB2	protein_coding	3247	1756	1833	21.2825	6.2340	6.0029
ENSG00000163701.19	IL17RE	protein_coding	51	26	25	0.9268	0.2715	0.2614
ENSG00000163702.20	IL17RC	protein_coding	966	461	506	18.0690	5.2927	5.0965
ENSG00000163703.19	CRELD1	protein_coding	76	40	37	1.7006	0.4981	0.4797
ENSG00000163704.12	PRRT3	protein_coding	398	213	224	8.5500	2.5044	2.4116
ENSG00000163705.13	FANCD2OS	protein_coding	0	46	38	0.0000	0.0000	0.0000
ENSG00000163710.9	PCOLCE2	protein_coding	176	83	95	4.2304	1.2392	1.1932
ENSG00000163714.18	U2SURP	protein_coding	4031	2050	1981	30.3013	8.8757	8.5467
ENSG00000163719.20	MTMR14	protein_coding	1291	642	649	18.2144	5.3353	5.1375
ENSG00000163728.11	TTC14	protein_coding	543	370	325	5.8369	1.7097	1.6463
ENSG00000163734.4	CXCL3	protein_coding	2	1	1	0.0765	0.0224	0.0216
ENSG00000163735.7	CXCL5	protein_coding	0	0	0	0.0000	0.0000	0.0000
ENSG00000163736.4	PPBP	protein_coding	0	0	0	0.0000	0.0000	0.0000
ENSG00000163737.4	PF4	protein_coding	0	0	0	0.0000	0.0000	0.0000
ENSG00000163738.18	MTHFD2L	protein_coding	304	169	183	2.6292	0.7701	0.7416
ENSG00000163739.5	CXCL1	protein_coding	9	4	5	0.5611	0.1644	0.1583
ENSG00000163743.13	RCHY1	protein_coding	974	547	540	12.5990	3.6904	3.5536
ENSG00000163746.12	PLSCR2	protein_coding	0	0	0	0.0000	0.0000	0.0000
ENSG00000163749.17	CCDC158	protein_coding	19	6	13	0.2753	0.0807	0.0777
ENSG00000163751.4	CPA3	protein_coding	66	25	41	3.0880	0.9045	0.8710
ENSG00000163754.18	GYG1	protein_coding	5425	4021	4074	61.0109	17.8711	17.2085
ENSG00000163755.9	HPS3	protein_coding	1973	1363	1399	27.0152	7.9132	7.6198
ENSG00000163762.7	TM4SF18	protein_coding	126	56	72	2.4558	0.7193	0.6927
ENSG00000163781.14	TOPBP1	protein_coding	2279	1170	1110	26.3778	7.7265	7.4400
ENSG00000163785.13	RYK	protein_coding	2157	1034	1124	22.4422	6.5737	6.3300
ENSG00000163788.14	SNRK	protein_coding	1323	924	1041	16.0936	4.7141	4.5393
ENSG00000163792.6	TCF23	protein_coding	14	5	9	0.2321	0.0680	0.0655
ENSG00000163793.13	DNAJC5G	protein_coding	2	1	1	0.0726	0.0213	0.0205
ENSG00000163794.6	UCN	protein_coding	13	4	9	1.3886	0.4068	0.3917
ENSG00000163795.14	ZNF513	protein_coding	563	336	362	20.1731	5.9090	5.6899
ENSG00000163798.13	SLC4A1AP	protein_coding	1888	995	998	30.7912	9.0192	8.6848
ENSG00000163803.13	PLB1	protein_coding	74	43	33	0.7305	0.2140	0.2060
ENSG00000163806.16	SPDYA	protein_coding	0	96	101	0.0000	0.0000	0.0000
ENSG00000163807.6	KIAA1143	protein_coding	811	387	424	13.2037	3.8676	3.7242
ENSG00000163808.17	KIF15	protein_coding	225	105	120	3.6181	1.0598	1.0205
ENSG00000163810.12	TGM4	protein_coding	1	0	1	0.0156	0.0046	0.0044
ENSG00000163811.12	WDR43	protein_coding	2968	1429	1539	61.4292	17.9936	17.3265
ENSG00000163812.15	ZDHHC3	protein_coding	1171	600	571	7.4183	2.1729	2.0924
ENSG00000163814.8	CDCP1	protein_coding	230	120	110	3.0012	0.8791	0.8465
ENSG00000163815.6	CLEC3B	protein_coding	88	43	45	7.5868	2.2223	2.1399
ENSG00000163817.16	SLC6A20	protein_coding	15	6	9	0.1915	0.0561	0.0540
ENSG00000163818.17	LZTFL1	protein_coding	488	238	250	5.7718	1.6906	1.6280
ENSG00000163820.15	FYCO1	protein_coding	8074	4051	4023	77.0824	22.5786	21.7415
ENSG00000163823.4	CCR1	protein_coding	725	370	355	23.2681	6.8156	6.5629
ENSG00000163825.4	RTP3	protein_coding	0	0	0	0.0000	0.0000	0.0000
ENSG00000163827.13	LRRC2	protein_coding	131	60	71	1.9745	0.5784	0.5569
ENSG00000163832.16	ELP6	protein_coding	637	324	313	16.5730	4.8545	4.6745
ENSG00000163833.8	FBXO40	protein_coding	0	0	0	0.0000	0.0000	0.0000
ENSG00000163840.10	DTX3L	protein_coding	11702	6000	6024	172.2849	50.4649	48.5940
ENSG00000163848.20	ZNF148	protein_coding	5782	2915	2867	47.0451	13.7803	13.2694
ENSG00000163864.17	NMNAT3	protein_coding	6	9	2	0.0392	0.0115	0.0111
ENSG00000163866.9	SMIM12	protein_coding	1426	747	720	11.7149	3.4315	3.3042
ENSG00000163867.17	ZMYM6	protein_coding	507	269	239	4.4999	1.3181	1.2692
ENSG00000163870.16	TPRA1	protein_coding	1765	856	909	26.6651	7.8106	7.5211
ENSG00000163872.16	YEATS2	protein_coding	2542	1563	1557	21.0973	6.1797	5.9506
ENSG00000163873.10	GRIK3	protein_coding	6	3	3	0.0485	0.0142	0.0137
ENSG00000163874.11	ZC3H12A	protein_coding	115	62	53	3.1594	0.9255	0.8911
ENSG00000163875.16	MEAF6	protein_coding	2577	1258	1319	36.1063	10.5761	10.1840
ENSG00000163877.11	SNIP1	protein_coding	764	377	387	11.3465	3.3236	3.2003
ENSG00000163879.11	DNALI1	protein_coding	424	237	228	8.0804	2.3669	2.2791
ENSG00000163882.9	POLR2H	protein_coding	1248	610	638	33.6874	9.8676	9.5017
ENSG00000163884.4	KLF15	protein_coding	401	203	198	12.1013	3.5447	3.4132
ENSG00000163885.12	CFAP100	protein_coding	1	0	2	0.0251	0.0074	0.0071
ENSG00000163888.4	CAMK2N2	protein_coding	42	20	22	2.4564	0.7195	0.6928
ENSG00000163898.10	LIPH	protein_coding	17	10	7	0.3524	0.1032	0.0994
ENSG00000163900.11	TMEM41A	protein_coding	1026	548	539	10.0517	2.9443	2.8351
ENSG00000163902.12	RPN1	protein_coding	23107	11447	11663	494.8945	144.9624	139.5879
ENSG00000163904.13	SENP2	protein_coding	2406	1271	1135	28.7692	8.4269	8.1145
ENSG00000163909.8	HEYL	protein_coding	338	145	193	7.0403	2.0622	1.9857
ENSG00000163913.12	IFT122	protein_coding	1677	836	842	14.7791	4.3290	4.1685
ENSG00000163914.5	RHO	protein_coding	0	0	0	0.0000	0.0000	0.0000
ENSG00000163915.7	IGF2BP2-AS1	lncRNA	0	0	0	0.0000	0.0000	0.0000
ENSG00000163918.11	RFC4	protein_coding	686	352	358	19.4379	5.6937	5.4826
ENSG00000163923.10	RPL39L	protein_coding	692	368	329	56.8877	16.6633	16.0455
ENSG00000163930.10	BAP1	protein_coding	2855	1447	1408	51.3878	15.0523	14.4942
ENSG00000163931.16	TKT	protein_coding	7217	3584	3633	64.4991	18.8928	18.1924
ENSG00000163932.15	PRKCD	protein_coding	3322	1728	1595	77.9513	22.8332	21.9866
ENSG00000163933.10	RFT1	protein_coding	527	258	269	8.1681	2.3926	2.3039
ENSG00000163935.14	SFMBT1	protein_coding	636	290	346	9.5070	2.7848	2.6815
ENSG00000163938.17	GNL3	protein_coding	2046	1062	1005	53.6588	15.7175	15.1348
ENSG00000163939.18	PBRM1	protein_coding	2757	1429	1461	24.2517	7.1037	6.8403
ENSG00000163945.19	UVSSA	protein_coding	886	462	425	4.4468	1.3025	1.2542
ENSG00000163946.13	TASOR	protein_coding	2763	1419	1436	23.8839	6.9960	6.7366
ENSG00000163947.12	ARHGEF3	protein_coding	1034	542	501	13.3528	3.9112	3.7662
ENSG00000163950.13	SLBP	protein_coding	2217	1104	1113	99.9303	29.2711	28.1859
ENSG00000163956.13	LRPAP1	protein_coding	14073	7011	7066	101.1413	29.6259	28.5275
ENSG00000163958.14	ZDHHC19	protein_coding	8	4	4	0.2797	0.0819	0.0789
ENSG00000163959.10	SLC51A	protein_coding	145	267	300	2.3396	0.6853	0.6599
ENSG00000163960.12	UBXN7	protein_coding	1552	766	811	11.7184	3.4325	3.3052
ENSG00000163961.4	RNF168	protein_coding	627	338	321	9.9579	2.9168	2.8087
ENSG00000163964.17	PIGX	protein_coding	1534	795	739	29.3000	8.5824	8.2642
ENSG00000163975.12	MELTF	protein_coding	26028	13867	13767	263.3202	77.1306	74.2710
ENSG00000163982.6	OTOP1	protein_coding	0	0	0	0.0000	0.0000	0.0000
ENSG00000163993.7	S100P	protein_coding	2	0	2	0.3606	0.1056	0.1017
ENSG00000163995.21	ABLIM2	protein_coding	90	42	48	1.2395	0.3631	0.3496
ENSG00000164002.11	EXO5	protein_coding	116	139	159	3.1859	0.9332	0.8986
ENSG00000164007.11	CLDN19	protein_coding	0	0	0	0.0000	0.0000	0.0000
ENSG00000164008.16	C1orf50	protein_coding	72	50	50	1.1567	0.3388	0.3263
ENSG00000164010.15	ERMAP	protein_coding	246	273	269	3.6522	1.0698	1.0301
ENSG00000164011.18	ZNF691	protein_coding	409	212	197	17.0592	4.9969	4.8116
ENSG00000164022.17	AIMP1	protein_coding	2035	1088	1181	20.0922	5.8853	5.6671
ENSG00000164023.14	SGMS2	protein_coding	213	151	140	2.3691	0.6939	0.6682
ENSG00000164024.12	METAP1	protein_coding	1954	1037	917	40.7301	11.9305	11.4882
ENSG00000164031.17	DNAJB14	protein_coding	1714	859	855	11.2223	3.2872	3.1653
ENSG00000164032.12	H2AZ1	protein_coding	12434	8578	8102	465.1546	136.2511	131.1996
ENSG00000164035.10	EMCN	protein_coding	267	131	136	4.3839	1.2841	1.2365
ENSG00000164037.17	SLC9B1	protein_coding	10	566	495	0.2872	0.0841	0.0810
ENSG00000164038.16	SLC9B2	protein_coding	717	356	361	7.0710	2.0712	1.9944
ENSG00000164039.15	BDH2	protein_coding	499	262	237	8.1288	2.3810	2.2928
ENSG00000164040.18	PGRMC2	protein_coding	5270	2645	2625	96.7425	28.3374	27.2868
ENSG00000164045.12	CDC25A	protein_coding	182	97	85	3.7287	1.0922	1.0517
ENSG00000164047.6	CAMP	protein_coding	2	2	0	0.2280	0.0668	0.0643
ENSG00000164048.14	ZNF589	protein_coding	661	319	344	10.1671	2.9781	2.8677
ENSG00000164049.14	FBXW12	protein_coding	0	0	0	0.0000	0.0000	0.0000
ENSG00000164050.13	PLXNB1	protein_coding	770	385	385	6.6942	1.9608	1.8881
ENSG00000164051.14	CCDC51	protein_coding	607	320	291	21.3887	6.2651	6.0328
ENSG00000164053.21	ATRIP	protein_coding	475	226	249	7.4272	2.1755	2.0949
ENSG00000164054.15	SHISA5	protein_coding	8832	4357	4475	160.8099	47.1037	45.3574
ENSG00000164056.11	SPRY1	protein_coding	3807	1848	1959	81.5776	23.8954	23.0094
ENSG00000164061.5	BSN	protein_coding	44	22	25	0.2301	0.0674	0.0649
ENSG00000164062.13	APEH	protein_coding	3803	1902	1909	72.9836	21.3780	20.5855
ENSG00000164066.13	INTU	protein_coding	487	239	248	2.5782	0.7552	0.7272
ENSG00000164068.16	RNF123	protein_coding	515	536	520	5.8949	1.7267	1.6627
ENSG00000164070.12	HSPA4L	protein_coding	1098	569	585	8.1513	2.3876	2.2991
ENSG00000164073.11	MFSD8	protein_coding	729	362	376	6.9959	2.0492	1.9732
ENSG00000164074.15	ABHD18	protein_coding	212	124	97	2.6842	0.7863	0.7571
ENSG00000164076.17	CAMKV	protein_coding	0	0	0	0.0000	0.0000	0.0000
ENSG00000164077.14	MON1A	protein_coding	565	305	260	7.4434	2.1803	2.0995
ENSG00000164078.13	MST1R	protein_coding	237	122	128	3.8321	1.1225	1.0809
ENSG00000164080.13	RAD54L2	protein_coding	1404	681	732	9.9990	2.9289	2.8203
ENSG00000164081.13	TEX264	protein_coding	1780	902	880	26.5750	7.7842	7.4956
ENSG00000164082.15	GRM2	protein_coding	6	3	3	0.0718	0.0210	0.0202
ENSG00000164086.10	DUSP7	protein_coding	1242	629	614	18.6049	5.4497	5.2476
ENSG00000164087.8	POC1A	protein_coding	253	130	123	9.4481	2.7675	2.6649
ENSG00000164088.18	PPM1M	protein_coding	1105	591	580	26.0153	7.6203	7.3378
ENSG00000164089.9	ETNPPL	protein_coding	14	7	7	0.4041	0.1184	0.1140
ENSG00000164091.12	WDR82	protein_coding	3632	1823	1814	53.9309	15.7972	15.2115
ENSG00000164093.17	PITX2	protein_coding	2	1	1	0.0293	0.0086	0.0083
ENSG00000164096.13	C4orf3	protein_coding	5339	2738	2601	153.1724	44.8666	43.2032
ENSG00000164099.3	PRSS12	protein_coding	262	246	228	3.8863	1.1384	1.0962
ENSG00000164100.9	NDST3	protein_coding	29	13	16	0.3593	0.1052	0.1013
ENSG00000164104.12	HMGB2	protein_coding	1907	967	940	67.4483	19.7567	19.0242
ENSG00000164105.4	SAP30	protein_coding	835	423	416	54.1700	15.8673	15.2790
ENSG00000164106.8	SCRG1	protein_coding	4042	2732	2756	67.2640	19.7027	18.9722
ENSG00000164107.9	HAND2	protein_coding	0	0	0	0.0000	0.0000	0.0000
ENSG00000164109.14	MAD2L1	protein_coding	656	307	349	10.0975	2.9577	2.8481
ENSG00000164111.15	ANXA5	protein_coding	42687	21512	21175	1239.3159	363.0151	349.5563
ENSG00000164112.13	TMEM155	protein_coding	4	5	0	0.1122	0.0329	0.0317
ENSG00000164113.11	ADAD1	protein_coding	0	0	0	0.0000	0.0000	0.0000
ENSG00000164114.19	MAP9	protein_coding	15	5	15	0.1438	0.0421	0.0406
ENSG00000164116.17	GUCY1A1	protein_coding	213	100	114	1.7291	0.5065	0.4877
ENSG00000164117.14	FBXO8	protein_coding	819	404	419	31.4279	9.2057	8.8644
ENSG00000164118.13	CEP44	protein_coding	702	346	360	8.4213	2.4667	2.3753
ENSG00000164120.14	HPGD	protein_coding	14	5	9	0.2149	0.0630	0.0606
ENSG00000164122.9	ASB5	protein_coding	0	0	0	0.0000	0.0000	0.0000
ENSG00000164123.7	C4orf45	protein_coding	0	0	0	0.0000	0.0000	0.0000
ENSG00000164124.11	TMEM144	protein_coding	701	351	350	6.4370	1.8855	1.8156
ENSG00000164125.16	GASK1B	protein_coding	1847	1061	1000	19.9046	5.8304	5.6142
ENSG00000164128.7	NPY1R	protein_coding	4	1	3	0.0853	0.0250	0.0241
ENSG00000164129.12	NPY5R	protein_coding	1	1	0	0.0254	0.0075	0.0072
ENSG00000164134.13	NAA15	protein_coding	3678	1939	1915	32.3197	9.4669	9.1160
ENSG00000164136.17	IL15	protein_coding	352	155	197	3.7953	1.1117	1.0705
ENSG00000164142.16	FAM160A1	protein_coding	23	12	11	0.1649	0.0483	0.0465
ENSG00000164144.16	ARFIP1	protein_coding	2167	1074	1093	43.1067	12.6266	12.1585
ENSG00000164151.12	ICE1	protein_coding	2876	1439	1437	28.1340	8.2409	7.9354
ENSG00000164161.10	HHIP	protein_coding	4	1	3	0.0285	0.0083	0.0080
ENSG00000164162.14	ANAPC10	protein_coding	154	163	188	2.8920	0.8471	0.8157
ENSG00000164163.11	ABCE1	protein_coding	4388	2729	2823	59.5828	17.4527	16.8057
ENSG00000164164.17	OTUD4	protein_coding	3993	2501	2461	35.6446	10.4409	10.0538
ENSG00000164167.12	LSM6	protein_coding	319	164	155	6.8150	1.9962	1.9222
ENSG00000164168.8	TMEM184C	protein_coding	2892	1445	1447	52.1533	15.2765	14.7101
ENSG00000164169.13	PRMT9	protein_coding	630	303	327	13.5374	3.9653	3.8183
ENSG00000164171.11	ITGA2	protein_coding	2483	1270	1213	26.7043	7.8221	7.5321
ENSG00000164172.20	MOCS2	protein_coding	2330	1155	1218	32.9280	9.6451	9.2875
ENSG00000164175.15	SLC45A2	protein_coding	5383	2688	2695	141.8327	41.5450	40.0047
ENSG00000164176.13	EDIL3	protein_coding	373	177	203	5.4378	1.5928	1.5338
ENSG00000164180.14	TMEM161B	protein_coding	1820	955	901	16.1029	4.7168	4.5419
ENSG00000164181.14	ELOVL7	protein_coding	1495	733	762	28.4591	8.3361	8.0271
ENSG00000164182.12	NDUFAF2	protein_coding	938	482	456	11.5242	3.3756	3.2505
ENSG00000164185.6	ZNF474	protein_coding	1	0	1	0.0408	0.0119	0.0115
ENSG00000164187.7	LMBRD2	protein_coding	1629	821	808	16.5631	4.8516	4.6717
ENSG00000164188.9	RANBP3L	protein_coding	40	22	18	0.6955	0.2037	0.1962
ENSG00000164190.19	NIPBL	protein_coding	3997	1944	2053	27.1130	7.9418	7.6474
ENSG00000164197.12	RNF180	protein_coding	32	16	16	0.5000	0.1465	0.1410
ENSG00000164199.18	ADGRV1	protein_coding	12	35	29	0.0301	0.0088	0.0085
ENSG00000164209.17	SLC25A46	protein_coding	2750	1412	1338	28.2384	8.2715	7.9648
ENSG00000164211.13	STARD4	protein_coding	98	49	50	1.4641	0.4289	0.4130
ENSG00000164219.10	PGGT1B	protein_coding	903	522	452	7.6158	2.2308	2.1481
ENSG00000164220.7	F2RL2	protein_coding	255	132	134	6.3541	1.8612	1.7922
ENSG00000164221.13	CCDC112	protein_coding	834	416	418	22.4908	6.5879	6.3437
ENSG00000164236.12	ANKRD33B	protein_coding	247	136	142	2.0886	0.6118	0.5891
ENSG00000164237.9	CMBL	protein_coding	56	34	22	0.9741	0.2853	0.2747
ENSG00000164241.13	C5orf63	protein_coding	33	15	18	0.3898	0.1142	0.1099
ENSG00000164244.21	PRRC1	protein_coding	4061	2068	1995	38.1949	11.1879	10.7731
ENSG00000164251.5	F2RL1	protein_coding	126	57	70	3.6519	1.0697	1.0300
ENSG00000164252.13	AGGF1	protein_coding	877	452	426	14.8003	4.3352	4.1745
ENSG00000164253.14	WDR41	protein_coding	2462	1265	1226	29.2780	8.5760	8.2580
ENSG00000164256.11	PRDM9	protein_coding	0	0	0	0.0000	0.0000	0.0000
ENSG00000164258.12	NDUFS4	protein_coding	1063	539	524	76.8913	22.5227	21.6877
ENSG00000164265.9	SCGB3A2	protein_coding	0	0	0	0.0000	0.0000	0.0000
ENSG00000164266.11	SPINK1	protein_coding	0	0	0	0.0000	0.0000	0.0000
ENSG00000164270.18	HTR4	protein_coding	1	1	0	0.0121	0.0035	0.0034
ENSG00000164283.13	ESM1	protein_coding	31	19	12	0.9779	0.2864	0.2758
ENSG00000164284.15	GRPEL2	protein_coding	645	336	349	12.3950	3.6307	3.4961
ENSG00000164287.13	CDC20B	protein_coding	2	1	1	0.0376	0.0110	0.0106
ENSG00000164291.17	ARSK	protein_coding	1416	681	735	27.8029	8.1439	7.8420
ENSG00000164292.13	RHOBTB3	protein_coding	3178	1619	1705	30.5741	8.9556	8.6236
ENSG00000164294.14	GPX8	protein_coding	3206	1513	1693	67.3065	19.7151	18.9842
ENSG00000164296.7	TIGD6	protein_coding	348	206	207	7.1607	2.0975	2.0197
ENSG00000164299.7	SPZ1	protein_coding	1	1	0	0.0443	0.0130	0.0125
ENSG00000164300.17	SERINC5	protein_coding	12439	6590	6630	110.7375	32.4368	31.2342
ENSG00000164303.11	ENPP6	protein_coding	283	158	125	5.2075	1.5254	1.4688
ENSG00000164304.16	CAGE1	protein_coding	0	0	0	0.0000	0.0000	0.0000
ENSG00000164305.19	CASP3	protein_coding	1003	512	492	29.3809	8.6061	8.2871
ENSG00000164306.11	PRIMPOL	protein_coding	334	270	234	10.1697	2.9789	2.8684
ENSG00000164307.13	ERAP1	protein_coding	2854	2641	2672	30.5051	8.9354	8.6041
ENSG00000164308.17	ERAP2	protein_coding	5912	3043	2869	72.2062	21.1503	20.3662
ENSG00000164309.15	CMYA5	protein_coding	211	121	90	1.2601	0.3691	0.3554
ENSG00000164318.18	EGFLAM	protein_coding	114	72	63	1.5657	0.4586	0.4416
ENSG00000164323.14	CFAP97	protein_coding	3485	1731	1754	41.1496	12.0534	11.6065
ENSG00000164325.8	TMEM174	protein_coding	0	0	0	0.0000	0.0000	0.0000
ENSG00000164326.5	CARTPT	protein_coding	0	0	0	0.0000	0.0000	0.0000
ENSG00000164327.13	RICTOR	protein_coding	1628	832	854	10.2105	2.9908	2.8799
ENSG00000164329.13	TENT2	protein_coding	1859	943	916	28.6614	8.3954	8.0841
ENSG00000164330.17	EBF1	protein_coding	233	110	123	3.1243	0.9152	0.8812
ENSG00000164331.10	ANKRA2	protein_coding	435	222	237	13.2641	3.8852	3.7412
ENSG00000164332.8	UBLCP1	protein_coding	1488	751	737	51.3039	15.0277	14.4706
ENSG00000164334.15	FAM170A	protein_coding	0	0	0	0.0000	0.0000	0.0000
ENSG00000164338.10	UTP15	protein_coding	1370	679	715	18.3967	5.3887	5.1889
ENSG00000164342.13	TLR3	protein_coding	1232	593	639	15.5572	4.5569	4.3880
ENSG00000164344.16	KLKB1	protein_coding	36	21	15	1.0488	0.3072	0.2958
ENSG00000164346.10	NSA2	protein_coding	2353	1260	1231	40.2696	11.7956	11.3583
ENSG00000164347.18	GFM2	protein_coding	1405	1151	1207	30.0461	8.8010	8.4747
ENSG00000164362.21	TERT	protein_coding	10	7	7	0.1434	0.0420	0.0405
ENSG00000164363.10	SLC6A18	protein_coding	0	0	0	0.0000	0.0000	0.0000
ENSG00000164366.4	CCDC127	protein_coding	1571	767	804	13.8363	4.0529	3.9026
ENSG00000164379.7	FOXQ1	protein_coding	1	1	0	0.0319	0.0093	0.0090
ENSG00000164385.9	LINC01600	lncRNA	2	2	0	0.0546	0.0160	0.0154
ENSG00000164393.8	ADGRF2	protein_coding	1	0	1	0.0133	0.0039	0.0037
ENSG00000164398.15	ACSL6	protein_coding	10	3	8	0.0500	0.0146	0.0141
ENSG00000164399.5	IL3	protein_coding	2	0	2	0.1838	0.0538	0.0518
ENSG00000164400.6	CSF2	protein_coding	12	4	8	1.2932	0.3788	0.3648
ENSG00000164402.14	SEPTIN8	protein_coding	2549	1385	1413	28.0792	8.2248	7.9199
ENSG00000164403.15	SHROOM1	protein_coding	744	363	381	15.1114	4.4264	4.2623
ENSG00000164404.8	GDF9	protein_coding	5	511	472	0.1295	0.0379	0.0365
ENSG00000164405.11	UQCRQ	protein_coding	1667	1283	1362	63.8243	18.6951	18.0020
ENSG00000164406.8	LEAP2	protein_coding	9	4	5	0.5957	0.1745	0.1680
ENSG00000164411.12	GJB7	protein_coding	1	7	5	0.0311	0.0091	0.0088
ENSG00000164414.18	SLC35A1	protein_coding	188	99	89	8.0065	2.3452	2.2583
ENSG00000164418.21	GRIK2	protein_coding	498	263	235	5.3330	1.5621	1.5042
ENSG00000164430.16	CGAS	protein_coding	274	149	127	5.5746	1.6329	1.5723
ENSG00000164434.12	FABP7	protein_coding	1221	625	596	41.6919	12.2122	11.7595
ENSG00000164438.6	TLX3	protein_coding	1	2	0	0.0554	0.0162	0.0156
ENSG00000164440.15	TXLNB	protein_coding	259	124	135	4.5860	1.3433	1.2935
ENSG00000164442.10	CITED2	protein_coding	885	429	456	29.3229	8.5891	8.2707
ENSG00000164451.13	CALHM4	protein_coding	0	0	0	0.0000	0.0000	0.0000
ENSG00000164458.10	TBXT	protein_coding	0	0	0	0.0000	0.0000	0.0000
ENSG00000164463.12	CREBRF	protein_coding	1941	963	978	13.3650	3.9148	3.7697
ENSG00000164465.19	DCBLD1	protein_coding	341	232	226	4.2466	1.2439	1.1978
ENSG00000164466.13	SFXN1	protein_coding	2468	1204	1264	28.2954	8.2882	7.9809
ENSG00000164483.17	SAMD3	protein_coding	58	30	28	0.7138	0.2091	0.2013
ENSG00000164484.12	TMEM200A	protein_coding	137	69	68	1.9860	0.5817	0.5602
ENSG00000164485.15	IL22RA2	protein_coding	0	0	0	0.0000	0.0000	0.0000
ENSG00000164488.12	DACT2	protein_coding	11	7	4	0.2200	0.0644	0.0621
ENSG00000164494.12	PDSS2	protein_coding	636	346	290	13.7744	4.0347	3.8851
ENSG00000164500.7	SPATA48	protein_coding	0	0	0	0.0000	0.0000	0.0000
ENSG00000164506.14	STXBP5	protein_coding	1529	811	786	12.3613	3.6208	3.4866
ENSG00000164508.5	H2AC1	protein_coding	0	0	0	0.0000	0.0000	0.0000
ENSG00000164509.15	IL31RA	protein_coding	7	1	6	0.0933	0.0273	0.0263
ENSG00000164512.18	ANKRD55	protein_coding	4	5	4	0.1152	0.0338	0.0325
ENSG00000164520.11	RAET1E	protein_coding	4	3	1	0.1131	0.0331	0.0319
ENSG00000164530.15	PI16	protein_coding	519	267	252	19.1209	5.6008	5.3932
ENSG00000164532.11	TBX20	protein_coding	0	0	0	0.0000	0.0000	0.0000
ENSG00000164535.15	DAGLB	protein_coding	1143	551	592	16.9841	4.9749	4.7905
ENSG00000164542.13	KIAA0895	protein_coding	280	196	178	3.4983	1.0247	0.9867
ENSG00000164543.7	STK17A	protein_coding	3492	1719	1829	52.1806	15.2845	14.7178
ENSG00000164548.11	TRA2A	protein_coding	2522	1289	1233	60.9128	17.8423	17.1808
ENSG00000164556.7	FAM183BP	processed_pseudogene	1	0	1	0.0532	0.0156	0.0150
ENSG00000164574.16	GALNT10	protein_coding	2674	1393	1424	21.6346	6.3371	6.1022
ENSG00000164576.12	SAP30L	protein_coding	1432	730	702	18.1123	5.3054	5.1087
ENSG00000164587.13	RPS14	protein_coding	15508	7524	7985	259.1394	75.9060	73.0918
ENSG00000164588.8	HCN1	protein_coding	0	0	0	0.0000	0.0000	0.0000
ENSG00000164591.14	MYOZ3	protein_coding	6	5	5	0.0869	0.0255	0.0245
ENSG00000164597.15	COG5	protein_coding	2991	2368	2427	30.2485	8.8603	8.5318
ENSG00000164600.7	NEUROD6	protein_coding	0	0	0	0.0000	0.0000	0.0000
ENSG00000164603.12	BMT2	protein_coding	898	515	451	18.6133	5.4521	5.2500
ENSG00000164604.13	GPR85	protein_coding	50	20	30	0.5863	0.1717	0.1654
ENSG00000164609.10	SLU7	protein_coding	2293	1119	1174	40.8309	11.9600	11.5166
ENSG00000164610.9	RP9	protein_coding	372	202	170	16.6178	4.8676	4.6871
ENSG00000164611.13	PTTG1	protein_coding	1370	671	699	58.9068	17.2547	16.6150
ENSG00000164615.6	CAMLG	protein_coding	2046	1028	1019	23.4350	6.8645	6.6100
ENSG00000164616.16	FBXL21P	transcribed_unitary_pseudogene	0	0	0	0.0000	0.0000	0.0000
ENSG00000164619.10	BMPER	protein_coding	9	4	5	0.0957	0.0280	0.0270
ENSG00000164620.9	RELL2	protein_coding	56	176	183	1.8411	0.5393	0.5193
ENSG00000164621.5	SMAD5-AS1	lncRNA	0	4	4	0.0000	0.0000	0.0000
ENSG00000164626.9	KCNK5	protein_coding	69	34	35	1.5489	0.4537	0.4369
ENSG00000164627.18	KIF6	protein_coding	55	27	28	0.3934	0.1152	0.1110
ENSG00000164631.19	ZNF12	protein_coding	867	425	442	13.8369	4.0530	3.9028
ENSG00000164638.10	SLC29A4	protein_coding	399	228	222	5.8309	1.7080	1.6446
ENSG00000164645.3	TEX47	protein_coding	0	0	0	0.0000	0.0000	0.0000
ENSG00000164647.9	STEAP1	protein_coding	331	175	156	18.2051	5.3326	5.1349
ENSG00000164649.20	CDCA7L	protein_coding	37	37	48	0.8069	0.2364	0.2276
ENSG00000164651.17	SP8	protein_coding	0	0	0	0.0000	0.0000	0.0000
ENSG00000164654.16	MIOS	protein_coding	1391	691	700	17.5937	5.1535	4.9624
ENSG00000164659.15	ELAPOR2	protein_coding	224	108	116	2.3571	0.6904	0.6648
ENSG00000164663.14	USP49	protein_coding	102	58	65	0.7931	0.2323	0.2237
ENSG00000164669.13	INTS4P1	transcribed_unprocessed_pseudogene	1	1	0	0.0217	0.0064	0.0061
ENSG00000164674.16	SYTL3	protein_coding	106	68	46	3.1083	0.9105	0.8767
ENSG00000164675.11	IQUB	protein_coding	2	0	2	0.0278	0.0082	0.0079
ENSG00000164683.18	HEY1	protein_coding	4302	2164	2138	66.5806	19.5025	18.7794
ENSG00000164684.13	ZNF704	protein_coding	2304	1130	1174	13.0368	3.8187	3.6771
ENSG00000164687.11	FABP5	protein_coding	2816	3041	3101	125.5966	36.7892	35.4253
ENSG00000164690.8	SHH	protein_coding	3	2	1	0.0487	0.0143	0.0137
ENSG00000164691.18	TAGAP	protein_coding	223	142	123	4.6313	1.3566	1.3063
ENSG00000164692.18	COL1A2	protein_coding	71370	35640	35730	560.3007	164.1208	158.0361
ENSG00000164694.17	FNDC1	protein_coding	837	421	416	10.3764	3.0394	2.9267
ENSG00000164695.5	CHMP4C	protein_coding	6	4	2	0.2751	0.0806	0.0776
ENSG00000164707.15	SLC13A4	protein_coding	22	14	20	0.2331	0.0683	0.0657
ENSG00000164708.6	PGAM2	protein_coding	0	34	45	0.0000	0.0000	0.0000
ENSG00000164713.10	BRI3	protein_coding	5767	3194	3093	95.2980	27.9143	26.8793
ENSG00000164715.6	LMTK2	protein_coding	2277	1113	1164	21.0935	6.1786	5.9495
ENSG00000164729.7	SLC35G3	protein_coding	0	0	0	0.0000	0.0000	0.0000
ENSG00000164733.22	CTSB	protein_coding	152042	76108	75947	1224.8814	358.7870	345.4850
ENSG00000164736.6	SOX17	protein_coding	43	23	20	1.5565	0.4559	0.4390
ENSG00000164740.5	SEPTIN7P5	processed_pseudogene	0	0	0	0.0000	0.0000	0.0000
ENSG00000164741.15	DLC1	protein_coding	4075	1988	2087	27.0479	7.9228	7.6290
ENSG00000164742.16	ADCY1	protein_coding	4565	2238	2327	27.7575	8.1306	7.8292
ENSG00000164743.5	C8orf48	protein_coding	612	316	296	36.5995	10.7206	10.3231
ENSG00000164744.13	SUN3	protein_coding	13	5	8	0.6374	0.1867	0.1798
ENSG00000164746.14	C7orf57	protein_coding	12	7	5	0.4479	0.1312	0.1263
ENSG00000164749.13	HNF4G	protein_coding	2	1	1	0.0354	0.0104	0.0100
ENSG00000164751.15	PEX2	protein_coding	1698	855	843	29.0189	8.5001	8.1850
ENSG00000164754.15	RAD21	protein_coding	9135	5054	5064	127.1093	37.2323	35.8519
ENSG00000164756.12	SLC30A8	protein_coding	39	18	22	0.5275	0.1545	0.1488
ENSG00000164758.7	MED30	protein_coding	187	91	96	11.0279	3.2302	3.1105
ENSG00000164761.9	TNFRSF11B	protein_coding	44	17	27	1.4875	0.4357	0.4195
ENSG00000164764.11	SBSPON	protein_coding	15	9	6	0.2976	0.0872	0.0839
ENSG00000164776.10	PHKG1	protein_coding	19	1438	1505	0.5842	0.1711	0.1648
ENSG00000164778.4	EN2	protein_coding	164	76	88	4.1022	1.2016	1.1570
ENSG00000164794.9	KCNV1	protein_coding	0	0	0	0.0000	0.0000	0.0000
ENSG00000164796.18	CSMD3	protein_coding	1	1	1	0.0042	0.0012	0.0012
ENSG00000164808.17	SPIDR	protein_coding	1860	962	898	22.0173	6.4492	6.2101
ENSG00000164815.11	ORC5	protein_coding	958	478	481	21.8458	6.3990	6.1617
ENSG00000164816.8	DEFA5	protein_coding	0	0	0	0.0000	0.0000	0.0000
ENSG00000164818.16	DNAAF5	protein_coding	1579	808	802	18.7827	5.5017	5.2978
ENSG00000164821.5	DEFA4	protein_coding	0	0	0	0.0000	0.0000	0.0000
ENSG00000164822.5	DEFA6	protein_coding	0	0	0	0.0000	0.0000	0.0000
ENSG00000164823.11	OSGIN2	protein_coding	2791	1413	1378	50.9158	14.9140	14.3611
ENSG00000164825.4	DEFB1	protein_coding	0	0	0	0.0000	0.0000	0.0000
ENSG00000164828.18	SUN1	protein_coding	3409	1710	1699	24.4299	7.1559	6.8906
ENSG00000164830.18	OXR1	protein_coding	824	409	415	9.8848	2.8954	2.7881
ENSG00000164841.5	TMEM74	protein_coding	2	2	0	0.0229	0.0067	0.0065
ENSG00000164845.16	FAM86FP	transcribed_unprocessed_pseudogene	18	22	18	1.5378	0.4504	0.4337
ENSG00000164849.10	GPR146	protein_coding	11	40	48	0.2928	0.0858	0.0826
ENSG00000164850.15	GPER1	protein_coding	242	112	131	6.5805	1.9275	1.8561
ENSG00000164853.9	UNCX	protein_coding	0	0	0	0.0000	0.0000	0.0000
ENSG00000164855.16	TMEM184A	protein_coding	5	284	267	0.0558	0.0163	0.0157
ENSG00000164867.11	NOS3	protein_coding	995	1061	1121	14.2465	4.1730	4.0183
ENSG00000164871.17	SPAG11B	protein_coding	0	0	0	0.0000	0.0000	0.0000
ENSG00000164877.19	MICALL2	protein_coding	3236	1622	1614	31.1886	9.1356	8.7969
ENSG00000164879.7	CA3	protein_coding	2	2	2	0.0745	0.0218	0.0210
ENSG00000164880.16	INTS1	protein_coding	7064	3536	3529	66.0368	19.3432	18.6261
ENSG00000164885.13	CDK5	protein_coding	1181	542	641	43.5669	12.7614	12.2883
ENSG00000164889.15	SLC4A2	protein_coding	5385	4094	4069	60.4091	17.6948	17.0387
ENSG00000164893.9	SLC7A13	protein_coding	0	0	0	0.0000	0.0000	0.0000
ENSG00000164896.20	FASTK	protein_coding	3472	1701	1771	77.4885	22.6976	21.8561
ENSG00000164897.14	TMUB1	protein_coding	1045	512	533	45.2073	13.2419	12.7510
ENSG00000164898.13	FMC1	protein_coding	17	9	8	1.0871	0.3184	0.3066
ENSG00000164900.4	GBX1	protein_coding	1	1	0	0.0579	0.0170	0.0163
ENSG00000164902.14	PHAX	protein_coding	2196	1096	1100	50.9244	14.9166	14.3635
ENSG00000164904.18	ALDH7A1	protein_coding	3258	1632	1627	15.4444	4.5239	4.3562
ENSG00000164916.11	FOXK1	protein_coding	1577	801	777	10.2182	2.9931	2.8821
ENSG00000164919.11	COX6C	protein_coding	3009	2233	2122	94.2204	27.5986	26.5754
ENSG00000164920.9	OSR2	protein_coding	61	26	35	1.7680	0.5179	0.4987
ENSG00000164924.18	YWHAZ	protein_coding	56613	28547	28066	561.8326	164.5696	158.4682
ENSG00000164929.17	BAALC	protein_coding	7728	6474	6662	164.3128	48.1298	46.3454
ENSG00000164930.12	FZD6	protein_coding	5562	2832	2788	116.1937	34.0350	32.7731
ENSG00000164932.13	CTHRC1	protein_coding	6937	3519	3418	337.5892	98.8852	95.2190
ENSG00000164933.12	SLC25A32	protein_coding	3	31	31	0.0697	0.0204	0.0197
ENSG00000164934.14	DCAF13	protein_coding	3686	1949	1940	34.0273	9.9671	9.5976
ENSG00000164935.6	DCSTAMP	protein_coding	230	114	116	7.0309	2.0594	1.9831
ENSG00000164938.14	TP53INP1	protein_coding	3389	1725	1665	51.0004	14.9388	14.3850
ENSG00000164941.14	INTS8	protein_coding	2608	1519	1531	28.1557	8.2472	7.9415
ENSG00000164944.12	VIRMA	protein_coding	5149	2580	2569	40.5805	11.8867	11.4460
ENSG00000164946.20	FREM1	protein_coding	102	48	54	1.0469	0.3066	0.2953
ENSG00000164949.8	GEM	protein_coding	3084	1466	1618	98.9028	28.9702	27.8961
ENSG00000164951.16	PDP1	protein_coding	12321	6226	6095	186.7068	54.6893	52.6617
ENSG00000164953.16	TMEM67	protein_coding	3521	1759	1762	35.8304	10.4953	10.1062
ENSG00000164961.16	WASHC5	protein_coding	6874	3945	3924	122.5579	35.8991	34.5682
ENSG00000164967.10	RPP25L	protein_coding	432	234	198	33.5949	9.8405	9.4756
ENSG00000164970.15	FAM219A	protein_coding	809	389	420	18.1652	5.3209	5.1236
ENSG00000164972.13	C9orf24	protein_coding	4	3	1	0.2397	0.0702	0.0676
ENSG00000164975.15	SNAPC3	protein_coding	1233	733	738	15.6653	4.5886	4.4185
ENSG00000164976.9	MYORG	protein_coding	753	379	374	9.9186	2.9053	2.7976
ENSG00000164978.18	NUDT2	protein_coding	339	173	166	26.8295	7.8588	7.5674
ENSG00000164983.7	TMEM65	protein_coding	1346	662	684	12.6595	3.7082	3.5707
ENSG00000164985.15	PSIP1	protein_coding	2283	1295	1227	28.7475	8.4206	8.1084
ENSG00000164989.17	CCDC171	protein_coding	128	63	65	0.8914	0.2611	0.2514
ENSG00000165006.14	UBAP1	protein_coding	1210	654	625	37.0684	10.8579	10.4554
ENSG00000165023.7	DIRAS2	protein_coding	3	3	0	0.0573	0.0168	0.0162
ENSG00000165025.15	SYK	protein_coding	620	303	317	10.1057	2.9601	2.8504
ENSG00000165028.12	NIPSNAP3B	protein_coding	24	17	7	0.3620	0.1060	0.1021
ENSG00000165029.17	ABCA1	protein_coding	1224	599	625	9.1636	2.6842	2.5846
ENSG00000165030.4	NFIL3	protein_coding	794	384	410	32.8111	9.6109	9.2546
ENSG00000165046.13	LETM2	protein_coding	135	83	111	1.8751	0.5492	0.5289
ENSG00000165055.16	METTL2B	protein_coding	1395	700	695	17.5528	5.1415	4.9509
ENSG00000165059.8	PRKACG	protein_coding	1	1	0	0.0527	0.0155	0.0149
ENSG00000165060.15	FXN	protein_coding	141	71	70	1.6491	0.4830	0.4651
ENSG00000165061.15	ZMAT4	protein_coding	0	0	0	0.0000	0.0000	0.0000
ENSG00000165066.13	NKX6-3	protein_coding	0	0	0	0.0000	0.0000	0.0000
ENSG00000165071.15	TMEM71	protein_coding	27	13	17	0.6873	0.2013	0.1939
ENSG00000165072.10	MAMDC2	protein_coding	378	238	247	8.9440	2.6198	2.5227
ENSG00000165076.14	PRSS37	protein_coding	1	0	1	0.0382	0.0112	0.0108
ENSG00000165078.13	CPA6	protein_coding	4	2	2	0.1177	0.0345	0.0332
ENSG00000165084.16	C8orf34	protein_coding	2	0	2	0.0165	0.0048	0.0047
ENSG00000165091.18	TMC1	protein_coding	4	0	4	0.0390	0.0114	0.0110
ENSG00000165092.13	ALDH1A1	protein_coding	2384	1214	1170	71.2853	20.8806	20.1064
ENSG00000165097.16	KDM1B	protein_coding	968	487	482	14.6295	4.2852	4.1263
ENSG00000165102.15	HGSNAT	protein_coding	7606	3841	3765	72.2974	21.1770	20.3919
ENSG00000165105.10	RASEF	protein_coding	2874	1376	1498	36.7341	10.7600	10.3611
ENSG00000165113.13	GKAP1	protein_coding	31	15	16	0.7738	0.2267	0.2183
ENSG00000165115.15	KIF27	protein_coding	40	30	24	0.4389	0.1286	0.1238
ENSG00000165118.15	C9orf64	protein_coding	738	370	368	22.7565	6.6657	6.4186
ENSG00000165119.21	HNRNPK	protein_coding	15395	8628	8626	256.5948	75.1606	72.3741
ENSG00000165120.5	SSMEM1	protein_coding	1	1	0	0.0621	0.0182	0.0175
ENSG00000165121.11	AL353743.1	transcribed_unprocessed_pseudogene	40	22	18	1.6434	0.4814	0.4635
ENSG00000165124.18	SVEP1	protein_coding	236	121	115	1.4120	0.4136	0.3983
ENSG00000165125.22	TRPV6	protein_coding	1	1	0	0.0071	0.0021	0.0020
ENSG00000165131.8	LLCFC1	protein_coding	1	1	0	0.0914	0.0268	0.0258
ENSG00000165138.18	ANKS6	protein_coding	557	283	274	5.3375	1.5634	1.5055
ENSG00000165140.11	FBP1	protein_coding	198	229	215	9.6081	2.8144	2.7100
ENSG00000165152.9	PGAP4	protein_coding	1145	587	602	17.5228	5.1327	4.9424
ENSG00000165156.15	ZHX1	protein_coding	2964	1551	1413	37.3837	10.9503	10.5443
ENSG00000165164.14	CFAP47	protein_coding	3	2	1	0.0223	0.0065	0.0063
ENSG00000165168.8	CYBB	protein_coding	1684	858	826	32.6871	9.5746	9.2196
ENSG00000165169.11	DYNLT3	protein_coding	4485	2264	2221	122.0731	35.7571	34.4314
ENSG00000165171.11	METTL27	protein_coding	188	95	93	11.0104	3.2251	3.1055
ENSG00000165175.16	MID1IP1	protein_coding	3856	2003	2061	67.6976	19.8297	19.0945
ENSG00000165178.9	NCF1C	unprocessed_pseudogene	66	36	31	3.9276	1.1505	1.1078
ENSG00000165181.16	SHOC1	protein_coding	1	1	0	0.0135	0.0040	0.0038
ENSG00000165182.12	CXorf58	protein_coding	0	0	0	0.0000	0.0000	0.0000
ENSG00000165185.15	KIAA1958	protein_coding	128	63	72	0.8273	0.2423	0.2333
ENSG00000165186.12	PTCHD1	protein_coding	2	0	2	0.0132	0.0039	0.0037
ENSG00000165188.13	RNF183	protein_coding	0	0	0	0.0000	0.0000	0.0000
ENSG00000165192.14	ASB11	protein_coding	40	19	21	1.0873	0.3185	0.3067
ENSG00000165194.15	PCDH19	protein_coding	44	24	20	0.3830	0.1122	0.1080
ENSG00000165195.16	PIGA	protein_coding	623	310	313	8.4057	2.4622	2.3709
ENSG00000165197.5	VEGFD	protein_coding	11	3	8	0.4275	0.1252	0.1206
ENSG00000165202.3	OR1Q1	protein_coding	2	1	1	0.1797	0.0526	0.0507
ENSG00000165204.3	OR1K1	protein_coding	0	0	0	0.0000	0.0000	0.0000
ENSG00000165209.19	STRBP	protein_coding	422	206	216	4.4128	1.2926	1.2447
ENSG00000165215.6	CLDN3	protein_coding	1	1	0	0.0667	0.0195	0.0188
ENSG00000165219.22	GAPVD1	protein_coding	1696	863	833	10.5706	3.0963	2.9815
ENSG00000165233.18	CARD19	protein_coding	1749	854	895	48.1914	14.1160	13.5927
ENSG00000165238.16	WNK2	protein_coding	0	0	0	0.0000	0.0000	0.0000
ENSG00000165240.20	ATP7A	protein_coding	1729	852	877	13.4457	3.9385	3.7924
ENSG00000165244.7	ZNF367	protein_coding	489	246	243	11.2628	3.2991	3.1768
ENSG00000165246.14	NLGN4Y	protein_coding	61	33	28	0.6031	0.1767	0.1701
ENSG00000165259.14	HDX	protein_coding	212	109	103	2.4805	0.7266	0.6996
ENSG00000165264.11	NDUFB6	protein_coding	985	498	488	60.3511	17.6778	17.0224
ENSG00000165269.13	AQP7	protein_coding	10	3	7	0.1617	0.0474	0.0456
ENSG00000165271.17	NOL6	protein_coding	2673	1332	1341	37.8699	11.0927	10.6814
ENSG00000165272.16	AQP3	protein_coding	198	102	96	5.7761	1.6919	1.6292
ENSG00000165275.10	TRMT10B	protein_coding	143	98	92	4.2371	1.2411	1.1951
ENSG00000165280.17	VCP	protein_coding	12692	6404	6291	121.3340	35.5406	34.2230
ENSG00000165282.14	PIGO	protein_coding	1213	646	569	14.2691	4.1796	4.0247
ENSG00000165283.16	STOML2	protein_coding	2142	1028	1114	100.7196	29.5023	28.4086
ENSG00000165288.11	BRWD3	protein_coding	641	315	326	3.8242	1.1202	1.0786
ENSG00000165300.7	SLITRK5	protein_coding	383	188	195	1.5412	0.4514	0.4347
ENSG00000165304.8	MELK	protein_coding	501	247	254	13.7820	4.0370	3.8873
ENSG00000165309.14	ARMC3	protein_coding	7	4	3	0.0849	0.0249	0.0240
ENSG00000165312.6	OTUD1	protein_coding	406	200	206	11.7551	3.4433	3.3156
ENSG00000165322.18	ARHGAP12	protein_coding	4481	2226	2255	64.0189	18.7521	18.0569
ENSG00000165323.15	FAT3	protein_coding	35	15	20	0.1542	0.0452	0.0435
ENSG00000165325.14	DEUP1	protein_coding	0	0	1	0.0000	0.0000	0.0000
ENSG00000165338.17	HECTD2	protein_coding	1556	774	782	11.4404	3.3511	3.2268
ENSG00000165349.12	SLC7A3	protein_coding	3	1	3	0.1123	0.0329	0.0317
ENSG00000165355.7	FBXO33	protein_coding	1157	564	593	25.5004	7.4695	7.1925
ENSG00000165359.16	INTS6L	protein_coding	309	161	153	3.6562	1.0710	1.0312
ENSG00000165370.3	GPR101	protein_coding	0	0	0	0.0000	0.0000	0.0000
ENSG00000165376.11	CLDN2	protein_coding	2	1	3	0.0498	0.0146	0.0140
ENSG00000165379.13	LRFN5	protein_coding	13	8	5	0.1798	0.0527	0.0507
ENSG00000165383.11	LRRC18	protein_coding	0	0	0	0.0000	0.0000	0.0000
ENSG00000165389.7	SPTSSA	protein_coding	2783	1387	1396	88.7805	26.0052	25.0411
ENSG00000165392.11	WRN	protein_coding	1647	879	929	17.0109	4.9828	4.7980
ENSG00000165406.16	MARCHF8	protein_coding	2349	1161	1188	26.5405	7.7741	7.4859
ENSG00000165409.18	TSHR	protein_coding	22	13	10	0.1885	0.0552	0.0532
ENSG00000165410.15	CFL2	protein_coding	3543	1799	1744	60.8808	17.8330	17.1718
ENSG00000165416.15	SUGT1	protein_coding	1564	767	798	8.7946	2.5761	2.4806
ENSG00000165417.12	GTF2A1	protein_coding	3048	1526	1529	37.9194	11.1072	10.6954
ENSG00000165424.7	ZCCHC24	protein_coding	7755	4254	4389	130.4592	38.2135	36.7968
ENSG00000165434.8	PGM2L1	protein_coding	711	362	349	6.8752	2.0139	1.9392
ENSG00000165443.12	PHYHIPL	protein_coding	2	21	23	0.0420	0.0123	0.0119
ENSG00000165449.11	SLC16A9	protein_coding	10	8	2	0.1917	0.0562	0.0541
ENSG00000165457.14	FOLR2	protein_coding	375	186	189	22.4895	6.5875	6.3433
ENSG00000165458.14	INPPL1	protein_coding	6457	3237	3235	83.4091	24.4318	23.5260
ENSG00000165462.5	PHOX2A	protein_coding	0	9	5	0.0000	0.0000	0.0000
ENSG00000165471.7	MBL2	protein_coding	9	4	5	0.2113	0.0619	0.0596
ENSG00000165474.8	GJB2	protein_coding	636	326	310	21.8308	6.3946	6.1575
ENSG00000165475.15	CRYL1	protein_coding	596	293	303	11.6969	3.4262	3.2992
ENSG00000165476.14	REEP3	protein_coding	4665	2326	2340	75.9643	22.2511	21.4262
ENSG00000165478.7	HEPACAM	protein_coding	1	1	0	0.0222	0.0065	0.0063
ENSG00000165480.16	SKA3	protein_coding	217	118	99	6.1467	1.8005	1.7337
ENSG00000165487.14	MICU2	protein_coding	616	316	300	14.4826	4.2422	4.0849
ENSG00000165490.13	DDIAS	protein_coding	144	68	79	2.2904	0.6709	0.6460
ENSG00000165494.11	PCF11	protein_coding	1552	901	906	13.2446	3.8795	3.7357
ENSG00000165495.16	PKNOX2	protein_coding	1505	765	740	19.5481	5.7259	5.5136
ENSG00000165496.5	RPL10L	protein_coding	0	0	0	0.0000	0.0000	0.0000
ENSG00000165501.17	LRR1	protein_coding	400	249	243	14.8009	4.3354	4.1747
ENSG00000165502.7	RPL36AL	protein_coding	5595	2772	2823	702.8549	205.8772	198.2443
ENSG00000165506.15	DNAAF2	protein_coding	609	310	299	17.3720	5.0885	4.8999
ENSG00000165507.9	DEPP1	protein_coding	807	437	425	23.0046	6.7384	6.4886
ENSG00000165509.13	MAGEC3	protein_coding	20	11	9	0.6147	0.1801	0.1734
ENSG00000165511.6	ZNF22-AS1	lncRNA	16	7	9	0.4414	0.1293	0.1245
ENSG00000165512.5	ZNF22	protein_coding	145	123	137	5.8552	1.7151	1.6515
ENSG00000165516.11	KLHDC2	protein_coding	591	887	863	7.9424	2.3265	2.2402
ENSG00000165521.15	EML5	protein_coding	13	363	383	0.1004	0.0294	0.0283
ENSG00000165525.18	NEMF	protein_coding	2003	1576	1586	18.8076	5.5090	5.3048
ENSG00000165526.9	RPUSD4	protein_coding	585	295	290	12.1731	3.5657	3.4335
ENSG00000165527.7	ARF6	protein_coding	7307	3743	3564	160.1326	46.9053	45.1663
ENSG00000165533.19	TTC8	protein_coding	1575	786	789	21.3760	6.2614	6.0292
ENSG00000165548.11	TMEM63C	protein_coding	3	1	3	0.0400	0.0117	0.0113
ENSG00000165553.4	NGB	protein_coding	2	2	0	0.0901	0.0264	0.0254
ENSG00000165555.9	NOXRED1	protein_coding	8	1	7	0.2726	0.0799	0.0769
ENSG00000165556.10	CDX2	protein_coding	0	0	0	0.0000	0.0000	0.0000
ENSG00000165566.12	AMER2	protein_coding	4	1	4	0.0320	0.0094	0.0090
ENSG00000165568.18	AKR1E2	protein_coding	399	185	215	14.0187	4.1063	3.9541
ENSG00000165572.8	KBTBD6	protein_coding	583	278	305	9.4590	2.7707	2.6680
ENSG00000165583.15	SSX5	protein_coding	1	0	1	0.0572	0.0168	0.0161
ENSG00000165584.16	SSX3	protein_coding	0	0	0	0.0000	0.0000	0.0000
ENSG00000165588.18	OTX2	protein_coding	0	0	0	0.0000	0.0000	0.0000
ENSG00000165591.6	FAAH2	protein_coding	10	7	3	0.4206	0.1232	0.1186
ENSG00000165606.9	DRGX	protein_coding	0	0	0	0.0000	0.0000	0.0000
ENSG00000165609.13	NUDT5	protein_coding	1827	1129	1113	31.2550	9.1551	8.8156
ENSG00000165617.15	DACT1	protein_coding	144	79	65	2.6677	0.7814	0.7524
ENSG00000165621.8	OXGR1	protein_coding	0	0	0	0.0000	0.0000	0.0000
ENSG00000165623.10	UCMA	protein_coding	0	0	0	0.0000	0.0000	0.0000
ENSG00000165626.17	BEND7	protein_coding	20	9	11	0.1695	0.0497	0.0478
ENSG00000165629.20	ATP5F1C	protein_coding	6785	3427	3358	249.6470	73.1255	70.4144
ENSG00000165630.14	PRPF18	protein_coding	212	107	122	9.7631	2.8598	2.7537
ENSG00000165632.8	TAF3	protein_coding	1243	581	662	21.6525	6.3424	6.1072
ENSG00000165633.13	VSTM4	protein_coding	170	88	92	1.6680	0.4886	0.4705
ENSG00000165637.13	VDAC2	protein_coding	3220	1669	1551	96.7258	28.3325	27.2821
ENSG00000165643.11	SOHLH1	protein_coding	0	0	0	0.0000	0.0000	0.0000
ENSG00000165644.11	COMTD1	protein_coding	388	193	195	17.2689	5.0583	4.8708
ENSG00000165646.14	SLC18A2	protein_coding	10	219	200	0.2059	0.0603	0.0581
ENSG00000165650.12	PDZD8	protein_coding	1995	1151	1247	17.1926	5.0360	4.8493
ENSG00000165655.17	ZNF503	protein_coding	1776	867	923	47.0573	13.7838	13.2728
ENSG00000165660.8	ABRAXAS2	protein_coding	1018	491	527	29.2552	8.5693	8.2516
ENSG00000165661.17	QSOX2	protein_coding	815	406	409	15.3766	4.5041	4.3371
ENSG00000165669.14	FAM204A	protein_coding	1150	651	636	6.5006	1.9041	1.8335
ENSG00000165671.21	NSD1	protein_coding	2611	1345	1267	14.2902	4.1858	4.0306
ENSG00000165672.7	PRDX3	protein_coding	6621	3371	3251	166.3978	48.7405	46.9335
ENSG00000165675.16	ENOX2	protein_coding	1471	733	738	29.1933	8.5512	8.2341
ENSG00000165678.21	GHITM	protein_coding	8026	4293	4477	286.1341	83.8132	80.7058
ENSG00000165682.14	CLEC1B	protein_coding	2	2	0	0.0463	0.0136	0.0131
ENSG00000165684.4	SNAPC4	protein_coding	476	253	225	8.0123	2.3469	2.2599
ENSG00000165685.8	TMEM52B	protein_coding	21	14	7	0.5111	0.1497	0.1442
ENSG00000165688.12	PMPCA	protein_coding	1027	520	507	13.3783	3.9187	3.7734
ENSG00000165689.17	ENTR1	protein_coding	832	405	427	22.5156	6.5952	6.3506
ENSG00000165694.10	FRMD7	protein_coding	1	1	0	0.0255	0.0075	0.0072
ENSG00000165695.10	AK8	protein_coding	12	23	16	0.3731	0.1093	0.1052
ENSG00000165698.16	SPACA9	protein_coding	264	128	163	7.9416	2.3262	2.2400
ENSG00000165699.15	TSC1	protein_coding	1416	712	717	6.8322	2.0013	1.9271
ENSG00000165702.14	GFI1B	protein_coding	1	10	3	0.0139	0.0041	0.0039
ENSG00000165704.15	HPRT1	protein_coding	1681	876	805	88.5554	25.9393	24.9776
ENSG00000165714.11	BORCS5	protein_coding	713	335	383	9.2837	2.7193	2.6185
ENSG00000165716.11	DIPK1B	protein_coding	80	164	152	2.0017	0.5863	0.5646
ENSG00000165724.6	ZMYND19	protein_coding	486	263	223	17.2539	5.0539	4.8666
ENSG00000165730.16	STOX1	protein_coding	3	0	3	0.0651	0.0191	0.0184
ENSG00000165731.20	RET	protein_coding	11	7	5	0.1359	0.0398	0.0383
ENSG00000165732.13	DDX21	protein_coding	5101	2589	2512	87.1062	25.5148	24.5688
ENSG00000165733.8	BMS1	protein_coding	3261	1624	1640	35.6909	10.4544	10.0668
ENSG00000165752.17	STK32C	protein_coding	1805	874	932	43.1414	12.6368	12.1683
ENSG00000165757.9	JCAD	protein_coding	1404	717	687	12.4533	3.6478	3.5125
ENSG00000165762.3	OR4K2	protein_coding	0	0	0	0.0000	0.0000	0.0000
ENSG00000165775.18	FUNDC2	protein_coding	2206	1149	1142	18.5590	5.4362	5.2347
ENSG00000165782.11	PIP4P1	protein_coding	2221	1170	1274	51.0580	14.9557	14.4012
ENSG00000165792.18	METTL17	protein_coding	463	385	380	9.2600	2.7124	2.6119
ENSG00000165794.10	SLC39A2	protein_coding	14	9	7	0.7548	0.2211	0.2129
ENSG00000165795.23	NDRG2	protein_coding	772	380	395	8.6833	2.5435	2.4492
ENSG00000165799.5	RNASE7	protein_coding	1	1	1	0.0603	0.0177	0.0170
ENSG00000165801.10	ARHGEF40	protein_coding	9934	5140	5052	102.9533	30.1566	29.0386
ENSG00000165802.23	NSMF	protein_coding	1007	483	525	17.3988	5.0964	4.9074
ENSG00000165804.16	ZNF219	protein_coding	1404	851	874	17.8941	5.2415	5.0471
ENSG00000165805.10	C12orf50	protein_coding	21	5	16	0.3179	0.0931	0.0897
ENSG00000165806.21	CASP7	protein_coding	943	503	442	22.1705	6.4941	6.2533
ENSG00000165807.8	PPP1R36	protein_coding	8	5	4	0.2209	0.0647	0.0623
ENSG00000165810.17	BTNL9	protein_coding	27	9	18	0.4122	0.1207	0.1163
ENSG00000165813.20	CCDC186	protein_coding	911	466	445	8.5930	2.5170	2.4237
ENSG00000165816.13	VWA2	protein_coding	54	32	28	0.7218	0.2114	0.2036
ENSG00000165819.12	METTL3	protein_coding	1245	990	956	18.0389	5.2839	5.0880
ENSG00000165821.12	SALL2	protein_coding	265	152	156	4.1806	1.2245	1.1791
ENSG00000165828.15	PRAP1	protein_coding	0	0	0	0.0000	0.0000	0.0000
ENSG00000165832.6	TRUB1	protein_coding	2117	1041	1076	49.9518	14.6317	14.0892
ENSG00000165837.12	ERICH6B	protein_coding	1	53	53	0.0289	0.0085	0.0081
ENSG00000165841.11	CYP2C19	protein_coding	0	0	0	0.0000	0.0000	0.0000
ENSG00000165861.14	ZFYVE1	protein_coding	3652	1831	1821	59.3549	17.3860	16.7414
ENSG00000165863.17	C10orf82	protein_coding	1	1	0	0.0352	0.0103	0.0099
ENSG00000165868.16	HSPA12A	protein_coding	3701	2119	2231	14.8861	4.3604	4.1987
ENSG00000165874.13	SHLD2P1	transcribed_unprocessed_pseudogene	5	6	0	0.1132	0.0331	0.0319
ENSG00000165879.9	FRAT1	protein_coding	42	19	23	1.3485	0.3950	0.3803
ENSG00000165886.5	UBTD1	protein_coding	2388	1213	1175	123.1269	36.0658	34.7287
ENSG00000165887.12	ANKRD2	protein_coding	4	3	1	0.2341	0.0686	0.0660
ENSG00000165891.16	E2F7	protein_coding	384	183	201	5.1835	1.5183	1.4620
ENSG00000165895.19	ARHGAP42	protein_coding	1766	941	858	16.1032	4.7169	4.5420
ENSG00000165898.14	ISCA2	protein_coding	850	516	517	23.8619	6.9895	6.7304
ENSG00000165899.11	OTOGL	protein_coding	4	1	3	0.0277	0.0081	0.0078
ENSG00000165905.18	LARGE2	protein_coding	9	2	7	0.2426	0.0710	0.0684
ENSG00000165912.16	PACSIN3	protein_coding	814	432	382	25.0908	7.3495	7.0770
ENSG00000165914.15	TTC7B	protein_coding	2015	1108	1053	8.0456	2.3567	2.2693
ENSG00000165915.14	SLC39A13	protein_coding	2628	1318	1310	48.7379	14.2761	13.7468
ENSG00000165916.8	PSMC3	protein_coding	7026	3507	3519	262.1490	76.7875	73.9407
ENSG00000165917.10	RAPSN	protein_coding	1	0	1	0.0453	0.0133	0.0128
ENSG00000165923.16	AGBL2	protein_coding	107	41	66	1.6572	0.4854	0.4674
ENSG00000165929.13	TC2N	protein_coding	180	95	86	2.4847	0.7278	0.7008
ENSG00000165934.13	CPSF2	protein_coding	5394	2647	2751	33.7728	9.8926	9.5258
ENSG00000165935.9	SMCO2	protein_coding	1	0	1	0.0429	0.0126	0.0121
ENSG00000165943.5	MOAP1	protein_coding	1867	905	963	62.6914	18.3633	17.6825
ENSG00000165948.11	IFI27L1	protein_coding	631	339	292	22.7440	6.6621	6.4151
ENSG00000165949.12	IFI27	protein_coding	50246	25328	24926	1028.9155	301.3855	290.2117
ENSG00000165953.10	SERPINA12	protein_coding	0	0	0	0.0000	0.0000	0.0000
ENSG00000165959.12	CLMN	protein_coding	2241	1083	1158	12.1191	3.5499	3.4183
ENSG00000165966.16	PDZRN4	protein_coding	13	6	7	0.2266	0.0664	0.0639
ENSG00000165970.12	SLC6A5	protein_coding	0	0	0	0.0000	0.0000	0.0000
ENSG00000165972.13	CCDC38	protein_coding	1	1	4	0.0171	0.0050	0.0048
ENSG00000165973.19	NELL1	protein_coding	4	2	2	0.0639	0.0187	0.0180
ENSG00000165983.14	PTER	protein_coding	1317	666	669	27.9391	8.1838	7.8804
ENSG00000165985.10	C1QL3	protein_coding	50	30	38	1.7870	0.5235	0.5040
ENSG00000165995.22	CACNB2	protein_coding	7	3	6	0.0533	0.0156	0.0150
ENSG00000165996.14	HACD1	protein_coding	661	340	324	14.5647	4.2662	4.1081
ENSG00000165997.5	ARL5B	protein_coding	1146	593	553	13.5731	3.9758	3.8284
ENSG00000166002.7	SMCO4	protein_coding	363	180	184	27.8717	8.1641	7.8614
ENSG00000166004.15	CEP295	protein_coding	271	280	241	2.4348	0.7132	0.6867
ENSG00000166006.14	KCNC2	protein_coding	0	0	1	0.0000	0.0000	0.0000
ENSG00000166007.11	TRIM51HP	transcribed_unprocessed_pseudogene	8	2	6	0.3617	0.1060	0.1020
ENSG00000166012.17	TAF1D	protein_coding	1027	554	608	10.9427	3.2053	3.0865
ENSG00000166013.11	TRIM53BP	unprocessed_pseudogene	0	0	0	0.0000	0.0000	0.0000
ENSG00000166016.6	ABTB2	protein_coding	1689	817	872	28.8245	8.4431	8.1301
ENSG00000166024.14	R3HCC1L	protein_coding	1147	564	583	27.2763	7.9897	7.6934
ENSG00000166025.18	AMOTL1	protein_coding	4520	2442	2555	38.2692	11.2097	10.7941
ENSG00000166033.13	HTRA1	protein_coding	4593	2254	2339	173.3509	50.7772	48.8946
ENSG00000166035.11	LIPC	protein_coding	7	2	5	0.1191	0.0349	0.0336
ENSG00000166037.11	CEP57	protein_coding	854	620	617	10.2129	2.9915	2.8806
ENSG00000166046.11	TCP11L2	protein_coding	95	58	44	1.2194	0.3572	0.3439
ENSG00000166049.11	PASD1	protein_coding	0	0	0	0.0000	0.0000	0.0000
ENSG00000166068.13	SPRED1	protein_coding	4245	2133	2112	46.5145	13.6248	13.1197
ENSG00000166069.13	TMCO5A	protein_coding	0	0	0	0.0000	0.0000	0.0000
ENSG00000166073.11	GPR176	protein_coding	1071	547	524	20.1350	5.8979	5.6792
ENSG00000166086.13	JAM3	protein_coding	131	210	198	2.0970	0.6142	0.5915
ENSG00000166090.8	IL25	protein_coding	0	0	0	0.0000	0.0000	0.0000
ENSG00000166091.21	CMTM5	protein_coding	62	34	29	1.8093	0.5300	0.5103
ENSG00000166104.15	AC126323.1	transcribed_unprocessed_pseudogene	1	1	0	0.0218	0.0064	0.0061
ENSG00000166105.16	GLB1L3	protein_coding	3	3	0	0.0285	0.0083	0.0080
ENSG00000166106.3	ADAMTS15	protein_coding	159	85	74	2.3801	0.6972	0.6713
ENSG00000166111.10	SVOP	protein_coding	0	0	0	0.0000	0.0000	0.0000
ENSG00000166118.8	SPATA19	protein_coding	0	0	0	0.0000	0.0000	0.0000
ENSG00000166123.14	GPT2	protein_coding	648	317	331	8.6496	2.5336	2.4397
ENSG00000166126.11	AMN	protein_coding	5	350	376	0.0990	0.0290	0.0279
ENSG00000166128.13	RAB8B	protein_coding	4354	2109	2245	72.4561	21.2235	20.4367
ENSG00000166130.15	IKBIP	protein_coding	1048	540	508	21.3780	6.2620	6.0298
ENSG00000166133.18	RPUSD2	protein_coding	590	296	294	20.1298	5.8963	5.6777
ENSG00000166135.14	HIF1AN	protein_coding	4703	2879	2814	28.7448	8.4198	8.1077
ENSG00000166136.16	NDUFB8	protein_coding	81	47	35	3.4410	1.0079	0.9706
ENSG00000166140.17	ZFYVE19	protein_coding	1311	692	690	23.2958	6.8237	6.5707
ENSG00000166143.10	PPP1R14D	protein_coding	1	0	1	0.0979	0.0287	0.0276
ENSG00000166145.14	SPINT1	protein_coding	3131	1561	1608	75.0666	21.9882	21.1730
ENSG00000166147.14	FBN1	protein_coding	3795	1909	1886	20.1081	5.8900	5.6716
ENSG00000166148.4	AVPR1A	protein_coding	54	28	26	0.7370	0.2159	0.2079
ENSG00000166152.4	C16orf78	protein_coding	0	0	0	0.0000	0.0000	0.0000
ENSG00000166153.16	DEPDC4	protein_coding	10	3	7	0.2724	0.0798	0.0768
ENSG00000166159.11	LRTM2	protein_coding	0	0	0	0.0000	0.0000	0.0000
ENSG00000166160.9	OPN1MW2	protein_coding	0	0	0	0.0000	0.0000	0.0000
ENSG00000166164.16	BRD7	protein_coding	2616	1966	2050	25.9948	7.6143	7.3320
ENSG00000166165.13	CKB	protein_coding	2392	1206	1186	85.2412	24.9685	24.0428
ENSG00000166166.13	TRMT61A	protein_coding	1120	571	549	29.5651	8.6601	8.3390
ENSG00000166167.18	BTRC	protein_coding	1531	752	779	19.6602	5.7588	5.5453
ENSG00000166169.17	POLL	protein_coding	969	564	640	15.1823	4.4471	4.2822
ENSG00000166170.10	BAG5	protein_coding	2487	1239	1255	40.0678	11.7365	11.3013
ENSG00000166171.13	DPCD	protein_coding	465	349	351	23.3519	6.8401	6.5865
ENSG00000166173.11	LARP6	protein_coding	295	138	157	4.5122	1.3217	1.2727
ENSG00000166181.13	API5	protein_coding	3892	2205	2242	71.0622	20.8152	20.0435
ENSG00000166183.16	ASPG	protein_coding	0	1	0	0.0000	0.0000	0.0000
ENSG00000166188.2	ZNF319	protein_coding	751	389	386	14.9217	4.3708	4.2087
ENSG00000166189.8	HPS6	protein_coding	1075	526	549	33.9619	9.9480	9.5791
ENSG00000166192.15	SENP8	protein_coding	149	90	97	2.5398	0.7439	0.7164
ENSG00000166197.17	NOLC1	protein_coding	6825	3555	3270	145.9904	42.7629	41.1775
ENSG00000166199.13	ALKBH3	protein_coding	859	448	411	30.6499	8.9778	8.6450
ENSG00000166200.15	COPS2	protein_coding	4435	2261	2174	50.1427	14.6876	14.1431
ENSG00000166206.15	GABRB3	protein_coding	2	1	1	0.0122	0.0036	0.0034
ENSG00000166211.8	SPIC	protein_coding	3	3	0	0.2093	0.0613	0.0590
ENSG00000166220.12	TBATA	protein_coding	0	0	0	0.0000	0.0000	0.0000
ENSG00000166224.17	SGPL1	protein_coding	3624	1864	1761	40.9789	12.0034	11.5583
ENSG00000166225.9	FRS2	protein_coding	1127	562	565	13.2080	3.8688	3.7254
ENSG00000166226.13	CCT2	protein_coding	6772	3360	3412	135.9530	39.8228	38.3463
ENSG00000166228.9	PCBD1	protein_coding	2214	1081	1135	134.7770	39.4783	38.0146
ENSG00000166233.15	ARIH1	protein_coding	3657	1865	1954	13.5744	3.9761	3.8287
ENSG00000166246.14	C16orf71	protein_coding	28	21	16	0.5311	0.1556	0.1498
ENSG00000166250.12	CLMP	protein_coding	446	241	229	7.4895	2.1938	2.1125
ENSG00000166257.9	SCN3B	protein_coding	12	10	2	0.1019	0.0298	0.0287
ENSG00000166260.13	COX11	protein_coding	1294	1015	958	15.4705	4.5316	4.3635
ENSG00000166261.11	ZNF202	protein_coding	296	156	140	4.9569	1.4520	1.3981
ENSG00000166262.16	FAM227B	protein_coding	247	479	524	3.4854	1.0209	0.9831
ENSG00000166263.13	STXBP4	protein_coding	535	252	283	2.5163	0.7371	0.7097
ENSG00000166265.13	CYYR1	protein_coding	348	178	170	9.0346	2.6464	2.5483
ENSG00000166266.14	CUL5	protein_coding	931	522	568	12.0483	3.5291	3.3983
ENSG00000166268.11	MYRFL	protein_coding	1	1	0	0.0236	0.0069	0.0067
ENSG00000166272.18	WBP1L	protein_coding	4201	2046	2161	45.5446	13.3407	12.8461
ENSG00000166275.16	BORCS7	protein_coding	483	249	235	15.3505	4.4964	4.3297
ENSG00000166278.15	C2	protein_coding	485	275	257	7.4654	2.1867	2.1056
ENSG00000166289.6	PLEKHF1	protein_coding	473	235	238	17.4793	5.1200	4.9301
ENSG00000166292.12	TMEM100	protein_coding	10	4	6	0.2922	0.0856	0.0824
ENSG00000166295.9	ANAPC16	protein_coding	2971	1654	1666	58.3484	17.0912	16.4575
ENSG00000166311.10	SMPD1	protein_coding	5579	2758	2821	172.8461	50.6293	48.7523
ENSG00000166313.19	APBB1	protein_coding	7875	3954	3921	127.5264	37.3545	35.9696
ENSG00000166317.12	SYNPO2L	protein_coding	0	1	0	0.0000	0.0000	0.0000
ENSG00000166321.14	NUDT13	protein_coding	97	68	78	3.2675	0.9571	0.9216
ENSG00000166323.13	C11orf65	protein_coding	31	69	80	0.6985	0.2046	0.1970
ENSG00000166326.7	TRIM44	protein_coding	5073	2551	2522	32.8680	9.6276	9.2706
ENSG00000166329.3	CCDC182	protein_coding	0	0	0	0.0000	0.0000	0.0000
ENSG00000166333.14	ILK	protein_coding	4	2118	2099	0.0975	0.0286	0.0275
ENSG00000166337.10	TAF10	protein_coding	43	1035	1041	0.6274	0.1838	0.1770
ENSG00000166340.17	TPP1	protein_coding	26796	14188	14284	349.9736	102.5127	98.7121
ENSG00000166341.8	DCHS1	protein_coding	2031	1384	1326	16.0995	4.7158	4.5409
ENSG00000166342.19	NETO1	protein_coding	48	25	23	0.4579	0.1341	0.1292
ENSG00000166343.10	MSS51	protein_coding	18	9	9	0.6309	0.1848	0.1779
ENSG00000166347.19	CYB5A	protein_coding	108	56	52	0.9893	0.2898	0.2790
ENSG00000166348.18	USP54	protein_coding	5206	3412	3463	46.5462	13.6341	13.1286
ENSG00000166349.10	RAG1	protein_coding	250	132	146	2.7083	0.7933	0.7639
ENSG00000166351.10	POTED	protein_coding	0	0	0	0.0000	0.0000	0.0000
ENSG00000166352.17	IFTAP	protein_coding	554	308	313	4.5297	1.3268	1.2776
ENSG00000166359.11	WDR88	protein_coding	11	7	4	0.5063	0.1483	0.1428
ENSG00000166363.5	OR10A5	protein_coding	0	0	0	0.0000	0.0000	0.0000
ENSG00000166368.2	OR2D2	protein_coding	0	0	0	0.0000	0.0000	0.0000
ENSG00000166377.20	ATP9B	protein_coding	603	314	289	3.4289	1.0044	0.9671
ENSG00000166387.13	PPFIBP2	protein_coding	1022	475	554	8.8560	2.5941	2.4979
ENSG00000166391.15	MOGAT2	protein_coding	0	0	0	0.0000	0.0000	0.0000
ENSG00000166394.15	CYB5R2	protein_coding	1236	633	606	12.2119	3.5771	3.4445
ENSG00000166396.13	SERPINB7	protein_coding	3	2	1	0.0966	0.0283	0.0272
ENSG00000166398.14	GARRE1	protein_coding	1305	657	651	14.9274	4.3725	4.2104
ENSG00000166401.15	SERPINB8	protein_coding	775	405	372	11.4180	3.3445	3.2205
ENSG00000166402.9	TUB	protein_coding	47	27	26	0.5699	0.1669	0.1607
ENSG00000166405.15	RIC3	protein_coding	13	7	10	0.1435	0.0420	0.0405
ENSG00000166407.14	LMO1	protein_coding	0	0	0	0.0000	0.0000	0.0000
ENSG00000166408.4	OR5P1P	unprocessed_pseudogene	0	0	0	0.0000	0.0000	0.0000
ENSG00000166411.14	IDH3A	protein_coding	1248	1702	1651	15.5329	4.5498	4.3811
ENSG00000166415.15	WDR72	protein_coding	651	334	317	6.4485	1.8889	1.8188
ENSG00000166426.8	CRABP1	protein_coding	1	1	0	0.0886	0.0259	0.0250
ENSG00000166428.14	PLD4	protein_coding	132	1462	1381	3.7118	1.0872	1.0469
ENSG00000166432.15	ZMAT1	protein_coding	189	104	85	2.1224	0.6217	0.5986
ENSG00000166435.15	XRRA1	protein_coding	949	1008	982	8.8696	2.5981	2.5017
ENSG00000166436.16	TRIM66	protein_coding	266	140	126	1.9221	0.5630	0.5421
ENSG00000166439.6	RNF169	protein_coding	756	848	811	8.1867	2.3980	2.3091
ENSG00000166441.13	RPL27A	protein_coding	9746	4923	4953	121.4253	35.5674	34.2487
ENSG00000166444.19	DENND2B	protein_coding	3084	2362	2372	18.3631	5.3788	5.1794
ENSG00000166446.15	CDYL2	protein_coding	143	73	70	1.3760	0.4031	0.3881
ENSG00000166448.15	TMEM130	protein_coding	21	10	11	0.3843	0.1126	0.1084
ENSG00000166450.13	PRTG	protein_coding	171	85	100	0.9926	0.2907	0.2800
ENSG00000166451.13	CENPN	protein_coding	685	777	733	16.3034	4.7755	4.5985
ENSG00000166452.12	AKIP1	protein_coding	397	195	204	14.6580	4.2936	4.1344
ENSG00000166454.10	ATMIN	protein_coding	4053	2007	2046	54.9900	16.1074	15.5103
ENSG00000166455.14	C16orf46	protein_coding	0	0	1	0.0000	0.0000	0.0000
ENSG00000166471.11	TMEM41B	protein_coding	817	400	417	16.2179	4.7505	4.5743
ENSG00000166473.17	PKD1L2	polymorphic_pseudogene	463	217	261	2.1097	0.6180	0.5950
ENSG00000166477.13	LEO1	protein_coding	1510	817	777	48.3704	14.1684	13.6431
ENSG00000166478.10	ZNF143	protein_coding	415	197	222	8.3472	2.4450	2.3544
ENSG00000166479.10	TMX3	protein_coding	1765	857	908	20.1268	5.8955	5.6769
ENSG00000166482.12	MFAP4	protein_coding	496	288	277	20.0383	5.8695	5.6519
ENSG00000166483.11	WEE1	protein_coding	580	272	308	5.3242	1.5595	1.5017
ENSG00000166484.20	MAPK7	protein_coding	1463	785	777	23.9104	7.0037	6.7441
ENSG00000166492.9	FAM86GP	unprocessed_pseudogene	4	2	2	0.3498	0.1025	0.0987
ENSG00000166501.14	PRKCB	protein_coding	374	179	195	2.8745	0.8420	0.8108
ENSG00000166503.9	HDGFL3	protein_coding	220	128	164	1.1634	0.3408	0.3282
ENSG00000166507.19	NDST2	protein_coding	0	0	0	0.0000	0.0000	0.0000
ENSG00000166508.18	MCM7	protein_coding	3367	1709	1747	65.1909	19.0954	18.3875
ENSG00000166509.12	CLEC3A	protein_coding	0	0	0	0.0000	0.0000	0.0000
ENSG00000166510.14	CCDC68	protein_coding	17	4	13	0.2812	0.0824	0.0793
ENSG00000166523.8	CLEC4E	protein_coding	94	38	56	3.3767	0.9891	0.9524
ENSG00000166526.18	ZNF3	protein_coding	732	544	537	11.4605	3.3570	3.2325
ENSG00000166527.8	CLEC4D	protein_coding	4	3	1	0.1657	0.0485	0.0467
ENSG00000166529.15	ZSCAN21	protein_coding	207	287	269	8.2066	2.4038	2.3147
ENSG00000166530.8	HSBP1P2	processed_pseudogene	0	0	0	0.0000	0.0000	0.0000
ENSG00000166532.16	RIMKLB	protein_coding	1525	815	758	15.0638	4.4124	4.2488
ENSG00000166535.20	A2ML1	protein_coding	0	0	0	0.0000	0.0000	0.0000
ENSG00000166546.14	BEAN1	protein_coding	166	98	104	1.9099	0.5594	0.5387
ENSG00000166548.17	TK2	protein_coding	1831	1218	1198	15.0391	4.4052	4.2419
ENSG00000166557.14	TMED3	protein_coding	6678	3464	3215	29.2123	8.5567	8.2395
ENSG00000166558.11	SLC38A8	protein_coding	0	0	0	0.0000	0.0000	0.0000
ENSG00000166562.9	SEC11C	protein_coding	3698	2039	1659	76.2593	22.3375	21.5094
ENSG00000166569.8	CPLX4	protein_coding	1	0	1	0.0240	0.0070	0.0068
ENSG00000166573.6	GALR1	protein_coding	0	1	0	0.0000	0.0000	0.0000
ENSG00000166575.17	TMEM135	protein_coding	1023	527	500	8.6048	2.5205	2.4270
ENSG00000166578.10	IQCD	protein_coding	15	7	10	0.5178	0.1517	0.1461
ENSG00000166579.16	NDEL1	protein_coding	1898	1139	1100	20.2588	5.9341	5.7141
ENSG00000166582.10	CENPV	protein_coding	13	8	14	0.3874	0.1135	0.1093
ENSG00000166589.13	CDH16	protein_coding	0	0	1	0.0000	0.0000	0.0000
ENSG00000166592.12	RRAD	protein_coding	5	4	1	0.2652	0.0777	0.0748
ENSG00000166595.12	CIAO2B	protein_coding	2047	1024	1025	163.9926	48.0360	46.2551
ENSG00000166596.15	CFAP52	protein_coding	2	1	1	0.0554	0.0162	0.0156
ENSG00000166598.15	HSP90B1	protein_coding	48575	28785	29844	878.5965	257.3547	247.8133
ENSG00000166603.5	MC4R	protein_coding	2	1	1	0.0991	0.0290	0.0279
ENSG00000166619.15	BLCAP	protein_coding	2253	1082	1177	24.3139	7.1219	6.8579
ENSG00000166634.6	SERPINB12	protein_coding	0	0	0	0.0000	0.0000	0.0000
ENSG00000166664.14	CHRFAM7A	protein_coding	2	1	1	0.0421	0.0123	0.0119
ENSG00000166669.13	ATF7IP2	protein_coding	63	27	36	0.8371	0.2452	0.2361
ENSG00000166670.10	MMP10	protein_coding	3	2	1	0.1448	0.0424	0.0409
ENSG00000166676.17	TVP23A	protein_coding	16	237	247	0.2354	0.0690	0.0664
ENSG00000166681.14	BEX3	protein_coding	7339	3751	3590	560.4597	164.1674	158.0809
ENSG00000166682.13	TMPRSS5	protein_coding	20	11	9	0.6373	0.1867	0.1798
ENSG00000166685.12	COG1	protein_coding	1420	1357	1312	22.6795	6.6432	6.3969
ENSG00000166689.16	PLEKHA7	protein_coding	292	159	137	2.2588	0.6616	0.6371
ENSG00000166693.7	OR5M13P	unprocessed_pseudogene	0	0	0	0.0000	0.0000	0.0000
ENSG00000166704.11	ZNF606	protein_coding	33	16	23	0.3670	0.1075	0.1035
ENSG00000166707.12	ZCCHC18	protein_coding	29	14	15	0.7275	0.2131	0.2052
ENSG00000166710.21	B2M	protein_coding	200345	99767	100584	3118.8610	913.5633	879.6931
ENSG00000166716.10	ZNF592	protein_coding	2520	1251	1269	26.1294	7.6537	7.3699
ENSG00000166734.20	GOLM2	protein_coding	7182	4607	4595	85.8408	25.1441	24.2119
ENSG00000166736.11	HTR3A	protein_coding	2	1	1	0.0613	0.0179	0.0173
ENSG00000166741.8	NNMT	protein_coding	6363	3191	3172	208.1467	60.9694	58.7090
ENSG00000166743.9	ACSM1	protein_coding	3	0	3	0.0887	0.0260	0.0250
ENSG00000166747.13	AP1G1	protein_coding	5872	2903	2970	45.4147	13.3027	12.8095
ENSG00000166750.10	SLFN5	protein_coding	8572	4217	4357	68.1973	19.9761	19.2355
ENSG00000166762.19	CATSPER2	protein_coding	53	29	24	0.5561	0.1629	0.1569
ENSG00000166763.8	STRCP1	transcribed_unprocessed_pseudogene	0	0	0	0.0000	0.0000	0.0000
ENSG00000166770.11	ZNF667-AS1	lncRNA	26	14	22	0.1814	0.0531	0.0512
ENSG00000166780.11	BMERB1	protein_coding	1131	592	641	27.3789	8.0197	7.7224
ENSG00000166783.22	MARF1	protein_coding	5012	2662	2543	39.0263	11.4314	11.0076
ENSG00000166787.3	SAA3P	transcribed_unprocessed_pseudogene	0	0	0	0.0000	0.0000	0.0000
ENSG00000166788.10	SAAL1	protein_coding	463	241	222	12.8239	3.7563	3.6171
ENSG00000166793.13	YPEL4	protein_coding	63	33	36	1.1995	0.3514	0.3383
ENSG00000166794.5	PPIB	protein_coding	5751	12182	11410	283.4460	83.0258	79.9476
ENSG00000166796.12	LDHC	protein_coding	114	50	64	4.6342	1.3574	1.3071
ENSG00000166797.11	CIAO2A	protein_coding	1399	692	707	52.5680	15.3980	14.8271
ENSG00000166800.10	LDHAL6A	protein_coding	2	3	0	0.0657	0.0192	0.0185
ENSG00000166801.16	FAM111A	protein_coding	1751	892	901	20.5921	6.0318	5.8081
ENSG00000166803.14	PCLAF	protein_coding	80	51	29	1.8486	0.5415	0.5214
ENSG00000166813.16	KIF7	protein_coding	394	269	264	6.3333	1.8551	1.7863
ENSG00000166816.15	LDHD	protein_coding	542	285	257	19.4370	5.6934	5.4823
ENSG00000166819.12	PLIN1	protein_coding	11	4	7	0.2461	0.0721	0.0694
ENSG00000166821.9	PEX11A	protein_coding	608	303	305	16.2824	4.7694	4.5926
ENSG00000166822.13	TMEM170A	protein_coding	747	367	380	11.3847	3.3348	3.2111
ENSG00000166823.5	MESP1	protein_coding	69	32	37	2.4734	0.7245	0.6976
ENSG00000166825.15	ANPEP	protein_coding	905	438	467	15.2305	4.4612	4.2958
ENSG00000166828.3	SCNN1G	protein_coding	0	0	0	0.0000	0.0000	0.0000
ENSG00000166831.9	RBPMS2	protein_coding	24	9	15	0.9687	0.2837	0.2732
ENSG00000166833.22	NAV2	protein_coding	3270	1966	2044	18.3004	5.3605	5.1617
ENSG00000166839.17	ANKDD1A	protein_coding	588	336	400	9.9212	2.9061	2.7983
ENSG00000166840.13	GLYATL1	protein_coding	1	1	0	0.0156	0.0046	0.0044
ENSG00000166845.15	C18orf54	protein_coding	261	145	116	3.5894	1.0514	1.0124
ENSG00000166847.10	DCTN5	protein_coding	3031	1505	1528	20.2944	5.9445	5.7242
ENSG00000166848.7	TERF2IP	protein_coding	5576	3112	3271	107.0820	31.3660	30.2031
ENSG00000166851.15	PLK1	protein_coding	470	289	351	8.3850	2.4561	2.3650
ENSG00000166855.9	CLPX	protein_coding	1337	646	691	20.7908	6.0900	5.8642
ENSG00000166856.3	GPR182	protein_coding	4	1	4	0.0996	0.0292	0.0281
ENSG00000166860.3	ZBTB39	protein_coding	419	235	185	5.6767	1.6628	1.6012
ENSG00000166862.7	CACNG2	protein_coding	0	0	0	0.0000	0.0000	0.0000
ENSG00000166863.13	TAC3	protein_coding	1	1	0	0.0541	0.0158	0.0152
ENSG00000166866.13	MYO1A	protein_coding	7	5	2	0.1336	0.0391	0.0377
ENSG00000166869.3	CHP2	protein_coding	0	0	0	0.0000	0.0000	0.0000
ENSG00000166881.10	NEMP1	protein_coding	1769	893	881	26.2172	7.6794	7.3947
ENSG00000166884.2	OR4D6	protein_coding	0	0	0	0.0000	0.0000	0.0000
ENSG00000166886.13	NAB2	protein_coding	2079	1079	1154	61.7091	18.0755	17.4054
ENSG00000166887.16	VPS39	protein_coding	3132	1593	1541	31.8719	9.3358	8.9897
ENSG00000166888.12	STAT6	protein_coding	10716	5425	5521	124.6927	36.5245	35.1703
ENSG00000166889.14	PATL1	protein_coding	3281	1786	1721	64.2731	18.8266	18.1286
ENSG00000166896.9	ATP23	protein_coding	252	123	130	6.4322	1.8841	1.8142
ENSG00000166897.16	ELFN2	protein_coding	5	3	3	0.0483	0.0141	0.0136
ENSG00000166900.17	STX3	protein_coding	3675	1849	1826	42.7042	12.5087	12.0450
ENSG00000166902.5	MRPL16	protein_coding	1857	935	922	72.6046	21.2670	20.4786
ENSG00000166908.18	PIP4K2C	protein_coding	5877	2958	2919	151.2814	44.3127	42.6698
ENSG00000166912.17	MTMR10	protein_coding	544	382	402	5.2271	1.5311	1.4743
ENSG00000166913.13	YWHAB	protein_coding	13002	6554	6448	139.6403	40.9028	39.3864
ENSG00000166917.11	MIR202HG	lncRNA	0	0	0	0.0000	0.0000	0.0000
ENSG00000166920.13	C15orf48	protein_coding	168	175	170	10.5289	3.0841	2.9697
ENSG00000166922.8	SCG5	protein_coding	35	17	19	1.3535	0.3965	0.3818
ENSG00000166923.12	GREM1	protein_coding	106	61	48	0.6089	0.1783	0.1717
ENSG00000166924.9	NYAP1	protein_coding	19	9	10	0.4496	0.1317	0.1268
ENSG00000166925.9	TSC22D4	protein_coding	2893	1468	1425	66.9779	19.6189	18.8915
ENSG00000166926.8	MS4A6E	protein_coding	0	0	2	0.0000	0.0000	0.0000
ENSG00000166927.13	MS4A7	protein_coding	961	479	482	18.7822	5.5016	5.2976
ENSG00000166928.11	MS4A14	protein_coding	156	77	79	3.3069	0.9687	0.9327
ENSG00000166930.7	MS4A5	protein_coding	0	0	0	0.0000	0.0000	0.0000
ENSG00000166938.13	DIS3L	protein_coding	1655	904	836	25.8542	7.5731	7.2923
ENSG00000166946.14	CCNDBP1	protein_coding	3180	1631	1549	40.5781	11.8860	11.4453
ENSG00000166947.15	EPB42	protein_coding	0	0	0	0.0000	0.0000	0.0000
ENSG00000166948.10	TGM6	protein_coding	0	0	0	0.0000	0.0000	0.0000
ENSG00000166949.16	SMAD3	protein_coding	1378	690	690	12.5424	3.6739	3.5377
ENSG00000166959.8	MS4A8	protein_coding	0	0	0	0.0000	0.0000	0.0000
ENSG00000166960.16	CCDC178	protein_coding	10	8	7	0.1898	0.0556	0.0535
ENSG00000166961.15	MS4A15	protein_coding	0	0	1	0.0000	0.0000	0.0000
ENSG00000166963.13	MAP1A	protein_coding	770	381	390	6.1421	1.7991	1.7324
ENSG00000166965.12	RCCD1	protein_coding	230	121	109	3.9307	1.1514	1.1087
ENSG00000166971.17	AKTIP	protein_coding	551	468	464	9.0070	2.6383	2.5405
ENSG00000166974.13	MAPRE2	protein_coding	1812	905	907	25.0776	7.3456	7.0733
ENSG00000166979.13	EVA1C	protein_coding	666	333	333	12.9927	3.8058	3.6647
ENSG00000166984.12	TCP10L2	protein_coding	0	0	0	0.0000	0.0000	0.0000
ENSG00000166986.15	MARS1	protein_coding	7090	4024	3888	85.6696	25.0940	24.1636
ENSG00000166987.15	MBD6	protein_coding	1263	817	776	19.2696	5.6444	5.4351
ENSG00000166997.8	CNPY4	protein_coding	851	547	523	29.4848	8.6366	8.3164
ENSG00000167004.13	PDIA3	protein_coding	47889	26103	25969	963.4578	282.2119	271.7489
ENSG00000167005.14	NUDT21	protein_coding	4445	2174	2271	63.6545	18.6454	17.9541
ENSG00000167011.9	NAT16	protein_coding	294	139	155	6.4264	1.8824	1.8126
ENSG00000167014.11	TERB2	protein_coding	0	0	0	0.0000	0.0000	0.0000
ENSG00000167034.10	NKX3-1	protein_coding	57	32	25	1.4767	0.4325	0.4165
ENSG00000167037.19	SGSM1	protein_coding	45	26	21	0.4440	0.1301	0.1252
ENSG00000167046.4	AL357033.1	lncRNA	0	0	0	0.0000	0.0000	0.0000
ENSG00000167065.14	DUSP18	protein_coding	404	343	430	7.7148	2.2598	2.1760
ENSG00000167074.15	TEF	protein_coding	1936	994	942	34.9651	10.2418	9.8621
ENSG00000167077.13	MEI1	protein_coding	139	67	73	1.6772	0.4913	0.4731
ENSG00000167080.9	B4GALNT2	protein_coding	0	0	0	0.0000	0.0000	0.0000
ENSG00000167081.18	PBX3	protein_coding	766	380	386	13.2645	3.8854	3.7413
ENSG00000167083.7	GNGT2	protein_coding	60	48	32	3.0167	0.8836	0.8509
ENSG00000167085.13	PHB	protein_coding	4779	4562	4485	79.3731	23.2496	22.3877
ENSG00000167088.11	SNRPD1	protein_coding	917	456	461	16.0165	4.6915	4.5175
ENSG00000167094.16	TTC16	protein_coding	32	24	16	0.4281	0.1254	0.1208
ENSG00000167098.12	SUN5	protein_coding	0	0	0	0.0000	0.0000	0.0000
ENSG00000167100.15	SAMD14	protein_coding	46	271	272	0.5356	0.1569	0.1511
ENSG00000167103.12	PIP5KL1	protein_coding	16	6	10	0.4084	0.1196	0.1152
ENSG00000167104.11	BPIFB6	protein_coding	0	0	0	0.0000	0.0000	0.0000
ENSG00000167105.8	TMEM92	protein_coding	24	10	14	0.6656	0.1950	0.1877
ENSG00000167106.12	FAM102A	protein_coding	7074	3614	3680	91.3932	26.7705	25.7780
ENSG00000167107.13	ACSF2	protein_coding	1582	811	797	23.1748	6.7883	6.5366
ENSG00000167110.18	GOLGA2	protein_coding	4306	2099	2209	52.5309	15.3871	14.8166
ENSG00000167112.10	TRUB2	protein_coding	1373	841	819	19.9924	5.8561	5.6390
ENSG00000167113.11	COQ4	protein_coding	1038	506	535	18.3411	5.3724	5.1732
ENSG00000167114.13	SLC27A4	protein_coding	2228	1143	1085	58.5948	17.1633	16.5270
ENSG00000167117.10	ANKRD40CL	protein_coding	0	0	0	0.0000	0.0000	0.0000
ENSG00000167118.11	URM1	protein_coding	2138	1054	1085	41.5659	12.1753	11.7239
ENSG00000167123.19	CERCAM	protein_coding	4347	2095	2256	60.9258	17.8461	17.1845
ENSG00000167130.18	DOLPP1	protein_coding	395	191	204	14.9882	4.3903	4.2275
ENSG00000167131.17	CCDC103	protein_coding	0	60	77	0.0000	0.0000	0.0000
ENSG00000167136.7	ENDOG	protein_coding	12	238	294	0.8900	0.2607	0.2510
ENSG00000167139.9	TBC1D21	protein_coding	0	0	0	0.0000	0.0000	0.0000
ENSG00000167157.11	PRRX2	protein_coding	142	61	81	9.2404	2.7067	2.6063
ENSG00000167165.19	UGT1A6	protein_coding	0	0	0	0.0000	0.0000	0.0000
ENSG00000167173.19	C15orf39	protein_coding	5664	2997	3211	82.8292	24.2620	23.3625
ENSG00000167178.16	ISLR2	protein_coding	75	39	38	1.0893	0.3191	0.3072
ENSG00000167182.15	SP2	protein_coding	1378	656	724	32.1308	9.4116	9.0627
ENSG00000167183.3	PRR15L	protein_coding	3	1	2	0.1672	0.0490	0.0472
ENSG00000167186.11	COQ7	protein_coding	550	292	261	11.3779	3.3328	3.2092
ENSG00000167191.12	GPRC5B	protein_coding	460	369	305	5.8707	1.7196	1.6559
ENSG00000167193.8	CRK	protein_coding	3197	1577	1620	66.8038	19.5679	18.8424
ENSG00000167194.7	C16orf92	protein_coding	0	0	0	0.0000	0.0000	0.0000
ENSG00000167195.7	GOLGA6C	protein_coding	1	2	0	0.0408	0.0119	0.0115
ENSG00000167196.14	FBXO22	protein_coding	1971	971	1058	14.1594	4.1475	3.9937
ENSG00000167202.11	TBC1D2B	protein_coding	1911	1032	1046	16.6222	4.8689	4.6884
ENSG00000167207.14	NOD2	protein_coding	83	60	52	1.0255	0.3004	0.2893
ENSG00000167208.15	SNX20	protein_coding	404	231	226	5.9666	1.7477	1.6829
ENSG00000167210.17	LOXHD1	protein_coding	4	2	2	0.0369	0.0108	0.0104
ENSG00000167216.17	KATNAL2	protein_coding	46	35	18	0.8167	0.2392	0.2304
ENSG00000167220.12	HDHD2	protein_coding	7	127	99	0.1270	0.0372	0.0358
ENSG00000167232.14	ZNF91	protein_coding	92	54	38	0.7579	0.2220	0.2138
ENSG00000167244.21	IGF2	protein_coding	25	8	18	0.3392	0.0994	0.0957
ENSG00000167257.11	RNF214	protein_coding	271	350	349	5.2220	1.5296	1.4729
ENSG00000167258.15	CDK12	protein_coding	3250	1655	1595	22.6297	6.6286	6.3828
ENSG00000167261.14	DPEP2	protein_coding	74	54	55	1.7965	0.5262	0.5067
ENSG00000167264.18	DUS2	protein_coding	400	199	235	8.1361	2.3832	2.2948
ENSG00000167272.11	POP5	protein_coding	504	245	259	19.6600	5.7587	5.5452
ENSG00000167280.17	ENGASE	protein_coding	355	184	174	4.7943	1.4043	1.3523
ENSG00000167281.19	RBFOX3	protein_coding	1	0	1	0.0086	0.0025	0.0024
ENSG00000167283.8	ATP5MG	protein_coding	481	229	253	13.9599	4.0891	3.9375
ENSG00000167286.10	CD3D	protein_coding	336	187	149	37.1044	10.8685	10.4655
ENSG00000167291.16	TBC1D16	protein_coding	14077	7090	7084	103.2408	30.2408	29.1197
ENSG00000167302.11	TEPSIN	protein_coding	153	260	259	2.7284	0.7992	0.7696
ENSG00000167306.20	MYO5B	protein_coding	2929	1578	1558	23.5408	6.8955	6.6398
ENSG00000167311.14	ART5	protein_coding	0	0	0	0.0000	0.0000	0.0000
ENSG00000167315.18	ACAA2	protein_coding	877	466	411	15.1372	4.4339	4.2695
ENSG00000167323.11	STIM1	protein_coding	3474	1769	1707	41.3764	12.1198	11.6705
ENSG00000167325.15	RRM1	protein_coding	1443	773	829	28.9488	8.4796	8.1652
ENSG00000167332.9	OR51E2	protein_coding	2	1	1	0.0584	0.0171	0.0165
ENSG00000167333.13	TRIM68	protein_coding	563	287	277	11.2389	3.2920	3.1700
ENSG00000167346.7	MMP26	protein_coding	0	0	0	0.0000	0.0000	0.0000
ENSG00000167355.8	OR51B5	protein_coding	0	0	0	0.0000	0.0000	0.0000
ENSG00000167359.8	OR51I1	protein_coding	0	0	0	0.0000	0.0000	0.0000
ENSG00000167360.6	OR51Q1	protein_coding	0	0	0	0.0000	0.0000	0.0000
ENSG00000167363.14	FN3K	protein_coding	3686	1827	1859	81.7063	23.9331	23.0457
ENSG00000167371.21	PRRT2	protein_coding	37	19	21	0.8368	0.2451	0.2360
ENSG00000167377.18	ZNF23	protein_coding	16	8	8	0.1865	0.0546	0.0526
ENSG00000167378.8	IRGQ	protein_coding	1469	718	751	12.6404	3.7026	3.5653
ENSG00000167380.16	ZNF226	protein_coding	523	247	276	6.4163	1.8794	1.8097
ENSG00000167384.10	ZNF180	protein_coding	211	122	89	3.7462	1.0973	1.0566
ENSG00000167390.8	POM121L3P	unprocessed_pseudogene	0	0	0	0.0000	0.0000	0.0000
ENSG00000167393.18	PPP2R3B	protein_coding	198	103	95	1.8590	0.5445	0.5243
ENSG00000167393.18_PAR_Y	PPP2R3B	protein_coding	0	0	0	0.0000	0.0000	0.0000
ENSG00000167394.13	ZNF668	protein_coding	232	429	411	5.1106	1.4970	1.4415
ENSG00000167395.10	ZNF646	protein_coding	1180	605	621	11.6046	3.3992	3.2732
ENSG00000167397.15	VKORC1	protein_coding	346	178	172	13.4167	3.9299	3.7842
ENSG00000167414.4	GNG8	protein_coding	6	4	2	2.3589	0.6910	0.6653
ENSG00000167419.11	LPO	protein_coding	0	24	31	0.0000	0.0000	0.0000
ENSG00000167434.10	CA4	protein_coding	0	0	0	0.0000	0.0000	0.0000
ENSG00000167447.12	SMG8	protein_coding	1176	612	564	26.6169	7.7965	7.5074
ENSG00000167459.17	LINC00905	lncRNA	0	0	0	0.0000	0.0000	0.0000
ENSG00000167460.17	TPM4	protein_coding	13066	6757	6596	89.6623	26.2635	25.2898
ENSG00000167461.12	RAB8A	protein_coding	933	2054	2017	16.0679	4.7065	4.5320
ENSG00000167468.18	GPX4	protein_coding	8977	4484	4493	377.5784	110.5986	106.4982
ENSG00000167470.12	MIDN	protein_coding	2294	1164	1130	43.3677	12.7031	12.2321
ENSG00000167476.10	JSRP1	protein_coding	102	4118	3770	4.4420	1.3011	1.2529
ENSG00000167483.19	NIBAN3	protein_coding	33	13	20	0.4053	0.1187	0.1143
ENSG00000167487.12	KLHL26	protein_coding	781	405	376	13.9804	4.0951	3.9432
ENSG00000167491.17	GATAD2A	protein_coding	7375	3622	3755	85.8400	25.1439	24.2117
ENSG00000167494.9	NOS2P2	transcribed_unprocessed_pseudogene	0	0	0	0.0000	0.0000	0.0000
ENSG00000167508.12	MVD	protein_coding	1564	806	760	28.1568	8.2476	7.9418
ENSG00000167513.9	CDT1	protein_coding	784	389	397	24.1223	7.0658	6.8038
ENSG00000167515.10	TRAPPC2L	protein_coding	1684	861	825	32.0426	9.3858	9.0378
ENSG00000167522.16	ANKRD11	protein_coding	4489	2329	2337	19.5221	5.7183	5.5063
ENSG00000167523.14	SPATA33	protein_coding	192	87	105	2.8073	0.8223	0.7918
ENSG00000167524.16	RSKR	protein_coding	52	54	37	0.6328	0.1854	0.1785
ENSG00000167525.14	PROCA1	protein_coding	60	37	24	1.0068	0.2949	0.2840
ENSG00000167526.14	RPL13	protein_coding	24360	11918	12447	535.0911	156.7366	150.9256
ENSG00000167528.13	ZNF641	protein_coding	478	236	242	4.7744	1.3985	1.3466
ENSG00000167531.6	LALBA	protein_coding	1	0	1	0.0681	0.0199	0.0192
ENSG00000167535.8	CACNB3	protein_coding	1307	644	665	15.5167	4.5451	4.3766
ENSG00000167536.14	DHRS13	protein_coding	192	502	513	5.5233	1.6179	1.5579
ENSG00000167543.16	TP53I13	protein_coding	1923	994	1065	35.7335	10.4669	10.0788
ENSG00000167548.16	KMT2D	protein_coding	5609	2898	2893	22.1523	6.4888	6.2482
ENSG00000167549.18	CORO6	protein_coding	210	107	105	4.1271	1.2089	1.1641
ENSG00000167550.11	RHEBL1	protein_coding	114	55	59	7.4526	2.1830	2.1021
ENSG00000167552.14	TUBA1A	protein_coding	12651	6792	6753	338.0518	99.0207	95.3495
ENSG00000167553.16	TUBA1C	protein_coding	3312	4821	4918	63.1470	18.4967	17.8110
ENSG00000167554.15	ZNF610	protein_coding	18	8	10	0.4308	0.1262	0.1215
ENSG00000167555.14	ZNF528	protein_coding	89	43	48	0.8860	0.2595	0.2499
ENSG00000167562.13	ZNF701	protein_coding	48	29	27	0.5661	0.1658	0.1597
ENSG00000167565.13	SERTAD3	protein_coding	1220	585	636	56.0622	16.4215	15.8127
ENSG00000167566.17	NCKAP5L	protein_coding	1500	733	773	15.7454	4.6121	4.4411
ENSG00000167578.18	RAB4B	protein_coding	72	39	42	1.5538	0.4551	0.4383
ENSG00000167580.8	AQP2	protein_coding	6	3	6	0.1183	0.0347	0.0334
ENSG00000167588.13	GPD1	protein_coding	326	166	160	7.2433	2.1217	2.0430
ENSG00000167595.15	PROSER3	protein_coding	395	254	257	5.3017	1.5529	1.4954
ENSG00000167600.14	CYP2S1	protein_coding	78	48	30	2.4415	0.7152	0.6886
ENSG00000167601.12	AXL	protein_coding	972	516	485	16.0777	4.7094	4.5348
ENSG00000167604.15	NFKBID	protein_coding	91	49	42	2.4164	0.7078	0.6816
ENSG00000167608.12	TMC4	protein_coding	61	37	24	1.6918	0.4955	0.4772
ENSG00000167612.13	ANKRD33	protein_coding	0	0	0	0.0000	0.0000	0.0000
ENSG00000167613.16	LAIR1	protein_coding	1044	510	534	10.9846	3.2176	3.0983
ENSG00000167614.14	TTYH1	protein_coding	14	5	11	0.1681	0.0492	0.0474
ENSG00000167615.17	LENG8	protein_coding	2354	1250	1256	31.0023	9.0811	8.7444
ENSG00000167617.3	CDC42EP5	protein_coding	90	39	51	8.1742	2.3943	2.3056
ENSG00000167618.10	LAIR2	protein_coding	8	4	4	0.6507	0.1906	0.1835
ENSG00000167619.13	TMEM145	protein_coding	17	8	9	0.4005	0.1173	0.1130
ENSG00000167625.11	ZNF526	protein_coding	759	461	436	15.2375	4.4633	4.2978
ENSG00000167632.18	TRAPPC9	protein_coding	2707	1335	1372	23.8094	6.9741	6.7156
ENSG00000167633.18	KIR3DL1	protein_coding	9	3	6	0.4085	0.1197	0.1152
ENSG00000167634.12	NLRP7	protein_coding	8	5	4	0.1736	0.0508	0.0490
ENSG00000167635.12	ZNF146	protein_coding	3075	1526	1561	63.0293	18.4623	17.7778
ENSG00000167637.18	ZNF283	protein_coding	298	165	134	3.5148	1.0295	0.9914
ENSG00000167641.11	PPP1R14A	protein_coding	15	7	8	0.8834	0.2588	0.2492
ENSG00000167642.13	SPINT2	protein_coding	59	90	89	0.9853	0.2886	0.2779
ENSG00000167644.12	C19orf33	protein_coding	0	0	0	0.0000	0.0000	0.0000
ENSG00000167645.17	YIF1B	protein_coding	2115	1072	1044	38.0281	11.1390	10.7261
ENSG00000167646.14	DNAAF3	protein_coding	28	26	29	0.7201	0.2109	0.2031
ENSG00000167653.5	PSCA	protein_coding	670	632	668	32.2727	9.4532	9.1027
ENSG00000167654.18	ATCAY	protein_coding	0	0	0	0.0000	0.0000	0.0000
ENSG00000167656.5	LY6D	protein_coding	2	2	0	0.1134	0.0332	0.0320
ENSG00000167657.14	DAPK3	protein_coding	1995	975	1021	47.7363	13.9827	13.4643
ENSG00000167658.16	EEF2	protein_coding	103732	51732	52017	2190.7406	641.7022	617.9112
ENSG00000167664.8	TMIGD2	protein_coding	7	3	4	0.4710	0.1380	0.1329
ENSG00000167670.16	CHAF1A	protein_coding	1156	652	669	22.6926	6.6470	6.4006
ENSG00000167671.12	UBXN6	protein_coding	4748	2533	2544	76.8443	22.5089	21.6744
ENSG00000167674.15	HDGFL2	protein_coding	2506	1271	1257	49.6525	14.5440	14.0048
ENSG00000167676.4	PLIN4	protein_coding	2	8	8	0.0261	0.0077	0.0074
ENSG00000167680.17	SEMA6B	protein_coding	5876	2988	2888	105.9432	31.0324	29.8819
ENSG00000167685.15	ZNF444	protein_coding	731	345	386	8.6906	2.5456	2.4512
ENSG00000167693.17	NXN	protein_coding	2681	1370	1311	38.6605	11.3243	10.9044
ENSG00000167695.15	TLCD3A	protein_coding	734	355	380	22.7820	6.6732	6.4258
ENSG00000167699.13	GLOD4	protein_coding	3333	1779	1840	50.5158	14.7969	14.2483
ENSG00000167700.9	MFSD3	protein_coding	579	316	265	26.9124	7.8831	7.5908
ENSG00000167701.14	GPT	protein_coding	1	1	3	0.0308	0.0090	0.0087
ENSG00000167702.13	KIFC2	protein_coding	518	408	420	9.8918	2.8975	2.7900
ENSG00000167703.15	SLC43A2	protein_coding	857	427	431	6.8625	2.0101	1.9356
ENSG00000167705.12	RILP	protein_coding	472	233	239	21.1852	6.2055	5.9754
ENSG00000167711.14	SERPINF2	protein_coding	58	29	29	2.1004	0.6152	0.5924
ENSG00000167716.19	WDR81	protein_coding	3362	1901	1901	35.3083	10.3423	9.9589
ENSG00000167720.13	SRR	protein_coding	457	1379	1396	11.9338	3.4956	3.3660
ENSG00000167721.11	TSR1	protein_coding	2252	2308	2261	39.8252	11.6654	11.2329
ENSG00000167723.15	TRPV3	protein_coding	31	13	18	0.2743	0.0803	0.0774
ENSG00000167733.14	HSD11B1L	protein_coding	173	102	90	4.9118	1.4387	1.3854
ENSG00000167740.10	CYB5D2	protein_coding	1503	761	745	58.4947	17.1340	16.4988
ENSG00000167741.11	GGT6	protein_coding	1	0	1	0.0269	0.0079	0.0076
ENSG00000167747.15	C19orf48	transcribed_unitary_pseudogene	954	510	444	24.8815	7.2882	7.0180
ENSG00000167748.11	KLK1	protein_coding	15	7	8	0.5352	0.1568	0.1510
ENSG00000167749.11	KLK4	protein_coding	36	22	14	1.5799	0.4628	0.4456
ENSG00000167751.13	KLK2	protein_coding	3	1	2	0.0401	0.0117	0.0113
ENSG00000167754.13	KLK5	protein_coding	1	0	1	0.0514	0.0150	0.0145
ENSG00000167755.15	KLK6	protein_coding	96	95	110	4.1257	1.2085	1.1637
ENSG00000167757.14	KLK11	protein_coding	0	0	0	0.0000	0.0000	0.0000
ENSG00000167759.13	KLK13	protein_coding	2	1	1	0.0657	0.0192	0.0185
ENSG00000167766.18	ZNF83	protein_coding	154	76	78	1.6290	0.4772	0.4595
ENSG00000167767.14	KRT80	protein_coding	38	18	20	0.7395	0.2166	0.2086
ENSG00000167768.4	KRT1	protein_coding	4	4	0	0.1365	0.0400	0.0385
ENSG00000167769.5	ACER1	protein_coding	0	0	0	0.0000	0.0000	0.0000
ENSG00000167770.11	OTUB1	protein_coding	2866	1428	1438	45.6113	13.3603	12.8649
ENSG00000167771.6	RCOR2	protein_coding	15	7	8	0.4178	0.1224	0.1178
ENSG00000167772.12	ANGPTL4	protein_coding	940	457	483	32.2526	9.4473	9.0970
ENSG00000167774.2	AC010323.1	protein_coding	0	0	0	0.0000	0.0000	0.0000
ENSG00000167775.11	CD320	protein_coding	6509	3269	3241	242.5394	71.0436	68.4096
ENSG00000167778.9	SPRYD3	protein_coding	4084	2100	2042	100.1487	29.3351	28.2475
ENSG00000167779.9	IGFBP6	protein_coding	580	288	292	36.5928	10.7186	10.3212
ENSG00000167780.12	SOAT2	protein_coding	3	1	2	0.1229	0.0360	0.0347
ENSG00000167785.9	ZNF558	protein_coding	616	308	343	6.4028	1.8755	1.8060
ENSG00000167791.14	CABP2	protein_coding	0	1	0	0.0000	0.0000	0.0000
ENSG00000167792.13	NDUFV1	protein_coding	5227	2604	2625	87.7752	25.7107	24.7575
ENSG00000167797.8	CDK2AP2	protein_coding	4098	1975	2124	172.3645	50.4883	48.6164
ENSG00000167798.17	C3P1	transcribed_unprocessed_pseudogene	1	0	1	0.0171	0.0050	0.0048
ENSG00000167799.10	NUDT8	protein_coding	230	113	117	13.1793	3.8604	3.7173
ENSG00000167800.9	TBX10	protein_coding	0	0	0	0.0000	0.0000	0.0000
ENSG00000167807.15	AC011511.1	protein_coding	1	1	0	0.0406	0.0119	0.0115
ENSG00000167815.12	PRDX2	protein_coding	193	158	156	8.0578	2.3603	2.2728
ENSG00000167822.3	OR8J3	protein_coding	0	0	0	0.0000	0.0000	0.0000
ENSG00000167825.3	OR5I1	protein_coding	0	0	0	0.0000	0.0000	0.0000
ENSG00000167840.13	ZNF232	protein_coding	268	148	145	8.1456	2.3860	2.2975
ENSG00000167842.16	MIS12	protein_coding	1092	607	548	29.3738	8.6041	8.2851
ENSG00000167850.4	CD300C	protein_coding	79	36	43	4.4020	1.2894	1.2416
ENSG00000167851.15	CD300A	protein_coding	205	103	102	6.4453	1.8879	1.8179
ENSG00000167858.13	TEKT1	protein_coding	0	0	0	0.0000	0.0000	0.0000
ENSG00000167861.16	HID1	protein_coding	278	150	128	3.8096	1.1159	1.0745
ENSG00000167862.10	MRPL58	protein_coding	690	328	362	52.8837	15.4905	14.9161
ENSG00000167863.12	ATP5PD	protein_coding	3040	2358	2364	79.9004	23.4041	22.5364
ENSG00000167874.7	TMEM88	protein_coding	51	25	26	4.9553	1.4515	1.3977
ENSG00000167880.8	EVPL	protein_coding	2	1	1	0.0231	0.0068	0.0065
ENSG00000167881.15	SRP68	protein_coding	4958	2484	2476	56.1007	16.4328	15.8235
ENSG00000167889.13	MGAT5B	protein_coding	294	132	167	3.8780	1.1359	1.0938
ENSG00000167895.15	TMC8	protein_coding	561	299	285	8.7269	2.5563	2.4615
ENSG00000167900.12	TK1	protein_coding	1562	739	825	71.8947	21.0591	20.2783
ENSG00000167904.15	TMEM68	protein_coding	1815	936	882	17.9765	5.2656	5.0704
ENSG00000167910.4	CYP7A1	protein_coding	2	1	1	0.0590	0.0173	0.0167
ENSG00000167912.6	AC090152.1	lncRNA	42	23	22	0.9204	0.2696	0.2596
ENSG00000167914.12	GSDMA	protein_coding	1	0	1	0.0378	0.0111	0.0107
ENSG00000167916.5	KRT24	protein_coding	0	0	0	0.0000	0.0000	0.0000
ENSG00000167920.10	TMEM99	lncRNA	526	277	277	14.6309	4.2856	4.1267
ENSG00000167925.16	GHDC	protein_coding	3103	1526	1580	65.5656	19.2052	18.4932
ENSG00000167930.17	FAM234A	protein_coding	6273	3183	3163	86.8731	25.4465	24.5031
ENSG00000167941.3	SOST	protein_coding	1	0	2	0.0370	0.0108	0.0104
ENSG00000167962.14	ZNF598	protein_coding	1787	1204	1188	32.2947	9.4596	9.1089
ENSG00000167964.13	RAB26	protein_coding	12	4	9	0.4096	0.1200	0.1155
ENSG00000167965.18	MLST8	protein_coding	1684	946	917	32.7995	9.6075	9.2513
ENSG00000167967.16	E4F1	protein_coding	857	454	419	11.3927	3.3371	3.2134
ENSG00000167968.13	DNASE1L2	protein_coding	6	4	5	0.2322	0.0680	0.0655
ENSG00000167969.13	ECI1	protein_coding	1249	614	636	33.1041	9.6967	9.3372
ENSG00000167971.16	CASKIN1	protein_coding	10	381	401	0.1423	0.0417	0.0401
ENSG00000167972.14	ABCA3	protein_coding	3336	1662	1677	36.3012	10.6332	10.2390
ENSG00000167977.9	KCTD5	protein_coding	1798	906	893	45.2808	13.2635	12.7717
ENSG00000167978.17	SRRM2	protein_coding	17617	8693	8993	115.3553	33.7894	32.5367
ENSG00000167981.7	ZNF597	protein_coding	273	126	147	4.2282	1.2385	1.1926
ENSG00000167984.18	NLRC3	protein_coding	251	140	137	3.1866	0.9334	0.8988
ENSG00000167985.7	SDHAF2	protein_coding	344	168	176	17.2244	5.0453	4.8583
ENSG00000167986.14	DDB1	protein_coding	20925	10698	10562	129.0551	37.8023	36.4008
ENSG00000167987.11	VPS37C	protein_coding	1505	773	733	32.2985	9.4607	9.1100
ENSG00000167992.13	VWCE	protein_coding	31	15	16	0.5524	0.1618	0.1558
ENSG00000167994.13	RAB3IL1	protein_coding	1712	833	879	45.5606	13.3454	12.8506
ENSG00000167995.17	BEST1	protein_coding	1012	43736	44721	9.8917	2.8974	2.7900
ENSG00000167996.16	FTH1	protein_coding	2060	45220	44280	87.2935	25.5696	24.6216
ENSG00000168000.14	BSCL2	protein_coding	105	78	69	2.2488	0.6587	0.6343
ENSG00000168002.12	POLR2G	protein_coding	2179	1123	1057	97.2879	28.4972	27.4406
ENSG00000168003.17	SLC3A2	protein_coding	31146	15655	15493	513.1805	150.3186	144.7456
ENSG00000168004.10	PLAAT5	protein_coding	5	3	2	0.1299	0.0381	0.0366
ENSG00000168005.9	SPINDOC	protein_coding	945	475	470	29.3204	8.5884	8.2700
ENSG00000168010.11	ATG16L2	protein_coding	222	164	164	2.2130	0.6482	0.6242
ENSG00000168014.17	C2CD3	protein_coding	2362	1195	1167	15.9610	4.6752	4.5019
ENSG00000168016.15	TRANK1	protein_coding	556	306	251	3.8912	1.1398	1.0975
ENSG00000168026.18	TTC21A	protein_coding	116	57	66	1.2832	0.3759	0.3619
ENSG00000168028.14	RPSA	protein_coding	8783	4334	4449	190.8049	55.8897	53.8176
ENSG00000168032.10	ENTPD3	protein_coding	13	7	9	0.3079	0.0902	0.0868
ENSG00000168036.18	CTNNB1	protein_coding	14304	7215	7089	103.2998	30.2581	29.1363
ENSG00000168038.11	ULK4	protein_coding	113	60	53	1.5283	0.4477	0.4311
ENSG00000168040.5	FADD	protein_coding	130	958	977	6.4635	1.8933	1.8231
ENSG00000168056.17	LTBP3	protein_coding	8892	4681	4532	70.7365	20.7198	19.9517
ENSG00000168060.16	NAALADL1	protein_coding	80	39	51	1.6783	0.4916	0.4734
ENSG00000168061.17	SAC3D1	protein_coding	363	181	192	17.3962	5.0956	4.9067
ENSG00000168062.10	BATF2	protein_coding	952	468	484	28.7191	8.4123	8.1004
ENSG00000168065.16	SLC22A11	protein_coding	3	2	2	0.0494	0.0145	0.0139
ENSG00000168066.20	SF1	protein_coding	7823	3933	3892	111.2412	32.5843	31.3762
ENSG00000168067.12	MAP4K2	protein_coding	1816	900	917	20.1721	5.9087	5.6897
ENSG00000168070.12	MAJIN	protein_coding	1	0	1	0.0365	0.0107	0.0103
ENSG00000168071.22	CCDC88B	protein_coding	833	444	390	8.4717	2.4815	2.3895
ENSG00000168077.14	SCARA3	protein_coding	140	59	81	2.9508	0.8643	0.8323
ENSG00000168078.10	PBK	protein_coding	1057	538	519	41.7881	12.2404	11.7866
ENSG00000168079.17	SCARA5	protein_coding	288	157	132	5.5838	1.6356	1.5749
ENSG00000168081.9	PNOC	protein_coding	20	16	17	0.8535	0.2500	0.2407
ENSG00000168090.10	COPS6	protein_coding	4689	2301	2389	143.2861	41.9707	40.4147
ENSG00000168092.14	PAFAH1B2	protein_coding	3983	1946	2037	47.7468	13.9858	13.4673
ENSG00000168096.15	ANKS3	protein_coding	371	195	176	4.0043	1.1729	1.1294
ENSG00000168101.14	NUDT16L1	protein_coding	489	245	244	20.0803	5.8818	5.6638
ENSG00000168116.14	KIAA1586	protein_coding	220	105	115	6.0092	1.7602	1.6949
ENSG00000168118.12	RAB4A	protein_coding	1002	514	490	25.7070	7.5300	7.2508
ENSG00000168122.4	ZNF355P	unprocessed_pseudogene	0	0	0	0.0000	0.0000	0.0000
ENSG00000168124.2	OR1F1	protein_coding	0	0	0	0.0000	0.0000	0.0000
ENSG00000168126.3	OR2W6P	unprocessed_pseudogene	0	0	0	0.0000	0.0000	0.0000
ENSG00000168129.8	DHFRP3	processed_pseudogene	0	0	0	0.0000	0.0000	0.0000
ENSG00000168131.4	OR2B2	protein_coding	0	0	0	0.0000	0.0000	0.0000
ENSG00000168135.4	KCNJ4	protein_coding	0	0	2	0.0000	0.0000	0.0000
ENSG00000168137.18	SETD5	protein_coding	1599	798	801	10.9701	3.2133	3.0942
ENSG00000168140.5	VASN	protein_coding	201	98	103	6.0614	1.7755	1.7097
ENSG00000168143.9	FAM83B	protein_coding	0	0	0	0.0000	0.0000	0.0000
ENSG00000168148.4	H3-4	protein_coding	1	0	1	0.1646	0.0482	0.0464
ENSG00000168152.13	THAP9	protein_coding	154	70	96	3.0189	0.8843	0.8515
ENSG00000168158.4	OR2C1	protein_coding	0	0	0	0.0000	0.0000	0.0000
ENSG00000168159.14	RNF187	protein_coding	6160	3086	3074	154.4920	45.2531	43.5754
ENSG00000168172.9	HOOK3	protein_coding	3911	1985	1926	21.8044	6.3868	6.1500
ENSG00000168175.15	MAPK1IP1L	protein_coding	4358	2204	2155	53.0661	15.5439	14.9676
ENSG00000168209.5	DDIT4	protein_coding	1641	2847	2836	67.8454	19.8730	19.1362
ENSG00000168214.20	RBPJ	protein_coding	4514	2305	2209	41.4277	12.1348	11.6849
ENSG00000168216.13	LMBRD1	protein_coding	2349	1193	1161	18.5630	5.4374	5.2358
ENSG00000168228.15	ZCCHC4	protein_coding	580	307	274	11.1661	3.2707	3.1495
ENSG00000168229.4	PTGDR	protein_coding	9	5	4	0.2507	0.0734	0.0707
ENSG00000168234.13	TTC39C	protein_coding	861	476	483	10.1720	2.9795	2.8691
ENSG00000168237.18	GLYCTK	protein_coding	71	66	52	1.2577	0.3684	0.3547
ENSG00000168243.11	GNG4	protein_coding	38	22	16	0.6213	0.1820	0.1752
ENSG00000168246.6	UBTD2	protein_coding	2013	973	1040	57.2105	16.7578	16.1365
ENSG00000168255.20	POLR2J3	protein_coding	13	5	8	0.3461	0.1014	0.0976
ENSG00000168256.18	NKIRAS2	protein_coding	1436	819	823	21.9920	6.4418	6.2030
ENSG00000168259.17	DNAJC7	protein_coding	2123	1707	1670	13.9282	4.0798	3.9285
ENSG00000168263.9	KCNV2	protein_coding	1	0	1	0.0390	0.0114	0.0110
ENSG00000168264.10	IRF2BP2	protein_coding	2564	2062	2043	46.0915	13.5009	13.0004
ENSG00000168267.7	PTF1A	protein_coding	0	0	0	0.0000	0.0000	0.0000
ENSG00000168268.11	NT5DC2	protein_coding	532	363	372	9.4140	2.7575	2.6553
ENSG00000168269.10	FOXI1	protein_coding	0	0	0	0.0000	0.0000	0.0000
ENSG00000168273.8	SMIM4	protein_coding	213	174	200	7.2906	2.1355	2.0564
ENSG00000168275.16	COA6	protein_coding	711	511	468	26.3892	7.7298	7.4432
ENSG00000168280.18	KIF5C	protein_coding	36	19	17	0.0922	0.0270	0.0260
ENSG00000168282.6	MGAT2	protein_coding	6	1191	1096	0.1899	0.0556	0.0536
ENSG00000168283.14	BMI1	protein_coding	1787	901	886	34.5285	10.1139	9.7390
ENSG00000168286.3	THAP11	protein_coding	855	605	612	38.7031	11.3367	10.9164
ENSG00000168288.13	MMADHC	protein_coding	2927	1562	1625	115.6103	33.8641	32.6086
ENSG00000168291.13	PDHB	protein_coding	1102	777	808	19.8394	5.8113	5.5958
ENSG00000168297.16	PXK	protein_coding	736	360	376	11.6716	3.4188	3.2920
ENSG00000168298.7	H1-4	protein_coding	5	4	1	0.5395	0.1580	0.1522
ENSG00000168300.14	PCMTD1	protein_coding	1894	991	903	21.9636	6.4335	6.1950
ENSG00000168301.13	KCTD6	protein_coding	164	83	81	4.5129	1.3219	1.2729
ENSG00000168303.9	MPLKIP	protein_coding	473	256	217	5.2665	1.5426	1.4854
ENSG00000168306.13	ACOX2	protein_coding	91	49	42	2.0214	0.5921	0.5701
ENSG00000168309.18	FAM107A	protein_coding	115	62	53	1.8353	0.5376	0.5177
ENSG00000168310.11	IRF2	protein_coding	2146	1114	1032	59.3613	17.3879	16.7432
ENSG00000168314.17	MOBP	protein_coding	1	0	1	0.0092	0.0027	0.0026
ENSG00000168329.14	CX3CR1	protein_coding	45	24	21	1.0452	0.3062	0.2948
ENSG00000168333.14	PPDPFL	protein_coding	0	0	0	0.0000	0.0000	0.0000
ENSG00000168334.9	XIRP1	protein_coding	166	86	80	2.1798	0.6385	0.6148
ENSG00000168348.4	INSM2	protein_coding	0	0	0	0.0000	0.0000	0.0000
ENSG00000168350.8	DEGS2	protein_coding	10	143	142	0.2151	0.0630	0.0607
ENSG00000168356.13	SCN11A	protein_coding	10	18	13	0.0678	0.0199	0.0191
ENSG00000168367.11	LINC00917	lncRNA	2	3	1	0.0289	0.0085	0.0081
ENSG00000168374.11	ARF4	protein_coding	7539	3803	3744	246.7111	72.2655	69.5863
ENSG00000168385.18	SEPTIN2	protein_coding	13495	7408	7371	155.3268	45.4977	43.8108
ENSG00000168386.18	FILIP1L	protein_coding	669	330	339	9.6242	2.8191	2.7146
ENSG00000168389.18	MFSD2A	protein_coding	540	243	297	11.4442	3.3522	3.2279
ENSG00000168393.13	DTYMK	protein_coding	3494	1768	1729	123.6816	36.2283	34.8851
ENSG00000168394.11	TAP1	protein_coding	8715	6588	6646	154.0232	45.1158	43.4432
ENSG00000168395.16	ING5	protein_coding	855	478	466	7.0774	2.0731	1.9962
ENSG00000168397.17	ATG4B	protein_coding	3179	1579	1600	40.6692	11.9126	11.4710
ENSG00000168398.7	BDKRB2	protein_coding	157	89	68	1.9478	0.5705	0.5494
ENSG00000168404.13	MLKL	protein_coding	266	126	141	3.9685	1.1624	1.1193
ENSG00000168405.17	CMAHP	transcribed_unitary_pseudogene	137	57	83	1.3724	0.4020	0.3871
ENSG00000168411.14	RFWD3	protein_coding	1842	968	874	24.2292	7.0971	6.8340
ENSG00000168412.6	MTNR1A	protein_coding	0	0	0	0.0000	0.0000	0.0000
ENSG00000168418.7	KCNG4	protein_coding	1	0	1	0.0130	0.0038	0.0037
ENSG00000168421.13	RHOH	protein_coding	204	96	108	2.6216	0.7679	0.7394
ENSG00000168427.9	KLHL30	protein_coding	12	5	7	0.2696	0.0790	0.0760
ENSG00000168434.13	COG7	protein_coding	828	549	566	16.1567	4.7326	4.5571
ENSG00000168438.15	CDC40	protein_coding	729	363	366	10.3958	3.0451	2.9322
ENSG00000168439.17	STIP1	protein_coding	12818	6493	6328	236.5812	69.2984	66.7291
ENSG00000168447.11	SCNN1B	protein_coding	17	9	8	0.3720	0.1090	0.1049
ENSG00000168453.15	HR	protein_coding	3533	1773	1761	37.6725	11.0349	10.6258
ENSG00000168454.12	TXNDC2	protein_coding	2	1	1	0.0501	0.0147	0.0141
ENSG00000168461.13	RAB31	protein_coding	2095	1029	1066	32.4887	9.5165	9.1636
ENSG00000168476.12	REEP4	protein_coding	2715	1351	1364	101.7471	29.8033	28.6984
ENSG00000168477.19	TNXB	protein_coding	816	402	414	4.3557	1.2759	1.2286
ENSG00000168481.9	LGI3	protein_coding	172	99	73	3.2394	0.9489	0.9137
ENSG00000168484.12	SFTPC	protein_coding	16	11	6	0.4262	0.1248	0.1202
ENSG00000168487.20	BMP1	protein_coding	3210	1574	1636	38.5729	11.2986	10.8797
ENSG00000168488.18	ATXN2L	protein_coding	6090	3471	3511	79.4661	23.2769	22.4139
ENSG00000168490.14	PHYHIP	protein_coding	318	152	170	6.8697	2.0122	1.9376
ENSG00000168491.10	CCDC110	protein_coding	404	227	204	9.7079	2.8436	2.7382
ENSG00000168495.13	POLR3D	protein_coding	3387	1744	1653	51.5181	15.0905	14.5310
ENSG00000168496.4	FEN1	protein_coding	2314	1154	1162	89.4021	26.1873	25.2164
ENSG00000168497.5	CAVIN2	protein_coding	90	56	52	2.5026	0.7330	0.7059
ENSG00000168502.17	MTCL1	protein_coding	474	235	239	3.1782	0.9310	0.8964
ENSG00000168505.7	GBX2	protein_coding	35	19	21	1.2745	0.3733	0.3595
ENSG00000168509.20	HJV	protein_coding	0	0	0	0.0000	0.0000	0.0000
ENSG00000168515.3	SCGB1D1	protein_coding	0	0	0	0.0000	0.0000	0.0000
ENSG00000168517.10	HEXIM2	protein_coding	79	511	531	3.2918	0.9642	0.9285
ENSG00000168522.13	FNTA	protein_coding	2709	1331	1378	24.4838	7.1717	6.9058
ENSG00000168528.12	SERINC2	protein_coding	1516	771	747	37.2941	10.9240	10.5190
ENSG00000168530.16	MYL1	protein_coding	5	2	3	0.3202	0.0938	0.0903
ENSG00000168538.16	TRAPPC11	protein_coding	3137	1556	1581	45.6078	13.3593	12.8640
ENSG00000168539.4	CHRM1	protein_coding	0	0	0	0.0000	0.0000	0.0000
ENSG00000168542.16	COL3A1	protein_coding	59732	29881	29852	750.5872	219.8587	211.7075
ENSG00000168546.11	GFRA2	protein_coding	15	7	9	0.2205	0.0646	0.0622
ENSG00000168556.7	ING2	protein_coding	422	215	207	13.2974	3.8950	3.7506
ENSG00000168564.6	CDKN2AIP	protein_coding	818	391	427	17.3014	5.0678	4.8799
ENSG00000168566.13	SNRNP48	protein_coding	278	139	139	4.0445	1.1847	1.1408
ENSG00000168569.8	TMEM223	protein_coding	385	944	989	14.4346	4.2281	4.0714
ENSG00000168575.10	SLC20A2	protein_coding	7396	3861	3842	97.7696	28.6382	27.5765
ENSG00000168582.5	CRYGA	protein_coding	0	0	0	0.0000	0.0000	0.0000
ENSG00000168589.15	DYNLRB2	protein_coding	2	1	1	0.1148	0.0336	0.0324
ENSG00000168591.16	TMUB2	protein_coding	1630	835	826	37.3201	10.9316	10.5264
ENSG00000168594.15	ADAM29	protein_coding	0	0	0	0.0000	0.0000	0.0000
ENSG00000168610.16	STAT3	protein_coding	8977	4510	4467	68.0167	19.9231	19.1845
ENSG00000168612.4	ZSWIM1	protein_coding	619	307	314	18.9837	5.5606	5.3545
ENSG00000168615.13	ADAM9	protein_coding	10722	5409	5314	51.4300	15.0647	14.5061
ENSG00000168619.16	ADAM18	protein_coding	0	0	0	0.0000	0.0000	0.0000
ENSG00000168621.15	GDNF	protein_coding	1065	731	776	19.5420	5.7242	5.5119
ENSG00000168630.3	SPINT5P	processed_pseudogene	0	0	0	0.0000	0.0000	0.0000
ENSG00000168631.13	MUCL3	protein_coding	0	1	0	0.0000	0.0000	0.0000
ENSG00000168634.5	WFDC13	protein_coding	0	0	0	0.0000	0.0000	0.0000
ENSG00000168646.13	AXIN2	protein_coding	40	24	16	0.6499	0.1904	0.1833
ENSG00000168653.11	NDUFS5	protein_coding	3758	1956	1802	582.3559	170.5812	164.2569
ENSG00000168658.19	VWA3B	protein_coding	0	0	1	0.0000	0.0000	0.0000
ENSG00000168661.15	ZNF30	protein_coding	102	54	48	3.1555	0.9243	0.8900
ENSG00000168671.10	UGT3A2	protein_coding	0	0	0	0.0000	0.0000	0.0000
ENSG00000168672.4	LRATD2	protein_coding	340	193	199	5.0354	1.4749	1.4203
ENSG00000168675.19	LDLRAD4	protein_coding	343	197	186	0.8115	0.2377	0.2289
ENSG00000168676.11	KCTD19	protein_coding	15	17	13	0.1726	0.0506	0.0487
ENSG00000168679.18	SLC16A4	protein_coding	2082	1120	1123	55.8800	16.3681	15.7613
ENSG00000168685.15	IL7R	protein_coding	654	327	327	9.2256	2.7023	2.6021
ENSG00000168701.19	TMEM208	protein_coding	1725	861	865	81.9741	24.0115	23.1213
ENSG00000168702.18	LRP1B	protein_coding	2	1	1	0.0104	0.0030	0.0029
ENSG00000168703.5	WFDC12	protein_coding	0	0	0	0.0000	0.0000	0.0000
ENSG00000168710.18	AHCYL1	protein_coding	3796	1878	1918	64.0234	18.7535	18.0582
ENSG00000168724.17	DNAJC21	protein_coding	2920	1487	1433	25.9489	7.6008	7.3190
ENSG00000168734.14	PKIG	protein_coding	2096	1068	1085	72.1789	21.1423	20.3585
ENSG00000168743.13	NPNT	protein_coding	41	26	16	0.5697	0.1669	0.1607
ENSG00000168746.8	LINC01620	lncRNA	0	0	0	0.0000	0.0000	0.0000
ENSG00000168748.14	CA7	protein_coding	8	33	27	0.3718	0.1089	0.1049
ENSG00000168754.15	FAM178B	protein_coding	5	3	2	0.1202	0.0352	0.0339
ENSG00000168757.12	TSPY2	protein_coding	0	0	0	0.0000	0.0000	0.0000
ENSG00000168758.11	SEMA4C	protein_coding	3664	1799	1866	49.6725	14.5499	14.0104
ENSG00000168763.16	CNNM3	protein_coding	1104	721	707	15.9253	4.6648	4.4918
ENSG00000168765.17	GSTM4	protein_coding	666	321	345	9.8755	2.8927	2.7854
ENSG00000168769.14	TET2	protein_coding	620	313	307	3.1960	0.9362	0.9014
ENSG00000168772.11	CXXC4	protein_coding	11	7	4	0.1604	0.0470	0.0452
ENSG00000168778.12	TCTN2	protein_coding	465	288	329	7.7397	2.2671	2.1830
ENSG00000168779.20	SHOX2	protein_coding	400	209	208	6.7787	1.9856	1.9120
ENSG00000168781.22	PPIP5K1	protein_coding	1243	605	638	13.0720	3.8290	3.6870
ENSG00000168785.8	TSPAN5	protein_coding	138	76	62	1.5811	0.4631	0.4460
ENSG00000168792.5	ABHD15	protein_coding	737	436	460	17.9228	5.2499	5.0552
ENSG00000168795.5	ZBTB5	protein_coding	291	144	147	5.2691	1.5434	1.4862
ENSG00000168802.14	CHTF8	protein_coding	5	5	0	0.1255	0.0368	0.0354
ENSG00000168803.16	ADAL	protein_coding	755	386	369	11.1815	3.2752	3.1538
ENSG00000168806.8	LCMT2	protein_coding	842	415	427	10.3119	3.0205	2.9085
ENSG00000168807.16	SNTB2	protein_coding	2285	1179	1107	19.6499	5.7558	5.5424
ENSG00000168811.7	IL12A	protein_coding	13	11	6	0.5647	0.1654	0.1593
ENSG00000168813.17	ZNF507	protein_coding	1244	599	645	9.3995	2.7533	2.6512
ENSG00000168818.10	STX18	protein_coding	1592	1035	943	25.2745	7.4033	7.1288
ENSG00000168824.14	NSG1	protein_coding	10636	5472	5547	207.3970	60.7498	58.4975
ENSG00000168826.16	ZBTB49	protein_coding	243	129	114	7.1428	2.0923	2.0147
ENSG00000168827.15	GFM1	protein_coding	4632	2484	2435	33.3660	9.7734	9.4111
ENSG00000168828.5	OR13J1	protein_coding	0	0	0	0.0000	0.0000	0.0000
ENSG00000168830.8	HTR1E	protein_coding	0	0	0	0.0000	0.0000	0.0000
ENSG00000168843.14	FSTL5	protein_coding	12	7	6	0.1914	0.0561	0.0540
ENSG00000168852.13	TPTE2P5	transcribed_unprocessed_pseudogene	4	13	14	0.1224	0.0359	0.0345
ENSG00000168872.17	DDX19A	protein_coding	624	286	339	6.7529	1.9780	1.9047
ENSG00000168874.13	ATOH8	protein_coding	59	29	31	0.5390	0.1579	0.1520
ENSG00000168875.3	SOX14	protein_coding	0	0	0	0.0000	0.0000	0.0000
ENSG00000168876.9	ANKRD49	protein_coding	338	174	164	9.0518	2.6514	2.5531
ENSG00000168878.19	SFTPB	protein_coding	0	1	0	0.0000	0.0000	0.0000
ENSG00000168883.20	USP39	protein_coding	2576	1307	1340	55.3390	16.2097	15.6087
ENSG00000168884.15	TNIP2	protein_coding	1672	836	836	53.5396	15.6826	15.1012
ENSG00000168887.11	C2orf68	protein_coding	748	375	409	10.9273	3.2008	3.0821
ENSG00000168890.14	TMEM150A	protein_coding	794	401	428	21.7857	6.3814	6.1448
ENSG00000168894.10	RNF181	protein_coding	2607	1277	1330	168.3556	49.3140	47.4857
ENSG00000168899.5	VAMP5	protein_coding	610	292	319	65.5715	19.2069	18.4948
ENSG00000168903.9	BTNL3	protein_coding	0	0	0	0.0000	0.0000	0.0000
ENSG00000168904.15	LRRC28	protein_coding	997	492	506	9.1244	2.6727	2.5736
ENSG00000168906.13	MAT2A	protein_coding	4029	2525	2623	76.2864	22.3455	21.5170
ENSG00000168907.13	PLA2G4F	protein_coding	7	6	1	0.0974	0.0285	0.0275
ENSG00000168913.7	ENHO	protein_coding	40	46	51	3.3043	0.9679	0.9320
ENSG00000168916.15	ZNF608	protein_coding	1156	557	599	14.1820	4.1541	4.0001
ENSG00000168917.9	SLC35G2	protein_coding	92	76	87	1.8241	0.5343	0.5145
ENSG00000168918.14	INPP5D	protein_coding	941	463	478	9.2052	2.6963	2.5964
ENSG00000168924.15	LETM1	protein_coding	3196	1668	1530	33.5359	9.8232	9.4590
ENSG00000168925.12	CTRB1	protein_coding	10	3	7	0.3867	0.1133	0.1091
ENSG00000168928.13	CTRB2	protein_coding	5	3	2	0.1834	0.0537	0.0517
ENSG00000168930.13	TRIM49	protein_coding	0	0	0	0.0000	0.0000	0.0000
ENSG00000168936.11	TMEM129	protein_coding	1644	857	797	40.5605	11.8808	11.4403
ENSG00000168938.6	PPIC	protein_coding	478	332	343	19.4966	5.7109	5.4991
ENSG00000168939.12	SPRY3	protein_coding	82	39	43	0.6594	0.1931	0.1860
ENSG00000168944.17	CEP120	protein_coding	1117	556	561	7.2804	2.1325	2.0535
ENSG00000168952.15	STXBP6	protein_coding	1373	900	870	14.4534	4.2336	4.0767
ENSG00000168955.4	TM4SF20	protein_coding	35	16	19	1.0338	0.3028	0.2916
ENSG00000168958.20	MFF	protein_coding	2241	1208	1253	30.9442	9.0640	8.7280
ENSG00000168959.14	GRM5	protein_coding	3	4	3	0.0294	0.0086	0.0083
ENSG00000168961.17	LGALS9	protein_coding	3739	1834	1905	55.5683	16.2768	15.6734
ENSG00000168967.14	PMCHL1	transcribed_unprocessed_pseudogene	0	0	0	0.0000	0.0000	0.0000
ENSG00000168970.22	JMJD7-PLA2G4B	protein_coding	10	4	6	0.1080	0.0316	0.0305
ENSG00000168992.4	OR7E102P	unprocessed_pseudogene	6	4	2	0.5020	0.1470	0.1416
ENSG00000168993.15	CPLX1	protein_coding	29	16	13	1.0484	0.3071	0.2957
ENSG00000168994.14	PXDC1	protein_coding	1090	576	606	42.8335	12.5466	12.0815
ENSG00000168995.13	SIGLEC7	protein_coding	52	52	38	2.1615	0.6331	0.6097
ENSG00000169006.7	NTSR2	protein_coding	0	0	0	0.0000	0.0000	0.0000
ENSG00000169016.17	E2F6	protein_coding	675	328	347	14.0942	4.1284	3.9754
ENSG00000169018.6	FEM1B	protein_coding	4084	2029	2078	45.4899	13.3247	12.8307
ENSG00000169019.11	COMMD8	protein_coding	852	504	482	41.1560	12.0552	11.6083
ENSG00000169020.10	ATP5ME	protein_coding	113	923	920	10.2961	3.0159	2.9041
ENSG00000169021.6	UQCRFS1	protein_coding	1959	999	960	53.9077	15.7904	15.2050
ENSG00000169026.13	SLC49A3	protein_coding	103	70	85	3.5355	1.0356	0.9972
ENSG00000169031.20	COL4A3	protein_coding	19	13	12	0.1780	0.0521	0.0502
ENSG00000169032.10	MAP2K1	protein_coding	2127	1440	1484	60.7963	17.8082	17.1480
ENSG00000169035.12	KLK7	protein_coding	0	0	0	0.0000	0.0000	0.0000
ENSG00000169040.14	PMCHL2	transcribed_unprocessed_pseudogene	0	0	0	0.0000	0.0000	0.0000
ENSG00000169045.17	HNRNPH1	protein_coding	5442	2713	2730	48.7486	14.2792	13.7498
ENSG00000169047.5	IRS1	protein_coding	1149	596	555	9.8034	2.8716	2.7651
ENSG00000169057.24	MECP2	protein_coding	3847	1948	1901	17.1951	5.0367	4.8500
ENSG00000169059.12	VCX3A	protein_coding	1	0	1	0.0853	0.0250	0.0241
ENSG00000169062.15	UPF3A	protein_coding	1025	520	505	15.1248	4.4303	4.2661
ENSG00000169064.13	ZBBX	protein_coding	7	3	4	0.1302	0.0381	0.0367
ENSG00000169067.4	ACTBL2	protein_coding	1	1	0	0.0304	0.0089	0.0086
ENSG00000169071.15	ROR2	protein_coding	381	205	176	5.5025	1.6118	1.5520
ENSG00000169075.7	BRD7P3	processed_pseudogene	2	1	1	0.1150	0.0337	0.0324
ENSG00000169083.18	AR	protein_coding	26	18	8	0.1723	0.0505	0.0486
ENSG00000169084.15	DHRSX	protein_coding	873	445	429	20.4343	5.9855	5.7636
ENSG00000169084.15_PAR_Y	DHRSX	protein_coding	0	0	0	0.0000	0.0000	0.0000
ENSG00000169085.13	VXN	protein_coding	43	20	23	0.7668	0.2246	0.2163
ENSG00000169087.11	HSPBAP1	protein_coding	611	308	303	9.5292	2.7912	2.6878
ENSG00000169093.16	ASMTL	protein_coding	891	597	595	21.5813	6.3215	6.0871
ENSG00000169093.16_PAR_Y	ASMTL	protein_coding	0	0	0	0.0000	0.0000	0.0000
ENSG00000169100.14	SLC25A6	protein_coding	14266	7022	7246	780.0870	228.4997	220.0281
ENSG00000169100.14_PAR_Y	SLC25A6	protein_coding	0	0	0	0.0000	0.0000	0.0000
ENSG00000169105.8	CHST14	protein_coding	1298	650	648	50.6790	14.8447	14.2943
ENSG00000169116.11	PARM1	protein_coding	253	120	133	4.2680	1.2502	1.2038
ENSG00000169118.18	CSNK1G1	protein_coding	1549	768	782	13.6766	4.0061	3.8576
ENSG00000169122.11	FAM110B	protein_coding	992	532	512	17.0425	4.9920	4.8069
ENSG00000169126.16	ARMC4	protein_coding	0	0	0	0.0000	0.0000	0.0000
ENSG00000169129.15	AFAP1L2	protein_coding	8667	4333	4341	127.1386	37.2409	35.8602
ENSG00000169131.13	ZNF354A	protein_coding	115	68	48	3.2727	0.9586	0.9231
ENSG00000169136.12	ATF5	protein_coding	1494	1073	1049	43.8697	12.8501	12.3737
ENSG00000169139.12	UBE2V2	protein_coding	3838	1928	1910	49.4500	14.4847	13.9477
ENSG00000169154.7	GOT1L1	protein_coding	0	0	0	0.0000	0.0000	0.0000
ENSG00000169155.10	ZBTB43	protein_coding	497	223	274	5.9849	1.7531	1.6881
ENSG00000169164.7	AL159987.1	transcribed_unprocessed_pseudogene	0	0	0	0.0000	0.0000	0.0000
ENSG00000169169.15	CPT1C	protein_coding	1169	548	622	16.9291	4.9588	4.7749
ENSG00000169174.11	PCSK9	protein_coding	2	3	1	0.0297	0.0087	0.0084
ENSG00000169180.12	XPO6	protein_coding	5351	2570	2781	63.8843	18.7127	18.0190
ENSG00000169181.13	GSG1L	protein_coding	3	2	1	0.0470	0.0138	0.0132
ENSG00000169184.6	MN1	protein_coding	229	105	124	2.4458	0.7164	0.6899
ENSG00000169188.5	APEX2	protein_coding	1935	988	947	50.7320	14.8602	14.3093
ENSG00000169189.17	NSMCE1	protein_coding	3453	1765	1693	78.2991	22.9350	22.0847
ENSG00000169193.12	CCDC126	protein_coding	360	184	176	8.6189	2.5246	2.4310
ENSG00000169194.9	IL13	protein_coding	1	1	0	0.0294	0.0086	0.0083
ENSG00000169203.16	NPIPB12	protein_coding	8	6	4	0.1569	0.0459	0.0442
ENSG00000169208.3	OR10G3	protein_coding	0	0	0	0.0000	0.0000	0.0000
ENSG00000169213.7	RAB3B	protein_coding	2152	1077	1075	14.2996	4.1886	4.0333
ENSG00000169214.4	OR6F1	protein_coding	0	0	0	0.0000	0.0000	0.0000
ENSG00000169217.9	CD2BP2	protein_coding	4006	2050	1963	91.6217	26.8374	25.8424
ENSG00000169218.14	RSPO1	protein_coding	1	0	1	0.0278	0.0081	0.0078
ENSG00000169220.18	RGS14	protein_coding	1097	547	551	25.1438	7.3650	7.0920
ENSG00000169221.14	TBC1D10B	protein_coding	2937	1541	1537	35.9953	10.5436	10.1527
ENSG00000169223.15	LMAN2	protein_coding	12220	6086	6135	478.6568	140.2061	135.0079
ENSG00000169224.13	GCSAML	protein_coding	1	1	0	0.0181	0.0053	0.0051
ENSG00000169228.14	RAB24	protein_coding	66	25	41	2.7142	0.7950	0.7655
ENSG00000169230.10	PRELID1	protein_coding	948	2674	2583	43.7525	12.8158	12.3406
ENSG00000169231.13	THBS3	protein_coding	1124	1157	1182	20.6469	6.0478	5.8236
ENSG00000169239.13	CA5B	protein_coding	159	105	103	1.5844	0.4641	0.4469
ENSG00000169241.19	SLC50A1	protein_coding	2354	1136	1218	85.4285	25.0234	24.0956
ENSG00000169242.12	EFNA1	protein_coding	188	87	101	7.3742	2.1600	2.0799
ENSG00000169245.6	CXCL10	protein_coding	1286	643	643	92.9427	27.2244	26.2150
ENSG00000169246.16	NPIPB3	protein_coding	14	7	7	0.2520	0.0738	0.0711
ENSG00000169247.14	SH3TC2	protein_coding	2596	1329	1268	5.7844	1.6943	1.6315
ENSG00000169248.13	CXCL11	protein_coding	449	244	205	21.4089	6.2710	6.0385
ENSG00000169249.13	ZRSR2	protein_coding	499	257	242	20.4022	5.9761	5.7546
ENSG00000169251.13	NMD3	protein_coding	1903	1006	899	33.1903	9.7220	9.3615
ENSG00000169252.6	ADRB2	protein_coding	146	73	73	6.1592	1.8041	1.7372
ENSG00000169253.3	AL669983.1	processed_pseudogene	0	0	0	0.0000	0.0000	0.0000
ENSG00000169255.15	B3GALNT1	protein_coding	949	480	471	10.3108	3.0202	2.9082
ENSG00000169258.7	GPRIN1	protein_coding	3192	1786	1695	64.0213	18.7528	18.0576
ENSG00000169271.3	HSPB3	protein_coding	0	0	0	0.0000	0.0000	0.0000
ENSG00000169282.18	KCNAB1	protein_coding	1890	1060	1073	23.5268	6.8914	6.6359
ENSG00000169288.18	MRPL1	protein_coding	747	364	383	38.9653	11.4136	10.9904
ENSG00000169291.10	SHE	protein_coding	175	100	112	1.7004	0.4981	0.4796
ENSG00000169297.8	NR0B1	protein_coding	11	8	3	0.4682	0.1372	0.1321
ENSG00000169299.14	PGM2	protein_coding	2226	1072	1154	51.4095	15.0587	14.5004
ENSG00000169302.16	STK32A	protein_coding	3268	1657	1625	35.0581	10.2691	9.8883
ENSG00000169306.10	IL1RAPL1	protein_coding	1	0	1	0.0235	0.0069	0.0066
ENSG00000169313.10	P2RY12	protein_coding	48	28	21	1.7442	0.5109	0.4920
ENSG00000169314.15	C22orf15	protein_coding	4	285	282	0.1603	0.0470	0.0452
ENSG00000169325.10	GUSBP12	unprocessed_pseudogene	0	0	0	0.0000	0.0000	0.0000
ENSG00000169327.5	OR5AU1	protein_coding	1	0	1	0.0101	0.0030	0.0028
ENSG00000169330.9	MINAR1	protein_coding	1223	628	595	14.8495	4.3497	4.1884
ENSG00000169340.10	PDILT	protein_coding	0	0	0	0.0000	0.0000	0.0000
ENSG00000169344.15	UMOD	protein_coding	0	0	0	0.0000	0.0000	0.0000
ENSG00000169347.17	GP2	protein_coding	0	0	0	0.0000	0.0000	0.0000
ENSG00000169359.16	SLC33A1	protein_coding	1563	750	813	13.2202	3.8724	3.7288
ENSG00000169371.14	SNUPN	protein_coding	610	319	353	14.7331	4.3155	4.1555
ENSG00000169372.13	CRADD	protein_coding	558	288	273	11.0818	3.2460	3.1257
ENSG00000169375.16	SIN3A	protein_coding	3505	1768	1801	23.9016	7.0011	6.7416
ENSG00000169379.16	ARL13B	protein_coding	631	322	311	12.8686	3.7694	3.6297
ENSG00000169385.3	RNASE2	protein_coding	28	10	18	3.3025	0.9673	0.9315
ENSG00000169393.9	ELSPBP1	protein_coding	0	0	0	0.0000	0.0000	0.0000
ENSG00000169397.3	RNASE3	protein_coding	3	0	3	0.3538	0.1036	0.0998
ENSG00000169398.19	PTK2	protein_coding	5560	2776	2784	34.3587	10.0642	9.6911
ENSG00000169402.15	RSPH10B2	protein_coding	0	41	47	0.0000	0.0000	0.0000
ENSG00000169403.12	PTAFR	protein_coding	697	354	344	14.0660	4.1201	3.9674
ENSG00000169410.10	PTPN9	protein_coding	2187	1064	1123	21.4508	6.2833	6.0503
ENSG00000169413.3	RNASE6	protein_coding	357	173	184	35.9201	10.5216	10.1315
ENSG00000169418.10	NPR1	protein_coding	347	185	162	5.9506	1.7430	1.6784
ENSG00000169427.8	KCNK9	protein_coding	13	6	7	0.1627	0.0477	0.0459
ENSG00000169429.11	CXCL8	protein_coding	118	54	64	4.4755	1.3109	1.2623
ENSG00000169432.18	SCN9A	protein_coding	8	4	5	0.0487	0.0143	0.0137
ENSG00000169435.14	RASSF6	protein_coding	7	3	4	0.0897	0.0263	0.0253
ENSG00000169436.17	COL22A1	protein_coding	6	3	3	0.0648	0.0190	0.0183
ENSG00000169439.12	SDC2	protein_coding	3193	1624	1569	66.3935	19.4477	18.7267
ENSG00000169442.9	CD52	protein_coding	544	369	329	49.4612	14.4879	13.9508
ENSG00000169446.5	MMGT1	protein_coding	2270	1210	1139	51.5702	15.1057	14.5457
ENSG00000169469.9	SPRR1B	protein_coding	0	0	0	0.0000	0.0000	0.0000
ENSG00000169474.4	SPRR1A	protein_coding	0	0	0	0.0000	0.0000	0.0000
ENSG00000169484.4	OR4K14	protein_coding	0	0	0	0.0000	0.0000	0.0000
ENSG00000169488.6	OR4K15	protein_coding	0	0	0	0.0000	0.0000	0.0000
ENSG00000169490.17	TM2D2	protein_coding	3907	2022	1885	74.8104	21.9131	21.1007
ENSG00000169495.5	HTRA4	protein_coding	18	12	6	0.7522	0.2203	0.2122
ENSG00000169499.15	PLEKHA2	protein_coding	6113	3993	3912	82.0352	24.0294	23.1385
ENSG00000169504.15	CLIC4	protein_coding	11923	5912	6011	226.6636	66.3933	63.9318
ENSG00000169507.9	SLC38A11	protein_coding	240	126	140	3.6709	1.0753	1.0354
ENSG00000169508.7	GPR183	protein_coding	247	117	130	12.4483	3.6463	3.5111
ENSG00000169509.6	CRCT1	protein_coding	0	0	0	0.0000	0.0000	0.0000
ENSG00000169515.8	CCDC8	protein_coding	134	62	72	3.5165	1.0300	0.9918
ENSG00000169519.21	METTL15	protein_coding	508	244	264	5.5464	1.6246	1.5644
ENSG00000169548.3	ZNF280A	protein_coding	66	36	30	2.6093	0.7643	0.7360
ENSG00000169550.14	MUC15	protein_coding	0	0	1	0.0000	0.0000	0.0000
ENSG00000169551.13	CT55	protein_coding	0	0	0	0.0000	0.0000	0.0000
ENSG00000169554.22	ZEB2	protein_coding	8098	4180	4061	26.3370	7.7145	7.4285
ENSG00000169562.13	GJB1	protein_coding	10017	5059	4958	182.7779	53.5385	51.5536
ENSG00000169564.7	PCBP1	protein_coding	111	7753	7536	5.4581	1.5988	1.5395
ENSG00000169567.13	HINT1	protein_coding	5735	2897	2838	68.4207	20.0415	19.2985
ENSG00000169570.10	DTWD2	protein_coding	669	339	330	9.6833	2.8364	2.7312
ENSG00000169575.5	VPREB1	protein_coding	0	0	0	0.0000	0.0000	0.0000
ENSG00000169583.13	CLIC3	protein_coding	58	30	29	5.0830	1.4889	1.4337
ENSG00000169592.15	INO80E	protein_coding	1545	1133	1047	23.2011	6.7960	6.5440
ENSG00000169594.13	BNC1	protein_coding	4	2	2	0.0708	0.0208	0.0200
ENSG00000169598.17	DFFB	protein_coding	228	127	106	5.0031	1.4655	1.4111
ENSG00000169599.13	NFU1	protein_coding	1526	772	754	70.6590	20.6971	19.9298
ENSG00000169604.20	ANTXR1	protein_coding	3773	1827	1946	39.1502	11.4677	11.0425
ENSG00000169605.7	GKN1	protein_coding	0	0	0	0.0000	0.0000	0.0000
ENSG00000169607.13	CKAP2L	protein_coding	600	334	346	9.3251	2.7315	2.6302
ENSG00000169609.14	C15orf40	protein_coding	360	308	330	2.1995	0.6443	0.6204
ENSG00000169612.4	RAMAC	protein_coding	107	197	189	5.8061	1.7007	1.6376
ENSG00000169618.7	PROKR1	protein_coding	61	34	27	1.2083	0.3539	0.3408
ENSG00000169621.10	APLF	protein_coding	284	129	155	3.3854	0.9916	0.9549
ENSG00000169627.9	BOLA2B	protein_coding	1	1	1	0.0621	0.0182	0.0175
ENSG00000169629.12	RGPD8	protein_coding	46	21	25	0.4538	0.1329	0.1280
ENSG00000169635.10	HIC2	protein_coding	443	231	213	5.1875	1.5195	1.4632
ENSG00000169641.13	LUZP1	protein_coding	4175	2053	2122	36.7098	10.7529	10.3542
ENSG00000169660.17	HEXD	protein_coding	332	199	197	6.2087	1.8186	1.7512
ENSG00000169662.8	BCRP6	unprocessed_pseudogene	0	0	0	0.0000	0.0000	0.0000
ENSG00000169668.11	BCRP2	transcribed_unprocessed_pseudogene	2	2	2	0.0312	0.0091	0.0088
ENSG00000169676.6	DRD5	protein_coding	0	0	0	0.0000	0.0000	0.0000
ENSG00000169679.15	BUB1	protein_coding	1381	685	696	18.6033	5.4492	5.2472
ENSG00000169682.18	SPNS1	protein_coding	10	5	7	0.2239	0.0656	0.0632
ENSG00000169683.8	LRRC45	protein_coding	691	338	355	16.2864	4.7706	4.5937
ENSG00000169684.13	CHRNA5	protein_coding	50	101	121	1.1720	0.3433	0.3306
ENSG00000169688.11	MT1B	protein_coding	0	0	0	0.0000	0.0000	0.0000
ENSG00000169689.15	CENPX	protein_coding	797	358	439	44.2074	12.9491	12.4690
ENSG00000169692.13	AGPAT2	protein_coding	1358	678	680	62.9487	18.4387	17.7550
ENSG00000169696.16	ASPSCR1	protein_coding	1121	572	553	7.8694	2.3051	2.2196
ENSG00000169704.5	GP9	protein_coding	0	0	0	0.0000	0.0000	0.0000
ENSG00000169710.9	FASN	protein_coding	11208	5652	5556	102.1123	29.9103	28.8014
ENSG00000169714.17	CNBP	protein_coding	8766	4389	4377	207.7044	60.8399	58.5843
ENSG00000169715.15	MT1E	protein_coding	85	40	45	6.8614	2.0098	1.9353
ENSG00000169717.7	ACTRT2	protein_coding	0	0	0	0.0000	0.0000	0.0000
ENSG00000169718.18	DUS1L	protein_coding	2529	1272	1259	35.7999	10.4864	10.0976
ENSG00000169727.12	GPS1	protein_coding	4788	2550	2517	66.0600	19.3500	18.6326
ENSG00000169733.12	RFNG	protein_coding	1665	949	990	36.5828	10.7157	10.3184
ENSG00000169738.8	DCXR	protein_coding	1384	690	695	62.5492	18.3216	17.6424
ENSG00000169740.14	ZNF32	protein_coding	77	67	74	4.4787	1.3119	1.2632
ENSG00000169744.13	LDB2	protein_coding	210	118	135	3.2692	0.9576	0.9221
ENSG00000169750.9	RAC3	protein_coding	211	113	98	12.1644	3.5632	3.4311
ENSG00000169752.17	NRG4	protein_coding	7	39	26	0.1184	0.0347	0.0334
ENSG00000169756.16	LIMS1	protein_coding	2159	1082	1077	23.5933	6.9108	6.6546
ENSG00000169758.13	TMEM266	protein_coding	34	17	19	0.5613	0.1644	0.1583
ENSG00000169760.17	NLGN1	protein_coding	2011	1000	1011	16.8284	4.9293	4.7466
ENSG00000169762.17	TAPT1	protein_coding	1315	688	628	14.3942	4.2163	4.0600
ENSG00000169763.15	PRYP3	protein_coding	0	0	0	0.0000	0.0000	0.0000
ENSG00000169764.16	UGP2	protein_coding	11185	5493	5697	139.8668	40.9692	39.4502
ENSG00000169777.6	TAS2R1	protein_coding	0	0	0	0.0000	0.0000	0.0000
ENSG00000169783.13	LINGO1	protein_coding	9626	4657	4970	153.5395	44.9741	43.3067
ENSG00000169789.10	PRY	protein_coding	0	0	0	0.0000	0.0000	0.0000
ENSG00000169800.14	RBMY1F	protein_coding	0	0	0	0.0000	0.0000	0.0000
ENSG00000169807.10	PRY2	protein_coding	0	0	0	0.0000	0.0000	0.0000
ENSG00000169811.8	RBMY1HP	unprocessed_pseudogene	0	0	0	0.0000	0.0000	0.0000
ENSG00000169813.16	HNRNPF	protein_coding	7983	4244	3740	208.3984	61.0432	58.7800
ENSG00000169814.16	BTD	protein_coding	1333	1350	1322	6.6187	1.9387	1.8668
ENSG00000169826.8	CSGALNACT2	protein_coding	1817	950	867	40.9829	12.0045	11.5595
ENSG00000169836.5	TACR3	protein_coding	0	0	0	0.0000	0.0000	0.0000
ENSG00000169840.5	GSX1	protein_coding	0	0	0	0.0000	0.0000	0.0000
ENSG00000169849.8	TSPY14P	unprocessed_pseudogene	0	0	0	0.0000	0.0000	0.0000
ENSG00000169851.15	PCDH7	protein_coding	7395	4283	4318	51.2684	15.0173	14.4606
ENSG00000169855.20	ROBO1	protein_coding	3237	1621	1616	24.8565	7.2808	7.0109
ENSG00000169856.9	ONECUT1	protein_coding	21	14	7	0.2919	0.0855	0.0823
ENSG00000169857.9	AVEN	protein_coding	1316	663	657	27.9039	8.1735	7.8705
ENSG00000169860.7	P2RY1	protein_coding	613	308	305	8.2511	2.4169	2.3273
ENSG00000169862.19	CTNND2	protein_coding	4	2	2	0.0467	0.0137	0.0132
ENSG00000169871.13	TRIM56	protein_coding	4001	2035	1967	30.5244	8.9411	8.6096
ENSG00000169876.14	MUC17	protein_coding	0	0	0	0.0000	0.0000	0.0000
ENSG00000169877.10	AHSP	protein_coding	0	0	0	0.0000	0.0000	0.0000
ENSG00000169884.14	WNT10B	protein_coding	23	7	16	0.7509	0.2200	0.2118
ENSG00000169885.10	CALML6	protein_coding	1	0	1	0.0416	0.0122	0.0117
ENSG00000169891.18	REPS2	protein_coding	673	329	344	5.0416	1.4768	1.4220
ENSG00000169894.18	MUC3A	protein_coding	29	21	15	0.2161	0.0633	0.0610
ENSG00000169895.6	SYAP1	protein_coding	3770	1947	1824	49.6973	14.5571	14.0174
ENSG00000169896.18	ITGAM	protein_coding	590	300	290	8.8086	2.5802	2.4845
ENSG00000169900.8	PYDC1	protein_coding	0	0	0	0.0000	0.0000	0.0000
ENSG00000169902.15	TPST1	protein_coding	1340	651	689	40.5681	11.8830	11.4425
ENSG00000169903.7	TM4SF4	protein_coding	0	0	0	0.0000	0.0000	0.0000
ENSG00000169905.13	TOR1AIP2	protein_coding	6735	3403	3341	30.2998	8.8753	8.5462
ENSG00000169906.5	S100G	protein_coding	0	0	0	0.0000	0.0000	0.0000
ENSG00000169908.12	TM4SF1	protein_coding	1091	562	529	26.5088	7.7648	7.4770
ENSG00000169914.6	OTUD3	protein_coding	504	267	239	6.2164	1.8209	1.7534
ENSG00000169918.10	OTUD7A	protein_coding	18	8	10	0.1065	0.0312	0.0300
ENSG00000169919.17	GUSB	protein_coding	8542	4310	4232	186.3320	54.5796	52.5560
ENSG00000169925.17	BRD3	protein_coding	363	266	305	4.4773	1.3115	1.2628
ENSG00000169926.11	KLF13	protein_coding	2536	1278	1258	22.8400	6.6902	6.4422
ENSG00000169933.16	FRMPD4	protein_coding	3	2	1	0.0256	0.0075	0.0072
ENSG00000169946.14	ZFPM2	protein_coding	106	53	53	1.1202	0.3281	0.3159
ENSG00000169951.10	ZNF764	protein_coding	363	197	166	10.3132	3.0209	2.9089
ENSG00000169953.12	HSFY2	protein_coding	0	0	0	0.0000	0.0000	0.0000
ENSG00000169955.7	ZNF747	protein_coding	337	189	160	7.2709	2.1298	2.0508
ENSG00000169957.10	ZNF768	protein_coding	1880	938	945	67.3915	19.7400	19.0082
ENSG00000169962.5	TAS1R3	protein_coding	27	18	20	0.6598	0.1933	0.1861
ENSG00000169964.8	TMEM42	protein_coding	185	79	106	5.1157	1.4985	1.4429
ENSG00000169967.16	MAP3K2	protein_coding	2598	1281	1391	19.1713	5.6156	5.4074
ENSG00000169972.12	PUSL1	protein_coding	227	241	263	7.8393	2.2963	2.2111
ENSG00000169976.7	SF3B5	protein_coding	1960	941	1019	241.2233	70.6581	68.0384
ENSG00000169981.11	ZNF35	protein_coding	73	38	35	2.3323	0.6832	0.6578
ENSG00000169989.3	TIGD4	protein_coding	48	22	26	1.6719	0.4897	0.4716
ENSG00000169991.11	IFFO2	protein_coding	2158	1077	1081	29.6582	8.6874	8.3653
ENSG00000169992.10	NLGN2	protein_coding	3351	1709	1643	49.7758	14.5801	14.0396
ENSG00000169994.18	MYO7B	protein_coding	13	6	8	0.1255	0.0367	0.0354
ENSG00000170004.17	CHD3	protein_coding	6068	3053	3016	49.8594	14.6046	14.0631
ENSG00000170006.12	TMEM154	protein_coding	90	48	42	0.6682	0.1957	0.1885
ENSG00000170011.14	MYRIP	protein_coding	29	14	19	0.4197	0.1229	0.1184
ENSG00000170017.12	ALCAM	protein_coding	2840	1433	1407	33.5944	9.8403	9.4755
ENSG00000170027.7	YWHAG	protein_coding	13159	6589	6570	301.6108	88.3465	85.0711
ENSG00000170035.16	UBE2E3	protein_coding	2448	1229	1225	69.9009	20.4751	19.7160
ENSG00000170037.14	CNTROB	protein_coding	1482	740	743	20.1815	5.9115	5.6923
ENSG00000170043.12	TRAPPC1	protein_coding	3629	1819	1812	263.1736	77.0877	74.2297
ENSG00000170044.8	ZPLD1	protein_coding	0	0	0	0.0000	0.0000	0.0000
ENSG00000170049.9	KCNAB3	protein_coding	85	41	44	1.5760	0.4616	0.4445
ENSG00000170054.16	SERPINA9	protein_coding	0	0	0	0.0000	0.0000	0.0000
ENSG00000170074.19	FAM153A	protein_coding	1	0	2	0.0100	0.0029	0.0028
ENSG00000170075.9	GPR37L1	protein_coding	1	69	84	0.0130	0.0038	0.0037
ENSG00000170085.18	SIMC1	protein_coding	455	233	223	6.9796	2.0444	1.9686
ENSG00000170088.14	TMEM192	protein_coding	3224	1632	1594	26.8890	7.8762	7.5842
ENSG00000170089.15	AC106795.1	transcribed_unprocessed_pseudogene	203	89	115	4.4753	1.3109	1.2623
ENSG00000170091.11	NSG2	protein_coding	16	7	9	0.3535	0.1035	0.0997
ENSG00000170092.14	SPDYE5	protein_coding	7	3	4	0.1788	0.0524	0.0504
ENSG00000170099.6	SERPINA6	protein_coding	4	1	3	0.1839	0.0539	0.0519
ENSG00000170100.14	ZNF778	protein_coding	386	231	220	2.8898	0.8465	0.8151
ENSG00000170113.16	NIPA1	protein_coding	2074	1009	1065	20.2769	5.9394	5.7192
ENSG00000170122.5	FOXD4	protein_coding	4	1	3	0.1721	0.0504	0.0485
ENSG00000170128.5	GPR25	protein_coding	1	1	0	0.0709	0.0208	0.0200
ENSG00000170142.12	UBE2E1	protein_coding	499	845	849	12.6645	3.7096	3.5721
ENSG00000170144.21	HNRNPA3	protein_coding	7684	3800	3889	97.8157	28.6518	27.5895
ENSG00000170145.5	SIK2	protein_coding	1041	517	549	9.0762	2.6586	2.5600
ENSG00000170152.5	AL391987.1	protein_coding	0	0	0	0.0000	0.0000	0.0000
ENSG00000170153.11	RNF150	protein_coding	3908	1969	1939	30.1370	8.8276	8.5003
ENSG00000170160.17	CCDC144A	protein_coding	1	1	0	0.0055	0.0016	0.0015
ENSG00000170161.7	AL512625.1	lncRNA	18	15	12	0.5585	0.1636	0.1575
ENSG00000170162.14	VGLL2	protein_coding	0	0	0	0.0000	0.0000	0.0000
ENSG00000170166.6	HOXD4	protein_coding	15	8	7	1.1213	0.3284	0.3163
ENSG00000170175.11	CHRNB1	protein_coding	479	244	235	9.3899	2.7504	2.6485
ENSG00000170178.7	HOXD12	protein_coding	46	21	25	1.5158	0.4440	0.4276
ENSG00000170180.22	GYPA	protein_coding	0	0	0	0.0000	0.0000	0.0000
ENSG00000170185.10	USP38	protein_coding	1466	730	736	15.8975	4.6566	4.4840
ENSG00000170190.16	SLC16A5	protein_coding	53	22	31	1.4570	0.4268	0.4110
ENSG00000170191.5	NANP	protein_coding	395	197	198	8.8203	2.5836	2.4878
ENSG00000170209.5	ANKK1	protein_coding	1	0	1	0.0326	0.0095	0.0092
ENSG00000170214.5	ADRA1B	protein_coding	26	13	13	0.7016	0.2055	0.1979
ENSG00000170222.12	ADPRM	protein_coding	242	117	125	10.5659	3.0949	2.9802
ENSG00000170231.16	FABP6	protein_coding	3	2	2	0.2342	0.0686	0.0660
ENSG00000170234.13	PWWP2A	protein_coding	760	383	377	9.8730	2.8919	2.7847
ENSG00000170236.16	USP50	protein_coding	6	401	420	0.1284	0.0376	0.0362
ENSG00000170242.19	USP47	protein_coding	2125	1431	1362	13.1508	3.8521	3.7093
ENSG00000170248.15	PDCD6IP	protein_coding	2462	1244	1224	23.7072	6.9442	6.6868
ENSG00000170255.7	MRGPRX1	protein_coding	0	0	0	0.0000	0.0000	0.0000
ENSG00000170260.9	ZNF212	protein_coding	699	350	349	18.6723	5.4694	5.2666
ENSG00000170262.13	MRAP	protein_coding	0	274	317	0.0000	0.0000	0.0000
ENSG00000170264.13	FAM161A	protein_coding	250	122	128	4.0377	1.1827	1.1389
ENSG00000170265.12	ZNF282	protein_coding	1351	680	674	30.5045	8.9353	8.6040
ENSG00000170266.16	GLB1	protein_coding	1621	832	792	31.7546	9.3014	8.9566
ENSG00000170270.5	GON7	protein_coding	483	227	256	36.4592	10.6795	10.2835
ENSG00000170271.11	FAXDC2	protein_coding	1571	798	826	19.2566	5.6406	5.4314
ENSG00000170275.15	CRTAP	protein_coding	12834	6634	6580	163.6440	47.9339	46.1567
ENSG00000170276.6	HSPB2	protein_coding	1	2	0	0.1007	0.0295	0.0284
ENSG00000170279.3	C7orf33	protein_coding	0	0	0	0.0000	0.0000	0.0000
ENSG00000170289.12	CNGB3	protein_coding	0	0	0	0.0000	0.0000	0.0000
ENSG00000170290.4	SLN	protein_coding	12	3	9	1.1248	0.3295	0.3172
ENSG00000170291.15	ELP5	protein_coding	1432	842	833	43.9328	12.8686	12.3915
ENSG00000170293.9	CMTM8	protein_coding	201	100	101	14.5889	4.2733	4.1149
ENSG00000170296.10	GABARAP	protein_coding	3	80	61	0.1306	0.0382	0.0368
ENSG00000170298.15	LGALS9B	protein_coding	4	2	2	0.1272	0.0373	0.0359
ENSG00000170310.15	STX8	protein_coding	1112	579	533	27.3318	8.0059	7.7091
ENSG00000170312.16	CDK1	protein_coding	1431	700	731	30.9135	9.0551	8.7193
ENSG00000170315.14	UBB	protein_coding	10890	23786	23529	590.1619	172.8677	166.4586
ENSG00000170322.14	NFRKB	protein_coding	961	492	469	12.8822	3.7734	3.6335
ENSG00000170323.9	FABP4	protein_coding	73	29	44	4.5283	1.3264	1.2772
ENSG00000170324.21	FRMPD2	protein_coding	0	0	0	0.0000	0.0000	0.0000
ENSG00000170325.15	PRDM10	protein_coding	328	154	174	4.2037	1.2313	1.1857
ENSG00000170340.11	B3GNT2	protein_coding	3242	1640	1602	96.2966	28.2068	27.1610
ENSG00000170345.10	FOS	protein_coding	3546	1720	1826	94.5160	27.6852	26.6588
ENSG00000170348.9	TMED10	protein_coding	30794	15465	15331	527.6514	154.5574	148.8272
ENSG00000170356.9	OR2A20P	transcribed_unprocessed_pseudogene	2	3	1	0.0483	0.0141	0.0136
ENSG00000170364.12	SETMAR	protein_coding	272	135	137	6.4756	1.8968	1.8265
ENSG00000170365.10	SMAD1	protein_coding	902	538	585	10.7976	3.1628	3.0455
ENSG00000170367.5	CST5	protein_coding	0	0	0	0.0000	0.0000	0.0000
ENSG00000170369.4	CST2	protein_coding	15	11	4	1.7075	0.5002	0.4816
ENSG00000170370.12	EMX2	protein_coding	45	20	26	1.1719	0.3433	0.3305
ENSG00000170373.8	CST1	protein_coding	1175	607	568	114.4284	33.5179	32.2752
ENSG00000170374.6	SP7	protein_coding	0	0	0	0.0000	0.0000	0.0000
ENSG00000170379.20	TCAF2	protein_coding	77	38	40	1.0203	0.2989	0.2878
ENSG00000170381.14	SEMA3E	protein_coding	8	4	4	0.0804	0.0235	0.0227
ENSG00000170382.12	LRRN2	protein_coding	40	25	15	0.5974	0.1750	0.1685
ENSG00000170385.10	SLC30A1	protein_coding	9704	4862	4843	139.8385	40.9609	39.4423
ENSG00000170390.16	DCLK2	protein_coding	182	93	89	3.4999	1.0252	0.9872
ENSG00000170396.9	ZNF804A	protein_coding	545	253	299	10.2235	2.9946	2.8836
ENSG00000170409.7	AC091390.1	unprocessed_pseudogene	0	0	0	0.0000	0.0000	0.0000
ENSG00000170412.18	GPRC5C	protein_coding	13	7	6	0.1465	0.0429	0.0413
ENSG00000170417.16	TMEM182	protein_coding	437	230	207	6.0996	1.7867	1.7204
ENSG00000170419.11	VSTM2A	protein_coding	0	0	0	0.0000	0.0000	0.0000
ENSG00000170421.12	KRT8	protein_coding	171	199	226	2.1104	0.6182	0.5952
ENSG00000170423.13	KRT78	protein_coding	0	0	0	0.0000	0.0000	0.0000
ENSG00000170425.3	ADORA2B	protein_coding	822	417	405	27.3636	8.0152	7.7181
ENSG00000170426.2	SDR9C7	protein_coding	3	2	1	0.1424	0.0417	0.0402
ENSG00000170430.10	MGMT	protein_coding	169	78	91	2.1988	0.6441	0.6202
ENSG00000170439.7	METTL7B	protein_coding	214	256	243	13.2263	3.8742	3.7306
ENSG00000170442.12	KRT86	protein_coding	18	12	13	0.6306	0.1847	0.1779
ENSG00000170445.16	HARS1	protein_coding	4271	2441	2471	25.6231	7.5054	7.2272
ENSG00000170448.12	NFXL1	protein_coding	336	225	195	6.3492	1.8598	1.7908
ENSG00000170454.6	KRT75	protein_coding	0	0	0	0.0000	0.0000	0.0000
ENSG00000170456.16	DENND5B	protein_coding	897	437	460	6.7137	1.9665	1.8936
ENSG00000170458.14	CD14	protein_coding	2443	1211	1232	125.8863	36.8741	35.5070
ENSG00000170464.10	DNAJC18	protein_coding	875	429	446	11.4351	3.3495	3.2253
ENSG00000170465.10	KRT6C	protein_coding	0	0	0	0.0000	0.0000	0.0000
ENSG00000170468.8	RIOX1	protein_coding	1231	754	750	42.4602	12.4373	11.9762
ENSG00000170469.11	SPATA24	protein_coding	51	28	23	3.5941	1.0528	1.0137
ENSG00000170471.15	RALGAPB	protein_coding	4432	2242	2191	29.7971	8.7280	8.4045
ENSG00000170473.17	PYM1	protein_coding	776	396	390	27.3891	8.0227	7.7253
ENSG00000170476.16	MZB1	protein_coding	1181	599	582	43.8718	12.8508	12.3743
ENSG00000170477.13	KRT4	protein_coding	3	3	0	0.0886	0.0259	0.0250
ENSG00000170482.17	SLC23A1	protein_coding	2	0	2	0.0530	0.0155	0.0150
ENSG00000170484.10	KRT74	protein_coding	0	0	0	0.0000	0.0000	0.0000
ENSG00000170485.17	NPAS2	protein_coding	58	40	51	0.3939	0.1154	0.1111
ENSG00000170486.11	KRT72	protein_coding	0	0	0	0.0000	0.0000	0.0000
ENSG00000170498.9	KISS1	protein_coding	0	0	0	0.0000	0.0000	0.0000
ENSG00000170500.13	LONRF2	protein_coding	9	1	9	0.0506	0.0148	0.0143
ENSG00000170502.13	NUDT9	protein_coding	2066	1036	1030	54.9298	16.0898	15.4933
ENSG00000170509.12	HSD17B13	protein_coding	8	3	5	0.2858	0.0837	0.0806
ENSG00000170515.14	PA2G4	protein_coding	4052	2364	2379	96.1167	28.1541	27.1103
ENSG00000170516.17	COX7B2	protein_coding	0	0	0	0.0000	0.0000	0.0000
ENSG00000170522.10	ELOVL6	protein_coding	1304	692	612	15.2236	4.4592	4.2939
ENSG00000170523.3	KRT83	protein_coding	0	0	0	0.0000	0.0000	0.0000
ENSG00000170525.21	PFKFB3	protein_coding	8125	4045	4081	112.8522	33.0562	31.8306
ENSG00000170537.13	TMC7	protein_coding	384	249	219	5.7839	1.6942	1.6314
ENSG00000170540.15	ARL6IP1	protein_coding	5390	2671	2720	128.6456	37.6823	36.2853
ENSG00000170542.6	SERPINB9	protein_coding	344	164	181	7.0511	2.0654	1.9888
ENSG00000170545.17	SMAGP	protein_coding	276	190	206	7.6023	2.2268	2.1443
ENSG00000170549.4	IRX1	protein_coding	2	3	2	0.0817	0.0239	0.0230
ENSG00000170558.10	CDH2	protein_coding	1091	578	632	10.7944	3.1618	3.0446
ENSG00000170561.13	IRX2	protein_coding	106	57	49	2.6483	0.7757	0.7470
ENSG00000170571.12	EMB	protein_coding	2701	1393	1308	43.7729	12.8218	12.3464
ENSG00000170577.8	SIX2	protein_coding	17	10	7	0.6544	0.1917	0.1846
ENSG00000170579.17	DLGAP1	protein_coding	968	482	491	6.8060	1.9936	1.9197
ENSG00000170581.14	STAT2	protein_coding	18147	9053	9104	248.6369	72.8296	70.1295
ENSG00000170584.11	NUDCD2	protein_coding	861	404	457	8.3002	2.4313	2.3411
ENSG00000170604.5	IRF2BP1	protein_coding	984	468	516	32.9762	9.6592	9.3011
ENSG00000170605.6	OR9K2	protein_coding	0	0	0	0.0000	0.0000	0.0000
ENSG00000170606.15	HSPA4	protein_coding	11179	5677	5503	186.0693	54.5026	52.4819
ENSG00000170608.3	FOXA3	protein_coding	0	0	0	0.0000	0.0000	0.0000
ENSG00000170613.4	FAM71B	protein_coding	0	0	0	0.0000	0.0000	0.0000
ENSG00000170615.15	SLC26A5	protein_coding	0	0	0	0.0000	0.0000	0.0000
ENSG00000170619.10	COMMD5	protein_coding	1383	807	786	40.2622	11.7934	11.3562
ENSG00000170624.13	SGCD	protein_coding	3395	1743	1652	27.2397	7.9789	7.6831
ENSG00000170627.11	GTSF1	protein_coding	84	41	43	2.8262	0.8278	0.7971
ENSG00000170629.14	DPY19L2P2	transcribed_unprocessed_pseudogene	276	126	150	4.2004	1.2304	1.1847
ENSG00000170631.15	ZNF16	protein_coding	598	272	328	9.6969	2.8404	2.7351
ENSG00000170632.14	ARMC10	protein_coding	1752	863	894	32.5204	9.5257	9.1726
ENSG00000170633.16	RNF34	protein_coding	941	561	572	16.9337	4.9601	4.7763
ENSG00000170634.13	ACYP2	protein_coding	364	185	194	6.2270	1.8240	1.7564
ENSG00000170638.10	TRABD	protein_coding	3096	1863	1861	83.3324	24.4094	23.5044
ENSG00000170653.19	ATF7	protein_coding	1614	1292	1318	17.1649	5.0279	4.8415
ENSG00000170667.15	RASA4B	protein_coding	50	28	22	0.5812	0.1703	0.1639
ENSG00000170677.6	SOCS6	protein_coding	760	385	375	11.0532	3.2377	3.1176
ENSG00000170681.7	CAVIN4	protein_coding	22	6	16	0.6031	0.1766	0.1701
ENSG00000170683.6	OR10A3	protein_coding	0	0	0	0.0000	0.0000	0.0000
ENSG00000170684.9	ZNF296	protein_coding	107	54	57	5.2131	1.5270	1.4704
ENSG00000170688.4	OR5E1P	unprocessed_pseudogene	0	0	0	0.0000	0.0000	0.0000
ENSG00000170689.10	HOXB9	protein_coding	8	3	5	0.2627	0.0770	0.0741
ENSG00000170703.15	TTLL6	protein_coding	4	1	3	0.0666	0.0195	0.0188
ENSG00000170734.12	POLH	protein_coding	1236	627	672	12.5432	3.6741	3.5379
ENSG00000170743.17	SYT9	protein_coding	0	0	0	0.0000	0.0000	0.0000
ENSG00000170745.12	KCNS3	protein_coding	2145	1115	1030	58.2335	17.0575	16.4251
ENSG00000170748.7	RBMXL2	protein_coding	1	1	0	0.0395	0.0116	0.0111
ENSG00000170759.11	KIF5B	protein_coding	11597	5806	5791	167.8865	49.1766	47.3534
ENSG00000170775.3	GPR37	protein_coding	3863	1947	1916	61.9192	18.1371	17.4647
ENSG00000170776.22	AKAP13	protein_coding	4735	2867	3014	19.8273	5.8077	5.5924
ENSG00000170777.10	TPD52L3	protein_coding	0	0	0	0.0000	0.0000	0.0000
ENSG00000170779.11	CDCA4	protein_coding	510	316	339	17.6918	5.1822	4.9901
ENSG00000170782.3	OR10A4	protein_coding	0	0	0	0.0000	0.0000	0.0000
ENSG00000170786.12	SDR16C5	protein_coding	2	2	0	0.0518	0.0152	0.0146
ENSG00000170788.14	DYDC1	protein_coding	0	41	48	0.0000	0.0000	0.0000
ENSG00000170790.5	OR10A2	protein_coding	0	0	0	0.0000	0.0000	0.0000
ENSG00000170791.18	CHCHD7	protein_coding	838	426	412	12.1088	3.5469	3.4154
ENSG00000170801.10	HTRA3	protein_coding	2442	1254	1188	62.4814	18.3018	17.6232
ENSG00000170802.16	FOXN2	protein_coding	3354	1711	1643	51.9561	15.2187	14.6545
ENSG00000170807.12	LMOD2	protein_coding	1	0	1	0.0318	0.0093	0.0090
ENSG00000170819.5	BFSP2	protein_coding	14	8	6	0.5918	0.1733	0.1669
ENSG00000170820.12	FSHR	protein_coding	0	0	0	0.0000	0.0000	0.0000
ENSG00000170827.9	CELP	transcribed_unprocessed_pseudogene	0	0	0	0.0000	0.0000	0.0000
ENSG00000170832.13	USP32	protein_coding	5403	2743	2660	48.1858	14.1144	13.5911
ENSG00000170835.16	CEL	protein_coding	6	3	3	0.2135	0.0626	0.0602
ENSG00000170836.12	PPM1D	protein_coding	718	367	351	12.0882	3.5408	3.4095
ENSG00000170837.3	GPR27	protein_coding	3	2	1	0.0964	0.0282	0.0272
ENSG00000170846.17	AC093323.1	protein_coding	187	111	97	4.4124	1.2925	1.2445
ENSG00000170848.16	PSG6	protein_coding	0	0	0	0.0000	0.0000	0.0000
ENSG00000170852.11	KBTBD2	protein_coding	2346	1229	1117	41.0770	12.0321	11.5860
ENSG00000170854.18	RIOX2	protein_coding	1529	1448	1484	18.8726	5.5281	5.3231
ENSG00000170855.4	TRIAP1	protein_coding	451	211	240	27.1432	7.9507	7.6559
ENSG00000170858.10	LILRP2	transcribed_processed_pseudogene	0	0	0	0.0000	0.0000	0.0000
ENSG00000170860.4	LSM3	protein_coding	587	298	289	14.8402	4.3469	4.1858
ENSG00000170871.12	KIAA0232	protein_coding	2237	1114	1123	22.3517	6.5472	6.3044
ENSG00000170873.19	MTSS1	protein_coding	833	709	705	9.0959	2.6643	2.5655
ENSG00000170876.8	TMEM43	protein_coding	2711	1347	1364	65.8146	19.2781	18.5634
ENSG00000170881.5	RNF139	protein_coding	2549	1246	1305	66.3587	19.4375	18.7169
ENSG00000170889.14	RPS9	protein_coding	19150	9582	9571	377.8407	110.6755	106.5722
ENSG00000170890.14	PLA2G1B	protein_coding	1	1	0	0.1361	0.0399	0.0384
ENSG00000170891.11	CYTL1	protein_coding	417	215	202	35.8057	10.4880	10.0992
ENSG00000170892.12	TSEN34	protein_coding	1662	832	830	39.8469	11.6718	11.2391
ENSG00000170893.4	TRH	protein_coding	3	1	2	0.1600	0.0469	0.0451
ENSG00000170899.11	GSTA4	protein_coding	174	80	94	7.0329	2.0601	1.9837
ENSG00000170903.11	MSANTD4	protein_coding	1115	538	588	18.5369	5.4297	5.2284
ENSG00000170906.16	NDUFA3	protein_coding	1448	849	907	49.6828	14.5529	14.0133
ENSG00000170909.13	OSCAR	protein_coding	154	72	82	6.2753	1.8381	1.7700
ENSG00000170915.9	PAQR8	protein_coding	1968	973	995	33.1989	9.7245	9.3640
ENSG00000170917.14	NUDT6	protein_coding	79	392	420	1.0193	0.2986	0.2875
ENSG00000170919.16	TPT1-AS1	lncRNA	163	435	428	0.9548	0.2797	0.2693
ENSG00000170920.2	OR7G3	protein_coding	0	0	0	0.0000	0.0000	0.0000
ENSG00000170921.15	TANC2	protein_coding	3642	1857	1833	13.5258	3.9619	3.8150
ENSG00000170923.3	OR7G2	protein_coding	0	1	0	0.0000	0.0000	0.0000
ENSG00000170925.3	TEX13B	protein_coding	0	0	0	0.0000	0.0000	0.0000
ENSG00000170927.15	PKHD1	protein_coding	38	23	15	0.1850	0.0542	0.0522
ENSG00000170929.6	OR1M1	protein_coding	0	0	0	0.0000	0.0000	0.0000
ENSG00000170935.8	NCBP2L	protein_coding	3	59	51	0.1225	0.0359	0.0346
ENSG00000170946.15	DNAJC24	protein_coding	796	508	524	7.8802	2.3082	2.2227
ENSG00000170948.3	MBD3L1	protein_coding	1	1	0	0.0886	0.0260	0.0250
ENSG00000170949.17	ZNF160	protein_coding	855	442	414	8.5310	2.4989	2.4062
ENSG00000170950.6	PGK2	protein_coding	0	0	0	0.0000	0.0000	0.0000
ENSG00000170953.3	OR8B12	protein_coding	0	0	0	0.0000	0.0000	0.0000
ENSG00000170954.11	ZNF415	protein_coding	35	21	14	0.7863	0.2303	0.2218
ENSG00000170955.10	CAVIN3	protein_coding	569	1313	1336	31.0339	9.0903	8.7533
ENSG00000170956.17	CEACAM3	protein_coding	1	1	0	0.0290	0.0085	0.0082
ENSG00000170959.14	DCDC1	protein_coding	3	3	0	0.0194	0.0057	0.0055
ENSG00000170961.7	HAS2	protein_coding	1498	784	846	30.0026	8.7882	8.4624
ENSG00000170962.13	PDGFD	protein_coding	217	114	103	4.3227	1.2662	1.2192
ENSG00000170965.10	PLAC1	protein_coding	6	3	3	0.2676	0.0784	0.0755
ENSG00000170967.5	DDI1	protein_coding	0	0	0	0.0000	0.0000	0.0000
ENSG00000170983.4	LINC00208	lncRNA	0	0	0	0.0000	0.0000	0.0000
ENSG00000170989.10	S1PR1	protein_coding	574	274	300	9.3326	2.7337	2.6323
ENSG00000171004.18	HS6ST2	protein_coding	5	1	4	0.0849	0.0249	0.0239
ENSG00000171014.2	OR4D5	protein_coding	0	0	0	0.0000	0.0000	0.0000
ENSG00000171016.13	PYGO1	protein_coding	1041	554	490	9.8170	2.8756	2.7689
ENSG00000171017.11	LRRC8E	protein_coding	8	106	121	0.1569	0.0460	0.0443
ENSG00000171033.13	PKIA	protein_coding	43	19	24	0.9095	0.2664	0.2565
ENSG00000171044.11	XKR6	protein_coding	24	9	15	0.3591	0.1052	0.1013
ENSG00000171045.16	TSNARE1	protein_coding	798	372	426	15.6180	4.5748	4.4051
ENSG00000171049.9	FPR2	protein_coding	7	5	2	0.1640	0.0480	0.0463
ENSG00000171051.9	FPR1	protein_coding	76	38	38	2.5035	0.7333	0.7061
ENSG00000171053.10	PATE1	protein_coding	0	0	0	0.0000	0.0000	0.0000
ENSG00000171054.8	OR13H1	protein_coding	0	0	0	0.0000	0.0000	0.0000
ENSG00000171055.15	FEZ2	protein_coding	2031	1031	1000	19.2966	5.6523	5.4427
ENSG00000171056.8	SOX7	protein_coding	63	29	34	1.6641	0.4874	0.4694
ENSG00000171060.11	C8orf74	protein_coding	0	0	0	0.0000	0.0000	0.0000
ENSG00000171067.11	C11orf24	protein_coding	5567	2769	2798	138.9222	40.6925	39.1838
ENSG00000171084.15	FAM86JP	transcribed_unprocessed_pseudogene	63	44	44	2.1239	0.6221	0.5990
ENSG00000171094.18	ALK	protein_coding	1423	749	674	16.3698	4.7950	4.6172
ENSG00000171097.14	KYAT1	protein_coding	2	1	1	0.0474	0.0139	0.0134
ENSG00000171100.15	MTM1	protein_coding	687	336	351	15.2126	4.4560	4.2908
ENSG00000171101.13	SIGLEC17P	transcribed_unprocessed_pseudogene	5	4	1	0.1862	0.0545	0.0525
ENSG00000171102.14	OBP2B	protein_coding	0	0	1	0.0000	0.0000	0.0000
ENSG00000171103.11	TRMT61B	protein_coding	404	307	294	16.6220	4.8689	4.6883
ENSG00000171105.14	INSR	protein_coding	1815	878	937	14.2305	4.1683	4.0138
ENSG00000171109.19	MFN1	protein_coding	3490	1763	1728	49.8524	14.6025	14.0612
ENSG00000171115.4	GIMAP8	protein_coding	461	240	221	9.3544	2.7401	2.6385
ENSG00000171116.7	HSFX1	protein_coding	0	0	0	0.0000	0.0000	0.0000
ENSG00000171119.2	NRTN	protein_coding	22	13	9	1.6846	0.4935	0.4752
ENSG00000171121.16	KCNMB3	protein_coding	20	216	173	0.1892	0.0554	0.0534
ENSG00000171124.13	FUT3	protein_coding	0	0	0	0.0000	0.0000	0.0000
ENSG00000171126.8	KCNG3	protein_coding	244	117	127	5.5866	1.6364	1.5757
ENSG00000171130.18	ATP6V0E2	protein_coding	4066	2753	2892	51.1460	14.9815	14.4260
ENSG00000171132.14	PRKCE	protein_coding	967	467	500	8.2299	2.4107	2.3213
ENSG00000171133.3	OR2K2	protein_coding	0	0	0	0.0000	0.0000	0.0000
ENSG00000171135.15	JAGN1	protein_coding	1043	541	502	49.7875	14.5835	14.0429
ENSG00000171136.7	RLN3	protein_coding	1	2	1	0.0707	0.0207	0.0199
ENSG00000171148.13	TADA3	protein_coding	3112	1611	1581	62.4167	18.2828	17.6050
ENSG00000171150.9	SOCS5	protein_coding	1328	682	646	15.0567	4.4103	4.2468
ENSG00000171155.8	C1GALT1C1	protein_coding	1024	514	510	48.0965	14.0882	13.5659
ENSG00000171159.5	C9orf16	protein_coding	1309	647	713	67.2480	19.6980	18.9677
ENSG00000171160.18	MORN4	protein_coding	749	378	372	25.3206	7.4168	7.1418
ENSG00000171161.13	ZNF672	protein_coding	1352	674	678	30.6903	8.9897	8.6564
ENSG00000171163.16	ZNF692	protein_coding	295	148	147	6.3761	1.8676	1.7984
ENSG00000171169.9	NAIF1	protein_coding	271	130	141	6.3573	1.8622	1.7931
ENSG00000171174.15	RBKS	protein_coding	72	36	38	1.9392	0.5680	0.5470
ENSG00000171180.3	OR2M4	protein_coding	1	1	0	0.0143	0.0042	0.0040
ENSG00000171189.17	GRIK1	protein_coding	8	4	4	0.1602	0.0469	0.0452
ENSG00000171195.11	MUC7	protein_coding	176	93	83	5.3417	1.5647	1.5066
ENSG00000171199.11	OPRPN	protein_coding	0	0	0	0.0000	0.0000	0.0000
ENSG00000171201.12	SMR3B	protein_coding	0	0	0	0.0000	0.0000	0.0000
ENSG00000171202.7	TMEM126A	protein_coding	513	257	256	44.8653	13.1417	12.6545
ENSG00000171204.13	TMEM126B	protein_coding	788	393	395	27.6976	8.1131	7.8123
ENSG00000171206.15	TRIM8	protein_coding	4262	2141	2122	72.2273	21.1565	20.3721
ENSG00000171208.10	NETO2	protein_coding	627	321	306	7.1672	2.0994	2.0216
ENSG00000171209.3	CSN3	protein_coding	0	0	0	0.0000	0.0000	0.0000
ENSG00000171217.5	CLDN20	protein_coding	7	3	4	0.4917	0.1440	0.1387
ENSG00000171219.9	CDC42BPG	protein_coding	39	19	21	0.5071	0.1485	0.1430
ENSG00000171222.10	SCAND1	protein_coding	1219	647	618	51.8627	15.1914	14.6282
ENSG00000171223.6	JUNB	protein_coding	2635	1536	1558	122.2762	35.8166	34.4887
ENSG00000171224.9	FAM241B	protein_coding	447	224	223	28.1181	8.2362	7.9309
ENSG00000171227.7	TMEM37	protein_coding	122	73	49	4.5222	1.3246	1.2755
ENSG00000171234.14	UGT2B7	protein_coding	1295	620	675	48.6602	14.2533	13.7249
ENSG00000171236.10	LRG1	protein_coding	15	5	10	0.4714	0.1381	0.1330
ENSG00000171241.9	SHCBP1	protein_coding	1326	663	663	18.2355	5.3415	5.1434
ENSG00000171243.8	SOSTDC1	protein_coding	10	5	5	0.3434	0.1006	0.0969
ENSG00000171246.6	NPTX1	protein_coding	4	1	3	0.0484	0.0142	0.0136
ENSG00000171262.11	FAM98B	protein_coding	1936	944	992	23.9974	7.0292	6.7686
ENSG00000171291.8	ZNF439	protein_coding	261	129	132	4.2566	1.2468	1.2006
ENSG00000171295.13	ZNF440	protein_coding	592	294	298	7.7906	2.2820	2.1974
ENSG00000171298.13	GAA	protein_coding	11285	5675	5610	183.0266	53.6114	51.6237
ENSG00000171302.17	CANT1	protein_coding	3590	1803	1787	68.9427	20.1944	19.4457
ENSG00000171303.7	KCNK3	protein_coding	45	20	25	0.6141	0.1799	0.1732
ENSG00000171307.19	ZDHHC16	protein_coding	1787	905	883	49.9351	14.6268	14.0845
ENSG00000171310.11	CHST11	protein_coding	7088	3543	3545	92.7166	27.1581	26.1513
ENSG00000171311.13	EXOSC1	protein_coding	1671	832	841	39.6596	11.6169	11.1862
ENSG00000171314.9	PGAM1	protein_coding	3477	1727	1752	116.2474	34.0507	32.7883
ENSG00000171316.12	CHD7	protein_coding	1848	953	895	9.2205	2.7008	2.6007
ENSG00000171320.15	ESCO2	protein_coding	703	362	341	7.6488	2.2405	2.1574
ENSG00000171345.13	KRT19	protein_coding	5	1	5	0.1818	0.0532	0.0513
ENSG00000171346.16	KRT15	protein_coding	29	19	11	0.4126	0.1209	0.1164
ENSG00000171357.6	LURAP1	protein_coding	391	436	398	17.9578	5.2601	5.0651
ENSG00000171360.4	KRT38	protein_coding	0	0	0	0.0000	0.0000	0.0000
ENSG00000171365.17	CLCN5	protein_coding	4149	2046	2104	30.7528	9.0080	8.6740
ENSG00000171368.12	TPPP	protein_coding	2024	1157	1215	28.7471	8.4205	8.1083
ENSG00000171385.10	KCND3	protein_coding	41	17	24	0.4338	0.1271	0.1223
ENSG00000171388.12	APLN	protein_coding	117	58	59	3.0818	0.9027	0.8692
ENSG00000171396.12	KRTAP4-4	protein_coding	0	0	0	0.0000	0.0000	0.0000
ENSG00000171401.15	KRT13	protein_coding	1	1	1	0.0292	0.0085	0.0082
ENSG00000171402.15	XAGE3	protein_coding	0	0	0	0.0000	0.0000	0.0000
ENSG00000171403.10	KRT9	protein_coding	0	0	0	0.0000	0.0000	0.0000
ENSG00000171405.12	XAGE5	protein_coding	0	0	0	0.0000	0.0000	0.0000
ENSG00000171408.14	PDE7B	protein_coding	42	27	24	0.6003	0.1759	0.1693
ENSG00000171421.13	MRPL36	protein_coding	697	360	338	42.4298	12.4283	11.9676
ENSG00000171425.10	ZNF581	protein_coding	596	299	297	30.9557	9.0674	8.7312
ENSG00000171428.15	NAT1	protein_coding	601	292	309	16.1920	4.7429	4.5670
ENSG00000171431.4	KRT20	protein_coding	0	0	0	0.0000	0.0000	0.0000
ENSG00000171433.12	GLOD5	protein_coding	1	0	1	0.0798	0.0234	0.0225
ENSG00000171435.14	KSR2	protein_coding	3	1	2	0.0139	0.0041	0.0039
ENSG00000171443.7	ZNF524	protein_coding	583	322	331	34.3571	10.0637	9.6906
ENSG00000171444.18	MCC	protein_coding	3766	1928	1864	29.7803	8.7231	8.3997
ENSG00000171446.7	KRT27	protein_coding	57	33	24	2.6906	0.7881	0.7589
ENSG00000171448.9	ZBTB26	protein_coding	139	72	67	2.5347	0.7424	0.7149
ENSG00000171450.6	CDK5R2	protein_coding	19	9	12	0.6480	0.1898	0.1828
ENSG00000171451.14	DSEL	protein_coding	59	49	46	0.5407	0.1584	0.1525
ENSG00000171453.20	POLR1C	protein_coding	493	683	664	7.6050	2.2276	2.1450
ENSG00000171456.20	ASXL1	protein_coding	2290	1124	1166	14.2196	4.1652	4.0107
ENSG00000171459.4	OR1L6	protein_coding	0	0	0	0.0000	0.0000	0.0000
ENSG00000171462.15	DLK2	protein_coding	12	8	11	0.4557	0.1335	0.1285
ENSG00000171466.10	ZNF562	protein_coding	1482	796	855	9.6646	2.8309	2.7260
ENSG00000171467.16	ZNF318	protein_coding	1216	620	596	10.6151	3.1093	2.9940
ENSG00000171469.11	ZNF561	protein_coding	1513	770	747	20.3814	5.9700	5.7487
ENSG00000171475.14	WIPF2	protein_coding	4212	2125	2088	44.0336	12.8981	12.4199
ENSG00000171476.22	HOPX	protein_coding	159	78	82	1.7416	0.5101	0.4912
ENSG00000171478.7	SPACA5B	protein_coding	0	0	0	0.0000	0.0000	0.0000
ENSG00000171481.4	OR1L3	protein_coding	0	0	0	0.0000	0.0000	0.0000
ENSG00000171483.13	SSX6P	transcribed_unprocessed_pseudogene	2	2	0	0.0909	0.0266	0.0256
ENSG00000171487.15	NLRP5	protein_coding	0	0	0	0.0000	0.0000	0.0000
ENSG00000171488.15	LRRC8C	protein_coding	1749	871	878	12.6685	3.7108	3.5732
ENSG00000171489.10	SPACA5	protein_coding	0	0	0	0.0000	0.0000	0.0000
ENSG00000171490.13	RSL1D1	protein_coding	8011	3987	4024	110.4021	32.3385	31.1396
ENSG00000171492.14	LRRC8D	protein_coding	1756	855	901	30.7338	9.0024	8.6686
ENSG00000171495.17	MROH2B	protein_coding	0	0	0	0.0000	0.0000	0.0000
ENSG00000171496.4	OR1L8	protein_coding	2	1	1	0.0839	0.0246	0.0237
ENSG00000171497.5	PPID	protein_coding	1362	916	863	45.9704	13.4655	12.9662
ENSG00000171501.10	OR1N2	protein_coding	0	0	0	0.0000	0.0000	0.0000
ENSG00000171502.15	COL24A1	protein_coding	15	13	2	0.1331	0.0390	0.0376
ENSG00000171503.12	ETFDH	protein_coding	913	674	663	17.2563	5.0546	4.8672
ENSG00000171505.5	OR1N1	protein_coding	0	0	0	0.0000	0.0000	0.0000
ENSG00000171509.16	RXFP1	protein_coding	5	4	1	0.0747	0.0219	0.0211
ENSG00000171517.6	LPAR3	protein_coding	334	166	168	8.0213	2.3496	2.2625
ENSG00000171522.6	PTGER4	protein_coding	362	194	168	8.6742	2.5408	2.4466
ENSG00000171530.15	TBCA	protein_coding	3639	1787	1852	99.2375	29.0682	27.9905
ENSG00000171532.5	NEUROD2	protein_coding	0	0	0	0.0000	0.0000	0.0000
ENSG00000171533.11	MAP6	protein_coding	43	20	24	0.5676	0.1663	0.1601
ENSG00000171540.8	OTP	protein_coding	2	1	1	0.0489	0.0143	0.0138
ENSG00000171551.12	ECEL1	protein_coding	30	18	12	0.8555	0.2506	0.2413
ENSG00000171552.14	BCL2L1	protein_coding	7618	5835	5594	154.1396	45.1499	43.4760
ENSG00000171557.17	FGG	protein_coding	0	0	0	0.0000	0.0000	0.0000
ENSG00000171560.16	FGA	protein_coding	0	0	0	0.0000	0.0000	0.0000
ENSG00000171561.4	OR2AT4	protein_coding	0	0	0	0.0000	0.0000	0.0000
ENSG00000171564.12	FGB	protein_coding	0	0	0	0.0000	0.0000	0.0000
ENSG00000171566.12	PLRG1	protein_coding	2483	1229	1254	42.0454	12.3157	11.8591
ENSG00000171570.11	RAB4B-EGLN2	protein_coding	0	0	0	0.0000	0.0000	0.0000
ENSG00000171574.18	ZNF584	protein_coding	456	256	200	10.5457	3.0890	2.9745
ENSG00000171587.15	DSCAM	protein_coding	1	0	1	0.0099	0.0029	0.0028
ENSG00000171595.14	DNAI2	protein_coding	0	1	0	0.0000	0.0000	0.0000
ENSG00000171596.7	NMUR1	protein_coding	332	159	173	8.7531	2.5639	2.4689
ENSG00000171603.18	CLSTN1	protein_coding	12287	6458	6262	199.0875	58.3158	56.1538
ENSG00000171604.12	CXXC5	protein_coding	3575	1753	1837	79.9975	23.4325	22.5638
ENSG00000171606.18	ZNF274	protein_coding	782	387	396	7.9693	2.3343	2.2478
ENSG00000171608.16	PIK3CD	protein_coding	3845	2144	2133	51.5584	15.1023	14.5423
ENSG00000171611.10	PTCRA	protein_coding	41	22	19	2.9733	0.8709	0.8386
ENSG00000171612.7	SLC25A33	protein_coding	486	224	262	10.6782	3.1278	3.0119
ENSG00000171617.14	ENC1	protein_coding	3479	1783	1853	35.6723	10.4490	10.0616
ENSG00000171621.14	SPSB1	protein_coding	3147	1598	1551	78.8565	23.0983	22.2419
ENSG00000171631.15	P2RY6	protein_coding	189	99	90	4.8577	1.4229	1.3702
ENSG00000171634.18	BPTF	protein_coding	2962	1522	1440	16.6370	4.8732	4.6926
ENSG00000171643.14	S100Z	protein_coding	3	3	0	0.1304	0.0382	0.0368
ENSG00000171649.12	ZIK1	protein_coding	35	23	19	0.5535	0.1621	0.1561
ENSG00000171657.6	GPR82	protein_coding	23	10	13	0.5887	0.1724	0.1660
ENSG00000171658.8	NMRAL2P	transcribed_unprocessed_pseudogene	68	29	39	2.1973	0.6436	0.6198
ENSG00000171659.15	GPR34	protein_coding	101	54	47	4.4533	1.3044	1.2561
ENSG00000171671.6	SHANK2-AS3	lncRNA	0	0	0	0.0000	0.0000	0.0000
ENSG00000171680.23	PLEKHG5	protein_coding	111	54	57	1.3592	0.3981	0.3834
ENSG00000171681.12	ATF7IP	protein_coding	6497	3275	3222	41.8324	12.2534	11.7991
ENSG00000171695.10	LKAAEAR1	protein_coding	1	1	0	0.0978	0.0287	0.0276
ENSG00000171700.14	RGS19	protein_coding	783	390	393	32.7873	9.6039	9.2479
ENSG00000171703.17	TCEA2	protein_coding	1262	607	656	22.3830	6.5563	6.3132
ENSG00000171711.3	DEFB4A	protein_coding	0	0	0	0.0000	0.0000	0.0000
ENSG00000171714.12	ANO5	protein_coding	3	0	3	0.0334	0.0098	0.0094
ENSG00000171720.10	HDAC3	protein_coding	2062	1226	1260	37.9839	11.1261	10.7136
ENSG00000171722.13	SPATA46	protein_coding	0	0	0	0.0000	0.0000	0.0000
ENSG00000171723.16	GPHN	protein_coding	1824	914	958	25.7857	7.5530	7.2730
ENSG00000171724.3	VAT1L	protein_coding	22	12	10	0.4553	0.1334	0.1284
ENSG00000171729.14	TMEM51	protein_coding	3081	1622	1532	116.9079	34.2442	32.9746
ENSG00000171735.19	CAMTA1	protein_coding	1370	684	687	11.7481	3.4412	3.3136
ENSG00000171747.9	LGALS4	protein_coding	3	3	1	0.1144	0.0335	0.0323
ENSG00000171757.17	LRRC34	protein_coding	66	48	62	1.0623	0.3112	0.2996
ENSG00000171759.10	PAH	protein_coding	0	0	0	0.0000	0.0000	0.0000
ENSG00000171763.20	SPATA5L1	protein_coding	406	212	194	10.1495	2.9729	2.8627
ENSG00000171766.17	GATM	protein_coding	925	462	464	8.4829	2.4848	2.3926
ENSG00000171772.17	SYCE1	protein_coding	0	0	3	0.0000	0.0000	0.0000
ENSG00000171773.3	NXNL1	protein_coding	0	1	0	0.0000	0.0000	0.0000
ENSG00000171777.16	RASGRP4	protein_coding	44	23	32	0.8933	0.2616	0.2519
ENSG00000171786.6	NHLH1	protein_coding	15	7	8	0.4982	0.1459	0.1405
ENSG00000171790.15	SLFNL1	protein_coding	6	5	8	0.1182	0.0346	0.0333
ENSG00000171791.14	BCL2	protein_coding	1097	566	532	7.3864	2.1636	2.0834
ENSG00000171792.11	RHNO1	protein_coding	1870	927	943	60.0610	17.5928	16.9406
ENSG00000171793.16	CTPS1	protein_coding	1662	814	848	12.6422	3.7031	3.5658
ENSG00000171794.4	UTF1	protein_coding	1	1	0	0.0700	0.0205	0.0197
ENSG00000171798.18	KNDC1	protein_coding	90	50	40	0.9306	0.2726	0.2625
ENSG00000171804.11	WDR87	protein_coding	0	0	0	0.0000	0.0000	0.0000
ENSG00000171806.12	METTL18	protein_coding	410	212	233	22.1063	6.4753	6.2352
ENSG00000171811.14	CFAP46	protein_coding	5	3	2	0.0397	0.0116	0.0112
ENSG00000171812.13	COL8A2	protein_coding	584	304	280	10.6219	3.1113	2.9960
ENSG00000171813.14	PWWP2B	protein_coding	642	309	333	20.5965	6.0330	5.8094
ENSG00000171815.6	PCDHB1	protein_coding	1	0	1	0.0107	0.0031	0.0030
ENSG00000171817.17	ZNF540	protein_coding	22	14	10	0.4260	0.1248	0.1201
ENSG00000171819.5	ANGPTL7	protein_coding	3	1	3	0.1146	0.0336	0.0323
ENSG00000171823.7	FBXL14	protein_coding	541	265	276	16.9967	4.9786	4.7940
ENSG00000171824.14	EXOSC10	protein_coding	2492	1908	1773	35.3233	10.3467	9.9631
ENSG00000171827.11	ZNF570	protein_coding	43	26	17	0.5846	0.1712	0.1649
ENSG00000171840.12	NINJ2	protein_coding	65	55	60	2.6952	0.7895	0.7602
ENSG00000171843.17	MLLT3	protein_coding	462	221	241	4.8550	1.4221	1.3694
ENSG00000171847.11	FAM90A1	protein_coding	211	107	104	7.0600	2.0680	1.9913
ENSG00000171848.16	RRM2	protein_coding	1643	782	862	15.2436	4.4651	4.2995
ENSG00000171853.16	TRAPPC12	protein_coding	2169	1005	1164	20.0362	5.8689	5.6513
ENSG00000171855.7	IFNB1	protein_coding	1	0	1	0.1012	0.0296	0.0285
ENSG00000171858.18	RPS21	protein_coding	5224	2692	2532	428.2089	125.4291	120.7788
ENSG00000171860.5	C3AR1	protein_coding	1383	686	697	33.6422	9.8543	9.4890
ENSG00000171861.11	MRM3	protein_coding	614	475	424	26.2676	7.6942	7.4089
ENSG00000171862.11	PTEN	protein_coding	6009	3005	3004	46.1005	13.5036	13.0029
ENSG00000171863.15	RPS7	protein_coding	9005	4484	4521	138.3087	40.5128	39.0108
ENSG00000171864.5	PRND	protein_coding	53	22	31	1.1306	0.3312	0.3189
ENSG00000171865.10	RNASEH1	protein_coding	1744	854	890	24.9119	7.2971	7.0265
ENSG00000171867.17	PRNP	protein_coding	53138	26914	26226	1648.7039	482.9312	465.0266
ENSG00000171872.5	KLF17	protein_coding	5	2	3	0.1344	0.0394	0.0379
ENSG00000171873.8	ADRA1D	protein_coding	2	1	1	0.0565	0.0166	0.0159
ENSG00000171877.21	FRMD5	protein_coding	2589	1295	1294	32.8540	9.6235	9.2667
ENSG00000171885.18	AQP4	protein_coding	0	0	0	0.0000	0.0000	0.0000
ENSG00000171889.5	MIR31HG	lncRNA	0	1	1	0.0000	0.0000	0.0000
ENSG00000171903.16	CYP4F11	protein_coding	82	45	37	1.7292	0.5065	0.4877
ENSG00000171914.16	TLN2	protein_coding	1633	881	940	8.5554	2.5060	2.4131
ENSG00000171916.17	LGALS9C	protein_coding	5	5	0	0.0893	0.0262	0.0252
ENSG00000171928.14	TVP23B	protein_coding	1560	779	781	23.0553	6.7533	6.5029
ENSG00000171931.13	FBXW10	protein_coding	5	1	4	0.0968	0.0283	0.0273
ENSG00000171936.3	OR10H3	protein_coding	0	0	1	0.0000	0.0000	0.0000
ENSG00000171940.13	ZNF217	protein_coding	2555	1437	1298	35.1030	10.2822	9.9010
ENSG00000171942.4	OR10H2	protein_coding	0	0	0	0.0000	0.0000	0.0000
ENSG00000171943.12	SRGAP2C	protein_coding	424	221	207	4.9088	1.4379	1.3846
ENSG00000171944.2	OR52A5	protein_coding	0	0	0	0.0000	0.0000	0.0000
ENSG00000171951.5	SCG2	protein_coding	203	111	92	6.6895	1.9595	1.8868
ENSG00000171953.16	ATPAF2	protein_coding	521	278	278	7.9675	2.3338	2.2473
ENSG00000171954.13	CYP4F22	protein_coding	5	4	1	0.1626	0.0476	0.0459
ENSG00000171956.7	FOXB1	protein_coding	2	1	2	0.0471	0.0138	0.0133
ENSG00000171960.12	PPIH	protein_coding	275	234	227	4.5835	1.3426	1.2928
ENSG00000171962.18	DRC3	protein_coding	87	57	70	1.0076	0.2952	0.2842
ENSG00000171970.13	ZNF57	protein_coding	7	73	65	0.2558	0.0749	0.0721
ENSG00000171984.15	SHLD1	protein_coding	81	43	38	3.1481	0.9221	0.8879
ENSG00000171987.3	C11orf40	lncRNA	0	0	0	0.0000	0.0000	0.0000
ENSG00000171988.19	JMJD1C	protein_coding	3317	1673	1662	25.2357	7.3919	7.1179
ENSG00000171989.6	LDHAL6B	protein_coding	11	7	7	0.5350	0.1567	0.1509
ENSG00000171992.13	SYNPO	protein_coding	1942	976	967	16.1003	4.7160	4.5412
ENSG00000171999.7	OR52P2P	unitary_pseudogene	0	0	0	0.0000	0.0000	0.0000
ENSG00000172000.7	ZNF556	protein_coding	3	2	1	0.0388	0.0114	0.0109
ENSG00000172005.11	MAL	protein_coding	82	49	33	4.7925	1.4038	1.3517
ENSG00000172006.12	ZNF554	protein_coding	124	56	70	1.8628	0.5456	0.5254
ENSG00000172007.7	RAB33B	protein_coding	598	311	301	10.7727	3.1555	3.0385
ENSG00000172009.15	THOP1	protein_coding	1861	907	954	21.2959	6.2379	6.0066
ENSG00000172014.12	ANKRD20A4P	protein_coding	9	7	2	0.1695	0.0496	0.0478
ENSG00000172016.16	REG3A	protein_coding	0	0	0	0.0000	0.0000	0.0000
ENSG00000172020.13	GAP43	protein_coding	1	0	1	0.0447	0.0131	0.0126
ENSG00000172023.8	REG1B	protein_coding	0	0	0	0.0000	0.0000	0.0000
ENSG00000172031.7	EPHX4	protein_coding	3	1	2	0.1132	0.0332	0.0319
ENSG00000172037.14	LAMB2	protein_coding	15461	7753	7709	191.2535	56.0211	53.9442
ENSG00000172046.19	USP19	protein_coding	1922	969	954	28.5195	8.3538	8.0441
ENSG00000172053.18	QARS1	protein_coding	4709	2354	2356	85.0288	24.9063	23.9829
ENSG00000172057.10	ORMDL3	protein_coding	2534	1285	1249	57.3530	16.7996	16.1767
ENSG00000172058.16	SERF1A	protein_coding	2	2	0	0.0562	0.0165	0.0159
ENSG00000172059.11	KLF11	protein_coding	846	502	498	15.6384	4.5807	4.4109
ENSG00000172061.9	LRRC15	protein_coding	2636	1323	1313	37.6979	11.0423	10.6329
ENSG00000172062.17	SMN1	protein_coding	126	65	61	3.4549	1.0120	0.9745
ENSG00000172071.14	EIF2AK3	protein_coding	1123	798	752	17.4375	5.1077	4.9183
ENSG00000172073.4	TEX37	protein_coding	1	1	0	0.1064	0.0312	0.0300
ENSG00000172081.14	MOB3A	protein_coding	3384	1706	1682	69.3295	20.3077	19.5548
ENSG00000172086.9	KRCC1	protein_coding	2785	1381	1405	116.6191	34.1595	32.8931
ENSG00000172113.9	NME6	protein_coding	578	281	297	6.7627	1.9809	1.9075
ENSG00000172115.9	CYCS	protein_coding	6601	3428	3174	96.7985	28.3538	27.3026
ENSG00000172116.23	CD8B	protein_coding	272	149	142	4.3755	1.2817	1.2341
ENSG00000172123.13	SLFN12	protein_coding	67	40	27	1.5486	0.4536	0.4368
ENSG00000172137.19	CALB2	protein_coding	2	0	2	0.0998	0.0292	0.0282
ENSG00000172139.15	SLC9C1	protein_coding	11	3	8	0.2220	0.0650	0.0626
ENSG00000172146.3	OR1A1	protein_coding	0	0	0	0.0000	0.0000	0.0000
ENSG00000172148.3	OR7A2P	transcribed_unprocessed_pseudogene	1	0	1	0.0697	0.0204	0.0196
ENSG00000172150.4	OR1A2	protein_coding	0	0	0	0.0000	0.0000	0.0000
ENSG00000172154.10	OR8I2	protein_coding	0	0	0	0.0000	0.0000	0.0000
ENSG00000172155.10	LCE1D	protein_coding	0	0	0	0.0000	0.0000	0.0000
ENSG00000172156.4	CCL11	protein_coding	30	15	15	2.5349	0.7425	0.7150
ENSG00000172159.16	FRMD3	protein_coding	429	181	248	5.6168	1.6453	1.5843
ENSG00000172164.15	SNTB1	protein_coding	4865	3052	3191	60.8092	17.8120	17.1516
ENSG00000172167.8	MTBP	protein_coding	296	714	712	3.0187	0.8842	0.8514
ENSG00000172171.11	TEFM	protein_coding	156	163	166	5.0142	1.4687	1.4143
ENSG00000172172.8	MRPL13	protein_coding	1638	841	797	33.0482	9.6803	9.3214
ENSG00000172175.15	MALT1	protein_coding	682	362	381	5.0590	1.4819	1.4269
ENSG00000172179.12	PRL	protein_coding	1	0	1	0.0593	0.0174	0.0167
ENSG00000172183.15	ISG20	protein_coding	585	304	282	6.9335	2.0309	1.9556
ENSG00000172186.7	HMGN1P35	processed_pseudogene	1	0	1	0.1430	0.0419	0.0403
ENSG00000172188.6	OR4C11	protein_coding	0	0	0	0.0000	0.0000	0.0000
ENSG00000172197.11	MBOAT1	protein_coding	1711	876	899	33.5951	9.8405	9.4757
ENSG00000172199.1	OR8U1	protein_coding	0	0	0	0.0000	0.0000	0.0000
ENSG00000172201.12	ID4	protein_coding	623	301	322	13.6601	4.0012	3.8529
ENSG00000172208.6	OR4X2	protein_coding	0	0	0	0.0000	0.0000	0.0000
ENSG00000172209.6	GPR22	protein_coding	1	1	0	0.0229	0.0067	0.0065
ENSG00000172215.6	CXCR6	protein_coding	242	121	121	5.4439	1.5946	1.5355
ENSG00000172216.6	CEBPB	protein_coding	1888	955	965	87.1831	25.5373	24.5905
ENSG00000172232.10	AZU1	protein_coding	1	0	1	0.0477	0.0140	0.0134
ENSG00000172236.18	TPSAB1	protein_coding	59	30	33	3.1651	0.9271	0.8927
ENSG00000172238.6	ATOH1	protein_coding	0	0	0	0.0000	0.0000	0.0000
ENSG00000172239.14	PAIP1	protein_coding	2501	1227	1274	62.6323	18.3460	17.6658
ENSG00000172243.18	CLEC7A	protein_coding	209	108	101	4.2359	1.2408	1.1948
ENSG00000172244.9	C5orf34	protein_coding	140	80	107	3.9550	1.1585	1.1155
ENSG00000172247.4	C1QTNF4	protein_coding	7	5	2	0.4207	0.1232	0.1187
ENSG00000172250.16	SERHL	transcribed_unitary_pseudogene	1	351	302	0.0299	0.0087	0.0084
ENSG00000172260.15	NEGR1	protein_coding	3768	1960	1819	24.2262	7.0962	6.8332
ENSG00000172262.11	ZNF131	protein_coding	1105	590	525	11.0189	3.2276	3.1080
ENSG00000172264.17	MACROD2	protein_coding	39	19	20	0.2898	0.0849	0.0817
ENSG00000172269.19	DPAGT1	protein_coding	1791	968	894	28.8054	8.4376	8.1247
ENSG00000172270.21	BSG	protein_coding	34802	17432	17394	779.7893	228.4125	219.9441
ENSG00000172273.13	HINFP	protein_coding	272	150	122	2.3431	0.6863	0.6609
ENSG00000172283.10	PRYP4	unprocessed_pseudogene	0	0	0	0.0000	0.0000	0.0000
ENSG00000172288.7	CDY1	protein_coding	0	0	0	0.0000	0.0000	0.0000
ENSG00000172289.3	OR10V1	protein_coding	0	0	0	0.0000	0.0000	0.0000
ENSG00000172292.15	CERS6	protein_coding	2046	2350	2323	25.3609	7.4286	7.1532
ENSG00000172294.7	CSPG4P4Y	unprocessed_pseudogene	0	0	0	0.0000	0.0000	0.0000
ENSG00000172296.13	SPTLC3	protein_coding	31	13	18	0.3087	0.0904	0.0871
ENSG00000172297.7	GOLGA2P3Y	unprocessed_pseudogene	0	0	0	0.0000	0.0000	0.0000
ENSG00000172301.11	COPRS	protein_coding	2264	1137	1129	139.4198	40.8382	39.3242
ENSG00000172315.6	TP53RK	protein_coding	1301	669	633	34.6881	10.1607	9.7840
ENSG00000172318.5	B3GALT1	protein_coding	1606	869	862	26.7731	7.8423	7.5515
ENSG00000172320.3	OR5A1	protein_coding	0	0	0	0.0000	0.0000	0.0000
ENSG00000172322.14	CLEC12A	protein_coding	30	18	12	0.7824	0.2292	0.2207
ENSG00000172324.5	OR5A2	protein_coding	0	0	0	0.0000	0.0000	0.0000
ENSG00000172331.12	BPGM	protein_coding	1721	850	871	57.5613	16.8606	16.2355
ENSG00000172336.5	POP7	protein_coding	1044	503	541	97.3183	28.5060	27.4492
ENSG00000172339.10	ALG14	protein_coding	353	181	172	3.1093	0.9108	0.8770
ENSG00000172340.15	SUCLG2	protein_coding	1490	736	754	40.9752	12.0023	11.5573
ENSG00000172342.5	CSPG4P3Y	unprocessed_pseudogene	0	0	0	0.0000	0.0000	0.0000
ENSG00000172345.14	STARD5	protein_coding	40	236	285	0.5359	0.1570	0.1511
ENSG00000172346.15	CSDC2	protein_coding	3	608	599	0.0848	0.0248	0.0239
ENSG00000172348.15	RCAN2	protein_coding	269	135	134	6.0131	1.7613	1.6960
ENSG00000172349.17	IL16	protein_coding	3230	2015	1924	22.6801	6.6434	6.3971
ENSG00000172350.10	ABCG4	protein_coding	7	4	4	0.0954	0.0279	0.0269
ENSG00000172352.5	CDY1B	protein_coding	0	0	0	0.0000	0.0000	0.0000
ENSG00000172354.10	GNB2	protein_coding	6313	3233	3080	199.1466	58.3332	56.1705
ENSG00000172361.6	CFAP53	protein_coding	33	16	17	1.5364	0.4500	0.4333
ENSG00000172362.3	OR5B12	protein_coding	1	1	0	0.0469	0.0137	0.0132
ENSG00000172365.3	OR5B2	protein_coding	0	0	0	0.0000	0.0000	0.0000
ENSG00000172366.20	MCRIP2	protein_coding	727	397	340	12.3007	3.6031	3.4695
ENSG00000172367.16	PDZD3	protein_coding	0	3	2	0.0000	0.0000	0.0000
ENSG00000172375.14	C2CD2L	protein_coding	1013	548	538	9.3342	2.7341	2.6328
ENSG00000172377.3	OR9I1	protein_coding	0	0	0	0.0000	0.0000	0.0000
ENSG00000172379.21	ARNT2	protein_coding	10009	5289	5277	109.8577	32.1790	30.9860
ENSG00000172380.6	GNG12	protein_coding	11098	5524	5574	199.8827	58.5488	56.3781
ENSG00000172382.10	PRSS27	protein_coding	7	1	6	0.1004	0.0294	0.0283
ENSG00000172399.6	MYOZ2	protein_coding	11	3	8	0.3665	0.1073	0.1034
ENSG00000172403.11	SYNPO2	protein_coding	577	303	274	2.5089	0.7349	0.7077
ENSG00000172404.5	DNAJB7	protein_coding	2	60	59	0.0662	0.0194	0.0187
ENSG00000172409.6	CLP1	protein_coding	686	350	337	26.5280	7.7705	7.4824
ENSG00000172410.4	INSL5	protein_coding	0	0	0	0.0000	0.0000	0.0000
ENSG00000172421.10	EFCAB3	protein_coding	0	0	0	0.0000	0.0000	0.0000
ENSG00000172425.12	TTC36	protein_coding	1	0	1	0.0842	0.0247	0.0237
ENSG00000172426.16	RSPH9	protein_coding	188	554	581	6.0428	1.7700	1.7044
ENSG00000172428.11	COPS9	protein_coding	1381	699	682	57.5725	16.8639	16.2387
ENSG00000172432.19	GTPBP2	protein_coding	1678	845	895	30.1516	8.8319	8.5044
ENSG00000172456.18	FGGY	protein_coding	568	297	271	3.9621	1.1606	1.1175
ENSG00000172457.7	OR9G4	protein_coding	0	0	0	0.0000	0.0000	0.0000
ENSG00000172458.4	IL17D	protein_coding	27	38	44	0.6892	0.2019	0.1944
ENSG00000172459.4	OR5AR1	protein_coding	0	0	0	0.0000	0.0000	0.0000
ENSG00000172460.17	PRSS30P	lncRNA	0	0	0	0.0000	0.0000	0.0000
ENSG00000172461.11	FUT9	protein_coding	0	0	0	0.0000	0.0000	0.0000
ENSG00000172464.3	OR5AP2	protein_coding	0	0	0	0.0000	0.0000	0.0000
ENSG00000172465.14	TCEAL1	protein_coding	838	397	441	44.4493	13.0199	12.5372
ENSG00000172466.16	ZNF24	protein_coding	2553	1304	1250	26.3045	7.7050	7.4193
ENSG00000172468.14	HSFY1	protein_coding	0	0	0	0.0000	0.0000	0.0000
ENSG00000172469.16	MANEA	protein_coding	484	260	224	7.9194	2.3197	2.2337
ENSG00000172476.4	RAB40A	protein_coding	19	10	19	0.4016	0.1176	0.1133
ENSG00000172478.18	MAB21L4	protein_coding	0	0	0	0.0000	0.0000	0.0000
ENSG00000172482.5	AGXT	protein_coding	0	0	0	0.0000	0.0000	0.0000
ENSG00000172487.4	OR8J1	protein_coding	0	0	0	0.0000	0.0000	0.0000
ENSG00000172489.7	OR5T3	protein_coding	0	0	0	0.0000	0.0000	0.0000
ENSG00000172493.22	AFF1	protein_coding	3656	1842	1814	28.3068	8.2915	7.9841
ENSG00000172497.9	ACOT12	protein_coding	0	0	0	0.0000	0.0000	0.0000
ENSG00000172500.13	FIBP	protein_coding	4563	2269	2294	115.8075	33.9218	32.6642
ENSG00000172508.10	CARNS1	protein_coding	16	9	10	0.2396	0.0702	0.0676
ENSG00000172519.9	OR10H5	protein_coding	1	1	0	0.0119	0.0035	0.0034
ENSG00000172530.20	BANP	protein_coding	349	159	190	3.6347	1.0647	1.0252
ENSG00000172531.16	PPP1CA	protein_coding	6704	3781	4370	139.7758	40.9425	39.4246
ENSG00000172534.14	HCFC1	protein_coding	5279	2546	2735	49.7498	14.5725	14.0322
ENSG00000172538.7	FAM170B	protein_coding	2	2	0	0.1201	0.0352	0.0339
ENSG00000172543.8	CTSW	protein_coding	305	157	148	15.3168	4.4865	4.3202
ENSG00000172548.14	NIPAL4	protein_coding	1695	849	849	34.2063	10.0196	9.6481
ENSG00000172551.11	MUCL1	protein_coding	0	0	0	0.0000	0.0000	0.0000
ENSG00000172554.12	SNTG2	protein_coding	7	4	4	0.1325	0.0388	0.0374
ENSG00000172568.5	FNDC9	protein_coding	0	0	0	0.0000	0.0000	0.0000
ENSG00000172572.7	PDE3A	protein_coding	84	50	36	0.5360	0.1570	0.1512
ENSG00000172575.12	RASGRP1	protein_coding	429	269	274	5.9674	1.7479	1.6831
ENSG00000172578.12	KLHL6	protein_coding	315	163	152	2.5372	0.7432	0.7156
ENSG00000172586.8	CHCHD1	protein_coding	891	441	450	51.0210	14.9448	14.3908
ENSG00000172590.18	MRPL52	protein_coding	1521	757	764	40.2004	11.7753	11.3388
ENSG00000172594.13	SMPDL3A	protein_coding	731	381	350	26.4269	7.7409	7.4539
ENSG00000172602.11	RND1	protein_coding	114	58	56	2.4521	0.7183	0.6916
ENSG00000172613.8	RAD9A	protein_coding	529	1020	951	10.7755	3.1563	3.0393
ENSG00000172638.13	EFEMP2	protein_coding	826	429	401	12.9969	3.8070	3.6659
ENSG00000172640.3	OR10AD1	protein_coding	1	1	0	0.0651	0.0191	0.0184
ENSG00000172650.14	AGAP5	protein_coding	1	0	1	0.0300	0.0088	0.0085
ENSG00000172661.19	WASHC2C	protein_coding	2109	1073	1044	31.3930	9.1955	8.8546
ENSG00000172663.9	TMEM134	protein_coding	891	450	442	12.8418	3.7616	3.6221
ENSG00000172667.11	ZMAT3	protein_coding	3788	1874	1915	28.4722	8.3399	8.0307
ENSG00000172671.20	ZFAND4	protein_coding	131	71	60	1.7848	0.5228	0.5034
ENSG00000172673.11	THEMIS	protein_coding	99	61	38	1.9511	0.5715	0.5503
ENSG00000172680.1	MOS	protein_coding	0	0	0	0.0000	0.0000	0.0000
ENSG00000172687.13	ZNF738	protein_coding	26	13	13	0.5654	0.1656	0.1595
ENSG00000172689.2	MS4A10	protein_coding	0	0	0	0.0000	0.0000	0.0000
ENSG00000172716.16	SLFN11	protein_coding	483	228	256	6.8567	2.0084	1.9340
ENSG00000172717.16	FAM71D	protein_coding	14	10	4	0.2641	0.0774	0.0745
ENSG00000172724.12	CCL19	protein_coding	653	318	335	71.7375	21.0130	20.2340
ENSG00000172725.14	CORO1B	protein_coding	8458	4294	4165	134.8333	39.4948	38.0305
ENSG00000172728.16	FUT10	protein_coding	715	367	348	11.3918	3.3368	3.2131
ENSG00000172731.14	LRRC20	protein_coding	1170	556	614	27.4088	8.0285	7.7308
ENSG00000172732.12	MUS81	protein_coding	1194	711	691	18.6114	5.4516	5.2495
ENSG00000172733.11	PURG	protein_coding	4	1	3	0.0901	0.0264	0.0254
ENSG00000172738.12	TMEM217	protein_coding	16	37	32	0.4056	0.1188	0.1144
ENSG00000172742.6	OR4D9	protein_coding	0	0	0	0.0000	0.0000	0.0000
ENSG00000172746.6	RPL12P13	unprocessed_pseudogene	4	4	0	0.6835	0.2002	0.1928
ENSG00000172748.14	ZNF596	protein_coding	100	61	61	1.4135	0.4140	0.3987
ENSG00000172752.14	COL6A5	protein_coding	6	3	3	0.0532	0.0156	0.0150
ENSG00000172757.13	CFL1	protein_coding	30668	21200	20097	444.0478	130.0686	125.2463
ENSG00000172765.17	TMCC1	protein_coding	1046	514	532	10.9151	3.1972	3.0787
ENSG00000172766.19	NAA16	protein_coding	242	122	120	3.5402	1.0370	0.9985
ENSG00000172769.4	OR5B3	protein_coding	0	0	0	0.0000	0.0000	0.0000
ENSG00000172771.12	EFCAB12	protein_coding	2	1	1	0.0218	0.0064	0.0062
ENSG00000172772.3	OR10W1	protein_coding	0	0	0	0.0000	0.0000	0.0000
ENSG00000172775.17	PSME3IP1	protein_coding	2603	1330	1315	50.8507	14.8950	14.3427
ENSG00000172780.17	RAB43	protein_coding	107	52	55	1.8206	0.5333	0.5135
ENSG00000172782.12	FADS6	protein_coding	0	0	0	0.0000	0.0000	0.0000
ENSG00000172785.18	CBWD1	protein_coding	131	58	73	0.7851	0.2300	0.2214
ENSG00000172789.3	HOXC5	protein_coding	21	11	10	0.9880	0.2894	0.2787
ENSG00000172794.20	RAB37	protein_coding	109	58	54	1.8250	0.5346	0.5147
ENSG00000172795.17	DCP2	protein_coding	880	454	451	6.5720	1.9250	1.8537
ENSG00000172799.5	ZBTB8OSP2	processed_pseudogene	1	0	1	0.1685	0.0494	0.0475
ENSG00000172803.18	SNX32	protein_coding	486	5042	5860	10.9386	3.2041	3.0853
ENSG00000172809.13	RPL38	protein_coding	6959	3556	3529	154.3383	45.2081	43.5320
ENSG00000172817.4	CYP7B1	protein_coding	4476	2216	2261	50.3983	14.7624	14.2151
ENSG00000172818.10	OVOL1	protein_coding	0	1	1	0.0000	0.0000	0.0000
ENSG00000172819.17	RARG	protein_coding	1562	783	780	25.8720	7.5783	7.2973
ENSG00000172824.16	CES4A	protein_coding	7	3	9	0.1366	0.0400	0.0385
ENSG00000172828.13	CES3	protein_coding	1649	827	822	28.4160	8.3235	8.0149
ENSG00000172830.13	SSH3	protein_coding	1136	603	533	26.7155	7.8254	7.5353
ENSG00000172831.14	CES2	protein_coding	1069	627	627	16.9904	4.9768	4.7923
ENSG00000172840.7	PDP2	protein_coding	1682	817	866	17.3872	5.0930	4.9042
ENSG00000172845.17	SP3	protein_coding	3309	1681	1628	16.3155	4.7791	4.6019
ENSG00000172867.4	KRT2	protein_coding	0	0	0	0.0000	0.0000	0.0000
ENSG00000172869.14	DMXL1	protein_coding	2532	1322	1210	15.7177	4.6040	4.4333
ENSG00000172878.14	METAP1D	protein_coding	448	234	214	8.4731	2.4819	2.3899
ENSG00000172888.12	ZNF621	protein_coding	741	360	381	7.0363	2.0611	1.9846
ENSG00000172889.16	EGFL7	protein_coding	848	442	406	28.0860	8.2268	7.9218
ENSG00000172890.13	NADSYN1	protein_coding	2208	1085	1123	11.5295	3.3772	3.2520
ENSG00000172893.16	DHCR7	protein_coding	4952	2457	2495	102.0447	29.8905	28.7823
ENSG00000172900.12	ACTE1P	transcribed_unitary_pseudogene	0	0	0	0.0000	0.0000	0.0000
ENSG00000172901.20	LVRN	protein_coding	4	2	2	0.0512	0.0150	0.0144
ENSG00000172912.4	COX6B1P3	processed_pseudogene	1	0	1	0.3266	0.0957	0.0921
ENSG00000172915.18	NBEA	protein_coding	745	370	375	5.2946	1.5509	1.4934
ENSG00000172922.11	RNASEH2C	protein_coding	956	1362	1349	16.3282	4.7828	4.6055
ENSG00000172927.8	MYEOV	protein_coding	32	15	17	0.7252	0.2124	0.2046
ENSG00000172932.16	ANKRD13D	protein_coding	1505	758	747	21.6987	6.3559	6.1202
ENSG00000172935.9	MRGPRF	protein_coding	89	70	64	2.7797	0.8142	0.7840
ENSG00000172936.16	MYD88	protein_coding	2344	1193	1151	49.9006	14.6167	14.0748
ENSG00000172938.3	MRGPRD	protein_coding	0	0	0	0.0000	0.0000	0.0000
ENSG00000172939.9	OXSR1	protein_coding	1713	867	846	23.9612	7.0186	6.7584
ENSG00000172940.13	SLC22A13	protein_coding	1	1	0	0.0283	0.0083	0.0080
ENSG00000172943.20	PHF8	protein_coding	1470	713	758	13.4027	3.9259	3.7803
ENSG00000172954.14	LCLAT1	protein_coding	867	431	436	9.7946	2.8690	2.7626
ENSG00000172955.17	ADH6	protein_coding	29	20	20	0.5596	0.1639	0.1578
ENSG00000172965.17	MIR4435-2HG	lncRNA	1098	626	569	2.7239	0.7979	0.7683
ENSG00000172967.7	XKR3	protein_coding	0	0	0	0.0000	0.0000	0.0000
ENSG00000172969.7	FRG2C	protein_coding	0	0	0	0.0000	0.0000	0.0000
ENSG00000172971.7	UNC93B3	unprocessed_pseudogene	2	0	2	0.2472	0.0724	0.0697
ENSG00000172974.11	VDAC2P5	processed_pseudogene	59	76	86	5.6871	1.6658	1.6041
ENSG00000172977.13	KAT5	protein_coding	448	1077	1128	10.1941	2.9860	2.8753
ENSG00000172985.11	SH3RF3	protein_coding	122	66	56	1.7418	0.5102	0.4913
ENSG00000172986.13	GXYLT2	protein_coding	404	212	192	9.3152	2.7286	2.6274
ENSG00000172987.13	HPSE2	protein_coding	187	100	87	3.5920	1.0521	1.0131
ENSG00000172992.12	DCAKD	protein_coding	2173	1120	1057	65.1137	19.0728	18.3657
ENSG00000172995.16	ARPP21	protein_coding	565	272	293	4.7543	1.3926	1.3410
ENSG00000173011.12	TADA2B	protein_coding	1574	793	792	23.0655	6.7563	6.5058
ENSG00000173013.6	CCDC96	protein_coding	49	26	34	1.9327	0.5661	0.5451
ENSG00000173020.11	GRK2	protein_coding	4941	2456	2486	63.5553	18.6163	17.9261
ENSG00000173039.19	RELA	protein_coding	5305	2634	2672	82.5248	24.1728	23.2766
ENSG00000173040.13	EVC2	protein_coding	627	340	287	9.6792	2.8352	2.7301
ENSG00000173041.12	ZNF680	protein_coding	145	87	58	2.2143	0.6486	0.6245
ENSG00000173064.13	HECTD4	protein_coding	1538	759	790	6.0061	1.7593	1.6940
ENSG00000173065.13	FAM222B	protein_coding	2458	1325	1335	37.8554	11.0884	10.6773
ENSG00000173068.18	BNC2	protein_coding	1919	945	974	10.6351	3.1152	2.9997
ENSG00000173077.16	DELEC1	lncRNA	42	2704	2563	0.5363	0.1571	0.1513
ENSG00000173080.6	RXFP4	protein_coding	1	0	2	0.0586	0.0172	0.0165
ENSG00000173083.15	HPSE	protein_coding	856	432	424	15.5093	4.5429	4.3745
ENSG00000173085.15	COQ2	protein_coding	518	261	257	15.8575	4.6449	4.4727
ENSG00000173093.13	CCDC63	protein_coding	0	0	1	0.0000	0.0000	0.0000
ENSG00000173110.8	HSPA6	protein_coding	6225	3087	3138	224.4712	65.7511	63.3134
ENSG00000173113.7	TRMT112	protein_coding	5462	3422	3304	421.6686	123.5133	118.9341
ENSG00000173114.13	LRRN3	protein_coding	11	5	6	0.2411	0.0706	0.0680
ENSG00000173120.15	KDM2A	protein_coding	4970	2710	2732	40.6565	11.9089	11.4674
ENSG00000173124.14	ACSM6	protein_coding	1	0	2	0.0303	0.0089	0.0085
ENSG00000173137.12	ADCK5	protein_coding	407	206	214	12.6049	3.6922	3.5553
ENSG00000173141.5	MRPL57	protein_coding	1220	614	606	46.3963	13.5902	13.0863
ENSG00000173145.11	NOC3L	protein_coding	2343	1123	1220	44.5718	13.0558	12.5717
ENSG00000173153.17	ESRRA	protein_coding	1648	1454	1458	45.1302	13.2194	12.7293
ENSG00000173156.7	RHOD	protein_coding	27	11	16	1.8491	0.5416	0.5215
ENSG00000173157.17	ADAMTS20	protein_coding	1	0	1	0.0113	0.0033	0.0032
ENSG00000173163.10	COMMD1	protein_coding	1214	617	597	43.0993	12.6244	12.1564
ENSG00000173166.18	RAPH1	protein_coding	225	1330	1268	1.6440	0.4816	0.4637
ENSG00000173171.14	MTX1	protein_coding	566	277	311	14.6629	4.2950	4.1358
ENSG00000173175.15	ADCY5	protein_coding	12	4	10	0.1242	0.0364	0.0350
ENSG00000173193.15	PARP14	protein_coding	10932	5543	5389	90.3592	26.4676	25.4863
ENSG00000173198.6	CYSLTR1	protein_coding	80	39	41	1.2203	0.3575	0.3442
ENSG00000173200.13	PARP15	protein_coding	114	52	62	1.7663	0.5174	0.4982
ENSG00000173207.13	CKS1B	protein_coding	644	328	317	23.3713	6.8458	6.5920
ENSG00000173208.4	ABCD2	protein_coding	45	21	24	0.6075	0.1780	0.1714
ENSG00000173209.23	AHSA2P	transcribed_unitary_pseudogene	319	962	943	2.9825	0.8736	0.8412
ENSG00000173210.20	ABLIM3	protein_coding	4209	2252	2227	49.4713	14.4909	13.9537
ENSG00000173212.4	MAB21L3	protein_coding	4	1	3	0.1043	0.0306	0.0294
ENSG00000173213.9	TUBB8B	protein_coding	4	3	1	0.2080	0.0609	0.0587
ENSG00000173214.7	MFSD4B	protein_coding	233	129	105	1.0947	0.3207	0.3088
ENSG00000173218.15	VANGL1	protein_coding	2353	1140	1213	22.0915	6.4710	6.2310
ENSG00000173221.14	GLRX	protein_coding	459	225	234	6.2576	1.8329	1.7650
ENSG00000173226.17	IQCB1	protein_coding	652	331	321	18.1475	5.3157	5.1186
ENSG00000173227.14	SYT12	protein_coding	36	12	24	0.2769	0.0811	0.0781
ENSG00000173230.15	GOLGB1	protein_coding	7269	3796	3474	52.0259	15.2392	14.6742
ENSG00000173231.6	TERF1P1	processed_pseudogene	0	0	0	0.0000	0.0000	0.0000
ENSG00000173237.4	C11orf86	protein_coding	0	0	0	0.0000	0.0000	0.0000
ENSG00000173239.14	LIPM	protein_coding	1	5	4	0.0562	0.0165	0.0159
ENSG00000173250.2	GPR151	protein_coding	2	0	2	0.0550	0.0161	0.0155
ENSG00000173253.15	DMRT2	protein_coding	4	2	2	0.0954	0.0279	0.0269
ENSG00000173258.13	ZNF483	protein_coding	371	172	211	1.8840	0.5518	0.5314
ENSG00000173261.9	PLAC8L1	protein_coding	11	3	11	0.4823	0.1413	0.1360
ENSG00000173262.12	SLC2A14	protein_coding	3	1	2	0.0457	0.0134	0.0129
ENSG00000173264.15	GPR137	protein_coding	1881	1568	1632	39.5189	11.5757	11.1465
ENSG00000173267.14	SNCG	protein_coding	60	34	26	4.0310	1.1808	1.1370
ENSG00000173269.14	MMRN2	protein_coding	831	403	428	13.8751	4.0642	3.9136
ENSG00000173272.16	MZT2A	protein_coding	1051	594	465	21.9399	6.4265	6.1883
ENSG00000173273.16	TNKS	protein_coding	4137	2170	2115	24.7615	7.2530	6.9841
ENSG00000173275.13	ZNF449	protein_coding	395	201	194	5.9996	1.7574	1.6922
ENSG00000173276.14	ZBTB21	protein_coding	2362	1211	1194	24.8799	7.2877	7.0175
ENSG00000173281.5	PPP1R3B	protein_coding	3148	1712	1579	46.5893	13.6467	13.1408
ENSG00000173285.4	OR10K1	protein_coding	0	0	0	0.0000	0.0000	0.0000
ENSG00000173295.7	FAM86B3P	transcribed_unprocessed_pseudogene	39	38	30	0.6801	0.1992	0.1918
ENSG00000173302.5	GPR148	protein_coding	0	0	0	0.0000	0.0000	0.0000
ENSG00000173320.12	STOX2	protein_coding	1217	614	603	9.0935	2.6636	2.5649
ENSG00000173327.8	MAP3K11	protein_coding	10157	5147	5012	81.6564	23.9185	23.0317
ENSG00000173334.4	TRIB1	protein_coding	8689	4384	4305	180.0131	52.7287	50.7738
ENSG00000173335.5	CST9	protein_coding	1	1	0	0.0520	0.0152	0.0147
ENSG00000173338.13	KCNK7	protein_coding	17	10	7	0.9125	0.2673	0.2574
ENSG00000173349.6	SFT2D3	protein_coding	0	184	186	0.0000	0.0000	0.0000
ENSG00000173357.12	AC007967.1	transcribed_unprocessed_pseudogene	0	0	0	0.0000	0.0000	0.0000
ENSG00000173366.11	AC097637.1	protein_coding	0	0	0	0.0000	0.0000	0.0000
ENSG00000173369.17	C1QB	protein_coding	6755	3374	3383	384.4756	112.6189	108.4436
ENSG00000173372.17	C1QA	protein_coding	6324	3137	3187	440.1942	128.9398	124.1594
ENSG00000173376.14	NDNF	protein_coding	12	7	5	0.2852	0.0835	0.0804
ENSG00000173389.16	IQCF1	protein_coding	0	0	0	0.0000	0.0000	0.0000
ENSG00000173391.9	OLR1	protein_coding	346	172	174	9.6115	2.8154	2.7110
ENSG00000173401.10	GLIPR1L1	protein_coding	11	5	7	0.6904	0.2022	0.1947
ENSG00000173402.12	DAG1	protein_coding	13194	6685	6516	161.8900	47.4201	45.6620
ENSG00000173404.5	INSM1	protein_coding	2	0	2	0.0597	0.0175	0.0168
ENSG00000173406.16	DAB1	protein_coding	0	0	0	0.0000	0.0000	0.0000
ENSG00000173409.14	ARV1	protein_coding	866	438	428	34.6076	10.1371	9.7613
ENSG00000173418.12	NAA20	protein_coding	2463	1250	1213	95.8566	28.0779	27.0369
ENSG00000173421.17	IHO1	protein_coding	6	5	1	0.1176	0.0344	0.0332
ENSG00000173431.2	RNASE8	protein_coding	0	0	0	0.0000	0.0000	0.0000
ENSG00000173432.12	SAA1	protein_coding	5	0	5	0.5980	0.1752	0.1687
ENSG00000173436.15	MICOS10	protein_coding	127	67	66	1.9680	0.5765	0.5551
ENSG00000173442.13	EHBP1L1	protein_coding	2647	1359	1290	33.3855	9.7791	9.4166
ENSG00000173451.7	THAP2	protein_coding	339	154	185	5.4939	1.6092	1.5496
ENSG00000173452.14	TMEM196	protein_coding	1	1	0	0.0199	0.0058	0.0056
ENSG00000173456.5	RNF26	protein_coding	714	526	545	21.7870	6.3818	6.1451
ENSG00000173457.11	PPP1R14B	protein_coding	2811	1462	1402	143.9755	42.1727	40.6091
ENSG00000173464.14	RNASE11	protein_coding	0	0	0	0.0000	0.0000	0.0000
ENSG00000173465.8	ZNRD2	protein_coding	796	386	417	34.1743	10.0102	9.6390
ENSG00000173467.9	AGR3	protein_coding	0	0	0	0.0000	0.0000	0.0000
ENSG00000173473.11	SMARCC1	protein_coding	3311	1638	1673	36.8798	10.8027	10.4022
ENSG00000173480.11	ZNF417	protein_coding	148	86	62	2.3822	0.6978	0.6719
ENSG00000173482.17	PTPRM	protein_coding	4276	2207	2154	36.6788	10.7438	10.3455
ENSG00000173486.14	FKBP2	protein_coding	1	1	0	0.0611	0.0179	0.0172
ENSG00000173511.10	VEGFB	protein_coding	7626	3822	3804	328.7327	96.2909	92.7210
ENSG00000173517.10	PEAK1	protein_coding	3794	1852	1943	13.3224	3.9023	3.7577
ENSG00000173530.6	TNFRSF10D	protein_coding	50	26	24	1.2011	0.3518	0.3388
ENSG00000173531.15	MST1	protein_coding	40	22	26	0.6681	0.1957	0.1885
ENSG00000173535.15	TNFRSF10C	protein_coding	28	15	14	1.5390	0.4508	0.4341
ENSG00000173540.14	GMPPB	protein_coding	914	666	755	11.6281	3.4060	3.2798
ENSG00000173542.9	MOB1B	protein_coding	5341	2611	2730	51.5351	15.0954	14.5358
ENSG00000173545.5	ZNF622	protein_coding	2057	1011	1046	102.3324	29.9748	28.8634
ENSG00000173546.7	CSPG4	protein_coding	50355	28308	28142	515.8226	151.0925	145.4908
ENSG00000173548.9	SNX33	protein_coding	2903	1575	1590	30.8078	9.0241	8.6895
ENSG00000173557.15	FAM166C	protein_coding	171	88	83	5.7993	1.6987	1.6357
ENSG00000173559.14	NABP1	protein_coding	1476	729	747	7.1928	2.1069	2.0288
ENSG00000173567.15	ADGRF3	protein_coding	4	42	33	0.0590	0.0173	0.0166
ENSG00000173572.11	NLRP13	protein_coding	1	0	2	0.0237	0.0069	0.0067
ENSG00000173575.22	CHD2	protein_coding	2293	1123	1170	11.4874	3.3648	3.2401
ENSG00000173578.8	XCR1	protein_coding	73	30	43	1.2002	0.3516	0.3385
ENSG00000173581.8	CCDC106	protein_coding	452	220	232	14.1691	4.1503	3.9965
ENSG00000173585.16	CCR9	protein_coding	2	1	1	0.0605	0.0177	0.0171
ENSG00000173588.15	CEP83	protein_coding	283	616	621	3.4714	1.0168	0.9791
ENSG00000173597.9	SULT1B1	protein_coding	7	3	4	0.0819	0.0240	0.0231
ENSG00000173598.14	NUDT4	protein_coding	1198	638	634	10.0947	2.9569	2.8473
ENSG00000173599.15	PC	protein_coding	4943	2542	2577	57.4859	16.8385	16.2142
ENSG00000173610.12	UGT2A1	protein_coding	0	0	0	0.0000	0.0000	0.0000
ENSG00000173611.18	SCAI	protein_coding	446	241	205	2.9054	0.8510	0.8195
ENSG00000173612.10	GPRC6A	protein_coding	0	0	0	0.0000	0.0000	0.0000
ENSG00000173614.14	NMNAT1	protein_coding	537	258	279	9.8920	2.8975	2.7901
ENSG00000173621.9	LRFN4	protein_coding	170	163	183	4.6765	1.3698	1.3190
ENSG00000173626.10	TRAPPC3L	protein_coding	0	3	8	0.0000	0.0000	0.0000
ENSG00000173627.8	APOBEC4	protein_coding	1	0	1	0.0305	0.0089	0.0086
ENSG00000173638.19	SLC19A1	protein_coding	1387	3011	3034	10.4837	3.0708	2.9570
ENSG00000173641.18	HSPB7	protein_coding	5	3	2	0.1330	0.0390	0.0375
ENSG00000173653.8	RCE1	protein_coding	353	182	171	9.9890	2.9259	2.8174
ENSG00000173660.12	UQCRH	protein_coding	4087	2050	2041	258.8142	75.8107	73.0001
ENSG00000173662.21	TAS1R1	protein_coding	0	0	0	0.0000	0.0000	0.0000
ENSG00000173673.8	HES3	protein_coding	0	0	0	0.0000	0.0000	0.0000
ENSG00000173674.11	EIF1AX	protein_coding	2637	1327	1310	50.7329	14.8605	14.3095
ENSG00000173678.14	SPDYE2B	protein_coding	0	0	0	0.0000	0.0000	0.0000
ENSG00000173679.2	OR1L1	protein_coding	0	0	0	0.0000	0.0000	0.0000
ENSG00000173681.16	BCLAF3	protein_coding	434	219	215	4.2706	1.2509	1.2046
ENSG00000173692.14	PSMD1	protein_coding	7747	3856	3929	41.6511	12.2003	11.7479
ENSG00000173698.18	ADGRG2	protein_coding	36	14	22	0.3010	0.0882	0.0849
ENSG00000173699.16	SPATA3	protein_coding	0	0	0	0.0000	0.0000	0.0000
ENSG00000173702.7	MUC13	protein_coding	2	1	1	0.0485	0.0142	0.0137
ENSG00000173705.9	SUSD5	protein_coding	11	7	4	0.2030	0.0595	0.0573
ENSG00000173706.14	HEG1	protein_coding	4574	2285	2289	38.9830	11.4187	10.9954
ENSG00000173714.8	WFIKKN2	protein_coding	0	0	0	0.0000	0.0000	0.0000
ENSG00000173715.18	C11orf80	protein_coding	514	251	271	11.0420	3.2344	3.1145
ENSG00000173726.11	TOMM20	protein_coding	6769	3378	3391	167.1979	48.9749	47.1592
ENSG00000173727.12	AP000769.1	transcribed_unprocessed_pseudogene	180	83	97	8.6262	2.5268	2.4331
ENSG00000173728.11	C1orf100	protein_coding	1	0	1	0.0738	0.0216	0.0208
ENSG00000173744.18	AGFG1	protein_coding	3753	1899	1855	34.1813	10.0122	9.6410
ENSG00000173757.10	STAT5B	protein_coding	3607	1774	1840	47.5781	13.9364	13.4197
ENSG00000173762.8	CD7	protein_coding	466	230	236	14.4374	4.2289	4.0722
ENSG00000173769.4	TOPAZ1	protein_coding	0	0	0	0.0000	0.0000	0.0000
ENSG00000173786.17	CNP	protein_coding	20251	10691	10646	231.9876	67.9528	65.4335
ENSG00000173801.17	JUP	protein_coding	1168	574	595	20.0702	5.8789	5.6609
ENSG00000173805.16	HAP1	protein_coding	1	0	1	0.0136	0.0040	0.0038
ENSG00000173809.18	TDRD12	protein_coding	0	0	0	0.0000	0.0000	0.0000
ENSG00000173810.9	PPIAP7	processed_pseudogene	2	1	1	0.3473	0.1017	0.0980
ENSG00000173811.11	CCDC13-AS1	lncRNA	31	31	27	1.1108	0.3254	0.3133
ENSG00000173812.11	EIF1	protein_coding	33618	17256	16367	787.9811	230.8120	222.2547
ENSG00000173818.17	ENDOV	protein_coding	431	205	227	5.0463	1.4781	1.4233
ENSG00000173821.19	RNF213	protein_coding	21063	11166	11326	62.6069	18.3385	17.6586
ENSG00000173825.7	TIGD3	protein_coding	27	15	12	1.1306	0.3312	0.3189
ENSG00000173826.15	KCNH6	protein_coding	1	1	0	0.0202	0.0059	0.0057
ENSG00000173838.12	MARCHF10	protein_coding	6	15	18	0.1036	0.0303	0.0292
ENSG00000173846.13	PLK3	protein_coding	4103	2158	2159	104.7276	30.6763	29.5390
ENSG00000173848.19	NET1	protein_coding	1191	573	618	21.2390	6.2212	5.9906
ENSG00000173852.15	DPY19L1	protein_coding	3860	1929	1931	52.5478	15.3921	14.8214
ENSG00000173862.3	AC008080.1	lncRNA	0	0	0	0.0000	0.0000	0.0000
ENSG00000173867.10	AC013489.1	protein_coding	1	0	1	0.0260	0.0076	0.0073
ENSG00000173868.12	PHOSPHO1	protein_coding	17	7	10	0.6035	0.1768	0.1702
ENSG00000173875.14	ZNF791	protein_coding	1159	573	587	14.8182	4.3405	4.1796
ENSG00000173889.16	PHC3	protein_coding	2110	1092	1018	10.5906	3.1021	2.9871
ENSG00000173890.17	GPR160	protein_coding	339	180	159	6.5711	1.9248	1.8534
ENSG00000173894.11	CBX2	protein_coding	349	172	180	5.2261	1.5308	1.4741
ENSG00000173898.14	SPTBN2	protein_coding	987	489	499	6.5364	1.9146	1.8436
ENSG00000173905.9	GOLIM4	protein_coding	5989	3040	2949	110.9486	32.4986	31.2937
ENSG00000173908.9	KRT28	protein_coding	0	0	0	0.0000	0.0000	0.0000
ENSG00000173914.12	RBM4B	protein_coding	785	434	419	15.5354	4.5506	4.3819
ENSG00000173915.16	ATP5MD	protein_coding	1453	741	824	133.5383	39.1155	37.6653
ENSG00000173917.10	HOXB2	protein_coding	53	40	25	1.9267	0.5644	0.5434
ENSG00000173918.15	C1QTNF1	protein_coding	8673	4423	4250	154.8928	45.3705	43.6884
ENSG00000173926.6	MARCHF3	protein_coding	1117	539	578	19.2445	5.6370	5.4280
ENSG00000173928.4	SWSAP1	protein_coding	78	62	66	3.8895	1.1393	1.0971
ENSG00000173930.9	SLCO4C1	protein_coding	6	2	4	0.1005	0.0294	0.0284
ENSG00000173933.21	RBM4	protein_coding	225	141	146	2.9225	0.8560	0.8243
ENSG00000173947.14	PIFO	protein_coding	34	16	18	0.7311	0.2142	0.2062
ENSG00000173950.16	XXYLT1	protein_coding	513	271	242	8.0734	2.3648	2.2772
ENSG00000173954.8	SNURFL	processed_pseudogene	0	0	0	0.0000	0.0000	0.0000
ENSG00000173960.14	UBXN2A	protein_coding	2220	1092	1128	27.5700	8.0757	7.7763
ENSG00000173966.7	AC095040.1	processed_pseudogene	0	0	0	0.0000	0.0000	0.0000
ENSG00000173976.16	RAX2	protein_coding	0	0	0	0.0000	0.0000	0.0000
ENSG00000173988.13	LRRC63	protein_coding	48	24	24	0.5598	0.1640	0.1579
ENSG00000173991.6	TCAP	protein_coding	7	5	2	0.6192	0.1814	0.1747
ENSG00000173992.9	CCS	protein_coding	1238	634	604	49.0810	14.3766	13.8436
ENSG00000174004.6	NRROS	protein_coding	2423	1254	1169	70.9036	20.7688	19.9988
ENSG00000174007.9	CEP19	protein_coding	341	178	163	13.4188	3.9306	3.7849
ENSG00000174010.9	KLHL15	protein_coding	512	238	274	6.9323	2.0306	1.9553
ENSG00000174013.8	FBXO45	protein_coding	949	486	464	13.4855	3.9501	3.8037
ENSG00000174015.10	CBY2	protein_coding	0	0	0	0.0000	0.0000	0.0000
ENSG00000174016.11	TENT5D	protein_coding	4	1	3	0.1060	0.0311	0.0299
ENSG00000174021.11	GNG5	protein_coding	128	81	71	9.6364	2.8226	2.7180
ENSG00000174028.6	FAM3C2P	processed_pseudogene	258	125	133	32.1725	9.4238	9.0744
ENSG00000174032.17	SLC25A30	protein_coding	1135	608	577	14.1867	4.1555	4.0015
ENSG00000174038.13	C9orf131	protein_coding	2	1	3	0.0444	0.0130	0.0125
ENSG00000174059.17	CD34	protein_coding	1382	694	688	12.7302	3.7289	3.5906
ENSG00000174080.12	CTSF	protein_coding	1975	970	1006	39.4723	11.5621	11.1334
ENSG00000174099.12	MSRB3	protein_coding	756	418	423	8.6698	2.5395	2.4454
ENSG00000174106.3	LEMD3	protein_coding	1546	771	775	23.5366	6.8942	6.6386
ENSG00000174109.5	C16orf91	protein_coding	356	177	180	30.0813	8.8113	8.4846
ENSG00000174123.11	TLR10	protein_coding	57	28	29	1.1476	0.3361	0.3237
ENSG00000174125.8	TLR1	protein_coding	342	177	165	6.4013	1.8750	1.8055
ENSG00000174130.12	TLR6	protein_coding	372	194	179	5.2345	1.5333	1.4764
ENSG00000174132.9	FAM174A	protein_coding	1005	512	493	63.3594	18.5589	17.8709
ENSG00000174136.13	RGMB	protein_coding	1962	3336	3389	25.0811	7.3467	7.0743
ENSG00000174137.13	FAM53A	protein_coding	92	45	48	1.8610	0.5451	0.5249
ENSG00000174145.8	NWD2	protein_coding	0	0	0	0.0000	0.0000	0.0000
ENSG00000174151.15	CYB561D1	protein_coding	611	315	296	9.1189	2.6711	2.5720
ENSG00000174156.15	GSTA3	protein_coding	0	0	0	0.0000	0.0000	0.0000
ENSG00000174165.8	ZDHHC24	protein_coding	1083	633	631	14.0733	4.1223	3.9694
ENSG00000174171.6	AC020659.1	lncRNA	5	1376	1305	0.0629	0.0184	0.0177
ENSG00000174173.7	TRMT10C	protein_coding	1156	580	577	52.1615	15.2789	14.7125
ENSG00000174175.17	SELP	protein_coding	637	314	323	15.4998	4.5401	4.3718
ENSG00000174177.13	CTU2	protein_coding	801	506	514	19.3133	5.6572	5.4474
ENSG00000174197.16	MGA	protein_coding	2106	1077	1054	10.1321	2.9679	2.8578
ENSG00000174206.13	C12orf66	protein_coding	922	457	465	13.0451	3.8211	3.6794
ENSG00000174225.15	ARL13A	protein_coding	3	3	3	0.1658	0.0486	0.0468
ENSG00000174226.9	SNX31	protein_coding	1	0	1	0.0270	0.0079	0.0076
ENSG00000174227.16	PIGG	protein_coding	1578	768	810	12.2951	3.6014	3.4679
ENSG00000174231.17	PRPF8	protein_coding	20508	10304	10381	153.5757	44.9847	43.3169
ENSG00000174233.11	ADCY6	protein_coding	2118	1405	1404	21.3866	6.2645	6.0322
ENSG00000174236.4	REP15	protein_coding	15	57	50	1.1077	0.3245	0.3124
ENSG00000174238.15	PITPNA	protein_coding	4469	2415	2338	79.7289	23.3538	22.4880
ENSG00000174243.10	DDX23	protein_coding	4915	2546	2369	76.9088	22.5278	21.6926
ENSG00000174255.8	ZNF80	protein_coding	5	5	3	0.1440	0.0422	0.0406
ENSG00000174276.7	ZNHIT2	protein_coding	250	171	163	16.3434	4.7872	4.6098
ENSG00000174279.4	EVX2	protein_coding	0	0	0	0.0000	0.0000	0.0000
ENSG00000174282.12	ZBTB4	protein_coding	6727	3381	3351	93.1604	27.2882	26.2765
ENSG00000174292.12	TNK1	protein_coding	72	35	47	1.5840	0.4640	0.4468
ENSG00000174306.21	ZHX3	protein_coding	5510	2911	2863	40.2643	11.7941	11.3568
ENSG00000174307.7	PHLDA3	protein_coding	12950	6504	6446	339.1057	99.3294	95.6468
ENSG00000174325.6	DIRC1	lncRNA	4	1	3	0.3276	0.0959	0.0924
ENSG00000174326.14	SLC16A11	protein_coding	7	4	4	0.2578	0.0755	0.0727
ENSG00000174327.7	SLC16A13	protein_coding	120	63	57	4.7552	1.3929	1.3412
ENSG00000174332.5	GLIS1	protein_coding	3	3	0	0.0818	0.0240	0.0231
ENSG00000174339.2	OR2Y1	protein_coding	0	0	0	0.0000	0.0000	0.0000
ENSG00000174343.6	CHRNA9	protein_coding	3	2	1	0.0805	0.0236	0.0227
ENSG00000174348.14	PODN	protein_coding	1387	888	908	24.0426	7.0425	6.7814
ENSG00000174353.17	STAG3L3	transcribed_unprocessed_pseudogene	29	33	25	0.6758	0.1980	0.1906
ENSG00000174358.16	SLC6A19	protein_coding	0	0	0	0.0000	0.0000	0.0000
ENSG00000174365.20	SNHG11	lncRNA	176	92	84	3.3030	0.9675	0.9316
ENSG00000174370.11	C11orf45	protein_coding	137	73	64	3.1024	0.9087	0.8751
ENSG00000174371.17	EXO1	protein_coding	545	284	261	11.1872	3.2769	3.1554
ENSG00000174373.16	RALGAPA1	protein_coding	880	451	429	5.2413	1.5352	1.4783
ENSG00000174384.9	PMS2P6	unprocessed_pseudogene	0	0	0	0.0000	0.0000	0.0000
ENSG00000174403.16	MIR1-1HG-AS1	lncRNA	0	0	0	0.0000	0.0000	0.0000
ENSG00000174405.14	LIG4	protein_coding	327	151	176	6.3284	1.8537	1.7850
ENSG00000174407.13	MIR1-1HG	lncRNA	0	0	0	0.0000	0.0000	0.0000
ENSG00000174408.8	PPIAP24	processed_pseudogene	1	0	1	0.1803	0.0528	0.0509
ENSG00000174417.3	TRHR	protein_coding	0	0	0	0.0000	0.0000	0.0000
ENSG00000174418.7	RPL35P9	processed_pseudogene	0	0	0	0.0000	0.0000	0.0000
ENSG00000174428.18	GTF2IRD2B	protein_coding	101	47	56	1.3075	0.3830	0.3688
ENSG00000174429.4	ABRA	protein_coding	0	0	0	0.0000	0.0000	0.0000
ENSG00000174437.17	ATP2A2	protein_coding	16310	8302	8011	100.7677	29.5164	28.4221
ENSG00000174442.12	ZWILCH	protein_coding	806	650	632	14.1096	4.1329	3.9797
ENSG00000174444.15	RPL4	protein_coding	40080	19059	21063	606.8125	177.7449	171.1550
ENSG00000174446.13	SNAPC5	protein_coding	965	487	478	33.0970	9.6946	9.3352
ENSG00000174448.8	STARD6	protein_coding	0	0	0	0.0000	0.0000	0.0000
ENSG00000174450.12	GOLGA6L2	protein_coding	0	0	0	0.0000	0.0000	0.0000
ENSG00000174453.10	VWC2L	protein_coding	1	1	0	0.0162	0.0047	0.0046
ENSG00000174456.15	C12orf76	protein_coding	153	208	220	2.5672	0.7520	0.7241
ENSG00000174460.4	ZCCHC12	protein_coding	2	0	2	0.0773	0.0226	0.0218
ENSG00000174469.23	CNTNAP2	protein_coding	77	33	44	0.3993	0.1170	0.1126
ENSG00000174473.16	GALNTL6	protein_coding	4	0	4	0.0368	0.0108	0.0104
ENSG00000174482.10	LINGO2	protein_coding	361	199	162	8.8093	2.5804	2.4847
ENSG00000174483.20	BBS1	protein_coding	7	49	44	0.0970	0.0284	0.0273
ENSG00000174485.16	DENND4A	protein_coding	1514	815	806	12.1029	3.5451	3.4137
ENSG00000174495.12	PPIAP80	processed_pseudogene	1	1	0	0.1733	0.0508	0.0489
ENSG00000174498.14	IGDCC3	protein_coding	0	0	0	0.0000	0.0000	0.0000
ENSG00000174500.13	GCSAM	protein_coding	42	25	23	0.9511	0.2786	0.2683
ENSG00000174501.14	ANKRD36C	protein_coding	117	61	56	1.1588	0.3394	0.3269
ENSG00000174502.19	SLC26A9	protein_coding	4	1	5	0.0604	0.0177	0.0170
ENSG00000174514.13	MFSD4A	protein_coding	143	99	75	2.0973	0.6143	0.5916
ENSG00000174516.15	PELI3	protein_coding	657	397	408	14.2111	4.1627	4.0083
ENSG00000174521.7	TTC9B	protein_coding	12	3	10	0.4351	0.1275	0.1227
ENSG00000174527.10	MYO1H	protein_coding	1	1	4	0.0177	0.0052	0.0050
ENSG00000174529.7	TMEM81	protein_coding	61	21	40	3.8890	1.1391	1.0969
ENSG00000174547.13	MRPL11	protein_coding	1234	593	641	41.2729	12.0895	11.6413
ENSG00000174562.13	KLK15	protein_coding	0	0	0	0.0000	0.0000	0.0000
ENSG00000174564.13	IL20RB	protein_coding	28	18	14	0.9733	0.2851	0.2745
ENSG00000174567.8	GOLT1A	protein_coding	6	2	4	0.4952	0.1450	0.1397
ENSG00000174572.3	RPL10P2	processed_pseudogene	7	6	1	0.8872	0.2599	0.2502
ENSG00000174574.16	AKIRIN1	protein_coding	2739	1353	1386	86.5317	25.3465	24.4068
ENSG00000174576.10	NPAS4	protein_coding	0	0	1	0.0000	0.0000	0.0000
ENSG00000174579.4	MSL2	protein_coding	1207	590	617	18.9427	5.5486	5.3429
ENSG00000174586.11	ZNF497	protein_coding	16	178	174	0.3487	0.1021	0.0983
ENSG00000174599.5	TRAM1L1	protein_coding	97	51	46	4.0718	1.1927	1.1485
ENSG00000174600.14	CMKLR1	protein_coding	782	382	401	11.7204	3.4331	3.3058
ENSG00000174606.14	ANGEL2	protein_coding	1475	731	744	17.1187	5.0143	4.8284
ENSG00000174607.11	UGT8	protein_coding	1250	639	611	24.2077	7.0908	6.8279
ENSG00000174611.12	KY	protein_coding	0	0	1	0.0000	0.0000	0.0000
ENSG00000174628.16	IQCK	protein_coding	46	126	138	0.7824	0.2292	0.2207
ENSG00000174640.15	SLCO2A1	protein_coding	1489	744	745	24.6629	7.2241	6.9563
ENSG00000174652.19	ZNF266	protein_coding	674	341	333	10.6052	3.1064	2.9913
ENSG00000174667.4	OR7D4	protein_coding	1	1	0	0.0170	0.0050	0.0048
ENSG00000174669.12	SLC29A2	protein_coding	70	48	49	2.1855	0.6402	0.6164
ENSG00000174672.16	BRSK2	protein_coding	151	88	64	1.8576	0.5441	0.5239
ENSG00000174677.4	VN1R6P	unitary_pseudogene	0	0	0	0.0000	0.0000	0.0000
ENSG00000174678.9	FAM47DP	processed_pseudogene	0	0	0	0.0000	0.0000	0.0000
ENSG00000174680.10	GRIK1-AS1	lncRNA	0	0	0	0.0000	0.0000	0.0000
ENSG00000174684.7	B4GAT1	protein_coding	2395	1166	1230	101.3376	29.6834	28.5829
ENSG00000174695.10	TMEM167A	protein_coding	6663	3284	3379	116.3052	34.0676	32.8046
ENSG00000174697.5	LEP	protein_coding	1	1	0	0.0248	0.0073	0.0070
ENSG00000174705.13	SH3PXD2B	protein_coding	7782	3890	3892	80.1614	23.4805	22.6100
ENSG00000174715.7	PPIAP72	processed_pseudogene	3	1	2	0.5055	0.1481	0.1426
ENSG00000174718.12	RESF1	protein_coding	2203	1126	1077	28.1492	8.2453	7.9397
ENSG00000174720.16	LARP7	protein_coding	1382	916	1012	29.3694	8.6028	8.2838
ENSG00000174721.10	FGFBP3	protein_coding	40	40	32	1.3305	0.3897	0.3753
ENSG00000174738.13	NR1D2	protein_coding	466	236	230	6.8312	2.0010	1.9268
ENSG00000174740.8	PABPC5	protein_coding	162	85	77	3.9876	1.1680	1.1247
ENSG00000174744.14	BRMS1	protein_coding	2316	1172	1145	78.2322	22.9154	22.0659
ENSG00000174748.22	RPL15	protein_coding	12540	6225	6361	149.1251	43.6811	42.0616
ENSG00000174749.6	FAM241A	protein_coding	192	93	99	1.8436	0.5400	0.5200
ENSG00000174775.17	HRAS	protein_coding	764	385	380	34.5102	10.1086	9.7338
ENSG00000174776.11	WDR49	protein_coding	64	35	29	1.3968	0.4091	0.3940
ENSG00000174780.17	SRP72	protein_coding	6051	3009	3042	83.6214	24.4940	23.5859
ENSG00000174788.10	PCP2	protein_coding	1	5	1	0.1103	0.0323	0.0311
ENSG00000174791.11	RIN1	protein_coding	518	307	270	8.1809	2.3963	2.3075
ENSG00000174792.11	ODAPH	protein_coding	1	0	1	0.0416	0.0122	0.0117
ENSG00000174796.12	THAP6	protein_coding	837	469	481	9.9731	2.9213	2.8130
ENSG00000174799.11	CEP135	protein_coding	514	253	261	5.0531	1.4801	1.4253
ENSG00000174804.4	FZD4	protein_coding	541	418	393	6.2193	1.8217	1.7542
ENSG00000174807.4	CD248	protein_coding	1582	801	782	52.6633	15.4259	14.8540
ENSG00000174808.12	BTC	protein_coding	3	2	1	0.0960	0.0281	0.0271
ENSG00000174827.14	PDZK1	protein_coding	2	0	2	0.0685	0.0201	0.0193
ENSG00000174837.15	ADGRE1	protein_coding	38	19	19	0.8705	0.2550	0.2455
ENSG00000174839.13	DENND6A	protein_coding	495	289	243	8.2181	2.4072	2.3180
ENSG00000174840.9	PDE12	protein_coding	1265	617	648	11.9987	3.5146	3.3843
ENSG00000174842.17	GLMN	protein_coding	155	80	76	4.5233	1.3249	1.2758
ENSG00000174844.14	DNAH12	protein_coding	10	5	5	0.0640	0.0187	0.0180
ENSG00000174851.16	YIF1A	protein_coding	3019	1499	1523	109.3283	32.0240	30.8367
ENSG00000174871.11	CNIH2	protein_coding	34	18	20	1.3895	0.4070	0.3919
ENSG00000174876.16	AMY1B	protein_coding	0	0	0	0.0000	0.0000	0.0000
ENSG00000174885.13	NLRP6	protein_coding	20	9	11	0.5317	0.1558	0.1500
ENSG00000174886.14	NDUFA11	protein_coding	114	57	57	2.0006	0.5860	0.5643
ENSG00000174891.13	RSRC1	protein_coding	1093	686	696	18.1392	5.3132	5.1163
ENSG00000174898.16	CATSPERD	protein_coding	0	0	0	0.0000	0.0000	0.0000
ENSG00000174899.12	SLC66A1L	transcribed_unitary_pseudogene	1107	546	561	28.1711	8.2518	7.9458
ENSG00000174903.16	RAB1B	protein_coding	2771	4428	4434	120.6741	35.3473	34.0368
ENSG00000174912.7	METTL15P1	processed_pseudogene	12	5	7	0.9752	0.2856	0.2751
ENSG00000174914.3	OR9G1	protein_coding	0	0	0	0.0000	0.0000	0.0000
ENSG00000174915.12	PTDSS2	protein_coding	656	320	338	9.1115	2.6689	2.5700
ENSG00000174917.9	MICOS13	protein_coding	2253	1101	1172	129.8004	38.0206	36.6110
ENSG00000174928.16	C3orf33	protein_coding	52	19	34	2.1426	0.6276	0.6043
ENSG00000174930.4	VN2R1P	unitary_pseudogene	1	1	0	0.0487	0.0143	0.0137
ENSG00000174937.5	OR5M3	protein_coding	0	0	0	0.0000	0.0000	0.0000
ENSG00000174938.14	SEZ6L2	protein_coding	7963	3977	3988	164.5308	48.1936	46.4069
ENSG00000174939.11	ASPHD1	protein_coding	511	257	273	18.7692	5.4978	5.2940
ENSG00000174943.11	KCTD13	protein_coding	1129	552	597	14.8460	4.3486	4.1874
ENSG00000174944.9	P2RY14	protein_coding	50	19	31	1.4692	0.4304	0.4144
ENSG00000174945.13	AMZ1	protein_coding	19	7	12	0.2301	0.0674	0.0649
ENSG00000174946.7	GPR171	protein_coding	112	53	59	5.2547	1.5392	1.4821
ENSG00000174948.6	GPR149	protein_coding	0	0	0	0.0000	0.0000	0.0000
ENSG00000174950.11	CD164L2	protein_coding	35	22	13	1.4906	0.4366	0.4204
ENSG00000174951.11	FUT1	protein_coding	285	137	149	5.5727	1.6323	1.5718
ENSG00000174953.14	DHX36	protein_coding	3988	2036	1952	32.0946	9.4010	9.0525
ENSG00000174957.1	OR5J2	protein_coding	0	0	0	0.0000	0.0000	0.0000
ENSG00000174963.18	ZIC4	protein_coding	65	45	41	0.6481	0.1898	0.1828
ENSG00000174970.5	OR10AG1	protein_coding	0	0	0	0.0000	0.0000	0.0000
ENSG00000174977.8	AC026271.1	processed_pseudogene	108	62	46	6.8037	1.9929	1.9190
ENSG00000174982.4	OR4S2	protein_coding	0	0	0	0.0000	0.0000	0.0000
ENSG00000174989.13	FBXW8	protein_coding	650	386	361	10.5967	3.1039	2.9889
ENSG00000174990.8	CA5A	protein_coding	1	1	0	0.0411	0.0120	0.0116
ENSG00000174992.8	ZG16	protein_coding	0	0	0	0.0000	0.0000	0.0000
ENSG00000174996.12	KLC2	protein_coding	1656	1034	1049	25.6668	7.5182	7.2395
ENSG00000175003.15	SLC22A1	protein_coding	11	9	2	0.4086	0.1197	0.1153
ENSG00000175018.13	TEX36	protein_coding	0	0	0	0.0000	0.0000	0.0000
ENSG00000175029.17	CTBP2	protein_coding	4346	3194	3036	33.3814	9.7779	9.4154
ENSG00000175040.6	CHST2	protein_coding	659	352	307	13.5110	3.9576	3.8109
ENSG00000175048.17	ZDHHC14	protein_coding	957	430	527	7.3005	2.1384	2.0591
ENSG00000175054.16	ATR	protein_coding	2259	1194	1109	7.0440	2.0633	1.9868
ENSG00000175061.18	SNHG29	lncRNA	6049	6129	5702	71.5836	20.9680	20.1906
ENSG00000175063.17	UBE2C	protein_coding	927	464	463	61.2140	17.9306	17.2658
ENSG00000175065.12	DSG4	protein_coding	0	0	0	0.0000	0.0000	0.0000
ENSG00000175066.16	GK5	protein_coding	556	278	278	3.8883	1.1389	1.0967
ENSG00000175073.8	VCPIP1	protein_coding	2460	1252	1208	20.9828	6.1462	5.9183
ENSG00000175077.6	RTP1	protein_coding	0	0	0	0.0000	0.0000	0.0000
ENSG00000175084.12	DES	protein_coding	7	3	5	0.2417	0.0708	0.0682
ENSG00000175087.10	PDIK1L	protein_coding	516	248	268	9.6094	2.8147	2.7104
ENSG00000175093.5	SPSB4	protein_coding	1	1	0	0.0224	0.0066	0.0063
ENSG00000175097.8	RAG2	protein_coding	1	47	49	0.0242	0.0071	0.0068
ENSG00000175104.15	TRAF6	protein_coding	1049	569	481	10.9585	3.2099	3.0909
ENSG00000175105.8	ZNF654	protein_coding	2493	1316	1311	31.1333	9.1194	8.7813
ENSG00000175106.17	TVP23C	protein_coding	85	46	43	1.0691	0.3131	0.3015
ENSG00000175110.12	MRPS22	protein_coding	813	654	612	12.8280	3.7575	3.6182
ENSG00000175115.13	PACS1	protein_coding	4656	2322	2341	41.2423	12.0805	11.6326
ENSG00000175121.11	WFDC5	protein_coding	0	0	0	0.0000	0.0000	0.0000
ENSG00000175130.7	MARCKSL1	protein_coding	25150	12522	12634	1381.4678	404.6536	389.6511
ENSG00000175137.11	SH3BP5L	protein_coding	1418	682	736	21.0372	6.1621	5.9337
ENSG00000175143.5	OR2T1	protein_coding	0	0	0	0.0000	0.0000	0.0000
ENSG00000175147.13	TMEM51-AS1	lncRNA	24	214	199	0.1702	0.0499	0.0480
ENSG00000175155.11	YPEL2	protein_coding	523	283	277	5.1044	1.4952	1.4397
ENSG00000175161.14	CADM2	protein_coding	4	1	3	0.0340	0.0100	0.0096
ENSG00000175164.15	ABO	protein_coding	9	2	7	0.1180	0.0346	0.0333
ENSG00000175166.17	PSMD2	protein_coding	13722	6902	6820	234.9352	68.8162	66.2648
ENSG00000175170.16	FAM182B	lncRNA	7	4	3	0.0870	0.0255	0.0245
ENSG00000175175.6	PPM1E	protein_coding	33	36	27	0.4272	0.1251	0.1205
ENSG00000175182.15	FAM131A	protein_coding	627	386	381	5.9658	1.7475	1.6827
ENSG00000175183.10	CSRP2	protein_coding	2054	1015	1039	29.8573	8.7457	8.4214
ENSG00000175189.4	INHBC	protein_coding	0	0	0	0.0000	0.0000	0.0000
ENSG00000175193.14	PARL	protein_coding	278	155	124	10.4091	3.0490	2.9360
ENSG00000175197.12	DDIT3	protein_coding	781	648	638	50.7444	14.8638	14.3127
ENSG00000175198.17	PCCA	protein_coding	257	151	177	2.9946	0.8772	0.8446
ENSG00000175202.6	HIGD2B	protein_coding	2	0	3	0.1498	0.0439	0.0422
ENSG00000175203.17	DCTN2	protein_coding	5132	3036	3110	43.6030	12.7720	12.2985
ENSG00000175206.10	NPPA	protein_coding	2	9	15	0.1516	0.0444	0.0428
ENSG00000175213.3	ZNF408	protein_coding	593	300	294	17.5708	5.1468	4.9559
ENSG00000175215.11	CTDSP2	protein_coding	7469	3761	3712	116.7656	34.2025	32.9344
ENSG00000175216.15	CKAP5	protein_coding	9252	4642	4610	92.0220	26.9547	25.9553
ENSG00000175220.12	ARHGAP1	protein_coding	10762	5404	5362	148.7974	43.5851	41.9692
ENSG00000175221.15	MED16	protein_coding	2122	1100	1022	42.6815	12.5021	12.0386
ENSG00000175224.16	ATG13	protein_coding	5818	3153	3137	70.5709	20.6713	19.9049
ENSG00000175229.7	GAL3ST3	protein_coding	0	1	0	0.0000	0.0000	0.0000
ENSG00000175262.14	C1orf127	protein_coding	16	9	7	0.3803	0.1114	0.1073
ENSG00000175264.8	CHST1	protein_coding	221	132	112	4.0222	1.1782	1.1345
ENSG00000175265.17	GOLGA8A	protein_coding	198	107	91	2.4910	0.7297	0.7026
ENSG00000175267.15	VWA3A	protein_coding	1	0	2	0.0169	0.0049	0.0048
ENSG00000175274.19	TP53I11	protein_coding	644	309	364	7.4457	2.1810	2.1001
ENSG00000175279.22	CENPS	protein_coding	24	12	12	1.1660	0.3415	0.3289
ENSG00000175283.8	DOLK	protein_coding	897	433	464	36.7279	10.7582	10.3593
ENSG00000175287.19	PHYHD1	protein_coding	40	20	20	1.1944	0.3499	0.3369
ENSG00000175294.6	CATSPER1	protein_coding	14	5	9	0.4488	0.1315	0.1266
ENSG00000175302.5	ANKRD30BP1	unprocessed_pseudogene	13	5	8	0.5050	0.1479	0.1424
ENSG00000175305.17	CCNE2	protein_coding	100	273	280	1.9313	0.5657	0.5447
ENSG00000175309.15	PHYKPL	protein_coding	872	960	942	8.7748	2.5703	2.4750
ENSG00000175311.7	ANKS4B	protein_coding	21	11	10	0.4125	0.1208	0.1164
ENSG00000175315.3	CST6	protein_coding	10	6	4	1.4345	0.4202	0.4046
ENSG00000175318.12	GRAMD2A	protein_coding	11	5	6	0.1872	0.0548	0.0528
ENSG00000175319.3	NF1P5	processed_pseudogene	1	1	0	0.1896	0.0555	0.0535
ENSG00000175322.12	ZNF519	protein_coding	36	20	25	0.1936	0.0567	0.0546
ENSG00000175324.10	LSM1	protein_coding	582	806	799	29.4891	8.6378	8.3176
ENSG00000175325.2	PROP1	protein_coding	2	1	1	0.1160	0.0340	0.0327
ENSG00000175329.13	ISX	protein_coding	0	0	0	0.0000	0.0000	0.0000
ENSG00000175334.8	BANF1	protein_coding	3958	1975	1986	224.6759	65.8111	63.3712
ENSG00000175336.10	APOF	protein_coding	0	1	0	0.0000	0.0000	0.0000
ENSG00000175344.19	CHRNA7	protein_coding	10	2	8	0.0400	0.0117	0.0113
ENSG00000175348.11	TMEM9B	protein_coding	2283	1180	1118	68.6277	20.1021	19.3569
ENSG00000175352.11	NRIP3	protein_coding	230	109	121	4.7373	1.3876	1.3362
ENSG00000175354.20	PTPN2	protein_coding	722	346	376	7.0329	2.0600	1.9837
ENSG00000175356.14	SCUBE2	protein_coding	2012	1176	1194	21.3202	6.2450	6.0135
ENSG00000175376.9	EIF1AD	protein_coding	1272	662	613	32.4673	9.5102	9.1576
ENSG00000175387.16	SMAD2	protein_coding	2888	1463	1425	6.7328	1.9722	1.8990
ENSG00000175390.15	EIF3F	protein_coding	3134	1604	1530	17.5833	5.1504	4.9595
ENSG00000175395.16	ZNF25	protein_coding	786	372	414	15.6795	4.5928	4.4225
ENSG00000175398.2	OR10P1	protein_coding	0	0	0	0.0000	0.0000	0.0000
ENSG00000175414.7	ARL10	protein_coding	307	340	351	2.2789	0.6675	0.6428
ENSG00000175416.16	CLTB	protein_coding	3041	1566	1475	131.5553	38.5346	37.1059
ENSG00000175426.11	PCSK1	protein_coding	73	36	37	1.1572	0.3390	0.3264
ENSG00000175445.17	LPL	protein_coding	130	57	73	2.6724	0.7828	0.7538
ENSG00000175449.14	RFESD	protein_coding	25	38	25	0.4194	0.1228	0.1183
ENSG00000175455.16	CCDC14	protein_coding	1110	552	558	8.2296	2.4106	2.3212
ENSG00000175463.12	TBC1D10C	protein_coding	397	209	190	6.6985	1.9621	1.8893
ENSG00000175467.15	SART1	protein_coding	4542	2320	2226	83.9775	24.5983	23.6863
ENSG00000175470.20	PPP2R2D	protein_coding	1043	546	499	11.9821	3.5098	3.3796
ENSG00000175471.19	MCTP1	protein_coding	1090	550	540	7.6568	2.2428	2.1597
ENSG00000175482.9	POLD4	protein_coding	257	130	128	7.1462	2.0932	2.0156
ENSG00000175485.2	OR52W1	protein_coding	0	0	0	0.0000	0.0000	0.0000
ENSG00000175489.10	LRRC25	protein_coding	257	122	135	8.9924	2.6340	2.5364
ENSG00000175497.17	DPP10	protein_coding	0	0	0	0.0000	0.0000	0.0000
ENSG00000175505.11	CLCF1	protein_coding	161	83	78	7.4467	2.1813	2.1004
ENSG00000175509.8	ACRP1	processed_pseudogene	0	0	0	0.0000	0.0000	0.0000
ENSG00000175513.9	TSGA10IP	protein_coding	1	1	2	0.0412	0.0121	0.0116
ENSG00000175514.2	GPR152	protein_coding	1	0	2	0.0594	0.0174	0.0168
ENSG00000175518.8	UBQLNL	protein_coding	4	3	1	0.1398	0.0410	0.0394
ENSG00000175520.9	UBQLN3	protein_coding	0	0	0	0.0000	0.0000	0.0000
ENSG00000175535.6	PNLIP	protein_coding	1	1	0	0.0552	0.0162	0.0156
ENSG00000175536.7	LIPT2	protein_coding	40	23	17	1.4327	0.4196	0.4041
ENSG00000175538.11	KCNE3	protein_coding	63	56	51	1.4865	0.4354	0.4193
ENSG00000175544.14	CABP4	protein_coding	19	11	9	0.3092	0.0906	0.0872
ENSG00000175548.9	ALG10B	protein_coding	444	224	220	3.3491	0.9810	0.9446
ENSG00000175550.8	DRAP1	protein_coding	5134	2556	2578	253.1833	74.1613	71.4118
ENSG00000175556.17	LONRF3	protein_coding	656	357	299	13.7857	4.0380	3.8883
ENSG00000175564.13	UCP3	protein_coding	48	26	22	1.2211	0.3577	0.3444
ENSG00000175567.11	UCP2	protein_coding	3382	1681	1702	103.7576	30.3922	29.2654
ENSG00000175573.7	C11orf68	protein_coding	1904	946	958	94.8876	27.7941	26.7636
ENSG00000175575.13	PAAF1	protein_coding	1302	655	654	13.9569	4.0882	3.9366
ENSG00000175581.14	MRPL48	protein_coding	654	329	325	14.5008	4.2475	4.0900
ENSG00000175582.20	RAB6A	protein_coding	5469	3070	3112	94.8591	27.7857	26.7556
ENSG00000175591.12	P2RY2	protein_coding	19	10	9	0.1802	0.0528	0.0508
ENSG00000175592.9	FOSL1	protein_coding	1420	665	758	63.9041	18.7185	18.0245
ENSG00000175595.15	ERCC4	protein_coding	642	400	414	6.4398	1.8863	1.8164
ENSG00000175600.16	SUGCT	protein_coding	264	125	139	7.9247	2.3213	2.2352
ENSG00000175602.4	CCDC85B	protein_coding	651	328	324	57.4073	16.8155	16.1921
ENSG00000175604.2	AC007601.1	lncRNA	2	0	2	0.0860	0.0252	0.0243
ENSG00000175606.11	TMEM70	protein_coding	1065	550	515	30.3287	8.8838	8.5544
ENSG00000175611.12	LINC00476	lncRNA	88	65	59	1.1244	0.3294	0.3172
ENSG00000175619.3	OR4B1	protein_coding	0	0	0	0.0000	0.0000	0.0000
ENSG00000175634.15	RPS6KB2	protein_coding	1000	752	770	14.6037	4.2776	4.1191
ENSG00000175643.10	RMI2	protein_coding	578	272	307	13.5929	3.9816	3.8340
ENSG00000175646.4	PRM1	protein_coding	0	0	0	0.0000	0.0000	0.0000
ENSG00000175658.4	DRD5P2	processed_pseudogene	0	0	0	0.0000	0.0000	0.0000
ENSG00000175662.18	TOM1L2	protein_coding	5435	2684	2753	58.6980	17.1936	16.5561
ENSG00000175664.10	TEX26	protein_coding	0	0	0	0.0000	0.0000	0.0000
ENSG00000175676.15	GOLGA8DP	transcribed_unprocessed_pseudogene	0	0	0	0.0000	0.0000	0.0000
ENSG00000175691.9	ZNF77	protein_coding	135	62	73	4.7043	1.3779	1.3269
ENSG00000175697.11	GPR156	protein_coding	43	26	17	0.5903	0.1729	0.1665
ENSG00000175699.15	CCDC197	protein_coding	0	0	0	0.0000	0.0000	0.0000
ENSG00000175701.10	MTLN	protein_coding	746	390	356	30.8877	9.0475	8.7121
ENSG00000175707.9	KDF1	protein_coding	1	1	0	0.0458	0.0134	0.0129
ENSG00000175711.8	B3GNTL1	protein_coding	194	331	333	2.3907	0.7003	0.6743
ENSG00000175718.10	RBMXL3	protein_coding	0	0	0	0.0000	0.0000	0.0000
ENSG00000175727.14	MLXIP	protein_coding	4972	2444	2528	30.4460	8.9181	8.5875
ENSG00000175728.4	LINC02873	lncRNA	0	0	0	0.0000	0.0000	0.0000
ENSG00000175730.8	BAK1P1	processed_pseudogene	4	4	0	0.5341	0.1564	0.1506
ENSG00000175741.5	RWDD4P2	processed_pseudogene	56	32	24	8.4468	2.4742	2.3825
ENSG00000175745.14	NR2F1	protein_coding	395	239	219	7.7791	2.2786	2.1941
ENSG00000175746.6	C15orf54	lncRNA	1	0	1	0.0276	0.0081	0.0078
ENSG00000175749.11	EIF3KP1	processed_pseudogene	0	0	0	0.0000	0.0000	0.0000
ENSG00000175756.13	AURKAIP1	protein_coding	2437	1205	1232	123.9971	36.3207	34.9741
ENSG00000175764.14	TTLL11	protein_coding	52	25	27	1.2492	0.3659	0.3523
ENSG00000175766.13	EIF4E1B	protein_coding	0	0	0	0.0000	0.0000	0.0000
ENSG00000175768.13	TOMM5	protein_coding	6	2	4	0.1413	0.0414	0.0399
ENSG00000175772.11	LINC01106	lncRNA	0	0	0	0.0000	0.0000	0.0000
ENSG00000175773.13	ZBTB44-DT	lncRNA	4	0	4	0.1293	0.0379	0.0365
ENSG00000175779.4	LINC02694	lncRNA	3	1	2	0.0301	0.0088	0.0085
ENSG00000175782.11	SLC35E3	protein_coding	2857	1429	1428	10.4343	3.0564	2.9430
ENSG00000175785.13	PRIMA1	protein_coding	0	0	0	0.0000	0.0000	0.0000
ENSG00000175787.17	ZNF169	protein_coding	50	20	34	0.7483	0.2192	0.2111
ENSG00000175792.12	RUVBL1	protein_coding	2675	2961	2979	32.4610	9.5083	9.1558
ENSG00000175793.12	SFN	protein_coding	18	10	8	1.1686	0.3423	0.3296
ENSG00000175800.5	OR52B3P	unitary_pseudogene	0	0	0	0.0000	0.0000	0.0000
ENSG00000175806.15	MSRA	protein_coding	733	372	361	15.0427	4.4062	4.2429
ENSG00000175809.6	CBLL2	protein_coding	0	0	0	0.0000	0.0000	0.0000
ENSG00000175820.4	CCDC168	protein_coding	3	2	1	0.0119	0.0035	0.0033
ENSG00000175826.12	CTDNEP1	protein_coding	1317	908	949	42.4280	12.4278	11.9671
ENSG00000175832.13	ETV4	protein_coding	2903	1561	1549	70.1349	20.5436	19.7820
ENSG00000175841.8	FAM172BP	processed_pseudogene	4	1	3	0.3119	0.0914	0.0880
ENSG00000175854.14	SWI5	protein_coding	650	506	427	22.0882	6.4700	6.2301
ENSG00000175857.8	GAPT	protein_coding	76	36	40	1.9719	0.5776	0.5562
ENSG00000175866.15	BAIAP2	protein_coding	2955	1800	1788	24.3915	7.1447	6.8798
ENSG00000175868.14	CALCB	protein_coding	2	2	0	0.0431	0.0126	0.0122
ENSG00000175874.10	CREG2	protein_coding	13	6	7	0.1564	0.0458	0.0441
ENSG00000175877.4	TMEM270	protein_coding	1	0	1	0.0872	0.0255	0.0246
ENSG00000175879.9	HOXD8	protein_coding	311	221	186	10.0457	2.9426	2.8335
ENSG00000175886.10	RPL7AP66	processed_pseudogene	27	7	20	2.8625	0.8385	0.8074
ENSG00000175893.12	ZDHHC21	protein_coding	647	346	301	5.8532	1.7145	1.6509
ENSG00000175894.18	TSPEAR	protein_coding	30	31	25	0.5710	0.1672	0.1610
ENSG00000175895.4	PLEKHF2	protein_coding	5175	2526	2649	139.2028	40.7747	39.2630
ENSG00000175899.15	A2M	protein_coding	40123	21801	21382	539.2946	157.9678	152.1112
ENSG00000175906.5	ARL4D	protein_coding	421	212	209	22.6562	6.6364	6.3903
ENSG00000175920.18	DOK7	protein_coding	11	4	7	0.2314	0.0678	0.0653
ENSG00000175928.6	LRRN1	protein_coding	11	4	8	0.1459	0.0427	0.0412
ENSG00000175931.13	UBE2O	protein_coding	2243	1109	1134	29.7016	8.7001	8.3775
ENSG00000175938.7	ORAI3	protein_coding	455	238	217	14.6304	4.2855	4.1266
ENSG00000175946.8	KLHL38	protein_coding	3253	1627	1626	139.3775	40.8259	39.3122
ENSG00000175967.4	LINC02880	lncRNA	0	0	0	0.0000	0.0000	0.0000
ENSG00000175970.11	UNC119B	protein_coding	927	572	624	15.2207	4.4584	4.2931
ENSG00000175984.15	DENND2C	protein_coding	16	12	4	0.1833	0.0537	0.0517
ENSG00000175985.10	PLEKHD1	protein_coding	8	2	6	0.0839	0.0246	0.0237
ENSG00000176007.10	FAM220BP	processed_pseudogene	0	0	0	0.0000	0.0000	0.0000
ENSG00000176009.3	ASCL3	protein_coding	0	0	0	0.0000	0.0000	0.0000
ENSG00000176014.13	TUBB6	protein_coding	3862	2515	2630	83.2182	24.3759	23.4722
ENSG00000176018.13	LYSMD3	protein_coding	1479	765	766	28.1672	8.2506	7.9447
ENSG00000176020.9	AMIGO3	protein_coding	0	0	0	0.0000	0.0000	0.0000
ENSG00000176022.7	B3GALT6	protein_coding	815	415	400	24.6739	7.2274	6.9594
ENSG00000176024.18	ZNF613	protein_coding	22	13	9	0.4849	0.1420	0.1368
ENSG00000176029.14	C11orf16	protein_coding	0	1	1	0.0000	0.0000	0.0000
ENSG00000176040.13	TMPRSS7	protein_coding	0	0	0	0.0000	0.0000	0.0000
ENSG00000176043.5	AC007160.1	processed_pseudogene	0	8	4	0.0000	0.0000	0.0000
ENSG00000176046.9	NUPR1	protein_coding	220	120	101	3.3919	0.9935	0.9567
ENSG00000176049.16	JAKMIP2	protein_coding	19	11	15	0.1753	0.0514	0.0495
ENSG00000176054.6	RPL23P2	processed_pseudogene	19	7	12	3.8325	1.1226	1.0810
ENSG00000176055.10	MBLAC2	protein_coding	602	336	326	9.0115	2.6396	2.5417
ENSG00000176058.13	TPRN	protein_coding	289	145	144	4.6472	1.3612	1.3108
ENSG00000176076.7	KCNE5	protein_coding	3	1	2	0.1730	0.0507	0.0488
ENSG00000176083.18	ZNF683	protein_coding	178	90	90	6.3539	1.8611	1.7921
ENSG00000176087.15	SLC35A4	protein_coding	6534	3230	3334	152.1026	44.5532	42.9014
ENSG00000176092.16	CRYBG2	protein_coding	14	8	7	0.1724	0.0505	0.0486
ENSG00000176095.12	IP6K1	protein_coding	1969	1000	969	32.1555	9.4188	9.0696
ENSG00000176101.12	SSNA1	protein_coding	1025	547	478	74.3961	21.7918	20.9839
ENSG00000176102.13	CSTF3	protein_coding	911	679	670	17.1422	5.0212	4.8350
ENSG00000176105.14	YES1	protein_coding	1095	590	583	18.2329	5.3407	5.1427
ENSG00000176108.9	CHMP6	protein_coding	382	356	330	15.3162	4.4863	4.3200
ENSG00000176115.9	AQP7P4	unprocessed_pseudogene	0	0	0	0.0000	0.0000	0.0000
ENSG00000176124.15	DLEU1	lncRNA	220	124	115	0.7772	0.2277	0.2192
ENSG00000176125.7	UFSP1	protein_coding	70	38	34	5.9743	1.7500	1.6851
ENSG00000176134.5	AL445665.1	transcribed_unprocessed_pseudogene	0	0	0	0.0000	0.0000	0.0000
ENSG00000176136.6	MC5R	protein_coding	0	0	0	0.0000	0.0000	0.0000
ENSG00000176142.13	TMEM39A	protein_coding	2010	997	1013	29.0933	8.5219	8.2059
ENSG00000176148.16	TCP11L1	protein_coding	1092	728	673	17.2687	5.0583	4.8707
ENSG00000176153.12	GPX2	protein_coding	5	5	0	0.2833	0.0830	0.0799
ENSG00000176155.19	CCDC57	protein_coding	615	312	322	4.2138	1.2343	1.1885
ENSG00000176160.11	HSF5	protein_coding	3	2	1	0.0619	0.0181	0.0174
ENSG00000176165.12	FOXG1	protein_coding	0	0	0	0.0000	0.0000	0.0000
ENSG00000176170.14	SPHK1	protein_coding	835	397	439	16.0572	4.7034	4.5290
ENSG00000176171.11	BNIP3	protein_coding	934	452	484	14.8950	4.3630	4.2012
ENSG00000176177.10	ENTHD1	protein_coding	8905	4466	4440	246.4852	72.1994	69.5226
ENSG00000176182.6	MYPOP	protein_coding	347	155	192	15.5419	4.5525	4.3837
ENSG00000176183.8	AC233964.1	processed_pseudogene	4	3	1	0.3119	0.0914	0.0880
ENSG00000176194.18	CIDEA	protein_coding	1	0	1	0.0469	0.0137	0.0132
ENSG00000176198.3	OR11H4	protein_coding	0	0	0	0.0000	0.0000	0.0000
ENSG00000176200.1	OR4D11	protein_coding	0	0	0	0.0000	0.0000	0.0000
ENSG00000176204.13	LRRTM4	protein_coding	5	4	1	0.0785	0.0230	0.0221
ENSG00000176208.9	ATAD5	protein_coding	274	139	143	3.2869	0.9628	0.9271
ENSG00000176209.12	SMIM19	protein_coding	1499	914	891	31.2689	9.1592	8.8196
ENSG00000176219.3	OR11H6	protein_coding	0	0	0	0.0000	0.0000	0.0000
ENSG00000176222.9	ZNF404	protein_coding	26	15	11	0.8914	0.2611	0.2514
ENSG00000176225.15	RTTN	protein_coding	295	153	142	1.2941	0.3791	0.3650
ENSG00000176230.7	OR4K17	protein_coding	0	0	0	0.0000	0.0000	0.0000
ENSG00000176231.2	OR10H4	protein_coding	0	0	0	0.0000	0.0000	0.0000
ENSG00000176232.10	AC092634.1	transcribed_unprocessed_pseudogene	0	0	0	0.0000	0.0000	0.0000
ENSG00000176236.6	RPP38-DT	lncRNA	0	2	2	0.0000	0.0000	0.0000
ENSG00000176239.7	OR51B6	protein_coding	0	0	0	0.0000	0.0000	0.0000
ENSG00000176243.9	CDV3P1	processed_pseudogene	0	0	0	0.0000	0.0000	0.0000
ENSG00000176244.7	ACBD7	protein_coding	221	115	106	5.2926	1.5503	1.4928
ENSG00000176246.1	OR4L1	protein_coding	0	0	0	0.0000	0.0000	0.0000
ENSG00000176248.9	ANAPC2	protein_coding	760	358	402	11.8248	3.4637	3.3352
ENSG00000176253.4	OR4K13	protein_coding	0	0	0	0.0000	0.0000	0.0000
ENSG00000176256.10	HMGB4	protein_coding	0	0	0	0.0000	0.0000	0.0000
ENSG00000176261.15	ZBTB8OS	protein_coding	914	507	463	21.9817	6.4388	6.2001
ENSG00000176268.5	CYCSP34	processed_pseudogene	4	1	3	1.1174	0.3273	0.3152
ENSG00000176269.3	OR4F21	protein_coding	0	0	0	0.0000	0.0000	0.0000
ENSG00000176273.15	SLC35G1	protein_coding	556	281	275	6.9140	2.0252	1.9501
ENSG00000176281.4	OR4K5	protein_coding	0	0	0	0.0000	0.0000	0.0000
ENSG00000176289.4	IDSP1	unprocessed_pseudogene	0	2	3	0.0000	0.0000	0.0000
ENSG00000176290.8	OR4K3	polymorphic_pseudogene	0	0	0	0.0000	0.0000	0.0000
ENSG00000176293.20	ZNF135	protein_coding	22	49	54	0.2911	0.0853	0.0821
ENSG00000176294.6	OR4N2	protein_coding	1	0	1	0.0230	0.0067	0.0065
ENSG00000176299.5	OR4M1	protein_coding	0	0	0	0.0000	0.0000	0.0000
ENSG00000176302.13	FOXR1	protein_coding	2	2	0	0.1383	0.0405	0.0390
ENSG00000176312.4	OR4H12P	unprocessed_pseudogene	0	0	0	0.0000	0.0000	0.0000
ENSG00000176318.8	FOXN3P1	processed_pseudogene	0	0	0	0.0000	0.0000	0.0000
ENSG00000176320.2	AL138899.1	lncRNA	2	1	1	0.0850	0.0249	0.0240
ENSG00000176340.4	COX8A	protein_coding	2245	1082	1164	385.9239	113.0432	108.8521
ENSG00000176343.5	RPL37AP8	processed_pseudogene	4	1	3	1.2307	0.3605	0.3471
ENSG00000176349.11	AC104129.1	lncRNA	0	0	0	0.0000	0.0000	0.0000
ENSG00000176358.15	TAC4	protein_coding	4	2	2	0.3393	0.0994	0.0957
ENSG00000176371.14	ZSCAN2	protein_coding	178	173	171	3.0988	0.9077	0.8740
ENSG00000176378.8	PFN1P10	processed_pseudogene	0	1	0	0.0000	0.0000	0.0000
ENSG00000176381.6	PRR18	protein_coding	0	0	0	0.0000	0.0000	0.0000
ENSG00000176383.9	B3GNT4	protein_coding	1	327	342	0.0187	0.0055	0.0053
ENSG00000176386.9	CDC26	protein_coding	155	77	78	11.2118	3.2841	3.1624
ENSG00000176387.7	HSD11B2	protein_coding	10	6	4	0.3181	0.0932	0.0897
ENSG00000176390.12	CRLF3	protein_coding	589	392	388	11.3988	3.3389	3.2151
ENSG00000176393.11	RNPEP	protein_coding	1492	1069	1043	36.6719	10.7418	10.3435
ENSG00000176396.11	EID2	protein_coding	457	224	233	26.6726	7.8128	7.5232
ENSG00000176399.4	DMRTA1	protein_coding	178	88	90	2.7060	0.7926	0.7632
ENSG00000176401.6	EID2B	protein_coding	81	58	51	3.6863	1.0798	1.0397
ENSG00000176402.6	GJC3	protein_coding	62	42	39	4.7052	1.3782	1.3271
ENSG00000176406.23	RIMS2	protein_coding	203	102	102	1.2347	0.3617	0.3483
ENSG00000176407.18	KCMF1	protein_coding	2463	1218	1245	26.2499	7.6890	7.4039
ENSG00000176410.8	DNAJC30	protein_coding	604	455	399	20.2255	5.9244	5.7047
ENSG00000176422.14	SPRYD4	protein_coding	532	380	351	4.1952	1.2288	1.1833
ENSG00000176428.6	VPS37D	protein_coding	54	37	17	2.8307	0.8292	0.7984
ENSG00000176435.7	CLEC14A	protein_coding	447	214	233	18.1277	5.3099	5.1130
ENSG00000176438.12	SYNE3	protein_coding	1414	750	664	6.6107	1.9364	1.8646
ENSG00000176444.19	CLK2	protein_coding	738	364	374	17.1327	5.0184	4.8324
ENSG00000176454.14	LPCAT4	protein_coding	1128	567	561	20.3722	5.9673	5.7461
ENSG00000176463.14	SLCO3A1	protein_coding	1026	592	641	9.2473	2.7087	2.6083
ENSG00000176472.10	ZNF575	protein_coding	69	480	414	1.8186	0.5327	0.5129
ENSG00000176473.13	WDR25	protein_coding	775	407	416	15.6030	4.5704	4.4009
ENSG00000176476.9	SGF29	protein_coding	375	248	256	14.9930	4.3917	4.2289
ENSG00000176485.12	PLAAT3	protein_coding	2824	1444	1380	71.8225	21.0379	20.2580
ENSG00000176490.5	DIRAS1	protein_coding	2228	1164	1064	55.0168	16.1153	15.5178
ENSG00000176495.3	OR5AN1	protein_coding	0	0	0	0.0000	0.0000	0.0000
ENSG00000176510.5	OR10AC1	polymorphic_pseudogene	4	1	3	0.1172	0.0343	0.0331
ENSG00000176515.1	AL033381.1	lncRNA	0	0	0	0.0000	0.0000	0.0000
ENSG00000176531.10	PHLDB3	protein_coding	409	222	187	7.6285	2.2345	2.1517
ENSG00000176532.4	PRR15	protein_coding	15	6	9	0.6512	0.1908	0.1837
ENSG00000176533.13	GNG7	protein_coding	4213	2031	2186	78.6999	23.0524	22.1978
ENSG00000176540.3	OR4C5	protein_coding	0	0	0	0.0000	0.0000	0.0000
ENSG00000176542.10	USF3	protein_coding	1403	710	694	8.6725	2.5403	2.4461
ENSG00000176547.10	OR4C3	protein_coding	0	0	0	0.0000	0.0000	0.0000
ENSG00000176555.1	OR4S1	protein_coding	0	0	1	0.0000	0.0000	0.0000
ENSG00000176563.10	CNTD1	protein_coding	39	1610	1604	0.9895	0.2898	0.2791
ENSG00000176566.5	DCAF4L2	protein_coding	0	0	0	0.0000	0.0000	0.0000
ENSG00000176567.1	OR4X1	protein_coding	0	0	0	0.0000	0.0000	0.0000
ENSG00000176571.12	CNBD1	protein_coding	0	0	0	0.0000	0.0000	0.0000
ENSG00000176584.18	DMBT1L1	transcribed_unitary_pseudogene	0	0	0	0.0000	0.0000	0.0000
ENSG00000176593.8	AC008969.1	lncRNA	19	11	14	0.1759	0.0515	0.0496
ENSG00000176595.4	KBTBD11	protein_coding	23	14	9	0.2826	0.0828	0.0797
ENSG00000176597.12	B3GNT5	protein_coding	565	424	489	5.9052	1.7297	1.6656
ENSG00000176601.13	MAP3K19	protein_coding	3	1	2	0.0313	0.0092	0.0088
ENSG00000176605.9	C14orf177	lncRNA	0	0	0	0.0000	0.0000	0.0000
ENSG00000176619.13	LMNB2	protein_coding	4332	2164	2171	68.1882	19.9734	19.2329
ENSG00000176623.12	RMDN1	protein_coding	3706	1973	1889	56.6850	16.6039	15.9883
ENSG00000176624.12	MEX3C	protein_coding	3837	1919	1918	41.3975	12.1260	11.6764
ENSG00000176635.18	HORMAD2	protein_coding	0	0	1	0.0000	0.0000	0.0000
ENSG00000176641.11	RNF152	protein_coding	97	51	46	0.8065	0.2363	0.2275
ENSG00000176654.12	NANOGP1	transcribed_unprocessed_pseudogene	0	0	0	0.0000	0.0000	0.0000
ENSG00000176658.17	MYO1D	protein_coding	18930	9582	9633	196.3293	57.5079	55.3758
ENSG00000176659.9	C20orf197	lncRNA	11	5	6	0.2751	0.0806	0.0776
ENSG00000176678.6	FOXL1	protein_coding	12	9	3	0.2031	0.0595	0.0573
ENSG00000176679.9	TGIF2LY	protein_coding	0	0	0	0.0000	0.0000	0.0000
ENSG00000176681.14	LRRC37A	protein_coding	11	7	5	0.1436	0.0421	0.0405
ENSG00000176692.8	FOXC2	protein_coding	13	9	5	0.3807	0.1115	0.1074
ENSG00000176695.8	OR4F17	protein_coding	0	0	0	0.0000	0.0000	0.0000
ENSG00000176697.20	BDNF	protein_coding	248	209	158	2.7210	0.7970	0.7675
ENSG00000176700.20	SCAND2P	transcribed_unprocessed_pseudogene	49	391	359	0.3883	0.1137	0.1095
ENSG00000176714.10	CCDC121	protein_coding	82	47	49	2.4476	0.7169	0.6904
ENSG00000176715.17	ACSF3	protein_coding	961	590	542	5.5992	1.6401	1.5793
ENSG00000176716.5	OR10AB1P	transcribed_unprocessed_pseudogene	1	0	1	0.0504	0.0148	0.0142
ENSG00000176720.6	BOK	protein_coding	146	81	66	4.6263	1.3551	1.3049
ENSG00000176723.10	ZNF843	protein_coding	36	21	15	0.6693	0.1960	0.1888
ENSG00000176728.10	TTTY14	lncRNA	5	3	2	0.0190	0.0056	0.0054
ENSG00000176731.12	RBIS	protein_coding	166	592	602	5.5456	1.6244	1.5642
ENSG00000176732.7	PFN4	protein_coding	44	17	27	2.3280	0.6819	0.6566
ENSG00000176742.3	OR51V1	protein_coding	0	0	0	0.0000	0.0000	0.0000
ENSG00000176746.6	MAGEB6	protein_coding	1	0	1	0.0436	0.0128	0.0123
ENSG00000176748.6	OR52Z1	unprocessed_pseudogene	0	0	0	0.0000	0.0000	0.0000
ENSG00000176749.9	CDK5R1	protein_coding	3972	2018	1954	85.4367	25.0257	24.0979
ENSG00000176752.6	OR51A1P	unprocessed_pseudogene	0	0	0	0.0000	0.0000	0.0000
ENSG00000176753.5	C15orf56	lncRNA	0	0	0	0.0000	0.0000	0.0000
ENSG00000176754.13	LINC00303	lncRNA	7	2	5	0.2992	0.0876	0.0844
ENSG00000176761.7	ZNF285B	unprocessed_pseudogene	0	0	0	0.0000	0.0000	0.0000
ENSG00000176769.9	TCERG1L	protein_coding	12	8	4	0.1938	0.0568	0.0547
ENSG00000176771.17	NCKAP5	protein_coding	967	459	508	8.5871	2.5153	2.4220
ENSG00000176774.6	MAGEB18	protein_coding	0	0	0	0.0000	0.0000	0.0000
ENSG00000176782.3	DEFB104A	protein_coding	0	0	0	0.0000	0.0000	0.0000
ENSG00000176783.15	RUFY1	protein_coding	2620	1469	1425	37.7040	11.0441	10.6346
ENSG00000176787.2	OR52E2	protein_coding	0	0	0	0.0000	0.0000	0.0000
ENSG00000176788.9	BASP1	protein_coding	523	265	258	20.6959	6.0622	5.8374
ENSG00000176797.4	DEFB103A	protein_coding	0	0	0	0.0000	0.0000	0.0000
ENSG00000176798.3	OR51L1	protein_coding	0	0	0	0.0000	0.0000	0.0000
ENSG00000176809.10	LRRC37A3	protein_coding	41	22	21	0.4557	0.1335	0.1285
ENSG00000176812.7	METTL1P1	processed_pseudogene	1	1	0	0.1027	0.0301	0.0290
ENSG00000176826.15	FKBP9P1	transcribed_unprocessed_pseudogene	223	123	100	5.4764	1.6041	1.5446
ENSG00000176834.14	VSIG10	protein_coding	338	206	175	3.4330	1.0056	0.9683
ENSG00000176840.12	MIR7-3HG	lncRNA	1	1	0	0.0339	0.0099	0.0096
ENSG00000176842.15	IRX5	protein_coding	255	131	124	7.6195	2.2319	2.1491
ENSG00000176845.13	METRNL	protein_coding	1072	545	527	33.5798	9.8360	9.4714
ENSG00000176853.16	FAM91A1	protein_coding	4882	2464	2418	57.0813	16.7200	16.1001
ENSG00000176855.11	KRT18P28	processed_pseudogene	0	0	0	0.0000	0.0000	0.0000
ENSG00000176857.5	GJA1P1	processed_pseudogene	1	1	0	0.0743	0.0218	0.0210
ENSG00000176868.2	AL358781.1	lncRNA	0	1221	1144	0.0000	0.0000	0.0000
ENSG00000176871.9	WSB2	protein_coding	1905	1059	1084	34.9932	10.2500	9.8700
ENSG00000176882.5	AL135901.1	processed_pseudogene	12	5	7	3.0602	0.8964	0.8631
ENSG00000176884.16	GRIN1	protein_coding	2	1	2	0.0166	0.0049	0.0047
ENSG00000176887.7	SOX11	protein_coding	3	2	1	0.0283	0.0083	0.0080
ENSG00000176890.16	TYMS	protein_coding	214	829	830	7.5064	2.1987	2.1172
ENSG00000176893.5	OR51G2	protein_coding	0	0	0	0.0000	0.0000	0.0000
ENSG00000176894.10	PXMP2	protein_coding	10	4	6	0.5976	0.1750	0.1686
ENSG00000176895.9	OR51A7	protein_coding	0	0	0	0.0000	0.0000	0.0000
ENSG00000176896.8	TCEANC	protein_coding	201	95	106	3.2630	0.9558	0.9204
ENSG00000176900.2	OR51T1	protein_coding	0	0	0	0.0000	0.0000	0.0000
ENSG00000176903.5	PNMA1	protein_coding	4319	2164	2155	140.9575	41.2887	39.7579
ENSG00000176904.3	OR51H1	transcribed_unprocessed_pseudogene	0	0	0	0.0000	0.0000	0.0000
ENSG00000176907.5	TCIM	protein_coding	150	83	67	6.9645	2.0400	1.9644
ENSG00000176909.12	MAMSTR	protein_coding	39	21	21	1.4488	0.4244	0.4086
ENSG00000176912.5	TYMSOS	lncRNA	18	119	120	0.5920	0.1734	0.1670
ENSG00000176915.15	ANKLE2	protein_coding	1722	868	855	8.3748	2.4531	2.3622
ENSG00000176919.13	C8G	protein_coding	77	45	32	5.6761	1.6626	1.6010
ENSG00000176920.13	FUT2	protein_coding	16	9	8	0.4019	0.1177	0.1134
ENSG00000176922.4	OR51S1	protein_coding	0	0	0	0.0000	0.0000	0.0000
ENSG00000176923.5	OR7A15P	unprocessed_pseudogene	0	0	0	0.0000	0.0000	0.0000
ENSG00000176925.8	OR51F2	protein_coding	0	0	0	0.0000	0.0000	0.0000
ENSG00000176927.15	EFCAB5	protein_coding	20	72	76	0.2452	0.0718	0.0691
ENSG00000176928.7	GCNT4	protein_coding	23	9	14	0.3319	0.0972	0.0936
ENSG00000176933.5	TOB2P1	processed_pseudogene	9	4	5	0.7704	0.2257	0.2173
ENSG00000176945.17	MUC20	protein_coding	14	6	8	0.1739	0.0509	0.0490
ENSG00000176946.12	THAP4	protein_coding	2839	1449	1391	84.4150	24.7265	23.8097
ENSG00000176951.6	OR51N1P	unprocessed_pseudogene	0	0	0	0.0000	0.0000	0.0000
ENSG00000176953.12	NFATC2IP	protein_coding	1387	866	870	20.5271	6.0127	5.7898
ENSG00000176956.13	LY6H	protein_coding	8	8	1	0.3625	0.1062	0.1023
ENSG00000176970.8	RPL7L1P11	processed_pseudogene	0	0	0	0.0000	0.0000	0.0000
ENSG00000176971.4	FIBIN	protein_coding	297	152	145	8.4749	2.4824	2.3904
ENSG00000176973.8	FAM89B	protein_coding	109	62	47	6.3486	1.8596	1.7907
ENSG00000176974.20	SHMT1	protein_coding	1592	913	914	18.5680	5.4388	5.2372
ENSG00000176978.14	DPP7	protein_coding	6426	3153	3274	193.3046	56.6219	54.5227
ENSG00000176979.14	TRIM60	protein_coding	0	0	0	0.0000	0.0000	0.0000
ENSG00000176984.6	AP000679.1	lncRNA	0	0	0	0.0000	0.0000	0.0000
ENSG00000176986.16	SEC24C	protein_coding	4326	5284	5315	68.6280	20.1022	19.3569
ENSG00000176988.9	FMR1NB	protein_coding	0	0	0	0.0000	0.0000	0.0000
ENSG00000176994.11	SMCR8	protein_coding	2722	1508	1450	27.8599	8.1606	7.8580
ENSG00000176998.4	HCG4	unprocessed_pseudogene	0	9	6	0.0000	0.0000	0.0000
ENSG00000177000.13	MTHFR	protein_coding	1198	778	821	8.8365	2.5884	2.4924
ENSG00000177023.2	DEFB104B	protein_coding	0	0	0	0.0000	0.0000	0.0000
ENSG00000177025.3	C19orf18	protein_coding	2	0	2	0.1856	0.0544	0.0524
ENSG00000177030.17	DEAF1	protein_coding	508	254	254	10.4152	3.0508	2.9377
ENSG00000177034.17	MTX3	protein_coding	958	478	480	10.2577	3.0046	2.8932
ENSG00000177042.14	TMEM80	protein_coding	263	123	140	5.4861	1.6070	1.5474
ENSG00000177045.10	SIX5	protein_coding	110	239	252	2.6078	0.7639	0.7356
ENSG00000177047.6	IFNW1	protein_coding	0	0	0	0.0000	0.0000	0.0000
ENSG00000177051.6	FBXO46	protein_coding	516	261	255	12.4239	3.6391	3.5042
ENSG00000177054.14	ZDHHC13	protein_coding	367	184	183	4.0167	1.1766	1.1329
ENSG00000177058.12	SLC38A9	protein_coding	869	416	453	8.3640	2.4500	2.3591
ENSG00000177076.6	ACER2	protein_coding	136	68	68	4.1649	1.2200	1.1747
ENSG00000177082.13	WDR73	protein_coding	63	329	346	0.5560	0.1629	0.1568
ENSG00000177084.18	POLE	protein_coding	788	387	401	3.9855	1.1674	1.1241
ENSG00000177096.9	PHETA2	protein_coding	1597	803	794	55.3317	16.2075	15.6066
ENSG00000177098.9	SCN4B	protein_coding	499	226	273	7.5014	2.1973	2.1158
ENSG00000177103.15	DSCAML1	protein_coding	0	0	0	0.0000	0.0000	0.0000
ENSG00000177105.10	RHOG	protein_coding	1922	946	976	92.8425	27.1950	26.1868
ENSG00000177106.16	EPS8L2	protein_coding	51	24	33	0.7613	0.2230	0.2147
ENSG00000177108.5	ZDHHC22	protein_coding	0	0	0	0.0000	0.0000	0.0000
ENSG00000177112.8	IRAG1-AS1	lncRNA	1	5	2	0.0598	0.0175	0.0169
ENSG00000177119.16	ANO6	protein_coding	6485	3241	3254	66.8742	19.5885	18.8623
ENSG00000177125.5	ZBTB34	protein_coding	354	166	188	4.5507	1.3330	1.2835
ENSG00000177133.11	PRDM16-DT	lncRNA	3	2	1	0.0455	0.0133	0.0128
ENSG00000177138.17	FAM9B	protein_coding	2	0	2	0.0247	0.0072	0.0070
ENSG00000177143.5	CETN1	protein_coding	1	0	1	0.0489	0.0143	0.0138
ENSG00000177144.7	NUDT4B	protein_coding	1	1	1	0.0704	0.0206	0.0199
ENSG00000177150.13	FAM210A	protein_coding	2569	1262	1307	46.6056	13.6515	13.1454
ENSG00000177151.5	OR2T35	protein_coding	0	0	0	0.0000	0.0000	0.0000
ENSG00000177156.11	TALDO1	protein_coding	3838	1898	1940	112.1172	32.8409	31.6233
ENSG00000177169.10	ULK1	protein_coding	1006	492	514	11.2113	3.2840	3.1622
ENSG00000177173.5	NAP1L4P1	processed_pseudogene	16	8	8	1.1744	0.3440	0.3312
ENSG00000177174.1	OR14C36	protein_coding	1	0	1	0.0904	0.0265	0.0255
ENSG00000177181.15	RIMKLA	protein_coding	25	12	13	0.1996	0.0585	0.0563
ENSG00000177182.11	CLVS1	protein_coding	5	518	500	0.0574	0.0168	0.0162
ENSG00000177186.3	OR2M7	protein_coding	0	0	0	0.0000	0.0000	0.0000
ENSG00000177189.14	RPS6KA3	protein_coding	4203	2100	2103	36.4168	10.6670	10.2716
ENSG00000177191.2	B3GNT8	protein_coding	21	18	30	0.9516	0.2787	0.2684
ENSG00000177192.14	PUS1	protein_coding	470	236	242	6.9631	2.0396	1.9640
ENSG00000177197.7	PCNPP5	processed_pseudogene	1	1	0	0.1765	0.0517	0.0498
ENSG00000177200.17	CHD9	protein_coding	3782	1903	1879	19.4601	5.7002	5.4888
ENSG00000177201.2	OR2T12	protein_coding	0	0	0	0.0000	0.0000	0.0000
ENSG00000177202.3	SPACA4	protein_coding	0	0	0	0.0000	0.0000	0.0000
ENSG00000177212.4	OR2T33	protein_coding	0	0	0	0.0000	0.0000	0.0000
ENSG00000177225.17	GATD1	protein_coding	695	335	360	10.7114	3.1375	3.0212
ENSG00000177233.2	OR2M1P	unprocessed_pseudogene	0	0	0	0.0000	0.0000	0.0000
ENSG00000177234.7	LINC01561	lncRNA	2	2	0	0.0781	0.0229	0.0220
ENSG00000177238.14	TRIM72	protein_coding	0	0	0	0.0000	0.0000	0.0000
ENSG00000177239.15	MAN1B1	protein_coding	2709	1395	1314	27.8207	8.1491	7.8470
ENSG00000177243.3	DEFB103B	protein_coding	0	0	0	0.0000	0.0000	0.0000
ENSG00000177257.3	DEFB4B	protein_coding	0	0	0	0.0000	0.0000	0.0000
ENSG00000177261.8	ENSAP3	processed_pseudogene	0	0	0	0.0000	0.0000	0.0000
ENSG00000177272.9	KCNA3	protein_coding	56	21	35	1.9207	0.5626	0.5417
ENSG00000177275.4	OR2AJ1	protein_coding	0	0	0	0.0000	0.0000	0.0000
ENSG00000177283.7	FZD8	protein_coding	98	54	46	2.0651	0.6049	0.5825
ENSG00000177291.4	GJD4	protein_coding	0	0	0	0.0000	0.0000	0.0000
ENSG00000177294.7	FBXO39	protein_coding	4	3	1	0.1161	0.0340	0.0327
ENSG00000177300.7	CLDN22	protein_coding	0	63	62	0.0000	0.0000	0.0000
ENSG00000177301.16	KCNA2	protein_coding	18	8	10	0.0816	0.0239	0.0230
ENSG00000177302.15	TOP3A	protein_coding	2306	1184	1123	23.8116	6.9748	6.7162
ENSG00000177303.10	CASKIN2	protein_coding	1346	752	691	19.7859	5.7956	5.5807
ENSG00000177306.4	OR7E125P	unprocessed_pseudogene	0	0	0	0.0000	0.0000	0.0000
ENSG00000177311.11	ZBTB38	protein_coding	5138	2600	2539	30.6341	8.9732	8.6405
ENSG00000177324.14	BEND2	protein_coding	0	0	0	0.0000	0.0000	0.0000
ENSG00000177335.11	C8orf31	lncRNA	4	1	4	0.0831	0.0243	0.0234
ENSG00000177337.8	DLGAP1-AS1	lncRNA	83	37	46	3.3310	0.9757	0.9395
ENSG00000177338.14	LINC00469	lncRNA	0	0	0	0.0000	0.0000	0.0000
ENSG00000177340.5	FLJ13224	lncRNA	0	2	1	0.0000	0.0000	0.0000
ENSG00000177350.6	RPL13AP3	transcribed_processed_pseudogene	17	9	8	0.9368	0.2744	0.2642
ENSG00000177352.10	CCDC71	protein_coding	518	269	249	24.5610	7.1943	6.9276
ENSG00000177354.12	C10orf71	protein_coding	0	0	0	0.0000	0.0000	0.0000
ENSG00000177359.20	AC024940.1	transcribed_unprocessed_pseudogene	51	29	22	0.6014	0.1761	0.1696
ENSG00000177363.5	LRRN4CL	protein_coding	214	112	102	8.2156	2.4065	2.3173
ENSG00000177369.9	FLJ40194	lncRNA	0	202	193	0.0000	0.0000	0.0000
ENSG00000177370.5	TIMM22	protein_coding	1700	998	1074	45.3692	13.2893	12.7966
ENSG00000177374.13	HIC1	protein_coding	284	791	783	2.9745	0.8713	0.8390
ENSG00000177380.14	PPFIA3	protein_coding	1152	573	580	15.5382	4.5514	4.3826
ENSG00000177383.5	MAGEF1	protein_coding	2251	1126	1125	112.3786	32.9174	31.6970
ENSG00000177398.18	UMODL1	protein_coding	10	5	6	0.1167	0.0342	0.0329
ENSG00000177400.6	OR7E8P	unprocessed_pseudogene	0	0	0	0.0000	0.0000	0.0000
ENSG00000177406.5	NINJ2-AS1	lncRNA	167	111	107	3.2557	0.9536	0.9183
ENSG00000177409.12	SAMD9L	protein_coding	1054	556	498	12.5183	3.6668	3.5309
ENSG00000177410.13	ZFAS1	lncRNA	250	128	122	2.5532	0.7479	0.7202
ENSG00000177414.13	UBE2U	protein_coding	0	0	0	0.0000	0.0000	0.0000
ENSG00000177418.2	AC006001.1	processed_pseudogene	0	0	0	0.0000	0.0000	0.0000
ENSG00000177425.11	PAWR	protein_coding	91	52	39	0.6702	0.1963	0.1890
ENSG00000177426.22	TGIF1	protein_coding	1790	872	918	18.7178	5.4827	5.2795
ENSG00000177427.13	MIEF2	protein_coding	481	222	259	10.4574	3.0631	2.9496
ENSG00000177432.8	NAP1L5	protein_coding	809	391	418	35.8376	10.4974	10.1082
ENSG00000177447.6	CBX3P1	processed_pseudogene	3	1	2	0.4599	0.1347	0.1297
ENSG00000177452.7	AL161742.1	processed_pseudogene	2	1	1	0.2908	0.0852	0.0820
ENSG00000177453.7	NIM1K	protein_coding	190	83	108	4.4584	1.3059	1.2575
ENSG00000177455.15	CD19	protein_coding	98	55	51	3.1041	0.9093	0.8755
ENSG00000177459.11	ERICH5	protein_coding	0	0	0	0.0000	0.0000	0.0000
ENSG00000177462.7	OR2T8	protein_coding	0	0	0	0.0000	0.0000	0.0000
ENSG00000177463.15	NR2C2	protein_coding	1271	962	1013	9.1307	2.6745	2.5754
ENSG00000177464.5	GPR4	protein_coding	170	87	84	4.5845	1.3429	1.2931
ENSG00000177465.4	ACOT4	protein_coding	152	73	79	5.4648	1.6007	1.5414
ENSG00000177468.7	OLIG3	protein_coding	0	0	0	0.0000	0.0000	0.0000
ENSG00000177469.13	CAVIN1	protein_coding	18190	9141	9053	432.6899	126.7417	122.0427
ENSG00000177476.3	OR2G3	protein_coding	0	0	0	0.0000	0.0000	0.0000
ENSG00000177479.20	ARIH2	protein_coding	1295	826	834	13.7173	4.0180	3.8691
ENSG00000177483.11	RBM44	protein_coding	8	3	5	0.1123	0.0329	0.0317
ENSG00000177485.7	ZBTB33	protein_coding	2490	1272	1218	39.7990	11.6577	11.2255
ENSG00000177489.1	OR2G2	protein_coding	0	0	0	0.0000	0.0000	0.0000
ENSG00000177494.6	ZBED2	protein_coding	74	38	36	2.8384	0.8314	0.8006
ENSG00000177504.10	VCX2	protein_coding	0	0	0	0.0000	0.0000	0.0000
ENSG00000177508.12	IRX3	protein_coding	415	215	210	12.0075	3.5172	3.3868
ENSG00000177511.6	ST8SIA3	protein_coding	0	0	0	0.0000	0.0000	0.0000
ENSG00000177519.4	RPRM	protein_coding	0	0	0	0.0000	0.0000	0.0000
ENSG00000177535.8	OR2B11	protein_coding	0	0	0	0.0000	0.0000	0.0000
ENSG00000177542.11	SLC25A22	protein_coding	1045	504	552	19.3127	5.6570	5.4473
ENSG00000177548.13	RABEP2	protein_coding	1068	557	554	20.1634	5.9062	5.6872
ENSG00000177551.5	NHLH2	protein_coding	1	0	1	0.0113	0.0033	0.0032
ENSG00000177553.6	C1orf167-AS1	lncRNA	0	2	0	0.0000	0.0000	0.0000
ENSG00000177556.12	ATOX1	protein_coding	3778	1843	1945	61.2387	17.9378	17.2727
ENSG00000177558.3	FAM187B	protein_coding	2	1	2	0.1434	0.0420	0.0405
ENSG00000177565.18	TBL1XR1	protein_coding	4205	2144	2203	30.5493	8.9484	8.6166
ENSG00000177570.15	SAMD12	protein_coding	10	6	4	0.0552	0.0162	0.0156
ENSG00000177575.13	CD163	protein_coding	1223	632	593	17.8603	5.2316	5.0376
ENSG00000177576.12	C18orf32	protein_coding	132	70	62	1.9505	0.5713	0.5501
ENSG00000177586.6	OR7E149P	unprocessed_pseudogene	0	0	0	0.0000	0.0000	0.0000
ENSG00000177590.7	GIMAP3P	processed_pseudogene	3	0	3	0.3047	0.0893	0.0860
ENSG00000177595.18	PIDD1	protein_coding	279	132	149	4.0466	1.1853	1.1414
ENSG00000177596.1	AL355390.1	lncRNA	0	0	0	0.0000	0.0000	0.0000
ENSG00000177599.13	ZNF491	protein_coding	72	47	29	1.7728	0.5193	0.5000
ENSG00000177600.9	RPLP2	protein_coding	11181	5513	5673	580.0217	169.8974	163.5985
ENSG00000177602.5	HASPIN	protein_coding	87	55	49	2.6414	0.7737	0.7450
ENSG00000177606.8	JUN	protein_coding	3093	1484	1609	72.4776	21.2298	20.4427
ENSG00000177613.9	CSTF2T	protein_coding	2627	1326	1301	54.2788	15.8991	15.3097
ENSG00000177614.11	PGBD5	protein_coding	22	13	9	0.1660	0.0486	0.0468
ENSG00000177627.11	C12orf54	protein_coding	0	0	0	0.0000	0.0000	0.0000
ENSG00000177628.16	GBA	protein_coding	13078	6538	6541	304.4379	89.1746	85.8685
ENSG00000177640.16	CASC2	lncRNA	98	75	51	0.5559	0.1628	0.1568
ENSG00000177646.19	ACAD9	protein_coding	1918	1192	1175	37.6421	11.0260	10.6172
ENSG00000177663.14	IL17RA	protein_coding	1912	964	948	17.9690	5.2634	5.0683
ENSG00000177666.17	PNPLA2	protein_coding	1000	808	811	22.1667	6.4930	6.2522
ENSG00000177669.4	MBOAT4	protein_coding	0	3	1	0.0000	0.0000	0.0000
ENSG00000177673.4	TEX44	protein_coding	0	0	0	0.0000	0.0000	0.0000
ENSG00000177674.16	AGTRAP	protein_coding	3709	1884	1825	129.3511	37.8890	36.4842
ENSG00000177675.9	CD163L1	protein_coding	59	33	28	0.8855	0.2594	0.2498
ENSG00000177679.16	SRRM3	protein_coding	257	128	130	3.1736	0.9296	0.8951
ENSG00000177683.14	THAP5	protein_coding	2173	1118	1055	36.4977	10.6907	10.2944
ENSG00000177684.4	DEFB114	protein_coding	0	0	0	0.0000	0.0000	0.0000
ENSG00000177685.17	CRACR2B	protein_coding	22	10	16	0.4423	0.1296	0.1248
ENSG00000177688.7	SUMO4	protein_coding	5	4	1	0.4175	0.1223	0.1178
ENSG00000177689.10	MAGEB10	protein_coding	0	0	0	0.0000	0.0000	0.0000
ENSG00000177692.12	DNAJC28	protein_coding	180	96	84	6.1636	1.8054	1.7385
ENSG00000177693.4	OR4F4	protein_coding	0	0	0	0.0000	0.0000	0.0000
ENSG00000177694.16	NAALADL2	protein_coding	108	53	55	0.6771	0.1983	0.1910
ENSG00000177697.19	CD151	protein_coding	3169	2098	2243	69.1096	20.2433	19.4928
ENSG00000177699.4	AC011944.1	lncRNA	20	67	80	0.8939	0.2618	0.2521
ENSG00000177700.6	POLR2L	protein_coding	2455	1821	1808	185.1507	54.2335	52.2228
ENSG00000177706.9	FAM20C	protein_coding	1352	728	625	22.7171	6.6542	6.4075
ENSG00000177707.11	NECTIN3	protein_coding	35	19	16	0.3852	0.1128	0.1086
ENSG00000177710.6	SLC35G5	protein_coding	0	0	0	0.0000	0.0000	0.0000
ENSG00000177721.4	ANXA2R	protein_coding	65	36	31	2.3134	0.6776	0.6525
ENSG00000177725.5	AC105206.1	lncRNA	0	0	0	0.0000	0.0000	0.0000
ENSG00000177728.17	TMEM94	protein_coding	2865	1478	1485	26.8985	7.8790	7.5869
ENSG00000177731.16	FLII	protein_coding	12880	6419	6526	173.3950	50.7901	48.9071
ENSG00000177732.8	SOX12	protein_coding	2068	1043	1025	37.9299	11.1103	10.6984
ENSG00000177733.7	HNRNPA0	protein_coding	4772	2309	2463	46.5099	13.6235	13.1184
ENSG00000177736.4	FXNP2	processed_pseudogene	0	0	0	0.0000	0.0000	0.0000
ENSG00000177738.4	AC025171.1	lncRNA	232	137	131	4.5701	1.3386	1.2890
ENSG00000177752.14	YIPF7	protein_coding	0	6	11	0.0000	0.0000	0.0000
ENSG00000177757.2	FAM87B	lncRNA	2	5	2	0.0872	0.0256	0.0246
ENSG00000177770.11	CDKN2AIPNLP1	processed_pseudogene	0	0	0	0.0000	0.0000	0.0000
ENSG00000177776.8	RPS2P2	processed_pseudogene	2	1	1	0.2826	0.0828	0.0797
ENSG00000177788.6	AL162595.1	lncRNA	153	81	75	1.5851	0.4643	0.4471
ENSG00000177791.12	MYOZ1	protein_coding	3	2	1	0.1960	0.0574	0.0553
ENSG00000177800.2	TMEM78	lncRNA	0	0	0	0.0000	0.0000	0.0000
ENSG00000177803.7	YWHAQP4	processed_pseudogene	0	0	0	0.0000	0.0000	0.0000
ENSG00000177807.10	KCNJ10	protein_coding	106	59	47	1.4398	0.4217	0.4061
ENSG00000177822.8	TENM3-AS1	lncRNA	240	138	116	3.3145	0.9709	0.9349
ENSG00000177830.18	CHID1	protein_coding	2761	1380	1382	43.7517	12.8156	12.3404
ENSG00000177839.7	PCDHB9	protein_coding	43	20	23	0.8271	0.2423	0.2333
ENSG00000177842.12	ZNF620	protein_coding	45	20	25	1.0102	0.2959	0.2849
ENSG00000177853.14	ZNF518A	protein_coding	749	391	401	5.8402	1.7107	1.6473
ENSG00000177854.8	TMEM187	protein_coding	209	109	100	11.8639	3.4751	3.3463
ENSG00000177855.8	CACYBPP2	processed_pseudogene	18	7	11	2.2545	0.6604	0.6359
ENSG00000177868.12	SVBP	protein_coding	147	144	120	9.2264	2.7026	2.6024
ENSG00000177873.14	ZNF619	protein_coding	123	59	64	1.9593	0.5739	0.5526
ENSG00000177875.5	CCDC184	protein_coding	58	21	37	2.1574	0.6319	0.6085
ENSG00000177879.17	AP3S1	protein_coding	3270	1650	1646	94.8071	27.7705	26.7409
ENSG00000177885.15	GRB2	protein_coding	8192	4148	4044	147.5124	43.2087	41.6067
ENSG00000177888.8	ZBTB41	protein_coding	1261	625	636	12.3384	3.6141	3.4801
ENSG00000177889.10	UBE2N	protein_coding	2530	1331	1273	36.0848	10.5698	10.1779
ENSG00000177910.8	SPATA31C2	transcribed_unprocessed_pseudogene	0	0	0	0.0000	0.0000	0.0000
ENSG00000177917.11	ARL6IP6	protein_coding	685	349	342	15.0389	4.4051	4.2418
ENSG00000177932.7	ZNF354C	protein_coding	25	26	27	0.3603	0.1055	0.1016
ENSG00000177938.5	CAPZA3	protein_coding	0	0	0	0.0000	0.0000	0.0000
ENSG00000177943.14	MAMDC4	protein_coding	38	19	20	0.5878	0.1722	0.1658
ENSG00000177946.6	CENPBD1	protein_coding	905	467	457	25.1154	7.3567	7.0839
ENSG00000177947.14	ODF3	protein_coding	1	0	1	0.0275	0.0081	0.0078
ENSG00000177951.17	BET1L	protein_coding	1433	1158	1161	31.4610	9.2154	8.8737
ENSG00000177954.14	RPS27	protein_coding	11751	5825	5927	970.7200	284.3391	273.7973
ENSG00000177963.14	RIC8A	protein_coding	2735	1427	1437	34.7431	10.1768	9.7995
ENSG00000177971.8	IMP3	protein_coding	1245	1675	1702	41.2187	12.0736	11.6260
ENSG00000177981.11	ASB8	protein_coding	1365	677	688	28.3692	8.3098	8.0017
ENSG00000177984.7	LCN15	protein_coding	0	0	0	0.0000	0.0000	0.0000
ENSG00000177989.13	ODF3B	protein_coding	1033	500	533	38.1238	11.1671	10.7530
ENSG00000177990.12	DPY19L2	protein_coding	147	66	81	2.2248	0.6517	0.6275
ENSG00000177992.10	SPATA31E1	protein_coding	0	0	0	0.0000	0.0000	0.0000
ENSG00000177993.3	ZNRF3-AS1	lncRNA	39	20	19	1.5262	0.4471	0.4305
ENSG00000177994.16	C2orf73	protein_coding	20	11	9	0.6203	0.1817	0.1750
ENSG00000178015.5	GPR150	protein_coding	7	3	4	0.2891	0.0847	0.0815
ENSG00000178021.11	TSPYL6	protein_coding	0	0	0	0.0000	0.0000	0.0000
ENSG00000178026.13	LRRC75B	protein_coding	245	115	132	6.0799	1.7809	1.7149
ENSG00000178028.14	DMAP1	protein_coding	1385	702	684	21.0064	6.1531	5.9250
ENSG00000178031.17	ADAMTSL1	protein_coding	347	165	186	2.1915	0.6419	0.6181
ENSG00000178033.6	CALHM5	protein_coding	147	80	78	1.2755	0.3736	0.3598
ENSG00000178035.13	IMPDH2	protein_coding	5503	2933	2952	91.2194	26.7196	25.7290
ENSG00000178038.17	ALS2CL	protein_coding	132	65	67	1.2374	0.3625	0.3490
ENSG00000178053.20	MLF1	protein_coding	753	375	378	17.1205	5.0149	4.8289
ENSG00000178055.13	PRSS42P	transcribed_unitary_pseudogene	3	1	2	0.1372	0.0402	0.0387
ENSG00000178057.15	NDUFAF3	protein_coding	1258	796	751	61.8587	18.1194	17.4476
ENSG00000178074.6	C2orf69	protein_coding	1644	828	862	32.7798	9.6017	9.2457
ENSG00000178075.20	GRAMD1C	protein_coding	667	387	325	7.6091	2.2288	2.1462
ENSG00000178078.12	STAP2	protein_coding	55	30	25	1.6886	0.4946	0.4763
ENSG00000178081.12	ULK4P3	transcribed_unprocessed_pseudogene	0	0	0	0.0000	0.0000	0.0000
ENSG00000178082.6	TWF1P1	processed_pseudogene	14	5	10	1.1334	0.3320	0.3197
ENSG00000178084.2	HTR3C	protein_coding	0	0	0	0.0000	0.0000	0.0000
ENSG00000178093.14	TSSK6	protein_coding	35	18	22	1.9439	0.5694	0.5483
ENSG00000178096.9	BOLA1	protein_coding	379	201	178	22.0293	6.4527	6.2135
ENSG00000178104.19	PDE4DIP	protein_coding	3485	1802	1684	10.7138	3.1382	3.0219
ENSG00000178105.11	DDX10	protein_coding	994	503	491	9.8084	2.8730	2.7665
ENSG00000178107.2	AL161668.1	lncRNA	0	0	0	0.0000	0.0000	0.0000
ENSG00000178115.11	GOLGA8Q	protein_coding	0	0	0	0.0000	0.0000	0.0000
ENSG00000178125.14	PPP1R42	protein_coding	7	4	3	0.2642	0.0774	0.0745
ENSG00000178127.13	NDUFV2	protein_coding	2	1	1	0.0626	0.0184	0.0177
ENSG00000178130.9	FAM27E5	lncRNA	0	0	0	0.0000	0.0000	0.0000
ENSG00000178146.9	GK4P	processed_pseudogene	50	20	30	2.7045	0.7922	0.7628
ENSG00000178149.17	DALRD3	protein_coding	399	771	807	9.1924	2.6926	2.5928
ENSG00000178150.10	ZNF114	protein_coding	12	3	9	0.3381	0.0990	0.0954
ENSG00000178162.8	FAR2P2	transcribed_unprocessed_pseudogene	0	0	0	0.0000	0.0000	0.0000
ENSG00000178163.8	ZNF518B	protein_coding	2040	1015	1025	15.8715	4.6490	4.4767
ENSG00000178171.11	AMER3	protein_coding	0	0	1	0.0000	0.0000	0.0000
ENSG00000178172.7	SPINK6	protein_coding	0	0	0	0.0000	0.0000	0.0000
ENSG00000178175.12	ZNF366	protein_coding	35	18	17	0.4639	0.1359	0.1308
ENSG00000178177.16	LCORL	protein_coding	659	506	476	3.3081	0.9690	0.9331
ENSG00000178184.16	PARD6G	protein_coding	690	391	425	13.9778	4.0943	3.9425
ENSG00000178187.8	ZNF454	protein_coding	4	4	0	0.1276	0.0374	0.0360
ENSG00000178188.14	SH2B1	protein_coding	1728	882	854	20.5378	6.0158	5.7928
ENSG00000178199.14	ZC3H12D	protein_coding	79	40	39	1.0034	0.2939	0.2830
ENSG00000178201.4	VN1R1	protein_coding	8	5	4	0.2887	0.0846	0.0814
ENSG00000178202.13	POGLUT3	protein_coding	2519	1295	1224	43.3201	12.6891	12.2187
ENSG00000178209.16	PLEC	protein_coding	78186	39691	38506	390.7480	114.4562	110.2128
ENSG00000178217.14	SH2D4B	protein_coding	7	4	3	0.1297	0.0380	0.0366
ENSG00000178222.13	RNF212	protein_coding	4	4	0	0.0679	0.0199	0.0191
ENSG00000178226.11	PRSS36	protein_coding	29	18	11	0.6705	0.1964	0.1891
ENSG00000178229.8	ZNF543	protein_coding	246	121	125	5.6614	1.6583	1.5968
ENSG00000178233.18	TMEM151B	protein_coding	3	2	3	0.0465	0.0136	0.0131
ENSG00000178234.13	GALNT11	protein_coding	2583	1586	1628	26.4659	7.7523	7.4649
ENSG00000178235.8	SLITRK1	protein_coding	0	0	0	0.0000	0.0000	0.0000
ENSG00000178243.4	C9orf62	lncRNA	0	0	0	0.0000	0.0000	0.0000
ENSG00000178248.11	FAM230I	lncRNA	0	0	0	0.0000	0.0000	0.0000
ENSG00000178252.18	WDR6	protein_coding	2647	1748	1792	42.3802	12.4138	11.9536
ENSG00000178257.4	PRM3	protein_coding	0	0	0	0.0000	0.0000	0.0000
ENSG00000178279.4	TNP2	protein_coding	1	0	1	0.0475	0.0139	0.0134
ENSG00000178287.18	SPAG11A	protein_coding	0	0	0	0.0000	0.0000	0.0000
ENSG00000178295.15	GEN1	protein_coding	633	308	325	4.5432	1.3308	1.2814
ENSG00000178297.14	TMPRSS9	protein_coding	22	44	56	0.4317	0.1264	0.1218
ENSG00000178301.4	AQP11	protein_coding	50	25	25	1.9981	0.5853	0.5636
ENSG00000178307.10	TMEM11	protein_coding	912	463	449	35.4126	10.3729	9.9883
ENSG00000178338.11	ZNF354B	protein_coding	120	68	52	2.7233	0.7977	0.7681
ENSG00000178342.4	KCNG2	protein_coding	0	0	0	0.0000	0.0000	0.0000
ENSG00000178343.5	SHISA3	protein_coding	5	3	2	0.1829	0.0536	0.0516
ENSG00000178358.4	OR2D3	protein_coding	0	0	0	0.0000	0.0000	0.0000
ENSG00000178363.5	CALML3	protein_coding	0	0	0	0.0000	0.0000	0.0000
ENSG00000178372.8	CALML5	protein_coding	0	0	0	0.0000	0.0000	0.0000
ENSG00000178381.12	ZFAND2A	protein_coding	582	298	284	21.6581	6.3440	6.1088
ENSG00000178385.15	PLEKHM3	protein_coding	915	467	449	6.6766	1.9557	1.8832
ENSG00000178386.13	ZNF223	protein_coding	43	21	22	1.1032	0.3231	0.3112
ENSG00000178394.5	HTR1A	protein_coding	0	0	0	0.0000	0.0000	0.0000
ENSG00000178395.7	CCDC185	protein_coding	0	0	0	0.0000	0.0000	0.0000
ENSG00000178397.13	FAM220A	protein_coding	900	436	464	31.9383	9.3552	9.0084
ENSG00000178401.16	DNAJC22	protein_coding	698	349	349	11.5230	3.3753	3.2501
ENSG00000178403.4	NEUROG2	protein_coding	1	1	0	0.0370	0.0108	0.0104
ENSG00000178404.10	CEP295NL	protein_coding	2	1	1	0.0616	0.0180	0.0174
ENSG00000178409.14	BEND3	protein_coding	197	104	93	2.3612	0.6916	0.6660
ENSG00000178412.4	AC068473.1	lncRNA	0	0	0	0.0000	0.0000	0.0000
ENSG00000178425.14	NT5DC1	protein_coding	567	310	322	6.5896	1.9302	1.8586
ENSG00000178429.9	RPS3AP5	processed_pseudogene	27	14	13	2.7928	0.8180	0.7877
ENSG00000178440.7	TIMM23B-AGAP6	protein_coding	5	5	2	0.0988	0.0289	0.0279
ENSG00000178445.10	GLDC	protein_coding	972	453	519	9.2933	2.7221	2.6212
ENSG00000178449.9	COX14	protein_coding	720	352	368	63.0337	18.4636	17.7790
ENSG00000178457.3	LINC00314	lncRNA	0	0	0	0.0000	0.0000	0.0000
ENSG00000178458.5	H3P16	processed_pseudogene	13	11	2	2.6860	0.7868	0.7576
ENSG00000178460.18	MCMDC2	protein_coding	165	385	394	2.2052	0.6459	0.6220
ENSG00000178462.12	TUBAL3	protein_coding	0	0	0	0.0000	0.0000	0.0000
ENSG00000178464.6	RPL10P16	processed_pseudogene	186	112	74	24.4887	7.1731	6.9072
ENSG00000178467.18	P4HTM	protein_coding	595	310	305	6.6162	1.9380	1.8661
ENSG00000178473.7	UCN3	protein_coding	0	0	0	0.0000	0.0000	0.0000
ENSG00000178498.16	DTX3	protein_coding	1310	682	628	27.2194	7.9730	7.6774
ENSG00000178502.6	KLHL11	protein_coding	278	138	140	3.1894	0.9342	0.8996
ENSG00000178503.6	NECAP1P1	processed_pseudogene	0	0	0	0.0000	0.0000	0.0000
ENSG00000178522.14	AMBN	protein_coding	0	0	0	0.0000	0.0000	0.0000
ENSG00000178531.6	CTXN1	protein_coding	75	31	44	5.1488	1.5082	1.4522
ENSG00000178537.10	SLC25A20	protein_coding	610	312	298	27.2927	7.9944	7.6981
ENSG00000178538.10	CA8	protein_coding	2081	1048	1033	22.9327	6.7173	6.4683
ENSG00000178556.8	CKS1BP6	processed_pseudogene	1	0	1	0.3538	0.1036	0.0998
ENSG00000178562.18	CD28	protein_coding	167	72	95	2.9031	0.8504	0.8188
ENSG00000178567.8	EPM2AIP1	protein_coding	966	472	494	10.1413	2.9706	2.8604
ENSG00000178568.15	ERBB4	protein_coding	1	0	1	0.0065	0.0019	0.0018
ENSG00000178573.7	MAF	protein_coding	2116	1067	1050	25.6739	7.5203	7.2415
ENSG00000178585.15	CTNNBIP1	protein_coding	2279	1553	1654	57.9616	16.9779	16.3484
ENSG00000178586.5	OR6B3	protein_coding	0	0	0	0.0000	0.0000	0.0000
ENSG00000178591.7	DEFB125	protein_coding	0	0	0	0.0000	0.0000	0.0000
ENSG00000178596.10	GAPDHP29	processed_pseudogene	2	2	0	0.1724	0.0505	0.0486
ENSG00000178597.7	PSAPL1	protein_coding	0	0	1	0.0000	0.0000	0.0000
ENSG00000178602.8	OTOS	protein_coding	0	0	0	0.0000	0.0000	0.0000
ENSG00000178605.13	GTPBP6	protein_coding	1196	625	571	34.2661	10.0371	9.6650
ENSG00000178605.13_PAR_Y	GTPBP6	protein_coding	0	0	0	0.0000	0.0000	0.0000
ENSG00000178607.16	ERN1	protein_coding	908	482	446	7.0975	2.0790	2.0019
ENSG00000178623.12	GPR35	protein_coding	26	9	17	0.4338	0.1271	0.1223
ENSG00000178631.7	ACTG1P1	processed_pseudogene	15	7	8	1.1283	0.3305	0.3182
ENSG00000178636.8	AC092656.1	transcribed_processed_pseudogene	12	12	3	0.4139	0.1212	0.1167
ENSG00000178645.13	C10orf53	protein_coding	0	0	0	0.0000	0.0000	0.0000
ENSG00000178654.11	PPIAP33	processed_pseudogene	4	2	2	0.6120	0.1793	0.1726
ENSG00000178660.6	ARMC10P1	processed_pseudogene	3	1	2	0.2980	0.0873	0.0840
ENSG00000178662.16	CSRNP3	protein_coding	13	8	5	0.0879	0.0257	0.0248
ENSG00000178665.16	ZNF713	protein_coding	67	32	35	0.8780	0.2572	0.2477
ENSG00000178685.14	PARP10	protein_coding	9230	4728	4709	129.9214	38.0560	36.6451
ENSG00000178690.3	DYNAP	protein_coding	0	0	0	0.0000	0.0000	0.0000
ENSG00000178691.11	SUZ12	protein_coding	2158	1117	1041	27.9741	8.1941	7.8903
ENSG00000178694.10	NSUN3	protein_coding	877	417	461	8.4077	2.4627	2.3714
ENSG00000178695.6	KCTD12	protein_coding	2888	1437	1451	39.3597	11.5291	11.1016
ENSG00000178700.9	DHFR2	protein_coding	973	477	497	18.9861	5.5613	5.3551
ENSG00000178715.8	AL450998.1	processed_pseudogene	142	30	113	27.5313	8.0643	7.7654
ENSG00000178718.7	RPP25	protein_coding	3947	1938	2010	142.3274	41.6899	40.1443
ENSG00000178719.17	GRINA	protein_coding	17897	8836	9270	600.9574	176.0298	169.5036
ENSG00000178722.13	C5orf64	lncRNA	0	0	0	0.0000	0.0000	0.0000
ENSG00000178723.7	GLULP4	processed_pseudogene	1	0	2	0.0757	0.0222	0.0213
ENSG00000178726.7	THBD	protein_coding	3588	1820	1768	75.4194	22.0915	21.2725
ENSG00000178732.5	GP5	protein_coding	4	3	2	0.0961	0.0282	0.0271
ENSG00000178734.5	LMO7DN	lncRNA	1	0	1	0.0728	0.0213	0.0205
ENSG00000178741.12	COX5A	protein_coding	2831	1445	1387	181.3045	53.1069	51.1380
ENSG00000178750.3	STX19	protein_coding	2	0	2	0.1478	0.0433	0.0417
ENSG00000178752.16	ERFE	protein_coding	65	31	34	1.5401	0.4511	0.4344
ENSG00000178761.15	FAM219B	protein_coding	425	913	934	7.1966	2.1080	2.0299
ENSG00000178762.4	H2BC2P	unprocessed_pseudogene	0	0	0	0.0000	0.0000	0.0000
ENSG00000178764.8	ZHX2	protein_coding	603	291	313	11.4994	3.3684	3.2435
ENSG00000178772.7	CPN2	protein_coding	4	1	3	0.1123	0.0329	0.0317
ENSG00000178773.15	CPNE7	protein_coding	523	262	261	14.5237	4.2542	4.0965
ENSG00000178776.5	C5orf46	protein_coding	10	1	9	0.6972	0.2042	0.1967
ENSG00000178789.9	CD300LB	protein_coding	31	13	18	0.9675	0.2834	0.2729
ENSG00000178795.9	GDPD4	protein_coding	1	0	1	0.0266	0.0078	0.0075
ENSG00000178796.13	RIIAD1	protein_coding	0	0	0	0.0000	0.0000	0.0000
ENSG00000178802.18	MPI	protein_coding	1952	1720	1657	18.2359	5.3416	5.1436
ENSG00000178803.12	ADORA2A-AS1	lncRNA	1	28	21	0.0211	0.0062	0.0059
ENSG00000178804.7	H1-8	protein_coding	0	0	0	0.0000	0.0000	0.0000
ENSG00000178809.11	TRIM73	protein_coding	4	1	3	0.0613	0.0179	0.0173
ENSG00000178814.17	OPLAH	protein_coding	2169	1117	1143	41.4754	12.1488	11.6984
ENSG00000178821.13	TMEM52	protein_coding	44	22	23	2.3353	0.6840	0.6587
ENSG00000178826.11	TMEM139	protein_coding	1	12	11	0.0331	0.0097	0.0093
ENSG00000178828.7	RNF186	protein_coding	0	0	0	0.0000	0.0000	0.0000
ENSG00000178836.6	AC114812.1	transcribed_processed_pseudogene	0	0	0	0.0000	0.0000	0.0000
ENSG00000178852.16	EFCAB13	protein_coding	129	77	56	1.6404	0.4805	0.4627
ENSG00000178860.8	MSC	protein_coding	1329	971	1054	53.4119	15.6452	15.0651
ENSG00000178878.13	APOLD1	protein_coding	369	191	178	4.3576	1.2764	1.2291
ENSG00000178882.15	RFLNA	protein_coding	120	61	60	3.0824	0.9029	0.8694
ENSG00000178896.9	EXOSC4	protein_coding	1500	1155	1031	91.9052	26.9205	25.9224
ENSG00000178904.19	DPY19L3	protein_coding	1631	808	823	12.8472	3.7631	3.6236
ENSG00000178913.8	TAF7	protein_coding	5737	2849	2889	181.5159	53.1688	51.1976
ENSG00000178917.16	ZNF852	protein_coding	51	26	25	0.9667	0.2832	0.2727
ENSG00000178919.9	FOXE1	protein_coding	0	1	0	0.0000	0.0000	0.0000
ENSG00000178921.14	PFAS	protein_coding	2552	1233	1319	33.4905	9.8099	9.4462
ENSG00000178922.17	HYI	protein_coding	0	709	646	0.0000	0.0000	0.0000
ENSG00000178927.18	CYBC1	protein_coding	2278	1149	1151	26.7305	7.8298	7.5395
ENSG00000178928.8	TPRX1	protein_coding	0	0	0	0.0000	0.0000	0.0000
ENSG00000178934.5	LGALS7B	protein_coding	0	0	0	0.0000	0.0000	0.0000
ENSG00000178935.5	ZNF552	protein_coding	117	71	49	3.3241	0.9737	0.9376
ENSG00000178947.9	SMIM10L2A	protein_coding	75	41	34	1.2178	0.3567	0.3435
ENSG00000178950.17	GAK	protein_coding	4474	2226	2249	25.0699	7.3434	7.0711
ENSG00000178951.9	ZBTB7A	protein_coding	3591	1818	1773	45.2447	13.2529	12.7615
ENSG00000178952.11	TUFM	protein_coding	7826	4004	3823	300.5823	88.0453	84.7810
ENSG00000178965.14	ERICH3	protein_coding	4	3	1	0.0385	0.0113	0.0109
ENSG00000178966.17	RMI1	protein_coding	355	162	193	8.8148	2.5820	2.4863
ENSG00000178971.16	CTC1	protein_coding	1598	819	779	15.9033	4.6583	4.4856
ENSG00000178974.10	FBXO34	protein_coding	1196	605	596	25.2838	7.4060	7.1314
ENSG00000178977.3	LINC00324	lncRNA	142	74	68	5.7919	1.6965	1.6336
ENSG00000178980.15	SELENOW	protein_coding	4234	2089	2145	68.5124	20.0684	19.3243
ENSG00000178982.10	EIF3K	protein_coding	5491	2687	2804	166.6541	48.8156	47.0058
ENSG00000178988.11	MRFAP1L1	protein_coding	1978	1017	965	77.5855	22.7260	21.8835
ENSG00000178996.14	SNX18	protein_coding	3565	1744	1821	45.4977	13.3270	12.8329
ENSG00000178997.11	EXD1	protein_coding	6	3	3	0.1392	0.0408	0.0393
ENSG00000178999.13	AURKB	protein_coding	464	222	242	17.5828	5.1503	4.9593
ENSG00000179002.5	TAS1R2	protein_coding	0	0	0	0.0000	0.0000	0.0000
ENSG00000179008.9	C14orf39	protein_coding	0	2	1	0.0000	0.0000	0.0000
ENSG00000179010.14	MRFAP1	protein_coding	9041	4358	4689	289.1773	84.7046	81.5642
ENSG00000179021.10	C3orf38	protein_coding	1110	575	548	28.9235	8.4721	8.1580
ENSG00000179023.8	KLHDC7A	protein_coding	1	0	2	0.0165	0.0048	0.0047
ENSG00000179028.4	AC245177.1	lncRNA	0	0	0	0.0000	0.0000	0.0000
ENSG00000179029.15	TMEM107	protein_coding	765	401	364	16.4758	4.8260	4.6471
ENSG00000179031.8	NSA2P3	processed_pseudogene	0	0	0	0.0000	0.0000	0.0000
ENSG00000179038.8	AP001885.1	transcribed_processed_pseudogene	0	0	0	0.0000	0.0000	0.0000
ENSG00000179041.4	RRS1	protein_coding	1444	708	736	71.2937	20.8830	20.1088
ENSG00000179044.16	EXOC3L1	protein_coding	54	24	30	1.5060	0.4411	0.4248
ENSG00000179046.8	TRIML2	protein_coding	1	1	0	0.0278	0.0082	0.0079
ENSG00000179051.14	RCC2	protein_coding	5362	3421	3266	111.6311	32.6985	31.4862
ENSG00000179055.7	OR13D1	protein_coding	0	0	0	0.0000	0.0000	0.0000
ENSG00000179057.14	IGSF22	protein_coding	21	12	28	0.3689	0.1081	0.1041
ENSG00000179058.7	C9orf50	protein_coding	8	4	4	0.1938	0.0568	0.0547
ENSG00000179059.10	ZFP42	protein_coding	0	0	0	0.0000	0.0000	0.0000
ENSG00000179066.8	AC020907.1	lncRNA	4	2	3	0.1096	0.0321	0.0309
ENSG00000179071.5	CCDC89	protein_coding	2	1	1	0.0723	0.0212	0.0204
ENSG00000179073.6	TAAR3P	transcribed_unprocessed_pseudogene	0	0	0	0.0000	0.0000	0.0000
ENSG00000179082.3	C9orf106	lncRNA	2	2	0	0.0540	0.0158	0.0152
ENSG00000179083.6	FAM133A	protein_coding	90	44	46	2.2605	0.6621	0.6376
ENSG00000179085.8	DPM3	protein_coding	600	305	295	81.9168	23.9947	23.1051
ENSG00000179088.15	C12orf42	protein_coding	4	4	1	0.0698	0.0204	0.0197
ENSG00000179091.5	CYC1	protein_coding	4684	2329	2357	202.6324	59.3542	57.1537
ENSG00000179094.16	PER1	protein_coding	1443	739	706	17.5007	5.1262	4.9362
ENSG00000179097.6	HTR1F	protein_coding	1181	595	613	28.2669	8.2798	7.9729
ENSG00000179101.5	H3P47	processed_pseudogene	9	6	3	1.9107	0.5597	0.5389
ENSG00000179104.9	TMTC2	protein_coding	2356	1164	1192	24.0385	7.0413	6.7802
ENSG00000179111.9	HES7	protein_coding	4	1	3	0.1807	0.0529	0.0510
ENSG00000179115.11	FARSA	protein_coding	4146	2142	2202	144.6509	42.3705	40.7996
ENSG00000179119.15	SPTY2D1	protein_coding	821	505	457	11.8189	3.4619	3.3336
ENSG00000179131.7	AC073335.1	processed_pseudogene	1	0	1	0.2339	0.0685	0.0660
ENSG00000179133.15	C10orf67	protein_coding	20	14	13	0.2624	0.0769	0.0740
ENSG00000179134.15	SAMD4B	protein_coding	6311	3209	3234	66.5177	19.4841	18.7617
ENSG00000179136.7	LINC00670	lncRNA	0	0	0	0.0000	0.0000	0.0000
ENSG00000179141.9	MTUS2-AS1	lncRNA	5	2	5	0.1654	0.0485	0.0467
ENSG00000179142.2	CYP11B2	protein_coding	0	0	0	0.0000	0.0000	0.0000
ENSG00000179144.5	GIMAP7	protein_coding	473	257	216	33.0868	9.6916	9.3323
ENSG00000179148.10	ALOXE3	protein_coding	3	2	1	0.0677	0.0198	0.0191
ENSG00000179151.13	EDC3	protein_coding	1068	626	700	17.8218	5.2203	5.0267
ENSG00000179152.20	TCAIM	protein_coding	898	482	434	8.7222	2.5549	2.4602
ENSG00000179157.4	RPS2P28	processed_pseudogene	1	1	0	0.1146	0.0336	0.0323
ENSG00000179163.12	FUCA1	protein_coding	1507	768	739	62.6408	18.3485	17.6682
ENSG00000179165.11	PXT1	protein_coding	1	1	8	0.0410	0.0120	0.0116
ENSG00000179168.15	GGN	protein_coding	54	42	26	1.8755	0.5494	0.5290
ENSG00000179170.11	OR7E97P	unprocessed_pseudogene	0	0	0	0.0000	0.0000	0.0000
ENSG00000179172.10	HNRNPCL1	protein_coding	2	2	2	0.1498	0.0439	0.0422
ENSG00000179178.11	TMEM125	protein_coding	5	2	3	0.1986	0.0582	0.0560
ENSG00000179195.16	ZNF664	protein_coding	2371	1146	1225	31.7581	9.3024	8.9576
ENSG00000179213.13	SIGLECL1	protein_coding	0	0	0	0.0000	0.0000	0.0000
ENSG00000179218.14	CALR	protein_coding	78978	47514	46301	2471.2038	723.8543	697.0175
ENSG00000179219.5	LINC00311	lncRNA	1	0	1	0.0542	0.0159	0.0153
ENSG00000179222.18	MAGED1	protein_coding	8170	4053	4117	115.3833	33.7976	32.5445
ENSG00000179240.13	GVQW3	protein_coding	153	69	84	0.6461	0.1892	0.1822
ENSG00000179241.13	LDLRAD3	protein_coding	6742	3387	3363	125.1440	36.6566	35.2976
ENSG00000179242.16	CDH4	protein_coding	4	2	2	0.0452	0.0132	0.0127
ENSG00000179253.3	AL162457.1	lncRNA	1	1	0	0.0425	0.0124	0.0120
ENSG00000179256.2	SMCO3	protein_coding	0	2	0	0.0000	0.0000	0.0000
ENSG00000179262.10	RAD23A	protein_coding	5063	3869	3991	168.8073	49.4463	47.6131
ENSG00000179270.7	PCARE	protein_coding	0	0	0	0.0000	0.0000	0.0000
ENSG00000179271.3	GADD45GIP1	protein_coding	2042	2471	2364	98.0258	28.7133	27.6487
ENSG00000179277.9	MEIS3P1	processed_pseudogene	240	126	118	21.2744	6.2316	6.0006
ENSG00000179284.5	DAND5	protein_coding	2	1	1	0.0850	0.0249	0.0240
ENSG00000179292.5	TMEM151A	protein_coding	0	0	0	0.0000	0.0000	0.0000
ENSG00000179295.18	PTPN11	protein_coding	4092	2118	1974	49.4443	14.4830	13.9461
ENSG00000179299.17	NSUN7	protein_coding	3	23	28	0.0432	0.0127	0.0122
ENSG00000179300.4	RTL3	protein_coding	2	2	0	0.0641	0.0188	0.0181
ENSG00000179304.17	FAM156B	protein_coding	2	0	2	0.0381	0.0112	0.0108
ENSG00000179314.14	WSCD1	protein_coding	30	13	18	0.3570	0.1046	0.1007
ENSG00000179331.3	RAB39A	protein_coding	8	1	7	0.3604	0.1056	0.1017
ENSG00000179335.18	CLK3	protein_coding	1461	837	898	6.0690	1.7777	1.7118
ENSG00000179342.4	AC008267.1	processed_pseudogene	2	1	2	0.1589	0.0465	0.0448
ENSG00000179344.16	HLA-DQB1	protein_coding	1258	954	902	21.7842	6.3809	6.1444
ENSG00000179348.12	GATA2	protein_coding	103	48	56	1.9546	0.5725	0.5513
ENSG00000179361.18	ARID3B	protein_coding	269	144	125	3.6946	1.0822	1.0421
ENSG00000179362.14	HMGN2P46	transcribed_processed_pseudogene	23	55	60	0.6319	0.1851	0.1782
ENSG00000179363.7	TMEM31	protein_coding	0	0	0	0.0000	0.0000	0.0000
ENSG00000179364.14	PACS2	protein_coding	4010	2020	2024	27.5444	8.0682	7.7690
ENSG00000179381.8	OR4K11P	unprocessed_pseudogene	0	0	0	0.0000	0.0000	0.0000
ENSG00000179387.10	ELMOD2	protein_coding	1643	841	802	21.0857	6.1763	5.9474
ENSG00000179388.9	EGR3	protein_coding	1860	1029	1009	31.3833	9.1927	8.8518
ENSG00000179397.18	CATSPERE	protein_coding	19	5	14	0.3641	0.1067	0.1027
ENSG00000179399.15	GPC5	protein_coding	2	1	1	0.0481	0.0141	0.0136
ENSG00000179403.12	VWA1	protein_coding	2472	1231	1242	41.4459	12.1401	11.6901
ENSG00000179406.8	LINC00174	lncRNA	117	60	57	0.8542	0.2502	0.2409
ENSG00000179407.3	DNAJB8	protein_coding	0	0	0	0.0000	0.0000	0.0000
ENSG00000179409.11	GEMIN4	protein_coding	1387	685	711	20.4950	6.0033	5.7807
ENSG00000179412.11	HNRNPCL4	protein_coding	0	0	0	0.0000	0.0000	0.0000
ENSG00000179420.11	OR6W1P	transcribed_unprocessed_pseudogene	0	1	0	0.0000	0.0000	0.0000
ENSG00000179428.2	IL6-AS1	lncRNA	7	10	8	0.4358	0.1277	0.1229
ENSG00000179431.7	FJX1	protein_coding	509	281	228	17.9653	5.2623	5.0672
ENSG00000179443.5	OR13C6P	unprocessed_pseudogene	0	0	0	0.0000	0.0000	0.0000
ENSG00000179447.2	SLC24A3-AS1	lncRNA	0	0	0	0.0000	0.0000	0.0000
ENSG00000179452.2	LINC01699	lncRNA	0	0	0	0.0000	0.0000	0.0000
ENSG00000179454.14	KLHL28	protein_coding	1205	640	643	12.6786	3.7138	3.5761
ENSG00000179455.10	MKRN3	protein_coding	99	48	56	1.1803	0.3457	0.3329
ENSG00000179456.10	ZBTB18	protein_coding	905	462	443	19.6756	5.7633	5.5496
ENSG00000179460.5	EEF1A1P27	processed_pseudogene	3	2	1	0.2245	0.0657	0.0633
ENSG00000179468.5	OR9A2	protein_coding	1	0	1	0.0818	0.0240	0.0231
ENSG00000179476.8	C14orf28	protein_coding	149	81	68	3.2578	0.9542	0.9189
ENSG00000179477.11	ALOX12B	protein_coding	0	0	4	0.0000	0.0000	0.0000
ENSG00000179520.11	SLC17A8	protein_coding	5	4	1	0.0994	0.0291	0.0280
ENSG00000179523.5	EIF3J-DT	lncRNA	121	96	89	2.9758	0.8717	0.8393
ENSG00000179526.17	SHARPIN	protein_coding	3911	2114	2275	119.3402	34.9566	33.6606
ENSG00000179528.16	LBX2	protein_coding	113	280	251	4.2162	1.2350	1.1892
ENSG00000179532.13	DNHD1	protein_coding	149	80	73	0.6446	0.1888	0.1818
ENSG00000179542.16	SLITRK4	protein_coding	113	58	55	1.0388	0.3043	0.2930
ENSG00000179546.4	HTR1D	protein_coding	2	1	1	0.0599	0.0175	0.0169
ENSG00000179562.3	GCC1	protein_coding	2628	1861	1933	44.9398	13.1636	12.6755
ENSG00000179564.4	LSMEM2	protein_coding	2	121	130	0.1184	0.0347	0.0334
ENSG00000179571.10	NBPF17P	unprocessed_pseudogene	0	0	0	0.0000	0.0000	0.0000
ENSG00000179577.3	AP003471.1	lncRNA	1	0	1	0.0427	0.0125	0.0120
ENSG00000179580.10	RNF151	protein_coding	1	1	0	0.0868	0.0254	0.0245
ENSG00000179583.19	CIITA	protein_coding	1167	1013	1009	4.7744	1.3985	1.3466
ENSG00000179588.9	ZFPM1	protein_coding	252	135	118	3.4729	1.0173	0.9795
ENSG00000179593.16	ALOX15B	protein_coding	81	45	37	2.2845	0.6692	0.6443
ENSG00000179598.6	PLD6	protein_coding	298	191	214	9.8163	2.8753	2.7687
ENSG00000179600.4	GPHB5	protein_coding	0	0	0	0.0000	0.0000	0.0000
ENSG00000179603.18	GRM8	protein_coding	1	2	0	0.0136	0.0040	0.0038
ENSG00000179604.10	CDC42EP4	protein_coding	1136	541	595	19.9441	5.8419	5.6254
ENSG00000179611.3	DGKZP1	processed_pseudogene	50	22	28	1.5295	0.4480	0.4314
ENSG00000179615.3	OR2AP1	protein_coding	0	0	0	0.0000	0.0000	0.0000
ENSG00000179626.4	OR6C4	protein_coding	0	1	0	0.0000	0.0000	0.0000
ENSG00000179627.10	ZBTB42	protein_coding	513	262	253	11.7203	3.4330	3.3058
ENSG00000179630.11	LACC1	protein_coding	416	201	235	7.8872	2.3103	2.2246
ENSG00000179632.10	MAF1	protein_coding	4904	2777	2608	172.4430	50.5113	48.6386
ENSG00000179636.15	TPPP2	protein_coding	3	1	2	0.1029	0.0302	0.0290
ENSG00000179639.10	FCER1A	protein_coding	27	17	10	1.9681	0.5765	0.5551
ENSG00000179673.5	RPRML	protein_coding	0	0	0	0.0000	0.0000	0.0000
ENSG00000179674.4	ARL14	protein_coding	2	1	1	0.1318	0.0386	0.0372
ENSG00000179676.7	LINC00305	lncRNA	0	0	0	0.0000	0.0000	0.0000
ENSG00000179695.3	OR6C2	protein_coding	0	0	0	0.0000	0.0000	0.0000
ENSG00000179698.14	WDR97	protein_coding	6	3	3	0.0567	0.0166	0.0160
ENSG00000179709.8	NLRP8	protein_coding	0	0	0	0.0000	0.0000	0.0000
ENSG00000179715.13	PCED1B	protein_coding	255	143	144	8.2715	2.4228	2.3330
ENSG00000179743.4	FLJ37453	lncRNA	45	31	25	1.5453	0.4526	0.4358
ENSG00000179750.16	APOBEC3B	protein_coding	154	115	86	6.8975	2.0204	1.9455
ENSG00000179751.7	SYCN	protein_coding	0	0	0	0.0000	0.0000	0.0000
ENSG00000179755.3	AC135776.1	lncRNA	0	0	0	0.0000	0.0000	0.0000
ENSG00000179761.12	PIPOX	protein_coding	36	21	18	0.8016	0.2348	0.2261
ENSG00000179766.19	ATP8B5P	transcribed_unprocessed_pseudogene	9	6	3	0.1215	0.0356	0.0343
ENSG00000179772.8	FOXS1	protein_coding	61	28	33	3.9786	1.1654	1.1222
ENSG00000179774.9	ATOH7	protein_coding	1	0	1	0.0559	0.0164	0.0158
ENSG00000179776.19	CDH5	protein_coding	1193	573	621	16.6628	4.8808	4.6999
ENSG00000179796.12	LRRC3B	protein_coding	3	2	1	0.0286	0.0084	0.0081
ENSG00000179799.9	OR7E22P	transcribed_unprocessed_pseudogene	0	0	0	0.0000	0.0000	0.0000
ENSG00000179813.7	FAM216B	protein_coding	80	50	30	2.0537	0.6016	0.5793
ENSG00000179817.5	MRGPRX4	protein_coding	10	4	6	0.5881	0.1723	0.1659
ENSG00000179818.14	PCBP1-AS1	lncRNA	285	7635	7827	0.7908	0.2316	0.2230
ENSG00000179820.16	MYADM	protein_coding	3247	2434	2361	64.1547	18.7919	18.0952
ENSG00000179826.7	MRGPRX3	protein_coding	4	1	3	0.2070	0.0606	0.0584
ENSG00000179832.17	MROH1	protein_coding	1745	860	891	13.5913	3.9811	3.8335
ENSG00000179833.4	SERTAD2	protein_coding	5095	2559	2536	68.9623	20.2001	19.4512
ENSG00000179840.5	PIK3CD-AS1	lncRNA	3	2	1	0.1397	0.0409	0.0394
ENSG00000179841.8	AKAP5	protein_coding	95	52	43	1.0739	0.3146	0.3029
ENSG00000179846.10	NKPD1	protein_coding	5	2	3	0.0851	0.0249	0.0240
ENSG00000179855.9	GIPC3	protein_coding	153	69	84	2.9376	0.8605	0.8286
ENSG00000179859.9	RNF227	protein_coding	177	80	97	5.0901	1.4910	1.4357
ENSG00000179862.7	CITED4	protein_coding	116	54	62	7.5197	2.2026	2.1210
ENSG00000179869.15	ABCA13	protein_coding	124	63	61	0.5520	0.1617	0.1557
ENSG00000179873.14	NLRP11	protein_coding	1	1	0	0.0197	0.0058	0.0056
ENSG00000179886.6	TIGD5	protein_coding	389	258	227	6.1242	1.7939	1.7274
ENSG00000179889.19	PDXDC1	protein_coding	5134	2946	3166	46.3317	13.5713	13.0681
ENSG00000179899.8	PHC1P1	processed_pseudogene	44	21	24	1.2207	0.3576	0.3443
ENSG00000179902.13	C1orf194	protein_coding	2	0	2	0.1384	0.0405	0.0390
ENSG00000179909.15	ZNF154	protein_coding	30	12	19	0.4459	0.1306	0.1258
ENSG00000179912.20	R3HDM2	protein_coding	1288	650	639	18.5291	5.4275	5.2263
ENSG00000179913.11	B3GNT3	protein_coding	37	17	20	1.1347	0.3324	0.3201
ENSG00000179914.5	ITLN1	protein_coding	2	1	1	0.1138	0.0333	0.0321
ENSG00000179915.24	NRXN1	protein_coding	1	1	0	0.0032	0.0009	0.0009
ENSG00000179918.19	SEPHS2	protein_coding	3919	1908	2011	148.3080	43.4417	41.8312
ENSG00000179919.3	OR10A7	protein_coding	0	0	0	0.0000	0.0000	0.0000
ENSG00000179921.15	GPBAR1	protein_coding	25	11	14	0.7881	0.2308	0.2223
ENSG00000179922.6	ZNF784	protein_coding	182	76	106	7.6361	2.2367	2.1538
ENSG00000179930.6	ZNF648	protein_coding	28	14	14	0.6516	0.1909	0.1838
ENSG00000179933.6	C14orf119	protein_coding	2304	1340	1333	66.7770	19.5600	18.8349
ENSG00000179934.7	CCR8	protein_coding	20	13	7	1.1445	0.3352	0.3228
ENSG00000179935.10	LINC00652	lncRNA	5	4	1	0.1027	0.0301	0.0290
ENSG00000179938.12	GOLGA8J	protein_coding	1	1	0	0.0312	0.0092	0.0088
ENSG00000179941.9	BBS10	protein_coding	995	508	487	23.6816	6.9367	6.6795
ENSG00000179943.8	FIZ1	protein_coding	476	275	271	5.9576	1.7451	1.6804
ENSG00000179950.14	PUF60	protein_coding	10134	4998	5140	175.0221	51.2667	49.3660
ENSG00000179954.16	SSC5D	protein_coding	315	153	162	3.6569	1.0712	1.0314
ENSG00000179958.10	DCTPP1	protein_coding	891	723	605	48.3786	14.1708	13.6455
ENSG00000179965.12	ZNF771	protein_coding	95	229	302	1.4596	0.4276	0.4117
ENSG00000179967.11	PPP1R14BP3	processed_pseudogene	491	255	236	93.6987	27.4458	26.4283
ENSG00000179978.11	NAIPP2	unprocessed_pseudogene	6	4	2	0.1438	0.0421	0.0406
ENSG00000179981.11	TSHZ1	protein_coding	1320	663	657	13.0860	3.8331	3.6910
ENSG00000179988.15	PSTK	protein_coding	28	39	36	0.3887	0.1138	0.1096
ENSG00000179994.11	SPDYE7P	transcribed_unprocessed_pseudogene	0	0	0	0.0000	0.0000	0.0000
ENSG00000179997.8	RPA3P1	processed_pseudogene	0	0	0	0.0000	0.0000	0.0000
ENSG00000180008.9	SOCS4	protein_coding	1507	747	760	18.1680	5.3217	5.1244
ENSG00000180011.7	ZADH2	protein_coding	902	442	460	9.6435	2.8247	2.7200
ENSG00000180015.12	AC093909.1	processed_pseudogene	20	5	15	1.5137	0.4434	0.4270
ENSG00000180016.2	OR1E1	protein_coding	0	0	0	0.0000	0.0000	0.0000
ENSG00000180019.6	AC079741.1	transcribed_processed_pseudogene	0	0	0	0.0000	0.0000	0.0000
ENSG00000180035.13	ZNF48	protein_coding	498	292	282	11.3501	3.3246	3.2014
ENSG00000180042.5	OR1R1P	protein_coding	0	0	0	0.0000	0.0000	0.0000
ENSG00000180043.11	FAM71E2	protein_coding	0	0	0	0.0000	0.0000	0.0000
ENSG00000180044.5	C3orf80	protein_coding	43	23	35	1.3435	0.3935	0.3789
ENSG00000180053.7	NKX2-6	protein_coding	0	0	0	0.0000	0.0000	0.0000
ENSG00000180061.10	TMEM150B	protein_coding	104	48	58	5.1527	1.5093	1.4533
ENSG00000180066.10	LINC02870	lncRNA	13	7	6	0.5412	0.1585	0.1526
ENSG00000180068.10	OR3A4P	transcribed_unprocessed_pseudogene	0	0	0	0.0000	0.0000	0.0000
ENSG00000180071.20	ANKRD18A	protein_coding	0	0	0	0.0000	0.0000	0.0000
ENSG00000180083.11	WFDC11	protein_coding	0	0	0	0.0000	0.0000	0.0000
ENSG00000180089.6	TMEM86B	protein_coding	40	21	19	1.5821	0.4634	0.4462
ENSG00000180090.5	OR3A1	protein_coding	1	0	2	0.0511	0.0150	0.0144
ENSG00000180096.12	SEPTIN1	protein_coding	333	188	223	6.7058	1.9642	1.8914
ENSG00000180098.9	TRNAU1AP	protein_coding	782	413	372	15.4043	4.5122	4.3449
ENSG00000180104.16	EXOC3	protein_coding	2705	1470	1442	28.1335	8.2407	7.9352
ENSG00000180105.11	ACER2P1	processed_pseudogene	1	1	0	0.1032	0.0302	0.0291
ENSG00000180113.16	TDRD6	protein_coding	76	48	34	0.7139	0.2091	0.2013
ENSG00000180116.15	C12orf40	protein_coding	0	12	17	0.0000	0.0000	0.0000
ENSG00000180138.7	CSNK1A1L	protein_coding	1	1	0	0.0353	0.0103	0.0100
ENSG00000180139.11	ACTA2-AS1	lncRNA	13	963	887	0.3468	0.1016	0.0978
ENSG00000180150.5	HMGN2P9	processed_pseudogene	0	0	0	0.0000	0.0000	0.0000
ENSG00000180152.3	XIAPP3	processed_pseudogene	1	0	1	0.1068	0.0313	0.0301
ENSG00000180155.20	LYNX1	protein_coding	1042	530	514	17.6199	5.1611	4.9698
ENSG00000180172.7	RPS12P23	processed_pseudogene	5	3	2	1.0615	0.3109	0.2994
ENSG00000180176.15	TH	protein_coding	2	1	1	0.0534	0.0156	0.0151
ENSG00000180178.11	FAR2P1	transcribed_unprocessed_pseudogene	0	0	0	0.0000	0.0000	0.0000
ENSG00000180182.11	MED14	protein_coding	2765	1381	1412	24.2868	7.1140	6.8502
ENSG00000180185.11	FAHD1	protein_coding	2454	1303	1278	68.5735	20.0862	19.3415
ENSG00000180189.10	HMGB1P14	processed_pseudogene	8	5	3	1.1495	0.3367	0.3242
ENSG00000180190.12	TDRP	protein_coding	31	19	12	0.7309	0.2141	0.2061
ENSG00000180198.16	RCC1	protein_coding	1620	805	819	35.3835	10.3644	9.9801
ENSG00000180205.4	WFDC9	protein_coding	0	0	0	0.0000	0.0000	0.0000
ENSG00000180209.12	MYLPF	protein_coding	3	2	1	0.2329	0.0682	0.0657
ENSG00000180210.15	F2	protein_coding	2	2	0	0.0670	0.0196	0.0189
ENSG00000180211.5	FO393411.1	processed_pseudogene	31	13	18	6.2679	1.8360	1.7679
ENSG00000180219.2	FAM71C	protein_coding	0	0	0	0.0000	0.0000	0.0000
ENSG00000180221.6	TPT1P10	processed_pseudogene	1	1	0	0.1712	0.0502	0.0483
ENSG00000180228.14	PRKRA	protein_coding	1239	1192	1194	8.7237	2.5553	2.4606
ENSG00000180229.12	HERC2P3	transcribed_unprocessed_pseudogene	40	18	22	0.3609	0.1057	0.1018
ENSG00000180230.6	NACAP2	processed_pseudogene	1	0	1	0.1361	0.0399	0.0384
ENSG00000180233.11	ZNRF2	protein_coding	319	149	170	7.9605	2.3318	2.2453
ENSG00000180245.7	RRH	protein_coding	16	8	8	0.1898	0.0556	0.0535
ENSG00000180251.5	SLC9A4	protein_coding	2	0	2	0.0373	0.0109	0.0105
ENSG00000180257.14	ZNF816	protein_coding	31	14	17	0.7953	0.2330	0.2243
ENSG00000180259.10	PRNT	lncRNA	0	0	0	0.0000	0.0000	0.0000
ENSG00000180263.14	FGD6	protein_coding	212	97	115	1.7924	0.5250	0.5056
ENSG00000180264.11	ADGRD2	protein_coding	0	1	0	0.0000	0.0000	0.0000
ENSG00000180269.8	GPR139	protein_coding	0	0	0	0.0000	0.0000	0.0000
ENSG00000180279.7	LINC01869	transcribed_unitary_pseudogene	2	1	1	0.1199	0.0351	0.0338
ENSG00000180284.5	CNEP1R1P1	processed_pseudogene	4	2	2	0.9131	0.2675	0.2576
ENSG00000180287.17	PLD5	protein_coding	227	106	121	2.0194	0.5915	0.5696
ENSG00000180304.14	OAZ2	protein_coding	4250	2146	2110	47.0489	13.7814	13.2704
ENSG00000180305.5	WFDC10A	protein_coding	1	0	1	0.1723	0.0505	0.0486
ENSG00000180316.12	PNPLA1	protein_coding	2	1	1	0.0560	0.0164	0.0158
ENSG00000180318.4	ALX1	protein_coding	888	448	440	56.6136	16.5830	15.9682
ENSG00000180329.14	CCDC43	protein_coding	679	558	591	20.1965	5.9159	5.6965
ENSG00000180332.6	KCTD4	protein_coding	0	0	0	0.0000	0.0000	0.0000
ENSG00000180336.18	MEIOC	protein_coding	20	245	255	0.1972	0.0578	0.0556
ENSG00000180340.7	FZD2	protein_coding	246	129	117	5.5280	1.6192	1.5592
ENSG00000180346.4	TIGD2	protein_coding	367	173	194	9.7821	2.8653	2.7591
ENSG00000180347.13	ITPRID1	protein_coding	0	0	0	0.0000	0.0000	0.0000
ENSG00000180353.11	HCLS1	protein_coding	1715	834	881	28.5958	8.3762	8.0656
ENSG00000180354.16	MTURN	protein_coding	372	183	189	4.9702	1.4558	1.4019
ENSG00000180357.9	ZNF609	protein_coding	3028	1560	1468	21.2301	6.2186	5.9881
ENSG00000180370.10	PAK2	protein_coding	7009	3612	3397	94.9294	27.8063	26.7754
ENSG00000180376.17	CCDC66	protein_coding	189	130	150	1.7284	0.5063	0.4875
ENSG00000180383.3	DEFB124	protein_coding	2	5	4	0.2330	0.0682	0.0657
ENSG00000180385.8	EMC3-AS1	transcribed_unprocessed_pseudogene	22	31	30	0.5030	0.1473	0.1419
ENSG00000180386.7	KRTAP9-7	protein_coding	0	0	0	0.0000	0.0000	0.0000
ENSG00000180389.7	ATP5F1EP2	processed_pseudogene	13	7	6	7.0767	2.0729	1.9960
ENSG00000180398.13	MCFD2	protein_coding	7258	3969	3871	103.7281	30.3836	29.2571
ENSG00000180409.3	OR10AA1P	unprocessed_pseudogene	0	0	0	0.0000	0.0000	0.0000
ENSG00000180422.3	LINC00304	lncRNA	0	0	0	0.0000	0.0000	0.0000
ENSG00000180423.4	HARBI1	protein_coding	399	449	421	12.7285	3.7284	3.5901
ENSG00000180424.7	DEFB123	protein_coding	3	2	1	0.7197	0.2108	0.2030
ENSG00000180425.11	C11orf71	protein_coding	171	184	140	6.5916	1.9308	1.8592
ENSG00000180432.6	CYP8B1	protein_coding	2	2	0	0.0407	0.0119	0.0115
ENSG00000180433.5	OR6K6	protein_coding	0	0	0	0.0000	0.0000	0.0000
ENSG00000180437.5	OR6K4P	unprocessed_pseudogene	0	0	0	0.0000	0.0000	0.0000
ENSG00000180438.15	TPRXL	transcribed_processed_pseudogene	2	2	0	0.0453	0.0133	0.0128
ENSG00000180440.4	SERTM1	protein_coding	0	0	0	0.0000	0.0000	0.0000
ENSG00000180447.7	GAS1	protein_coding	592	308	284	15.9850	4.6823	4.5087
ENSG00000180448.10	ARHGAP45	protein_coding	1282	628	724	17.4524	5.1121	4.9225
ENSG00000180458.2	AC022148.1	lncRNA	1	1	0	0.0260	0.0076	0.0073
ENSG00000180475.4	OR10Q1	protein_coding	0	0	0	0.0000	0.0000	0.0000
ENSG00000180479.14	ZNF571	protein_coding	14	8	7	0.1915	0.0561	0.0540
ENSG00000180481.11	GLIPR1L2	protein_coding	143	78	65	3.2203	0.9433	0.9083
ENSG00000180483.7	DEFB119	protein_coding	0	0	0	0.0000	0.0000	0.0000
ENSG00000180488.15	MIGA1	protein_coding	1745	899	847	14.6313	4.2857	4.1269
ENSG00000180509.12	KCNE1	protein_coding	666	350	316	10.0136	2.9332	2.8244
ENSG00000180525.13	PRR26	lncRNA	9	4	5	0.0827	0.0242	0.0233
ENSG00000180530.11	NRIP1	protein_coding	1949	1223	1205	19.4786	5.7056	5.4941
ENSG00000180532.10	ZSCAN4	protein_coding	0	0	0	0.0000	0.0000	0.0000
ENSG00000180535.4	BHLHA15	protein_coding	325	212	306	8.4556	2.4768	2.3850
ENSG00000180537.13	RNF182	protein_coding	5	3	2	0.1036	0.0303	0.0292
ENSG00000180539.8	C9orf139	lncRNA	17	10	10	0.2893	0.0847	0.0816
ENSG00000180543.5	TSPYL5	protein_coding	5227	2563	2666	99.9503	29.2770	28.1916
ENSG00000180549.8	FUT7	protein_coding	19	9	10	0.9708	0.2844	0.2738
ENSG00000180573.9	H2AC6	protein_coding	466	240	226	23.7248	6.9494	6.6917
ENSG00000180574.3	EIF2S3B	protein_coding	25	13	12	0.8762	0.2567	0.2471
ENSG00000180581.7	SRP9P1	processed_pseudogene	18	9	9	5.8566	1.7155	1.6519
ENSG00000180592.17	SKIDA1	protein_coding	22	11	11	0.2787	0.0816	0.0786
ENSG00000180596.7	H2BC4	protein_coding	29	16	13	2.9529	0.8649	0.8329
ENSG00000180610.10	ZBTB12BP	processed_pseudogene	4	4	0	0.3027	0.0887	0.0854
ENSG00000180611.7	MB21D2	protein_coding	54	28	26	1.4971	0.4385	0.4223
ENSG00000180613.11	GSX2	protein_coding	0	0	0	0.0000	0.0000	0.0000
ENSG00000180616.9	SSTR2	protein_coding	50	22	28	0.5406	0.1584	0.1525
ENSG00000180626.10	ZNF594	protein_coding	174	87	87	2.7880	0.8166	0.7864
ENSG00000180628.15	PCGF5	protein_coding	3670	1875	1795	37.4950	10.9829	10.5757
ENSG00000180638.19	SLC47A2	protein_coding	2	0	2	0.0254	0.0074	0.0072
ENSG00000180644.8	PRF1	protein_coding	604	303	302	20.3701	5.9667	5.7455
ENSG00000180658.4	OR2A4	protein_coding	0	0	0	0.0000	0.0000	0.0000
ENSG00000180660.8	MAB21L1	protein_coding	19	6	13	0.5562	0.1629	0.1569
ENSG00000180662.8	RPL21P8	processed_pseudogene	1	1	0	0.1587	0.0465	0.0448
ENSG00000180663.5	VN1R3	unitary_pseudogene	0	0	0	0.0000	0.0000	0.0000
ENSG00000180667.10	YOD1	protein_coding	509	270	298	6.6285	1.9416	1.8696
ENSG00000180673.9	EXOC5P1	processed_pseudogene	4	2	2	0.1725	0.0505	0.0487
ENSG00000180694.14	TMEM64	protein_coding	5510	2691	2819	79.7124	23.3490	22.4833
ENSG00000180697.9	C3orf22	protein_coding	0	0	0	0.0000	0.0000	0.0000
ENSG00000180708.6	OR10K2	protein_coding	0	1	0	0.0000	0.0000	0.0000
ENSG00000180712.4	LINC02363	lncRNA	0	0	0	0.0000	0.0000	0.0000
ENSG00000180714.3	OR5AZ1P	unprocessed_pseudogene	1	1	0	0.0901	0.0264	0.0254
ENSG00000180720.7	CHRM4	protein_coding	45	24	21	2.5291	0.7408	0.7133
ENSG00000180723.6	OR51A9P	unitary_pseudogene	0	0	0	0.0000	0.0000	0.0000
ENSG00000180730.5	SHISA2	protein_coding	32	12	20	0.7068	0.2070	0.1993
ENSG00000180739.14	S1PR5	protein_coding	27	13	14	0.8180	0.2396	0.2307
ENSG00000180745.5	CLRN3	protein_coding	0	0	0	0.0000	0.0000	0.0000
ENSG00000180747.15	SMG1P3	transcribed_unprocessed_pseudogene	35	17	18	0.4182	0.1225	0.1180
ENSG00000180758.12	GPR157	protein_coding	214	104	110	3.4263	1.0036	0.9664
ENSG00000180764.13	PIPSL	transcribed_processed_pseudogene	62	31	31	1.5717	0.4604	0.4433
ENSG00000180767.10	CHST13	protein_coding	20	13	7	0.8860	0.2595	0.2499
ENSG00000180769.10	WDFY3-AS2	lncRNA	187	95	99	1.6971	0.4971	0.4787
ENSG00000180770.3	OR7E129P	unprocessed_pseudogene	0	0	0	0.0000	0.0000	0.0000
ENSG00000180772.7	AGTR2	protein_coding	0	0	0	0.0000	0.0000	0.0000
ENSG00000180773.15	SLC36A4	protein_coding	197	99	98	1.7231	0.5047	0.4860
ENSG00000180776.16	ZDHHC20	protein_coding	2604	1324	1280	39.6580	11.6164	11.1858
ENSG00000180777.14	ANKRD30B	protein_coding	97	59	45	1.3260	0.3884	0.3740
ENSG00000180785.10	OR51E1	protein_coding	18	10	8	0.4232	0.1240	0.1194
ENSG00000180787.6	ZFP3	protein_coding	144	67	77	2.4521	0.7183	0.6916
ENSG00000180801.14	ARSJ	protein_coding	887	457	430	14.6375	4.2875	4.1286
ENSG00000180803.3	AL157366.1	processed_pseudogene	0	0	0	0.0000	0.0000	0.0000
ENSG00000180806.5	HOXC9	protein_coding	234	112	123	11.9276	3.4938	3.3643
ENSG00000180815.14	MAP3K15	protein_coding	6	277	263	0.0914	0.0268	0.0258
ENSG00000180817.12	PPA1	protein_coding	5371	2716	2655	88.2903	25.8616	24.9028
ENSG00000180818.5	HOXC10	protein_coding	458	280	238	16.4039	4.8049	4.6268
ENSG00000180822.12	PSMG4	protein_coding	276	191	202	2.2504	0.6592	0.6347
ENSG00000180828.3	BHLHE22	protein_coding	66	36	34	1.7177	0.5031	0.4845
ENSG00000180834.8	MAP6D1	protein_coding	4	1	3	0.1438	0.0421	0.0406
ENSG00000180846.8	CSNK1G2-AS1	lncRNA	0	0	0	0.0000	0.0000	0.0000
ENSG00000180855.16	ZNF443	protein_coding	73	40	33	2.3279	0.6819	0.6566
ENSG00000180861.9	LINC01559	lncRNA	3	3	0	0.0644	0.0189	0.0182
ENSG00000180867.11	PDIA3P1	transcribed_processed_pseudogene	689	298	395	17.5812	5.1498	4.9589
ENSG00000180869.4	LINC01555	lncRNA	0	0	0	0.0000	0.0000	0.0000
ENSG00000180871.8	CXCR2	protein_coding	5	4	3	0.1321	0.0387	0.0373
ENSG00000180872.7	DEFB112	protein_coding	0	0	0	0.0000	0.0000	0.0000
ENSG00000180875.5	GREM2	protein_coding	2	2	0	0.0407	0.0119	0.0115
ENSG00000180878.3	C11orf42	protein_coding	3	0	4	0.2208	0.0647	0.0623
ENSG00000180879.14	SSR4	protein_coding	7310	3724	3742	136.0141	39.8407	38.3636
ENSG00000180881.19	CAPS2	protein_coding	177	83	95	2.2471	0.6582	0.6338
ENSG00000180884.10	ZNF792	protein_coding	151	82	70	2.9051	0.8509	0.8194
ENSG00000180891.13	CUEDC1	protein_coding	1442	723	719	21.6123	6.3306	6.0959
ENSG00000180900.20	SCRIB	protein_coding	6627	3256	3374	85.4491	25.0294	24.1014
ENSG00000180901.11	KCTD2	protein_coding	2907	2293	2289	46.7634	13.6977	13.1899
ENSG00000180902.18	D2HGDH	protein_coding	753	400	439	12.1661	3.5636	3.4315
ENSG00000180909.2	OR52B1P	unprocessed_pseudogene	0	0	0	0.0000	0.0000	0.0000
ENSG00000180910.8	TTTY11	transcribed_unprocessed_pseudogene	0	0	0	0.0000	0.0000	0.0000
ENSG00000180913.3	OR56B3P	unprocessed_pseudogene	0	0	0	0.0000	0.0000	0.0000
ENSG00000180914.10	OXTR	protein_coding	28	12	16	0.5268	0.1543	0.1486
ENSG00000180917.18	CMTR2	protein_coding	1007	469	557	11.2787	3.3037	3.1812
ENSG00000180919.3	OR56B4	protein_coding	0	0	0	0.0000	0.0000	0.0000
ENSG00000180921.7	FAM83H	protein_coding	1856	944	913	25.3396	7.4224	7.1472
ENSG00000180926.6	OR7E18P	unprocessed_pseudogene	0	0	0	0.0000	0.0000	0.0000
ENSG00000180929.6	GPR62	protein_coding	1	17	9	0.0401	0.0117	0.0113
ENSG00000180934.7	OR56A1	protein_coding	0	0	0	0.0000	0.0000	0.0000
ENSG00000180938.6	ZNF572	protein_coding	91	52	39	2.3575	0.6905	0.6649
ENSG00000180953.11	ST20	protein_coding	21	9	12	1.1049	0.3236	0.3116
ENSG00000180957.18	PITPNB	protein_coding	6237	3093	3152	103.2655	30.2481	29.1266
ENSG00000180964.17	TCEAL8	protein_coding	2507	1261	1246	175.8015	51.4950	49.5858
ENSG00000180974.4	OR52E4	protein_coding	0	0	0	0.0000	0.0000	0.0000
ENSG00000180979.10	LRRC57	protein_coding	1012	509	504	10.5915	3.1024	2.9874
ENSG00000180988.2	OR52N2	protein_coding	0	0	0	0.0000	0.0000	0.0000
ENSG00000180992.7	MRPL14	protein_coding	1423	679	744	126.2715	36.9869	35.6156
ENSG00000180998.12	GPR137C	protein_coding	19	13	6	0.2480	0.0727	0.0700
ENSG00000180999.11	C1orf105	protein_coding	0	0	0	0.0000	0.0000	0.0000
ENSG00000181001.3	OR52N1	protein_coding	0	0	0	0.0000	0.0000	0.0000
ENSG00000181004.10	BBS12	protein_coding	1355	661	695	33.5375	9.8237	9.4595
ENSG00000181007.9	ZFP82	protein_coding	191	102	90	1.7603	0.5156	0.4965
ENSG00000181009.5	OR52N5	protein_coding	0	0	0	0.0000	0.0000	0.0000
ENSG00000181016.9	LSMEM1	protein_coding	12	8	4	0.3932	0.1152	0.1109
ENSG00000181017.6	OR56B2P	protein_coding	0	0	0	0.0000	0.0000	0.0000
ENSG00000181019.13	NQO1	protein_coding	4804	2893	2591	137.3133	40.2212	38.7300
ENSG00000181023.8	OR56B1	protein_coding	0	0	0	0.0000	0.0000	0.0000
ENSG00000181026.15	AEN	protein_coding	4148	2018	2131	58.9441	17.2657	16.6255
ENSG00000181027.11	FKRP	protein_coding	844	658	630	13.8605	4.0600	3.9094
ENSG00000181029.9	TRAPPC5	protein_coding	9	6	3	0.1346	0.0394	0.0380
ENSG00000181031.16	RPH3AL	protein_coding	84	40	45	1.1760	0.3445	0.3317
ENSG00000181035.14	SLC25A42	protein_coding	834	427	407	15.1787	4.4461	4.2812
ENSG00000181036.14	FCRL6	protein_coding	68	34	34	2.1571	0.6319	0.6084
ENSG00000181038.14	METTL23	protein_coding	405	207	200	17.9691	5.2634	5.0683
ENSG00000181045.15	SLC26A11	protein_coding	710	351	372	12.2973	3.6021	3.4685
ENSG00000181061.14	HIGD1A	protein_coding	882	437	445	24.7685	7.2551	6.9861
ENSG00000181072.11	CHRM2	protein_coding	0	0	0	0.0000	0.0000	0.0000
ENSG00000181074.4	OR52N4	protein_coding	0	0	0	0.0000	0.0000	0.0000
ENSG00000181085.15	MAPK15	protein_coding	11	7	6	0.3140	0.0920	0.0886
ENSG00000181090.21	EHMT1	protein_coding	1000	558	565	3.8273	1.1211	1.0795
ENSG00000181092.10	ADIPOQ	protein_coding	1	1	0	0.0185	0.0054	0.0052
ENSG00000181097.5	LINC02878	lncRNA	2	1	2	0.0865	0.0253	0.0244
ENSG00000181101.7	ENTR1P2	processed_pseudogene	0	0	0	0.0000	0.0000	0.0000
ENSG00000181104.7	F2R	protein_coding	2143	1044	1103	45.8168	13.4205	12.9229
ENSG00000181109.3	OR52P1P	polymorphic_pseudogene	0	0	0	0.0000	0.0000	0.0000
ENSG00000181123.8	AC004832.1	lncRNA	1	61	52	0.0351	0.0103	0.0099
ENSG00000181126.13	HLA-V	transcribed_unprocessed_pseudogene	3	2	6	0.0450	0.0132	0.0127
ENSG00000181135.16	ZNF707	protein_coding	596	312	284	7.9995	2.3432	2.2563
ENSG00000181143.15	MUC16	protein_coding	6	4	2	0.0116	0.0034	0.0033
ENSG00000181163.14	NPM1	protein_coding	26516	13441	13075	270.9362	79.3615	76.4191
ENSG00000181171.5	FER1L6-AS1	lncRNA	1	1	0	0.0367	0.0107	0.0103
ENSG00000181191.12	PJA1	protein_coding	1709	858	851	51.0120	14.9422	14.3882
ENSG00000181192.12	DHTKD1	protein_coding	2439	1208	1231	39.1163	11.4578	11.0330
ENSG00000181195.11	PENK	protein_coding	15	10	7	0.3755	0.1100	0.1059
ENSG00000181201.3	H2BU2P	unitary_pseudogene	3	1	2	0.4862	0.1424	0.1371
ENSG00000181211.1	HECW1-IT1	lncRNA	0	0	0	0.0000	0.0000	0.0000
ENSG00000181214.8	OR8G2P	polymorphic_pseudogene	0	0	0	0.0000	0.0000	0.0000
ENSG00000181215.15	C4orf50	protein_coding	8	3	5	0.0329	0.0096	0.0093
ENSG00000181218.5	H2AW	protein_coding	667	315	352	63.2871	18.5378	17.8505
ENSG00000181220.17	ZNF746	protein_coding	1837	907	931	18.5647	5.4379	5.2363
ENSG00000181222.19	POLR2A	protein_coding	11015	5601	5415	111.9568	32.7939	31.5781
ENSG00000181227.3	DLSTP1	processed_pseudogene	18	8	10	1.1289	0.3307	0.3184
ENSG00000181234.9	TMEM132C	protein_coding	0	0	0	0.0000	0.0000	0.0000
ENSG00000181240.14	SLC25A41	protein_coding	2	2	0	0.1030	0.0302	0.0291
ENSG00000181260.8	MTHFD2P7	processed_pseudogene	3	2	1	0.2592	0.0759	0.0731
ENSG00000181264.9	TLCD5	protein_coding	159	92	67	3.1364	0.9187	0.8846
ENSG00000181273.2	OR5AK2	protein_coding	0	0	0	0.0000	0.0000	0.0000
ENSG00000181274.7	FRAT2	protein_coding	96	45	52	3.6509	1.0694	1.0297
ENSG00000181282.5	OR5AK3P	polymorphic_pseudogene	0	0	0	0.0000	0.0000	0.0000
ENSG00000181284.3	TMEM102	protein_coding	218	177	182	8.6629	2.5375	2.4434
ENSG00000181291.8	TMEM132E	protein_coding	6	4	2	0.0833	0.0244	0.0235
ENSG00000181296.3	OR5G1P	unprocessed_pseudogene	0	0	0	0.0000	0.0000	0.0000
ENSG00000181315.11	ZNF322	protein_coding	183	86	97	3.0718	0.8998	0.8664
ENSG00000181322.15	NME9	protein_coding	4	2	2	0.0825	0.0242	0.0233
ENSG00000181323.8	SPEM1	protein_coding	0	0	0	0.0000	0.0000	0.0000
ENSG00000181325.7	OR9G3P	unprocessed_pseudogene	0	0	0	0.0000	0.0000	0.0000
ENSG00000181333.12	HEPHL1	protein_coding	13	8	5	0.1900	0.0557	0.0536
ENSG00000181350.12	LRRC75A	protein_coding	481	3019	3244	10.9362	3.2034	3.0846
ENSG00000181355.21	OFCC1	transcribed_unitary_pseudogene	3	1	2	0.0533	0.0156	0.0150
ENSG00000181358.3	CTAGE10P	processed_pseudogene	1	1	0	0.0353	0.0103	0.0099
ENSG00000181359.5	HSP90AA6P	transcribed_processed_pseudogene	9	7	2	0.8960	0.2625	0.2527
ENSG00000181371.4	OR5M8	protein_coding	0	0	0	0.0000	0.0000	0.0000
ENSG00000181374.8	CCL13	protein_coding	77	45	33	7.9452	2.3273	2.2410
ENSG00000181378.14	CFAP65	protein_coding	5	3	2	0.0404	0.0118	0.0114
ENSG00000181381.14	DDX60L	protein_coding	4980	2522	2458	34.8012	10.1938	9.8159
ENSG00000181392.17	SYNE4	protein_coding	13	9	6	0.4333	0.1269	0.1222
ENSG00000181396.13	OGFOD3	protein_coding	1142	583	600	15.1435	4.4358	4.2713
ENSG00000181404.17	WASHC1	protein_coding	114	56	58	4.1800	1.2244	1.1790
ENSG00000181408.4	UTS2R	protein_coding	1	1	1	0.0390	0.0114	0.0110
ENSG00000181409.14	AATK	protein_coding	2252	1460	1425	14.5132	4.2512	4.0935
ENSG00000181418.8	DDN	protein_coding	10	8	6	0.2226	0.0652	0.0628
ENSG00000181433.9	SAGE1	protein_coding	3	2	1	0.0863	0.0253	0.0243
ENSG00000181444.13	ZNF467	protein_coding	118	64	55	3.5247	1.0324	0.9942
ENSG00000181449.4	SOX2	protein_coding	1211	617	594	40.9390	11.9917	11.5471
ENSG00000181450.18	ZNF678	protein_coding	300	143	157	2.8577	0.8371	0.8060
ENSG00000181458.10	TMEM45A	protein_coding	911	465	446	12.8830	3.7736	3.6337
ENSG00000181467.5	RAP2B	protein_coding	3600	1861	1739	36.3858	10.6580	10.2628
ENSG00000181472.5	ZBTB2	protein_coding	517	254	263	14.1488	4.1444	3.9908
ENSG00000181481.14	RNF135	protein_coding	971	469	503	36.7132	10.7539	10.3552
ENSG00000181499.2	OR6T1	protein_coding	0	0	0	0.0000	0.0000	0.0000
ENSG00000181511.5	GLRX5P1	processed_pseudogene	0	0	0	0.0000	0.0000	0.0000
ENSG00000181513.15	ACBD4	protein_coding	681	345	336	15.3154	4.4861	4.3198
ENSG00000181514.6	FO393414.1	processed_pseudogene	0	0	0	0.0000	0.0000	0.0000
ENSG00000181518.4	OR8D4	protein_coding	0	0	0	0.0000	0.0000	0.0000
ENSG00000181523.13	SGSH	protein_coding	2095	1041	1101	26.7090	7.8235	7.5334
ENSG00000181524.6	RPL24P4	processed_pseudogene	95	66	29	19.1626	5.6130	5.4049
ENSG00000181541.6	MAB21L2	protein_coding	0	0	0	0.0000	0.0000	0.0000
ENSG00000181544.15	FANCB	protein_coding	142	67	75	3.3562	0.9831	0.9466
ENSG00000181552.4	EDDM3B	protein_coding	0	0	0	0.0000	0.0000	0.0000
ENSG00000181555.21	SETD2	protein_coding	1632	835	797	13.5276	3.9624	3.8155
ENSG00000181562.5	EDDM3A	protein_coding	0	0	0	0.0000	0.0000	0.0000
ENSG00000181577.16	C6orf223	lncRNA	1	0	1	0.0152	0.0045	0.0043
ENSG00000181585.7	TMIE	protein_coding	52	24	28	2.0453	0.5991	0.5769
ENSG00000181588.16	MEX3D	protein_coding	291	134	158	8.6708	2.5398	2.4457
ENSG00000181609.5	OR52D1	protein_coding	0	0	0	0.0000	0.0000	0.0000
ENSG00000181610.13	MRPS23	protein_coding	2077	1037	1040	27.6501	8.0991	7.7989
ENSG00000181616.9	OR52H1	protein_coding	0	0	0	0.0000	0.0000	0.0000
ENSG00000181617.6	FDCSP	protein_coding	507	241	266	83.9272	24.5836	23.6722
ENSG00000181619.11	GPR135	protein_coding	48	23	26	0.8190	0.2399	0.2310
ENSG00000181625.17	SLX1B	protein_coding	0	0	1	0.0000	0.0000	0.0000
ENSG00000181626.12	ANKRD62	protein_coding	0	0	0	0.0000	0.0000	0.0000
ENSG00000181631.7	P2RY13	protein_coding	142	72	70	4.3612	1.2775	1.2301
ENSG00000181634.8	TNFSF15	protein_coding	30	14	16	0.3272	0.0959	0.0923
ENSG00000181638.20	ZFP41	protein_coding	346	180	166	4.2522	1.2455	1.1993
ENSG00000181649.8	PHLDA2	protein_coding	1672	845	827	154.3337	45.2068	43.5307
ENSG00000181652.19	ATG9B	protein_coding	40	615	611	0.5315	0.1557	0.1499
ENSG00000181656.7	GPR88	protein_coding	6	3	3	0.1459	0.0427	0.0412
ENSG00000181666.18	ZNF875	protein_coding	925	470	455	10.7062	3.1360	3.0197
ENSG00000181690.8	PLAG1	protein_coding	34	18	16	0.3688	0.1080	0.1040
ENSG00000181693.8	OR8H1	protein_coding	0	0	0	0.0000	0.0000	0.0000
ENSG00000181698.4	OR5T1	protein_coding	0	0	0	0.0000	0.0000	0.0000
ENSG00000181704.12	YIPF6	protein_coding	4783	2399	2384	47.1857	13.8214	13.3090
ENSG00000181705.2	AL596028.1	processed_pseudogene	0	0	0	0.0000	0.0000	0.0000
ENSG00000181718.6	OR5T2	protein_coding	0	0	0	0.0000	0.0000	0.0000
ENSG00000181722.17	ZBTB20	protein_coding	183	88	102	0.4855	0.1422	0.1369
ENSG00000181733.4	OR2Z1	protein_coding	0	0	0	0.0000	0.0000	0.0000
ENSG00000181741.7	FDX1P1	processed_pseudogene	0	0	0	0.0000	0.0000	0.0000
ENSG00000181744.9	DIPK2A	protein_coding	727	344	383	11.3010	3.3102	3.1875
ENSG00000181751.10	MACIR	protein_coding	1605	753	852	38.8644	11.3840	10.9619
ENSG00000181752.3	OR8K5	protein_coding	0	0	0	0.0000	0.0000	0.0000
ENSG00000181754.7	AMIGO1	protein_coding	446	213	233	7.3672	2.1580	2.0779
ENSG00000181761.5	OR8H3	protein_coding	0	0	0	0.0000	0.0000	0.0000
ENSG00000181767.3	OR8H2	protein_coding	0	0	0	0.0000	0.0000	0.0000
ENSG00000181773.7	GPR3	protein_coding	210	111	99	8.3450	2.4444	2.3538
ENSG00000181778.5	TMEM252	protein_coding	1	1	0	0.0673	0.0197	0.0190
ENSG00000181780.4	OR5J1P	unprocessed_pseudogene	0	0	0	0.0000	0.0000	0.0000
ENSG00000181781.9	ODF3L2	protein_coding	4	3	2	0.1977	0.0579	0.0558
ENSG00000181785.3	OR5AS1	protein_coding	0	0	0	0.0000	0.0000	0.0000
ENSG00000181786.5	ACTL9	protein_coding	0	0	0	0.0000	0.0000	0.0000
ENSG00000181788.4	SIAH2	protein_coding	535	284	306	17.3472	5.0813	4.8929
ENSG00000181789.14	COPG1	protein_coding	22534	11481	11133	432.4514	126.6718	121.9754
ENSG00000181790.11	ADGRB1	protein_coding	111	51	60	1.2814	0.3753	0.3614
ENSG00000181798.3	LINC00471	lncRNA	10	2	8	0.6468	0.1894	0.1824
ENSG00000181800.6	CELF2-AS1	lncRNA	52	23	29	1.7885	0.5239	0.5045
ENSG00000181803.3	OR6S1	protein_coding	0	0	0	0.0000	0.0000	0.0000
ENSG00000181804.15	SLC9A9	protein_coding	155	73	91	3.2573	0.9541	0.9187
ENSG00000181817.6	LSM10	protein_coding	1793	869	924	101.1038	29.6149	28.5169
ENSG00000181819.14	KCTD9P2	processed_pseudogene	2	1	1	0.1677	0.0491	0.0473
ENSG00000181826.10	RELL1	protein_coding	3506	1877	1847	70.6528	20.6953	19.9280
ENSG00000181827.15	RFX7	protein_coding	1414	721	693	10.4361	3.0569	2.9436
ENSG00000181830.9	SLC35C1	protein_coding	2120	1091	1030	46.4597	13.6088	13.1042
ENSG00000181837.7	OR5D17P	unprocessed_pseudogene	0	0	0	0.0000	0.0000	0.0000
ENSG00000181847.12	TIGIT	protein_coding	445	233	212	6.2042	1.8173	1.7499
ENSG00000181852.18	RNF41	protein_coding	1928	962	966	25.0615	7.3409	7.0687
ENSG00000181856.15	SLC2A4	protein_coding	62	39	33	1.3179	0.3860	0.3717
ENSG00000181867.3	FTMT	protein_coding	0	0	0	0.0000	0.0000	0.0000
ENSG00000181873.13	IBA57	protein_coding	210	94	116	1.7432	0.5106	0.4917
ENSG00000181885.18	CLDN7	protein_coding	159	77	92	5.4183	1.5871	1.5283
ENSG00000181894.15	ZNF329	protein_coding	224	109	115	4.4084	1.2913	1.2434
ENSG00000181896.12	ZNF101	protein_coding	402	205	198	5.2040	1.5243	1.4678
ENSG00000181903.5	OR4C6	protein_coding	4	1	3	0.3036	0.0889	0.0856
ENSG00000181904.9	C5orf24	protein_coding	3737	1831	1908	55.1047	16.1410	15.5426
ENSG00000181908.5	LINC02724	lncRNA	2	1	1	0.0726	0.0213	0.0205
ENSG00000181915.5	ADO	protein_coding	2664	1493	1509	60.1670	17.6239	16.9705
ENSG00000181924.7	COA4	protein_coding	2723	1403	1327	107.1044	31.3726	30.2094
ENSG00000181927.4	OR4P4	protein_coding	0	0	0	0.0000	0.0000	0.0000
ENSG00000181929.13	PRKAG1	protein_coding	3451	1812	1756	70.3458	20.6054	19.8414
ENSG00000181938.14	GINS3	protein_coding	386	233	241	6.4172	1.8797	1.8100
ENSG00000181939.3	OR4C15	protein_coding	0	0	0	0.0000	0.0000	0.0000
ENSG00000181943.5	OR4A21P	unprocessed_pseudogene	0	0	0	0.0000	0.0000	0.0000
ENSG00000181950.3	OR4A13P	unprocessed_pseudogene	0	0	0	0.0000	0.0000	0.0000
ENSG00000181958.5	OR4A15	protein_coding	0	0	0	0.0000	0.0000	0.0000
ENSG00000181961.4	OR4A16	protein_coding	278	132	146	21.8389	6.3970	6.1598
ENSG00000181963.5	OR52K2	protein_coding	0	0	0	0.0000	0.0000	0.0000
ENSG00000181965.6	NEUROG1	protein_coding	0	0	0	0.0000	0.0000	0.0000
ENSG00000181977.3	PYY3	processed_pseudogene	0	0	0	0.0000	0.0000	0.0000
ENSG00000181982.19	CCDC149	protein_coding	2296	1155	1141	20.1631	5.9061	5.6871
ENSG00000181984.11	GOLGA8CP	unprocessed_pseudogene	0	0	0	0.0000	0.0000	0.0000
ENSG00000181991.16	MRPS11	protein_coding	730	735	757	11.0149	3.2264	3.1068
ENSG00000181995.12	LINC00301	transcribed_unitary_pseudogene	0	0	0	0.0000	0.0000	0.0000
ENSG00000181997.8	AQP7P2	unprocessed_pseudogene	0	0	0	0.0000	0.0000	0.0000
ENSG00000182000.9	PPIAP73	processed_pseudogene	1	0	1	0.2107	0.0617	0.0594
ENSG00000182004.13	SNRPE	protein_coding	1253	625	628	51.1564	14.9845	14.4290
ENSG00000182010.11	RTKN2	protein_coding	94	54	40	0.8151	0.2388	0.2299
ENSG00000182013.18	PNMA8A	protein_coding	2519	1238	1281	57.8773	16.9532	16.3246
ENSG00000182021.10	AL591379.1	transcribed_unprocessed_pseudogene	4	3	1	0.0673	0.0197	0.0190
ENSG00000182022.18	CHST15	protein_coding	1972	1006	967	25.5942	7.4970	7.2190
ENSG00000182035.12	ADIG	protein_coding	0	0	0	0.0000	0.0000	0.0000
ENSG00000182040.9	USH1G	protein_coding	1	2	0	0.0239	0.0070	0.0067
ENSG00000182048.11	TRPC2	transcribed_unprocessed_pseudogene	0	0	0	0.0000	0.0000	0.0000
ENSG00000182050.13	MGAT4C	protein_coding	0	0	0	0.0000	0.0000	0.0000
ENSG00000182053.12	TRIM49B	protein_coding	0	0	0	0.0000	0.0000	0.0000
ENSG00000182054.10	IDH2	protein_coding	2001	1013	988	60.9709	17.8593	17.1972
ENSG00000182057.5	OGFRP1	lncRNA	61	36	25	0.8686	0.2544	0.2450
ENSG00000182070.6	OR52A1	protein_coding	0	0	0	0.0000	0.0000	0.0000
ENSG00000182077.12	PTCHD3	polymorphic_pseudogene	0	0	0	0.0000	0.0000	0.0000
ENSG00000182083.7	OR6B2	protein_coding	0	0	0	0.0000	0.0000	0.0000
ENSG00000182087.14	TMEM259	protein_coding	3862	2682	2702	81.3602	23.8317	22.9481
ENSG00000182093.16	GET1	protein_coding	1121	561	576	11.0193	3.2277	3.1081
ENSG00000182095.14	TNRC18	protein_coding	5047	2565	2532	34.0911	9.9858	9.6156
ENSG00000182103.5	FAM181B	protein_coding	5	3	2	0.1082	0.0317	0.0305
ENSG00000182107.7	TMEM30B	protein_coding	123	76	47	2.3782	0.6966	0.6708
ENSG00000182108.11	DEXI	protein_coding	117	470	518	1.4847	0.4349	0.4188
ENSG00000182111.9	ZNF716	protein_coding	0	0	0	0.0000	0.0000	0.0000
ENSG00000182117.6	NOP10	protein_coding	2665	1309	1356	446.3767	130.7507	125.9032
ENSG00000182118.8	FAM89A	protein_coding	1146	590	556	40.5158	11.8677	11.4277
ENSG00000182132.14	KCNIP1	protein_coding	4	2	2	0.1009	0.0296	0.0285
ENSG00000182134.16	TDRKH	protein_coding	1327	701	738	22.1307	6.4824	6.2421
ENSG00000182141.10	ZNF708	protein_coding	195	109	87	3.8288	1.1215	1.0799
ENSG00000182149.21	IST1	protein_coding	5350	2616	2773	60.0799	17.5984	16.9459
ENSG00000182150.18	ERCC6L2	protein_coding	1003	542	497	5.0591	1.4819	1.4270
ENSG00000182154.8	MRPL41	protein_coding	680	338	343	99.2198	29.0630	27.9855
ENSG00000182156.10	ENPP7	protein_coding	1	1	2	0.0241	0.0071	0.0068
ENSG00000182158.15	CREB3L2	protein_coding	24352	12181	12171	234.8113	68.7799	66.2299
ENSG00000182162.11	P2RY8	protein_coding	365	181	184	6.8454	2.0051	1.9308
ENSG00000182162.11_PAR_Y	P2RY8	protein_coding	0	0	0	0.0000	0.0000	0.0000
ENSG00000182165.18	TP53TG1	lncRNA	159	321	346	2.2998	0.6737	0.6487
ENSG00000182168.15	UNC5C	protein_coding	1393	679	723	11.0711	3.2429	3.1227
ENSG00000182170.3	MRGPRG	protein_coding	0	0	0	0.0000	0.0000	0.0000
ENSG00000182173.13	TSEN54	protein_coding	481	236	245	11.8913	3.4832	3.3540
ENSG00000182175.14	RGMA	protein_coding	133	61	72	0.8543	0.2502	0.2410
ENSG00000182177.14	ASB18	protein_coding	0	0	0	0.0000	0.0000	0.0000
ENSG00000182179.13	UBA7	protein_coding	1295	673	622	24.1697	7.0797	6.8172
ENSG00000182180.14	MRPS16	protein_coding	3096	2002	1941	94.0994	27.5632	26.5413
ENSG00000182183.15	SHISAL2A	protein_coding	24	11	13	0.7593	0.2224	0.2142
ENSG00000182185.18	RAD51B	protein_coding	418	223	216	4.7475	1.3906	1.3390
ENSG00000182187.4	CRYGB	protein_coding	0	0	0	0.0000	0.0000	0.0000
ENSG00000182195.9	LDOC1	protein_coding	122	65	57	2.0791	0.6090	0.5864
ENSG00000182196.13	ARL6IP4	protein_coding	1	0	1	0.0305	0.0089	0.0086
ENSG00000182197.12	EXT1	protein_coding	1600	804	796	16.3742	4.7962	4.6184
ENSG00000182199.11	SHMT2	protein_coding	3674	1969	1980	67.9438	19.9018	19.1639
ENSG00000182208.14	MOB2	protein_coding	496	236	260	9.2674	2.7146	2.6139
ENSG00000182218.9	HHIPL1	protein_coding	569	297	273	6.1664	1.8062	1.7393
ENSG00000182220.15	ATP6AP2	protein_coding	9293	4633	4661	82.7131	24.2280	23.3297
ENSG00000182223.7	ZAR1	protein_coding	0	0	0	0.0000	0.0000	0.0000
ENSG00000182224.12	CYB5D1	protein_coding	3	57	46	0.0640	0.0187	0.0181
ENSG00000182230.12	FAM153B	protein_coding	0	0	0	0.0000	0.0000	0.0000
ENSG00000182240.16	BACE2	protein_coding	22412	11154	11260	197.6157	57.8847	55.7387
ENSG00000182247.10	UBE2E2	protein_coding	612	274	338	16.0356	4.6971	4.5229
ENSG00000182253.15	SYNM	protein_coding	2124	1563	1518	23.2018	6.7962	6.5442
ENSG00000182255.7	KCNA4	protein_coding	41	23	18	0.8264	0.2421	0.2331
ENSG00000182256.13	GABRG3	protein_coding	0	0	0	0.0000	0.0000	0.0000
ENSG00000182257.8	PRR34	lncRNA	48	138	145	1.4470	0.4238	0.4081
ENSG00000182261.4	NLRP10	protein_coding	0	0	0	0.0000	0.0000	0.0000
ENSG00000182263.14	FIGN	protein_coding	1191	590	601	10.1730	2.9798	2.8694
ENSG00000182264.9	IZUMO1	protein_coding	0	0	0	0.0000	0.0000	0.0000
ENSG00000182271.13	TMIGD1	protein_coding	0	0	0	0.0000	0.0000	0.0000
ENSG00000182272.12	B4GALNT4	protein_coding	435	230	205	9.1009	2.6658	2.5670
ENSG00000182287.15	AP1S2	protein_coding	15307	7657	7650	239.4763	70.1464	67.5457
ENSG00000182307.14	C8orf33	protein_coding	3152	1576	1576	61.4908	18.0116	17.3438
ENSG00000182308.7	DCAF4L1	protein_coding	5	4	1	0.0901	0.0264	0.0254
ENSG00000182310.15	SPACA6	protein_coding	48	20	33	0.9910	0.2903	0.2795
ENSG00000182315.9	MBD3L3	protein_coding	0	0	0	0.0000	0.0000	0.0000
ENSG00000182318.6	ZSCAN22	protein_coding	425	231	245	7.7549	2.2715	2.1873
ENSG00000182324.7	KCNJ14	protein_coding	17	18	11	0.3377	0.0989	0.0952
ENSG00000182325.11	FBXL6	protein_coding	755	1100	1072	18.9970	5.5645	5.3582
ENSG00000182326.15	C1S	protein_coding	26652	13288	13371	350.2476	102.5930	98.7894
ENSG00000182327.8	GLTPD2	protein_coding	8	3	5	0.5582	0.1635	0.1575
ENSG00000182329.14	KIAA2012	protein_coding	6	3	3	0.0640	0.0187	0.0180
ENSG00000182330.10	PRAMEF8	protein_coding	0	0	1	0.0000	0.0000	0.0000
ENSG00000182333.15	LIPF	protein_coding	0	0	0	0.0000	0.0000	0.0000
ENSG00000182334.3	OR5P3	protein_coding	0	0	0	0.0000	0.0000	0.0000
ENSG00000182346.20	DAOA	protein_coding	0	0	0	0.0000	0.0000	0.0000
ENSG00000182347.10	PDSS1P1	processed_pseudogene	2	1	1	0.1525	0.0447	0.0430
ENSG00000182348.7	ZNF804B	protein_coding	0	0	0	0.0000	0.0000	0.0000
ENSG00000182351.7	CRIP1P4	processed_pseudogene	0	0	0	0.0000	0.0000	0.0000
ENSG00000182352.8	C17orf77	lncRNA	1	0	1	0.0306	0.0090	0.0086
ENSG00000182359.15	KBTBD3	protein_coding	137	58	79	2.2330	0.6541	0.6298
ENSG00000182362.14	YBEY	protein_coding	1466	754	716	69.0862	20.2364	19.4862
ENSG00000182365.4	OR5F2P	unprocessed_pseudogene	0	0	0	0.0000	0.0000	0.0000
ENSG00000182366.10	FAM87A	lncRNA	1	1	0	0.0167	0.0049	0.0047
ENSG00000182372.10	CLN8	protein_coding	632	305	328	5.7077	1.6719	1.6099
ENSG00000182376.2	AC138028.1	lncRNA	1	1	0	0.0379	0.0111	0.0107
ENSG00000182378.14	PLCXD1	protein_coding	378	197	181	5.2927	1.5503	1.4928
ENSG00000182378.14_PAR_Y	PLCXD1	protein_coding	0	0	0	0.0000	0.0000	0.0000
ENSG00000182379.10	NXPH4	protein_coding	73	38	35	2.8820	0.8442	0.8129
ENSG00000182383.8	RPL27AP5	processed_pseudogene	2	2	0	0.3783	0.1108	0.1067
ENSG00000182389.20	CACNB4	protein_coding	13	9	5	0.0307	0.0090	0.0087
ENSG00000182393.3	IFNL1	protein_coding	0	0	0	0.0000	0.0000	0.0000
ENSG00000182397.14	DNM1P46	transcribed_unprocessed_pseudogene	9	2	11	0.1921	0.0563	0.0542
ENSG00000182400.15	TRAPPC6B	protein_coding	245	674	637	4.5898	1.3444	1.2946
ENSG00000182405.6	PGBD4	protein_coding	293	145	149	3.7677	1.1036	1.0627
ENSG00000182415.10	CDY2A	protein_coding	0	0	0	0.0000	0.0000	0.0000
ENSG00000182446.14	NPLOC4	protein_coding	7675	3979	3877	68.3191	20.0117	19.2698
ENSG00000182447.4	OTOL1	protein_coding	0	0	0	0.0000	0.0000	0.0000
ENSG00000182450.13	KCNK4	protein_coding	0	0	0	0.0000	0.0000	0.0000
ENSG00000182459.5	TEX19	protein_coding	6	10	6	0.2633	0.0771	0.0743
ENSG00000182463.16	TSHZ2	protein_coding	192	103	104	1.2910	0.3781	0.3641
ENSG00000182472.9	CAPN12	protein_coding	58	1369	1660	0.8256	0.2418	0.2329
ENSG00000182473.22	EXOC7	protein_coding	3052	3560	3548	25.6205	7.5047	7.2264
ENSG00000182477.5	OR2B8P	polymorphic_pseudogene	0	0	0	0.0000	0.0000	0.0000
ENSG00000182481.10	KPNA2	protein_coding	7222	3565	3657	83.2716	24.3916	23.4872
ENSG00000182484.15	WASH6P	protein_coding	159	68	92	2.9239	0.8564	0.8247
ENSG00000182484.15_PAR_Y	WASH6P	protein_coding	0	0	0	0.0000	0.0000	0.0000
ENSG00000182487.12	NCF1B	transcribed_unprocessed_pseudogene	49	21	28	2.1878	0.6408	0.6171
ENSG00000182489.9	XKRX	protein_coding	2	1	1	0.0504	0.0148	0.0142
ENSG00000182492.16	BGN	protein_coding	17451	8623	8833	616.4504	180.5680	173.8734
ENSG00000182504.11	CEP97	protein_coding	2171	1095	1076	20.7568	6.0800	5.8546
ENSG00000182508.14	LHFPL1	protein_coding	3	3	0	0.1456	0.0426	0.0411
ENSG00000182511.12	FES	protein_coding	1569	779	790	31.7088	9.2880	8.9436
ENSG00000182512.5	GLRX5	protein_coding	1418	739	702	50.4260	14.7706	14.2229
ENSG00000182518.13	FAM104B	protein_coding	395	217	178	13.4228	3.9317	3.7860
ENSG00000182521.5	TBPL2	protein_coding	0	0	0	0.0000	0.0000	0.0000
ENSG00000182531.7	OR7E115P	unprocessed_pseudogene	0	0	0	0.0000	0.0000	0.0000
ENSG00000182533.7	CAV3	protein_coding	0	0	0	0.0000	0.0000	0.0000
ENSG00000182534.13	MXRA7	protein_coding	1845	946	917	16.9254	4.9577	4.7739
ENSG00000182541.18	LIMK2	protein_coding	3913	1944	1969	53.8564	15.7754	15.1905
ENSG00000182544.9	MFSD5	protein_coding	3551	1721	1830	116.7451	34.1965	32.9286
ENSG00000182545.6	RNASE10	protein_coding	1	1	0	0.0708	0.0207	0.0200
ENSG00000182551.14	ADI1	protein_coding	3683	2007	1934	58.4602	17.1239	16.4890
ENSG00000182552.15	RWDD4	protein_coding	629	305	324	19.3954	5.6812	5.4706
ENSG00000182557.8	SPNS3	protein_coding	16	6	10	0.5587	0.1636	0.1576
ENSG00000182565.8	OR4C2P	unprocessed_pseudogene	0	0	0	0.0000	0.0000	0.0000
ENSG00000182566.14	CLEC4G	protein_coding	0	0	0	0.0000	0.0000	0.0000
ENSG00000182568.17	SATB1	protein_coding	204	98	106	1.2910	0.3782	0.3641
ENSG00000182574.8	CSGALNACT2P1	processed_pseudogene	1	1	0	0.0898	0.0263	0.0253
ENSG00000182575.8	NXPH3	protein_coding	25	9	17	0.3768	0.1104	0.1063
ENSG00000182578.14	CSF1R	protein_coding	1987	980	1016	32.7581	9.5954	9.2396
ENSG00000182580.3	EPHB3	protein_coding	446	213	233	8.3608	2.4490	2.3582
ENSG00000182583.12	VCX	protein_coding	0	0	0	0.0000	0.0000	0.0000
ENSG00000182584.6	ACTL10	protein_coding	1	16	13	0.0419	0.0123	0.0118
ENSG00000182585.10	EPGN	protein_coding	0	0	0	0.0000	0.0000	0.0000
ENSG00000182586.9	LINC00334	lncRNA	1	146	160	0.0365	0.0107	0.0103
ENSG00000182591.6	KRTAP11-1	protein_coding	0	0	0	0.0000	0.0000	0.0000
ENSG00000182600.9	SNORC	protein_coding	24	12	12	0.5511	0.1614	0.1555
ENSG00000182601.7	HS3ST4	protein_coding	1	0	1	0.0247	0.0072	0.0070
ENSG00000182606.17	TRAK1	protein_coding	2651	1367	1284	20.8468	6.1063	5.8799
ENSG00000182612.10	TSPAN10	protein_coding	2101	1163	1117	37.6012	11.0140	10.6056
ENSG00000182613.3	OR2V2	protein_coding	0	0	0	0.0000	0.0000	0.0000
ENSG00000182621.18	PLCB1	protein_coding	91	40	51	0.4438	0.1300	0.1252
ENSG00000182625.3	AC091046.1	processed_pseudogene	1	1	0	0.4102	0.1202	0.1157
ENSG00000182628.13	SKA2	protein_coding	2733	1370	1364	71.7871	21.0276	20.2480
ENSG00000182631.7	RXFP3	protein_coding	1	0	1	0.0335	0.0098	0.0095
ENSG00000182632.15	CCNYL2	transcribed_unprocessed_pseudogene	1	0	1	0.0222	0.0065	0.0063
ENSG00000182634.9	OR10G7	protein_coding	1	1	0	0.0246	0.0072	0.0069
ENSG00000182636.8	NDN	protein_coding	177	80	97	7.8861	2.3100	2.2243
ENSG00000182645.6	CCDC172	protein_coding	0	0	0	0.0000	0.0000	0.0000
ENSG00000182648.13	LINC01006	lncRNA	19	11	11	0.1165	0.0341	0.0329
ENSG00000182652.4	OR4Q3	protein_coding	0	0	0	0.0000	0.0000	0.0000
ENSG00000182667.14	NTM	protein_coding	192	103	89	2.3440	0.6866	0.6611
ENSG00000182670.13	TTC3	protein_coding	11401	5827	5842	60.9569	17.8552	17.1932
ENSG00000182674.6	KCNB2	protein_coding	0	0	0	0.0000	0.0000	0.0000
ENSG00000182676.5	PPP1R27	protein_coding	2	0	2	0.1172	0.0343	0.0331
ENSG00000182685.7	BRICD5	protein_coding	15	95	98	0.6115	0.1791	0.1725
ENSG00000182687.4	GALR2	protein_coding	6	4	2	0.3711	0.1087	0.1047
ENSG00000182698.12	RESP18	protein_coding	0	0	0	0.0000	0.0000	0.0000
ENSG00000182700.5	IGIP	protein_coding	529	252	277	12.9985	3.8075	3.6663
ENSG00000182704.8	TSKU	protein_coding	233	106	127	4.9306	1.4442	1.3907
ENSG00000182707.4	FXYD6P3	processed_pseudogene	0	0	0	0.0000	0.0000	0.0000
ENSG00000182712.16	CMC4	protein_coding	0	0	0	0.0000	0.0000	0.0000
ENSG00000182718.18	ANXA2	protein_coding	27433	13769	13665	201.2807	58.9583	56.7724
ENSG00000182722.5	SEPHS1P1	processed_pseudogene	0	0	0	0.0000	0.0000	0.0000
ENSG00000182732.18	RGS6	protein_coding	1	1	0	0.0095	0.0028	0.0027
ENSG00000182742.6	HOXB4	protein_coding	334	167	168	14.1675	4.1499	3.9960
ENSG00000182747.5	SLC35D3	protein_coding	0	0	0	0.0000	0.0000	0.0000
ENSG00000182749.6	PAQR7	protein_coding	984	703	671	25.7589	7.5452	7.2654
ENSG00000182752.10	PAPPA	protein_coding	20	17	15	0.1466	0.0429	0.0414
ENSG00000182759.4	MAFA	protein_coding	3	3	2	0.0901	0.0264	0.0254
ENSG00000182768.9	NGRN	protein_coding	542	271	273	14.7711	4.3267	4.1663
ENSG00000182771.19	GRID1	protein_coding	55	34	30	0.7495	0.2195	0.2114
ENSG00000182774.13	RPS17	protein_coding	35	21	14	0.9323	0.2731	0.2630
ENSG00000182776.4	AC239585.1	lncRNA	0	0	0	0.0000	0.0000	0.0000
ENSG00000182782.8	HCAR2	protein_coding	4	1	3	0.1645	0.0482	0.0464
ENSG00000182783.5	OR2T29	protein_coding	0	0	0	0.0000	0.0000	0.0000
ENSG00000182791.5	CCDC87	protein_coding	20	11	9	0.5881	0.1723	0.1659
ENSG00000182793.12	GSTA5	protein_coding	0	0	0	0.0000	0.0000	0.0000
ENSG00000182795.13	C1orf116	protein_coding	124	62	63	1.9142	0.5607	0.5399
ENSG00000182796.14	TMEM198B	transcribed_unitary_pseudogene	252	256	276	4.8892	1.4321	1.3790
ENSG00000182798.10	MAGEB17	protein_coding	2	1	4	0.1054	0.0309	0.0297
ENSG00000182809.11	CRIP2	protein_coding	6120	3125	2996	124.7811	36.5503	35.1952
ENSG00000182810.7	DDX28	protein_coding	547	267	280	20.0481	5.8724	5.6547
ENSG00000182814.7	FUNDC2P2	transcribed_processed_pseudogene	1	1	0	0.0694	0.0203	0.0196
ENSG00000182816.9	KRTAP13-2	protein_coding	3	2	1	0.2888	0.0846	0.0815
ENSG00000182824.7	FAM230E	lncRNA	0	0	0	0.0000	0.0000	0.0000
ENSG00000182827.9	ACBD3	protein_coding	3115	1854	1773	73.7050	21.5893	20.7889
ENSG00000182831.12	C16orf72	protein_coding	2272	1114	1158	12.1544	3.5602	3.4282
ENSG00000182836.10	PLCXD3	protein_coding	2	0	2	0.0220	0.0064	0.0062
ENSG00000182841.12	RRP7BP	transcribed_unprocessed_pseudogene	163	198	164	2.7184	0.7963	0.7667
ENSG00000182853.12	VMO1	protein_coding	16	11	5	1.6921	0.4956	0.4773
ENSG00000182854.8	OR4F15	protein_coding	7	6	1	0.2805	0.0822	0.0791
ENSG00000182858.14	ALG12	protein_coding	1300	1678	1575	20.7123	6.0670	5.8420
ENSG00000182866.17	LCK	protein_coding	564	260	304	14.3442	4.2016	4.0459
ENSG00000182870.13	GALNT9	protein_coding	0	0	0	0.0000	0.0000	0.0000
ENSG00000182871.16	COL18A1	protein_coding	8518	6704	6475	85.4622	25.0332	24.1051
ENSG00000182872.16	RBM10	protein_coding	3654	1827	1830	87.7295	25.6974	24.7446
ENSG00000182873.5	PRKCZ-AS1	lncRNA	37	23	18	1.8120	0.5308	0.5111
ENSG00000182885.17	ADGRG3	protein_coding	5	4	4	0.1311	0.0384	0.0370
ENSG00000182888.5	RPS27AP20	processed_pseudogene	3	3	0	0.5636	0.1651	0.1590
ENSG00000182890.5	GLUD2	protein_coding	1061	534	527	36.2578	10.6205	10.2267
ENSG00000182896.13	TMEM95	protein_coding	0	0	0	0.0000	0.0000	0.0000
ENSG00000182898.4	TCHHL1	protein_coding	1	1	0	0.0235	0.0069	0.0066
ENSG00000182899.17	RPL35A	protein_coding	9526	4737	4794	279.0452	81.7367	78.7063
ENSG00000182901.17	RGS7	protein_coding	0	1	1	0.0000	0.0000	0.0000
ENSG00000182902.14	SLC25A18	protein_coding	51	24	30	0.9154	0.2681	0.2582
ENSG00000182903.16	ZNF721	protein_coding	819	413	406	10.8842	3.1881	3.0699
ENSG00000182912.6	TSPEAR-AS2	lncRNA	75	39	40	2.1048	0.6165	0.5937
ENSG00000182916.8	TCEAL7	protein_coding	17	9	8	1.2619	0.3696	0.3559
ENSG00000182919.15	C11orf54	protein_coding	211	102	109	2.8582	0.8372	0.8062
ENSG00000182921.9	CCDC75P1	processed_pseudogene	0	0	0	0.0000	0.0000	0.0000
ENSG00000182923.19	CEP63	protein_coding	1179	671	725	9.6400	2.8237	2.7190
ENSG00000182931.9	WFDC10B	protein_coding	0	0	0	0.0000	0.0000	0.0000
ENSG00000182934.12	SRPRA	protein_coding	8419	4390	4216	172.3590	50.4867	48.6149
ENSG00000182938.7	OTOP3	protein_coding	0	0	0	0.0000	0.0000	0.0000
ENSG00000182944.18	EWSR1	protein_coding	9731	5016	4723	80.0272	23.4412	22.5721
ENSG00000182950.3	ODF3L1	protein_coding	142	85	64	10.6526	3.1203	3.0046
ENSG00000182952.5	HMGN4	protein_coding	2601	1289	1312	110.8826	32.4792	31.2751
ENSG00000182957.16	SPATA13	protein_coding	1459	709	750	12.4597	3.6496	3.5143
ENSG00000182963.11	GJC1	protein_coding	2329	1114	1219	22.6916	6.6467	6.4003
ENSG00000182965.6	NPM1P14	processed_pseudogene	2	1	1	0.1961	0.0574	0.0553
ENSG00000182968.5	SOX1	protein_coding	0	0	0	0.0000	0.0000	0.0000
ENSG00000182973.19	CNOT10	protein_coding	709	393	375	12.4244	3.6393	3.5044
ENSG00000182974.3	AC135068.1	protein_coding	0	0	0	0.0000	0.0000	0.0000
ENSG00000182979.18	MTA1	protein_coding	997	621	592	12.1541	3.5601	3.4281
ENSG00000182983.15	ZNF662	protein_coding	14	5	9	0.1872	0.0548	0.0528
ENSG00000182985.18	CADM1	protein_coding	3406	1688	1718	26.3544	7.7196	7.4334
ENSG00000182986.14	ZNF320	protein_coding	81	34	49	0.6086	0.1783	0.1717
ENSG00000182993.5	C12orf60	protein_coding	503	678	715	9.4544	2.7693	2.6667
ENSG00000183010.17	PYCR1	protein_coding	1360	1115	1020	40.0180	11.7219	11.2873
ENSG00000183011.13	NAA38	protein_coding	1451	782	799	63.4172	18.5759	17.8872
ENSG00000183018.9	SPNS2	protein_coding	354	249	271	7.3898	2.1646	2.0843
ENSG00000183019.7	MCEMP1	protein_coding	3	2	1	0.1337	0.0392	0.0377
ENSG00000183020.14	AP2A2	protein_coding	1921	942	981	16.9259	4.9579	4.7741
ENSG00000183022.5	TPM3P8	processed_pseudogene	3	3	0	0.3962	0.1161	0.1118
ENSG00000183023.18	SLC8A1	protein_coding	229	134	127	0.8871	0.2598	0.2502
ENSG00000183024.3	OR1G1	protein_coding	0	0	0	0.0000	0.0000	0.0000
ENSG00000183032.12	SLC25A21	protein_coding	2	0	3	0.0357	0.0105	0.0101
ENSG00000183034.13	OTOP2	protein_coding	0	0	0	0.0000	0.0000	0.0000
ENSG00000183035.13	CYLC1	protein_coding	0	0	0	0.0000	0.0000	0.0000
ENSG00000183036.11	PCP4	protein_coding	0	0	0	0.0000	0.0000	0.0000
ENSG00000183044.12	ABAT	protein_coding	2376	1236	1279	20.7733	6.0848	5.8592
ENSG00000183048.12	SLC25A10	protein_coding	37	19	18	1.1988	0.3511	0.3381
ENSG00000183049.13	CAMK1D	protein_coding	312	158	155	3.0465	0.8924	0.8593
ENSG00000183054.11	RGPD6	protein_coding	1	0	1	0.0064	0.0019	0.0018
ENSG00000183055.5	FAM133CP	processed_pseudogene	4	0	4	0.4825	0.1413	0.1361
ENSG00000183060.15	LYSMD4	protein_coding	178	470	441	2.6533	0.7772	0.7484
ENSG00000183066.14	WBP2NL	protein_coding	48	111	102	0.6596	0.1932	0.1860
ENSG00000183067.5	IGSF5	protein_coding	0	0	0	0.0000	0.0000	0.0000
ENSG00000183072.10	NKX2-5	protein_coding	2	1	1	0.0829	0.0243	0.0234
ENSG00000183077.15	AFMID	protein_coding	578	264	317	12.1255	3.5517	3.4201
ENSG00000183087.15	GAS6	protein_coding	719	512	480	10.1509	2.9734	2.8631
ENSG00000183090.5	FREM3	protein_coding	1	1	0	0.0124	0.0036	0.0035
ENSG00000183091.19	NEB	protein_coding	22	10	18	0.0611	0.0179	0.0172
ENSG00000183092.16	BEGAIN	protein_coding	22	12	14	0.2371	0.0695	0.0669
ENSG00000183098.11	GPC6	protein_coding	1941	1000	1047	23.1439	6.7792	6.5279
ENSG00000183111.12	ARHGEF37	protein_coding	418	198	221	6.6988	1.9622	1.8894
ENSG00000183114.8	FAM43B	protein_coding	40	22	18	1.3876	0.4064	0.3914
ENSG00000183117.19	CSMD1	protein_coding	4	2	2	0.0182	0.0053	0.0051
ENSG00000183122.5	OR2A3P	transcribed_unprocessed_pseudogene	0	0	0	0.0000	0.0000	0.0000
ENSG00000183128.7	CALHM3	protein_coding	0	0	0	0.0000	0.0000	0.0000
ENSG00000183134.5	PTGDR2	protein_coding	2	1	1	0.0590	0.0173	0.0166
ENSG00000183137.15	CEP57L1	protein_coding	364	182	182	1.8271	0.5352	0.5153
ENSG00000183145.9	RIPPLY3	protein_coding	0	0	0	0.0000	0.0000	0.0000
ENSG00000183146.4	PRORY	lncRNA	0	0	0	0.0000	0.0000	0.0000
ENSG00000183148.7	ANKRD20A2P	protein_coding	0	0	0	0.0000	0.0000	0.0000
ENSG00000183150.8	GPR19	protein_coding	321	166	156	10.3885	3.0430	2.9301
ENSG00000183153.7	GJD3	protein_coding	69	326	288	1.4340	0.4201	0.4045
ENSG00000183154.1	AC138356.1	lncRNA	19	68	75	0.7735	0.2266	0.2182
ENSG00000183155.5	RABIF	protein_coding	967	500	467	26.3283	7.7120	7.4261
ENSG00000183160.9	TMEM119	protein_coding	958	510	448	25.5508	7.4842	7.2068
ENSG00000183161.6	FANCF	protein_coding	385	218	226	9.9345	2.9100	2.8021
ENSG00000183166.11	CALN1	protein_coding	2	0	2	0.0170	0.0050	0.0048
ENSG00000183169.6	POM121L1P	transcribed_unprocessed_pseudogene	0	0	0	0.0000	0.0000	0.0000
ENSG00000183171.5	BX322650.1	processed_pseudogene	0	0	0	0.0000	0.0000	0.0000
ENSG00000183172.9	SMDT1	protein_coding	1266	625	642	62.1082	18.1925	17.5180
ENSG00000183185.9	GABRR3	protein_coding	0	0	0	0.0000	0.0000	0.0000
ENSG00000183186.8	C2CD4C	protein_coding	16	9	8	0.4384	0.1284	0.1237
ENSG00000183196.10	CHST6	protein_coding	5341	2922	2859	52.6172	15.4124	14.8410
ENSG00000183199.6	HSP90AB3P	processed_pseudogene	115	48	68	4.4942	1.3164	1.2676
ENSG00000183206.17	POTEC	protein_coding	0	0	0	0.0000	0.0000	0.0000
ENSG00000183207.14	RUVBL2	protein_coding	4507	2212	2296	108.3932	31.7501	30.5729
ENSG00000183208.12	GDPGP1	protein_coding	316	537	554	4.6443	1.3604	1.3100
ENSG00000183230.17	CTNNA3	protein_coding	2	2	0	0.0152	0.0045	0.0043
ENSG00000183239.5	AL109615.1	processed_pseudogene	4	0	5	0.7466	0.2187	0.2106
ENSG00000183242.12	WT1-AS	lncRNA	9	8	1	0.1374	0.0403	0.0388
ENSG00000183246.7	RIMBP3C	protein_coding	2	2	1	0.0294	0.0086	0.0083
ENSG00000183248.12	PRR36	protein_coding	8	2	7	0.1521	0.0445	0.0429
ENSG00000183249.8	NF1P3	unprocessed_pseudogene	0	0	0	0.0000	0.0000	0.0000
ENSG00000183250.12	LINC01547	lncRNA	342	165	179	5.8720	1.7200	1.6562
ENSG00000183251.4	OR51B4	protein_coding	0	0	0	0.0000	0.0000	0.0000
ENSG00000183255.12	PTTG1IP	protein_coding	42164	20915	21252	1012.3228	296.5252	285.5316
ENSG00000183258.12	DDX41	protein_coding	3185	1608	1578	64.7526	18.9671	18.2639
ENSG00000183260.7	ABHD16B	protein_coding	0	56	60	0.0000	0.0000	0.0000
ENSG00000183269.5	OR52E8	protein_coding	0	0	0	0.0000	0.0000	0.0000
ENSG00000183273.7	CCDC60	protein_coding	0	0	0	0.0000	0.0000	0.0000
ENSG00000183281.14	PLGLB1	protein_coding	0	0	0	0.0000	0.0000	0.0000
ENSG00000183283.16	DAZAP2	protein_coding	7132	3655	3598	114.2956	33.4790	32.2378
ENSG00000183287.14	CCBE1	protein_coding	31	15	16	0.3898	0.1142	0.1100
ENSG00000183291.17	SELENOF	protein_coding	4258	2199	2059	164.2850	48.1216	46.3375
ENSG00000183292.13	PRSS40A	transcribed_unprocessed_pseudogene	0	0	0	0.0000	0.0000	0.0000
ENSG00000183298.5	RPSAP19	processed_pseudogene	11	20	12	1.0615	0.3109	0.2994
ENSG00000183303.2	OR5P2	protein_coding	0	0	0	0.0000	0.0000	0.0000
ENSG00000183304.10	FAM9A	protein_coding	0	0	0	0.0000	0.0000	0.0000
ENSG00000183305.13	MAGEA2B	protein_coding	0	0	0	0.0000	0.0000	0.0000
ENSG00000183307.4	TMEM121B	protein_coding	33	18	16	0.5526	0.1619	0.1559
ENSG00000183308.6	AC005037.1	lncRNA	0	51	58	0.0000	0.0000	0.0000
ENSG00000183309.12	ZNF623	protein_coding	1824	940	884	21.6940	6.3545	6.1189
ENSG00000183310.3	OR2T34	protein_coding	0	0	0	0.0000	0.0000	0.0000
ENSG00000183313.4	OR52L1	protein_coding	0	0	0	0.0000	0.0000	0.0000
ENSG00000183317.17	EPHA10	protein_coding	0	0	0	0.0000	0.0000	0.0000
ENSG00000183318.11	SPDYE4	protein_coding	1	0	1	0.0799	0.0234	0.0225
ENSG00000183323.13	CCDC125	protein_coding	763	403	360	8.1196	2.3784	2.2902
ENSG00000183324.11	REC114	protein_coding	1	1	1	0.0923	0.0270	0.0260
ENSG00000183336.8	BOLA2	protein_coding	0	0	0	0.0000	0.0000	0.0000
ENSG00000183337.17	BCOR	protein_coding	2087	1028	1059	17.7353	5.1950	5.0023
ENSG00000183340.7	JRKL	protein_coding	555	283	272	12.3541	3.6187	3.4845
ENSG00000183346.9	CABCOCO1	protein_coding	16	5	11	0.7461	0.2186	0.2105
ENSG00000183347.15	GBP6	protein_coding	6	3	3	0.1088	0.0319	0.0307
ENSG00000183354.12	KIAA2026	protein_coding	870	635	640	8.6949	2.5469	2.4525
ENSG00000183378.12	OVCH2	protein_coding	0	0	0	0.0000	0.0000	0.0000
ENSG00000183379.9	SYNDIG1L	protein_coding	2	1	1	0.0625	0.0183	0.0176
ENSG00000183385.9	TTTY8	lncRNA	0	0	0	0.0000	0.0000	0.0000
ENSG00000183386.10	FHL3	protein_coding	676	354	322	28.6458	8.3908	8.0797
ENSG00000183389.5	OR56A4	protein_coding	0	0	0	0.0000	0.0000	0.0000
ENSG00000183395.5	PMCH	protein_coding	0	19	23	0.0000	0.0000	0.0000
ENSG00000183396.4	TMEM89	protein_coding	1	0	1	0.1474	0.0432	0.0416
ENSG00000183397.5	C19orf71	protein_coding	307	413	404	38.6804	11.3301	10.9100
ENSG00000183401.12	CCDC159	protein_coding	819	1045	1119	17.1136	5.0129	4.8270
ENSG00000183421.12	RIPK4	protein_coding	1863	1191	1106	39.3941	11.5392	11.1113
ENSG00000183423.12	LRIT3	protein_coding	11	5	6	0.2340	0.0685	0.0660
ENSG00000183426.17	NPIPA1	protein_coding	24	15	9	0.2767	0.0810	0.0780
ENSG00000183431.12	SF3A3	protein_coding	3890	1884	2007	84.8332	24.8490	23.9277
ENSG00000183432.6	ZBTB8OSP1	processed_pseudogene	0	0	0	0.0000	0.0000	0.0000
ENSG00000183434.10	TFDP3	protein_coding	0	0	0	0.0000	0.0000	0.0000
ENSG00000183439.9	TRIM61	protein_coding	5	3	2	0.1581	0.0463	0.0446
ENSG00000183444.10	OR7E38P	unprocessed_pseudogene	4	1	3	0.3449	0.1010	0.0973
ENSG00000183454.18	GRIN2A	protein_coding	6	2	4	0.0273	0.0080	0.0077
ENSG00000183458.14	PKD1P3	transcribed_unprocessed_pseudogene	34	22	12	0.4173	0.1222	0.1177
ENSG00000183463.6	URAD	protein_coding	0	0	0	0.0000	0.0000	0.0000
ENSG00000183470.9	FLJ40288	lncRNA	0	0	0	0.0000	0.0000	0.0000
ENSG00000183474.16	GTF2H2C	protein_coding	196	94	102	2.0858	0.6110	0.5883
ENSG00000183475.13	ASB7	protein_coding	845	437	481	13.4428	3.9376	3.7916
ENSG00000183476.12	SH2D7	protein_coding	7	72	60	0.2063	0.0604	0.0582
ENSG00000183479.12	TREX2	protein_coding	13	6	7	0.4066	0.1191	0.1147
ENSG00000183484.12	GPR132	protein_coding	204	88	116	4.1306	1.2099	1.1651
ENSG00000183486.13	MX2	protein_coding	5811	3002	2809	37.9770	11.1240	10.7116
ENSG00000183495.14	EP400	protein_coding	1704	956	922	8.0209	2.3494	2.2623
ENSG00000183496.6	MEX3B	protein_coding	39	19	20	0.7628	0.2234	0.2151
ENSG00000183506.17	PI4KAP2	transcribed_unitary_pseudogene	168	90	79	1.9088	0.5591	0.5384
ENSG00000183508.5	TENT5C	protein_coding	1552	788	764	23.3103	6.8280	6.5748
ENSG00000183513.9	COA5	protein_coding	749	358	391	23.0789	6.7602	6.5095
ENSG00000183514.4	TDGF1P2	processed_pseudogene	0	0	0	0.0000	0.0000	0.0000
ENSG00000183520.12	UTP11	protein_coding	1942	946	997	48.7771	14.2876	13.7579
ENSG00000183527.12	PSMG1	protein_coding	1952	973	979	77.0282	22.5628	21.7263
ENSG00000183530.14	PRR14L	protein_coding	3772	1917	1855	27.1251	7.9454	7.6508
ENSG00000183535.9	COL18A1-AS1	lncRNA	0	0	0	0.0000	0.0000	0.0000
ENSG00000183542.5	KLRC4	protein_coding	0	0	0	0.0000	0.0000	0.0000
ENSG00000183549.10	ACSM5	protein_coding	19	6	14	0.4071	0.1193	0.1148
ENSG00000183559.12	C10orf120	protein_coding	0	0	0	0.0000	0.0000	0.0000
ENSG00000183560.9	IZUMO1R	protein_coding	5	2	3	0.5134	0.1504	0.1448
ENSG00000183562.3	AC131971.1	lncRNA	1	1	0	0.0573	0.0168	0.0162
ENSG00000183566.10	BPIFA4P	transcribed_unprocessed_pseudogene	0	0	0	0.0000	0.0000	0.0000
ENSG00000183569.18	SERHL2	protein_coding	102	147	156	3.0705	0.8994	0.8661
ENSG00000183570.16	PCBP3	protein_coding	62	36	27	0.7711	0.2259	0.2175
ENSG00000183571.11	PGPEP1L	protein_coding	0	0	0	0.0000	0.0000	0.0000
ENSG00000183576.13	SETD3	protein_coding	3065	1548	1518	50.1892	14.7012	14.1562
ENSG00000183578.8	TNFAIP8L3	protein_coding	47	22	25	1.5518	0.4546	0.4377
ENSG00000183579.16	ZNRF3	protein_coding	1043	537	506	12.6731	3.7121	3.5745
ENSG00000183580.10	FBXL7	protein_coding	2489	1195	1294	43.4018	12.7131	12.2417
ENSG00000183586.8	HMGN3P1	processed_pseudogene	2	0	2	0.8800	0.2578	0.2482
ENSG00000183597.16	TANGO2	protein_coding	582	848	878	6.6834	1.9577	1.8851
ENSG00000183598.4	H3C13	protein_coding	0	0	0	0.0000	0.0000	0.0000
ENSG00000183604.14	SMG1P5	transcribed_unprocessed_pseudogene	6	3	3	0.1063	0.0312	0.0300
ENSG00000183605.17	SFXN4	protein_coding	1138	563	575	50.4645	14.7818	14.2338
ENSG00000183607.10	GKN2	protein_coding	0	0	0	0.0000	0.0000	0.0000
ENSG00000183615.6	FAM167B	protein_coding	10731	5322	5410	962.2823	281.8676	271.4174
ENSG00000183617.5	MRPL54	protein_coding	413	189	224	35.6062	10.4296	10.0429
ENSG00000183621.15	ZNF438	protein_coding	587	310	277	11.6823	3.4219	3.2951
ENSG00000183624.14	HMCES	protein_coding	2085	1062	1023	63.6217	18.6358	17.9449
ENSG00000183625.15	CCR3	protein_coding	5	3	2	0.1190	0.0349	0.0336
ENSG00000183628.14	DGCR6	protein_coding	2	9	7	0.0329	0.0096	0.0093
ENSG00000183629.13	GOLGA8G	protein_coding	0	0	0	0.0000	0.0000	0.0000
ENSG00000183631.5	PRR32	protein_coding	2	1	1	0.1345	0.0394	0.0379
ENSG00000183632.14	TP53TG3	protein_coding	1	0	1	0.0283	0.0083	0.0080
ENSG00000183638.6	RP1L1	protein_coding	1	1	0	0.0095	0.0028	0.0027
ENSG00000183640.6	KRTAP8-1	protein_coding	0	0	0	0.0000	0.0000	0.0000
ENSG00000183643.4	C15orf32	lncRNA	0	0	0	0.0000	0.0000	0.0000
ENSG00000183644.13	HOATZ	protein_coding	2	1	1	0.0518	0.0152	0.0146
ENSG00000183647.10	ZNF530	protein_coding	27	13	14	0.4568	0.1338	0.1289
ENSG00000183648.11	NDUFB1	protein_coding	1590	827	767	59.6657	17.4770	16.8291
ENSG00000183654.9	MARCHF11	protein_coding	0	0	0	0.0000	0.0000	0.0000
ENSG00000183655.13	KLHL25	protein_coding	232	103	129	2.7706	0.8115	0.7815
ENSG00000183662.11	TAFA1	protein_coding	2	2	0	0.0586	0.0172	0.0165
ENSG00000183663.6	GAPDHP30	processed_pseudogene	0	0	0	0.0000	0.0000	0.0000
ENSG00000183665.5	TRMT12	protein_coding	872	425	447	31.7678	9.3053	8.9603
ENSG00000183666.17	GUSBP1	transcribed_unprocessed_pseudogene	181	94	87	2.3553	0.6899	0.6643
ENSG00000183668.18	PSG9	protein_coding	0	0	0	0.0000	0.0000	0.0000
ENSG00000183671.12	GPR1	protein_coding	44	23	21	1.3185	0.3862	0.3719
ENSG00000183674.12	LINC00518	lncRNA	933	516	534	38.9149	11.3988	10.9762
ENSG00000183682.8	BMP8A	protein_coding	211	125	138	3.1792	0.9313	0.8967
ENSG00000183684.8	ALYREF	protein_coding	1582	832	872	84.8668	24.8588	23.9372
ENSG00000183688.4	RFLNB	protein_coding	1644	819	825	38.5554	11.2935	10.8748
ENSG00000183690.13	EFHC2	protein_coding	2	0	2	0.0510	0.0149	0.0144
ENSG00000183691.6	NOG	protein_coding	45	24	21	1.9976	0.5851	0.5634
ENSG00000183695.3	MRGPRX2	protein_coding	0	0	0	0.0000	0.0000	0.0000
ENSG00000183696.14	UPP1	protein_coding	5768	2839	2930	106.9478	31.3267	30.1653
ENSG00000183704.7	SLC9B1P1	unprocessed_pseudogene	0	0	0	0.0000	0.0000	0.0000
ENSG00000183706.5	OR4N4	protein_coding	0	0	0	0.0000	0.0000	0.0000
ENSG00000183709.8	IFNL2	protein_coding	1	0	1	0.0893	0.0262	0.0252
ENSG00000183715.13	OPCML	protein_coding	2	1	1	0.0224	0.0066	0.0063
ENSG00000183718.5	TRIM52	protein_coding	193	212	208	2.4977	0.7316	0.7045
ENSG00000183722.9	LHFPL6	protein_coding	1823	952	871	33.9198	9.9356	9.5673
ENSG00000183723.13	CMTM4	protein_coding	1646	832	814	17.1445	5.0219	4.8357
ENSG00000183726.11	TMEM50A	protein_coding	7014	3585	3720	197.8844	57.9634	55.8145
ENSG00000183733.6	FIGLA	protein_coding	0	0	0	0.0000	0.0000	0.0000
ENSG00000183734.4	ASCL2	protein_coding	32	17	15	1.4673	0.4298	0.4139
ENSG00000183735.11	TBK1	protein_coding	1432	746	704	8.2635	2.4205	2.3308
ENSG00000183741.12	CBX6	protein_coding	9836	4973	4864	104.5011	30.6100	29.4752
ENSG00000183742.13	MACC1	protein_coding	29	14	15	0.2488	0.0729	0.0702
ENSG00000183747.12	ACSM2A	protein_coding	0	0	0	0.0000	0.0000	0.0000
ENSG00000183751.15	TBL3	protein_coding	2679	1376	1313	31.9570	9.3607	9.0137
ENSG00000183753.10	BPY2	protein_coding	0	0	0	0.0000	0.0000	0.0000
ENSG00000183760.11	ACP7	protein_coding	1	0	1	0.0279	0.0082	0.0079
ENSG00000183762.13	KREMEN1	protein_coding	3051	1501	1550	32.3058	9.4629	9.1120
ENSG00000183763.9	TRAIP	protein_coding	115	56	59	2.9947	0.8772	0.8447
ENSG00000183765.23	CHEK2	protein_coding	609	385	412	11.5105	3.3716	3.2466
ENSG00000183770.7	FOXL2	protein_coding	3	2	1	0.0874	0.0256	0.0247
ENSG00000183773.15	AIFM3	protein_coding	37	23	14	0.5818	0.1704	0.1641
ENSG00000183775.11	KCTD16	protein_coding	5	4	2	0.0298	0.0087	0.0084
ENSG00000183778.17	B3GALT5	protein_coding	2	1	1	0.0119	0.0035	0.0033
ENSG00000183779.7	ZNF703	protein_coding	2421	1260	1161	62.0001	18.1608	17.4875
ENSG00000183780.13	SLC35F3	protein_coding	4	3	1	0.0985	0.0289	0.0278
ENSG00000183783.7	KCTD8	protein_coding	3	2	1	0.0939	0.0275	0.0265
ENSG00000183784.7	DOCK8-AS1	lncRNA	1	2	3	0.0277	0.0081	0.0078
ENSG00000183785.15	TUBA8	protein_coding	13	5	12	0.3031	0.0888	0.0855
ENSG00000183793.14	NPIPA5	protein_coding	31	18	14	1.7365	0.5086	0.4898
ENSG00000183795.8	BPY2B	protein_coding	0	0	0	0.0000	0.0000	0.0000
ENSG00000183798.5	EMILIN3	protein_coding	1	87	87	0.0224	0.0066	0.0063
ENSG00000183801.8	OLFML1	protein_coding	296	154	142	7.3156	2.1429	2.0634
ENSG00000183807.8	FAM162B	protein_coding	10	4	6	0.8229	0.2410	0.2321
ENSG00000183808.11	RBM12B	protein_coding	653	532	508	7.2792	2.1322	2.0531
ENSG00000183813.7	CCR4	protein_coding	86	37	49	2.4143	0.7072	0.6810
ENSG00000183814.15	LIN9	protein_coding	185	103	82	3.5368	1.0360	0.9976
ENSG00000183822.3	NCF4-AS1	lncRNA	0	10	15	0.0000	0.0000	0.0000
ENSG00000183826.18	BTBD9	protein_coding	1150	594	556	10.2400	2.9994	2.8882
ENSG00000183828.15	NUDT14	protein_coding	530	270	260	23.4905	6.8807	6.6256
ENSG00000183831.7	ANKRD45	protein_coding	3	2	1	0.0618	0.0181	0.0174
ENSG00000183833.16	CFAP91	protein_coding	26	11	15	0.3107	0.0910	0.0876
ENSG00000183837.9	PNMA3	protein_coding	61	33	28	1.3821	0.4048	0.3898
ENSG00000183840.7	GPR39	protein_coding	0	944	934	0.0000	0.0000	0.0000
ENSG00000183844.17	FAM3B	protein_coding	8	4	4	0.1775	0.0520	0.0501
ENSG00000183850.14	ZNF730	protein_coding	2	1	1	0.0524	0.0153	0.0148
ENSG00000183853.18	KIRREL1	protein_coding	6368	3222	3146	68.6958	20.1221	19.3761
ENSG00000183856.11	IQGAP3	protein_coding	839	425	414	10.5678	3.0955	2.9807
ENSG00000183862.5	CNGA2	protein_coding	0	0	0	0.0000	0.0000	0.0000
ENSG00000183864.5	TOB2	protein_coding	2769	1388	1382	54.1683	15.8668	15.2785
ENSG00000183873.18	SCN5A	protein_coding	1	0	1	0.0085	0.0025	0.0024
ENSG00000183876.9	ARSI	protein_coding	477	226	251	12.5759	3.6837	3.5471
ENSG00000183878.15	UTY	protein_coding	93	48	45	0.8593	0.2517	0.2424
ENSG00000183888.4	SRARP	protein_coding	1	0	1	0.0279	0.0082	0.0079
ENSG00000183889.12	AC138969.1	protein_coding	1	2	0	0.0108	0.0031	0.0030
ENSG00000183891.6	TTC32	protein_coding	81	43	38	3.4479	1.0099	0.9725
ENSG00000183908.7	LRRC55	protein_coding	6	3	3	0.0942	0.0276	0.0266
ENSG00000183909.6	OR4G2P	transcribed_unprocessed_pseudogene	0	0	0	0.0000	0.0000	0.0000
ENSG00000183911.7	RPL21P132	processed_pseudogene	2	1	1	0.3676	0.1077	0.1037
ENSG00000183914.14	DNAH2	protein_coding	10	8	4	0.0493	0.0144	0.0139
ENSG00000183918.17	SH2D1A	protein_coding	206	107	99	5.8022	1.6996	1.6365
ENSG00000183921.7	SDR42E2	protein_coding	4	1	3	0.1292	0.0378	0.0364
ENSG00000183929.7	DUSP5P1	processed_pseudogene	1	1	0	0.0746	0.0218	0.0210
ENSG00000183935.5	HTR7P1	transcribed_processed_pseudogene	90	39	51	1.7327	0.5075	0.4887
ENSG00000183938.5	TRBV21OR9-2	TR_V_pseudogene	0	0	0	0.0000	0.0000	0.0000
ENSG00000183943.6	PRKX	protein_coding	516	254	262	6.7176	1.9677	1.8947
ENSG00000183955.13	KMT5A	protein_coding	701	339	362	13.0147	3.8122	3.6709
ENSG00000183960.9	KCNH8	protein_coding	88	45	49	1.2275	0.3596	0.3462
ENSG00000183963.19	SMTN	protein_coding	6236	3336	3517	51.7051	15.1452	14.5837
ENSG00000183971.10	NPW	protein_coding	5	1	4	0.4575	0.1340	0.1291
ENSG00000183977.14	PP2D1	protein_coding	11	126	110	0.3745	0.1097	0.1056
ENSG00000183978.8	COA3	protein_coding	2417	1563	1518	106.2935	31.1350	29.9807
ENSG00000183979.8	NPB	protein_coding	0	12	17	0.0000	0.0000	0.0000
ENSG00000183981.8	MAGEA13P	processed_pseudogene	0	0	0	0.0000	0.0000	0.0000
ENSG00000184005.11	ST6GALNAC3	protein_coding	87	45	42	1.0244	0.3001	0.2889
ENSG00000184007.22	PTP4A2	protein_coding	9159	4556	4606	115.9491	33.9633	32.7041
ENSG00000184009.12	ACTG1	protein_coding	160286	79648	80657	4661.4927	1365.4243	1314.8014
ENSG00000184012.13	TMPRSS2	protein_coding	40	22	18	0.5155	0.1510	0.1454
ENSG00000184014.8	DENND5A	protein_coding	2770	1382	1388	27.3269	8.0045	7.7077
ENSG00000184022.4	OR2T10	protein_coding	0	0	0	0.0000	0.0000	0.0000
ENSG00000184029.9	DSCR4	lncRNA	39	16	23	1.6124	0.4723	0.4548
ENSG00000184032.3	KRTAP20-2	protein_coding	0	0	0	0.0000	0.0000	0.0000
ENSG00000184033.13	CTAG1B	protein_coding	0	0	0	0.0000	0.0000	0.0000
ENSG00000184047.20	DIABLO	protein_coding	21	5	16	0.2562	0.0751	0.0723
ENSG00000184055.4	OR7E87P	unprocessed_pseudogene	0	0	0	0.0000	0.0000	0.0000
ENSG00000184056.15	VPS33B	protein_coding	131	71	60	2.9626	0.8678	0.8356
ENSG00000184058.14	TBX1	protein_coding	16	9	7	0.3795	0.1112	0.1070
ENSG00000184060.11	ADAP2	protein_coding	320	179	196	7.2465	2.1226	2.0439
ENSG00000184068.2	SREBF2-AS1	lncRNA	15	327	392	0.4262	0.1248	0.1202
ENSG00000184076.13	UQCR10	protein_coding	952	1711	1620	82.9172	24.2877	23.3873
ENSG00000184083.12	FAM120C	protein_coding	823	416	407	7.9429	2.3266	2.2403
ENSG00000184084.7	AC091868.1	processed_pseudogene	0	0	0	0.0000	0.0000	0.0000
ENSG00000184100.6	BRD7P2	processed_pseudogene	29	9	20	1.2668	0.3711	0.3573
ENSG00000184106.8	TREML3P	transcribed_unprocessed_pseudogene	0	0	0	0.0000	0.0000	0.0000
ENSG00000184108.8	TRIML1	protein_coding	0	0	0	0.0000	0.0000	0.0000
ENSG00000184110.15	EIF3C	protein_coding	723	378	362	8.8661	2.5970	2.5007
ENSG00000184111.6	RPL11P4	processed_pseudogene	0	0	0	0.0000	0.0000	0.0000
ENSG00000184113.9	CLDN5	protein_coding	158	80	78	3.9129	1.1462	1.1037
ENSG00000184115.17	AC112229.1	transcribed_unprocessed_pseudogene	0	0	0	0.0000	0.0000	0.0000
ENSG00000184117.12	NIPSNAP1	protein_coding	2776	1401	1375	79.0275	23.1484	22.2902
ENSG00000184139.8	RPL7AP28	processed_pseudogene	2	2	0	0.2974	0.0871	0.0839
ENSG00000184140.6	OR4F6	protein_coding	0	0	0	0.0000	0.0000	0.0000
ENSG00000184144.12	CNTN2	protein_coding	2	2	0	0.0096	0.0028	0.0027
ENSG00000184148.4	SPRR4	protein_coding	0	0	0	0.0000	0.0000	0.0000
ENSG00000184154.15	LRTOMT	protein_coding	116	64	53	2.7819	0.8149	0.7847
ENSG00000184155.8	OR10J5	protein_coding	0	0	0	0.0000	0.0000	0.0000
ENSG00000184156.17	KCNQ3	protein_coding	37	25	12	0.2470	0.0723	0.0697
ENSG00000184160.8	ADRA2C	protein_coding	36	18	18	1.4030	0.4110	0.3957
ENSG00000184162.15	NR2C2AP	protein_coding	497	645	643	23.5653	6.9026	6.6467
ENSG00000184163.3	C1QTNF12	protein_coding	7	4	4	0.3314	0.0971	0.0935
ENSG00000184164.15	CRELD2	protein_coding	7295	3920	3552	119.9177	35.1258	33.8235
ENSG00000184166.2	OR1D2	protein_coding	0	0	0	0.0000	0.0000	0.0000
ENSG00000184178.16	SCFD2	protein_coding	2723	1309	1414	72.8081	21.3266	20.5359
ENSG00000184182.19	UBE2F	protein_coding	442	206	236	8.8567	2.5943	2.4981
ENSG00000184185.10	KCNJ12	protein_coding	13	9	4	0.2024	0.0593	0.0571
ENSG00000184188.6	AC026410.1	processed_pseudogene	19	17	4	1.4655	0.4293	0.4133
ENSG00000184194.6	GPR173	protein_coding	66	23	44	1.1415	0.3344	0.3220
ENSG00000184203.8	PPP1R2	protein_coding	1826	915	911	30.2683	8.8661	8.5374
ENSG00000184205.14	TSPYL2	protein_coding	4579	2348	2231	78.5875	23.0195	22.1661
ENSG00000184206.12	GOLGA6L4	protein_coding	1	0	1	0.0140	0.0041	0.0039
ENSG00000184207.9	PGP	protein_coding	780	444	447	20.9349	6.1322	5.9048
ENSG00000184208.12	C22orf46	transcribed_unitary_pseudogene	2075	1044	1086	32.7102	9.5813	9.2261
ENSG00000184209.15	SNRNP35	protein_coding	536	417	466	9.6990	2.8410	2.7357
ENSG00000184210.6	DGAT2L6	protein_coding	0	0	0	0.0000	0.0000	0.0000
ENSG00000184216.14	IRAK1	protein_coding	4507	2299	2210	97.7116	28.6213	27.5601
ENSG00000184220.12	CMSS1	protein_coding	1180	585	595	13.9040	4.0727	3.9217
ENSG00000184221.13	OLIG1	protein_coding	426	240	213	15.9156	4.6619	4.4891
ENSG00000184224.3	C11orf72	lncRNA	3	3	1	0.1047	0.0307	0.0295
ENSG00000184226.15	PCDH9	protein_coding	1789	897	895	4.9096	1.4381	1.3848
ENSG00000184227.8	ACOT1	protein_coding	27	14	13	1.3599	0.3983	0.3836
ENSG00000184232.9	OAF	protein_coding	4643	2319	2324	135.3538	39.6473	38.1773
ENSG00000184254.17	ALDH1A3	protein_coding	2472	3999	3919	39.3483	11.5257	11.0984
ENSG00000184260.6	H2AC20	protein_coding	33	16	18	5.6728	1.6617	1.6001
ENSG00000184261.5	KCNK12	protein_coding	10	2	8	0.0606	0.0177	0.0171
ENSG00000184270.6	H2AC21	protein_coding	2	2	1	0.3417	0.1001	0.0964
ENSG00000184271.17	POU6F1	protein_coding	766	377	389	10.7555	3.1504	3.0336
ENSG00000184274.3	LINC00315	lncRNA	0	0	0	0.0000	0.0000	0.0000
ENSG00000184276.3	DEFB108B	protein_coding	0	0	0	0.0000	0.0000	0.0000
ENSG00000184277.13	TM2D3	protein_coding	1008	508	500	7.1969	2.1081	2.0299
ENSG00000184281.15	TSSC4	protein_coding	859	441	418	27.4339	8.0358	7.7379
ENSG00000184292.7	TACSTD2	protein_coding	78	34	44	3.6394	1.0661	1.0265
ENSG00000184293.7	CLECL1	protein_coding	25	10	15	1.2336	0.3613	0.3479
ENSG00000184302.7	SIX6	protein_coding	0	0	0	0.0000	0.0000	0.0000
ENSG00000184303.5	DRD5P1	processed_pseudogene	0	0	0	0.0000	0.0000	0.0000
ENSG00000184304.16	PRKD1	protein_coding	2923	1483	1440	47.5431	13.9261	13.4098
ENSG00000184305.15	CCSER1	protein_coding	30	15	15	0.2432	0.0712	0.0686
ENSG00000184307.16	ZDHHC23	protein_coding	453	227	241	5.3893	1.5786	1.5201
ENSG00000184313.20	MROH7	protein_coding	7	4	3	0.0654	0.0192	0.0184
ENSG00000184319.16	RPL23AP82	transcribed_unprocessed_pseudogene	1784	1106	1066	35.6466	10.4414	10.0543
ENSG00000184321.1	OR51J1	unprocessed_pseudogene	0	0	0	0.0000	0.0000	0.0000
ENSG00000184330.12	S100A7A	protein_coding	0	0	1	0.0000	0.0000	0.0000
ENSG00000184343.11	SRPK3	protein_coding	15	8	8	0.2685	0.0787	0.0757
ENSG00000184344.4	GDF3	protein_coding	2	1	1	0.1374	0.0403	0.0388
ENSG00000184345.5	IQCF2	protein_coding	0	0	0	0.0000	0.0000	0.0000
ENSG00000184347.15	SLIT3	protein_coding	604	405	377	3.5944	1.0529	1.0138
ENSG00000184349.13	EFNA5	protein_coding	1953	976	977	28.8685	8.4560	8.1425
ENSG00000184350.11	MRGPRE	protein_coding	0	0	0	0.0000	0.0000	0.0000
ENSG00000184351.8	KRTAP19-1	protein_coding	12	8	4	1.5393	0.4509	0.4342
ENSG00000184357.5	H1-5	protein_coding	0	0	0	0.0000	0.0000	0.0000
ENSG00000184361.13	SPATA32	protein_coding	6	6	7	0.2643	0.0774	0.0745
ENSG00000184363.10	PKP3	protein_coding	27	14	13	0.6042	0.1770	0.1704
ENSG00000184368.16	MAP7D2	protein_coding	2	2	0	0.0389	0.0114	0.0110
ENSG00000184371.14	CSF1	protein_coding	3921	1986	1935	63.5687	18.6203	17.9299
ENSG00000184374.3	COLEC10	protein_coding	2	1	1	0.0480	0.0141	0.0135
ENSG00000184378.3	ACTRT3	protein_coding	62	36	27	3.1508	0.9229	0.8887
ENSG00000184381.20	PLA2G6	protein_coding	501	449	421	5.2203	1.5291	1.4724
ENSG00000184384.14	MAML2	protein_coding	1096	628	589	13.0647	3.8269	3.6850
ENSG00000184385.2	UMODL1-AS1	lncRNA	0	1	0	0.0000	0.0000	0.0000
ENSG00000184388.6	PABPC1L2B	protein_coding	1	1	0	0.0268	0.0079	0.0076
ENSG00000184389.9	A3GALT2	protein_coding	3	1	2	0.2490	0.0729	0.0702
ENSG00000184394.2	OR4N5	protein_coding	0	0	0	0.0000	0.0000	0.0000
ENSG00000184402.15	SS18L1	protein_coding	426	203	223	7.0245	2.0576	1.9813
ENSG00000184408.10	KCND2	protein_coding	24	9	15	0.3367	0.0986	0.0950
ENSG00000184414.2	IRS3P	processed_pseudogene	1	1	0	0.0844	0.0247	0.0238
ENSG00000184423.5	RPL23AP38	processed_pseudogene	0	0	0	0.0000	0.0000	0.0000
ENSG00000184428.13	TOP1MT	protein_coding	3066	1570	1496	40.5239	11.8701	11.4300
ENSG00000184432.11	COPB2	protein_coding	9684	5080	5056	43.9277	12.8671	12.3901
ENSG00000184434.8	LRRC19	protein_coding	6	2	4	0.1420	0.0416	0.0401
ENSG00000184436.12	THAP7	protein_coding	1371	716	702	40.4397	11.8454	11.4063
ENSG00000184441.4	AP001062.1	lncRNA	25	331	335	0.4876	0.1428	0.1375
ENSG00000184445.12	KNTC1	protein_coding	720	372	348	5.3989	1.5814	1.5228
ENSG00000184451.5	CCR10	protein_coding	11	26	20	0.3567	0.1045	0.1006
ENSG00000184454.7	NCMAP	protein_coding	28	11	17	0.5735	0.1680	0.1618
ENSG00000184459.8	BPIFC	protein_coding	0	0	0	0.0000	0.0000	0.0000
ENSG00000184465.16	WDR27	protein_coding	63	32	31	0.4243	0.1243	0.1197
ENSG00000184470.21	TXNRD2	protein_coding	1082	526	557	11.2040	3.2818	3.1602
ENSG00000184471.8	C1QTNF8	protein_coding	0	0	0	0.0000	0.0000	0.0000
ENSG00000184478.7	OR56A3	protein_coding	0	0	0	0.0000	0.0000	0.0000
ENSG00000184481.17	FOXO4	protein_coding	1097	545	553	24.5799	7.1998	6.9329
ENSG00000184486.10	POU3F2	protein_coding	339	162	177	5.8931	1.7262	1.6622
ENSG00000184489.12	PTP4A3	protein_coding	1291	638	653	38.1330	11.1697	10.7556
ENSG00000184492.6	FOXD4L1	protein_coding	3	1	2	0.1023	0.0300	0.0288
ENSG00000184497.13	TMEM255B	protein_coding	199	108	91	2.3146	0.6780	0.6529
ENSG00000184500.16	PROS1	protein_coding	14214	7171	7044	229.0435	67.0904	64.6031
ENSG00000184502.4	GAST	protein_coding	0	0	0	0.0000	0.0000	0.0000
ENSG00000184507.16	NUTM1	protein_coding	1	1	0	0.0202	0.0059	0.0057
ENSG00000184508.12	HDDC3	protein_coding	191	314	260	3.1019	0.9086	0.8749
ENSG00000184515.11	BEX5	protein_coding	11	5	6	0.9503	0.2784	0.2680
ENSG00000184517.12	ZFP1	protein_coding	589	293	296	13.3062	3.8976	3.7531
ENSG00000184523.4	PTGER4P2	transcribed_processed_pseudogene	0	0	0	0.0000	0.0000	0.0000
ENSG00000184524.6	CEND1	protein_coding	18	12	6	0.9389	0.2750	0.2648
ENSG00000184530.9	C6orf58	protein_coding	0	0	0	0.0000	0.0000	0.0000
ENSG00000184544.12	DHRS7C	protein_coding	0	0	0	0.0000	0.0000	0.0000
ENSG00000184545.11	DUSP8	protein_coding	133	65	70	2.2771	0.6670	0.6423
ENSG00000184557.4	SOCS3	protein_coding	1417	711	707	44.0133	12.8922	12.4142
ENSG00000184560.8	SPEM2	protein_coding	0	0	1	0.0000	0.0000	0.0000
ENSG00000184564.11	SLITRK6	protein_coding	226	114	112	4.3460	1.2730	1.2258
ENSG00000184566.3	AC132216.1	lncRNA	0	0	0	0.0000	0.0000	0.0000
ENSG00000184571.13	PIWIL3	protein_coding	1	1	0	0.0223	0.0065	0.0063
ENSG00000184574.10	LPAR5	protein_coding	125	59	67	3.8308	1.1221	1.0805
ENSG00000184575.12	XPOT	protein_coding	7988	3981	4008	92.6700	27.1445	26.1381
ENSG00000184584.13	STING1	protein_coding	3372	1679	1693	59.6815	17.4816	16.8335
ENSG00000184588.18	PDE4B	protein_coding	424	194	230	4.0321	1.1811	1.1373
ENSG00000184599.13	TAFA3	protein_coding	390	185	205	25.8338	7.5671	7.2866
ENSG00000184601.11	C14orf180	protein_coding	1	0	1	0.0287	0.0084	0.0081
ENSG00000184602.6	SNN	protein_coding	1505	780	828	39.1560	11.4694	11.0442
ENSG00000184608.9	FAM167A-AS1	lncRNA	1	1	0	0.0381	0.0112	0.0108
ENSG00000184611.12	KCNH7	protein_coding	0	1	0	0.0000	0.0000	0.0000
ENSG00000184612.8	RPL7P26	processed_pseudogene	4	0	4	0.4505	0.1320	0.1271
ENSG00000184613.11	NELL2	protein_coding	257	122	135	3.4074	0.9981	0.9611
ENSG00000184616.9	SPDYE12P	unprocessed_pseudogene	29	16	13	2.9851	0.8744	0.8420
ENSG00000184617.10	ZNF840P	unprocessed_pseudogene	0	0	0	0.0000	0.0000	0.0000
ENSG00000184619.8	KRBA2	protein_coding	284	161	142	1.7853	0.5229	0.5035
ENSG00000184624.4	ZNF72P	unprocessed_pseudogene	0	0	0	0.0000	0.0000	0.0000
ENSG00000184634.16	MED12	protein_coding	4113	2052	2061	47.0408	13.7790	13.2681
ENSG00000184635.16	ZNF93	protein_coding	36	19	18	0.5480	0.1605	0.1546
ENSG00000184640.19	SEPTIN9	protein_coding	22852	11278	11582	140.8786	41.2655	39.7356
ENSG00000184647.11	PRSS55	protein_coding	0	0	0	0.0000	0.0000	0.0000
ENSG00000184650.11	ODF4	protein_coding	2	0	3	0.1256	0.0368	0.0354
ENSG00000184659.5	FOXD4L4	protein_coding	0	0	0	0.0000	0.0000	0.0000
ENSG00000184661.14	CDCA2	protein_coding	747	382	365	17.1587	5.0260	4.8397
ENSG00000184669.9	OR7E14P	transcribed_unprocessed_pseudogene	1	1	1	0.0469	0.0138	0.0132
ENSG00000184672.12	RALYL	protein_coding	57	26	31	1.0667	0.3124	0.3009
ENSG00000184675.11	AMER1	protein_coding	337	171	166	3.4041	0.9971	0.9601
ENSG00000184677.18	ZBTB40	protein_coding	1998	983	1015	18.5049	5.4204	5.2194
ENSG00000184678.10	H2BC21	protein_coding	908	427	481	35.1448	10.2945	9.9128
ENSG00000184697.7	CLDN6	protein_coding	3	2	1	0.1465	0.0429	0.0413
ENSG00000184698.5	OR51M1	protein_coding	0	0	0	0.0000	0.0000	0.0000
ENSG00000184702.20	SEPTIN5	protein_coding	5	5	1	0.0930	0.0273	0.0262
ENSG00000184708.18	EIF4ENIF1	protein_coding	1731	1141	1131	24.0900	7.0563	6.7947
ENSG00000184709.7	LRRC26	protein_coding	0	0	1	0.0000	0.0000	0.0000
ENSG00000184716.13	SERINC4	protein_coding	0	311	282	0.0000	0.0000	0.0000
ENSG00000184719.12	RNLS	protein_coding	1008	510	499	17.8705	5.2346	5.0405
ENSG00000184724.5	KRTAP6-1	protein_coding	0	0	0	0.0000	0.0000	0.0000
ENSG00000184730.11	APOBR	protein_coding	353	207	190	7.8928	2.3119	2.2262
ENSG00000184731.6	FAM110C	protein_coding	1	1	0	0.0208	0.0061	0.0059
ENSG00000184735.7	DDX53	protein_coding	0	0	0	0.0000	0.0000	0.0000
ENSG00000184741.6	OR5AQ1P	transcribed_unprocessed_pseudogene	0	0	0	0.0000	0.0000	0.0000
ENSG00000184743.13	ATL3	protein_coding	5269	2698	2753	58.8745	17.2452	16.6059
ENSG00000184752.13	NDUFA12	protein_coding	867	429	438	41.0630	12.0280	11.5821
ENSG00000184761.8	PRSS40B	transcribed_unprocessed_pseudogene	0	0	0	0.0000	0.0000	0.0000
ENSG00000184774.10	MGAT4EP	transcribed_unitary_pseudogene	1	0	1	0.0302	0.0089	0.0085
ENSG00000184785.6	SMIM10	protein_coding	588	316	272	33.6704	9.8626	9.4969
ENSG00000184786.6	TCTE3	protein_coding	32	13	19	1.0329	0.3025	0.2913
ENSG00000184787.19	UBE2G2	protein_coding	6667	3274	3395	78.6886	23.0491	22.1946
ENSG00000184788.14	SATL1	protein_coding	0	98	108	0.0000	0.0000	0.0000
ENSG00000184789.6	OR4C10P	unprocessed_pseudogene	0	0	0	0.0000	0.0000	0.0000
ENSG00000184792.16	OSBP2	protein_coding	20001	9890	10113	256.1058	75.0174	72.2362
ENSG00000184795.9	UNC93B5	unprocessed_pseudogene	0	0	0	0.0000	0.0000	0.0000
ENSG00000184809.13	B3GALT5-AS1	lncRNA	1	1	0	0.0110	0.0032	0.0031
ENSG00000184811.4	TRARG1	protein_coding	2	2	0	0.0473	0.0139	0.0134
ENSG00000184814.5	PRR23B	protein_coding	0	0	0	0.0000	0.0000	0.0000
ENSG00000184828.10	ZBTB7C	protein_coding	30	17	13	0.3348	0.0981	0.0944
ENSG00000184831.14	APOO	protein_coding	987	492	497	35.5607	10.4163	10.0301
ENSG00000184838.15	PRR16	protein_coding	389	191	198	14.6688	4.2967	4.1374
ENSG00000184840.12	TMED9	protein_coding	13298	6619	6683	321.4552	94.1593	90.6683
ENSG00000184844.6	CYCSP45	processed_pseudogene	3	1	2	0.8088	0.2369	0.2281
ENSG00000184845.4	DRD1	protein_coding	364	175	189	7.6683	2.2462	2.1629
ENSG00000184856.7	LINC00308	lncRNA	13	8	9	1.3381	0.3920	0.3774
ENSG00000184857.8	TMEM186	protein_coding	311	273	270	13.3926	3.9229	3.7775
ENSG00000184860.10	SDR42E1	protein_coding	17	8	9	0.1213	0.0355	0.0342
ENSG00000184863.11	RBM33	protein_coding	1826	920	906	11.8082	3.4588	3.3306
ENSG00000184867.14	ARMCX2	protein_coding	5444	2675	2769	130.3007	38.1671	36.7521
ENSG00000184887.13	BTBD6	protein_coding	2780	1467	1517	98.6952	28.9094	27.8376
ENSG00000184895.8	SRY	protein_coding	0	0	0	0.0000	0.0000	0.0000
ENSG00000184897.6	H1-10	protein_coding	821	650	705	45.9892	13.4710	12.9715
ENSG00000184898.7	RBM43	protein_coding	1530	798	732	27.6384	8.0957	7.7956
ENSG00000184900.16	SUMO3	protein_coding	8774	4428	4347	272.7277	79.8862	76.9244
ENSG00000184903.10	IMMP2L	protein_coding	819	406	413	17.5189	5.1315	4.9413
ENSG00000184905.9	TCEAL2	protein_coding	1	0	1	0.0268	0.0079	0.0076
ENSG00000184906.11	AMYH02020865.1	transcribed_unprocessed_pseudogene	0	0	0	0.0000	0.0000	0.0000
ENSG00000184908.18	CLCNKB	protein_coding	0	0	0	0.0000	0.0000	0.0000
ENSG00000184911.14	DMRTC1B	protein_coding	0	0	0	0.0000	0.0000	0.0000
ENSG00000184916.9	JAG2	protein_coding	461	236	226	6.1208	1.7929	1.7264
ENSG00000184922.14	FMNL1	protein_coding	992	699	683	11.2637	3.2993	3.1770
ENSG00000184923.12	NUTM2A	protein_coding	4	1	3	0.0668	0.0196	0.0189
ENSG00000184924.5	PTRHD1	protein_coding	206	248	198	9.1255	2.6730	2.5739
ENSG00000184925.12	LCN12	protein_coding	5	3	2	0.1484	0.0435	0.0418
ENSG00000184933.5	OR6A2	protein_coding	0	0	0	0.0000	0.0000	0.0000
ENSG00000184937.16	WT1	protein_coding	57	34	23	0.5952	0.1743	0.1679
ENSG00000184939.16	ZFP90	protein_coding	1552	787	765	18.7878	5.5032	5.2992
ENSG00000184945.14	AQP12A	protein_coding	0	1	1	0.0000	0.0000	0.0000
ENSG00000184949.16	FAM227A	protein_coding	38	19	21	0.2994	0.0877	0.0844
ENSG00000184954.4	OR6C70	protein_coding	0	0	0	0.0000	0.0000	0.0000
ENSG00000184956.16	MUC6	protein_coding	0	0	0	0.0000	0.0000	0.0000
ENSG00000184961.5	RPL7AP49	processed_pseudogene	0	0	0	0.0000	0.0000	0.0000
ENSG00000184967.7	NOC4L	protein_coding	672	343	329	28.2508	8.2751	7.9683
ENSG00000184979.10	USP18	protein_coding	1870	998	872	85.4689	25.0352	24.1070
ENSG00000184983.11	NDUFA6	protein_coding	3517	1793	1725	222.2211	65.0921	62.6788
ENSG00000184984.10	CHRM5	protein_coding	4	3	3	0.0562	0.0165	0.0159
ENSG00000184985.16	SORCS2	protein_coding	135	65	70	1.8148	0.5316	0.5119
ENSG00000184986.11	TMEM121	protein_coding	422	196	227	18.6260	5.4558	5.2536
ENSG00000184988.8	TMEM106A	protein_coding	710	435	421	16.8559	4.9374	4.7543
ENSG00000184990.13	SIVA1	protein_coding	1487	763	727	26.7026	7.8216	7.5316
ENSG00000184991.3	TTTY13	lncRNA	0	0	0	0.0000	0.0000	0.0000
ENSG00000184992.13	BRI3BP	protein_coding	503	356	292	6.3725	1.8666	1.7974
ENSG00000184995.7	IFNE	protein_coding	0	0	0	0.0000	0.0000	0.0000
ENSG00000184999.12	SLC22A10	protein_coding	0	0	1	0.0000	0.0000	0.0000
ENSG00000185000.12	DGAT1	protein_coding	2149	1074	1104	44.1767	12.9401	12.4603
ENSG00000185002.10	RFX6	protein_coding	0	0	0	0.0000	0.0000	0.0000
ENSG00000185008.17	ROBO2	protein_coding	191	102	97	0.9734	0.2851	0.2746
ENSG00000185009.13	AP3M1	protein_coding	4693	2420	2495	70.0284	20.5124	19.7519
ENSG00000185010.15	F8	protein_coding	1617	846	856	12.5334	3.6712	3.5351
ENSG00000185013.16	NT5C1B	protein_coding	4	3	1	0.0852	0.0250	0.0240
ENSG00000185015.8	CA13	protein_coding	697	360	337	10.5752	3.0977	2.9828
ENSG00000185019.17	UBOX5	protein_coding	527	312	315	9.4456	2.7668	2.6642
ENSG00000185022.12	MAFF	protein_coding	1118	625	670	16.9205	4.9563	4.7725
ENSG00000185024.17	BRF1	protein_coding	1325	778	764	8.5456	2.5031	2.4103
ENSG00000185028.4	LRRC14B	protein_coding	1	0	1	0.0330	0.0097	0.0093
ENSG00000185031.6	SLC2A3P2	processed_pseudogene	1	0	1	0.0574	0.0168	0.0162
ENSG00000185033.14	SEMA4B	protein_coding	1144	572	572	13.8665	4.0617	3.9111
ENSG00000185037.9	ZNF733P	transcribed_unprocessed_pseudogene	0	0	0	0.0000	0.0000	0.0000
ENSG00000185038.14	MROH2A	protein_coding	1	0	1	0.0148	0.0043	0.0042
ENSG00000185040.13	SPDYE16	protein_coding	2	2	1	0.0470	0.0138	0.0133
ENSG00000185043.12	CIB1	protein_coding	2669	1724	1722	153.9760	45.1020	43.4298
ENSG00000185046.18	ANKS1B	protein_coding	2	67	65	0.0154	0.0045	0.0043
ENSG00000185049.16	NELFA	protein_coding	1537	739	799	25.8103	7.5602	7.2799
ENSG00000185052.12	SLC24A3	protein_coding	24	20	8	0.5191	0.1521	0.1464
ENSG00000185053.14	SGCZ	protein_coding	1	1	1	0.0116	0.0034	0.0033
ENSG00000185055.11	EFCAB10	protein_coding	16	197	164	0.5270	0.1544	0.1487
ENSG00000185056.10	C5orf47	protein_coding	0	0	0	0.0000	0.0000	0.0000
ENSG00000185065.6	AC000068.1	lncRNA	7	28	26	0.2835	0.0830	0.0800
ENSG00000185069.2	KRT76	protein_coding	0	0	0	0.0000	0.0000	0.0000
ENSG00000185070.11	FLRT2	protein_coding	955	493	469	2.3237	0.6806	0.6554
ENSG00000185074.7	OR7E31P	unprocessed_pseudogene	1	1	0	0.0958	0.0281	0.0270
ENSG00000185078.3	RPL9P14	processed_pseudogene	0	0	0	0.0000	0.0000	0.0000
ENSG00000185085.2	INTS5	protein_coding	1811	915	896	46.8161	13.7132	13.2048
ENSG00000185088.14	RPS27L	protein_coding	5364	2816	2548	51.6162	15.1192	14.5587
ENSG00000185090.14	MANEAL	protein_coding	9	11	14	0.2532	0.0742	0.0714
ENSG00000185100.11	ADSS1	protein_coding	233	109	124	3.4519	1.0111	0.9736
ENSG00000185101.13	ANO9	protein_coding	70	34	36	0.9577	0.2805	0.2701
ENSG00000185104.20	FAF1	protein_coding	3021	1466	1558	33.9839	9.9544	9.5854
ENSG00000185105.5	MYADML2	protein_coding	0	0	0	0.0000	0.0000	0.0000
ENSG00000185112.6	FAM43A	protein_coding	418	205	215	11.2509	3.2956	3.1734
ENSG00000185115.6	NSMCE3	protein_coding	584	286	298	10.2593	3.0051	2.8937
ENSG00000185122.11	HSF1	protein_coding	7273	4071	3932	116.4235	34.1023	32.8379
ENSG00000185127.6	C6orf120	protein_coding	800	499	471	25.4729	7.4614	7.1848
ENSG00000185129.8	PURA	protein_coding	2709	1363	1361	18.3760	5.3826	5.1831
ENSG00000185130.5	H2BC13	protein_coding	5	3	2	0.8701	0.2549	0.2454
ENSG00000185133.14	INPP5J	protein_coding	47	24	24	0.8275	0.2424	0.2334
ENSG00000185149.6	NPY2R	protein_coding	0	0	0	0.0000	0.0000	0.0000
ENSG00000185155.12	MIXL1	protein_coding	24	14	10	1.0015	0.2934	0.2825
ENSG00000185156.6	MFSD6L	protein_coding	6	2	4	0.2259	0.0662	0.0637
ENSG00000185158.12	LRRC37B	protein_coding	239	127	114	3.2313	0.9465	0.9114
ENSG00000185163.10	DDX51	protein_coding	480	248	232	6.4202	1.8806	1.8109
ENSG00000185164.14	NOMO2	protein_coding	1726	859	867	21.5516	6.3128	6.0788
ENSG00000185168.5	LINC00482	lncRNA	51	33	18	1.9713	0.5774	0.5560
ENSG00000185176.13	AQP12B	protein_coding	0	0	0	0.0000	0.0000	0.0000
ENSG00000185177.13	ZNF479	protein_coding	0	0	0	0.0000	0.0000	0.0000
ENSG00000185182.14	GOLGA8EP	transcribed_unprocessed_pseudogene	0	0	0	0.0000	0.0000	0.0000
ENSG00000185186.10	LINC00313	lncRNA	1	0	1	0.0252	0.0074	0.0071
ENSG00000185187.13	SIGIRR	protein_coding	914	421	493	22.2017	6.5032	6.2621
ENSG00000185189.18	NRBP2	protein_coding	3136	1950	1888	53.9746	15.8100	15.2238
ENSG00000185198.12	PRSS57	protein_coding	0	0	0	0.0000	0.0000	0.0000
ENSG00000185201.16	IFITM2	protein_coding	1060	521	548	58.3381	17.0881	16.4546
ENSG00000185203.12	WASIR1	lncRNA	1	1	0	0.0806	0.0236	0.0227
ENSG00000185203.12_PAR_Y	WASIR1	lncRNA	0	0	0	0.0000	0.0000	0.0000
ENSG00000185215.11	TNFAIP2	protein_coding	1552	739	813	26.0570	7.6325	7.3495
ENSG00000185219.17	ZNF445	protein_coding	571	278	293	2.5675	0.7521	0.7242
ENSG00000185220.12	PGBD2	protein_coding	215	109	106	5.0008	1.4648	1.4105
ENSG00000185221.6	GAPDHP24	processed_pseudogene	0	0	0	0.0000	0.0000	0.0000
ENSG00000185222.10	TCEAL9	protein_coding	3135	1547	1588	134.8661	39.5044	38.0398
ENSG00000185231.5	MC2R	protein_coding	0	0	0	0.0000	0.0000	0.0000
ENSG00000185236.12	RAB11B	protein_coding	3540	2031	2033	130.1942	38.1359	36.7220
ENSG00000185238.13	PRMT3	protein_coding	648	329	319	10.0362	2.9398	2.8308
ENSG00000185245.8	GP1BA	protein_coding	48	30	29	1.6214	0.4749	0.4573
ENSG00000185246.18	PRPF39	protein_coding	677	1013	1086	11.6757	3.4200	3.2932
ENSG00000185247.15	MAGEA11	protein_coding	1	1	0	0.0245	0.0072	0.0069
ENSG00000185250.16	PPIL6	protein_coding	67	49	49	1.2697	0.3719	0.3581
ENSG00000185252.19	ZNF74	protein_coding	782	381	403	10.6235	3.1118	2.9964
ENSG00000185261.14	KIAA0825	protein_coding	95	58	37	0.7755	0.2272	0.2187
ENSG00000185262.9	UBALD2	protein_coding	5147	2540	2609	264.9003	77.5935	74.7167
ENSG00000185264.12	TEX33	protein_coding	0	0	0	0.0000	0.0000	0.0000
ENSG00000185267.10	CDNF	protein_coding	140	92	72	6.9811	2.0449	1.9691
ENSG00000185269.12	NOTUM	protein_coding	1	0	2	0.0292	0.0085	0.0082
ENSG00000185271.9	KLHL33	protein_coding	11	5	8	0.1696	0.0497	0.0478
ENSG00000185272.14	RBM11	protein_coding	1	0	1	0.0360	0.0105	0.0101
ENSG00000185274.12	GALNT17	protein_coding	34	20	14	0.5898	0.1728	0.1664
ENSG00000185275.6	CD24P4	processed_pseudogene	0	0	0	0.0000	0.0000	0.0000
ENSG00000185278.15	ZBTB37	protein_coding	556	275	283	2.4258	0.7106	0.6842
ENSG00000185290.4	NUPR2	protein_coding	0	0	0	0.0000	0.0000	0.0000
ENSG00000185291.12	IL3RA	protein_coding	242	119	123	12.0180	3.5203	3.3897
ENSG00000185291.12_PAR_Y	IL3RA	protein_coding	0	0	0	0.0000	0.0000	0.0000
ENSG00000185294.7	SPPL2C	protein_coding	0	0	0	0.0000	0.0000	0.0000
ENSG00000185296.8	AC026785.1	processed_pseudogene	0	0	0	0.0000	0.0000	0.0000
ENSG00000185298.13	CCDC137	protein_coding	1155	595	560	41.0561	12.0260	11.5801
ENSG00000185303.17	SFTPA2	protein_coding	0	0	0	0.0000	0.0000	0.0000
ENSG00000185304.15	RGPD2	protein_coding	2	3	1	0.0242	0.0071	0.0068
ENSG00000185305.11	ARL15	protein_coding	1257	615	642	28.0908	8.2282	7.9232
ENSG00000185306.13	C12orf56	protein_coding	130	65	72	2.1774	0.6378	0.6142
ENSG00000185313.8	SCN10A	protein_coding	0	0	0	0.0000	0.0000	0.0000
ENSG00000185319.5	SSXP4	unprocessed_pseudogene	0	0	0	0.0000	0.0000	0.0000
ENSG00000185324.22	CDK10	protein_coding	617	335	282	7.7292	2.2640	2.1801
ENSG00000185332.8	TMEM105	lncRNA	0	0	0	0.0000	0.0000	0.0000
ENSG00000185338.6	SOCS1	protein_coding	113	49	64	5.3400	1.5642	1.5062
ENSG00000185339.9	TCN2	protein_coding	7080	3491	3604	203.8091	59.6989	57.4855
ENSG00000185340.15	GAS2L1	protein_coding	5334	2639	2695	101.0858	29.6096	28.5119
ENSG00000185344.15	ATP6V0A2	protein_coding	914	486	501	4.5090	1.3207	1.2718
ENSG00000185345.23	PRKN	protein_coding	16	6	10	0.1130	0.0331	0.0319
ENSG00000185347.18	TEDC1	protein_coding	460	219	246	5.8321	1.7083	1.6450
ENSG00000185352.8	HS6ST3	protein_coding	3	3	0	0.0326	0.0096	0.0092
ENSG00000185359.14	HGS	protein_coding	3254	2331	2368	25.4707	7.4608	7.1841
ENSG00000185361.9	TNFAIP8L1	protein_coding	487	371	346	6.2013	1.8164	1.7491
ENSG00000185372.3	OR2V1	protein_coding	0	0	0	0.0000	0.0000	0.0000
ENSG00000185379.20	RAD51D	protein_coding	762	395	373	5.7245	1.6768	1.6146
ENSG00000185385.4	OR7A17	protein_coding	0	0	0	0.0000	0.0000	0.0000
ENSG00000185386.15	MAPK11	protein_coding	1791	921	870	56.5820	16.5738	15.9593
ENSG00000185390.2	FGF7P2	unprocessed_pseudogene	1	0	1	0.2869	0.0840	0.0809
ENSG00000185404.17	SP140L	protein_coding	1626	826	800	24.4391	7.1586	6.8932
ENSG00000185414.20	MRPL30	protein_coding	767	396	372	13.6836	4.0081	3.8595
ENSG00000185418.16	TARS3	protein_coding	1324	702	622	25.2379	7.3926	7.1185
ENSG00000185420.19	SMYD3	protein_coding	729	362	367	10.5535	3.0913	2.9767
ENSG00000185432.12	METTL7A	protein_coding	567	300	267	11.8130	3.4602	3.3319
ENSG00000185433.10	LINC00158	lncRNA	15	7	8	0.3084	0.0903	0.0870
ENSG00000185436.12	IFNLR1	protein_coding	757	384	373	13.0131	3.8117	3.6704
ENSG00000185437.13	SH3BGR	protein_coding	12	8	4	0.6816	0.1997	0.1923
ENSG00000185442.13	FAM174B	protein_coding	1737	847	898	33.0067	9.6682	9.3097
ENSG00000185448.10	FAM47A	protein_coding	0	0	0	0.0000	0.0000	0.0000
ENSG00000185453.13	ZSWIM9	protein_coding	442	234	256	9.9747	2.9217	2.8134
ENSG00000185467.7	KPNA7	protein_coding	0	0	0	0.0000	0.0000	0.0000
ENSG00000185475.11	TMEM179B	protein_coding	1221	1405	1358	68.9414	20.1940	19.4453
ENSG00000185477.5	GPRIN3	protein_coding	6327	3205	3122	35.8242	10.4935	10.1044
ENSG00000185479.6	KRT6B	protein_coding	0	0	0	0.0000	0.0000	0.0000
ENSG00000185480.12	PARPBP	protein_coding	55	49	46	0.9839	0.2882	0.2775
ENSG00000185482.8	STAC3	protein_coding	100	51	49	4.0612	1.1896	1.1455
ENSG00000185483.12	ROR1	protein_coding	522	269	253	6.5965	1.9322	1.8606
ENSG00000185485.14	SDHAP1	transcribed_unprocessed_pseudogene	100	53	47	2.5327	0.7419	0.7144
ENSG00000185495.10	AC138393.1	transcribed_unprocessed_pseudogene	57	29	28	1.1130	0.3260	0.3139
ENSG00000185499.16	MUC1	protein_coding	93	50	43	1.6743	0.4904	0.4722
ENSG00000185504.17	FAAP100	protein_coding	1156	591	565	18.3389	5.3717	5.1726
ENSG00000185507.21	IRF7	protein_coding	1782	911	871	57.9358	16.9703	16.3411
ENSG00000185513.17	L3MBTL1	protein_coding	45	25	25	0.2457	0.0720	0.0693
ENSG00000185515.15	BRCC3	protein_coding	824	419	405	21.9700	6.4354	6.1968
ENSG00000185518.12	SV2B	protein_coding	34	13	21	0.2106	0.0617	0.0594
ENSG00000185519.9	FAM131C	protein_coding	13	7	6	0.6418	0.1880	0.1810
ENSG00000185522.9	LMNTD2	protein_coding	10	22	14	0.2930	0.0858	0.0827
ENSG00000185523.6	SPATA45	protein_coding	1	2	2	0.1678	0.0492	0.0473
ENSG00000185527.12	PDE6G	protein_coding	53	20	33	4.1103	1.2040	1.1593
ENSG00000185532.20	PRKG1	protein_coding	422	259	255	2.7714	0.8118	0.7817
ENSG00000185551.15	NR2F2	protein_coding	2170	1036	1134	28.4554	8.3350	8.0260
ENSG00000185559.16	DLK1	protein_coding	9	6	4	0.1457	0.0427	0.0411
ENSG00000185561.10	TLCD2	protein_coding	685	360	325	9.8862	2.8958	2.7885
ENSG00000185565.12	LSAMP	protein_coding	5908	2977	2931	48.7760	14.2873	13.7576
ENSG00000185567.7	AHNAK2	protein_coding	20032	11308	11436	90.5432	26.5215	25.5383
ENSG00000185585.20	OLFML2A	protein_coding	225	124	101	2.8219	0.8266	0.7959
ENSG00000185591.10	SP1	protein_coding	4296	2165	2131	45.1340	13.2205	12.7303
ENSG00000185594.7	SPATA8	lncRNA	1	1	0	0.0570	0.0167	0.0161
ENSG00000185596.16	WASH3P	transcribed_unprocessed_pseudogene	53	21	32	1.9144	0.5608	0.5400
ENSG00000185607.5	ACTBP7	processed_pseudogene	35	17	19	2.6443	0.7746	0.7458
ENSG00000185608.8	MRPL40	protein_coding	2801	1431	1370	121.0495	35.4573	34.1427
ENSG00000185610.6	DBX2	protein_coding	0	0	0	0.0000	0.0000	0.0000
ENSG00000185614.7	INKA1	protein_coding	172	72	100	14.1397	4.1417	3.9882
ENSG00000185615.16	PDIA2	protein_coding	1	1	0	0.0380	0.0111	0.0107
ENSG00000185619.18	PCGF3	protein_coding	808	752	704	9.2412	2.7069	2.6065
ENSG00000185621.11	LMLN	protein_coding	1464	843	848	14.3032	4.1896	4.0343
ENSG00000185624.15	P4HB	protein_coding	46019	36481	36090	747.0759	218.8302	210.7171
ENSG00000185627.18	PSMD13	protein_coding	2511	1302	1209	49.0534	14.3685	13.8358
ENSG00000185630.19	PBX1	protein_coding	221	108	113	0.8782	0.2572	0.2477
ENSG00000185631.7	RPL14P6	processed_pseudogene	0	0	0	0.0000	0.0000	0.0000
ENSG00000185633.10	NDUFA4L2	protein_coding	216	120	103	6.5370	1.9148	1.8438
ENSG00000185634.12	SHC4	protein_coding	2887	1421	1468	37.5330	10.9940	10.5864
ENSG00000185638.9	FTH1P14	processed_pseudogene	0	0	0	0.0000	0.0000	0.0000
ENSG00000185640.6	KRT79	protein_coding	4	3	1	0.1327	0.0389	0.0374
ENSG00000185641.6	AC034236.1	processed_pseudogene	114	58	56	25.9542	7.6024	7.3205
ENSG00000185650.10	ZFP36L1	protein_coding	9144	4682	4462	150.4869	44.0800	42.4457
ENSG00000185651.15	UBE2L3	protein_coding	5645	2731	2914	124.9025	36.5859	35.2295
ENSG00000185652.12	NTF3	protein_coding	4	3	2	0.1162	0.0340	0.0328
ENSG00000185658.14	BRWD1	protein_coding	2910	1451	1485	10.9369	3.2036	3.0848
ENSG00000185662.10	SMIM23	protein_coding	0	0	0	0.0000	0.0000	0.0000
ENSG00000185664.14	PMEL	protein_coding	15488	8176	8107	337.1566	98.7585	95.0970
ENSG00000185666.15	SYN3	protein_coding	396	192	204	3.3018	0.9671	0.9313
ENSG00000185668.8	POU3F1	protein_coding	46	23	23	1.3175	0.3859	0.3716
ENSG00000185669.6	SNAI3	protein_coding	59	29	36	2.8795	0.8434	0.8122
ENSG00000185670.9	ZBTB3	protein_coding	188	96	92	4.7742	1.3984	1.3466
ENSG00000185674.9	LYG2	protein_coding	7	3	4	0.4929	0.1444	0.1390
ENSG00000185681.13	MORN5	protein_coding	1	0	1	0.0978	0.0287	0.0276
ENSG00000185684.15	EP400P1	transcribed_unprocessed_pseudogene	179	93	92	1.1860	0.3474	0.3345
ENSG00000185686.18	PRAME	protein_coding	26827	13436	13394	598.5709	175.3308	168.8304
ENSG00000185689.16	C6orf201	protein_coding	3	306	328	0.0767	0.0225	0.0216
ENSG00000185697.16	MYBL1	protein_coding	1009	523	486	11.8365	3.4671	3.3386
ENSG00000185700.10	TTTY8B	lncRNA	0	0	0	0.0000	0.0000	0.0000
ENSG00000185701.7	OR5M5P	unprocessed_pseudogene	0	0	0	0.0000	0.0000	0.0000
ENSG00000185710.9	SMG1P4	transcribed_unprocessed_pseudogene	0	0	0	0.0000	0.0000	0.0000
ENSG00000185716.12	MOSMO	protein_coding	1350	794	752	18.3987	5.3893	5.1895
ENSG00000185721.13	DRG1	protein_coding	3329	1634	1695	128.6170	37.6739	36.2772
ENSG00000185722.18	ANKFY1	protein_coding	6354	3878	3826	37.9348	11.1117	10.6997
ENSG00000185728.17	YTHDF3	protein_coding	4837	2458	2380	66.6494	19.5227	18.7989
ENSG00000185730.8	ZNF696	protein_coding	571	290	298	8.2144	2.4061	2.3169
ENSG00000185736.16	ADARB2	protein_coding	16	6	10	0.1286	0.0377	0.0363
ENSG00000185737.13	NRG3	protein_coding	1409	753	708	23.0456	6.7504	6.5002
ENSG00000185739.13	SRL	protein_coding	13	6	7	0.1936	0.0567	0.0546
ENSG00000185742.7	C11orf87	protein_coding	0	0	0	0.0000	0.0000	0.0000
ENSG00000185745.10	IFIT1	protein_coding	9126	4587	4539	167.9636	49.1992	47.3751
ENSG00000185753.13	CXorf38	protein_coding	1667	829	840	23.3987	6.8539	6.5998
ENSG00000185758.9	CLDN24	protein_coding	1	1	0	0.1281	0.0375	0.0361
ENSG00000185760.17	KCNQ5	protein_coding	8	4	4	0.0833	0.0244	0.0235
ENSG00000185761.11	ADAMTSL5	protein_coding	459	255	271	10.7646	3.1531	3.0362
ENSG00000185774.16	KCNIP4	protein_coding	9	37	35	0.1803	0.0528	0.0509
ENSG00000185775.10	SPATA31A6	protein_coding	0	0	0	0.0000	0.0000	0.0000
ENSG00000185787.15	MORF4L1	protein_coding	7811	3881	3931	101.2383	29.6543	28.5549
ENSG00000185792.10	NLRP9	protein_coding	0	1	2	0.0000	0.0000	0.0000
ENSG00000185798.8	WDR53	protein_coding	400	195	205	18.9027	5.5369	5.3316
ENSG00000185800.12	DMWD	protein_coding	1376	676	700	20.4965	6.0037	5.7812
ENSG00000185803.12	SLC52A2	protein_coding	4537	2984	2973	100.8597	29.5434	28.4481
ENSG00000185808.14	PIGP	protein_coding	1391	694	697	27.8136	8.1470	7.8450
ENSG00000185811.19	IKZF1	protein_coding	798	433	385	6.2052	1.8176	1.7502
ENSG00000185813.11	PCYT2	protein_coding	1706	836	900	21.0818	6.1752	5.9463
ENSG00000185818.8	NAT8L	protein_coding	709	344	365	9.9420	2.9122	2.8042
ENSG00000185821.3	OR6C76	protein_coding	0	0	0	0.0000	0.0000	0.0000
ENSG00000185823.5	NPAP1	protein_coding	0	0	0	0.0000	0.0000	0.0000
ENSG00000185825.17	BCAP31	protein_coding	14071	6891	7186	361.9859	106.0314	102.1003
ENSG00000185829.18	ARL17A	protein_coding	12	10	16	0.1566	0.0459	0.0442
ENSG00000185834.10	RPL12P4	processed_pseudogene	32	13	19	5.4677	1.6016	1.5422
ENSG00000185837.3	HDHD5-AS1	lncRNA	3	1	3	0.4037	0.1183	0.1139
ENSG00000185838.14	GNB1L	protein_coding	698	368	331	8.4811	2.4842	2.3921
ENSG00000185839.3	AL035411.1	processed_pseudogene	32	14	18	3.9383	1.1536	1.1108
ENSG00000185842.15	DNAH14	protein_coding	244	106	138	1.0522	0.3082	0.2968
ENSG00000185847.8	LINC01405	lncRNA	0	0	0	0.0000	0.0000	0.0000
ENSG00000185860.13	CCDC190	protein_coding	0	0	0	0.0000	0.0000	0.0000
ENSG00000185862.7	EVI2B	protein_coding	891	433	458	36.7123	10.7536	10.3549
ENSG00000185863.8	TMEM210	protein_coding	0	0	0	0.0000	0.0000	0.0000
ENSG00000185864.16	NPIPB4	protein_coding	39	23	19	0.4261	0.1248	0.1202
ENSG00000185869.15	ZNF829	protein_coding	89	43	46	0.9762	0.2860	0.2753
ENSG00000185873.8	TMPRSS11B	protein_coding	0	0	0	0.0000	0.0000	0.0000
ENSG00000185875.13	THNSL1	protein_coding	1225	621	604	27.1329	7.9477	7.6530
ENSG00000185880.13	TRIM69	protein_coding	6958	3528	3432	63.7751	18.6807	17.9881
ENSG00000185883.12	ATP6V0C	protein_coding	4	1	3	0.2399	0.0703	0.0677
ENSG00000185885.16	IFITM1	protein_coding	1298	655	672	117.7636	34.4948	33.2159
ENSG00000185888.5	PRSS38	protein_coding	2	0	2	0.1340	0.0393	0.0378
ENSG00000185894.8	BPY2C	protein_coding	0	0	0	0.0000	0.0000	0.0000
ENSG00000185896.11	LAMP1	protein_coding	9586	4689	4898	141.7954	41.5341	39.9942
ENSG00000185897.7	FFAR3	protein_coding	2	1	1	0.0914	0.0268	0.0258
ENSG00000185899.1	TAS2R60	protein_coding	0	0	0	0.0000	0.0000	0.0000
ENSG00000185900.11	POMK	protein_coding	1755	935	914	11.9506	3.5005	3.3707
ENSG00000185903.10	OR11N1P	unprocessed_pseudogene	0	0	0	0.0000	0.0000	0.0000
ENSG00000185904.12	LINC00839	lncRNA	16	9	7	0.1613	0.0473	0.0455
ENSG00000185905.4	C16orf54	protein_coding	279	150	129	9.2226	2.7014	2.6013
ENSG00000185909.15	KLHDC8B	protein_coding	866	435	431	33.8743	9.9223	9.5544
ENSG00000185915.5	KLHL34	protein_coding	3	3	0	0.0700	0.0205	0.0197
ENSG00000185917.14	SETD4	protein_coding	693	357	367	8.0749	2.3653	2.2776
ENSG00000185920.16	PTCH1	protein_coding	795	415	399	3.9260	1.1500	1.1074
ENSG00000185924.7	RTN4RL1	protein_coding	15	9	6	0.3525	0.1032	0.0994
ENSG00000185926.1	OR4C46	protein_coding	0	0	0	0.0000	0.0000	0.0000
ENSG00000185933.7	CALHM1	protein_coding	3	2	1	0.0793	0.0232	0.0224
ENSG00000185940.10	KRTAP5-5	protein_coding	0	0	0	0.0000	0.0000	0.0000
ENSG00000185942.13	NKAIN3	protein_coding	52	24	29	0.1537	0.0450	0.0434
ENSG00000185946.16	RNPC3	protein_coding	275	146	129	3.4008	0.9961	0.9592
ENSG00000185947.15	ZNF267	protein_coding	679	337	342	9.1758	2.6877	2.5881
ENSG00000185950.9	IRS2	protein_coding	1954	983	988	20.3451	5.9594	5.7385
ENSG00000185955.5	C7orf61	protein_coding	12	7	5	0.8673	0.2540	0.2446
ENSG00000185958.10	FAM186A	protein_coding	12	7	6	0.1228	0.0360	0.0346
ENSG00000185960.14	SHOX	protein_coding	0	0	0	0.0000	0.0000	0.0000
ENSG00000185960.14_PAR_Y	SHOX	protein_coding	0	0	0	0.0000	0.0000	0.0000
ENSG00000185962.1	LCE3A	protein_coding	0	0	0	0.0000	0.0000	0.0000
ENSG00000185963.14	BICD2	protein_coding	1561	757	804	20.5584	6.0219	5.7986
ENSG00000185966.4	LCE3E	protein_coding	0	0	0	0.0000	0.0000	0.0000
ENSG00000185972.6	CCIN	protein_coding	8	4	4	0.3489	0.1022	0.0984
ENSG00000185973.12	TMLHE	protein_coding	407	212	196	6.7624	1.9808	1.9074
ENSG00000185974.7	GRK1	protein_coding	0	0	0	0.0000	0.0000	0.0000
ENSG00000185982.7	DEFB128	protein_coding	0	0	0	0.0000	0.0000	0.0000
ENSG00000185985.11	SLITRK2	protein_coding	1473	785	730	10.5257	3.0832	2.9688
ENSG00000185986.12	SDHAP3	transcribed_unprocessed_pseudogene	114	64	50	3.1483	0.9222	0.8880
ENSG00000185988.15	PLK5	protein_coding	0	15	10	0.0000	0.0000	0.0000
ENSG00000185989.11	RASA3	protein_coding	1726	877	849	30.6959	8.9913	8.6579
ENSG00000186001.14	LRCH3	protein_coding	2159	1115	1143	14.5062	4.2491	4.0915
ENSG00000186007.10	LEMD1	protein_coding	0	0	0	0.0000	0.0000	0.0000
ENSG00000186008.7	RPS4XP21	processed_pseudogene	0	0	0	0.0000	0.0000	0.0000
ENSG00000186009.5	ATP4B	protein_coding	1	0	1	0.0566	0.0166	0.0160
ENSG00000186010.19	NDUFA13	protein_coding	51	33	21	1.5993	0.4685	0.4511
ENSG00000186017.14	ZNF566	protein_coding	307	169	149	4.0226	1.1783	1.1346
ENSG00000186019.11	AC021092.1	lncRNA	19	262	241	0.2697	0.0790	0.0761
ENSG00000186020.13	ZNF529	protein_coding	272	157	157	2.8248	0.8274	0.7968
ENSG00000186026.7	ZNF284	protein_coding	143	64	79	2.8007	0.8204	0.7899
ENSG00000186038.9	HTR3E	protein_coding	0	0	0	0.0000	0.0000	0.0000
ENSG00000186047.10	DLEU7	protein_coding	10	12	15	0.1132	0.0331	0.0319
ENSG00000186049.8	KRT73	protein_coding	0	0	0	0.0000	0.0000	0.0000
ENSG00000186051.7	TAL2	protein_coding	2	0	2	0.2543	0.0745	0.0717
ENSG00000186056.10	MATN1-AS1	lncRNA	16	15	15	0.3377	0.0989	0.0952
ENSG00000186063.13	AIDA	protein_coding	1240	649	661	24.8822	7.2884	7.0182
ENSG00000186073.14	CDIN1	protein_coding	680	344	336	6.2240	1.8231	1.7555
ENSG00000186074.19	CD300LF	protein_coding	88	45	43	3.4581	1.0129	0.9754
ENSG00000186075.13	ZPBP2	protein_coding	1	1	0	0.0376	0.0110	0.0106
ENSG00000186076.5	AC012085.1	processed_pseudogene	42	32	11	4.6623	1.3657	1.3150
ENSG00000186081.12	KRT5	protein_coding	19	6	13	0.3904	0.1144	0.1101
ENSG00000186082.9	KRT18P14	processed_pseudogene	0	0	0	0.0000	0.0000	0.0000
ENSG00000186086.18	NBPF6	protein_coding	0	0	0	0.0000	0.0000	0.0000
ENSG00000186088.16	GSAP	protein_coding	807	421	392	7.6571	2.2429	2.1597
ENSG00000186090.11	HTR3D	protein_coding	0	0	0	0.0000	0.0000	0.0000
ENSG00000186092.6	OR4F5	protein_coding	0	0	0	0.0000	0.0000	0.0000
ENSG00000186094.17	AGBL4	protein_coding	0	0	0	0.0000	0.0000	0.0000
ENSG00000186103.5	ARGFX	protein_coding	0	0	0	0.0000	0.0000	0.0000
ENSG00000186104.11	CYP2R1	protein_coding	164	79	85	3.0983	0.9075	0.8739
ENSG00000186105.8	LRRC70	protein_coding	2	0	2	0.0785	0.0230	0.0221
ENSG00000186106.11	ANKRD46	protein_coding	754	328	426	11.0017	3.2226	3.1031
ENSG00000186111.10	PIP5K1C	protein_coding	4012	1962	2050	49.0076	14.3551	13.8229
ENSG00000186113.1	OR5D14	protein_coding	0	0	0	0.0000	0.0000	0.0000
ENSG00000186115.13	CYP4F2	protein_coding	1	0	1	0.0274	0.0080	0.0077
ENSG00000186118.9	TEX38	protein_coding	1	0	1	0.0580	0.0170	0.0164
ENSG00000186119.8	OR5D18	protein_coding	0	0	0	0.0000	0.0000	0.0000
ENSG00000186124.4	OR9M1P	transcribed_unprocessed_pseudogene	0	0	0	0.0000	0.0000	0.0000
ENSG00000186130.5	ZBTB6	protein_coding	463	239	224	9.5921	2.8097	2.7055
ENSG00000186132.15	C2orf76	protein_coding	241	123	118	13.1698	3.8576	3.7146
ENSG00000186136.1	TAS2R42	protein_coding	0	0	0	0.0000	0.0000	0.0000
ENSG00000186141.9	POLR3C	protein_coding	1347	637	722	24.3897	7.1441	6.8793
ENSG00000186143.11	PRR30	protein_coding	0	0	0	0.0000	0.0000	0.0000
ENSG00000186146.1	DEFB131A	protein_coding	0	0	0	0.0000	0.0000	0.0000
ENSG00000186148.13	AC013268.1	transcribed_unprocessed_pseudogene	0	0	0	0.0000	0.0000	0.0000
ENSG00000186150.5	UBL4B	protein_coding	4	2	2	0.2257	0.0661	0.0637
ENSG00000186152.6	LILRP1	unprocessed_pseudogene	2	0	2	0.1240	0.0363	0.0350
ENSG00000186153.17	WWOX	protein_coding	428	215	214	7.4648	2.1865	2.1055
ENSG00000186160.5	CYP4Z1	protein_coding	0	0	0	0.0000	0.0000	0.0000
ENSG00000186162.10	CIDECP1	transcribed_unprocessed_pseudogene	138	63	75	3.8843	1.1378	1.0956
ENSG00000186163.9	TRY2P	transcribed_unitary_pseudogene	0	0	0	0.0000	0.0000	0.0000
ENSG00000186166.9	CENATAC	protein_coding	157	214	232	2.6086	0.7641	0.7358
ENSG00000186174.12	BCL9L	protein_coding	2019	1748	1821	16.3758	4.7967	4.6189
ENSG00000186184.19	POLR1D	protein_coding	1434	727	710	10.8632	3.1820	3.0640
ENSG00000186185.14	KIF18B	protein_coding	445	221	224	8.0114	2.3467	2.2597
ENSG00000186187.12	ZNRF1	protein_coding	622	417	413	5.9819	1.7522	1.6872
ENSG00000186188.11	FFAR4	protein_coding	5	3	2	0.1046	0.0306	0.0295
ENSG00000186190.7	BPIFB3	protein_coding	0	0	0	0.0000	0.0000	0.0000
ENSG00000186191.8	BPIFB4	protein_coding	1	1	0	0.0302	0.0088	0.0085
ENSG00000186193.9	SAPCD2	protein_coding	87	89	97	1.9371	0.5674	0.5464
ENSG00000186197.15	EDARADD	protein_coding	32	17	15	0.6800	0.1992	0.1918
ENSG00000186198.4	SLC51B	protein_coding	2	0	3	0.1838	0.0538	0.0518
ENSG00000186204.15	CYP4F12	protein_coding	3	3	0	0.0501	0.0147	0.0141
ENSG00000186205.13	MTARC1	protein_coding	172	75	97	1.6040	0.4698	0.4524
ENSG00000186207.5	LCE5A	protein_coding	0	0	0	0.0000	0.0000	0.0000
ENSG00000186212.4	SOWAHB	protein_coding	0	0	0	0.0000	0.0000	0.0000
ENSG00000186222.5	BLOC1S4	protein_coding	519	273	246	29.5598	8.6585	8.3375
ENSG00000186226.9	LCE1E	protein_coding	1	0	1	0.0654	0.0191	0.0184
ENSG00000186230.7	ZNF749	protein_coding	170	87	84	3.1133	0.9119	0.8781
ENSG00000186231.17	KLHL32	protein_coding	47	22	25	0.9678	0.2835	0.2730
ENSG00000186234.7	FAM86MP	unprocessed_pseudogene	0	0	0	0.0000	0.0000	0.0000
ENSG00000186235.11	LINC02610	lncRNA	146	74	76	3.2120	0.9409	0.9060
ENSG00000186244.7	AC091180.1	processed_pseudogene	0	0	0	0.0000	0.0000	0.0000
ENSG00000186260.17	MRTFB	protein_coding	2302	1132	1170	11.7905	3.4536	3.3256
ENSG00000186265.10	BTLA	protein_coding	65	33	32	1.5290	0.4479	0.4313
ENSG00000186268.4	OR10D4P	unprocessed_pseudogene	0	0	0	0.0000	0.0000	0.0000
ENSG00000186272.13	ZNF17	protein_coding	202	96	106	4.5634	1.3367	1.2871
ENSG00000186280.7	KDM4D	protein_coding	120	59	61	3.4532	1.0115	0.9740
ENSG00000186281.12	GPAT2	protein_coding	6367	5543	5495	95.1246	27.8635	26.8305
ENSG00000186283.14	TOR3A	protein_coding	1819	926	894	47.9126	14.0344	13.5140
ENSG00000186288.5	PABPC1L2A	protein_coding	0	0	0	0.0000	0.0000	0.0000
ENSG00000186297.12	GABRA5	protein_coding	0	0	0	0.0000	0.0000	0.0000
ENSG00000186298.12	PPP1CC	protein_coding	3994	2000	1995	49.1127	14.3859	13.8525
ENSG00000186300.12	ZNF555	protein_coding	240	115	130	2.3860	0.6989	0.6730
ENSG00000186301.8	MST1P2	unprocessed_pseudogene	9	5	4	0.3336	0.0977	0.0941
ENSG00000186306.1	OR10T2	protein_coding	0	0	0	0.0000	0.0000	0.0000
ENSG00000186310.10	NAP1L3	protein_coding	41	20	21	1.3144	0.3850	0.3707
ENSG00000186312.10	CA5BP1	transcribed_unprocessed_pseudogene	161	238	262	5.6755	1.6624	1.6008
ENSG00000186314.11	PRELID2	protein_coding	139	73	67	2.1961	0.6433	0.6194
ENSG00000186318.16	BACE1	protein_coding	836	1156	1087	9.8739	2.8922	2.7850
ENSG00000186326.4	RGS9BP	protein_coding	50	28	25	1.7310	0.5070	0.4882
ENSG00000186328.4	AL451165.1	processed_pseudogene	0	0	0	0.0000	0.0000	0.0000
ENSG00000186329.9	TMEM212	protein_coding	0	0	0	0.0000	0.0000	0.0000
ENSG00000186334.10	SLC36A3	protein_coding	4	1	3	0.0682	0.0200	0.0192
ENSG00000186335.9	SLC36A2	protein_coding	1	0	1	0.0199	0.0058	0.0056
ENSG00000186340.16	THBS2	protein_coding	1598	1938	1948	18.8555	5.5231	5.3183
ENSG00000186350.12	RXRA	protein_coding	1004	482	523	7.0597	2.0679	1.9912
ENSG00000186352.9	ANKRD37	protein_coding	60	335	358	2.2615	0.6624	0.6379
ENSG00000186364.12	NUDT17	protein_coding	178	282	291	9.1224	2.6721	2.5730
ENSG00000186367.7	MINAR2	protein_coding	0	0	0	0.0000	0.0000	0.0000
ENSG00000186369.10	LINC00643	transcribed_unitary_pseudogene	0	0	0	0.0000	0.0000	0.0000
ENSG00000186376.15	ZNF75D	protein_coding	242	119	123	3.0054	0.8803	0.8477
ENSG00000186377.8	CYP4X1	protein_coding	5	0	5	0.1735	0.0508	0.0489
ENSG00000186393.5	KRT26	protein_coding	0	0	0	0.0000	0.0000	0.0000
ENSG00000186395.8	KRT10	protein_coding	708	387	349	27.7964	8.1420	7.8401
ENSG00000186399.10	GOLGA8R	protein_coding	9	2	7	0.1724	0.0505	0.0486
ENSG00000186407.7	CD300E	protein_coding	37	24	13	0.8370	0.2452	0.2361
ENSG00000186409.18	CCDC30	protein_coding	42	20	24	0.1415	0.0414	0.0399
ENSG00000186416.17	NKRF	protein_coding	656	462	528	12.2381	3.5847	3.4518
ENSG00000186417.14	GLDN	protein_coding	6	4	3	0.0717	0.0210	0.0202
ENSG00000186431.19	FCAR	protein_coding	3	1	2	0.0766	0.0224	0.0216
ENSG00000186432.10	KPNA4	protein_coding	6214	3113	3101	38.6789	11.3296	10.9096
ENSG00000186439.14	TRDN	protein_coding	0	0	0	0.0000	0.0000	0.0000
ENSG00000186440.2	OR6P1	protein_coding	0	0	0	0.0000	0.0000	0.0000
ENSG00000186442.7	KRT3	protein_coding	0	0	0	0.0000	0.0000	0.0000
ENSG00000186446.12	ZNF501	protein_coding	18	12	6	0.3909	0.1145	0.1103
ENSG00000186448.15	ZNF197	protein_coding	485	257	228	5.1515	1.5090	1.4530
ENSG00000186451.2	SPATA12	protein_coding	31	12	19	1.2021	0.3521	0.3391
ENSG00000186452.11	TMPRSS12	protein_coding	0	0	0	0.0000	0.0000	0.0000
ENSG00000186453.13	FAM228A	protein_coding	1	1	0	0.0372	0.0109	0.0105
ENSG00000186458.5	DEFB132	protein_coding	0	0	0	0.0000	0.0000	0.0000
ENSG00000186462.9	NAP1L2	protein_coding	27	16	11	0.8981	0.2631	0.2533
ENSG00000186466.5	AQP7P1	unprocessed_pseudogene	0	0	0	0.0000	0.0000	0.0000
ENSG00000186468.13	RPS23	protein_coding	5434	9865	9764	113.6315	33.2845	32.0504
ENSG00000186469.8	GNG2	protein_coding	6562	3906	4068	87.3566	25.5881	24.6395
ENSG00000186470.14	BTN3A2	protein_coding	6690	3352	3338	80.6756	23.6312	22.7550
ENSG00000186471.13	AKAP14	protein_coding	2	1	3	0.1452	0.0425	0.0409
ENSG00000186472.20	PCLO	protein_coding	8730	4324	4406	32.4104	9.4935	9.1415
ENSG00000186474.15	KLK12	protein_coding	0	0	0	0.0000	0.0000	0.0000
ENSG00000186479.5	RGS7BP	protein_coding	3	2	1	0.0550	0.0161	0.0155
ENSG00000186480.13	INSIG1	protein_coding	2108	1075	1033	49.0445	14.3659	13.8333
ENSG00000186481.16	ANKRD20A5P	transcribed_unprocessed_pseudogene	84	30	54	1.1319	0.3316	0.3193
ENSG00000186487.20	MYT1L	protein_coding	0	0	0	0.0000	0.0000	0.0000
ENSG00000186493.13	C5orf38	protein_coding	114	45	69	5.0291	1.4731	1.4185
ENSG00000186496.12	ZNF396	protein_coding	90	55	35	1.2570	0.3682	0.3546
ENSG00000186501.14	TMEM222	protein_coding	1595	813	782	30.2610	8.8639	8.5353
ENSG00000186508.4	OR9I2P	unprocessed_pseudogene	0	0	0	0.0000	0.0000	0.0000
ENSG00000186509.4	OR9Q1	protein_coding	0	0	0	0.0000	0.0000	0.0000
ENSG00000186510.12	CLCNKA	protein_coding	5	3	2	0.1222	0.0358	0.0345
ENSG00000186513.3	OR9Q2	protein_coding	0	0	0	0.0000	0.0000	0.0000
ENSG00000186517.14	ARHGAP30	protein_coding	1155	588	567	19.3687	5.6734	5.4631
ENSG00000186522.15	SEPTIN10	protein_coding	2376	1180	1197	47.4644	13.9031	13.3876
ENSG00000186523.14	FAM86B1	protein_coding	47	30	24	0.9431	0.2763	0.2660
ENSG00000186526.13	CYP4F8	protein_coding	1	1	0	0.0120	0.0035	0.0034
ENSG00000186529.16	CYP4F3	protein_coding	1	0	1	0.0154	0.0045	0.0043
ENSG00000186532.12	SMYD4	protein_coding	978	516	487	12.2172	3.5786	3.4459
ENSG00000186543.7	CROCCP5	unprocessed_pseudogene	0	0	0	0.0000	0.0000	0.0000
ENSG00000186562.7	DEFB105A	protein_coding	0	0	0	0.0000	0.0000	0.0000
ENSG00000186564.6	FOXD2	protein_coding	199	93	106	6.3819	1.8693	1.8000
ENSG00000186566.13	GPATCH8	protein_coding	2305	1130	1175	20.1029	5.8884	5.6701
ENSG00000186567.13	CEACAM19	protein_coding	23	11	12	0.3754	0.1100	0.1059
ENSG00000186572.2	DEFB107A	protein_coding	0	0	0	0.0000	0.0000	0.0000
ENSG00000186575.19	NF2	protein_coding	3779	1840	1942	43.4137	12.7166	12.2451
ENSG00000186577.14	SMIM29	protein_coding	1700	852	849	77.3659	22.6617	21.8215
ENSG00000186579.3	DEFB106A	protein_coding	0	0	0	0.0000	0.0000	0.0000
ENSG00000186583.12	SPATC1	protein_coding	5	3	3	0.1957	0.0573	0.0552
ENSG00000186591.13	UBE2H	protein_coding	9649	4851	4799	125.7902	36.8459	35.4799
ENSG00000186594.14	MIR22HG	lncRNA	445	222	223	12.6556	3.7070	3.5696
ENSG00000186599.8	DEFB105B	protein_coding	0	0	0	0.0000	0.0000	0.0000
ENSG00000186603.6	HPDL	protein_coding	89	43	46	4.2341	1.2402	1.1943
ENSG00000186615.11	KTN1-AS1	lncRNA	129	69	73	1.3503	0.3955	0.3809
ENSG00000186625.14	KATNA1	protein_coding	323	200	195	12.1638	3.5630	3.4309
ENSG00000186628.12	FSD2	protein_coding	4	35	29	0.0520	0.0152	0.0147
ENSG00000186635.14	ARAP1	protein_coding	4187	3057	3052	39.2626	11.5006	11.0742
ENSG00000186638.16	KIF24	protein_coding	152	114	107	2.1054	0.6167	0.5938
ENSG00000186642.16	PDE2A	protein_coding	533	290	312	6.3022	1.8460	1.7776
ENSG00000186645.10	SPDYE17	protein_coding	0	0	0	0.0000	0.0000	0.0000
ENSG00000186648.15	CARMIL3	protein_coding	122	71	52	1.5563	0.4559	0.4390
ENSG00000186652.10	PRG2	protein_coding	5	3	2	0.2301	0.0674	0.0649
ENSG00000186654.21	PRR5	protein_coding	416	202	214	6.7405	1.9744	1.9012
ENSG00000186660.15	ZFP91	protein_coding	4496	2270	2226	66.1015	19.3622	18.6443
ENSG00000186665.10	C17orf58	protein_coding	581	264	317	20.2540	5.9327	5.7128
ENSG00000186666.6	BCDIN3D	protein_coding	155	196	188	3.5633	1.0437	1.0050
ENSG00000186675.7	MAGEE2	protein_coding	1	1	0	0.0374	0.0110	0.0106
ENSG00000186676.3	EEF1GP1	processed_pseudogene	131	72	59	8.5640	2.5085	2.4155
ENSG00000186678.7	AL590240.1	unprocessed_pseudogene	0	0	0	0.0000	0.0000	0.0000
ENSG00000186684.14	CYP27C1	protein_coding	6	3	3	0.0979	0.0287	0.0276
ENSG00000186687.16	LYRM7	protein_coding	1473	783	690	20.1138	5.8917	5.6732
ENSG00000186704.9	DTX2P1	transcribed_unprocessed_pseudogene	0	0	0	0.0000	0.0000	0.0000
ENSG00000186710.11	CFAP73	protein_coding	0	361	340	0.0000	0.0000	0.0000
ENSG00000186714.12	CCDC73	protein_coding	2	593	572	0.0216	0.0063	0.0061
ENSG00000186715.11	MST1L	transcribed_unprocessed_pseudogene	0	0	0	0.0000	0.0000	0.0000
ENSG00000186716.21	BCR	protein_coding	4784	2394	2395	33.2074	9.7270	9.3663
ENSG00000186723.4	OR10H1	protein_coding	1	1	0	0.0191	0.0056	0.0054
ENSG00000186732.14	MPPED1	protein_coding	0	0	0	0.0000	0.0000	0.0000
ENSG00000186743.2	TPI1P3	processed_pseudogene	3	2	1	0.3443	0.1008	0.0971
ENSG00000186765.12	FSCN2	protein_coding	10	4	6	0.4167	0.1221	0.1175
ENSG00000186766.8	FOXI2	protein_coding	1	0	1	0.0260	0.0076	0.0073
ENSG00000186767.7	SPIN4	protein_coding	186	110	88	3.8478	1.1271	1.0853
ENSG00000186777.12	ZNF732	protein_coding	0	0	0	0.0000	0.0000	0.0000
ENSG00000186787.9	SPIN2B	protein_coding	53	28	25	3.0472	0.8926	0.8595
ENSG00000186788.13	SPATA31D3	protein_coding	0	0	0	0.0000	0.0000	0.0000
ENSG00000186790.6	FOXE3	protein_coding	0	0	0	0.0000	0.0000	0.0000
ENSG00000186792.17	HYAL3	protein_coding	74	41	33	3.1948	0.9358	0.9011
ENSG00000186795.1	KCNK18	protein_coding	0	0	0	0.0000	0.0000	0.0000
ENSG00000186803.3	IFNA10	protein_coding	0	0	0	0.0000	0.0000	0.0000
ENSG00000186806.5	VSIG10L	protein_coding	286	145	142	6.4405	1.8865	1.8166
ENSG00000186810.8	CXCR3	protein_coding	552	278	274	25.1751	7.3742	7.1008
ENSG00000186812.13	ZNF397	protein_coding	549	287	294	5.3495	1.5670	1.5089
ENSG00000186814.14	ZSCAN30	protein_coding	375	202	205	3.8502	1.1278	1.0860
ENSG00000186815.13	TPCN1	protein_coding	2041	991	1052	19.8582	5.8168	5.6011
ENSG00000186818.12	LILRB4	protein_coding	1192	591	602	15.9964	4.6856	4.5119
ENSG00000186825.6	CDRT15P3	transcribed_unprocessed_pseudogene	0	0	0	0.0000	0.0000	0.0000
ENSG00000186827.11	TNFRSF4	protein_coding	286	142	144	14.1041	4.1313	3.9781
ENSG00000186831.11	KRT17P2	transcribed_unprocessed_pseudogene	3	0	3	0.1188	0.0348	0.0335
ENSG00000186832.9	KRT16	protein_coding	0	0	0	0.0000	0.0000	0.0000
ENSG00000186834.4	HEXIM1	protein_coding	4779	2702	2710	111.9544	32.7932	31.5774
ENSG00000186838.13	SELENOV	protein_coding	0	0	0	0.0000	0.0000	0.0000
ENSG00000186844.6	LCE1A	protein_coding	0	0	0	0.0000	0.0000	0.0000
ENSG00000186847.6	KRT14	protein_coding	8	4	4	0.3013	0.0882	0.0850
ENSG00000186854.11	TRABD2A	protein_coding	55	490	417	0.5325	0.1560	0.1502
ENSG00000186860.5	KRTAP17-1	protein_coding	0	0	1	0.0000	0.0000	0.0000
ENSG00000186862.20	PDZD7	protein_coding	231	266	231	2.9713	0.8703	0.8381
ENSG00000186866.17	POFUT2	protein_coding	1202	747	761	17.4129	5.1005	4.9114
ENSG00000186867.11	QRFPR	protein_coding	1	1	0	0.0300	0.0088	0.0085
ENSG00000186868.16	MAPT	protein_coding	457	230	244	2.6309	0.7706	0.7421
ENSG00000186871.7	ERCC6L	protein_coding	272	142	130	5.3173	1.5575	1.4998
ENSG00000186881.3	OR13F1	protein_coding	0	0	0	0.0000	0.0000	0.0000
ENSG00000186886.8	OR5D3P	protein_coding	0	0	0	0.0000	0.0000	0.0000
ENSG00000186889.10	TMEM17	protein_coding	298	147	151	8.4778	2.4833	2.3912
ENSG00000186891.14	TNFRSF18	protein_coding	80	44	36	5.3451	1.5657	1.5076
ENSG00000186895.4	FGF3	protein_coding	0	0	0	0.0000	0.0000	0.0000
ENSG00000186897.5	C1QL4	protein_coding	72	38	34	2.9495	0.8639	0.8319
ENSG00000186907.8	RTN4RL2	protein_coding	559	495	491	19.7137	5.7744	5.5604
ENSG00000186908.14	ZDHHC17	protein_coding	1080	558	524	10.4221	3.0528	2.9396
ENSG00000186910.4	SERPINA11	protein_coding	0	0	0	0.0000	0.0000	0.0000
ENSG00000186912.6	P2RY4	protein_coding	2	2	0	0.1065	0.0312	0.0300
ENSG00000186918.14	ZNF395	protein_coding	1045	524	521	15.2792	4.4755	4.3096
ENSG00000186919.13	ZACN	protein_coding	4	1898	1971	0.0789	0.0231	0.0222
ENSG00000186924.3	KRTAP22-1	protein_coding	0	0	0	0.0000	0.0000	0.0000
ENSG00000186925.6	KRTAP19-6	protein_coding	0	0	0	0.0000	0.0000	0.0000
ENSG00000186930.4	KRTAP6-2	protein_coding	0	0	0	0.0000	0.0000	0.0000
ENSG00000186940.6	CHCHD2P9	processed_pseudogene	134	71	63	24.9547	7.3096	7.0386
ENSG00000186943.1	OR13C8	protein_coding	0	0	0	0.0000	0.0000	0.0000
ENSG00000186951.16	PPARA	protein_coding	1322	638	684	8.4927	2.4876	2.3954
ENSG00000186952.15	TMEM232	protein_coding	54	26	28	0.4509	0.1321	0.1272
ENSG00000186960.12	LINC01551	lncRNA	0	0	0	0.0000	0.0000	0.0000
ENSG00000186965.5	KRTAP19-2	protein_coding	0	0	0	0.0000	0.0000	0.0000
ENSG00000186967.7	KRTAP19-4	protein_coding	0	0	0	0.0000	0.0000	0.0000
ENSG00000186970.4	KRTAP15-1	protein_coding	0	0	0	0.0000	0.0000	0.0000
ENSG00000186971.3	KRTAP13-4	protein_coding	0	0	0	0.0000	0.0000	0.0000
ENSG00000186973.11	FAM183A	protein_coding	6	3	3	0.6044	0.1770	0.1705
ENSG00000186976.15	EFCAB6	protein_coding	48	23	25	0.4764	0.1395	0.1344
ENSG00000186977.3	KRTAP19-5	protein_coding	0	0	0	0.0000	0.0000	0.0000
ENSG00000186980.7	KRTAP23-1	protein_coding	0	0	0	0.0000	0.0000	0.0000
ENSG00000186994.11	KANK3	protein_coding	111	110	97	2.6228	0.7682	0.7398
ENSG00000186998.16	EMID1	protein_coding	228	100	128	3.9888	1.1684	1.1251
ENSG00000187003.7	ACTL7A	protein_coding	1	1	0	0.0570	0.0167	0.0161
ENSG00000187005.5	KRTAP21-1	protein_coding	0	0	0	0.0000	0.0000	0.0000
ENSG00000187010.21	RHD	protein_coding	15	7	13	0.3845	0.1126	0.1084
ENSG00000187012.11	LINC00207	lncRNA	0	0	0	0.0000	0.0000	0.0000
ENSG00000187013.4	LINC02875	lncRNA	44	25	19	2.4422	0.7153	0.6888
ENSG00000187017.17	ESPN	protein_coding	11	8	14	0.1344	0.0394	0.0379
ENSG00000187021.15	PNLIPRP1	protein_coding	0	1	0	0.0000	0.0000	0.0000
ENSG00000187024.15	PTRH1	protein_coding	2	213	189	0.0417	0.0122	0.0118
ENSG00000187026.3	KRTAP21-2	protein_coding	3	1	2	0.5467	0.1601	0.1542
ENSG00000187033.9	SAMD7	protein_coding	1	0	1	0.0338	0.0099	0.0095
ENSG00000187037.8	GPR141	protein_coding	30	15	15	1.1019	0.3228	0.3108
ENSG00000187045.19	TMPRSS6	protein_coding	9	7	4	0.1806	0.0529	0.0509
ENSG00000187048.13	CYP4A11	protein_coding	0	0	0	0.0000	0.0000	0.0000
ENSG00000187049.10	TMEM216	protein_coding	280	145	135	14.0613	4.1188	3.9661
ENSG00000187051.9	RPS19BP1	protein_coding	3702	1857	1846	85.6842	25.0983	24.1677
ENSG00000187054.16	TMPRSS11A	protein_coding	0	0	0	0.0000	0.0000	0.0000
ENSG00000187066.8	TMEM262	protein_coding	0	937	884	0.0000	0.0000	0.0000
ENSG00000187068.3	C3orf70	protein_coding	1232	614	618	14.6141	4.2807	4.1220
ENSG00000187079.20	TEAD1	protein_coding	4767	2338	2429	37.8332	11.0820	10.6711
ENSG00000187080.10	OR2AK2	protein_coding	0	0	0	0.0000	0.0000	0.0000
ENSG00000187082.2	DEFB106B	protein_coding	0	0	0	0.0000	0.0000	0.0000
ENSG00000187091.14	PLCD1	protein_coding	456	221	235	9.2331	2.7045	2.6043
ENSG00000187094.12	CCK	protein_coding	0	0	0	0.0000	0.0000	0.0000
ENSG00000187097.13	ENTPD5	protein_coding	773	897	844	6.6697	1.9537	1.8812
ENSG00000187098.17	MITF	protein_coding	7675	3749	3926	91.1431	26.6972	25.7075
ENSG00000187103.3	FUNDC2P3	processed_pseudogene	0	0	0	0.0000	0.0000	0.0000
ENSG00000187105.9	HEATR4	protein_coding	19	149	143	0.3833	0.1123	0.1081
ENSG00000187109.15	NAP1L1	protein_coding	17404	8909	8506	86.6379	25.3776	24.4367
ENSG00000187116.14	LILRA5	protein_coding	54	27	28	2.5661	0.7517	0.7238
ENSG00000187118.14	CMC1	protein_coding	408	598	579	3.2894	0.9635	0.9278
ENSG00000187122.17	SLIT1	protein_coding	32	15	17	0.2972	0.0871	0.0838
ENSG00000187123.15	LYPD6	protein_coding	105	55	50	1.7930	0.5252	0.5057
ENSG00000187134.14	AKR1C1	protein_coding	53	23	30	0.5135	0.1504	0.1448
ENSG00000187135.7	VSTM2B	protein_coding	0	0	0	0.0000	0.0000	0.0000
ENSG00000187140.6	FOXD3	protein_coding	790	519	558	26.1855	7.6701	7.3858
ENSG00000187144.11	SPATA21	protein_coding	11	1623	1640	0.2073	0.0607	0.0585
ENSG00000187147.18	RNF220	protein_coding	1504	1316	1336	13.1847	3.8620	3.7188
ENSG00000187151.7	ANGPTL5	protein_coding	2	1	1	0.0717	0.0210	0.0202
ENSG00000187164.20	SHTN1	protein_coding	3073	1594	1493	31.6239	9.2631	8.9197
ENSG00000187166.1	H1-7	protein_coding	1	1	0	0.0653	0.0191	0.0184
ENSG00000187170.5	LCE4A	protein_coding	1	1	0	0.1264	0.0370	0.0356
ENSG00000187172.15	BAGE2	transcribed_unprocessed_pseudogene	23	13	10	0.4787	0.1402	0.1350
ENSG00000187173.4	LCE2A	protein_coding	64	36	28	8.8951	2.6055	2.5089
ENSG00000187175.5	KRTAP12-1	protein_coding	0	0	0	0.0000	0.0000	0.0000
ENSG00000187180.3	LCE2C	protein_coding	0	0	0	0.0000	0.0000	0.0000
ENSG00000187185.4	AC092118.1	lncRNA	1	3	3	0.0402	0.0118	0.0113
ENSG00000187186.15	AL162231.1	protein_coding	2	7	4	0.0929	0.0272	0.0262
ENSG00000187187.14	ZNF546	protein_coding	232	113	120	2.1823	0.6392	0.6155
ENSG00000187189.11	TSPYL4	protein_coding	396	197	199	8.1781	2.3955	2.3067
ENSG00000187191.14	DAZ3	protein_coding	0	0	0	0.0000	0.0000	0.0000
ENSG00000187193.9	MT1X	protein_coding	47	21	26	2.3111	0.6770	0.6519
ENSG00000187210.14	GCNT1	protein_coding	126	63	70	1.1566	0.3388	0.3262
ENSG00000187223.4	LCE2D	protein_coding	0	0	0	0.0000	0.0000	0.0000
ENSG00000187229.3	AC100800.1	lncRNA	3	2	1	0.1240	0.0363	0.0350
ENSG00000187231.14	SESTD1	protein_coding	909	433	476	6.7683	1.9825	1.9090
ENSG00000187238.5	LCE3B	protein_coding	0	0	1	0.0000	0.0000	0.0000
ENSG00000187239.17	FNBP1	protein_coding	1678	801	877	21.5904	6.3242	6.0897
ENSG00000187240.16	DYNC2H1	protein_coding	936	470	466	5.2948	1.5509	1.4934
ENSG00000187242.6	KRT12	protein_coding	8	7	7	0.2699	0.0791	0.0761
ENSG00000187243.16	MAGED4B	protein_coding	1	0	1	0.0172	0.0050	0.0048
ENSG00000187244.12	BCAM	protein_coding	1268	648	620	21.5488	6.3120	6.0780
ENSG00000187257.16	RSBN1L	protein_coding	999	503	496	11.7991	3.4561	3.3280
ENSG00000187258.14	NPSR1	protein_coding	1	1	0	0.0315	0.0092	0.0089
ENSG00000187260.16	WDR86	protein_coding	31	355	304	0.6510	0.1907	0.1836
ENSG00000187266.14	EPOR	protein_coding	1885	967	920	52.0231	15.2384	14.6734
ENSG00000187268.12	FAM9C	protein_coding	0	0	0	0.0000	0.0000	0.0000
ENSG00000187272.7	KRTAP9-8	protein_coding	0	0	0	0.0000	0.0000	0.0000
ENSG00000187288.12	CIDEC	protein_coding	0	0	0	0.0000	0.0000	0.0000
ENSG00000187323.12	DCC	protein_coding	4	1	3	0.0259	0.0076	0.0073
ENSG00000187325.5	TAF9B	protein_coding	1235	600	635	38.3462	11.2322	10.8158
ENSG00000187372.11	PCDHB13	protein_coding	251	112	139	4.2116	1.2337	1.1879
ENSG00000187391.22	MAGI2	protein_coding	600	344	322	1.4971	0.4385	0.4223
ENSG00000187398.12	LUZP2	protein_coding	3	3	0	0.0288	0.0084	0.0081
ENSG00000187416.12	LHFPL3	protein_coding	57	30	30	2.6080	0.7639	0.7356
ENSG00000187446.12	CHP1	protein_coding	13380	6647	6735	287.8732	84.3226	81.1963
ENSG00000187472.4	AL589826.1	processed_pseudogene	0	0	0	0.0000	0.0000	0.0000
ENSG00000187474.5	FPR3	protein_coding	675	347	328	20.6266	6.0419	5.8179
ENSG00000187475.6	H1-6	protein_coding	0	0	0	0.0000	0.0000	0.0000
ENSG00000187479.8	C11orf96	protein_coding	304	229	247	13.4949	3.9529	3.8063
ENSG00000187481.2	HSD3BP1	unprocessed_pseudogene	0	0	0	0.0000	0.0000	0.0000
ENSG00000187483.10	SERPINA13P	transcribed_unprocessed_pseudogene	0	0	0	0.0000	0.0000	0.0000
ENSG00000187486.5	KCNJ11	protein_coding	66	33	33	1.7493	0.5124	0.4934
ENSG00000187492.9	CDHR4	protein_coding	4	3	2	0.1061	0.0311	0.0299
ENSG00000187498.16	COL4A1	protein_coding	6474	3202	3272	37.4966	10.9833	10.5761
ENSG00000187504.6	RPL7P48	processed_pseudogene	8	5	3	0.9107	0.2668	0.2569
ENSG00000187510.10	PLEKHG7	protein_coding	1	0	3	0.0131	0.0038	0.0037
ENSG00000187513.9	GJA4	protein_coding	317	166	151	15.6875	4.5951	4.4248
ENSG00000187514.17	PTMA	protein_coding	15985	7369	8622	401.4946	117.6041	113.2439
ENSG00000187516.7	H2AP	protein_coding	0	0	0	0.0000	0.0000	0.0000
ENSG00000187522.16	HSPA14	protein_coding	436	221	227	14.7983	4.3347	4.1739
ENSG00000187527.11	ATP13A5	protein_coding	0	0	0	0.0000	0.0000	0.0000
ENSG00000187531.14	SIRT7	protein_coding	674	350	324	9.3310	2.7332	2.6319
ENSG00000187533.14	PRR27	protein_coding	0	0	1	0.0000	0.0000	0.0000
ENSG00000187534.6	PRR13P5	processed_pseudogene	43	19	24	8.2615	2.4199	2.3302
ENSG00000187535.14	IFT140	protein_coding	1172	578	615	12.2419	3.5858	3.4529
ENSG00000187536.4	TPM3P7	processed_pseudogene	0	0	0	0.0000	0.0000	0.0000
ENSG00000187537.13	POTEG	protein_coding	1	3	1	0.0338	0.0099	0.0095
ENSG00000187545.5	PRAMEF10	protein_coding	0	0	0	0.0000	0.0000	0.0000
ENSG00000187546.14	AGMO	protein_coding	1043	549	494	24.6856	7.2308	6.9627
ENSG00000187550.9	SBK2	protein_coding	1	1	0	0.0376	0.0110	0.0106
ENSG00000187553.10	CYP26C1	protein_coding	2	1	1	0.0388	0.0114	0.0109
ENSG00000187554.14	TLR5	protein_coding	96	56	40	1.0542	0.3088	0.2974
ENSG00000187555.16	USP7	protein_coding	5225	2622	2604	51.4565	15.0724	14.5136
ENSG00000187556.7	NANOS3	protein_coding	8	6	2	0.6876	0.2014	0.1939
ENSG00000187559.6	FOXD4L3	protein_coding	0	0	0	0.0000	0.0000	0.0000
ENSG00000187566.6	NHLRC1	protein_coding	308	164	144	11.6870	3.4233	3.2964
ENSG00000187569.3	DPPA3	protein_coding	0	0	0	0.0000	0.0000	0.0000
ENSG00000187581.3	COX8C	protein_coding	0	0	0	0.0000	0.0000	0.0000
ENSG00000187583.11	PLEKHN1	protein_coding	125	81	106	3.0759	0.9010	0.8676
ENSG00000187589.8	TERF1P2	processed_pseudogene	2	2	0	0.1401	0.0410	0.0395
ENSG00000187595.16	ZNF385C	protein_coding	6	29	14	0.0980	0.0287	0.0276
ENSG00000187600.14	LINC02583	lncRNA	4	1	3	0.2291	0.0671	0.0646
ENSG00000187601.5	MAGEH1	protein_coding	782	386	396	46.1165	13.5083	13.0074
ENSG00000187605.15	TET3	protein_coding	899	423	476	6.2215	1.8224	1.7548
ENSG00000187607.16	ZNF286A	protein_coding	218	106	113	2.7410	0.8029	0.7731
ENSG00000187608.10	ISG15	protein_coding	7769	3874	3897	760.9538	222.8953	214.6315
ENSG00000187609.16	EXD3	protein_coding	163	89	74	1.8273	0.5353	0.5154
ENSG00000187612.1	OR5W2	protein_coding	0	0	0	0.0000	0.0000	0.0000
ENSG00000187616.5	MYMK	protein_coding	0	0	0	0.0000	0.0000	0.0000
ENSG00000187621.15	TCL6	lncRNA	1	1	0	0.0080	0.0024	0.0023
ENSG00000187624.9	C17orf97	protein_coding	94	113	120	2.9434	0.8622	0.8302
ENSG00000187626.9	ZKSCAN4	protein_coding	180	89	91	2.8593	0.8375	0.8065
ENSG00000187627.17	RGPD1	protein_coding	0	0	0	0.0000	0.0000	0.0000
ENSG00000187630.17	DHRS4L2	protein_coding	429	265	255	14.4797	4.2413	4.0841
ENSG00000187634.12	SAMD11	protein_coding	20	458	475	0.4070	0.1192	0.1148
ENSG00000187642.9	PERM1	protein_coding	4	43	25	0.0992	0.0291	0.0280
ENSG00000187650.4	VMAC	protein_coding	140	69	71	5.3075	1.5547	1.4970
ENSG00000187653.11	TMSB4XP8	processed_pseudogene	62	40	22	39.0005	11.4239	11.0003
ENSG00000187657.6	TSPY13P	unprocessed_pseudogene	0	0	0	0.0000	0.0000	0.0000
ENSG00000187658.7	C5orf52	protein_coding	2	1	3	0.2356	0.0690	0.0664
ENSG00000187664.9	HAPLN4	protein_coding	0	0	0	0.0000	0.0000	0.0000
ENSG00000187672.14	ERC2	protein_coding	4	0	4	0.0423	0.0124	0.0119
ENSG00000187676.8	B3GLCT	protein_coding	469	230	239	8.7978	2.5770	2.4815
ENSG00000187678.10	SPRY4	protein_coding	16408	8171	8237	212.5667	62.2641	59.9557
ENSG00000187682.2	ERAS	protein_coding	0	0	0	0.0000	0.0000	0.0000
ENSG00000187686.4	KRT18P59	transcribed_processed_pseudogene	8	6	2	0.2035	0.0596	0.0574
ENSG00000187688.15	TRPV2	protein_coding	14561	7927	7912	365.7281	107.1275	103.1558
ENSG00000187689.10	AMTN	protein_coding	0	0	0	0.0000	0.0000	0.0000
ENSG00000187690.4	EZHIP	protein_coding	0	0	0	0.0000	0.0000	0.0000
ENSG00000187699.10	C2orf88	protein_coding	1456	727	731	20.6177	6.0392	5.8153
ENSG00000187701.4	OR2T27	protein_coding	0	0	0	0.0000	0.0000	0.0000
ENSG00000187713.7	TMEM203	protein_coding	925	441	484	50.1285	14.6834	14.1390
ENSG00000187714.7	SLC18A3	protein_coding	0	0	0	0.0000	0.0000	0.0000
ENSG00000187715.13	KBTBD12	protein_coding	2	0	3	0.0292	0.0086	0.0082
ENSG00000187720.14	THSD4	protein_coding	38	24	15	0.2038	0.0597	0.0575
ENSG00000187721.8	GTF2IP3	unprocessed_pseudogene	0	0	0	0.0000	0.0000	0.0000
ENSG00000187726.9	DNAJB13	protein_coding	1	0	3	0.0307	0.0090	0.0087
ENSG00000187730.9	GABRD	protein_coding	15	3	12	0.2306	0.0675	0.0650
ENSG00000187733.6	AMY1C	protein_coding	0	0	0	0.0000	0.0000	0.0000
ENSG00000187735.14	TCEA1	protein_coding	2813	1405	1408	55.0164	16.1152	15.5177
ENSG00000187736.13	NHEJ1	protein_coding	174	125	110	1.6293	0.4772	0.4596
ENSG00000187741.15	FANCA	protein_coding	394	537	542	3.4366	1.0066	0.9693
ENSG00000187742.15	SECISBP2	protein_coding	1142	576	566	9.8757	2.8927	2.7855
ENSG00000187747.2	OR52B6	protein_coding	0	0	0	0.0000	0.0000	0.0000
ENSG00000187753.13	C9orf153	protein_coding	3	2	1	0.0870	0.0255	0.0245
ENSG00000187754.9	SSX7	protein_coding	0	0	0	0.0000	0.0000	0.0000
ENSG00000187758.8	ADH1A	protein_coding	1	1	1	0.0381	0.0111	0.0107
ENSG00000187762.5	HSPE1P11	processed_pseudogene	2	0	2	0.5479	0.1605	0.1545
ENSG00000187763.3	OR2B7P	unprocessed_pseudogene	0	0	0	0.0000	0.0000	0.0000
ENSG00000187764.11	SEMA4D	protein_coding	1963	962	1001	11.7725	3.4484	3.3205
ENSG00000187766.1	KRTAP10-8	protein_coding	0	0	0	0.0000	0.0000	0.0000
ENSG00000187772.8	LIN28B	protein_coding	0	0	0	0.0000	0.0000	0.0000
ENSG00000187773.8	DIPK1C	protein_coding	2	2	0	0.0442	0.0129	0.0125
ENSG00000187775.17	DNAH17	protein_coding	25	53	43	0.1318	0.0386	0.0372
ENSG00000187778.14	MCRS1	protein_coding	1782	853	959	46.4055	13.5929	13.0889
ENSG00000187783.12	TMEM72	protein_coding	1	1	0	0.0279	0.0082	0.0079
ENSG00000187790.11	FANCM	protein_coding	330	157	173	3.3055	0.9682	0.9323
ENSG00000187791.13	FAM205C	protein_coding	0	0	0	0.0000	0.0000	0.0000
ENSG00000187792.5	ZNF70	protein_coding	834	413	421	10.2051	2.9892	2.8784
ENSG00000187796.15	CARD9	protein_coding	90	42	48	1.1409	0.3342	0.3218
ENSG00000187800.13	PEAR1	protein_coding	100	52	48	1.5356	0.4498	0.4331
ENSG00000187801.15	ZFP69B	protein_coding	68	30	39	2.2504	0.6592	0.6347
ENSG00000187806.9	TMEM202	protein_coding	0	0	0	0.0000	0.0000	0.0000
ENSG00000187808.5	SOWAHD	protein_coding	49	25	24	2.5765	0.7547	0.7267
ENSG00000187812.12	AC019294.1	transcribed_unprocessed_pseudogene	0	0	0	0.0000	0.0000	0.0000
ENSG00000187815.10	ZFP69	protein_coding	233	113	120	6.2359	1.8266	1.7589
ENSG00000187821.8	HELT	protein_coding	0	0	0	0.0000	0.0000	0.0000
ENSG00000187823.3	RTL4	protein_coding	0	0	0	0.0000	0.0000	0.0000
ENSG00000187824.9	TMEM220	protein_coding	153	93	104	4.0413	1.1838	1.1399
ENSG00000187833.7	C2orf78	protein_coding	0	0	0	0.0000	0.0000	0.0000
ENSG00000187837.4	H1-2	protein_coding	399	201	198	46.3519	13.5772	13.0738
ENSG00000187838.17	PLSCR3	protein_coding	1	0	1	0.0300	0.0088	0.0085
ENSG00000187840.5	EIF4EBP1	protein_coding	3173	1567	1606	306.1961	89.6896	86.3644
ENSG00000187847.4	OR7E25P	transcribed_unprocessed_pseudogene	0	0	1	0.0000	0.0000	0.0000
ENSG00000187848.15	P2RX2	protein_coding	1	0	1	0.0430	0.0126	0.0121
ENSG00000187855.5	ASCL4	protein_coding	0	0	0	0.0000	0.0000	0.0000
ENSG00000187857.4	OR6C75	protein_coding	0	0	0	0.0000	0.0000	0.0000
ENSG00000187860.10	CCDC157	protein_coding	134	293	311	1.7278	0.5061	0.4873
ENSG00000187862.12	TTC24	protein_coding	13	6	7	0.3902	0.1143	0.1101
ENSG00000187866.10	FAM122A	protein_coding	646	326	320	9.9707	2.9206	2.8123
ENSG00000187867.10	PALM3	protein_coding	380	180	200	11.5455	3.3819	3.2565
ENSG00000187870.7	RNFT1P3	unprocessed_pseudogene	2	1	1	0.1614	0.0473	0.0455
ENSG00000187871.2	GFRAL	protein_coding	1	1	0	0.0444	0.0130	0.0125
ENSG00000187889.13	FYB2	protein_coding	0	0	0	0.0000	0.0000	0.0000
ENSG00000187893.10	CXXC1P1	transcribed_unprocessed_pseudogene	0	0	0	0.0000	0.0000	0.0000
ENSG00000187900.4	OR5H7P	unprocessed_pseudogene	0	0	0	0.0000	0.0000	0.0000
ENSG00000187902.11	SHISA7	protein_coding	20	8	12	0.2792	0.0818	0.0788
ENSG00000187904.3	AC097382.1	lncRNA	0	0	0	0.0000	0.0000	0.0000
ENSG00000187905.10	LRRC74B	protein_coding	0	0	0	0.0000	0.0000	0.0000
ENSG00000187908.20	DMBT1	protein_coding	4	2	2	0.0362	0.0106	0.0102
ENSG00000187912.12	CLEC17A	protein_coding	21	7	14	0.5723	0.1676	0.1614
ENSG00000187918.5	OR51I2	protein_coding	0	0	0	0.0000	0.0000	0.0000
ENSG00000187922.14	LCN10	protein_coding	1	1	0	0.0199	0.0058	0.0056
ENSG00000187942.12	LDLRAD2	protein_coding	21	2888	2999	0.3968	0.1162	0.1119
ENSG00000187944.5	C2orf66	protein_coding	4	4	0	0.2548	0.0746	0.0719
ENSG00000187950.8	OVCH1	protein_coding	0	0	0	0.0000	0.0000	0.0000
ENSG00000187951.11	AC091057.1	lncRNA	41	26	15	0.6177	0.1809	0.1742
ENSG00000187952.9	HS6ST1P1	processed_pseudogene	2	1	1	0.1376	0.0403	0.0388
ENSG00000187953.10	PMS2CL	transcribed_unprocessed_pseudogene	126	64	69	2.7584	0.8080	0.7780
ENSG00000187954.13	CYHR1	protein_coding	2274	1517	1554	19.7312	5.7796	5.5653
ENSG00000187955.12	COL14A1	protein_coding	13008	6500	6509	108.4048	31.7535	30.5762
ENSG00000187957.8	DNER	protein_coding	0	0	0	0.0000	0.0000	0.0000
ENSG00000187959.9	CPSF4L	protein_coding	0	49	61	0.0000	0.0000	0.0000
ENSG00000187961.14	KLHL17	protein_coding	213	105	108	5.3169	1.5574	1.4997
ENSG00000187969.6	ZCCHC13	protein_coding	0	0	0	0.0000	0.0000	0.0000
ENSG00000187979.4	FAM230D	lncRNA	0	0	0	0.0000	0.0000	0.0000
ENSG00000187980.7	PLA2G2C	protein_coding	6	2	4	0.1322	0.0387	0.0373
ENSG00000187984.13	ANKRD19P	transcribed_unprocessed_pseudogene	41	20	21	1.3927	0.4079	0.3928
ENSG00000187987.9	ZSCAN23	protein_coding	4	1	3	0.1035	0.0303	0.0292
ENSG00000187988.5	KCTD9P3	processed_pseudogene	2	1	1	0.1453	0.0426	0.0410
ENSG00000187994.14	RINL	protein_coding	1211	600	625	24.4796	7.1704	6.9046
ENSG00000187997.11	C17orf99	protein_coding	2	1	1	0.0615	0.0180	0.0173
ENSG00000187999.4	HNRNPA1P61	processed_pseudogene	1	0	1	0.0919	0.0269	0.0259
ENSG00000188000.5	OR7D2	protein_coding	0	0	0	0.0000	0.0000	0.0000
ENSG00000188001.10	TPRG1	protein_coding	34	25	21	0.3027	0.0887	0.0854
ENSG00000188002.10	AC026412.1	transcribed_unprocessed_pseudogene	178	94	84	4.4934	1.3162	1.2674
ENSG00000188004.11	SNHG28	lncRNA	0	0	0	0.0000	0.0000	0.0000
ENSG00000188010.15	MORN2	protein_coding	685	376	309	42.6470	12.4920	12.0288
ENSG00000188011.5	RTP5	protein_coding	8	5	3	0.2607	0.0764	0.0735
ENSG00000188013.6	MEIS3P2	processed_pseudogene	22	10	12	1.7379	0.5091	0.4902
ENSG00000188015.10	S100A3	protein_coding	45	26	19	4.5439	1.3310	1.2816
ENSG00000188021.9	UBQLN2	protein_coding	3064	1553	1511	61.3381	17.9669	17.3008
ENSG00000188026.13	RILPL1	protein_coding	612	503	458	5.9937	1.7556	1.6906
ENSG00000188029.8	CTSL3P	transcribed_unprocessed_pseudogene	0	0	0	0.0000	0.0000	0.0000
ENSG00000188032.10	C19orf67	protein_coding	3	3	1	0.1660	0.0486	0.0468
ENSG00000188033.10	ZNF490	protein_coding	201	111	91	2.5131	0.7361	0.7088
ENSG00000188037.12	CLCN1	protein_coding	0	0	0	0.0000	0.0000	0.0000
ENSG00000188038.8	NRN1L	protein_coding	0	0	0	0.0000	0.0000	0.0000
ENSG00000188039.16	NWD1	protein_coding	0	0	0	0.0000	0.0000	0.0000
ENSG00000188042.8	ARL4C	protein_coding	1838	864	974	38.6250	11.3139	10.8944
ENSG00000188050.3	RNF133	protein_coding	0	0	0	0.0000	0.0000	0.0000
ENSG00000188051.7	TMEM221	protein_coding	14	7	7	0.4917	0.1440	0.1387
ENSG00000188056.12	TREML4	protein_coding	0	0	0	0.0000	0.0000	0.0000
ENSG00000188060.7	RAB42	protein_coding	107	62	45	4.1302	1.2098	1.1650
ENSG00000188064.10	WNT7B	protein_coding	1	0	1	0.0167	0.0049	0.0047
ENSG00000188070.9	C11orf95	protein_coding	407	226	182	5.8108	1.7021	1.6390
ENSG00000188076.3	SCGB1C1	protein_coding	0	0	0	0.0000	0.0000	0.0000
ENSG00000188078.5	AL022313.1	unprocessed_pseudogene	0	0	0	0.0000	0.0000	0.0000
ENSG00000188086.15	PRSS45P	protein_coding	0	0	0	0.0000	0.0000	0.0000
ENSG00000188089.13	PLA2G4E	protein_coding	0	0	0	0.0000	0.0000	0.0000
ENSG00000188092.15	GPR89B	protein_coding	109	58	51	1.7753	0.5200	0.5007
ENSG00000188095.6	MESP2	protein_coding	17	4	13	0.7980	0.2338	0.2251
ENSG00000188100.9	FAM25A	protein_coding	0	0	0	0.0000	0.0000	0.0000
ENSG00000188101.5	ALOX15P2	unprocessed_pseudogene	0	0	0	0.0000	0.0000	0.0000
ENSG00000188107.15	EYS	protein_coding	77	48	37	0.3830	0.1122	0.1080
ENSG00000188112.9	C6orf132	protein_coding	44	18	26	0.5453	0.1597	0.1538
ENSG00000188120.14	DAZ1	protein_coding	0	0	0	0.0000	0.0000	0.0000
ENSG00000188124.3	OR2AG2	protein_coding	1	1	0	0.0201	0.0059	0.0057
ENSG00000188130.14	MAPK12	protein_coding	1400	685	715	12.7631	3.7385	3.5999
ENSG00000188133.6	TMEM215	protein_coding	2	1	1	0.0318	0.0093	0.0090
ENSG00000188152.13	NUTM2G	protein_coding	8	7	2	0.1740	0.0510	0.0491
ENSG00000188153.14	COL4A5	protein_coding	9	2	7	0.0644	0.0189	0.0182
ENSG00000188155.11	KRTAP10-6	protein_coding	0	0	0	0.0000	0.0000	0.0000
ENSG00000188157.15	AGRN	protein_coding	28106	13951	14161	221.7985	64.9683	62.5596
ENSG00000188158.16	NHS	protein_coding	125	55	70	1.0001	0.2929	0.2821
ENSG00000188162.12	OTOG	protein_coding	1	0	2	0.0078	0.0023	0.0022
ENSG00000188163.8	FAM166A	protein_coding	0	396	427	0.0000	0.0000	0.0000
ENSG00000188167.9	TMPPE	protein_coding	48	25	23	0.9455	0.2770	0.2667
ENSG00000188171.16	ZNF626	protein_coding	20	11	9	0.2485	0.0728	0.0701
ENSG00000188175.10	HEPACAM2	protein_coding	0	0	0	0.0000	0.0000	0.0000
ENSG00000188176.12	SMTNL2	protein_coding	0	0	0	0.0000	0.0000	0.0000
ENSG00000188177.14	ZC3H6	protein_coding	731	372	359	5.2607	1.5410	1.4838
ENSG00000188185.13	LINC00265	lncRNA	163	85	78	1.8912	0.5540	0.5334
ENSG00000188186.10	LAMTOR4	protein_coding	2746	1420	1493	120.4502	35.2817	33.9737
ENSG00000188191.15	PRKAR1B	protein_coding	988	501	518	18.6821	5.4723	5.2694
ENSG00000188199.10	NUTM2B	protein_coding	3	1	3	0.0501	0.0147	0.0141
ENSG00000188211.9	NCR3LG1	protein_coding	183	96	87	2.4419	0.7153	0.6888
ENSG00000188215.10	DCUN1D3	protein_coding	1655	836	820	22.5881	6.6164	6.3711
ENSG00000188219.14	POTEE	protein_coding	7	3	6	0.1418	0.0415	0.0400
ENSG00000188223.9	AD000671.1	protein_coding	0	0	0	0.0000	0.0000	0.0000
ENSG00000188227.13	ZNF793	protein_coding	14	5	9	0.0990	0.0290	0.0279
ENSG00000188229.6	TUBB4B	protein_coding	8197	4517	4507	341.7245	100.0965	96.3854
ENSG00000188234.13	AGAP4	protein_coding	26	10	18	0.6356	0.1862	0.1793
ENSG00000188242.4	PP7080	lncRNA	1	0	1	0.0307	0.0090	0.0087
ENSG00000188243.13	COMMD6	protein_coding	1038	544	494	30.4271	8.9126	8.5822
ENSG00000188257.12	PLA2G2A	protein_coding	693	363	330	36.0600	10.5625	10.1709
ENSG00000188263.10	IL17REL	protein_coding	6	4	2	0.1379	0.0404	0.0389
ENSG00000188266.14	HYKK	protein_coding	362	168	194	5.3866	1.5778	1.5193
ENSG00000188269.10	OR7A5	protein_coding	3	0	3	0.1173	0.0344	0.0331
ENSG00000188277.10	C15orf62	protein_coding	19	15	10	0.6532	0.1913	0.1842
ENSG00000188280.11	FAM230G	lncRNA	0	2	2	0.0000	0.0000	0.0000
ENSG00000188282.12	RUFY4	protein_coding	23	11	14	0.4483	0.1313	0.1264
ENSG00000188283.11	ZNF383	protein_coding	242	134	138	2.4416	0.7152	0.6887
ENSG00000188290.11	HES4	protein_coding	50	25	26	3.7979	1.1125	1.0712
ENSG00000188293.6	IGFL1	protein_coding	0	0	0	0.0000	0.0000	0.0000
ENSG00000188295.15	ZNF669	protein_coding	169	84	85	7.2483	2.1231	2.0444
ENSG00000188305.6	PEAK3	protein_coding	41	18	23	1.3579	0.3978	0.3830
ENSG00000188306.6	LRRIQ4	protein_coding	1	0	1	0.0465	0.0136	0.0131
ENSG00000188312.14	CENPP	protein_coding	69	291	252	0.6286	0.1841	0.1773
ENSG00000188313.13	PLSCR1	protein_coding	3064	1525	1539	60.0638	17.5936	16.9413
ENSG00000188314.3	OR7D1P	unprocessed_pseudogene	0	0	0	0.0000	0.0000	0.0000
ENSG00000188315.8	C3orf62	protein_coding	161	96	83	3.3009	0.9669	0.9310
ENSG00000188316.15	ENO4	protein_coding	8	15	15	0.2138	0.0626	0.0603
ENSG00000188321.13	ZNF559	protein_coding	349	185	165	4.3693	1.2798	1.2324
ENSG00000188322.8	SBK1	protein_coding	54	29	26	0.8746	0.2562	0.2467
ENSG00000188324.4	OR6C6	protein_coding	0	0	0	0.0000	0.0000	0.0000
ENSG00000188334.3	BSPH1	protein_coding	0	0	0	0.0000	0.0000	0.0000
ENSG00000188338.15	SLC38A3	protein_coding	4	0	4	0.0856	0.0251	0.0241
ENSG00000188340.2	OR6N2	protein_coding	0	0	0	0.0000	0.0000	0.0000
ENSG00000188342.12	GTF2F2	protein_coding	752	357	395	17.6996	5.1845	4.9923
ENSG00000188343.13	CIBAR1	protein_coding	881	537	520	10.0788	2.9522	2.8428
ENSG00000188352.12	FOCAD	protein_coding	1874	932	943	15.8570	4.6448	4.4726
ENSG00000188365.3	AC092171.1	lncRNA	1	1	0	0.1128	0.0330	0.0318
ENSG00000188368.10	PRR19	protein_coding	73	237	253	2.4075	0.7052	0.6790
ENSG00000188372.15	ZP3	protein_coding	469	297	270	14.9000	4.3644	4.2026
ENSG00000188373.5	C10orf99	protein_coding	1	0	1	0.1029	0.0302	0.0290
ENSG00000188375.5	H3-5	protein_coding	24	17	7	1.8295	0.5359	0.5160
ENSG00000188379.7	IFNA2	protein_coding	0	0	0	0.0000	0.0000	0.0000
ENSG00000188383.8	GPAT2P2	unprocessed_pseudogene	10	5	5	0.9840	0.2882	0.2775
ENSG00000188385.12	JAKMIP3	protein_coding	5	3	3	0.0289	0.0085	0.0082
ENSG00000188386.8	PPP3R2	protein_coding	0	0	0	0.0000	0.0000	0.0000
ENSG00000188388.10	GOLGA6L3	unprocessed_pseudogene	0	0	0	0.0000	0.0000	0.0000
ENSG00000188389.11	PDCD1	protein_coding	177	93	84	7.1678	2.0996	2.0217
ENSG00000188393.9	CLEC2A	protein_coding	0	0	0	0.0000	0.0000	0.0000
ENSG00000188394.8	GPR21	protein_coding	1	1	0	0.0541	0.0158	0.0152
ENSG00000188396.4	TCTEX1D4	protein_coding	41	111	145	2.5695	0.7527	0.7248
ENSG00000188399.5	ANKRD36P1	unprocessed_pseudogene	0	0	0	0.0000	0.0000	0.0000
ENSG00000188403.7	IGHV1OR15-9	IG_V_gene	8	3	5	1.9245	0.5637	0.5428
ENSG00000188404.10	SELL	protein_coding	683	359	324	21.2379	6.2209	5.9903
ENSG00000188408.5	MAGEB5	protein_coding	0	0	0	0.0000	0.0000	0.0000
ENSG00000188419.14	CHM	protein_coding	2087	1029	1058	20.5031	6.0057	5.7830
ENSG00000188425.4	NANOS2	protein_coding	0	0	0	0.0000	0.0000	0.0000
ENSG00000188428.20	BLOC1S5	protein_coding	368	184	184	9.4785	2.7764	2.6735
ENSG00000188438.4	DEFB108F	unprocessed_pseudogene	0	0	0	0.0000	0.0000	0.0000
ENSG00000188439.3	OR4P1P	unprocessed_pseudogene	0	0	0	0.0000	0.0000	0.0000
ENSG00000188451.8	SRP72P2	processed_pseudogene	4	4	0	0.1716	0.0503	0.0484
ENSG00000188452.14	CERKL	protein_coding	3	273	231	0.0534	0.0156	0.0151
ENSG00000188459.4	WASF4P	processed_pseudogene	9	2	7	0.5116	0.1498	0.1443
ENSG00000188460.4	ACTBP11	processed_pseudogene	20	16	5	1.5084	0.4418	0.4254
ENSG00000188467.11	SLC24A5	protein_coding	2134	6234	5911	38.0715	11.1517	10.7383
ENSG00000188483.8	IER5L	protein_coding	327	246	243	10.2469	3.0015	2.8902
ENSG00000188486.3	H2AX	protein_coding	1004	532	473	52.8254	15.4734	14.8997
ENSG00000188487.12	INSC	protein_coding	65	35	30	1.6000	0.4687	0.4513
ENSG00000188488.14	SERPINA5	protein_coding	599	286	313	13.5610	3.9722	3.8250
ENSG00000188493.15	C19orf54	protein_coding	676	530	558	15.3657	4.5009	4.3340
ENSG00000188501.11	LCTL	protein_coding	620	548	510	14.9661	4.3838	4.2213
ENSG00000188505.5	NCCRP1	protein_coding	17	11	6	0.7310	0.2141	0.2062
ENSG00000188508.11	KRTDAP	protein_coding	0	0	0	0.0000	0.0000	0.0000
ENSG00000188511.12	C22orf34	lncRNA	28	16	12	0.3513	0.1029	0.0991
ENSG00000188512.6	AF279873.1	processed_pseudogene	3	2	1	0.8139	0.2384	0.2296
ENSG00000188517.16	COL25A1	protein_coding	77	47	30	0.7478	0.2190	0.2109
ENSG00000188522.15	FAM83G	protein_coding	1079	698	722	11.6934	3.4252	3.2982
ENSG00000188523.9	CFAP77	protein_coding	0	0	0	0.0000	0.0000	0.0000
ENSG00000188525.4	AC010969.1	lncRNA	0	13	5	0.0000	0.0000	0.0000
ENSG00000188529.15	SRSF10	protein_coding	3254	1621	1633	23.2994	6.8248	6.5717
ENSG00000188536.13	HBA2	protein_coding	14	8	6	1.4376	0.4211	0.4055
ENSG00000188542.10	DUSP28	protein_coding	149	112	109	2.5557	0.7486	0.7208
ENSG00000188549.12	CCDC9B	protein_coding	1740	868	872	19.6753	5.7632	5.5495
ENSG00000188554.15	NBR1	protein_coding	7707	3924	3817	77.8682	22.8088	21.9632
ENSG00000188558.6	OR2G6	protein_coding	0	0	0	0.0000	0.0000	0.0000
ENSG00000188559.15	RALGAPA2	protein_coding	1238	625	613	9.0249	2.6435	2.5455
ENSG00000188566.14	NDOR1	protein_coding	519	250	269	15.5408	4.5521	4.3834
ENSG00000188573.8	FBLL1	protein_coding	20	9	11	1.2770	0.3741	0.3602
ENSG00000188580.15	NKAIN2	protein_coding	0	0	0	0.0000	0.0000	0.0000
ENSG00000188581.9	KRTAP1-1	protein_coding	0	0	0	0.0000	0.0000	0.0000
ENSG00000188582.10	PAQR9	protein_coding	0	0	0	0.0000	0.0000	0.0000
ENSG00000188585.9	CLEC20A	protein_coding	0	4	7	0.0000	0.0000	0.0000
ENSG00000188596.11	CFAP54	protein_coding	145	77	68	0.9535	0.2793	0.2689
ENSG00000188599.17	NPIPP1	transcribed_unprocessed_pseudogene	14	5	9	0.8273	0.2423	0.2334
ENSG00000188603.22	CLN3	protein_coding	22	35	31	0.1904	0.0558	0.0537
ENSG00000188610.12	FAM72B	protein_coding	34	13	25	0.9520	0.2788	0.2685
ENSG00000188611.16	ASAH2	protein_coding	2	0	2	0.0233	0.0068	0.0066
ENSG00000188612.12	SUMO2	protein_coding	2098	1037	1061	53.2148	15.5874	15.0095
ENSG00000188613.7	NANOS1	protein_coding	166	89	81	3.5093	1.0279	0.9898
ENSG00000188620.11	HMX3	protein_coding	0	0	0	0.0000	0.0000	0.0000
ENSG00000188624.3	IGFL3	protein_coding	2	1	1	0.2498	0.0732	0.0704
ENSG00000188626.6	GOLGA8M	protein_coding	1	0	1	0.0386	0.0113	0.0109
ENSG00000188629.13	ZNF177	protein_coding	0	0	0	0.0000	0.0000	0.0000
ENSG00000188636.4	RTL6	protein_coding	2220	1105	1115	34.7893	10.1903	9.8125
ENSG00000188641.14	DPYD	protein_coding	417	222	222	4.9659	1.4546	1.4007
ENSG00000188643.11	S100A16	protein_coding	5218	2529	2689	260.5026	76.3053	73.4763
ENSG00000188646.6	AC123904.1	processed_pseudogene	0	0	0	0.0000	0.0000	0.0000
ENSG00000188647.13	PTAR1	protein_coding	2326	1140	1186	16.1219	4.7223	4.5473
ENSG00000188649.15	CC2D2B	protein_coding	9	10	18	0.1012	0.0296	0.0285
ENSG00000188655.10	RNASE9	protein_coding	0	0	0	0.0000	0.0000	0.0000
ENSG00000188656.8	TSPY7P	unprocessed_pseudogene	0	0	0	0.0000	0.0000	0.0000
ENSG00000188659.9	SAXO2	protein_coding	10	5	5	0.2041	0.0598	0.0576
ENSG00000188660.4	LINC00319	lncRNA	0	0	0	0.0000	0.0000	0.0000
ENSG00000188662.6	H1-9P	transcribed_unitary_pseudogene	370	194	189	25.7757	7.5501	7.2702
ENSG00000188668.4	OR7E90P	unprocessed_pseudogene	0	0	0	0.0000	0.0000	0.0000
ENSG00000188672.19	RHCE	protein_coding	93	210	175	3.2460	0.9508	0.9156
ENSG00000188674.11	C2orf80	protein_coding	0	0	0	0.0000	0.0000	0.0000
ENSG00000188676.13	IDO2	protein_coding	2	2	0	0.0382	0.0112	0.0108
ENSG00000188677.15	PARVB	protein_coding	3856	1932	1924	44.4426	13.0179	12.5353
ENSG00000188681.11	TEKT4P2	transcribed_unprocessed_pseudogene	73	33	40	2.6848	0.7864	0.7573
ENSG00000188687.17	SLC4A5	protein_coding	27	326	310	0.2857	0.0837	0.0806
ENSG00000188690.15	UROS	protein_coding	1772	870	902	15.8316	4.6373	4.4654
ENSG00000188691.5	OR56A5	protein_coding	0	0	0	0.0000	0.0000	0.0000
ENSG00000188693.8	CYP51A1-AS1	lncRNA	3	6	5	0.0734	0.0215	0.0207
ENSG00000188694.6	KRTAP24-1	protein_coding	0	0	0	0.0000	0.0000	0.0000
ENSG00000188706.13	ZDHHC9	protein_coding	2271	1148	1123	36.7832	10.7744	10.3749
ENSG00000188707.6	ZBED6CL	protein_coding	242	124	126	3.9704	1.1630	1.1199
ENSG00000188710.3	QRFP	protein_coding	10	2	9	0.5137	0.1505	0.1449
ENSG00000188712.4	OR13D3P	unprocessed_pseudogene	0	0	0	0.0000	0.0000	0.0000
ENSG00000188716.5	DUSP29	protein_coding	0	0	0	0.0000	0.0000	0.0000
ENSG00000188725.8	SMIM15	protein_coding	2433	1378	1394	71.5414	20.9556	20.1787
ENSG00000188729.6	OSTN	protein_coding	1	7	10	0.0264	0.0077	0.0074
ENSG00000188730.5	VWC2	protein_coding	2	0	2	0.0150	0.0044	0.0042
ENSG00000188732.11	FAM221A	protein_coding	97	54	52	1.1045	0.3235	0.3115
ENSG00000188735.13	TMEM120B	protein_coding	447	506	549	4.4928	1.3160	1.2672
ENSG00000188738.15	FSIP2	protein_coding	5	4	1	0.0180	0.0053	0.0051
ENSG00000188739.15	RBM34	protein_coding	23	11	12	0.6646	0.1947	0.1874
ENSG00000188747.8	NOXA1	protein_coding	48	30	21	2.4292	0.7115	0.6852
ENSG00000188755.10	TBC1D3P2	transcribed_unprocessed_pseudogene	0	0	1	0.0000	0.0000	0.0000
ENSG00000188760.11	TMEM198	protein_coding	221	122	129	7.2798	2.1324	2.0533
ENSG00000188761.13	BCL2L15	protein_coding	4	3	1	0.0373	0.0109	0.0105
ENSG00000188763.5	FZD9	protein_coding	63	23	40	2.2834	0.6688	0.6440
ENSG00000188765.7	TMSB4XP2	unprocessed_pseudogene	6	1	5	2.4263	0.7107	0.6844
ENSG00000188766.12	SPRED3	protein_coding	1248	645	604	18.0731	5.2939	5.0976
ENSG00000188770.10	OPTC	protein_coding	0	0	0	0.0000	0.0000	0.0000
ENSG00000188771.5	PLET1	protein_coding	1	0	1	0.0551	0.0161	0.0155
ENSG00000188778.6	ADRB3	protein_coding	2	2	0	0.0591	0.0173	0.0167
ENSG00000188779.12	SKOR1	protein_coding	7	5	3	0.1319	0.0386	0.0372
ENSG00000188782.9	CATSPER4	protein_coding	0	0	0	0.0000	0.0000	0.0000
ENSG00000188783.6	PRELP	protein_coding	520	262	258	7.6545	2.2421	2.1590
ENSG00000188784.4	PLA2G2E	protein_coding	0	0	0	0.0000	0.0000	0.0000
ENSG00000188785.12	ZNF548	protein_coding	337	172	165	4.6451	1.3606	1.3102
ENSG00000188786.10	MTF1	protein_coding	1135	541	596	12.0647	3.5339	3.4029
ENSG00000188800.6	TMCO2	protein_coding	0	0	0	0.0000	0.0000	0.0000
ENSG00000188801.9	ZNF322P1	processed_pseudogene	0	0	0	0.0000	0.0000	0.0000
ENSG00000188803.15	SHISA6	protein_coding	18	13	5	0.1782	0.0522	0.0503
ENSG00000188807.13	TMEM201	protein_coding	1851	903	950	22.5165	6.5954	6.3509
ENSG00000188811.14	NHLRC3	protein_coding	1527	782	745	20.2330	5.9266	5.7068
ENSG00000188816.3	HMX2	protein_coding	1	1	0	0.0522	0.0153	0.0147
ENSG00000188817.8	SNTN	protein_coding	0	0	0	0.0000	0.0000	0.0000
ENSG00000188818.12	ZDHHC11	protein_coding	25	17	8	0.3053	0.0894	0.0861
ENSG00000188820.13	CALHM6	protein_coding	60	27	33	4.2961	1.2584	1.2118
ENSG00000188822.8	CNR2	protein_coding	21	10	11	0.3387	0.0992	0.0955
ENSG00000188825.14	LINC00910	lncRNA	91	47	44	0.7093	0.2078	0.2001
ENSG00000188827.11	SLX4	protein_coding	840	466	523	8.2955	2.4299	2.3398
ENSG00000188828.12	GLRA4	protein_coding	0	0	0	0.0000	0.0000	0.0000
ENSG00000188831.4	DPPA3P2	transcribed_unprocessed_pseudogene	0	0	0	0.0000	0.0000	0.0000
ENSG00000188833.10	ENTPD8	protein_coding	0	2	0	0.0000	0.0000	0.0000
ENSG00000188846.14	RPL14	protein_coding	7843	3921	3922	77.2120	22.6166	21.7781
ENSG00000188848.16	BEND4	protein_coding	9	4	5	0.0864	0.0253	0.0244
ENSG00000188850.9	AC114947.1	transcribed_processed_pseudogene	0	0	0	0.0000	0.0000	0.0000
ENSG00000188856.6	RPSAP47	processed_pseudogene	6	3	3	0.5738	0.1681	0.1618
ENSG00000188859.7	FAM78B	protein_coding	1532	868	881	22.7484	6.6634	6.4163
ENSG00000188868.14	ZNF563	protein_coding	73	40	33	2.1774	0.6378	0.6142
ENSG00000188869.13	TMC3	protein_coding	6	17	18	0.1024	0.0300	0.0289
ENSG00000188873.4	RPL10AP2	processed_pseudogene	12	8	4	1.5582	0.4564	0.4395
ENSG00000188877.12	POTEA	polymorphic_pseudogene	0	0	0	0.0000	0.0000	0.0000
ENSG00000188878.19	FBF1	protein_coding	203	108	95	2.5615	0.7503	0.7225
ENSG00000188883.5	KLRG2	protein_coding	4	2	2	0.1574	0.0461	0.0444
ENSG00000188886.3	ASTL	protein_coding	0	0	0	0.0000	0.0000	0.0000
ENSG00000188895.12	MSL1	protein_coding	2206	1083	1123	24.2504	7.1033	6.8400
ENSG00000188897.9	AC099489.1	protein_coding	6	7	2	0.0424	0.0124	0.0119
ENSG00000188906.16	LRRK2	protein_coding	2849	1444	1405	17.9147	5.2475	5.0530
ENSG00000188909.5	BSX	protein_coding	1	0	1	0.0900	0.0264	0.0254
ENSG00000188910.8	GJB3	protein_coding	0	0	0	0.0000	0.0000	0.0000
ENSG00000188916.9	INSYN2A	protein_coding	5	3	2	0.0877	0.0257	0.0247
ENSG00000188917.15	TRMT2B	protein_coding	691	329	365	14.4710	4.2388	4.0816
ENSG00000188921.14	HACD4	protein_coding	754	352	403	6.9887	2.0471	1.9712
ENSG00000188931.4	CFAP126	protein_coding	160	86	83	17.5546	5.1420	4.9514
ENSG00000188933.16	USP32P1	transcribed_unprocessed_pseudogene	3	2	1	0.0332	0.0097	0.0094
ENSG00000188937.6	NYX	protein_coding	0	0	0	0.0000	0.0000	0.0000
ENSG00000188938.17	FAM120AOS	protein_coding	1179	760	749	9.8700	2.8911	2.7839
ENSG00000188958.9	UTS2B	protein_coding	11	72	76	0.2426	0.0711	0.0684
ENSG00000188959.9	C9orf152	protein_coding	0	0	0	0.0000	0.0000	0.0000
ENSG00000188976.11	NOC2L	protein_coding	4615	2859	2673	70.7415	20.7213	19.9531
ENSG00000188981.11	MSANTD1	protein_coding	7	4	3	0.0993	0.0291	0.0280
ENSG00000188984.12	AADACL3	protein_coding	0	0	0	0.0000	0.0000	0.0000
ENSG00000188985.6	DHFRP1	processed_pseudogene	30	17	13	4.5574	1.3349	1.2855
ENSG00000188986.9	NELFB	protein_coding	1910	954	957	63.8575	18.7049	18.0114
ENSG00000188991.3	SLC15A5	protein_coding	0	0	0	0.0000	0.0000	0.0000
ENSG00000188992.11	LIPI	protein_coding	0	0	0	0.0000	0.0000	0.0000
ENSG00000188993.3	LRRC66	protein_coding	9	7	2	0.2297	0.0673	0.0648
ENSG00000188994.13	ZNF292	protein_coding	795	394	402	4.5429	1.3307	1.2813
ENSG00000188996.4	HUS1B	protein_coding	1	0	1	0.0828	0.0243	0.0234
ENSG00000188997.8	KCTD21	protein_coding	551	414	369	11.7921	3.4541	3.3260
ENSG00000189001.11	SBSN	protein_coding	26	14	12	1.1117	0.3256	0.3136
ENSG00000189002.10	PROS2P	unprocessed_pseudogene	5	3	2	0.2176	0.0637	0.0614
ENSG00000189007.16	ADAT2	protein_coding	174	87	87	2.0531	0.6014	0.5791
ENSG00000189013.14	KIR2DL4	protein_coding	25	14	11	1.2314	0.3607	0.3473
ENSG00000189014.7	SHLD2P3	unprocessed_pseudogene	8	1	7	0.2505	0.0734	0.0707
ENSG00000189023.10	MAGEB16	protein_coding	1	1	0	0.0428	0.0125	0.0121
ENSG00000189030.10	VHLL	protein_coding	0	0	0	0.0000	0.0000	0.0000
ENSG00000189037.8	DUSP21	protein_coding	0	0	0	0.0000	0.0000	0.0000
ENSG00000189042.13	ZNF567	protein_coding	32	15	17	0.5752	0.1685	0.1623
ENSG00000189043.10	NDUFA4	protein_coding	5643	2859	2784	138.4589	40.5568	39.0531
ENSG00000189045.15	ANKDD1B	protein_coding	5	1	4	0.1144	0.0335	0.0323
ENSG00000189046.11	ALKBH2	protein_coding	335	164	171	12.4229	3.6389	3.5039
ENSG00000189050.16	RNFT1	protein_coding	331	170	161	8.2697	2.4223	2.3325
ENSG00000189051.5	RNF222	protein_coding	0	0	0	0.0000	0.0000	0.0000
ENSG00000189052.7	CGB5	protein_coding	0	0	0	0.0000	0.0000	0.0000
ENSG00000189056.14	RELN	protein_coding	37	17	20	0.2458	0.0720	0.0693
ENSG00000189057.11	FAM111B	protein_coding	700	359	341	15.3802	4.5051	4.3381
ENSG00000189058.9	APOD	protein_coding	188428	95293	93143	7913.6449	2318.0306	2232.0900
ENSG00000189060.5	H1-0	protein_coding	14366	7331	7035	520.4638	152.4520	146.7999
ENSG00000189064.8	GAGE2A	protein_coding	1	1	0	0.1608	0.0471	0.0454
ENSG00000189067.13	LITAF	protein_coding	6068	2975	3093	101.8777	29.8416	28.7352
ENSG00000189068.11	VSTM1	protein_coding	0	0	0	0.0000	0.0000	0.0000
ENSG00000189077.11	TMEM120A	protein_coding	1559	745	831	66.1955	19.3897	18.6708
ENSG00000189079.17	ARID2	protein_coding	2260	1157	1104	15.8795	4.6514	4.4789
ENSG00000189089.5	RIMKLBP1	processed_pseudogene	4	2	2	0.2918	0.0855	0.0823
ENSG00000189090.7	FAM25G	protein_coding	0	0	0	0.0000	0.0000	0.0000
ENSG00000189091.13	SF3B3	protein_coding	9784	4882	4904	66.9186	19.6015	18.8748
ENSG00000189099.11	PRSS48	protein_coding	0	0	0	0.0000	0.0000	0.0000
ENSG00000189108.13	IL1RAPL2	protein_coding	0	0	0	0.0000	0.0000	0.0000
ENSG00000189114.8	BLOC1S3	protein_coding	1015	524	494	25.5315	7.4786	7.2013
ENSG00000189120.5	SP6	protein_coding	56	22	35	1.1757	0.3444	0.3316
ENSG00000189127.8	ANKRD34B	protein_coding	0	0	0	0.0000	0.0000	0.0000
ENSG00000189129.14	PLAC9	protein_coding	93	49	44	6.3690	1.8656	1.7964
ENSG00000189132.6	FAM47B	protein_coding	0	0	0	0.0000	0.0000	0.0000
ENSG00000189134.4	NKAPL	protein_coding	8	7	1	0.4088	0.1197	0.1153
ENSG00000189136.9	UBE2Q2P1	transcribed_unprocessed_pseudogene	33	24	21	0.8698	0.2548	0.2453
ENSG00000189139.6	FSCB	protein_coding	0	0	0	0.0000	0.0000	0.0000
ENSG00000189143.9	CLDN4	protein_coding	3	3	0	0.0542	0.0159	0.0153
ENSG00000189144.14	ZNF573	protein_coding	11	11	12	0.1992	0.0584	0.0562
ENSG00000189145.7	RPL32P36	processed_pseudogene	0	0	0	0.0000	0.0000	0.0000
ENSG00000189149.12	CRYM-AS1	transcribed_unitary_pseudogene	22	14	8	0.6804	0.1993	0.1919
ENSG00000189152.11	GRAPL	protein_coding	2	3	0	0.0861	0.0252	0.0243
ENSG00000189157.14	FAM47E	protein_coding	40	22	20	0.3571	0.1046	0.1007
ENSG00000189159.16	JPT1	protein_coding	1552	814	739	38.6954	11.3345	10.9143
ENSG00000189164.15	ZNF527	protein_coding	179	87	92	2.3618	0.6918	0.6662
ENSG00000189166.6	TNRC18P3	unprocessed_pseudogene	3	0	3	0.0947	0.0277	0.0267
ENSG00000189167.12	ZAR1L	protein_coding	2	2	0	0.1072	0.0314	0.0302
ENSG00000189169.7	KRTAP10-12	protein_coding	0	0	0	0.0000	0.0000	0.0000
ENSG00000189171.14	S100A13	protein_coding	989	3390	3295	37.9000	11.1015	10.6899
ENSG00000189180.16	ZNF33A	protein_coding	550	267	283	6.1887	1.8128	1.7456
ENSG00000189181.5	OR14I1	protein_coding	0	0	0	0.0000	0.0000	0.0000
ENSG00000189182.10	KRT77	protein_coding	0	0	0	0.0000	0.0000	0.0000
ENSG00000189184.12	PCDH18	protein_coding	255	128	127	3.2388	0.9487	0.9135
ENSG00000189186.10	DCAF8L2	protein_coding	0	0	0	0.0000	0.0000	0.0000
ENSG00000189190.10	ZNF600	protein_coding	49	23	26	0.5975	0.1750	0.1685
ENSG00000189195.15	BTBD8	protein_coding	245	114	131	2.4941	0.7306	0.7035
ENSG00000189196.4	LINC00994	lncRNA	0	0	0	0.0000	0.0000	0.0000
ENSG00000189212.12	DPY19L2P1	transcribed_unprocessed_pseudogene	2	0	2	0.0205	0.0060	0.0058
ENSG00000189221.10	MAOA	protein_coding	1387	676	711	21.3069	6.2411	6.0097
ENSG00000189223.15	PAX8-AS1	lncRNA	284	159	149	1.0910	0.3196	0.3077
ENSG00000189227.6	C15orf61	protein_coding	104	141	122	1.8589	0.5445	0.5243
ENSG00000189229.11	AC069277.1	lncRNA	0	0	0	0.0000	0.0000	0.0000
ENSG00000189233.12	NUGGC	protein_coding	57	31	26	1.2029	0.3523	0.3393
ENSG00000189238.6	LINC00943	lncRNA	35	61	69	0.3329	0.0975	0.0939
ENSG00000189241.8	TSPYL1	protein_coding	1267	812	791	11.8378	3.4675	3.3389
ENSG00000189252.4	SPANXN3	protein_coding	0	0	0	0.0000	0.0000	0.0000
ENSG00000189253.7	TRIM64B	protein_coding	0	0	0	0.0000	0.0000	0.0000
ENSG00000189266.13	PNRC2	protein_coding	1653	841	812	50.8047	14.8815	14.3298
ENSG00000189269.12	DRICH1	protein_coding	0	0	0	0.0000	0.0000	0.0000
ENSG00000189275.4	LINC01164	lncRNA	0	0	0	0.0000	0.0000	0.0000
ENSG00000189280.3	GJB5	protein_coding	8	3	5	0.5014	0.1469	0.1414
ENSG00000189283.10	FHIT	protein_coding	177	84	93	2.0116	0.5892	0.5674
ENSG00000189292.16	ALKAL2	protein_coding	0	0	0	0.0000	0.0000	0.0000
ENSG00000189295.13	ANKRD62P1-PARP4P3	lncRNA	0	0	0	0.0000	0.0000	0.0000
ENSG00000189298.14	ZKSCAN3	protein_coding	140	74	66	2.4748	0.7249	0.6980
ENSG00000189299.7	FOXR2	protein_coding	0	0	0	0.0000	0.0000	0.0000
ENSG00000189306.11	RRP7A	protein_coding	2009	1310	1350	29.9307	8.7672	8.4421
ENSG00000189308.11	LIN54	protein_coding	1152	588	564	14.4674	4.2377	4.0806
ENSG00000189316.3	AC073349.1	lncRNA	1	3	0	0.0800	0.0234	0.0226
ENSG00000189319.14	FAM53B	protein_coding	4100	2169	2094	53.2946	15.6108	15.0321
ENSG00000189320.9	FAM180A	protein_coding	39	12	27	1.3248	0.3880	0.3737
ENSG00000189325.7	BNIP5	protein_coding	0	0	0	0.0000	0.0000	0.0000
ENSG00000189326.4	SPANXN4	protein_coding	0	0	0	0.0000	0.0000	0.0000
ENSG00000189332.5	SLC25A51P4	transcribed_unprocessed_pseudogene	0	0	0	0.0000	0.0000	0.0000
ENSG00000189334.9	S100A14	protein_coding	3	2	1	0.1995	0.0584	0.0563
ENSG00000189337.17	KAZN	protein_coding	1202	752	766	7.3647	2.1572	2.0772
ENSG00000189339.12	SLC35E2B	protein_coding	906	529	494	9.0922	2.6632	2.5645
ENSG00000189343.7	RPS2P46	processed_pseudogene	394	182	213	37.8920	11.0992	10.6877
ENSG00000189348.6	FAM90A27P	transcribed_unprocessed_pseudogene	0	0	0	0.0000	0.0000	0.0000
ENSG00000189350.13	TOGARAM2	protein_coding	34	16	18	0.2705	0.0792	0.0763
ENSG00000189357.8	SPATA31D4	protein_coding	0	0	0	0.0000	0.0000	0.0000
ENSG00000189362.12	NEMP2	protein_coding	782	415	440	10.1774	2.9811	2.8706
ENSG00000189366.9	ALG1L	protein_coding	14	21	18	1.4103	0.4131	0.3978
ENSG00000189367.15	KIAA0408	protein_coding	0	0	0	0.0000	0.0000	0.0000
ENSG00000189369.9	GSPT2	protein_coding	90	47	43	2.7384	0.8021	0.7724
ENSG00000189372.4	AL034369.1	unprocessed_pseudogene	0	0	0	0.0000	0.0000	0.0000
ENSG00000189375.12	TBC1D28	protein_coding	0	0	0	0.0000	0.0000	0.0000
ENSG00000189376.12	C8orf76	protein_coding	118	64	54	4.1136	1.2049	1.1603
ENSG00000189377.9	CXCL17	protein_coding	2	2	0	0.1548	0.0454	0.0437
ENSG00000189398.5	OR7E12P	unprocessed_pseudogene	0	0	0	0.0000	0.0000	0.0000
ENSG00000189401.3	OTUD6A	protein_coding	0	0	0	0.0000	0.0000	0.0000
ENSG00000189403.15	HMGB1	protein_coding	4108	2098	2011	45.3292	13.2776	12.7854
ENSG00000189409.14	MMP23B	protein_coding	0	0	0	0.0000	0.0000	0.0000
ENSG00000189410.12	SH2D5	protein_coding	50	20	30	0.9463	0.2772	0.2669
ENSG00000189419.8	SPATA41	lncRNA	17	11	6	0.2496	0.0731	0.0704
ENSG00000189420.8	ZFP92	protein_coding	13	9	5	0.1808	0.0530	0.0510
ENSG00000189423.13	USP32P3	transcribed_unprocessed_pseudogene	15	4	11	0.1538	0.0451	0.0434
ENSG00000189430.13	NCR1	protein_coding	8	6	2	0.3585	0.1050	0.1011
ENSG00000189431.8	RASSF10	protein_coding	0	0	0	0.0000	0.0000	0.0000
ENSG00000189433.7	GJB4	protein_coding	0	0	0	0.0000	0.0000	0.0000
ENSG00000194297.2	RNU1-75P	snRNA	0	0	0	0.0000	0.0000	0.0000
ENSG00000194717.4	MIR494	miRNA	0	0	0	0.0000	0.0000	0.0000
ENSG00000195024.2	RNU1-15P	snRNA	0	0	0	0.0000	0.0000	0.0000
ENSG00000195401.2	Y_RNA	misc_RNA	0	0	0	0.0000	0.0000	0.0000
ENSG00000196071.5	OR2L13	protein_coding	0	0	0	0.0000	0.0000	0.0000
ENSG00000196072.12	BLOC1S2	protein_coding	3914	1997	1917	114.1802	33.4452	32.2052
ENSG00000196074.13	SYCP2	protein_coding	306	152	154	4.0194	1.1774	1.1337
ENSG00000196081.10	ZNF724	protein_coding	1	1	0	0.0255	0.0075	0.0072
ENSG00000196083.10	IL1RAP	protein_coding	9312	4668	4645	68.4183	20.0408	19.2978
ENSG00000196085.5	SMIM7P1	processed_pseudogene	0	0	0	0.0000	0.0000	0.0000
ENSG00000196090.12	PTPRT	protein_coding	3	2	1	0.0197	0.0058	0.0056
ENSG00000196091.15	MYBPC1	protein_coding	4	2	2	0.0456	0.0133	0.0129
ENSG00000196092.14	PAX5	protein_coding	70	43	32	0.6212	0.1819	0.1752
ENSG00000196096.3	SPAG16-DT	lncRNA	2	2	0	0.0983	0.0288	0.0277
ENSG00000196098.2	OR5K4	protein_coding	0	0	1	0.0000	0.0000	0.0000
ENSG00000196099.4	OR6M1	protein_coding	0	0	0	0.0000	0.0000	0.0000
ENSG00000196104.11	SPOCK3	protein_coding	9	5	4	0.1705	0.0499	0.0481
ENSG00000196109.9	ZNF676	protein_coding	2	0	2	0.0359	0.0105	0.0101
ENSG00000196110.8	ZNF699	protein_coding	307	188	175	3.8577	1.1300	1.0881
ENSG00000196114.3	IFITM3P3	processed_pseudogene	10	2	8	2.1283	0.6234	0.6003
ENSG00000196115.13	ADAM5	transcribed_unitary_pseudogene	1	0	1	0.0298	0.0087	0.0084
ENSG00000196116.8	TDRD7	protein_coding	2466	1275	1191	50.1710	14.6959	14.1510
ENSG00000196118.12	CCDC189	protein_coding	0	12	14	0.0000	0.0000	0.0000
ENSG00000196119.8	OR8A1	protein_coding	0	0	0	0.0000	0.0000	0.0000
ENSG00000196123.13	KIAA0895L	protein_coding	182	138	122	3.2313	0.9465	0.9114
ENSG00000196126.11	HLA-DRB1	protein_coding	20876	10528	10397	1442.4729	422.5229	406.8580
ENSG00000196131.6	VN1R2	protein_coding	0	0	0	0.0000	0.0000	0.0000
ENSG00000196132.14	MYT1	protein_coding	6	2	4	0.0742	0.0217	0.0209
ENSG00000196136.18	SERPINA3	protein_coding	2	0	2	0.0340	0.0099	0.0096
ENSG00000196139.14	AKR1C3	protein_coding	61	39	23	1.3245	0.3880	0.3736
ENSG00000196141.14	SPATS2L	protein_coding	4208	3138	3172	34.1859	10.0136	9.6423
ENSG00000196143.4	OR11H13P	unprocessed_pseudogene	0	0	0	0.0000	0.0000	0.0000
ENSG00000196150.14	ZNF250	protein_coding	408	198	210	4.7095	1.3795	1.3283
ENSG00000196151.11	WDSUB1	protein_coding	479	257	222	19.9985	5.8579	5.6407
ENSG00000196152.10	ZNF79	protein_coding	242	115	128	8.9273	2.6150	2.5180
ENSG00000196154.12	S100A4	protein_coding	44243	22309	21942	3971.6018	1163.3444	1120.2136
ENSG00000196155.13	PLEKHG4	protein_coding	1612	841	786	18.6806	5.4719	5.2690
ENSG00000196156.5	KRTAP4-3	protein_coding	0	0	0	0.0000	0.0000	0.0000
ENSG00000196159.14	FAT4	protein_coding	171	89	82	0.6827	0.2000	0.1926
ENSG00000196166.5	C8orf86	lncRNA	0	1	0	0.0000	0.0000	0.0000
ENSG00000196167.10	COLCA1	lncRNA	2	2	0	0.0185	0.0054	0.0052
ENSG00000196169.15	KIF19	protein_coding	35	19	16	0.5270	0.1544	0.1486
ENSG00000196171.3	OR6K2	protein_coding	0	0	0	0.0000	0.0000	0.0000
ENSG00000196172.9	ZNF681	protein_coding	23	14	9	0.3006	0.0881	0.0848
ENSG00000196177.13	ACADSB	protein_coding	2458	1233	1225	33.4832	9.8078	9.4441
ENSG00000196182.11	STK40	protein_coding	3372	1665	1708	50.9704	14.9300	14.3765
ENSG00000196183.5	RPS2P4	processed_pseudogene	11	5	9	1.0913	0.3196	0.3078
ENSG00000196184.10	OR10J1	protein_coding	0	0	0	0.0000	0.0000	0.0000
ENSG00000196187.12	TMEM63A	protein_coding	3754	1898	1910	30.8011	9.0221	8.6876
ENSG00000196188.12	CTSE	protein_coding	5	4	1	0.1192	0.0349	0.0336
ENSG00000196189.13	SEMA4A	protein_coding	527	233	294	6.6095	1.9360	1.8643
ENSG00000196196.3	HRCT1	protein_coding	26	11	15	2.3614	0.6917	0.6661
ENSG00000196199.14	MPHOSPH8	protein_coding	2092	1064	1028	36.1894	10.6004	10.2074
ENSG00000196204.12	RNF216P1	lncRNA	278	143	136	4.2861	1.2555	1.2089
ENSG00000196205.8	EEF1A1P5	processed_pseudogene	1127	356	788	68.9023	20.1826	19.4343
ENSG00000196208.14	GREB1	protein_coding	11975	6059	5916	81.7988	23.9601	23.0718
ENSG00000196209.13	SIRPB2	protein_coding	132	61	71	2.2210	0.6506	0.6265
ENSG00000196214.11	ZNF766	protein_coding	811	398	413	9.4098	2.7563	2.6541
ENSG00000196218.13	RYR1	protein_coding	65	28	38	0.3456	0.1012	0.0975
ENSG00000196220.16	SRGAP3	protein_coding	281	135	152	1.2610	0.3694	0.3557
ENSG00000196224.7	KRTAP5-3	protein_coding	0	0	0	0.0000	0.0000	0.0000
ENSG00000196227.11	FAM217B	protein_coding	1195	700	556	18.8870	5.5323	5.3272
ENSG00000196228.3	SULT1C3	protein_coding	0	0	0	0.0000	0.0000	0.0000
ENSG00000196230.13	TUBB	protein_coding	24091	18416	18194	637.7240	186.7993	179.8738
ENSG00000196233.14	LCOR	protein_coding	1531	789	743	4.3550	1.2756	1.2283
ENSG00000196235.14	SUPT5H	protein_coding	7113	3608	3507	70.4994	20.6504	19.8848
ENSG00000196236.13	XPNPEP3	protein_coding	1704	907	914	15.1143	4.4272	4.2631
ENSG00000196240.4	OR2T2	protein_coding	0	0	0	0.0000	0.0000	0.0000
ENSG00000196242.10	OR2C3	protein_coding	1	0	1	0.0100	0.0029	0.0028
ENSG00000196243.5	LINC00615	lncRNA	0	0	0	0.0000	0.0000	0.0000
ENSG00000196247.11	ZNF107	protein_coding	273	135	138	3.2370	0.9482	0.9130
ENSG00000196248.5	OR10S1	protein_coding	1	1	0	0.0758	0.0222	0.0214
ENSG00000196260.5	SFTA2	protein_coding	0	0	1	0.0000	0.0000	0.0000
ENSG00000196262.15	PPIA	protein_coding	15631	7905	7734	195.7805	57.3472	55.2210
ENSG00000196263.8	ZNF471	protein_coding	27	13	14	0.3384	0.0991	0.0954
ENSG00000196266.5	OR10J3	polymorphic_pseudogene	0	0	0	0.0000	0.0000	0.0000
ENSG00000196267.12	ZNF836	protein_coding	153	63	91	3.0615	0.8967	0.8635
ENSG00000196268.12	ZNF493	protein_coding	42	19	24	0.3179	0.0931	0.0897
ENSG00000196273.8	LINC00523	lncRNA	0	0	0	0.0000	0.0000	0.0000
ENSG00000196274.5	Metazoa_SRP	misc_RNA	2	1	1	0.4952	0.1450	0.1397
ENSG00000196275.14	GTF2IRD2	protein_coding	69	34	37	0.6661	0.1951	0.1879
ENSG00000196277.16	GRM7	protein_coding	0	1	0	0.0000	0.0000	0.0000
ENSG00000196284.17	SUPT3H	protein_coding	136	86	84	2.1978	0.6438	0.6199
ENSG00000196289.7	BECN2	protein_coding	0	0	0	0.0000	0.0000	0.0000
ENSG00000196290.16	NIF3L1	protein_coding	801	388	413	34.1301	9.9972	9.6266
ENSG00000196295.12	GARS1-DT	lncRNA	416	369	352	1.1486	0.3364	0.3240
ENSG00000196296.14	ATP2A1	protein_coding	26	50	47	0.4859	0.1423	0.1371
ENSG00000196301.3	HLA-DRB9	unprocessed_pseudogene	7	4	3	1.7331	0.5076	0.4888
ENSG00000196302.5	GUSBP15	unprocessed_pseudogene	0	0	0	0.0000	0.0000	0.0000
ENSG00000196305.18	IARS1	protein_coding	5936	2954	2982	68.1108	19.9507	19.2110
ENSG00000196312.15	MFSD14C	transcribed_unprocessed_pseudogene	417	195	224	2.9162	0.8542	0.8225
ENSG00000196313.11	POM121	protein_coding	2250	1336	1366	19.4534	5.6982	5.4869
ENSG00000196323.14	ZBTB44	protein_coding	697	357	340	5.3653	1.5716	1.5133
ENSG00000196329.11	GIMAP5	protein_coding	28	15	13	0.3943	0.1155	0.1112
ENSG00000196335.13	STK31	protein_coding	22	14	8	0.3039	0.0890	0.0857
ENSG00000196337.12	CGB7	protein_coding	0	0	0	0.0000	0.0000	0.0000
ENSG00000196338.13	NLGN3	protein_coding	47	28	19	0.9963	0.2918	0.2810
ENSG00000196341.3	OR8D1	protein_coding	0	0	0	0.0000	0.0000	0.0000
ENSG00000196344.11	ADH7	protein_coding	0	0	0	0.0000	0.0000	0.0000
ENSG00000196345.13	ZKSCAN7	protein_coding	78	51	45	1.5741	0.4611	0.4440
ENSG00000196350.9	ZNF729	protein_coding	0	0	0	0.0000	0.0000	0.0000
ENSG00000196352.16	CD55	protein_coding	7423	3789	3635	109.5905	32.1008	30.9106
ENSG00000196353.11	CPNE4	protein_coding	4	1	3	0.0529	0.0155	0.0149
ENSG00000196357.12	ZNF565	protein_coding	85	52	44	1.9316	0.5658	0.5448
ENSG00000196358.11	NTNG2	protein_coding	28	13	15	0.3078	0.0901	0.0868
ENSG00000196361.10	ELAVL3	protein_coding	2	0	3	0.0357	0.0104	0.0101
ENSG00000196363.9	WDR5	protein_coding	1022	496	527	23.9153	7.0052	6.7455
ENSG00000196364.9	PRSS29P	transcribed_unprocessed_pseudogene	0	1	0	0.0000	0.0000	0.0000
ENSG00000196365.12	LONP1	protein_coding	6368	3272	3177	107.4669	31.4787	30.3117
ENSG00000196366.3	C9orf163	lncRNA	0	2	2	0.0000	0.0000	0.0000
ENSG00000196367.14	TRRAP	protein_coding	3237	1953	2123	13.7636	4.0316	3.8821
ENSG00000196368.5	NUDT11	protein_coding	11	7	4	0.3923	0.1149	0.1107
ENSG00000196369.11	SRGAP2B	protein_coding	231	131	101	2.7132	0.7947	0.7653
ENSG00000196371.3	FUT4	protein_coding	186	117	118	2.6069	0.7636	0.7353
ENSG00000196372.13	ASB13	protein_coding	1156	572	584	32.6900	9.5754	9.2204
ENSG00000196376.11	SLC35F1	protein_coding	2030	990	1040	33.6894	9.8681	9.5023
ENSG00000196378.13	ZNF34	protein_coding	246	117	129	6.7172	1.9676	1.8946
ENSG00000196381.11	ZNF781	protein_coding	10	5	5	0.2352	0.0689	0.0663
ENSG00000196383.6	OR4Q2	polymorphic_pseudogene	0	0	0	0.0000	0.0000	0.0000
ENSG00000196387.9	ZNF140	protein_coding	215	168	172	3.3974	0.9952	0.9583
ENSG00000196388.8	INCA1	protein_coding	99	52	65	5.4135	1.5857	1.5269
ENSG00000196390.6	AC116337.1	processed_pseudogene	0	0	0	0.0000	0.0000	0.0000
ENSG00000196391.11	ZNF774	protein_coding	65	37	28	0.6515	0.1908	0.1838
ENSG00000196395.7	AC244505.1	unprocessed_pseudogene	0	0	0	0.0000	0.0000	0.0000
ENSG00000196396.10	PTPN1	protein_coding	4752	2597	2598	99.8619	29.2511	28.1666
ENSG00000196403.4	OR10D1P	unprocessed_pseudogene	0	0	0	0.0000	0.0000	0.0000
ENSG00000196405.13	EVL	protein_coding	1627	962	941	13.1812	3.8610	3.7178
ENSG00000196406.4	SPANXD	protein_coding	0	0	0	0.0000	0.0000	0.0000
ENSG00000196407.12	THEM5	protein_coding	91	36	55	6.6561	1.9497	1.8774
ENSG00000196408.12	NOXO1	protein_coding	0	4	5	0.0000	0.0000	0.0000
ENSG00000196411.10	EPHB4	protein_coding	4287	2211	2164	56.5565	16.5663	15.9521
ENSG00000196415.10	PRTN3	protein_coding	0	0	0	0.0000	0.0000	0.0000
ENSG00000196417.13	ZNF765	protein_coding	223	120	107	1.5339	0.4493	0.4326
ENSG00000196418.12	ZNF124	protein_coding	102	57	45	1.9176	0.5617	0.5409
ENSG00000196419.13	XRCC6	protein_coding	18294	9129	9166	478.8948	140.2758	135.0751
ENSG00000196420.7	S100A5	protein_coding	15	8	7	1.6248	0.4759	0.4583
ENSG00000196421.8	C20orf204	protein_coding	12	5	8	0.1860	0.0545	0.0525
ENSG00000196422.11	PPP1R26	protein_coding	514	271	244	8.2248	2.4092	2.3199
ENSG00000196427.13	NBPF4	protein_coding	5	0	5	0.1642	0.0481	0.0463
ENSG00000196428.12	TSC22D2	protein_coding	1385	724	661	10.0732	2.9506	2.8412
ENSG00000196431.4	CRYBA4	protein_coding	6	3	3	0.6298	0.1845	0.1776
ENSG00000196433.13	ASMT	protein_coding	1	0	1	0.0475	0.0139	0.0134
ENSG00000196433.13_PAR_Y	ASMT	protein_coding	0	0	0	0.0000	0.0000	0.0000
ENSG00000196436.8	NPIPB15	protein_coding	1	0	1	0.0499	0.0146	0.0141
ENSG00000196437.12	ZNF569	protein_coding	39	22	17	0.6603	0.1934	0.1862
ENSG00000196440.11	ARMCX4	protein_coding	1145	571	574	7.2829	2.1333	2.0542
ENSG00000196449.4	YRDC	protein_coding	546	358	400	25.0901	7.3493	7.0768
ENSG00000196453.8	ZNF777	protein_coding	1145	555	590	30.6538	8.9790	8.6461
ENSG00000196455.8	PIK3R4	protein_coding	2226	1114	1112	35.1558	10.2977	9.9159
ENSG00000196456.13	ZNF775	protein_coding	172	85	87	5.7483	1.6838	1.6213
ENSG00000196458.11	ZNF605	protein_coding	230	124	106	1.8041	0.5285	0.5089
ENSG00000196459.14	TRAPPC2	protein_coding	297	150	147	4.1299	1.2097	1.1649
ENSG00000196460.14	RFX8	protein_coding	14	8	6	0.3641	0.1067	0.1027
ENSG00000196465.10	MYL6B	protein_coding	1323	812	828	34.4737	10.0979	9.7235
ENSG00000196466.10	ZNF799	protein_coding	86	34	52	1.4447	0.4232	0.4075
ENSG00000196468.8	FGF16	protein_coding	3	1	3	0.1529	0.0448	0.0431
ENSG00000196470.12	SIAH1	protein_coding	344	626	626	4.3679	1.2794	1.2320
ENSG00000196472.4	AC111000.1	transcribed_unprocessed_pseudogene	0	0	0	0.0000	0.0000	0.0000
ENSG00000196475.6	GK2	protein_coding	0	0	0	0.0000	0.0000	0.0000
ENSG00000196476.12	C20orf96	protein_coding	291	146	145	14.2843	4.1841	4.0290
ENSG00000196482.18	ESRRG	protein_coding	0	0	0	0.0000	0.0000	0.0000
ENSG00000196497.17	IPO4	protein_coding	5	7	7	0.0864	0.0253	0.0244
ENSG00000196498.13	NCOR2	protein_coding	5433	2673	2760	33.0142	9.6704	9.3118
ENSG00000196502.12	SULT1A1	protein_coding	74	44	33	0.6185	0.1812	0.1744
ENSG00000196503.5	ARL9	protein_coding	18	9	9	0.6782	0.1986	0.1913
ENSG00000196504.19	PRPF40A	protein_coding	4810	2383	2434	42.8612	12.5547	12.0893
ENSG00000196505.11	GDAP2	protein_coding	472	259	214	3.8221	1.1196	1.0780
ENSG00000196507.11	TCEAL3	protein_coding	1516	772	748	55.8522	16.3600	15.7535
ENSG00000196510.12	ANAPC7	protein_coding	1104	567	537	15.6020	4.5701	4.4006
ENSG00000196511.14	TPK1	protein_coding	601	322	279	6.0456	1.7709	1.7052
ENSG00000196517.13	SLC6A9	protein_coding	351	208	200	5.6786	1.6634	1.6017
ENSG00000196526.10	AFAP1	protein_coding	342	1075	994	2.8939	0.8477	0.8162
ENSG00000196531.14	NACA	protein_coding	11754	5890	5868	88.5910	25.9497	24.9876
ENSG00000196534.5	OR9K1P	transcribed_unitary_pseudogene	0	1	0	0.0000	0.0000	0.0000
ENSG00000196535.17	MYO18A	protein_coding	4689	2346	2344	26.4843	7.7577	7.4701
ENSG00000196539.3	OR2T3	protein_coding	0	0	0	0.0000	0.0000	0.0000
ENSG00000196542.8	SPTSSB	protein_coding	2	2	0	0.0454	0.0133	0.0128
ENSG00000196544.8	BORCS6	protein_coding	348	327	306	16.0960	4.7148	4.5400
ENSG00000196547.15	MAN2A2	protein_coding	3249	2207	2199	28.2604	8.2779	7.9710
ENSG00000196549.12	MME	protein_coding	180	103	108	1.5837	0.4639	0.4467
ENSG00000196550.10	FAM72A	protein_coding	44	40	40	0.9877	0.2893	0.2786
ENSG00000196553.15	CCDC196	protein_coding	1	0	1	0.0301	0.0088	0.0085
ENSG00000196557.13	CACNA1H	protein_coding	178	96	94	1.7536	0.5137	0.4946
ENSG00000196562.14	SULF2	protein_coding	2460	1491	1466	31.3811	9.1920	8.8512
ENSG00000196564.4	BLOC1S6P1	processed_pseudogene	0	0	0	0.0000	0.0000	0.0000
ENSG00000196565.15	HBG2	protein_coding	0	0	0	0.0000	0.0000	0.0000
ENSG00000196566.2	AL138767.1	lncRNA	1	1	2	0.1141	0.0334	0.0322
ENSG00000196569.13	LAMA2	protein_coding	221	136	149	1.8119	0.5307	0.5111
ENSG00000196570.3	PFN3	protein_coding	0	0	0	0.0000	0.0000	0.0000
ENSG00000196576.15	PLXNB2	protein_coding	30316	15285	15036	353.8274	103.6416	99.7991
ENSG00000196578.4	OR5AC2	protein_coding	0	0	0	0.0000	0.0000	0.0000
ENSG00000196581.11	AJAP1	protein_coding	13	8	5	0.0881	0.0258	0.0249
ENSG00000196584.3	XRCC2	protein_coding	218	107	111	3.8313	1.1222	1.0806
ENSG00000196586.16	MYO6	protein_coding	735	346	389	5.8186	1.7044	1.6412
ENSG00000196588.20	MRTFA	protein_coding	4029	1991	2041	44.6372	13.0749	12.5902
ENSG00000196589.7	MBD3L2B	protein_coding	0	0	0	0.0000	0.0000	0.0000
ENSG00000196591.12	HDAC2	protein_coding	1997	969	1029	11.0602	3.2397	3.1196
ENSG00000196593.9	ANKRD20A19P	transcribed_unprocessed_pseudogene	1	0	1	0.0304	0.0089	0.0086
ENSG00000196597.13	ZNF782	protein_coding	58	30	28	1.0153	0.2974	0.2864
ENSG00000196600.12	SLC22A25	protein_coding	0	0	0	0.0000	0.0000	0.0000
ENSG00000196604.13	POTEF	protein_coding	8	6	3	0.1444	0.0423	0.0407
ENSG00000196605.7	ZNF846	protein_coding	178	90	88	3.8640	1.1318	1.0899
ENSG00000196611.5	MMP1	protein_coding	178	116	108	7.6691	2.2464	2.1631
ENSG00000196616.14	ADH1B	protein_coding	13	4	9	0.1025	0.0300	0.0289
ENSG00000196620.10	UGT2B15	protein_coding	0	0	0	0.0000	0.0000	0.0000
ENSG00000196628.20	TCF4	protein_coding	1127	593	534	3.2814	0.9612	0.9255
ENSG00000196632.10	WNK3	protein_coding	8	5	4	0.0592	0.0173	0.0167
ENSG00000196634.3	LUADT1	lncRNA	0	0	0	0.0000	0.0000	0.0000
ENSG00000196636.8	SDHAF3	protein_coding	855	410	445	60.7590	17.7973	17.1374
ENSG00000196639.7	HRH1	protein_coding	156	74	82	2.3737	0.6953	0.6695
ENSG00000196642.19	RABL6	protein_coding	2348	1125	1225	19.5906	5.7384	5.5256
ENSG00000196646.12	ZNF136	protein_coding	310	166	146	4.7195	1.3824	1.3312
ENSG00000196652.12	ZKSCAN5	protein_coding	1123	580	554	15.7760	4.6210	4.4497
ENSG00000196653.12	ZNF502	protein_coding	24	10	14	0.6227	0.1824	0.1756
ENSG00000196655.12	TRAPPC4	protein_coding	1375	810	783	24.2806	7.1122	6.8485
ENSG00000196656.7	AC004057.1	transcribed_processed_pseudogene	13	2	11	2.2168	0.6493	0.6253
ENSG00000196659.10	TTC30B	protein_coding	267	151	150	5.9683	1.7482	1.6834
ENSG00000196660.11	SLC30A10	protein_coding	46	21	25	0.4423	0.1296	0.1248
ENSG00000196663.16	TECPR2	protein_coding	2847	1441	1468	25.7146	7.5322	7.2529
ENSG00000196664.5	TLR7	protein_coding	148	74	74	2.4165	0.7078	0.6816
ENSG00000196666.6	FAM180B	protein_coding	70	29	41	4.2369	1.2411	1.1951
ENSG00000196668.4	LINC00173	lncRNA	18	8	10	0.5863	0.1717	0.1654
ENSG00000196670.14	ZFP62	protein_coding	698	350	348	14.1231	4.1369	3.9835
ENSG00000196678.14	ERI2	protein_coding	415	322	327	5.2125	1.5268	1.4702
ENSG00000196683.11	TOMM7	protein_coding	7329	3821	3508	355.4437	104.1150	100.2550
ENSG00000196684.12	HSH2D	protein_coding	163	74	89	4.0736	1.1932	1.1490
ENSG00000196689.12	TRPV1	protein_coding	71	44	27	1.0925	0.3200	0.3081
ENSG00000196693.15	ZNF33B	protein_coding	154	85	81	1.5739	0.4610	0.4439
ENSG00000196696.13	PDXDC2P-NPIPB14P	lncRNA	25	17	8	0.3412	0.0999	0.0962
ENSG00000196700.9	ZNF512B	protein_coding	1431	733	734	20.3145	5.9504	5.7298
ENSG00000196704.13	AMZ2	protein_coding	3682	1831	1851	68.4345	20.0455	19.3023
ENSG00000196705.8	ZNF431	protein_coding	278	150	128	1.6705	0.4893	0.4712
ENSG00000196711.9	ALKAL1	protein_coding	0	0	0	0.0000	0.0000	0.0000
ENSG00000196712.18	NF1	protein_coding	5185	3062	3080	16.2297	4.7539	4.5777
ENSG00000196715.7	VKORC1L1	protein_coding	3012	1506	1506	41.9863	12.2984	11.8425
ENSG00000196724.13	ZNF418	protein_coding	23	11	12	0.4329	0.1268	0.1221
ENSG00000196730.13	DAPK1	protein_coding	1382	671	711	13.1747	3.8591	3.7160
ENSG00000196734.9	LCE1B	protein_coding	6	4	2	0.4477	0.1311	0.1263
ENSG00000196735.13	HLA-DQA1	protein_coding	8086	4038	4055	99.7627	29.2221	28.1387
ENSG00000196739.15	COL27A1	protein_coding	489	254	238	2.9638	0.8681	0.8360
ENSG00000196741.5	LINC01560	lncRNA	46	20	26	3.1176	0.9132	0.8793
ENSG00000196743.9	GM2A	protein_coding	9839	4950	4890	199.6016	58.4664	56.2988
ENSG00000196747.4	H2AC13	protein_coding	5	2	3	0.8441	0.2473	0.2381
ENSG00000196748.10	CLPSL2	protein_coding	0	0	0	0.0000	0.0000	0.0000
ENSG00000196754.13	S100A2	protein_coding	46	24	23	2.5267	0.7401	0.7127
ENSG00000196756.13	SNHG17	lncRNA	736	380	356	5.2860	1.5483	1.4909
ENSG00000196757.8	ZNF700	protein_coding	392	189	203	10.0298	2.9379	2.8290
ENSG00000196758.3	AC079612.1	lncRNA	0	0	0	0.0000	0.0000	0.0000
ENSG00000196767.9	POU3F4	protein_coding	3	2	1	0.0664	0.0194	0.0187
ENSG00000196772.4	OR14A16	protein_coding	0	0	0	0.0000	0.0000	0.0000
ENSG00000196776.17	CD47	protein_coding	5166	2600	2566	53.2790	15.6062	15.0276
ENSG00000196778.3	OR52K1	protein_coding	1	1	0	0.0156	0.0046	0.0044
ENSG00000196781.16	TLE1	protein_coding	2343	1125	1218	37.8483	11.0864	10.6753
ENSG00000196782.12	MAML3	protein_coding	487	252	259	5.8979	1.7276	1.6635
ENSG00000196787.3	H2AC11	protein_coding	25	11	14	0.9436	0.2764	0.2661
ENSG00000196792.12	STRN3	protein_coding	2312	1252	1268	39.5440	11.5831	11.1536
ENSG00000196793.14	ZNF239	protein_coding	5	4	1	0.1692	0.0496	0.0477
ENSG00000196796.5	NPIPB10P	unprocessed_pseudogene	1	1	0	0.0627	0.0184	0.0177
ENSG00000196800.6	SPINK14	protein_coding	0	0	0	0.0000	0.0000	0.0000
ENSG00000196805.7	SPRR2B	protein_coding	0	0	0	0.0000	0.0000	0.0000
ENSG00000196810.5	CTBP1-DT	lncRNA	551	302	286	5.9835	1.7527	1.6877
ENSG00000196811.13	CHRNG	protein_coding	0	3	1	0.0000	0.0000	0.0000
ENSG00000196812.5	ZSCAN16	protein_coding	56	46	36	3.7182	1.0891	1.0487
ENSG00000196814.15	MVB12B	protein_coding	423	214	209	4.5447	1.3312	1.2819
ENSG00000196821.10	ILRUN	protein_coding	3560	1857	1850	66.4287	19.4580	18.7366
ENSG00000196826.7	AC008758.1	protein_coding	0	0	0	0.0000	0.0000	0.0000
ENSG00000196832.4	OR11G2	protein_coding	0	0	0	0.0000	0.0000	0.0000
ENSG00000196834.13	POTEI	protein_coding	1	2	1	0.0124	0.0036	0.0035
ENSG00000196839.13	ADA	protein_coding	422	235	244	12.7577	3.7369	3.5984
ENSG00000196843.17	ARID5A	protein_coding	1141	583	558	27.2098	7.9702	7.6747
ENSG00000196844.9	PATE2	protein_coding	3	1	2	0.1529	0.0448	0.0431
ENSG00000196850.6	PPTC7	protein_coding	1086	608	622	16.2223	4.7518	4.5756
ENSG00000196859.8	KRT39	protein_coding	0	0	0	0.0000	0.0000	0.0000
ENSG00000196860.8	TOMM20L	protein_coding	3	22	28	0.4183	0.1225	0.1180
ENSG00000196862.10	RGPD4	protein_coding	45	21	24	0.5299	0.1552	0.1495
ENSG00000196865.4	NHLRC2	protein_coding	1874	922	952	14.1799	4.1535	3.9995
ENSG00000196866.3	H2AC7	protein_coding	0	0	0	0.0000	0.0000	0.0000
ENSG00000196867.8	ZFP28	protein_coding	31	14	17	0.3776	0.1106	0.1065
ENSG00000196872.12	CRACDL	protein_coding	47	26	21	0.8483	0.2485	0.2393
ENSG00000196873.16	CBWD3	protein_coding	9	5	4	0.0639	0.0187	0.0180
ENSG00000196876.18	SCN8A	protein_coding	8	4	5	0.0421	0.0123	0.0119
ENSG00000196878.15	LAMB3	protein_coding	15186	7630	7557	277.5128	81.2878	78.2741
ENSG00000196890.4	H2BU1	protein_coding	33	20	13	1.1854	0.3472	0.3344
ENSG00000196893.3	AC090286.1	lncRNA	0	1	0	0.0000	0.0000	0.0000
ENSG00000196900.5	TEX43	protein_coding	0	0	0	0.0000	0.0000	0.0000
ENSG00000196911.11	KPNA5	protein_coding	248	121	127	1.8445	0.5403	0.5202
ENSG00000196912.12	ANKRD36B	protein_coding	65	34	31	0.8152	0.2388	0.2299
ENSG00000196914.9	ARHGEF12	protein_coding	4483	2272	2211	15.2854	4.4773	4.3113
ENSG00000196917.6	HCAR1	protein_coding	4	2	2	0.0712	0.0209	0.0201
ENSG00000196922.10	ZNF252P	transcribed_unprocessed_pseudogene	2102	1189	1093	19.5128	5.7156	5.5037
ENSG00000196923.14	PDLIM7	protein_coding	1848	955	893	35.6099	10.4307	10.0440
ENSG00000196924.19	FLNA	protein_coding	71501	35880	35632	559.1065	163.7711	157.6993
ENSG00000196932.12	TMEM26	protein_coding	34	23	14	0.4222	0.1237	0.1191
ENSG00000196933.5	RPS26P11	processed_pseudogene	8	4	4	1.9522	0.5718	0.5506
ENSG00000196935.9	SRGAP1	protein_coding	2160	1381	1307	6.9931	2.0484	1.9724
ENSG00000196937.11	FAM3C	protein_coding	2621	1316	1305	65.5601	19.2036	18.4916
ENSG00000196943.14	NOP9	protein_coding	1161	1426	1375	16.3098	4.7774	4.6003
ENSG00000196944.4	OR2T4	protein_coding	0	0	0	0.0000	0.0000	0.0000
ENSG00000196946.10	ZNF705A	protein_coding	1	0	1	0.0234	0.0069	0.0066
ENSG00000196950.14	SLC39A10	protein_coding	1150	561	589	14.1186	4.1356	3.9822
ENSG00000196951.11	SCOC-AS1	lncRNA	40	22	18	0.3971	0.1163	0.1120
ENSG00000196954.14	CASP4	protein_coding	1623	795	828	20.6791	6.0572	5.8326
ENSG00000196961.13	AP2A1	protein_coding	7480	4050	3999	72.8948	21.3520	20.5604
ENSG00000196967.11	ZNF585A	protein_coding	309	165	144	2.4392	0.7145	0.6880
ENSG00000196968.11	FUT11	protein_coding	1121	583	567	19.3291	5.6618	5.4519
ENSG00000196970.8	NXF4	transcribed_unprocessed_pseudogene	0	0	0	0.0000	0.0000	0.0000
ENSG00000196972.9	SMIM10L2B	protein_coding	11	6	5	0.3316	0.0971	0.0935
ENSG00000196975.16	ANXA4	protein_coding	6547	3380	3167	50.2689	14.7246	14.1786
ENSG00000196976.7	LAGE3	protein_coding	896	423	480	80.1778	23.4853	22.6146
ENSG00000196979.1	GPRACR	lncRNA	1	0	1	0.0261	0.0076	0.0074
ENSG00000196981.4	WDR5B	protein_coding	472	306	264	9.5050	2.7842	2.6809
ENSG00000196990.9	FAM163B	protein_coding	1	3	0	0.0283	0.0083	0.0080
ENSG00000196993.8	NPIPB9	protein_coding	1	0	1	0.0400	0.0117	0.0113
ENSG00000196998.19	WDR45	protein_coding	677	361	317	12.2556	3.5899	3.4568
ENSG00000197006.14	METTL9	protein_coding	6865	3440	3480	83.8457	24.5597	23.6492
ENSG00000197008.10	ZNF138	protein_coding	114	52	62	3.3968	0.9950	0.9581
ENSG00000197013.10	ZNF429	protein_coding	189	96	93	2.1199	0.6210	0.5979
ENSG00000197016.12	ZNF470	protein_coding	56	26	30	0.4918	0.1441	0.1387
ENSG00000197019.5	SERTAD1	protein_coding	968	468	500	39.4448	11.5540	11.1256
ENSG00000197020.11	ZNF100	protein_coding	99	55	44	1.2820	0.3755	0.3616
ENSG00000197021.9	EOLA2	protein_coding	610	331	330	21.6019	6.3275	6.0930
ENSG00000197023.6	OR51A6P	unprocessed_pseudogene	0	0	0	0.0000	0.0000	0.0000
ENSG00000197024.9	ZNF398	protein_coding	762	390	372	10.2648	3.0067	2.8953
ENSG00000197037.11	ZSCAN25	protein_coding	672	333	352	8.0432	2.3560	2.2686
ENSG00000197038.6	RBMY1A3P	unprocessed_pseudogene	0	0	0	0.0000	0.0000	0.0000
ENSG00000197043.14	ANXA6	protein_coding	10650	5413	5237	165.0973	48.3596	46.5666
ENSG00000197044.11	ZNF441	protein_coding	731	378	353	13.0743	3.8297	3.6877
ENSG00000197045.13	GMFB	protein_coding	3662	1794	1868	39.8895	11.6843	11.2511
ENSG00000197046.12	SIGLEC15	protein_coding	61	34	27	1.5019	0.4399	0.4236
ENSG00000197050.11	ZNF420	protein_coding	143	80	101	2.9786	0.8725	0.8401
ENSG00000197054.12	ZNF763	protein_coding	27	12	15	0.7442	0.2180	0.2099
ENSG00000197056.11	ZMYM1	protein_coding	527	268	259	8.5981	2.5185	2.4251
ENSG00000197057.10	DTHD1	protein_coding	39	18	22	0.4488	0.1315	0.1266
ENSG00000197061.5	H4C3	protein_coding	3	0	3	0.6290	0.1843	0.1774
ENSG00000197062.11	ZSCAN26	protein_coding	257	133	124	7.4410	2.1796	2.0988
ENSG00000197063.11	MAFG	protein_coding	2126	1082	1128	34.4478	10.0903	9.7162
ENSG00000197067.6	OR2T32P	transcribed_unprocessed_pseudogene	0	0	0	0.0000	0.0000	0.0000
ENSG00000197070.14	ARRDC1	protein_coding	471	241	239	10.5534	3.0913	2.9767
ENSG00000197077.13	KIAA1671	protein_coding	2518	1316	1281	13.0075	3.8101	3.6688
ENSG00000197079.8	KRT35	protein_coding	0	0	0	0.0000	0.0000	0.0000
ENSG00000197081.16	IGF2R	protein_coding	15430	7744	7687	57.9455	16.9732	16.3439
ENSG00000197083.11	ZNF300P1	transcribed_unprocessed_pseudogene	7	4	3	0.1901	0.0557	0.0536
ENSG00000197084.5	LCE1C	protein_coding	15	10	5	1.8408	0.5392	0.5192
ENSG00000197085.11	NPSR1-AS1	lncRNA	0	0	0	0.0000	0.0000	0.0000
ENSG00000197092.5	GOLGA6L16P	unprocessed_pseudogene	0	0	0	0.0000	0.0000	0.0000
ENSG00000197093.11	GAL3ST4	protein_coding	2392	1141	1251	62.2334	18.2291	17.5533
ENSG00000197099.8	AC068631.1	lncRNA	9	19	19	0.0689	0.0202	0.0194
ENSG00000197102.12	DYNC1H1	protein_coding	51937	30772	30918	119.8867	35.1167	33.8148
ENSG00000197106.7	SLC6A17	protein_coding	2300	1204	1262	29.4329	8.6214	8.3017
ENSG00000197110.9	IFNL3	protein_coding	0	0	0	0.0000	0.0000	0.0000
ENSG00000197111.16	PCBP2	protein_coding	4530	3258	3334	48.5352	14.2167	13.6896
ENSG00000197114.12	ZGPAT	protein_coding	124	66	59	3.1613	0.9260	0.8917
ENSG00000197119.13	SLC25A29	protein_coding	676	439	431	7.7097	2.2583	2.1746
ENSG00000197121.15	PGAP1	protein_coding	1774	875	899	11.8054	3.4580	3.3298
ENSG00000197122.12	SRC	protein_coding	2912	1433	1482	38.1500	11.1747	10.7604
ENSG00000197123.9	ZNF679	protein_coding	0	0	0	0.0000	0.0000	0.0000
ENSG00000197124.12	ZNF682	protein_coding	14	8	6	0.2394	0.0701	0.0675
ENSG00000197125.3	OR8B8	protein_coding	0	0	0	0.0000	0.0000	0.0000
ENSG00000197128.12	ZNF772	protein_coding	155	69	86	2.1592	0.6325	0.6090
ENSG00000197134.13	ZNF257	protein_coding	3	0	3	0.0493	0.0144	0.0139
ENSG00000197136.4	PCNX3	protein_coding	3392	1692	1700	36.1327	10.5838	10.1914
ENSG00000197140.15	ADAM32	protein_coding	67	39	28	0.5661	0.1658	0.1597
ENSG00000197142.10	ACSL5	protein_coding	325	217	199	6.5154	1.9085	1.8377
ENSG00000197147.15	LRRC8B	protein_coding	1184	726	694	12.1623	3.5625	3.4305
ENSG00000197149.5	AC107956.1	processed_pseudogene	211	106	106	20.5249	6.0121	5.7892
ENSG00000197150.13	ABCB8	protein_coding	3376	1697	1688	30.7082	8.9949	8.6614
ENSG00000197153.5	H3C12	protein_coding	1	0	1	0.0990	0.0290	0.0279
ENSG00000197157.11	SND1	protein_coding	25215	12739	12477	330.1371	96.7023	93.1171
ENSG00000197161.7	OR4C4P	unprocessed_pseudogene	0	0	0	0.0000	0.0000	0.0000
ENSG00000197162.10	ZNF785	protein_coding	209	149	202	3.5855	1.0503	1.0113
ENSG00000197165.11	SULT1A2	protein_coding	0	0	0	0.0000	0.0000	0.0000
ENSG00000197168.13	NEK5	protein_coding	50	25	29	0.6018	0.1763	0.1698
ENSG00000197170.10	PSMD12	protein_coding	2698	1375	1323	42.8894	12.5630	12.0972
ENSG00000197171.6	AL672167.1	transcribed_unprocessed_pseudogene	0	0	0	0.0000	0.0000	0.0000
ENSG00000197172.10	MAGEA6	protein_coding	33	16	17	1.5042	0.4406	0.4243
ENSG00000197176.7	LINC02291	lncRNA	0	0	0	0.0000	0.0000	0.0000
ENSG00000197177.15	ADGRA1	protein_coding	1	0	1	0.0131	0.0038	0.0037
ENSG00000197180.2	CH17-340M24.3	lncRNA	335	174	162	47.5725	13.9347	13.4181
ENSG00000197181.12	PIWIL2	protein_coding	14	9	5	0.2072	0.0607	0.0585
ENSG00000197182.14	MIRLET7BHG	lncRNA	87	42	45	1.2898	0.3778	0.3638
ENSG00000197183.14	NOL4L	protein_coding	1232	655	679	11.0735	3.2436	3.1233
ENSG00000197185.7	SSXP1	unprocessed_pseudogene	0	0	0	0.0000	0.0000	0.0000
ENSG00000197191.6	CYSRT1	protein_coding	15	8	7	0.9791	0.2868	0.2762
ENSG00000197208.6	SLC22A4	protein_coding	155	112	96	4.8374	1.4170	1.3644
ENSG00000197210.7	AP000550.1	lncRNA	0	1	1	0.0000	0.0000	0.0000
ENSG00000197213.10	ZSCAN5B	protein_coding	0	0	0	0.0000	0.0000	0.0000
ENSG00000197214.5	TCEA1P1	processed_pseudogene	0	0	0	0.0000	0.0000	0.0000
ENSG00000197217.13	ENTPD4	protein_coding	4821	2418	2403	58.0382	17.0003	16.3700
ENSG00000197223.12	C1D	protein_coding	407	203	204	9.6950	2.8398	2.7345
ENSG00000197226.13	TBC1D9B	protein_coding	7964	3940	4027	58.7531	17.2097	16.5716
ENSG00000197233.7	OR1J2	protein_coding	5	2	3	0.4507	0.1320	0.1271
ENSG00000197238.5	H4C11	protein_coding	9	5	4	1.9647	0.5755	0.5542
ENSG00000197241.3	SLC2A7	protein_coding	0	0	0	0.0000	0.0000	0.0000
ENSG00000197245.6	FAM110D	protein_coding	112	54	58	3.3980	0.9953	0.9584
ENSG00000197249.14	SERPINA1	protein_coding	930	509	421	16.1110	4.7192	4.5442
ENSG00000197251.3	LINC00336	lncRNA	0	1	0	0.0000	0.0000	0.0000
ENSG00000197253.13	TPSB2	protein_coding	58	34	29	2.8339	0.8301	0.7993
ENSG00000197254.4	AP000445.1	processed_pseudogene	43	23	20	4.9279	1.4435	1.3899
ENSG00000197256.11	KANK2	protein_coding	6735	3409	3327	74.9102	21.9424	21.1289
ENSG00000197258.5	EIF4BP6	processed_pseudogene	148	75	73	6.8754	2.0139	1.9392
ENSG00000197261.11	C6orf141	protein_coding	1	1	0	0.0289	0.0085	0.0081
ENSG00000197265.9	GTF2E2	protein_coding	1883	980	903	61.9788	18.1546	17.4815
ENSG00000197272.2	IL27	protein_coding	3	1	2	0.2006	0.0588	0.0566
ENSG00000197273.4	GUCA2A	protein_coding	0	0	0	0.0000	0.0000	0.0000
ENSG00000197275.14	RAD54B	protein_coding	84	39	45	1.3411	0.3928	0.3783
ENSG00000197279.4	ZNF165	protein_coding	10	8	11	0.3378	0.0989	0.0953
ENSG00000197283.17	SYNGAP1	protein_coding	387	222	224	3.9705	1.1630	1.1199
ENSG00000197291.9	RAMP2-AS1	lncRNA	5	5	4	0.1019	0.0298	0.0287
ENSG00000197296.6	FITM2	protein_coding	1009	527	483	18.5144	5.4232	5.2221
ENSG00000197299.12	BLM	protein_coding	433	241	250	5.5244	1.6182	1.5582
ENSG00000197301.7	HMGA2-AS1	lncRNA	3	2	3	0.0422	0.0124	0.0119
ENSG00000197302.10	ZNF720	protein_coding	535	259	276	4.6284	1.3557	1.3055
ENSG00000197308.9	GATA3-AS1	lncRNA	0	1	1	0.0000	0.0000	0.0000
ENSG00000197309.3	OR10D3	protein_coding	0	0	0	0.0000	0.0000	0.0000
ENSG00000197312.12	DDI2	protein_coding	1636	818	818	11.4083	3.3417	3.2178
ENSG00000197320.5	AC060834.1	processed_pseudogene	0	0	0	0.0000	0.0000	0.0000
ENSG00000197321.15	SVIL	protein_coding	3056	1864	1827	20.7017	6.0639	5.8390
ENSG00000197322.4	C17orf102	lncRNA	0	0	0	0.0000	0.0000	0.0000
ENSG00000197323.12	TRIM33	protein_coding	1189	599	591	10.5134	3.0795	2.9654
ENSG00000197324.9	LRP10	protein_coding	11491	5682	5810	137.0920	40.1564	38.6676
ENSG00000197329.12	PELI1	protein_coding	3059	1517	1543	63.4983	18.5997	17.9101
ENSG00000197332.9	AC008543.1	lncRNA	2	0	2	0.0486	0.0142	0.0137
ENSG00000197334.2	Metazoa_SRP	misc_RNA	0	0	0	0.0000	0.0000	0.0000
ENSG00000197343.11	ZNF655	protein_coding	1399	708	698	14.1416	4.1423	3.9887
ENSG00000197345.13	MRPL21	protein_coding	853	434	419	25.6415	7.5108	7.2323
ENSG00000197353.4	LYPD2	protein_coding	0	0	0	0.0000	0.0000	0.0000
ENSG00000197355.11	UAP1L1	protein_coding	1219	603	616	19.6541	5.7570	5.5435
ENSG00000197358.9	BNIP3P1	transcribed_processed_pseudogene	2	1	1	0.1072	0.0314	0.0302
ENSG00000197360.9	ZNF98	protein_coding	1	1	0	0.0258	0.0076	0.0073
ENSG00000197361.8	FBXL22	protein_coding	18	18	20	0.4230	0.1239	0.1193
ENSG00000197362.15	ZNF786	protein_coding	288	140	148	7.4724	2.1888	2.1076
ENSG00000197363.9	ZNF517	protein_coding	189	103	87	3.0237	0.8857	0.8529
ENSG00000197364.7	S100A7L2	protein_coding	0	0	0	0.0000	0.0000	0.0000
ENSG00000197372.10	ZNF675	protein_coding	156	74	82	1.9525	0.5719	0.5507
ENSG00000197375.13	SLC22A5	protein_coding	1115	570	570	7.3806	2.1619	2.0818
ENSG00000197376.3	AC089987.1	transcribed_processed_pseudogene	0	0	0	0.0000	0.0000	0.0000
ENSG00000197380.11	DACT3	protein_coding	454	231	223	7.0534	2.0661	1.9895
ENSG00000197381.16	ADARB1	protein_coding	2846	1420	1443	24.0505	7.0448	6.7836
ENSG00000197385.6	ZNF860	protein_coding	15	8	7	0.3770	0.1104	0.1063
ENSG00000197386.12	HTT	protein_coding	7397	3724	3674	31.7315	9.2947	8.9501
ENSG00000197403.4	OR6N1	protein_coding	0	0	0	0.0000	0.0000	0.0000
ENSG00000197405.8	C5AR1	protein_coding	244	120	124	6.9908	2.0477	1.9718
ENSG00000197406.7	DIO3	protein_coding	6	6	0	0.2424	0.0710	0.0684
ENSG00000197408.10	CYP2B6	protein_coding	4	2	2	0.0910	0.0267	0.0257
ENSG00000197409.8	H3C4	protein_coding	0	0	0	0.0000	0.0000	0.0000
ENSG00000197410.14	DCHS2	protein_coding	2	1	2	0.0102	0.0030	0.0029
ENSG00000197415.12	VEPH1	protein_coding	351	203	209	4.5556	1.3344	1.2849
ENSG00000197416.4	FABP12	protein_coding	0	0	0	0.0000	0.0000	0.0000
ENSG00000197417.9	SHPK	protein_coding	162	79	83	3.6318	1.0638	1.0244
ENSG00000197421.10	GGT3P	transcribed_unprocessed_pseudogene	0	0	0	0.0000	0.0000	0.0000
ENSG00000197428.3	OR51D1	protein_coding	0	0	1	0.0000	0.0000	0.0000
ENSG00000197429.11	IPP	protein_coding	2471	1277	1312	56.5907	16.5763	15.9617
ENSG00000197430.11	OPALIN	protein_coding	0	0	0	0.0000	0.0000	0.0000
ENSG00000197437.4	OR13G1	protein_coding	0	0	0	0.0000	0.0000	0.0000
ENSG00000197442.10	MAP3K5	protein_coding	516	256	260	8.3259	2.4388	2.3484
ENSG00000197444.10	OGDHL	protein_coding	494	251	243	7.3264	2.1460	2.0664
ENSG00000197446.9	CYP2F1	protein_coding	0	0	1	0.0000	0.0000	0.0000
ENSG00000197448.14	GSTK1	protein_coding	7492	3768	3725	150.9786	44.2240	42.5844
ENSG00000197451.12	HNRNPAB	protein_coding	5881	3483	3431	235.7966	69.0685	66.5078
ENSG00000197454.2	OR2L5	protein_coding	0	0	0	0.0000	0.0000	0.0000
ENSG00000197457.10	STMN3	protein_coding	1208	601	608	33.8672	9.9202	9.5525
ENSG00000197461.13	PDGFA	protein_coding	925	463	462	18.9235	5.5430	5.3375
ENSG00000197462.3	AC003975.1	lncRNA	0	0	0	0.0000	0.0000	0.0000
ENSG00000197465.14	GYPE	protein_coding	4	0	4	0.1692	0.0496	0.0477
ENSG00000197467.16	COL13A1	protein_coding	53	28	25	0.4560	0.1336	0.1286
ENSG00000197468.5	AC073648.1	unprocessed_pseudogene	0	0	0	0.0000	0.0000	0.0000
ENSG00000197471.12	SPN	protein_coding	701	338	365	8.0641	2.3621	2.2745
ENSG00000197472.15	ZNF695	protein_coding	20	10	11	0.4522	0.1325	0.1275
ENSG00000197475.11	ADAM3A	transcribed_unitary_pseudogene	0	0	0	0.0000	0.0000	0.0000
ENSG00000197476.3	AC034105.1	processed_pseudogene	7	3	4	1.8635	0.5458	0.5256
ENSG00000197479.7	PCDHB11	protein_coding	77	43	37	1.5681	0.4593	0.4423
ENSG00000197483.10	ZNF628	protein_coding	346	187	162	8.2396	2.4135	2.3240
ENSG00000197487.9	GALP	protein_coding	0	0	0	0.0000	0.0000	0.0000
ENSG00000197496.6	SLC2A10	protein_coding	935	449	488	16.4119	4.8073	4.6291
ENSG00000197497.11	ZNF665	protein_coding	12	6	7	0.1341	0.0393	0.0378
ENSG00000197498.13	RPF2	protein_coding	1261	606	655	27.3036	7.9976	7.7011
ENSG00000197503.4	LINC00477	lncRNA	0	0	0	0.0000	0.0000	0.0000
ENSG00000197506.8	SLC28A3	protein_coding	7	5	2	0.1157	0.0339	0.0326
ENSG00000197520.10	FAM177B	protein_coding	6	4	3	0.1957	0.0573	0.0552
ENSG00000197530.12	MIB2	protein_coding	718	352	374	6.9548	2.0372	1.9616
ENSG00000197532.2	OR6Y1	protein_coding	0	0	0	0.0000	0.0000	0.0000
ENSG00000197535.15	MYO5A	protein_coding	26755	13502	13254	175.1636	51.3082	49.4059
ENSG00000197536.11	IRF1-AS1	lncRNA	128	393	384	1.1174	0.3273	0.3152
ENSG00000197540.8	GZMM	protein_coding	107	51	56	9.6153	2.8165	2.7121
ENSG00000197548.12	ATG7	protein_coding	843	972	1025	8.1046	2.3740	2.2860
ENSG00000197549.9	PRAMENP	transcribed_unprocessed_pseudogene	1	1	0	0.0279	0.0082	0.0079
ENSG00000197550.3	AL359955.1	unprocessed_pseudogene	0	0	0	0.0000	0.0000	0.0000
ENSG00000197555.9	SIPA1L1	protein_coding	1964	1350	1370	13.4373	3.9360	3.7901
ENSG00000197557.7	TTC30A	protein_coding	463	278	277	6.8451	2.0050	1.9307
ENSG00000197558.13	SSPOP	transcribed_unitary_pseudogene	4	1	4	0.0161	0.0047	0.0045
ENSG00000197561.7	ELANE	protein_coding	1	1	0	0.0826	0.0242	0.0233
ENSG00000197562.10	RAB40C	protein_coding	655	322	334	13.3005	3.8959	3.7515
ENSG00000197563.11	PIGN	protein_coding	551	278	273	2.4623	0.7212	0.6945
ENSG00000197565.16	COL4A6	protein_coding	1	1	0	0.0091	0.0027	0.0026
ENSG00000197566.10	ZNF624	protein_coding	300	164	136	5.0022	1.4652	1.4109
ENSG00000197568.14	HHLA3	lncRNA	441	215	227	30.6464	8.9768	8.6440
ENSG00000197575.6	RPS17P2	processed_pseudogene	4	3	1	0.8326	0.2439	0.2348
ENSG00000197576.14	HOXA4	protein_coding	13	22	19	0.6389	0.1871	0.1802
ENSG00000197579.8	TOPORS	protein_coding	898	468	465	18.4601	5.4072	5.2068
ENSG00000197580.13	BCO2	protein_coding	104	46	58	1.3059	0.3825	0.3683
ENSG00000197582.5	GPX1P1	processed_pseudogene	33	18	15	4.6244	1.3546	1.3043
ENSG00000197584.12	KCNMB2	protein_coding	0	0	0	0.0000	0.0000	0.0000
ENSG00000197585.10	AC068051.1	lncRNA	2	2	0	0.1320	0.0387	0.0372
ENSG00000197586.13	ENTPD6	protein_coding	5968	3608	3583	75.9486	22.2465	21.4218
ENSG00000197587.11	DMBX1	protein_coding	3	2	1	0.0503	0.0147	0.0142
ENSG00000197588.9	KLKP1	transcribed_unprocessed_pseudogene	0	0	0	0.0000	0.0000	0.0000
ENSG00000197591.3	OR11L1	protein_coding	0	0	0	0.0000	0.0000	0.0000
ENSG00000197594.13	ENPP1	protein_coding	1286	648	638	10.9657	3.2120	3.0929
ENSG00000197595.4	ATP11AUN	lncRNA	0	0	0	0.0000	0.0000	0.0000
ENSG00000197599.12	CCDC154	protein_coding	14	9	10	0.4361	0.1277	0.1230
ENSG00000197601.13	FAR1	protein_coding	1807	876	931	20.4520	5.9907	5.7686
ENSG00000197603.15	CPLANE1	protein_coding	1445	736	710	5.7470	1.6834	1.6210
ENSG00000197608.11	ZNF841	protein_coding	361	170	191	7.1510	2.0946	2.0170
ENSG00000197614.11	MFAP5	protein_coding	688	350	338	15.0232	4.4005	4.2374
ENSG00000197616.13	MYH6	protein_coding	5	2	3	0.0583	0.0171	0.0164
ENSG00000197617.9	VN1R5	polymorphic_pseudogene	0	0	0	0.0000	0.0000	0.0000
ENSG00000197619.14	ZNF615	protein_coding	311	134	177	5.3920	1.5794	1.5209
ENSG00000197620.11	EOLA1	protein_coding	394	210	224	6.5272	1.9119	1.8410
ENSG00000197622.13	CDC42SE1	protein_coding	5072	3378	3252	102.9437	30.1538	29.0359
ENSG00000197627.3	UBE2Q2P12	unprocessed_pseudogene	0	0	0	0.0000	0.0000	0.0000
ENSG00000197629.6	MPEG1	protein_coding	1389	693	751	26.6986	7.8204	7.5305
ENSG00000197632.9	SERPINB2	protein_coding	3	1	2	0.0929	0.0272	0.0262
ENSG00000197635.11	DPP4	protein_coding	252	115	141	1.4828	0.4343	0.4182
ENSG00000197641.12	SERPINB13	protein_coding	0	0	0	0.0000	0.0000	0.0000
ENSG00000197644.2	AC106870.1	lncRNA	0	0	0	0.0000	0.0000	0.0000
ENSG00000197646.8	PDCD1LG2	protein_coding	196	88	108	6.8439	2.0047	1.9304
ENSG00000197647.11	ZNF433	protein_coding	69	39	39	1.9031	0.5574	0.5368
ENSG00000197651.4	CCER1	protein_coding	0	0	0	0.0000	0.0000	0.0000
ENSG00000197653.16	DNAH10	protein_coding	12	19	17	0.0628	0.0184	0.0177
ENSG00000197658.9	SLC22A24	protein_coding	0	0	0	0.0000	0.0000	0.0000
ENSG00000197665.7	AC007952.1	lncRNA	0	0	1	0.0000	0.0000	0.0000
ENSG00000197670.6	AL157838.1	lncRNA	21	101	99	0.7128	0.2088	0.2010
ENSG00000197674.7	OR51C1P	protein_coding	0	0	0	0.0000	0.0000	0.0000
ENSG00000197683.5	KRTAP26-1	protein_coding	0	0	0	0.0000	0.0000	0.0000
ENSG00000197692.5	CBX3P7	processed_pseudogene	84	41	43	14.2098	4.1623	4.0080
ENSG00000197694.18	SPTAN1	protein_coding	21732	11298	11420	113.1856	33.1538	31.9247
ENSG00000197696.10	NMB	protein_coding	290	153	137	24.0968	7.0583	6.7966
ENSG00000197702.14	PARVA	protein_coding	4296	2165	2131	29.2533	8.5688	8.2511
ENSG00000197705.10	KLHL14	protein_coding	11	9	4	0.1887	0.0553	0.0532
ENSG00000197706.3	OR6C74	protein_coding	0	0	0	0.0000	0.0000	0.0000
ENSG00000197712.12	FAM114A1	protein_coding	8278	4229	4049	144.3177	42.2729	40.7057
ENSG00000197713.15	RPE	protein_coding	2115	1244	1228	50.9812	14.9332	14.3795
ENSG00000197714.9	ZNF460	protein_coding	84	50	58	1.7811	0.5217	0.5024
ENSG00000197721.17	CR1L	protein_coding	10	7	3	0.3068	0.0899	0.0865
ENSG00000197724.11	PHF2	protein_coding	1359	670	689	21.4034	6.2694	6.0369
ENSG00000197728.11	RPS26	protein_coding	5323	2655	2671	220.1810	64.4945	62.1033
ENSG00000197734.10	C14orf178	lncRNA	0	47	58	0.0000	0.0000	0.0000
ENSG00000197744.5	PTMAP2	processed_pseudogene	60	18	42	15.5817	4.5641	4.3949
ENSG00000197745.3	SCGB1D4	protein_coding	0	0	0	0.0000	0.0000	0.0000
ENSG00000197746.14	PSAP	protein_coding	217461	107663	109815	5790.8076	1696.2183	1633.3313
ENSG00000197747.9	S100A10	protein_coding	15812	7799	8013	1326.8400	388.6522	374.2430
ENSG00000197748.13	CFAP43	protein_coding	175	90	85	2.0681	0.6058	0.5833
ENSG00000197753.11	LHFPL5	protein_coding	7	268	293	0.0789	0.0231	0.0223
ENSG00000197756.10	RPL37A	protein_coding	18329	9054	9282	250.8472	73.4771	70.7529
ENSG00000197757.8	HOXC6	protein_coding	586	292	294	14.3908	4.2153	4.0590
ENSG00000197763.19	TXNRD3	protein_coding	285	153	132	6.4180	1.8799	1.8102
ENSG00000197766.8	CFD	protein_coding	275	132	143	19.2683	5.6440	5.4347
ENSG00000197768.10	STPG3	protein_coding	3	2	2	0.1581	0.0463	0.0446
ENSG00000197769.6	MAP1LC3C	protein_coding	23	13	10	1.6182	0.4740	0.4564
ENSG00000197771.13	MCMBP	protein_coding	3430	1728	1702	48.5948	14.2342	13.7064
ENSG00000197774.13	EME2	protein_coding	117	664	639	1.3599	0.3983	0.3836
ENSG00000197776.8	KLHDC1	protein_coding	146	69	77	4.1273	1.2089	1.1641
ENSG00000197779.15	ZNF81	protein_coding	896	456	441	6.4406	1.8865	1.8166
ENSG00000197780.10	TAF13	protein_coding	707	372	335	42.8542	12.5527	12.0873
ENSG00000197782.14	ZNF780A	protein_coding	456	219	240	4.8575	1.4228	1.3701
ENSG00000197785.14	ATAD3A	protein_coding	1339	693	646	34.0037	9.9602	9.5910
ENSG00000197786.3	OR5B17	protein_coding	0	0	0	0.0000	0.0000	0.0000
ENSG00000197790.1	OR52M1	protein_coding	0	0	0	0.0000	0.0000	0.0000
ENSG00000197794.2	IGKV7-3	IG_V_pseudogene	5	2	3	1.4248	0.4174	0.4019
ENSG00000197798.9	FAM118B	protein_coding	780	482	481	18.7431	5.4901	5.2866
ENSG00000197808.12	ZNF461	protein_coding	34	22	14	0.6043	0.1770	0.1704
ENSG00000197813.6	AC011450.1	lncRNA	13	50	52	1.5615	0.4574	0.4404
ENSG00000197815.4	AC122129.1	lncRNA	19	5	17	0.8890	0.2604	0.2507
ENSG00000197816.16	CCDC180	protein_coding	16	11	5	0.0945	0.0277	0.0266
ENSG00000197818.12	SLC9A8	protein_coding	1525	769	756	18.6444	5.4612	5.2587
ENSG00000197822.11	OCLN	protein_coding	176	74	102	2.2106	0.6475	0.6235
ENSG00000197826.12	CFAP299	protein_coding	1	1	0	0.0190	0.0056	0.0054
ENSG00000197837.3	H4-16	protein_coding	19	8	11	0.6259	0.1833	0.1765
ENSG00000197838.5	CYP2A13	protein_coding	0	0	0	0.0000	0.0000	0.0000
ENSG00000197841.15	ZNF181	protein_coding	287	154	133	3.8896	1.1393	1.0971
ENSG00000197847.12	SLC22A20P	transcribed_unitary_pseudogene	6	4	2	0.1279	0.0375	0.0361
ENSG00000197849.6	OR8G1	protein_coding	0	0	0	0.0000	0.0000	0.0000
ENSG00000197852.12	INKA2	protein_coding	128	68	62	1.7003	0.4980	0.4796
ENSG00000197857.14	ZNF44	protein_coding	283	142	147	3.9625	1.1607	1.1176
ENSG00000197858.11	GPAA1	protein_coding	5139	2609	2531	133.5392	39.1157	37.6655
ENSG00000197859.11	ADAMTSL2	protein_coding	124	66	58	2.2515	0.6595	0.6350
ENSG00000197860.10	SGTB	protein_coding	1434	811	769	21.2635	6.2284	5.9975
ENSG00000197863.9	ZNF790	protein_coding	19	13	11	0.4187	0.1226	0.1181
ENSG00000197866.3	OR5M12P	unprocessed_pseudogene	0	0	0	0.0000	0.0000	0.0000
ENSG00000197870.12	PRB3	protein_coding	2	0	2	0.1225	0.0359	0.0346
ENSG00000197872.11	CYRIA	protein_coding	193	105	95	3.0084	0.8812	0.8485
ENSG00000197879.17	MYO1C	protein_coding	17949	9030	8919	195.2648	57.1961	55.0756
ENSG00000197880.9	MDS2	lncRNA	2	0	3	0.0793	0.0232	0.0224
ENSG00000197882.3	OR7E13P	unprocessed_pseudogene	0	2	0	0.0000	0.0000	0.0000
ENSG00000197885.11	NKIRAS1	protein_coding	438	837	842	7.2832	2.1334	2.0543
ENSG00000197887.4	OR1S2	protein_coding	0	0	0	0.0000	0.0000	0.0000
ENSG00000197888.2	UGT2B17	protein_coding	12	7	5	0.4906	0.1437	0.1384
ENSG00000197889.10	MEIG1	protein_coding	43	33	21	2.4942	0.7306	0.7035
ENSG00000197891.12	SLC22A12	protein_coding	0	1	0	0.0000	0.0000	0.0000
ENSG00000197892.13	KIF13B	protein_coding	10516	6773	6635	80.3584	23.5382	22.6656
ENSG00000197893.14	NRAP	protein_coding	87	46	59	1.3032	0.3817	0.3676
ENSG00000197894.11	ADH5	protein_coding	4778	2435	2343	83.3847	24.4247	23.5191
ENSG00000197901.12	SLC22A6	protein_coding	0	0	0	0.0000	0.0000	0.0000
ENSG00000197903.8	H2BC12	protein_coding	366	273	287	62.7897	18.3921	17.7102
ENSG00000197905.10	TEAD4	protein_coding	889	487	402	33.1843	9.7202	9.3598
ENSG00000197912.16	SPG7	protein_coding	3277	1698	1582	7.7818	2.2794	2.1949
ENSG00000197915.7	HRNR	protein_coding	53	30	24	0.4674	0.1369	0.1318
ENSG00000197919.6	IFNA1	protein_coding	0	0	0	0.0000	0.0000	0.0000
ENSG00000197921.6	HES5	protein_coding	1	0	1	0.0641	0.0188	0.0181
ENSG00000197927.13	NBEAP2	transcribed_unprocessed_pseudogene	43	19	24	2.9664	0.8689	0.8367
ENSG00000197928.10	ZNF677	protein_coding	43	25	20	0.3906	0.1144	0.1102
ENSG00000197930.13	ERO1A	protein_coding	4857	3083	2773	54.6375	16.0042	15.4108
ENSG00000197933.13	ZNF823	protein_coding	146	71	76	5.0420	1.4769	1.4221
ENSG00000197934.8	CYYR1-AS1	lncRNA	1	1	0	0.0229	0.0067	0.0065
ENSG00000197935.7	ZNF311	protein_coding	69	36	34	1.8449	0.5404	0.5204
ENSG00000197937.13	ZNF347	protein_coding	69	40	29	0.6416	0.1879	0.1810
ENSG00000197938.5	OR5H2	protein_coding	0	0	0	0.0000	0.0000	0.0000
ENSG00000197943.10	PLCG2	protein_coding	2274	1080	1194	14.4381	4.2291	4.0723
ENSG00000197948.11	FCHSD1	protein_coding	1807	1082	1028	25.2719	7.4025	7.1281
ENSG00000197951.10	ZNF71	protein_coding	58	31	27	0.8030	0.2352	0.2265
ENSG00000197953.6	AADACL2	protein_coding	0	0	0	0.0000	0.0000	0.0000
ENSG00000197956.10	S100A6	protein_coding	82706	41243	41495	7233.1931	2118.7156	2040.1646
ENSG00000197958.13	RPL12	protein_coding	11872	5960	5913	410.9970	120.3875	115.9241
ENSG00000197959.14	DNM3	protein_coding	244	115	129	1.8290	0.5357	0.5159
ENSG00000197961.12	ZNF121	protein_coding	1523	753	772	17.8490	5.2283	5.0344
ENSG00000197965.12	MPZL1	protein_coding	6184	3067	3117	74.2889	21.7604	20.9536
ENSG00000197969.14	VPS13A	protein_coding	849	421	429	3.5869	1.0507	1.0117
ENSG00000197971.16	MBP	protein_coding	12011	9086	9545	54.4570	15.9513	15.3599
ENSG00000197976.12	AKAP17A	protein_coding	1032	528	505	21.5327	6.3073	6.0734
ENSG00000197976.12_PAR_Y	AKAP17A	protein_coding	0	0	0	0.0000	0.0000	0.0000
ENSG00000197977.4	ELOVL2	protein_coding	2376	1201	1176	50.5945	14.8199	14.2705
ENSG00000197978.9	GOLGA6L9	protein_coding	37	17	20	0.4778	0.1400	0.1348
ENSG00000197980.13	LEKR1	protein_coding	11	7	4	0.1667	0.0488	0.0470
ENSG00000197982.14	C1orf122	protein_coding	1319	741	792	50.2062	14.7062	14.1610
ENSG00000197984.4	OR51A8P	transcribed_unprocessed_pseudogene	0	0	0	0.0000	0.0000	0.0000
ENSG00000197989.14	SNHG12	lncRNA	136	66	70	2.7073	0.7930	0.7636
ENSG00000197990.6	ZNF734P	unprocessed_pseudogene	0	0	0	0.0000	0.0000	0.0000
ENSG00000197991.11	AL592490.1	protein_coding	0	0	0	0.0000	0.0000	0.0000
ENSG00000197992.7	CLEC9A	protein_coding	18	11	7	0.5350	0.1567	0.1509
ENSG00000197993.9	KEL	protein_coding	16	7	9	0.3712	0.1087	0.1047
ENSG00000198000.12	NOL8	protein_coding	768	379	389	8.0957	2.3714	2.2834
ENSG00000198001.14	IRAK4	protein_coding	765	387	378	11.5410	3.3805	3.2552
ENSG00000198003.12	CCDC151	protein_coding	11	893	949	0.3484	0.1021	0.0983
ENSG00000198010.13	DLGAP2	protein_coding	0	0	0	0.0000	0.0000	0.0000
ENSG00000198015.14	MRPL42	protein_coding	1328	657	671	6.8899	2.0182	1.9433
ENSG00000198018.7	ENTPD7	protein_coding	1945	1047	1080	19.0838	5.5899	5.3827
ENSG00000198019.13	FCGR1B	protein_coding	50	26	26	1.0028	0.2937	0.2829
ENSG00000198021.7	SPANXA1	protein_coding	0	0	0	0.0000	0.0000	0.0000
ENSG00000198022.6	SAGE2P	unprocessed_pseudogene	0	0	0	0.0000	0.0000	0.0000
ENSG00000198026.8	ZNF335	protein_coding	873	455	418	9.8258	2.8781	2.7714
ENSG00000198028.4	ZNF560	protein_coding	0	0	0	0.0000	0.0000	0.0000
ENSG00000198033.12	TUBA3C	protein_coding	0	0	0	0.0000	0.0000	0.0000
ENSG00000198034.11	RPS4X	protein_coding	30918	15427	15496	896.0991	262.4815	252.7500
ENSG00000198039.11	ZNF273	protein_coding	74	37	39	0.7263	0.2128	0.2049
ENSG00000198040.11	ZNF84	protein_coding	405	190	215	3.6127	1.0582	1.0190
ENSG00000198042.11	MAK16	protein_coding	1130	1014	985	21.7301	6.3651	6.1291
ENSG00000198046.12	ZNF667	protein_coding	17	4	13	0.1639	0.0480	0.0462
ENSG00000198049.7	AVPR1B	protein_coding	0	0	0	0.0000	0.0000	0.0000
ENSG00000198053.12	SIRPA	protein_coding	13390	6702	6709	229.3897	67.1918	64.7007
ENSG00000198054.12	DSCR8	lncRNA	550	284	266	56.2049	16.4633	15.8529
ENSG00000198055.11	GRK6	protein_coding	2538	1328	1242	49.4671	14.4897	13.9525
ENSG00000198056.15	PRIM1	protein_coding	208	128	133	6.1868	1.8122	1.7450
ENSG00000198060.10	MARCHF5	protein_coding	1872	929	943	34.3498	10.0616	9.6886
ENSG00000198062.15	POTEH	protein_coding	0	0	0	0.0000	0.0000	0.0000
ENSG00000198064.13	NPIPB13	protein_coding	4	2	2	0.0653	0.0191	0.0184
ENSG00000198074.10	AKR1B10	protein_coding	25	15	11	1.1974	0.3507	0.3377
ENSG00000198075.10	SULT1C4	protein_coding	27	11	16	0.5987	0.1754	0.1689
ENSG00000198077.10	CYP2A7	protein_coding	0	0	0	0.0000	0.0000	0.0000
ENSG00000198081.11	ZBTB14	protein_coding	267	184	194	5.4715	1.6027	1.5433
ENSG00000198083.9	KRTAP9-9	protein_coding	0	0	0	0.0000	0.0000	0.0000
ENSG00000198087.7	CD2AP	protein_coding	1717	879	838	21.5980	6.3264	6.0919
ENSG00000198088.10	NUP62CL	protein_coding	0	0	1	0.0000	0.0000	0.0000
ENSG00000198089.16	SFI1	protein_coding	1546	807	845	10.7824	3.1583	3.0413
ENSG00000198090.3	KRTAP4-6	protein_coding	0	0	0	0.0000	0.0000	0.0000
ENSG00000198092.6	TMPRSS11F	protein_coding	15	7	8	0.6133	0.1796	0.1730
ENSG00000198093.11	ZNF649	protein_coding	50	22	33	0.9752	0.2857	0.2751
ENSG00000198099.9	ADH4	protein_coding	0	0	0	0.0000	0.0000	0.0000
ENSG00000198104.3	OR2T6	protein_coding	1	1	0	0.0182	0.0053	0.0051
ENSG00000198105.15	ZNF248	protein_coding	340	164	179	3.9612	1.1603	1.1173
ENSG00000198106.8	AC025279.1	lncRNA	1	1	0	0.0176	0.0052	0.0050
ENSG00000198108.4	CHSY3	protein_coding	979	506	534	21.0740	6.1729	5.9441
ENSG00000198113.3	TOR4A	protein_coding	147	75	72	2.9929	0.8767	0.8442
ENSG00000198121.13	LPAR1	protein_coding	241	118	123	4.9209	1.4414	1.3880
ENSG00000198125.13	MB	protein_coding	3	0	3	0.1193	0.0349	0.0336
ENSG00000198128.4	OR2L3	protein_coding	0	0	0	0.0000	0.0000	0.0000
ENSG00000198129.3	DEFB107B	protein_coding	0	0	0	0.0000	0.0000	0.0000
ENSG00000198130.16	HIBCH	protein_coding	3469	1749	1727	40.4433	11.8465	11.4073
ENSG00000198131.14	ZNF544	protein_coding	478	293	261	5.6253	1.6477	1.5866
ENSG00000198133.8	TMEM229B	protein_coding	3848	1912	1937	51.2426	15.0098	14.4533
ENSG00000198134.3	PTMAP9	processed_pseudogene	29	17	12	7.5312	2.2060	2.1242
ENSG00000198142.5	SOWAHC	protein_coding	585	316	269	10.7366	3.1449	3.0283
ENSG00000198146.4	ZNF770	protein_coding	946	885	901	14.7701	4.3264	4.1660
ENSG00000198153.8	ZNF849P	unprocessed_pseudogene	0	0	0	0.0000	0.0000	0.0000
ENSG00000198155.5	ZNF876P	transcribed_unprocessed_pseudogene	6	5	1	0.1817	0.0532	0.0513
ENSG00000198156.10	NPIPB6	protein_coding	1	0	1	0.0398	0.0117	0.0112
ENSG00000198157.11	HMGN5	protein_coding	993	494	499	35.2976	10.3392	9.9559
ENSG00000198160.15	MIER1	protein_coding	1515	755	760	15.5511	4.5552	4.3863
ENSG00000198162.12	MAN1A2	protein_coding	1644	815	829	14.4418	4.2302	4.0734
ENSG00000198168.9	SVIP	protein_coding	805	415	396	13.1438	3.8500	3.7073
ENSG00000198169.9	ZNF251	protein_coding	392	202	191	6.5984	1.9328	1.8611
ENSG00000198171.13	DDRGK1	protein_coding	2707	1379	1331	125.4802	36.7551	35.3924
ENSG00000198173.5	FAM47C	protein_coding	0	0	0	0.0000	0.0000	0.0000
ENSG00000198176.13	TFDP1	protein_coding	1729	877	852	39.2167	11.4872	11.0613
ENSG00000198178.11	CLEC4C	protein_coding	1	0	1	0.0542	0.0159	0.0153
ENSG00000198182.13	ZNF607	protein_coding	20	11	9	0.3611	0.1058	0.1019
ENSG00000198183.12	BPIFA1	protein_coding	0	0	0	0.0000	0.0000	0.0000
ENSG00000198185.11	ZNF334	protein_coding	177	80	97	2.1895	0.6413	0.6176
ENSG00000198189.11	HSD17B11	protein_coding	2892	1453	1439	105.3130	30.8478	29.7042
ENSG00000198198.17	SZT2	protein_coding	1850	1689	1771	5.9613	1.7461	1.6814
ENSG00000198203.10	SULT1C2	protein_coding	29	12	17	0.2932	0.0859	0.0827
ENSG00000198205.6	ZXDA	protein_coding	201	109	92	4.1500	1.2156	1.1705
ENSG00000198208.12	RPS6KL1	protein_coding	415	220	196	4.6827	1.3716	1.3208
ENSG00000198211.8	AC092143.1	protein_coding	0	0	0	0.0000	0.0000	0.0000
ENSG00000198216.12	CACNA1E	protein_coding	60	35	25	0.2789	0.0817	0.0787
ENSG00000198217.4	OR51H2P	transcribed_unprocessed_pseudogene	0	0	0	0.0000	0.0000	0.0000
ENSG00000198218.11	QRICH1	protein_coding	2042	1000	1042	32.5465	9.5334	9.1799
ENSG00000198221.10	AFDN-DT	lncRNA	0	1	4	0.0000	0.0000	0.0000
ENSG00000198223.17	CSF2RA	protein_coding	3951	2032	1920	87.6033	25.6604	24.7090
ENSG00000198223.17_PAR_Y	CSF2RA	protein_coding	0	0	0	0.0000	0.0000	0.0000
ENSG00000198225.5	FKBP1C	protein_coding	96	58	38	5.1630	1.5123	1.4563
ENSG00000198231.13	DDX42	protein_coding	4879	2408	2475	48.6242	14.2428	13.7147
ENSG00000198237.8	GUSBP13	unprocessed_pseudogene	0	0	0	0.0000	0.0000	0.0000
ENSG00000198242.14	RPL23A	protein_coding	3220	5726	5483	122.5107	35.8853	34.5549
ENSG00000198246.9	SLC29A3	protein_coding	465	228	238	7.2615	2.1270	2.0481
ENSG00000198251.7	CYP2A7P2	unprocessed_pseudogene	0	0	0	0.0000	0.0000	0.0000
ENSG00000198252.12	STYX	protein_coding	1846	924	922	31.4596	9.2150	8.8734
ENSG00000198258.11	UBL5	protein_coding	3253	1635	1619	143.0586	41.9041	40.3505
ENSG00000198261.3	OR5BB1P	unprocessed_pseudogene	0	0	0	0.0000	0.0000	0.0000
ENSG00000198265.12	HELZ	protein_coding	3945	1964	1995	21.3655	6.2583	6.0263
ENSG00000198270.13	TMEM116	protein_coding	237	109	128	2.5192	0.7379	0.7106
ENSG00000198271.5	KRTAP4-5	protein_coding	0	0	0	0.0000	0.0000	0.0000
ENSG00000198276.16	UCKL1	protein_coding	485	266	248	12.9314	3.7878	3.6474
ENSG00000198277.6	AC021146.1	unprocessed_pseudogene	0	0	0	0.0000	0.0000	0.0000
ENSG00000198283.2	OR5B21	protein_coding	4	1	3	0.3649	0.1069	0.1029
ENSG00000198284.9	NUP210P1	transcribed_processed_pseudogene	0	0	0	0.0000	0.0000	0.0000
ENSG00000198286.10	CARD11	protein_coding	333	176	187	6.1103	1.7898	1.7234
ENSG00000198298.13	ZNF485	protein_coding	11	4	7	0.3915	0.1147	0.1104
ENSG00000198300.14	PEG3	protein_coding	14	23	18	0.1217	0.0356	0.0343
ENSG00000198301.12	SDAD1	protein_coding	3491	1712	1779	84.9204	24.8745	23.9523
ENSG00000198312.4	BMS1P9	unprocessed_pseudogene	0	0	0	0.0000	0.0000	0.0000
ENSG00000198315.11	ZKSCAN8	protein_coding	837	401	436	9.3771	2.7467	2.6449
ENSG00000198324.13	PHETA1	protein_coding	353	172	181	8.9190	2.6125	2.5157
ENSG00000198326.10	TMEM239	protein_coding	0	0	0	0.0000	0.0000	0.0000
ENSG00000198331.11	HYLS1	protein_coding	131	64	67	4.6566	1.3640	1.3134
ENSG00000198336.9	MYL4	protein_coding	5	2	3	0.2595	0.0760	0.0732
ENSG00000198342.10	ZNF442	protein_coding	20	9	12	0.2575	0.0754	0.0726
ENSG00000198346.11	ZNF813	protein_coding	34	11	23	0.4623	0.1354	0.1304
ENSG00000198353.8	HOXC4	protein_coding	550	265	285	16.8797	4.9443	4.7610
ENSG00000198354.7	DCAF12L2	protein_coding	3	3	0	0.0913	0.0267	0.0257
ENSG00000198355.5	PIM3	protein_coding	4276	2125	2153	165.2047	48.3910	46.5969
ENSG00000198356.12	GET3	protein_coding	4245	2125	2122	248.4406	72.7721	70.0741
ENSG00000198358.4	AL354714.1	lncRNA	0	0	0	0.0000	0.0000	0.0000
ENSG00000198363.18	ASPH	protein_coding	10133	5581	5565	42.9241	12.5731	12.1070
ENSG00000198367.3	OR7A11P	unprocessed_pseudogene	0	0	0	0.0000	0.0000	0.0000
ENSG00000198369.10	SPRED2	protein_coding	4263	2125	2138	65.7613	19.2625	18.5484
ENSG00000198373.13	WWP2	protein_coding	3823	1928	1897	36.1004	10.5744	10.1823
ENSG00000198380.13	GFPT1	protein_coding	8856	4525	4332	84.9684	24.8886	23.9658
ENSG00000198382.9	UVRAG	protein_coding	1366	711	665	15.7911	4.6255	4.4540
ENSG00000198390.5	KRTAP13-1	protein_coding	0	0	0	0.0000	0.0000	0.0000
ENSG00000198393.8	ZNF26	protein_coding	206	122	84	0.8385	0.2456	0.2365
ENSG00000198398.2	TMEM207	protein_coding	0	0	0	0.0000	0.0000	0.0000
ENSG00000198399.15	ITSN2	protein_coding	2909	1575	1460	20.8573	6.1094	5.8829
ENSG00000198400.12	NTRK1	protein_coding	37	23	16	0.6037	0.1768	0.1703
ENSG00000198406.7	BZW1P2	processed_pseudogene	60	31	29	6.1686	1.8069	1.7399
ENSG00000198408.14	OGA	protein_coding	6848	3432	3417	80.2450	23.5050	22.6336
ENSG00000198414.5	TATDN2P1	processed_pseudogene	0	0	0	0.0000	0.0000	0.0000
ENSG00000198416.9	ZNF658B	transcribed_unprocessed_pseudogene	6	3	3	0.1307	0.0383	0.0369
ENSG00000198417.7	MT1F	protein_coding	138	61	77	6.3278	1.8535	1.7848
ENSG00000198420.10	TCAF1	protein_coding	1734	885	849	23.3363	6.8356	6.5821
ENSG00000198429.10	ZNF69	protein_coding	184	107	77	4.6476	1.3614	1.3109
ENSG00000198431.16	TXNRD1	protein_coding	3829	1886	1943	48.4591	14.1944	13.6682
ENSG00000198435.4	NRARP	protein_coding	51	25	36	1.6399	0.4803	0.4625
ENSG00000198440.9	ZNF583	protein_coding	22	8	14	0.2318	0.0679	0.0654
ENSG00000198443.6	KRTAP4-1	protein_coding	0	0	0	0.0000	0.0000	0.0000
ENSG00000198445.4	CCT8L2	protein_coding	0	0	0	0.0000	0.0000	0.0000
ENSG00000198452.8	OR14L1P	protein_coding	0	0	0	0.0000	0.0000	0.0000
ENSG00000198453.13	ZNF568	protein_coding	134	69	65	1.2058	0.3532	0.3401
ENSG00000198454.2	LINC02692	lncRNA	0	0	0	0.0000	0.0000	0.0000
ENSG00000198455.4	ZXDB	protein_coding	582	296	286	8.3854	2.4562	2.3652
ENSG00000198464.14	ZNF480	protein_coding	476	268	222	8.3448	2.4443	2.3537
ENSG00000198466.12	ZNF587	protein_coding	436	322	293	5.0354	1.4749	1.4203
ENSG00000198467.16	TPM2	protein_coding	1211	612	599	32.3087	9.4637	9.1129
ENSG00000198468.9	FLVCR1-DT	lncRNA	127	69	62	2.5257	0.7398	0.7124
ENSG00000198471.1	RTP2	protein_coding	2	2	0	0.1262	0.0370	0.0356
ENSG00000198478.8	SH3BGRL2	protein_coding	87	45	42	1.6051	0.4701	0.4527
ENSG00000198482.14	ZNF808	protein_coding	46	21	25	0.7800	0.2285	0.2200
ENSG00000198483.13	ANKRD35	protein_coding	46	21	25	1.1616	0.3402	0.3276
ENSG00000198488.10	B3GNT6	protein_coding	2	2	0	0.0647	0.0189	0.0182
ENSG00000198491.3	AC007920.1	lncRNA	0	0	0	0.0000	0.0000	0.0000
ENSG00000198492.16	YTHDF2	protein_coding	6680	3309	3371	152.1235	44.5594	42.9073
ENSG00000198496.12	NBR2	lncRNA	254	134	120	7.0767	2.0729	1.9960
ENSG00000198498.10	TMA16	protein_coding	566	280	287	14.1119	4.1336	3.9803
ENSG00000198502.6	HLA-DRB5	protein_coding	2051	945	1112	139.3375	40.8141	39.3010
ENSG00000198513.13	ATL1	protein_coding	80	166	167	0.8495	0.2488	0.2396
ENSG00000198515.16	CNGA1	protein_coding	51	20	31	1.2064	0.3534	0.3403
ENSG00000198517.10	MAFK	protein_coding	927	752	721	17.6110	5.1585	4.9673
ENSG00000198520.12	ARMH1	protein_coding	75	41	35	1.9359	0.5670	0.5460
ENSG00000198521.12	ZNF43	protein_coding	90	47	43	0.8855	0.2594	0.2498
ENSG00000198522.14	GPN1	protein_coding	1321	746	774	29.9226	8.7648	8.4399
ENSG00000198523.6	PLN	protein_coding	43	25	18	1.2217	0.3578	0.3446
ENSG00000198526.7	PABPC1P2	processed_pseudogene	1	1	0	0.0470	0.0138	0.0133
ENSG00000198535.5	C2CD4A	protein_coding	2	0	2	0.0493	0.0144	0.0139
ENSG00000198538.11	ZNF28	protein_coding	68	40	28	0.9665	0.2831	0.2726
ENSG00000198542.14	ITGBL1	protein_coding	295	428	447	4.0563	1.1881	1.1441
ENSG00000198546.15	ZNF511	protein_coding	118	65	57	4.3777	1.2823	1.2348
ENSG00000198547.10	C20orf203	protein_coding	0	0	0	0.0000	0.0000	0.0000
ENSG00000198551.10	ZNF627	protein_coding	568	663	660	12.6567	3.7074	3.5699
ENSG00000198553.9	KCNRG	protein_coding	0	0	0	0.0000	0.0000	0.0000
ENSG00000198554.12	WDHD1	protein_coding	986	506	481	13.1117	3.8406	3.6982
ENSG00000198555.7	AC133561.1	unprocessed_pseudogene	3	1	2	0.1055	0.0309	0.0298
ENSG00000198556.14	ZNF789	protein_coding	294	216	207	3.7572	1.1005	1.0597
ENSG00000198561.15	CTNND1	protein_coding	994	479	515	8.6248	2.5263	2.4327
ENSG00000198563.14	DDX39B	protein_coding	498	233	265	6.0354	1.7679	1.7023
ENSG00000198569.10	SLC34A3	protein_coding	2	2	1	0.0737	0.0216	0.0208
ENSG00000198570.6	RD3	protein_coding	0	0	0	0.0000	0.0000	0.0000
ENSG00000198573.7	SPANXC	protein_coding	0	0	0	0.0000	0.0000	0.0000
ENSG00000198574.6	SH2D1B	protein_coding	6	4	2	0.1823	0.0534	0.0514
ENSG00000198576.4	ARC	protein_coding	41	23	18	1.1633	0.3407	0.3281
ENSG00000198580.7	AC073343.1	unprocessed_pseudogene	11	7	4	1.4349	0.4203	0.4047
ENSG00000198585.12	NUDT16	protein_coding	3142	1613	1529	37.9599	11.1190	10.7068
ENSG00000198586.14	TLK1	protein_coding	2919	1500	1419	26.3565	7.7202	7.4340
ENSG00000198589.14	LRBA	protein_coding	4726	2374	2352	23.9502	7.0154	6.7553
ENSG00000198590.12	C3orf35	lncRNA	4	1	3	0.0379	0.0111	0.0107
ENSG00000198597.9	ZNF536	protein_coding	0	0	0	0.0000	0.0000	0.0000
ENSG00000198598.6	MMP17	protein_coding	1309	659	650	27.7694	8.1341	7.8325
ENSG00000198601.3	OR2M2	protein_coding	0	0	0	0.0000	0.0000	0.0000
ENSG00000198604.11	BAZ1A	protein_coding	1981	1050	1012	21.8534	6.4012	6.1639
ENSG00000198610.11	AKR1C4	protein_coding	0	0	0	0.0000	0.0000	0.0000
ENSG00000198612.11	COPS8	protein_coding	5530	2813	2718	112.3200	32.9003	31.6805
ENSG00000198618.5	PPIAP22	processed_pseudogene	1666	766	900	284.0913	83.2148	80.1296
ENSG00000198624.13	CCDC69	protein_coding	704	361	343	12.0996	3.5442	3.4128
ENSG00000198625.13	MDM4	protein_coding	819	409	410	6.3181	1.8507	1.7821
ENSG00000198626.17	RYR2	protein_coding	349	187	162	1.6599	0.4862	0.4682
ENSG00000198633.10	ZNF534	protein_coding	4	1	3	0.1036	0.0303	0.0292
ENSG00000198642.7	KLHL9	protein_coding	1451	725	726	21.4668	6.2880	6.0548
ENSG00000198643.7	FAM3D	protein_coding	1	2	0	0.0522	0.0153	0.0147
ENSG00000198646.14	NCOA6	protein_coding	2599	1415	1403	19.8247	5.8070	5.5917
ENSG00000198648.11	STK39	protein_coding	1178	594	584	27.0295	7.9174	7.6238
ENSG00000198650.11	TAT	protein_coding	0	0	0	0.0000	0.0000	0.0000
ENSG00000198658.4	ABHD17AP1	unprocessed_pseudogene	11	7	4	1.0012	0.2933	0.2824
ENSG00000198663.17	C6orf89	protein_coding	4104	2034	2104	47.5462	13.9270	13.4107
ENSG00000198668.13	CALM1	protein_coding	83782	45186	44532	908.3116	266.0587	256.1946
ENSG00000198670.12	LPA	protein_coding	0	1	0	0.0000	0.0000	0.0000
ENSG00000198671.3	AC135895.1	lncRNA	0	0	0	0.0000	0.0000	0.0000
ENSG00000198673.10	TAFA2	protein_coding	16	8	8	0.1468	0.0430	0.0414
ENSG00000198674.3	OR10G6	protein_coding	0	0	0	0.0000	0.0000	0.0000
ENSG00000198677.12	TTC37	protein_coding	6651	3361	3290	54.1832	15.8711	15.2827
ENSG00000198678.5	OR5BS1P	protein_coding	0	0	0	0.0000	0.0000	0.0000
ENSG00000198680.4	TUSC1	protein_coding	287	134	153	11.8773	3.4790	3.3501
ENSG00000198681.7	MAGEA1	protein_coding	42	19	23	2.0845	0.6106	0.5880
ENSG00000198682.13	PAPSS2	protein_coding	270	134	145	5.6156	1.6449	1.5839
ENSG00000198685.4	LINC01565	lncRNA	0	0	0	0.0000	0.0000	0.0000
ENSG00000198689.13	SLC9A6	protein_coding	1698	924	853	12.6465	3.7043	3.5670
ENSG00000198690.10	FAN1	protein_coding	323	292	271	1.6313	0.4778	0.4601
ENSG00000198691.13	ABCA4	protein_coding	8	4	4	0.0795	0.0233	0.0224
ENSG00000198692.10	EIF1AY	protein_coding	98	46	52	2.0687	0.6059	0.5835
ENSG00000198695.2	MT-ND6	protein_coding	16932	13486	14291	2738.8057	802.2391	772.4962
ENSG00000198700.10	IPO9	protein_coding	6139	3148	3183	43.7942	12.8280	12.3524
ENSG00000198703.2	OR10R3P	unprocessed_pseudogene	0	0	0	0.0000	0.0000	0.0000
ENSG00000198704.9	GPX6	protein_coding	0	0	0	0.0000	0.0000	0.0000
ENSG00000198707.17	CEP290	protein_coding	763	430	448	2.5783	0.7552	0.7272
ENSG00000198711.5	SSBP3-AS1	lncRNA	8	4	6	0.2589	0.0758	0.0730
ENSG00000198712.1	MT-CO2	protein_coding	147713	73042	74676	18338.9678	5371.7711	5172.6135
ENSG00000198715.13	GLMP	protein_coding	5764	4668	4577	141.0203	41.3071	39.7756
ENSG00000198718.13	TOGARAM1	protein_coding	1110	621	567	9.1587	2.6827	2.5833
ENSG00000198719.9	DLL1	protein_coding	46	22	24	1.0229	0.2996	0.2885
ENSG00000198720.13	ANKRD13B	protein_coding	429	247	187	8.4585	2.4776	2.3858
ENSG00000198721.13	ECI2	protein_coding	527	640	633	9.7821	2.8653	2.7591
ENSG00000198722.14	UNC13B	protein_coding	1655	816	842	7.8446	2.2978	2.2126
ENSG00000198723.11	TEX45	protein_coding	2	2	0	0.0581	0.0170	0.0164
ENSG00000198727.2	MT-CYB	protein_coding	168296	86245	82686	12525.6543	3668.9604	3532.9343
ENSG00000198728.11	LDB1	protein_coding	3743	1872	1873	84.1783	24.6571	23.7430
ENSG00000198729.5	PPP1R14C	protein_coding	604	290	314	23.1149	6.7707	6.5197
ENSG00000198730.9	CTR9	protein_coding	2481	1255	1229	36.5143	10.6956	10.2991
ENSG00000198732.11	SMOC1	protein_coding	9	5	4	0.1749	0.0512	0.0493
ENSG00000198734.12	F5	protein_coding	153	82	71	1.3862	0.4060	0.3910
ENSG00000198736.12	MSRB1	protein_coding	1065	543	522	42.9645	12.5850	12.1184
ENSG00000198738.4	SMIM11P1	processed_pseudogene	0	0	0	0.0000	0.0000	0.0000
ENSG00000198739.11	LRRTM3	protein_coding	0	0	0	0.0000	0.0000	0.0000
ENSG00000198740.9	ZNF652	protein_coding	1142	770	771	8.2095	2.4047	2.3155
ENSG00000198742.10	SMURF1	protein_coding	1774	1150	1170	23.9810	7.0244	6.7640
ENSG00000198743.7	SLC5A3	protein_coding	5891	2901	2990	43.2532	12.6695	12.1998
ENSG00000198744.5	MTCO3P12	unprocessed_pseudogene	181	103	84	28.0998	8.2309	7.9257
ENSG00000198746.13	GPATCH3	protein_coding	594	305	334	22.6607	6.6377	6.3916
ENSG00000198752.11	CDC42BPB	protein_coding	2572	1850	1841	26.9815	7.9033	7.6103
ENSG00000198753.12	PLXNB3	protein_coding	6214	3058	3176	75.3098	22.0594	21.2416
ENSG00000198754.5	OXCT2	protein_coding	27	12	15	1.2557	0.3678	0.3542
ENSG00000198755.11	RPL10A	protein_coding	10859	5377	5483	611.5061	179.1197	172.4789
ENSG00000198756.12	COLGALT2	protein_coding	4191	2050	2141	45.5933	13.3550	12.8599
ENSG00000198758.11	EPS8L3	protein_coding	0	0	0	0.0000	0.0000	0.0000
ENSG00000198759.12	EGFL6	protein_coding	51	22	29	1.6587	0.4859	0.4679
ENSG00000198763.3	MT-ND2	protein_coding	124174	65866	58335	10119.8767	2964.2705	2854.3706
ENSG00000198765.12	SYCP1	protein_coding	0	0	0	0.0000	0.0000	0.0000
ENSG00000198768.11	APCDD1L	protein_coding	117	59	58	2.3600	0.6913	0.6657
ENSG00000198771.11	RCSD1	protein_coding	625	322	312	6.5003	1.9041	1.8335
ENSG00000198774.5	RASSF9	protein_coding	44	18	26	0.6775	0.1985	0.1911
ENSG00000198780.12	FAM169A	protein_coding	12	17	21	0.1482	0.0434	0.0418
ENSG00000198783.6	ZNF830	protein_coding	632	328	304	23.9811	7.0244	6.7640
ENSG00000198785.7	GRIN3A	protein_coding	21	13	8	0.2178	0.0638	0.0614
ENSG00000198786.2	MT-ND5	protein_coding	81986	46966	45662	3842.3222	1125.4764	1083.7495
ENSG00000198787.5	OR7E103P	unprocessed_pseudogene	0	0	0	0.0000	0.0000	0.0000
ENSG00000198788.9	MUC2	protein_coding	1	0	2	0.0067	0.0020	0.0019
ENSG00000198791.12	CNOT7	protein_coding	3733	1924	1809	28.9743	8.4870	8.1724
ENSG00000198792.13	TMEM184B	protein_coding	8797	4501	4553	105.8737	31.0121	29.8623
ENSG00000198793.13	MTOR	protein_coding	5768	2943	2984	40.2714	11.7961	11.3588
ENSG00000198794.12	SCAMP5	protein_coding	2100	1050	1050	36.6789	10.7438	10.3455
ENSG00000198795.11	ZNF521	protein_coding	188	97	91	2.5647	0.7512	0.7234
ENSG00000198796.7	ALPK2	protein_coding	27	16	20	0.2397	0.0702	0.0676
ENSG00000198797.7	BRINP2	protein_coding	6	4	2	0.1134	0.0332	0.0320
ENSG00000198798.5	MAGEB3	protein_coding	0	0	0	0.0000	0.0000	0.0000
ENSG00000198799.12	LRIG2	protein_coding	467	243	270	3.1810	0.9318	0.8972
ENSG00000198804.2	MT-CO1	protein_coding	289321	155142	149940	15933.3778	4667.1361	4494.1027
ENSG00000198805.12	PNP	protein_coding	1320	1120	1138	27.1154	7.9425	7.6481
ENSG00000198807.13	PAX9	protein_coding	7	6	2	0.1046	0.0306	0.0295
ENSG00000198812.5	LRRC10	protein_coding	0	0	0	0.0000	0.0000	0.0000
ENSG00000198814.13	GK	protein_coding	785	486	449	12.4255	3.6396	3.5047
ENSG00000198815.9	FOXJ3	protein_coding	4812	2387	2425	59.2571	17.3573	16.7138
ENSG00000198816.7	ZNF358	protein_coding	656	403	431	26.7440	7.8337	7.5433
ENSG00000198818.10	SFT2D1	protein_coding	704	351	353	19.3538	5.6690	5.4589
ENSG00000198821.11	CD247	protein_coding	349	176	173	7.3469	2.1520	2.0722
ENSG00000198822.10	GRM3	protein_coding	0	1	0	0.0000	0.0000	0.0000
ENSG00000198824.7	CHAMP1	protein_coding	1794	909	885	27.1322	7.9474	7.6528
ENSG00000198825.15	INPP5F	protein_coding	14157	7091	7066	160.7459	47.0850	45.3393
ENSG00000198826.11	ARHGAP11A	protein_coding	290	207	190	3.8444	1.1261	1.0843
ENSG00000198829.6	SUCNR1	protein_coding	59	32	27	1.1984	0.3510	0.3380
ENSG00000198830.11	HMGN2	protein_coding	4276	2168	2108	113.8664	33.3532	32.1167
ENSG00000198832.10	SELENOM	protein_coding	5603	2755	2848	149.2969	43.7314	42.1101
ENSG00000198833.7	UBE2J1	protein_coding	4369	2166	2203	89.1012	26.0991	25.1315
ENSG00000198835.4	GJC2	protein_coding	18	5	13	0.7060	0.2068	0.1991
ENSG00000198836.11	OPA1	protein_coding	4057	2137	2048	38.1109	11.1633	10.7494
ENSG00000198837.10	DENND4B	protein_coding	2213	1181	1183	24.7080	7.2374	6.9690
ENSG00000198838.14	RYR3	protein_coding	72	45	39	0.3004	0.0880	0.0847
ENSG00000198839.10	ZNF277	protein_coding	1320	655	665	23.6238	6.9198	6.6632
ENSG00000198840.2	MT-ND3	protein_coding	22886	11616	11271	5617.0212	1645.3135	1584.3138
ENSG00000198841.4	KTI12	protein_coding	215	113	102	10.6896	3.1312	3.0151
ENSG00000198842.10	STYXL2	protein_coding	0	0	0	0.0000	0.0000	0.0000
ENSG00000198843.13	SELENOT	protein_coding	3909	2005	1957	80.2791	23.5150	22.6432
ENSG00000198844.12	ARHGEF15	protein_coding	325	156	185	5.2153	1.5276	1.4710
ENSG00000198846.6	TOX	protein_coding	205	103	105	4.2710	1.2510	1.2047
ENSG00000198848.13	CES1	protein_coding	11	4	7	0.3181	0.0932	0.0897
ENSG00000198851.10	CD3E	protein_coding	1288	638	650	41.1348	12.0490	11.6023
ENSG00000198853.12	RUSC2	protein_coding	2813	1457	1376	41.9237	12.2801	11.8248
ENSG00000198854.5	C1orf68	protein_coding	0	0	0	0.0000	0.0000	0.0000
ENSG00000198855.7	FICD	protein_coding	1694	888	875	34.4563	10.0928	9.7186
ENSG00000198856.13	OSTC	protein_coding	4856	2473	2384	255.1817	74.7467	71.9755
ENSG00000198857.3	HSD3BP5	transcribed_unprocessed_pseudogene	17	9	8	1.2753	0.3736	0.3597
ENSG00000198858.10	R3HDM4	protein_coding	2547	1267	1280	73.1459	21.4256	20.6312
ENSG00000198860.13	TSEN15	protein_coding	1752	870	882	14.5906	4.2738	4.1154
ENSG00000198862.14	LTN1	protein_coding	2542	1251	1291	24.3204	7.1238	6.8597
ENSG00000198863.7	RUNDC1	protein_coding	1191	583	609	21.2614	6.2278	5.9969
ENSG00000198865.10	CCDC152	protein_coding	11	810	786	0.2674	0.0783	0.0754
ENSG00000198868.3	MTND4LP30	processed_pseudogene	3	1	2	0.8578	0.2513	0.2419
ENSG00000198870.8	STKLD1	protein_coding	128	79	57	2.4654	0.7221	0.6954
ENSG00000198873.12	GRK5	protein_coding	823	418	406	9.9544	2.9158	2.8077
ENSG00000198874.13	TYW1	protein_coding	1312	1001	990	28.6784	8.4004	8.0889
ENSG00000198876.13	DCAF12	protein_coding	887	444	443	17.4564	5.1133	4.9237
ENSG00000198879.12	SFMBT2	protein_coding	1271	592	679	10.7045	3.1355	3.0193
ENSG00000198881.10	ASB12	protein_coding	1	0	1	0.0670	0.0196	0.0189
ENSG00000198883.12	PNMA5	protein_coding	2	2	0	0.0495	0.0145	0.0140
ENSG00000198885.10	ITPRIPL1	protein_coding	44	20	24	0.8008	0.2346	0.2259
ENSG00000198886.2	MT-ND4	protein_coding	253974	127271	126707	15651.3683	4584.5311	4414.5603
ENSG00000198887.9	SMC5	protein_coding	919	471	448	11.8138	3.4604	3.3321
ENSG00000198888.2	MT-ND1	protein_coding	84854	43078	41778	7537.4891	2207.8487	2125.9930
ENSG00000198889.5	DCAF12L1	protein_coding	0	0	0	0.0000	0.0000	0.0000
ENSG00000198890.9	PRMT6	protein_coding	557	259	298	10.8988	3.1924	3.0741
ENSG00000198892.7	SHISA4	protein_coding	2658	1292	1366	118.1154	34.5979	33.3151
ENSG00000198894.8	CIPC	protein_coding	1167	570	597	18.8014	5.5072	5.3030
ENSG00000198898.14	CAPZA2	protein_coding	5969	3006	2965	60.5748	17.7433	17.0855
ENSG00000198899.2	MT-ATP6	protein_coding	82860	42388	40474	10332.6112	3026.5838	2914.3736
ENSG00000198900.6	TOP1	protein_coding	4371	2664	2532	99.4074	29.1180	28.0384
ENSG00000198901.14	PRC1	protein_coding	4	2	2	0.0615	0.0180	0.0173
ENSG00000198908.12	BHLHB9	protein_coding	1	1	0	0.0154	0.0045	0.0043
ENSG00000198909.8	MAP3K3	protein_coding	5530	3178	3072	76.8718	22.5170	21.6822
ENSG00000198910.14	L1CAM	protein_coding	2584	1242	1345	30.1877	8.8425	8.5146
ENSG00000198911.12	SREBF2	protein_coding	16025	8385	8092	180.1019	52.7547	50.7988
ENSG00000198912.11	C1orf174	protein_coding	776	395	381	15.0178	4.3990	4.2359
ENSG00000198914.5	POU3F3	protein_coding	617	299	318	10.9090	3.1954	3.0769
ENSG00000198915.12	RASGEF1A	protein_coding	80	39	41	1.0924	0.3200	0.3081
ENSG00000198917.13	SPOUT1	protein_coding	1	0	1	0.0186	0.0054	0.0052
ENSG00000198918.8	RPL39	protein_coding	2082	1060	1023	83.0848	24.3368	23.4345
ENSG00000198919.13	DZIP3	protein_coding	1580	779	809	19.3251	5.6606	5.4508
ENSG00000198920.11	KIAA0753	protein_coding	446	241	205	6.8206	1.9978	1.9238
ENSG00000198923.4	AC011611.1	processed_pseudogene	0	0	0	0.0000	0.0000	0.0000
ENSG00000198924.8	DCLRE1A	protein_coding	997	508	489	18.4779	5.4125	5.2118
ENSG00000198925.12	ATG9A	protein_coding	1341	682	659	24.1063	7.0611	6.7993
ENSG00000198929.13	NOS1AP	protein_coding	12	6	6	0.1297	0.0380	0.0366
ENSG00000198930.13	CSAG1	protein_coding	3	1	2	0.2333	0.0683	0.0658
ENSG00000198931.11	APRT	protein_coding	5336	2719	2618	252.3026	73.9034	71.1634
ENSG00000198932.13	GPRASP1	protein_coding	136	61	75	1.7012	0.4983	0.4798
ENSG00000198933.9	TBKBP1	protein_coding	401	190	212	7.9563	2.3305	2.2441
ENSG00000198934.5	MAGEE1	protein_coding	130	53	77	3.0387	0.8901	0.8571
ENSG00000198937.9	CCDC167	protein_coding	469	248	224	69.6288	20.3954	19.6392
ENSG00000198938.2	MT-CO3	protein_coding	191729	96905	94844	20767.4902	6083.1234	5857.5925
ENSG00000198939.8	ZFP2	protein_coding	7	4	3	0.2254	0.0660	0.0636
ENSG00000198944.6	SOWAHA	protein_coding	2	1	1	0.0487	0.0143	0.0137
ENSG00000198945.8	L3MBTL3	protein_coding	186	121	102	3.0904	0.9052	0.8717
ENSG00000198947.16	DMD	protein_coding	1056	513	543	4.7423	1.3891	1.3376
ENSG00000198948.12	MFAP3L	protein_coding	2762	1433	1445	26.8333	7.8599	7.5685
ENSG00000198951.12	NAGA	protein_coding	6968	3490	3622	158.8099	46.5179	44.7933
ENSG00000198952.8	SMG5	protein_coding	6912	3453	3463	110.6656	32.4157	31.2139
ENSG00000198954.9	KIFBP	protein_coding	2959	1459	1500	34.2156	10.0223	9.6507
ENSG00000198959.12	TGM2	protein_coding	5953	2965	2988	63.6049	18.6309	17.9401
ENSG00000198960.11	ARMCX6	protein_coding	1007	521	489	34.3571	10.0637	9.6906
ENSG00000198961.10	PJA2	protein_coding	12768	6320	6448	208.7934	61.1589	58.8914
ENSG00000198963.11	RORB	protein_coding	133	66	67	1.1739	0.3439	0.3311
ENSG00000198964.14	SGMS1	protein_coding	745	402	348	9.8499	2.8852	2.7782
ENSG00000198965.4	OR10R2	protein_coding	0	0	0	0.0000	0.0000	0.0000
ENSG00000198967.4	OR10Z1	protein_coding	0	3	1	0.0000	0.0000	0.0000
ENSG00000198972.3	MIRLET7E	miRNA	0	0	0	0.0000	0.0000	0.0000
ENSG00000198973.4	MIR375	miRNA	0	0	0	0.0000	0.0000	0.0000
ENSG00000198974.3	MIR30E	miRNA	0	0	0	0.0000	0.0000	0.0000
ENSG00000198975.2	MIRLET7A2	miRNA	0	0	0	0.0000	0.0000	0.0000
ENSG00000198976.1	MIR429	miRNA	0	0	0	0.0000	0.0000	0.0000
ENSG00000198982.4	MIR380	miRNA	0	0	0	0.0000	0.0000	0.0000
ENSG00000198983.1	MIR449A	miRNA	0	0	0	0.0000	0.0000	0.0000
ENSG00000198984.1	MIR345	miRNA	0	0	0	0.0000	0.0000	0.0000
ENSG00000198987.1	MIR16-2	miRNA	0	0	0	0.0000	0.0000	0.0000
ENSG00000198995.3	MIR340	miRNA	0	0	0	0.0000	0.0000	0.0000
ENSG00000198997.2	MIR107	miRNA	0	0	0	0.0000	0.0000	0.0000
ENSG00000199001.1	MIR448	miRNA	0	0	0	0.0000	0.0000	0.0000
ENSG00000199005.4	MIR370	miRNA	0	0	1	0.0000	0.0000	0.0000
ENSG00000199012.2	MIR412	miRNA	0	0	0	0.0000	0.0000	0.0000
ENSG00000199015.4	MIR377	miRNA	0	0	0	0.0000	0.0000	0.0000
ENSG00000199017.2	MIR1-1	miRNA	0	0	0	0.0000	0.0000	0.0000
ENSG00000199020.3	MIR381	miRNA	0	0	0	0.0000	0.0000	0.0000
ENSG00000199023.3	MIR339	miRNA	1	0	1	0.9034	0.2646	0.2548
ENSG00000199024.1	MIR103A2	miRNA	2	6	1	2.1774	0.6378	0.6142
ENSG00000199025.4	MIR369	miRNA	0	0	0	0.0000	0.0000	0.0000
ENSG00000199030.2	MIRLET7C	miRNA	1	1	0	1.0110	0.2961	0.2851
ENSG00000199031.1	MIR371A	miRNA	0	0	0	0.0000	0.0000	0.0000
ENSG00000199032.1	MIR425	miRNA	0	0	0	0.0000	0.0000	0.0000
ENSG00000199035.2	MIR103A1	miRNA	0	0	0	0.0000	0.0000	0.0000
ENSG00000199036.1	MIR219A1	miRNA	0	0	0	0.0000	0.0000	0.0000
ENSG00000199038.1	MIR210	miRNA	0	0	0	0.0000	0.0000	0.0000
ENSG00000199043.1	MIR335	miRNA	0	0	0	0.0000	0.0000	0.0000
ENSG00000199047.3	MIR378A	miRNA	0	0	0	0.0000	0.0000	0.0000
ENSG00000199051.3	MIR361	miRNA	0	0	0	0.0000	0.0000	0.0000
ENSG00000199053.3	MIR324	miRNA	1	2	1	1.0231	0.2997	0.2886
ENSG00000199059.3	MIR135B	miRNA	0	0	0	0.0000	0.0000	0.0000
ENSG00000199065.3	MIR101-2	miRNA	0	0	0	0.0000	0.0000	0.0000
ENSG00000199069.3	MIR323A	miRNA	0	0	0	0.0000	0.0000	0.0000
ENSG00000199072.3	MIRLET7F1	miRNA	0	0	0	0.0000	0.0000	0.0000
ENSG00000199075.1	MIR26A1	miRNA	0	0	0	0.0000	0.0000	0.0000
ENSG00000199077.3	MIR129-2	miRNA	0	0	0	0.0000	0.0000	0.0000
ENSG00000199080.1	MIR133B	miRNA	0	0	0	0.0000	0.0000	0.0000
ENSG00000199082.1	MIR342	miRNA	0	0	0	0.0000	0.0000	0.0000
ENSG00000199085.3	MIR148A	miRNA	0	0	0	0.0000	0.0000	0.0000
ENSG00000199088.5	MIR379	miRNA	0	0	0	0.0000	0.0000	0.0000
ENSG00000199090.1	MIR326	miRNA	0	0	0	0.0000	0.0000	0.0000
ENSG00000199092.4	MIR410	miRNA	0	0	0	0.0000	0.0000	0.0000
ENSG00000199094.3	MIR30C2	miRNA	0	0	0	0.0000	0.0000	0.0000
ENSG00000199095.1	MIR372	miRNA	0	0	0	0.0000	0.0000	0.0000
ENSG00000199102.1	MIR302C	miRNA	0	0	0	0.0000	0.0000	0.0000
ENSG00000199104.2	MIR346	miRNA	0	0	0	0.0000	0.0000	0.0000
ENSG00000199107.3	MIR409	miRNA	0	0	0	0.0000	0.0000	0.0000
ENSG00000199109.4	MIR411	miRNA	0	0	0	0.0000	0.0000	0.0000
ENSG00000199121.4	MIR26B	miRNA	1	1	0	1.1029	0.3230	0.3111
ENSG00000199122.3	MIR148B	miRNA	0	0	0	0.0000	0.0000	0.0000
ENSG00000199127.1	MIR383	miRNA	0	0	0	0.0000	0.0000	0.0000
ENSG00000199130.3	MIR365A	miRNA	0	0	0	0.0000	0.0000	0.0000
ENSG00000199132.1	MIR450A1	miRNA	0	0	0	0.0000	0.0000	0.0000
ENSG00000199133.3	MIRLET7D	miRNA	0	0	0	0.0000	0.0000	0.0000
ENSG00000199135.1	MIR101-1	miRNA	0	0	0	0.0000	0.0000	0.0000
ENSG00000199143.1	MIR373	miRNA	0	0	0	0.0000	0.0000	0.0000
ENSG00000199145.1	MIR302D	miRNA	0	0	0	0.0000	0.0000	0.0000
ENSG00000199150.3	MIRLET7G	miRNA	0	0	0	0.0000	0.0000	0.0000
ENSG00000199151.3	MIR337	miRNA	0	0	0	0.0000	0.0000	0.0000
ENSG00000199153.1	MIR30D	miRNA	0	0	0	0.0000	0.0000	0.0000
ENSG00000199156.1	MIR422A	miRNA	0	0	0	0.0000	0.0000	0.0000
ENSG00000199157.2	MIR208A	miRNA	0	0	0	0.0000	0.0000	0.0000
ENSG00000199158.1	MIR96	miRNA	0	0	0	0.0000	0.0000	0.0000
ENSG00000199161.1	MIR126	miRNA	0	0	0	0.0000	0.0000	0.0000
ENSG00000199165.3	MIRLET7A1	miRNA	0	0	0	0.0000	0.0000	0.0000
ENSG00000199168.3	MIR374A	miRNA	0	0	0	0.0000	0.0000	0.0000
ENSG00000199169.1	MIR367	miRNA	0	0	0	0.0000	0.0000	0.0000
ENSG00000199172.3	MIR331	miRNA	0	0	0	0.0000	0.0000	0.0000
ENSG00000199177.1	MIR31	miRNA	0	0	0	0.0000	0.0000	0.0000
ENSG00000199179.3	MIRLET7I	miRNA	1	0	1	1.0110	0.2961	0.2851
ENSG00000199196.1	AL160394.1	snoRNA	0	0	0	0.0000	0.0000	0.0000
ENSG00000199197.1	RN7SKP72	misc_RNA	0	0	0	0.0000	0.0000	0.0000
ENSG00000199200.2	Y_RNA	misc_RNA	0	0	0	0.0000	0.0000	0.0000
ENSG00000199201.1	Y_RNA	misc_RNA	0	0	0	0.0000	0.0000	0.0000
ENSG00000199202.1	RNA5SP289	rRNA_pseudogene	0	0	0	0.0000	0.0000	0.0000
ENSG00000199203.1	Y_RNA	misc_RNA	0	0	0	0.0000	0.0000	0.0000
ENSG00000199204.1	Y_RNA	misc_RNA	0	0	0	0.0000	0.0000	0.0000
ENSG00000199212.1	RNU105C	snoRNA	0	0	0	0.0000	0.0000	0.0000
ENSG00000199217.1	RNU6-1123P	snRNA	0	0	0	0.0000	0.0000	0.0000
ENSG00000199218.1	RN7SKP184	misc_RNA	0	0	0	0.0000	0.0000	0.0000
ENSG00000199219.1	RNU6-500P	snRNA	0	0	0	0.0000	0.0000	0.0000
ENSG00000199220.1	Y_RNA	misc_RNA	0	0	0	0.0000	0.0000	0.0000
ENSG00000199222.1	Y_RNA	misc_RNA	0	0	0	0.0000	0.0000	0.0000
ENSG00000199223.1	Y_RNA	misc_RNA	0	0	0	0.0000	0.0000	0.0000
ENSG00000199224.1	Y_RNA	misc_RNA	0	0	0	0.0000	0.0000	0.0000
ENSG00000199226.1	RNU6-50P	snRNA	0	0	0	0.0000	0.0000	0.0000
ENSG00000199231.1	AC069285.1	snoRNA	0	0	0	0.0000	0.0000	0.0000
ENSG00000199237.1	RNU6-834P	snRNA	1	1	0	0.7720	0.2261	0.2177
ENSG00000199240.1	RNA5SP46	rRNA_pseudogene	0	0	0	0.0000	0.0000	0.0000
ENSG00000199241.1	Y_RNA	misc_RNA	0	0	0	0.0000	0.0000	0.0000
ENSG00000199245.1	Y_RNA	misc_RNA	0	0	0	0.0000	0.0000	0.0000
ENSG00000199246.1	RNU6-896P	snRNA	0	0	0	0.0000	0.0000	0.0000
ENSG00000199248.1	RNU6-28P	snRNA	0	0	0	0.0000	0.0000	0.0000
ENSG00000199251.1	RNU6-664P	snRNA	0	0	0	0.0000	0.0000	0.0000
ENSG00000199260.1	RNU6-874P	snRNA	0	0	0	0.0000	0.0000	0.0000
ENSG00000199263.1	Y_RNA	misc_RNA	0	0	0	0.0000	0.0000	0.0000
ENSG00000199266.1	SNORA60	snoRNA	0	0	0	0.0000	0.0000	0.0000
ENSG00000199270.1	RNA5S12	rRNA	0	0	0	0.0000	0.0000	0.0000
ENSG00000199272.1	RNU6-349P	snRNA	0	0	0	0.0000	0.0000	0.0000
ENSG00000199273.1	Y_RNA	misc_RNA	0	0	0	0.0000	0.0000	0.0000
ENSG00000199276.1	RNA5SP26	rRNA_pseudogene	0	0	0	0.0000	0.0000	0.0000
ENSG00000199279.1	RNU6-661P	snRNA	0	0	0	0.0000	0.0000	0.0000
ENSG00000199282.1	AL356754.1	snoRNA	0	0	0	0.0000	0.0000	0.0000
ENSG00000199283.1	RNU1-58P	snRNA	0	0	0	0.0000	0.0000	0.0000
ENSG00000199285.1	Y_RNA	misc_RNA	0	0	0	0.0000	0.0000	0.0000
ENSG00000199286.1	RNU6-1094P	snRNA	0	0	0	0.0000	0.0000	0.0000
ENSG00000199289.1	RNU6-502P	snRNA	0	0	0	0.0000	0.0000	0.0000
ENSG00000199290.1	Y_RNA	misc_RNA	1	0	1	0.8326	0.2439	0.2348
ENSG00000199291.1	Y_RNA	misc_RNA	0	0	0	0.0000	0.0000	0.0000
ENSG00000199293.1	SNORA21	snoRNA	0	0	0	0.0000	0.0000	0.0000
ENSG00000199295.1	RNU6-1312P	snRNA	0	0	0	0.0000	0.0000	0.0000
ENSG00000199299.1	RNA5SP430	rRNA_pseudogene	0	0	0	0.0000	0.0000	0.0000
ENSG00000199301.1	RNU6-208P	snRNA	0	0	0	0.0000	0.0000	0.0000
ENSG00000199303.1	Y_RNA	misc_RNA	0	0	0	0.0000	0.0000	0.0000
ENSG00000199306.1	RNU6-858P	snRNA	0	0	0	0.0000	0.0000	0.0000
ENSG00000199308.1	RNU6-222P	snRNA	0	0	0	0.0000	0.0000	0.0000
ENSG00000199311.1	SNORD115-34	snoRNA	0	0	0	0.0000	0.0000	0.0000
ENSG00000199313.1	RNU4-82P	snRNA	1	1	0	0.6066	0.1777	0.1711
ENSG00000199315.1	RNA5SP347	rRNA_pseudogene	0	0	0	0.0000	0.0000	0.0000
ENSG00000199318.1	RNA5SP52	rRNA_pseudogene	0	0	0	0.0000	0.0000	0.0000
ENSG00000199319.1	RN7SKP25	misc_RNA	0	0	0	0.0000	0.0000	0.0000
ENSG00000199321.1	AL512272.1	snoRNA	0	0	0	0.0000	0.0000	0.0000
ENSG00000199322.1	RNA5SP183	rRNA_pseudogene	0	0	0	0.0000	0.0000	0.0000
ENSG00000199325.1	RNU4-39P	snRNA	4	2	2	2.6747	0.7834	0.7544
ENSG00000199326.1	RNU6-1298P	snRNA	0	0	0	0.0000	0.0000	0.0000
ENSG00000199327.1	RNU6-230P	snRNA	0	0	0	0.0000	0.0000	0.0000
ENSG00000199331.1	Y_RNA	misc_RNA	0	0	0	0.0000	0.0000	0.0000
ENSG00000199332.1	Y_RNA	misc_RNA	0	1	1	0.0000	0.0000	0.0000
ENSG00000199334.1	RNA5S11	rRNA	0	0	0	0.0000	0.0000	0.0000
ENSG00000199335.1	RNU6-204P	snRNA	0	0	0	0.0000	0.0000	0.0000
ENSG00000199337.1	RNA5S3	rRNA	0	0	0	0.0000	0.0000	0.0000
ENSG00000199347.1	RNU5E-1	snRNA	0	0	0	0.0000	0.0000	0.0000
ENSG00000199348.1	RNU6-766P	snRNA	0	0	0	0.0000	0.0000	0.0000
ENSG00000199349.1	Y_RNA	misc_RNA	0	0	0	0.0000	0.0000	0.0000
ENSG00000199350.1	RNA5SP432	rRNA_pseudogene	0	0	0	0.0000	0.0000	0.0000
ENSG00000199352.1	RNA5S1	rRNA	0	0	0	0.0000	0.0000	0.0000
ENSG00000199354.1	RNA5SP273	rRNA_pseudogene	0	0	0	0.0000	0.0000	0.0000
ENSG00000199357.1	Y_RNA	misc_RNA	0	0	0	0.0000	0.0000	0.0000
ENSG00000199360.1	RNU6-1115P	snRNA	0	0	0	0.0000	0.0000	0.0000
ENSG00000199361.1	RNU1-150P	snRNA	0	0	0	0.0000	0.0000	0.0000
ENSG00000199362.1	Y_RNA	misc_RNA	0	0	0	0.0000	0.0000	0.0000
ENSG00000199363.1	SNORA63E	snoRNA	0	0	0	0.0000	0.0000	0.0000
ENSG00000199364.1	RNA5SP327	rRNA_pseudogene	0	0	0	0.0000	0.0000	0.0000
ENSG00000199366.1	Y_RNA	misc_RNA	0	0	0	0.0000	0.0000	0.0000
ENSG00000199368.1	RNU6-1084P	snRNA	0	0	0	0.0000	0.0000	0.0000
ENSG00000199370.2	U3	snoRNA	0	0	0	0.0000	0.0000	0.0000
ENSG00000199373.1	RNA5SP453	rRNA_pseudogene	0	0	0	0.0000	0.0000	0.0000
ENSG00000199377.1	RNU5F-1	snRNA	1	1	0	0.7258	0.2126	0.2047
ENSG00000199378.1	Y_RNA	misc_RNA	0	0	0	0.0000	0.0000	0.0000
ENSG00000199381.1	RNU6-79P	snRNA	0	0	0	0.0000	0.0000	0.0000
ENSG00000199385.1	RNU6-369P	snRNA	0	0	0	0.0000	0.0000	0.0000
ENSG00000199390.1	SNORD114-7	snoRNA	0	0	0	0.0000	0.0000	0.0000
ENSG00000199392.1	AC124254.1	snoRNA	0	0	0	0.0000	0.0000	0.0000
ENSG00000199394.1	RNU6-600P	snRNA	0	0	0	0.0000	0.0000	0.0000
ENSG00000199395.1	RNA5SP93	rRNA_pseudogene	0	0	0	0.0000	0.0000	0.0000
ENSG00000199396.1	RNA5S5	rRNA	0	0	0	0.0000	0.0000	0.0000
ENSG00000199398.1	Y_RNA	misc_RNA	0	0	0	0.0000	0.0000	0.0000
ENSG00000199400.1	RNY4P19	misc_RNA	0	0	0	0.0000	0.0000	0.0000
ENSG00000199402.1	RNA5SP308	rRNA_pseudogene	0	0	0	0.0000	0.0000	0.0000
ENSG00000199405.1	SNORA1B	snoRNA	0	0	0	0.0000	0.0000	0.0000
ENSG00000199407.1	RNA5SP301	rRNA_pseudogene	0	0	0	0.0000	0.0000	0.0000
ENSG00000199409.1	Y_RNA	misc_RNA	0	0	0	0.0000	0.0000	0.0000
ENSG00000199410.1	Y_RNA	misc_RNA	0	0	0	0.0000	0.0000	0.0000
ENSG00000199411.1	SNORD62	snoRNA	0	0	0	0.0000	0.0000	0.0000
ENSG00000199415.1	RNA5SP370	rRNA_pseudogene	0	0	0	0.0000	0.0000	0.0000
ENSG00000199420.1	RN7SKP170	misc_RNA	0	0	0	0.0000	0.0000	0.0000
ENSG00000199422.1	VTRNA3-1P	misc_RNA	0	0	0	0.0000	0.0000	0.0000
ENSG00000199424.1	Y_RNA	misc_RNA	0	0	0	0.0000	0.0000	0.0000
ENSG00000199426.1	RNU1-108P	snRNA	0	0	0	0.0000	0.0000	0.0000
ENSG00000199436.1	SNORD9	snoRNA	0	0	0	0.0000	0.0000	0.0000
ENSG00000199440.1	Y_RNA	misc_RNA	0	0	0	0.0000	0.0000	0.0000
ENSG00000199442.1	Y_RNA	misc_RNA	0	0	0	0.0000	0.0000	0.0000
ENSG00000199444.1	Y_RNA	misc_RNA	0	0	0	0.0000	0.0000	0.0000
ENSG00000199446.1	RNU6-543P	snRNA	0	0	0	0.0000	0.0000	0.0000
ENSG00000199448.1	RNU6-845P	snRNA	0	0	0	0.0000	0.0000	0.0000
ENSG00000199450.1	RNA5SP276	rRNA_pseudogene	0	0	0	0.0000	0.0000	0.0000
ENSG00000199453.1	SNORD115-12	snoRNA	0	0	0	0.0000	0.0000	0.0000
ENSG00000199454.1	RNA5SP388	rRNA_pseudogene	0	0	0	0.0000	0.0000	0.0000
ENSG00000199455.1	RNA5SP191	rRNA_pseudogene	0	0	0	0.0000	0.0000	0.0000
ENSG00000199458.1	RNU4-35P	snRNA	0	0	0	0.0000	0.0000	0.0000
ENSG00000199459.1	Y_RNA	misc_RNA	0	0	0	0.0000	0.0000	0.0000
ENSG00000199460.2	RNU6-1216P	snRNA	0	0	0	0.0000	0.0000	0.0000
ENSG00000199461.1	Y_RNA	misc_RNA	0	0	0	0.0000	0.0000	0.0000
ENSG00000199466.1	Y_RNA	misc_RNA	0	0	0	0.0000	0.0000	0.0000
ENSG00000199468.1	RNU6-556P	snRNA	0	0	0	0.0000	0.0000	0.0000
ENSG00000199469.1	RNU1-62P	snRNA	0	0	0	0.0000	0.0000	0.0000
ENSG00000199470.1	AC011891.1	snoRNA	0	0	0	0.0000	0.0000	0.0000
ENSG00000199471.1	Y_RNA	misc_RNA	2	1	1	1.6816	0.4926	0.4743
ENSG00000199472.1	Y_RNA	misc_RNA	0	0	0	0.0000	0.0000	0.0000
ENSG00000199473.1	SNORA63	snoRNA	0	0	0	0.0000	0.0000	0.0000
ENSG00000199474.1	AC092324.1	snoRNA	0	0	0	0.0000	0.0000	0.0000
ENSG00000199475.1	RN7SKP104	misc_RNA	0	0	0	0.0000	0.0000	0.0000
ENSG00000199476.1	Y_RNA	misc_RNA	6	1	5	4.7178	1.3819	1.3307
ENSG00000199477.1	SNORA31	snoRNA	0	0	0	0.0000	0.0000	0.0000
ENSG00000199480.1	RNA5SP389	rRNA_pseudogene	0	0	0	0.0000	0.0000	0.0000
ENSG00000199482.1	RNU6-633P	snRNA	0	0	0	0.0000	0.0000	0.0000
ENSG00000199483.1	RNU4-15P	snRNA	0	0	0	0.0000	0.0000	0.0000
ENSG00000199487.1	Y_RNA	misc_RNA	0	0	0	0.0000	0.0000	0.0000
ENSG00000199488.1	RNU1-70P	snRNA	0	0	0	0.0000	0.0000	0.0000
ENSG00000199489.1	SNORD115-25	snoRNA	0	0	0	0.0000	0.0000	0.0000
ENSG00000199490.1	Y_RNA	misc_RNA	0	0	0	0.0000	0.0000	0.0000
ENSG00000199492.1	RNU6-1313P	snRNA	0	0	0	0.0000	0.0000	0.0000
ENSG00000199497.1	RNU1-94P	snRNA	0	0	0	0.0000	0.0000	0.0000
ENSG00000199506.1	RNU6-247P	snRNA	0	0	0	0.0000	0.0000	0.0000
ENSG00000199508.1	RNA5SP110	rRNA_pseudogene	0	0	0	0.0000	0.0000	0.0000
ENSG00000199509.1	RNA5SP477	rRNA_pseudogene	3	1	7	2.1409	0.6271	0.6038
ENSG00000199512.1	RNU6-212P	snRNA	0	0	0	0.0000	0.0000	0.0000
ENSG00000199514.1	RNU6-235P	snRNA	0	0	0	0.0000	0.0000	0.0000
ENSG00000199515.1	Y_RNA	misc_RNA	0	0	0	0.0000	0.0000	0.0000
ENSG00000199516.1	Y_RNA	misc_RNA	0	0	0	0.0000	0.0000	0.0000
ENSG00000199520.1	RNU6-386P	snRNA	0	0	0	0.0000	0.0000	0.0000
ENSG00000199523.1	RNA5SP226	rRNA_pseudogene	0	0	0	0.0000	0.0000	0.0000
ENSG00000199525.1	RNA5SP295	rRNA_pseudogene	0	0	0	0.0000	0.0000	0.0000
ENSG00000199529.1	RNU6-462P	snRNA	0	0	0	0.0000	0.0000	0.0000
ENSG00000199530.1	Y_RNA	misc_RNA	0	0	0	0.0000	0.0000	0.0000
ENSG00000199535.1	RNA5SP305	rRNA_pseudogene	0	0	0	0.0000	0.0000	0.0000
ENSG00000199536.1	RNU6-315P	snRNA	0	0	0	0.0000	0.0000	0.0000
ENSG00000199540.1	Y_RNA	misc_RNA	0	0	0	0.0000	0.0000	0.0000
ENSG00000199545.1	RNA5SP195	rRNA_pseudogene	0	0	0	0.0000	0.0000	0.0000
ENSG00000199546.1	Y_RNA	misc_RNA	0	3	1	0.0000	0.0000	0.0000
ENSG00000199550.1	Y_RNA	misc_RNA	0	0	0	0.0000	0.0000	0.0000
ENSG00000199551.1	RNU6-545P	snRNA	0	0	0	0.0000	0.0000	0.0000
ENSG00000199552.1	SNORA63	snoRNA	0	0	0	0.0000	0.0000	0.0000
ENSG00000199556.1	RNA5SP361	rRNA_pseudogene	0	0	0	0.0000	0.0000	0.0000
ENSG00000199562.1	RNU6-37P	snRNA	0	0	0	0.0000	0.0000	0.0000
ENSG00000199564.1	RNA5SP502	rRNA_pseudogene	0	0	0	0.0000	0.0000	0.0000
ENSG00000199565.1	Y_RNA	misc_RNA	0	0	0	0.0000	0.0000	0.0000
ENSG00000199566.1	AC008083.1	snoRNA	0	0	0	0.0000	0.0000	0.0000
ENSG00000199567.1	Y_RNA	misc_RNA	1	1	0	0.7863	0.2303	0.2218
ENSG00000199568.1	RNU5A-1	snRNA	0	0	0	0.0000	0.0000	0.0000
ENSG00000199570.1	RNU6-228P	snRNA	1	0	1	0.8011	0.2347	0.2260
ENSG00000199571.1	AC121336.1	snoRNA	0	0	0	0.0000	0.0000	0.0000
ENSG00000199572.1	RNA5SP174	rRNA_pseudogene	0	0	0	0.0000	0.0000	0.0000
ENSG00000199574.1	SNORD18C	snoRNA	0	0	0	0.0000	0.0000	0.0000
ENSG00000199575.1	SNORD114-1	snoRNA	0	0	0	0.0000	0.0000	0.0000
ENSG00000199577.1	RNU6-822P	snRNA	0	0	0	0.0000	0.0000	0.0000
ENSG00000199580.1	Y_RNA	misc_RNA	0	0	0	0.0000	0.0000	0.0000
ENSG00000199584.1	Y_RNA	misc_RNA	0	0	0	0.0000	0.0000	0.0000
ENSG00000199585.1	RNA5SP119	rRNA_pseudogene	0	0	0	0.0000	0.0000	0.0000
ENSG00000199591.1	Y_RNA	misc_RNA	0	0	0	0.0000	0.0000	0.0000
ENSG00000199592.1	RNA5SP321	rRNA_pseudogene	0	0	0	0.0000	0.0000	0.0000
ENSG00000199593.1	SNORD114-14	snoRNA	0	0	0	0.0000	0.0000	0.0000
ENSG00000199594.1	RNU6-1301P	snRNA	0	0	0	0.0000	0.0000	0.0000
ENSG00000199595.1	Y_RNA	misc_RNA	0	0	0	0.0000	0.0000	0.0000
ENSG00000199598.1	RNU6-859P	snRNA	0	0	0	0.0000	0.0000	0.0000
ENSG00000199601.1	RNU6-562P	snRNA	0	0	0	0.0000	0.0000	0.0000
ENSG00000199603.1	RNU6-951P	snRNA	0	0	0	0.0000	0.0000	0.0000
ENSG00000199605.1	RNY4P24	misc_RNA	0	0	0	0.0000	0.0000	0.0000
ENSG00000199609.1	RNA5SP124	rRNA_pseudogene	0	0	0	0.0000	0.0000	0.0000
ENSG00000199620.1	RNA5SP258	rRNA_pseudogene	0	0	0	0.0000	0.0000	0.0000
ENSG00000199622.1	RN7SKP20	misc_RNA	0	0	0	0.0000	0.0000	0.0000
ENSG00000199626.1	RNU6-989P	snRNA	0	0	0	0.0000	0.0000	0.0000
ENSG00000199627.1	RNU6-1010P	snRNA	0	0	0	0.0000	0.0000	0.0000
ENSG00000199629.1	RNU1-14P	snRNA	0	0	0	0.0000	0.0000	0.0000
ENSG00000199630.1	Y_RNA	misc_RNA	0	0	0	0.0000	0.0000	0.0000
ENSG00000199631.1	SNORD33	snoRNA	0	0	0	0.0000	0.0000	0.0000
ENSG00000199633.1	SNORA63	snoRNA	0	0	0	0.0000	0.0000	0.0000
ENSG00000199634.1	RNU4-79P	snRNA	0	0	0	0.0000	0.0000	0.0000
ENSG00000199635.1	Y_RNA	misc_RNA	0	0	0	0.0000	0.0000	0.0000
ENSG00000199636.1	Y_RNA	misc_RNA	0	0	0	0.0000	0.0000	0.0000
ENSG00000199638.1	RNA5SP319	rRNA_pseudogene	0	0	0	0.0000	0.0000	0.0000
ENSG00000199640.1	RN7SKP294	misc_RNA	0	0	0	0.0000	0.0000	0.0000
ENSG00000199643.1	RNU4-90P	snRNA	0	0	0	0.0000	0.0000	0.0000
ENSG00000199645.1	RNU6-1330P	snRNA	0	0	0	0.0000	0.0000	0.0000
ENSG00000199646.1	RNU6-1272P	snRNA	0	0	0	0.0000	0.0000	0.0000
ENSG00000199652.2	RNU1-35P	snRNA	1	0	1	0.5550	0.1626	0.1566
ENSG00000199664.1	RNU6-1266P	snRNA	0	0	0	0.0000	0.0000	0.0000
ENSG00000199666.2	SNORD3G	snoRNA	1	0	1	0.3950	0.1157	0.1114
ENSG00000199667.1	Y_RNA	misc_RNA	0	0	0	0.0000	0.0000	0.0000
ENSG00000199668.1	Y_RNA	misc_RNA	0	0	0	0.0000	0.0000	0.0000
ENSG00000199672.1	RNU4-21P	snRNA	0	0	0	0.0000	0.0000	0.0000
ENSG00000199673.1	SNORD16	snoRNA	0	0	0	0.0000	0.0000	0.0000
ENSG00000199674.1	RNU6-862P	snRNA	0	0	0	0.0000	0.0000	0.0000
ENSG00000199676.1	Y_RNA	misc_RNA	0	0	0	0.0000	0.0000	0.0000
ENSG00000199677.1	Y_RNA	misc_RNA	0	0	0	0.0000	0.0000	0.0000
ENSG00000199683.1	RN7SKP185	misc_RNA	0	0	0	0.0000	0.0000	0.0000
ENSG00000199687.1	RNU1-38P	snRNA	0	0	0	0.0000	0.0000	0.0000
ENSG00000199691.1	RN7SKP173	misc_RNA	0	0	0	0.0000	0.0000	0.0000
ENSG00000199695.1	RNU6-1128P	snRNA	0	0	0	0.0000	0.0000	0.0000
ENSG00000199697.1	RNU6-446P	snRNA	0	0	0	0.0000	0.0000	0.0000
ENSG00000199698.1	Y_RNA	misc_RNA	0	0	0	0.0000	0.0000	0.0000
ENSG00000199700.1	RNU6-223P	snRNA	0	0	0	0.0000	0.0000	0.0000
ENSG00000199701.1	Y_RNA	misc_RNA	0	0	0	0.0000	0.0000	0.0000
ENSG00000199702.1	RNU6-170P	snRNA	0	0	0	0.0000	0.0000	0.0000
ENSG00000199704.1	SNORD115-29	snoRNA	0	0	0	0.0000	0.0000	0.0000
ENSG00000199705.1	Y_RNA	misc_RNA	0	0	0	0.0000	0.0000	0.0000
ENSG00000199709.1	RNU4-23P	snRNA	0	0	0	0.0000	0.0000	0.0000
ENSG00000199710.1	Y_RNA	misc_RNA	0	0	0	0.0000	0.0000	0.0000
ENSG00000199711.1	Y_RNA	misc_RNA	0	0	0	0.0000	0.0000	0.0000
ENSG00000199712.1	SNORD115-2	snoRNA	0	0	0	0.0000	0.0000	0.0000
ENSG00000199713.1	U8	snoRNA	0	0	0	0.0000	0.0000	0.0000
ENSG00000199715.1	Y_RNA	misc_RNA	0	0	0	0.0000	0.0000	0.0000
ENSG00000199716.1	Y_RNA	misc_RNA	0	0	0	0.0000	0.0000	0.0000
ENSG00000199719.1	RN7SKP74	misc_RNA	4	2	4	1.0993	0.3220	0.3101
ENSG00000199728.1	RNU6-655P	snRNA	0	0	0	0.0000	0.0000	0.0000
ENSG00000199730.1	RN7SKP95	misc_RNA	0	0	0	0.0000	0.0000	0.0000
ENSG00000199731.1	RNU6-1079P	snRNA	0	0	0	0.0000	0.0000	0.0000
ENSG00000199732.1	Y_RNA	misc_RNA	0	0	0	0.0000	0.0000	0.0000
ENSG00000199733.1	RNA5SP307	rRNA_pseudogene	0	0	0	0.0000	0.0000	0.0000
ENSG00000199735.1	RNU6-227P	snRNA	0	0	0	0.0000	0.0000	0.0000
ENSG00000199739.1	RNU6-552P	snRNA	0	0	0	0.0000	0.0000	0.0000
ENSG00000199740.1	Y_RNA	misc_RNA	0	0	0	0.0000	0.0000	0.0000
ENSG00000199744.1	SNORD36A	snoRNA	0	0	0	0.0000	0.0000	0.0000
ENSG00000199751.1	Y_RNA	misc_RNA	2	2	0	1.6651	0.4877	0.4697
ENSG00000199753.1	SNORD104	snoRNA	3	2	1	3.6394	1.0661	1.0265
ENSG00000199755.1	Y_RNA	misc_RNA	0	0	0	0.0000	0.0000	0.0000
ENSG00000199756.1	Y_RNA	misc_RNA	0	0	0	0.0000	0.0000	0.0000
ENSG00000199762.1	Y_RNA	misc_RNA	0	0	0	0.0000	0.0000	0.0000
ENSG00000199764.1	Y_RNA	misc_RNA	0	0	0	0.0000	0.0000	0.0000
ENSG00000199765.1	RNU6-363P	snRNA	0	0	0	0.0000	0.0000	0.0000
ENSG00000199767.1	RNU6-78P	snRNA	0	0	0	0.0000	0.0000	0.0000
ENSG00000199771.1	RNA5SP426	rRNA_pseudogene	0	0	0	0.0000	0.0000	0.0000
ENSG00000199773.1	RNU1-76P	snRNA	0	0	0	0.0000	0.0000	0.0000
ENSG00000199780.1	Y_RNA	misc_RNA	0	0	0	0.0000	0.0000	0.0000
ENSG00000199781.1	Y_RNA	misc_RNA	0	0	0	0.0000	0.0000	0.0000
ENSG00000199782.1	SNORD115-9	snoRNA	0	0	0	0.0000	0.0000	0.0000
ENSG00000199783.1	AL049759.1	snoRNA	0	0	0	0.0000	0.0000	0.0000
ENSG00000199784.1	RNU6-1287P	snRNA	0	0	0	0.0000	0.0000	0.0000
ENSG00000199785.1	SNORA52	snoRNA	0	0	0	0.0000	0.0000	0.0000
ENSG00000199786.1	RNA5SP188	rRNA_pseudogene	0	0	0	0.0000	0.0000	0.0000
ENSG00000199787.1	SNORA80C	snoRNA	0	0	0	0.0000	0.0000	0.0000
ENSG00000199788.1	RNY3P2	misc_RNA	0	0	0	0.0000	0.0000	0.0000
ENSG00000199790.1	RNU6-836P	snRNA	0	0	0	0.0000	0.0000	0.0000
ENSG00000199791.1	RNU6-451P	snRNA	0	0	0	0.0000	0.0000	0.0000
ENSG00000199792.1	RNU6-1233P	snRNA	0	0	0	0.0000	0.0000	0.0000
ENSG00000199796.1	RNU6-924P	snRNA	0	0	0	0.0000	0.0000	0.0000
ENSG00000199797.1	Y_RNA	misc_RNA	0	0	0	0.0000	0.0000	0.0000
ENSG00000199798.1	SNORD114-5	snoRNA	0	0	0	0.0000	0.0000	0.0000
ENSG00000199801.1	Y_RNA	misc_RNA	0	0	0	0.0000	0.0000	0.0000
ENSG00000199803.1	RNU6-1159P	snRNA	0	0	0	0.0000	0.0000	0.0000
ENSG00000199804.1	RNA5SP383	rRNA_pseudogene	3	0	3	2.1230	0.6219	0.5988
ENSG00000199805.1	RNU1-134P	snRNA	0	0	0	0.0000	0.0000	0.0000
ENSG00000199806.1	RNA5SP491	rRNA_pseudogene	0	0	0	0.0000	0.0000	0.0000
ENSG00000199809.1	RNA5SP374	rRNA_pseudogene	0	0	0	0.0000	0.0000	0.0000
ENSG00000199812.1	RNU6-428P	snRNA	0	0	0	0.0000	0.0000	0.0000
ENSG00000199814.1	RNU6-1260P	snRNA	0	0	0	0.0000	0.0000	0.0000
ENSG00000199815.2	AC034186.1	snoRNA	0	0	0	0.0000	0.0000	0.0000
ENSG00000199824.1	RNU6-199P	snRNA	1	1	0	0.7936	0.2325	0.2239
ENSG00000199827.1	RNU6-1290P	snRNA	0	0	0	0.0000	0.0000	0.0000
ENSG00000199831.1	RN7SKP291	misc_RNA	0	0	0	0.0000	0.0000	0.0000
ENSG00000199832.1	Y_RNA	misc_RNA	0	0	0	0.0000	0.0000	0.0000
ENSG00000199833.1	SNORD115-21	snoRNA	0	0	0	0.0000	0.0000	0.0000
ENSG00000199836.1	RNU1-47P	snRNA	3	0	3	1.5630	0.4578	0.4408
ENSG00000199839.1	RNA5SP150	rRNA	0	0	0	0.0000	0.0000	0.0000
ENSG00000199840.1	Y_RNA	misc_RNA	0	0	0	0.0000	0.0000	0.0000
ENSG00000199843.1	RNA5SP358	rRNA_pseudogene	0	0	0	0.0000	0.0000	0.0000
ENSG00000199845.1	RNA5SP375	rRNA_pseudogene	0	0	0	0.0000	0.0000	0.0000
ENSG00000199846.1	RNU1-72P	snRNA	2	0	2	1.1101	0.3252	0.3131
ENSG00000199849.1	RNU5F-6P	snRNA	0	0	0	0.0000	0.0000	0.0000
ENSG00000199851.2	U3	snoRNA	0	0	0	0.0000	0.0000	0.0000
ENSG00000199855.1	RNU6-490P	snRNA	0	0	0	0.0000	0.0000	0.0000
ENSG00000199856.2	U3	snoRNA	0	0	0	0.0000	0.0000	0.0000
ENSG00000199857.1	AC096743.1	snoRNA	0	0	0	0.0000	0.0000	0.0000
ENSG00000199858.1	RNU6-1120P	snRNA	0	0	0	0.0000	0.0000	0.0000
ENSG00000199859.1	RNU6-582P	snRNA	0	0	0	0.0000	0.0000	0.0000
ENSG00000199862.1	Y_RNA	misc_RNA	0	0	0	0.0000	0.0000	0.0000
ENSG00000199865.1	RNU6-495P	snRNA	0	0	0	0.0000	0.0000	0.0000
ENSG00000199866.1	Y_RNA	misc_RNA	1	1	0	0.8326	0.2439	0.2348
ENSG00000199867.1	Y_RNA	misc_RNA	0	0	0	0.0000	0.0000	0.0000
ENSG00000199870.1	Y_RNA	misc_RNA	0	0	0	0.0000	0.0000	0.0000
ENSG00000199872.1	RNU6-942P	snRNA	0	0	0	0.0000	0.0000	0.0000
ENSG00000199874.1	RNA5SP452	rRNA_pseudogene	1	1	0	0.7136	0.2090	0.2013
ENSG00000199875.1	Y_RNA	misc_RNA	1	0	1	0.7515	0.2201	0.2120
ENSG00000199878.1	RN7SKP149	misc_RNA	0	0	0	0.0000	0.0000	0.0000
ENSG00000199879.1	RNVU1-22	snRNA	0	0	0	0.0000	0.0000	0.0000
ENSG00000199880.1	RNU6-888P	snRNA	0	0	0	0.0000	0.0000	0.0000
ENSG00000199881.1	Y_RNA	misc_RNA	0	0	0	0.0000	0.0000	0.0000
ENSG00000199883.1	RN7SKP90	misc_RNA	0	0	0	0.0000	0.0000	0.0000
ENSG00000199884.1	Y_RNA	misc_RNA	0	0	0	0.0000	0.0000	0.0000
ENSG00000199885.1	RNU6-330P	snRNA	0	0	0	0.0000	0.0000	0.0000
ENSG00000199886.1	RNU6-249P	snRNA	0	0	0	0.0000	0.0000	0.0000
ENSG00000199890.1	Y_RNA	misc_RNA	0	0	0	0.0000	0.0000	0.0000
ENSG00000199892.2	RNU1-17P	snRNA	0	0	0	0.0000	0.0000	0.0000
ENSG00000199894.1	AC093872.1	snoRNA	0	0	0	0.0000	0.0000	0.0000
ENSG00000199895.1	Y_RNA	misc_RNA	0	0	0	0.0000	0.0000	0.0000
ENSG00000199899.2	Y_RNA	misc_RNA	0	0	0	0.0000	0.0000	0.0000
ENSG00000199901.1	Y_RNA	misc_RNA	0	0	0	0.0000	0.0000	0.0000
ENSG00000199903.1	RNU6-1273P	snRNA	0	0	0	0.0000	0.0000	0.0000
ENSG00000199905.1	RNU6-492P	snRNA	0	0	0	0.0000	0.0000	0.0000
ENSG00000199906.1	RNU5B-2P	snRNA	3	2	1	2.2545	0.6604	0.6359
ENSG00000199910.1	RNA5S10	rRNA	0	0	0	0.0000	0.0000	0.0000
ENSG00000199911.1	Y_RNA	misc_RNA	0	0	0	0.0000	0.0000	0.0000
ENSG00000199912.1	Y_RNA	misc_RNA	0	0	0	0.0000	0.0000	0.0000
ENSG00000199913.1	Y_RNA	misc_RNA	0	0	0	0.0000	0.0000	0.0000
ENSG00000199914.1	SNORD114-16	snoRNA	0	0	0	0.0000	0.0000	0.0000
ENSG00000199920.1	RNU4-44P	snRNA	0	0	0	0.0000	0.0000	0.0000
ENSG00000199921.1	RNU6-161P	snRNA	0	0	0	0.0000	0.0000	0.0000
ENSG00000199924.1	RNU6-1252P	snRNA	0	0	0	0.0000	0.0000	0.0000
ENSG00000199927.2	AC025614.1	snoRNA	0	0	0	0.0000	0.0000	0.0000
ENSG00000199929.1	RNA5SP405	rRNA_pseudogene	0	0	0	0.0000	0.0000	0.0000
ENSG00000199932.1	RNU1-18P	snRNA	0	0	0	0.0000	0.0000	0.0000
ENSG00000199933.1	RNY1P16	misc_RNA	0	0	0	0.0000	0.0000	0.0000
ENSG00000199934.1	SNORD81	snoRNA	0	0	0	0.0000	0.0000	0.0000
ENSG00000199936.1	Y_RNA	misc_RNA	0	0	0	0.0000	0.0000	0.0000
ENSG00000199938.1	Y_RNA	misc_RNA	0	0	0	0.0000	0.0000	0.0000
ENSG00000199940.1	RN7SKP75	misc_RNA	0	0	0	0.0000	0.0000	0.0000
ENSG00000199942.1	SNORD114-19	snoRNA	0	0	0	0.0000	0.0000	0.0000
ENSG00000199944.1	RNU6-653P	snRNA	0	0	0	0.0000	0.0000	0.0000
ENSG00000199949.2	Y_RNA	misc_RNA	0	0	0	0.0000	0.0000	0.0000
ENSG00000199953.1	RNA5SP443	rRNA	0	0	0	0.0000	0.0000	0.0000
ENSG00000199959.1	AL359273.1	snoRNA	1	1	0	0.6199	0.1816	0.1748
ENSG00000199960.1	SNORD115-14	snoRNA	0	0	0	0.0000	0.0000	0.0000
ENSG00000199961.1	SNORD1B	snoRNA	1	1	0	1.0110	0.2961	0.2851
ENSG00000199962.1	Y_RNA	misc_RNA	0	0	0	0.0000	0.0000	0.0000
ENSG00000199963.1	RNU6-605P	snRNA	0	0	0	0.0000	0.0000	0.0000
ENSG00000199964.1	Y_RNA	misc_RNA	0	0	0	0.0000	0.0000	0.0000
ENSG00000199968.1	SNORD115-19	snoRNA	0	0	0	0.0000	0.0000	0.0000
ENSG00000199970.1	SNORD115-3	snoRNA	0	0	0	0.0000	0.0000	0.0000
ENSG00000199971.1	RNU6-797P	snRNA	0	0	0	0.0000	0.0000	0.0000
ENSG00000199975.1	RN7SKP243	misc_RNA	0	0	0	0.0000	0.0000	0.0000
ENSG00000199977.1	SNORA73	snoRNA	0	0	0	0.0000	0.0000	0.0000
ENSG00000199979.1	Y_RNA	misc_RNA	0	0	0	0.0000	0.0000	0.0000
ENSG00000199985.1	RNA5SP264	rRNA_pseudogene	0	0	0	0.0000	0.0000	0.0000
ENSG00000199986.1	RNU6-486P	snRNA	0	0	0	0.0000	0.0000	0.0000
ENSG00000199990.1	VTRNA1-1	misc_RNA	1	0	1	0.8578	0.2513	0.2419
ENSG00000199994.1	RNA5SP145	rRNA_pseudogene	0	0	0	0.0000	0.0000	0.0000
ENSG00000200003.1	RNU6-986P	snRNA	0	0	0	0.0000	0.0000	0.0000
ENSG00000200008.1	Y_RNA	misc_RNA	0	0	0	0.0000	0.0000	0.0000
ENSG00000200011.1	Y_RNA	misc_RNA	0	0	0	0.0000	0.0000	0.0000
ENSG00000200013.1	RNU6-623P	snRNA	1	0	1	0.8088	0.2369	0.2281
ENSG00000200021.1	RNA5SP448	rRNA_pseudogene	0	0	0	0.0000	0.0000	0.0000
ENSG00000200024.1	Y_RNA	misc_RNA	0	0	0	0.0000	0.0000	0.0000
ENSG00000200026.1	U8	snoRNA	0	0	0	0.0000	0.0000	0.0000
ENSG00000200028.1	RNA5SP98	rRNA_pseudogene	0	0	0	0.0000	0.0000	0.0000
ENSG00000200029.1	RNU6-642P	snRNA	1	1	0	0.8165	0.2392	0.2303
ENSG00000200033.1	RNU6-403P	snRNA	43	22	21	35.1113	10.2847	9.9034
ENSG00000200034.1	RNU4-73P	snRNA	0	0	0	0.0000	0.0000	0.0000
ENSG00000200036.1	RNA5SP65	rRNA_pseudogene	0	0	0	0.0000	0.0000	0.0000
ENSG00000200040.1	Y_RNA	misc_RNA	0	0	0	0.0000	0.0000	0.0000
ENSG00000200041.1	Y_RNA	misc_RNA	0	0	0	0.0000	0.0000	0.0000
ENSG00000200047.1	RN7SKP115	misc_RNA	0	0	0	0.0000	0.0000	0.0000
ENSG00000200048.1	RNU6-812P	snRNA	0	0	0	0.0000	0.0000	0.0000
ENSG00000200049.1	Y_RNA	misc_RNA	0	0	0	0.0000	0.0000	0.0000
ENSG00000200051.1	AC011399.1	snoRNA	0	0	0	0.0000	0.0000	0.0000
ENSG00000200052.1	Y_RNA	misc_RNA	0	0	0	0.0000	0.0000	0.0000
ENSG00000200057.1	RN7SKP63	misc_RNA	0	0	0	0.0000	0.0000	0.0000
ENSG00000200058.1	RNA5SP218	rRNA_pseudogene	0	0	0	0.0000	0.0000	0.0000
ENSG00000200059.1	Y_RNA	misc_RNA	0	0	0	0.0000	0.0000	0.0000
ENSG00000200060.1	Y_RNA	misc_RNA	0	0	0	0.0000	0.0000	0.0000
ENSG00000200062.1	RNU4-58P	snRNA	0	0	0	0.0000	0.0000	0.0000
ENSG00000200063.1	AC061992.1	snoRNA	0	0	0	0.0000	0.0000	0.0000
ENSG00000200064.1	RNY4P9	misc_RNA	0	0	0	0.0000	0.0000	0.0000
ENSG00000200065.1	Y_RNA	misc_RNA	0	0	0	0.0000	0.0000	0.0000
ENSG00000200070.1	RNU4-80P	snRNA	0	0	0	0.0000	0.0000	0.0000
ENSG00000200072.1	AL138691.1	snoRNA	0	0	0	0.0000	0.0000	0.0000
ENSG00000200075.1	AC022973.1	snoRNA	0	0	0	0.0000	0.0000	0.0000
ENSG00000200079.1	RNA5SP326	rRNA_pseudogene	0	0	0	0.0000	0.0000	0.0000
ENSG00000200084.1	SNORD68	snoRNA	0	0	0	0.0000	0.0000	0.0000
ENSG00000200085.1	Y_RNA	misc_RNA	0	0	0	0.0000	0.0000	0.0000
ENSG00000200086.1	RNU6-433P	snRNA	0	0	0	0.0000	0.0000	0.0000
ENSG00000200087.1	SNORA73B	snoRNA	21	4	17	8.7418	2.5606	2.4657
ENSG00000200089.1	SNORD114-31	snoRNA	0	0	0	0.0000	0.0000	0.0000
ENSG00000200090.1	Y_RNA	misc_RNA	4	1	3	3.4311	1.0050	0.9678
ENSG00000200091.1	RN7SKP163	misc_RNA	0	0	0	0.0000	0.0000	0.0000
ENSG00000200095.1	RNU6-181P	snRNA	1	0	1	0.7936	0.2325	0.2239
ENSG00000200097.1	RNU6-1167P	snRNA	0	0	0	0.0000	0.0000	0.0000
ENSG00000200101.1	RNU6-508P	snRNA	0	0	0	0.0000	0.0000	0.0000
ENSG00000200102.1	RNU6-252P	snRNA	0	0	0	0.0000	0.0000	0.0000
ENSG00000200105.1	RNU6-251P	snRNA	0	0	0	0.0000	0.0000	0.0000
ENSG00000200106.1	RNU6-984P	snRNA	0	0	0	0.0000	0.0000	0.0000
ENSG00000200107.1	RNU6-1249P	snRNA	0	0	0	0.0000	0.0000	0.0000
ENSG00000200108.1	RNU6-774P	snRNA	0	0	0	0.0000	0.0000	0.0000
ENSG00000200112.1	AC012157.1	snoRNA	0	0	0	0.0000	0.0000	0.0000
ENSG00000200113.1	AC078843.1	snoRNA	0	0	0	0.0000	0.0000	0.0000
ENSG00000200114.1	RNA5SP123	rRNA_pseudogene	0	0	0	0.0000	0.0000	0.0000
ENSG00000200118.1	Y_RNA	misc_RNA	0	0	0	0.0000	0.0000	0.0000
ENSG00000200120.1	Y_RNA	misc_RNA	0	0	0	0.0000	0.0000	0.0000
ENSG00000200121.2	Y_RNA	misc_RNA	0	0	0	0.0000	0.0000	0.0000
ENSG00000200131.1	RN7SKP77	misc_RNA	0	0	0	0.0000	0.0000	0.0000
ENSG00000200132.1	RNU6-1021P	snRNA	0	0	0	0.0000	0.0000	0.0000
ENSG00000200135.1	Y_RNA	misc_RNA	0	0	0	0.0000	0.0000	0.0000
ENSG00000200138.1	RNY1P10	misc_RNA	0	0	0	0.0000	0.0000	0.0000
ENSG00000200139.1	RNU6-778P	snRNA	0	0	0	0.0000	0.0000	0.0000
ENSG00000200142.1	Y_RNA	misc_RNA	0	0	0	0.0000	0.0000	0.0000
ENSG00000200146.1	RNU6-544P	snRNA	0	0	0	0.0000	0.0000	0.0000
ENSG00000200150.1	AL132709.1	snoRNA	0	0	0	0.0000	0.0000	0.0000
ENSG00000200151.1	RN7SKP231	misc_RNA	0	0	0	0.0000	0.0000	0.0000
ENSG00000200152.1	RNU6-216P	snRNA	4	4	0	3.2662	0.9567	0.9212
ENSG00000200153.1	RNU6-23P	snRNA	1	0	1	0.7936	0.2325	0.2239
ENSG00000200156.1	RNU5B-1	snRNA	0	0	0	0.0000	0.0000	0.0000
ENSG00000200161.1	RN7SKP145	misc_RNA	0	0	0	0.0000	0.0000	0.0000
ENSG00000200162.1	Y_RNA	misc_RNA	0	0	0	0.0000	0.0000	0.0000
ENSG00000200163.1	SNORD115-18	snoRNA	0	0	0	0.0000	0.0000	0.0000
ENSG00000200164.1	Y_RNA	misc_RNA	1	1	0	0.8408	0.2463	0.2372
ENSG00000200168.1	RNA5SP350	rRNA_pseudogene	0	0	0	0.0000	0.0000	0.0000
ENSG00000200169.1	RNU5D-1	snRNA	0	0	0	0.0000	0.0000	0.0000
ENSG00000200170.1	Y_RNA	misc_RNA	0	0	0	0.0000	0.0000	0.0000
ENSG00000200171.1	Y_RNA	misc_RNA	0	0	0	0.0000	0.0000	0.0000
ENSG00000200174.1	Y_RNA	misc_RNA	0	0	0	0.0000	0.0000	0.0000
ENSG00000200175.1	RNU6-1309P	snRNA	0	0	0	0.0000	0.0000	0.0000
ENSG00000200176.1	RNU1-19P	snRNA	0	0	0	0.0000	0.0000	0.0000
ENSG00000200179.1	Y_RNA	misc_RNA	0	0	0	0.0000	0.0000	0.0000
ENSG00000200183.1	RNU6-238P	snRNA	0	0	0	0.0000	0.0000	0.0000
ENSG00000200184.1	RNU1-20P	snRNA	0	0	0	0.0000	0.0000	0.0000
ENSG00000200189.1	RNU6-832P	snRNA	0	0	0	0.0000	0.0000	0.0000
ENSG00000200191.1	U8	snoRNA	0	0	0	0.0000	0.0000	0.0000
ENSG00000200197.1	RNU1-21P	snRNA	0	0	0	0.0000	0.0000	0.0000
ENSG00000200198.1	RN7SKP211	misc_RNA	0	0	0	0.0000	0.0000	0.0000
ENSG00000200201.1	Y_RNA	misc_RNA	0	0	0	0.0000	0.0000	0.0000
ENSG00000200204.1	RNU1-22P	snRNA	0	0	0	0.0000	0.0000	0.0000
ENSG00000200206.1	AC016180.1	snoRNA	0	0	0	0.0000	0.0000	0.0000
ENSG00000200208.1	Y_RNA	misc_RNA	0	0	0	0.0000	0.0000	0.0000
ENSG00000200209.1	Y_RNA	misc_RNA	0	0	0	0.0000	0.0000	0.0000
ENSG00000200211.1	RNY4P27	misc_RNA	0	0	0	0.0000	0.0000	0.0000
ENSG00000200213.1	RNU6-992P	snRNA	0	0	0	0.0000	0.0000	0.0000
ENSG00000200215.3	SNORD113-6	snoRNA	0	0	0	0.0000	0.0000	0.0000
ENSG00000200216.2	RNU6-745P	snRNA	0	0	0	0.0000	0.0000	0.0000
ENSG00000200217.1	RNU6-839P	snRNA	0	0	0	0.0000	0.0000	0.0000
ENSG00000200218.1	RNU6-697P	snRNA	0	0	0	0.0000	0.0000	0.0000
ENSG00000200220.1	RNU6-179P	snRNA	0	0	0	0.0000	0.0000	0.0000
ENSG00000200222.2	U3	snoRNA	0	0	0	0.0000	0.0000	0.0000
ENSG00000200224.2	RNU6-626P	snRNA	0	0	0	0.0000	0.0000	0.0000
ENSG00000200225.1	RNA5SP382	rRNA_pseudogene	0	0	0	0.0000	0.0000	0.0000
ENSG00000200227.1	RNA5SP197	rRNA_pseudogene	0	0	0	0.0000	0.0000	0.0000
ENSG00000200231.1	RNU1-23P	snRNA	0	0	0	0.0000	0.0000	0.0000
ENSG00000200235.1	AC116353.1	snoRNA	0	0	0	0.0000	0.0000	0.0000
ENSG00000200237.1	SNORA70	snoRNA	2	0	2	1.2045	0.3528	0.3397
ENSG00000200238.1	RNA5SP133	rRNA_pseudogene	0	0	0	0.0000	0.0000	0.0000
ENSG00000200241.1	Y_RNA	misc_RNA	0	0	0	0.0000	0.0000	0.0000
ENSG00000200243.1	RN7SKP79	misc_RNA	0	0	0	0.0000	0.0000	0.0000
ENSG00000200246.1	RNA5SP263	rRNA_pseudogene	0	0	0	0.0000	0.0000	0.0000
ENSG00000200247.1	RNU6-254P	snRNA	0	0	0	0.0000	0.0000	0.0000
ENSG00000200248.1	RNA5SP214	rRNA_pseudogene	0	0	0	0.0000	0.0000	0.0000
ENSG00000200250.1	RNU6-1147P	snRNA	0	0	0	0.0000	0.0000	0.0000
ENSG00000200252.1	Y_RNA	misc_RNA	0	0	0	0.0000	0.0000	0.0000
ENSG00000200253.1	RNU6-529P	snRNA	7	2	5	5.7158	1.6742	1.6122
ENSG00000200254.1	RNU6-536P	snRNA	0	0	0	0.0000	0.0000	0.0000
ENSG00000200256.1	Y_RNA	misc_RNA	0	0	0	0.0000	0.0000	0.0000
ENSG00000200257.1	RNU6-97P	snRNA	1	1	0	0.8165	0.2392	0.2303
ENSG00000200259.1	SNORD35A	snoRNA	0	0	0	0.0000	0.0000	0.0000
ENSG00000200261.1	Y_RNA	misc_RNA	0	0	0	0.0000	0.0000	0.0000
ENSG00000200262.1	Y_RNA	misc_RNA	0	0	0	0.0000	0.0000	0.0000
ENSG00000200267.1	RNU6-66P	snRNA	0	0	0	0.0000	0.0000	0.0000
ENSG00000200269.1	RNU6-838P	snRNA	0	0	0	0.0000	0.0000	0.0000
ENSG00000200274.1	RNU4-32P	snRNA	0	0	0	0.0000	0.0000	0.0000
ENSG00000200275.1	RNA5SP199	rRNA_pseudogene	0	0	0	0.0000	0.0000	0.0000
ENSG00000200278.1	RNA5SP352	rRNA_pseudogene	0	16	15	0.0000	0.0000	0.0000
ENSG00000200279.1	SNORD114-10	snoRNA	0	0	0	0.0000	0.0000	0.0000
ENSG00000200281.1	RNU6-624P	snRNA	0	0	0	0.0000	0.0000	0.0000
ENSG00000200283.1	Y_RNA	misc_RNA	0	0	0	0.0000	0.0000	0.0000
ENSG00000200287.1	Y_RNA	misc_RNA	0	0	0	0.0000	0.0000	0.0000
ENSG00000200288.1	AC026355.1	snoRNA	6	3	3	3.9806	1.1660	1.1228
ENSG00000200291.1	Y_RNA	misc_RNA	0	0	0	0.0000	0.0000	0.0000
ENSG00000200293.1	RNA5SP393	rRNA_pseudogene	0	0	0	0.0000	0.0000	0.0000
ENSG00000200294.1	AL607035.1	snoRNA	0	0	0	0.0000	0.0000	0.0000
ENSG00000200295.1	RNU6-527P	snRNA	0	0	0	0.0000	0.0000	0.0000
ENSG00000200296.1	RNU1-83P	snRNA	0	0	0	0.0000	0.0000	0.0000
ENSG00000200298.1	Y_RNA	misc_RNA	0	0	0	0.0000	0.0000	0.0000
ENSG00000200301.1	RNA5SP483	rRNA_pseudogene	1	0	1	0.7197	0.2108	0.2030
ENSG00000200303.1	RNU6-940P	snRNA	1	0	1	0.8165	0.2392	0.2303
ENSG00000200304.1	RNU6-1255P	snRNA	0	0	0	0.0000	0.0000	0.0000
ENSG00000200305.1	Y_RNA	misc_RNA	0	1	0	0.0000	0.0000	0.0000
ENSG00000200309.1	Y_RNA	misc_RNA	0	0	0	0.0000	0.0000	0.0000
ENSG00000200310.1	RNA5SP215	rRNA_pseudogene	0	0	0	0.0000	0.0000	0.0000
ENSG00000200312.1	RN7SKP255	misc_RNA	0	0	0	0.0000	0.0000	0.0000
ENSG00000200313.1	RNA5-8SP7	rRNA_pseudogene	0	0	0	0.0000	0.0000	0.0000
ENSG00000200314.1	Y_RNA	misc_RNA	0	0	0	0.0000	0.0000	0.0000
ENSG00000200318.2	SNORD3P1	snoRNA	0	0	0	0.0000	0.0000	0.0000
ENSG00000200320.1	SNORA63	snoRNA	0	0	0	0.0000	0.0000	0.0000
ENSG00000200325.1	Y_RNA	misc_RNA	0	0	0	0.0000	0.0000	0.0000
ENSG00000200326.1	RNA5SP391	rRNA_pseudogene	0	0	0	0.0000	0.0000	0.0000
ENSG00000200327.1	RNA5SP62	rRNA_pseudogene	0	0	0	0.0000	0.0000	0.0000
ENSG00000200331.1	RNU6-183P	snRNA	0	0	0	0.0000	0.0000	0.0000
ENSG00000200332.1	Y_RNA	misc_RNA	0	0	0	0.0000	0.0000	0.0000
ENSG00000200334.1	Y_RNA	misc_RNA	0	0	0	0.0000	0.0000	0.0000
ENSG00000200336.1	RNA5SP333	rRNA_pseudogene	0	0	0	0.0000	0.0000	0.0000
ENSG00000200338.1	RNU1-49P	snRNA	0	0	0	0.0000	0.0000	0.0000
ENSG00000200340.1	RNU1-105P	snRNA	0	0	0	0.0000	0.0000	0.0000
ENSG00000200343.1	RNA5S8	rRNA	0	0	0	0.0000	0.0000	0.0000
ENSG00000200344.1	Y_RNA	misc_RNA	3	1	2	2.4734	0.7245	0.6976
ENSG00000200345.2	RNU6-485P	snRNA	1	1	0	0.7936	0.2325	0.2239
ENSG00000200350.1	RNU6-1285P	snRNA	0	0	0	0.0000	0.0000	0.0000
ENSG00000200351.1	Y_RNA	misc_RNA	2	1	1	1.5440	0.4523	0.4355
ENSG00000200354.1	SNORA71D	snoRNA	0	0	0	0.0000	0.0000	0.0000
ENSG00000200355.1	SNORA72	snoRNA	0	0	0	0.0000	0.0000	0.0000
ENSG00000200356.1	RNU6-833P	snRNA	0	0	0	0.0000	0.0000	0.0000
ENSG00000200360.1	RNU6-792P	snRNA	0	0	0	0.0000	0.0000	0.0000
ENSG00000200361.1	Y_RNA	misc_RNA	0	1	0	0.0000	0.0000	0.0000
ENSG00000200366.1	RNU6-511P	snRNA	0	0	0	0.0000	0.0000	0.0000
ENSG00000200367.1	SNORD113-8	snoRNA	0	0	0	0.0000	0.0000	0.0000
ENSG00000200369.1	RNU6-666P	snRNA	0	0	0	0.0000	0.0000	0.0000
ENSG00000200370.1	RNA5S17	rRNA	0	0	0	0.0000	0.0000	0.0000
ENSG00000200372.1	RNU5E-8P	snRNA	0	0	0	0.0000	0.0000	0.0000
ENSG00000200376.1	RNU5E-10P	snRNA	0	0	0	0.0000	0.0000	0.0000
ENSG00000200377.1	AC012501.1	snoRNA	0	0	0	0.0000	0.0000	0.0000
ENSG00000200378.1	RNU5B-4P	snRNA	0	0	0	0.0000	0.0000	0.0000
ENSG00000200379.1	RN7SKP45	misc_RNA	0	0	0	0.0000	0.0000	0.0000
ENSG00000200381.1	RNA5S4	rRNA	0	0	0	0.0000	0.0000	0.0000
ENSG00000200385.1	AL136296.1	snoRNA	0	0	0	0.0000	0.0000	0.0000
ENSG00000200388.1	RNU6-618P	snRNA	0	0	0	0.0000	0.0000	0.0000
ENSG00000200389.1	RNU6-509P	snRNA	0	0	0	0.0000	0.0000	0.0000
ENSG00000200390.1	Y_RNA	misc_RNA	0	0	0	0.0000	0.0000	0.0000
ENSG00000200391.1	Y_RNA	misc_RNA	0	0	0	0.0000	0.0000	0.0000
ENSG00000200393.1	RNU6-698P	snRNA	0	0	0	0.0000	0.0000	0.0000
ENSG00000200394.1	SNORA38B	snoRNA	1	0	1	0.6482	0.1899	0.1828
ENSG00000200397.1	Y_RNA	misc_RNA	0	0	0	0.0000	0.0000	0.0000
ENSG00000200398.1	SNORD115-24	snoRNA	0	0	0	0.0000	0.0000	0.0000
ENSG00000200403.1	RNU6-1099P	snRNA	4	1	3	3.1746	0.9299	0.8954
ENSG00000200406.1	SNORD114-23	snoRNA	0	0	0	0.0000	0.0000	0.0000
ENSG00000200407.1	RNU6-1169P	snRNA	0	0	0	0.0000	0.0000	0.0000
ENSG00000200408.1	RNA5SP74	rRNA_pseudogene	0	0	0	0.0000	0.0000	0.0000
ENSG00000200411.1	RNA5SP346	rRNA_pseudogene	0	0	0	0.0000	0.0000	0.0000
ENSG00000200413.1	SNORD114-26	snoRNA	0	0	0	0.0000	0.0000	0.0000
ENSG00000200418.1	SNORA63B	snoRNA	0	0	0	0.0000	0.0000	0.0000
ENSG00000200419.1	Y_RNA	misc_RNA	0	0	0	0.0000	0.0000	0.0000
ENSG00000200421.1	Y_RNA	misc_RNA	0	0	0	0.0000	0.0000	0.0000
ENSG00000200422.1	AL590229.1	snoRNA	0	0	0	0.0000	0.0000	0.0000
ENSG00000200424.1	RNU6-1155P	snRNA	0	0	0	0.0000	0.0000	0.0000
ENSG00000200427.1	Y_RNA	misc_RNA	0	0	0	0.0000	0.0000	0.0000
ENSG00000200428.1	Y_RNA	misc_RNA	1	1	0	0.7258	0.2126	0.2047
ENSG00000200431.1	RNU4-81P	snRNA	0	0	0	0.0000	0.0000	0.0000
ENSG00000200432.1	Y_RNA	misc_RNA	0	0	0	0.0000	0.0000	0.0000
ENSG00000200434.1	RNA5-8SP2	rRNA_pseudogene	0	0	0	0.0000	0.0000	0.0000
ENSG00000200436.1	Y_RNA	misc_RNA	0	0	0	0.0000	0.0000	0.0000
ENSG00000200437.1	RNU6-799P	snRNA	0	0	0	0.0000	0.0000	0.0000
ENSG00000200443.1	RNU6-1066P	snRNA	0	0	0	0.0000	0.0000	0.0000
ENSG00000200444.1	RNU6-1339P	snRNA	0	0	0	0.0000	0.0000	0.0000
ENSG00000200446.1	RNU6-1085P	snRNA	0	0	0	0.0000	0.0000	0.0000
ENSG00000200448.1	Y_RNA	misc_RNA	0	0	0	0.0000	0.0000	0.0000
ENSG00000200455.1	RNU6-1112P	snRNA	0	0	0	0.0000	0.0000	0.0000
ENSG00000200456.1	RNU6-1097P	snRNA	0	0	0	0.0000	0.0000	0.0000
ENSG00000200462.1	RNU6-727P	snRNA	0	0	0	0.0000	0.0000	0.0000
ENSG00000200463.1	SNORD118	snoRNA	0	0	0	0.0000	0.0000	0.0000
ENSG00000200468.1	RNA5SP403	rRNA_pseudogene	0	0	0	0.0000	0.0000	0.0000
ENSG00000200469.1	RNU6-112P	snRNA	0	0	0	0.0000	0.0000	0.0000
ENSG00000200471.1	RNU6-1125P	snRNA	0	0	0	0.0000	0.0000	0.0000
ENSG00000200472.1	RN7SKP44	misc_RNA	0	0	0	0.0000	0.0000	0.0000
ENSG00000200473.1	RNA5SP507	rRNA_pseudogene	1	0	1	0.7018	0.2056	0.1980
ENSG00000200475.1	RN7SKP162	misc_RNA	0	0	0	0.0000	0.0000	0.0000
ENSG00000200478.1	SNORD115-41	snoRNA	0	0	0	0.0000	0.0000	0.0000
ENSG00000200480.1	SNORD114-28	snoRNA	0	0	0	0.0000	0.0000	0.0000
ENSG00000200483.1	RNU6-1017P	snRNA	1	1	0	0.8011	0.2347	0.2260
ENSG00000200484.1	RNU6-1244P	snRNA	0	0	0	0.0000	0.0000	0.0000
ENSG00000200485.1	Y_RNA	misc_RNA	0	0	0	0.0000	0.0000	0.0000
ENSG00000200486.1	SNORD115-11	snoRNA	0	0	0	0.0000	0.0000	0.0000
ENSG00000200487.1	RNA5SP322	rRNA_pseudogene	0	0	0	0.0000	0.0000	0.0000
ENSG00000200488.1	RN7SKP203	misc_RNA	0	0	0	0.0000	0.0000	0.0000
ENSG00000200492.2	U3	snoRNA	0	0	0	0.0000	0.0000	0.0000
ENSG00000200494.1	Y_RNA	misc_RNA	0	0	0	0.0000	0.0000	0.0000
ENSG00000200495.1	RNU6-1205P	snRNA	0	0	0	0.0000	0.0000	0.0000
ENSG00000200496.1	U8	snoRNA	0	0	0	0.0000	0.0000	0.0000
ENSG00000200502.1	Y_RNA	misc_RNA	2	0	2	1.6816	0.4926	0.4743
ENSG00000200503.1	SNORD115-5	snoRNA	0	0	0	0.0000	0.0000	0.0000
ENSG00000200506.1	Y_RNA	misc_RNA	0	0	0	0.0000	0.0000	0.0000
ENSG00000200508.1	Y_RNA	misc_RNA	0	0	0	0.0000	0.0000	0.0000
ENSG00000200516.1	RNA5SP378	rRNA_pseudogene	0	0	0	0.0000	0.0000	0.0000
ENSG00000200520.1	RNU6-1214P	snRNA	0	0	0	0.0000	0.0000	0.0000
ENSG00000200521.1	Y_RNA	misc_RNA	0	0	0	0.0000	0.0000	0.0000
ENSG00000200522.1	RNU6-957P	snRNA	0	0	0	0.0000	0.0000	0.0000
ENSG00000200525.1	RNU6-1209P	snRNA	0	0	0	0.0000	0.0000	0.0000
ENSG00000200526.1	RNY4P14	misc_RNA	0	0	0	0.0000	0.0000	0.0000
ENSG00000200527.1	RNA5SP457	rRNA_pseudogene	0	0	0	0.0000	0.0000	0.0000
ENSG00000200528.1	RNU6-1331P	snRNA	0	0	0	0.0000	0.0000	0.0000
ENSG00000200530.1	SNORD35B	snoRNA	0	0	0	0.0000	0.0000	0.0000
ENSG00000200534.1	SNORA33	snoRNA	6	2	4	3.9194	1.1481	1.1055
ENSG00000200536.1	AL137790.1	snoRNA	0	0	0	0.0000	0.0000	0.0000
ENSG00000200537.1	RNY4P6	misc_RNA	0	0	0	0.0000	0.0000	0.0000
ENSG00000200538.2	U3	snoRNA	1	0	1	0.3932	0.1152	0.1109
ENSG00000200544.1	Y_RNA	misc_RNA	0	0	0	0.0000	0.0000	0.0000
ENSG00000200545.2	U3	snoRNA	0	0	0	0.0000	0.0000	0.0000
ENSG00000200547.1	Y_RNA	misc_RNA	0	0	2	0.0000	0.0000	0.0000
ENSG00000200550.1	RNU6-137P	snRNA	2	1	1	1.5726	0.4606	0.4436
ENSG00000200552.1	Y_RNA	misc_RNA	0	0	0	0.0000	0.0000	0.0000
ENSG00000200553.1	Y_RNA	misc_RNA	0	0	0	0.0000	0.0000	0.0000
ENSG00000200554.1	RNU6-1020P	snRNA	0	0	0	0.0000	0.0000	0.0000
ENSG00000200555.1	RNU6-525P	snRNA	0	0	0	0.0000	0.0000	0.0000
ENSG00000200556.1	RNU6-103P	snRNA	0	0	0	0.0000	0.0000	0.0000
ENSG00000200558.1	RNA5SP429	rRNA_pseudogene	0	0	0	0.0000	0.0000	0.0000
ENSG00000200560.1	RNU6-288P	snRNA	0	0	0	0.0000	0.0000	0.0000
ENSG00000200563.1	RNU6-640P	snRNA	0	0	0	0.0000	0.0000	0.0000
ENSG00000200564.1	SNORD115-39	snoRNA	0	0	0	0.0000	0.0000	0.0000
ENSG00000200566.1	RNU5F-7P	snRNA	0	0	0	0.0000	0.0000	0.0000
ENSG00000200570.1	RNU6-829P	snRNA	0	0	0	0.0000	0.0000	0.0000
ENSG00000200571.1	RNU6-1284P	snRNA	0	0	0	0.0000	0.0000	0.0000
ENSG00000200572.1	Y_RNA	misc_RNA	0	0	0	0.0000	0.0000	0.0000
ENSG00000200575.1	RNU6-414P	snRNA	0	0	0	0.0000	0.0000	0.0000
ENSG00000200579.1	Y_RNA	misc_RNA	1	1	0	0.8326	0.2439	0.2348
ENSG00000200587.1	RNA5SP514	rRNA_pseudogene	0	0	0	0.0000	0.0000	0.0000
ENSG00000200591.1	Y_RNA	misc_RNA	0	0	0	0.0000	0.0000	0.0000
ENSG00000200593.1	SNORD115-33	snoRNA	0	0	0	0.0000	0.0000	0.0000
ENSG00000200594.1	RNU6-824P	snRNA	0	0	0	0.0000	0.0000	0.0000
ENSG00000200597.1	RNVU1-33	snRNA	0	0	0	0.0000	0.0000	0.0000
ENSG00000200600.1	Y_RNA	misc_RNA	0	0	0	0.0000	0.0000	0.0000
ENSG00000200601.1	RNA5SP50	rRNA_pseudogene	0	0	0	0.0000	0.0000	0.0000
ENSG00000200605.1	Y_RNA	misc_RNA	0	0	0	0.0000	0.0000	0.0000
ENSG00000200608.1	SNORD114-11	snoRNA	0	0	0	0.0000	0.0000	0.0000
ENSG00000200610.1	Y_RNA	misc_RNA	0	0	0	0.0000	0.0000	0.0000
ENSG00000200612.1	SNORD114-25	snoRNA	0	0	0	0.0000	0.0000	0.0000
ENSG00000200613.1	RNA5SP349	rRNA_pseudogene	0	0	0	0.0000	0.0000	0.0000
ENSG00000200615.1	Y_RNA	misc_RNA	0	0	0	0.0000	0.0000	0.0000
ENSG00000200616.1	Y_RNA	misc_RNA	0	0	0	0.0000	0.0000	0.0000
ENSG00000200619.1	RNA5SP447	rRNA_pseudogene	0	0	0	0.0000	0.0000	0.0000
ENSG00000200620.1	AC112497.1	snoRNA	0	0	0	0.0000	0.0000	0.0000
ENSG00000200622.1	RNU6-1059P	snRNA	0	0	0	0.0000	0.0000	0.0000
ENSG00000200623.1	SNORD18A	snoRNA	0	0	0	0.0000	0.0000	0.0000
ENSG00000200624.1	RNA5S6	rRNA	0	0	0	0.0000	0.0000	0.0000
ENSG00000200626.1	RNA5SP325	rRNA_pseudogene	0	0	0	0.0000	0.0000	0.0000
ENSG00000200629.1	RNY1P11	misc_RNA	0	0	0	0.0000	0.0000	0.0000
ENSG00000200630.1	Y_RNA	misc_RNA	0	0	0	0.0000	0.0000	0.0000
ENSG00000200632.1	SNORD113-7	snoRNA	0	0	0	0.0000	0.0000	0.0000
ENSG00000200635.1	Y_RNA	misc_RNA	0	0	0	0.0000	0.0000	0.0000
ENSG00000200636.1	SNORD114-27	snoRNA	0	0	0	0.0000	0.0000	0.0000
ENSG00000200637.1	RNU5F-3P	snRNA	0	0	0	0.0000	0.0000	0.0000
ENSG00000200638.1	SNORD115-37	snoRNA	0	0	0	0.0000	0.0000	0.0000
ENSG00000200645.1	RNU6-1210P	snRNA	0	0	0	0.0000	0.0000	0.0000
ENSG00000200646.1	Y_RNA	misc_RNA	0	0	0	0.0000	0.0000	0.0000
ENSG00000200648.1	RNU6-226P	snRNA	0	0	0	0.0000	0.0000	0.0000
ENSG00000200650.1	RNA5SP114	rRNA_pseudogene	0	0	0	0.0000	0.0000	0.0000
ENSG00000200651.1	Y_RNA	misc_RNA	1	0	1	0.8088	0.2369	0.2281
ENSG00000200652.1	AC136611.1	snoRNA	0	0	0	0.0000	0.0000	0.0000
ENSG00000200653.1	RNU4-92P	snRNA	0	0	0	0.0000	0.0000	0.0000
ENSG00000200656.1	SNORA5B	snoRNA	0	0	0	0.0000	0.0000	0.0000
ENSG00000200661.1	SNORD116-10	snoRNA	0	0	0	0.0000	0.0000	0.0000
ENSG00000200664.1	Y_RNA	misc_RNA	0	0	0	0.0000	0.0000	0.0000
ENSG00000200665.1	RNU6-1188P	snRNA	0	0	0	0.0000	0.0000	0.0000
ENSG00000200670.1	RNU6-912P	snRNA	0	0	0	0.0000	0.0000	0.0000
ENSG00000200673.1	RN7SKP174	misc_RNA	0	0	0	0.0000	0.0000	0.0000
ENSG00000200674.1	RN7SKP160	misc_RNA	0	0	0	0.0000	0.0000	0.0000
ENSG00000200677.1	SNORD18	snoRNA	0	0	0	0.0000	0.0000	0.0000
ENSG00000200680.1	SNORD115-4	snoRNA	0	0	0	0.0000	0.0000	0.0000
ENSG00000200681.1	RNU6-263P	snRNA	0	0	0	0.0000	0.0000	0.0000
ENSG00000200683.1	RNU6-379P	snRNA	0	0	0	0.0000	0.0000	0.0000
ENSG00000200685.1	Y_RNA	misc_RNA	0	0	0	0.0000	0.0000	0.0000
ENSG00000200686.1	RNY3P3	misc_RNA	0	0	0	0.0000	0.0000	0.0000
ENSG00000200687.1	RNA5SP335	rRNA_pseudogene	0	0	0	0.0000	0.0000	0.0000
ENSG00000200688.1	Y_RNA	misc_RNA	0	0	0	0.0000	0.0000	0.0000
ENSG00000200693.2	U3	snoRNA	0	8	4	0.0000	0.0000	0.0000
ENSG00000200701.1	RNU6-674P	snRNA	0	0	0	0.0000	0.0000	0.0000
ENSG00000200702.1	Y_RNA	misc_RNA	0	0	0	0.0000	0.0000	0.0000
ENSG00000200703.1	RNU6-873P	snRNA	0	0	0	0.0000	0.0000	0.0000
ENSG00000200706.1	AL033518.1	snoRNA	0	0	0	0.0000	0.0000	0.0000
ENSG00000200708.1	RN7SKP93	misc_RNA	0	0	0	0.0000	0.0000	0.0000
ENSG00000200709.1	RNA5SP27	rRNA_pseudogene	0	0	0	0.0000	0.0000	0.0000
ENSG00000200711.1	RNA5SP28	rRNA_pseudogene	0	0	0	0.0000	0.0000	0.0000
ENSG00000200713.1	RNU6-682P	snRNA	0	0	0	0.0000	0.0000	0.0000
ENSG00000200714.1	Y_RNA	misc_RNA	22	6	17	20.7583	6.0804	5.8550
ENSG00000200718.1	RN7SKP103	misc_RNA	0	0	0	0.0000	0.0000	0.0000
ENSG00000200719.1	RNA5SP260	rRNA_pseudogene	0	0	0	0.0000	0.0000	0.0000
ENSG00000200720.1	RNU6-931P	snRNA	0	0	0	0.0000	0.0000	0.0000
ENSG00000200726.1	SNORD115-8	snoRNA	0	0	0	0.0000	0.0000	0.0000
ENSG00000200728.1	RNU6-271P	snRNA	0	0	0	0.0000	0.0000	0.0000
ENSG00000200731.1	RNU1-124P	snRNA	0	0	0	0.0000	0.0000	0.0000
ENSG00000200732.1	RNU6-194P	snRNA	0	0	0	0.0000	0.0000	0.0000
ENSG00000200733.1	AL355821.1	snoRNA	0	0	0	0.0000	0.0000	0.0000
ENSG00000200737.1	Y_RNA	misc_RNA	4	2	2	3.0060	0.8805	0.8479
ENSG00000200738.1	RNA5SP472	rRNA_pseudogene	0	0	0	0.0000	0.0000	0.0000
ENSG00000200741.1	RNA5SP161	rRNA_pseudogene	0	0	0	0.0000	0.0000	0.0000
ENSG00000200742.1	Y_RNA	misc_RNA	1	1	0	0.8408	0.2463	0.2372
ENSG00000200745.1	RNU1-31P	snRNA	0	0	0	0.0000	0.0000	0.0000
ENSG00000200750.1	Y_RNA	misc_RNA	0	0	0	0.0000	0.0000	0.0000
ENSG00000200752.1	Y_RNA	misc_RNA	0	0	0	0.0000	0.0000	0.0000
ENSG00000200753.1	AC004130.1	snoRNA	1	0	1	1.1961	0.3503	0.3374
ENSG00000200754.1	Y_RNA	misc_RNA	0	0	0	0.0000	0.0000	0.0000
ENSG00000200755.1	RNA5SP68	rRNA_pseudogene	0	0	0	0.0000	0.0000	0.0000
ENSG00000200756.1	RNU6-236P	snRNA	0	0	0	0.0000	0.0000	0.0000
ENSG00000200757.1	SNORD115-16	snoRNA	0	0	0	0.0000	0.0000	0.0000
ENSG00000200759.1	RNU6-884P	snRNA	0	0	0	0.0000	0.0000	0.0000
ENSG00000200761.1	RN7SKP113	misc_RNA	0	0	0	0.0000	0.0000	0.0000
ENSG00000200763.1	RNU6-961P	snRNA	0	0	0	0.0000	0.0000	0.0000
ENSG00000200764.1	Y_RNA	misc_RNA	0	0	0	0.0000	0.0000	0.0000
ENSG00000200769.1	Y_RNA	misc_RNA	2	2	0	1.8461	0.5408	0.5207
ENSG00000200774.1	RNU6-478P	snRNA	0	0	0	0.0000	0.0000	0.0000
ENSG00000200779.1	RNU6-105P	snRNA	0	1	1	0.0000	0.0000	0.0000
ENSG00000200783.1	RN7SKP180	misc_RNA	0	0	0	0.0000	0.0000	0.0000
ENSG00000200785.1	SNORD8	snoRNA	0	0	0	0.0000	0.0000	0.0000
ENSG00000200786.1	RNA5SP234	rRNA_pseudogene	0	0	0	0.0000	0.0000	0.0000
ENSG00000200788.1	Y_RNA	misc_RNA	0	0	0	0.0000	0.0000	0.0000
ENSG00000200789.1	RNU1-65P	snRNA	0	0	0	0.0000	0.0000	0.0000
ENSG00000200790.1	RNU6-631P	snRNA	0	0	0	0.0000	0.0000	0.0000
ENSG00000200792.1	SNORA80A	snoRNA	0	0	0	0.0000	0.0000	0.0000
ENSG00000200794.1	RN7SKP250	misc_RNA	0	0	0	0.0000	0.0000	0.0000
ENSG00000200795.1	RNU4-1	snRNA	0	0	0	0.0000	0.0000	0.0000
ENSG00000200796.1	RNU6-753P	snRNA	0	0	0	0.0000	0.0000	0.0000
ENSG00000200799.1	RNU6-770P	snRNA	0	0	0	0.0000	0.0000	0.0000
ENSG00000200800.1	RNU1-130P	snRNA	0	0	0	0.0000	0.0000	0.0000
ENSG00000200801.1	SNORD115-28	snoRNA	0	0	0	0.0000	0.0000	0.0000
ENSG00000200806.1	RNA5SP275	rRNA_pseudogene	0	0	0	0.0000	0.0000	0.0000
ENSG00000200807.1	RNU1-32P	snRNA	0	0	0	0.0000	0.0000	0.0000
ENSG00000200812.1	SNORD115-6	snoRNA	0	0	0	0.0000	0.0000	0.0000
ENSG00000200814.1	RNU6-595P	snRNA	2	0	2	1.5873	0.4649	0.4477
ENSG00000200815.1	RNU6-1091P	snRNA	0	0	0	0.0000	0.0000	0.0000
ENSG00000200816.1	SNORA38	snoRNA	0	0	0	0.0000	0.0000	0.0000
ENSG00000200817.1	RNU6-899P	snRNA	0	0	0	0.0000	0.0000	0.0000
ENSG00000200818.1	RNU6-1204P	snRNA	0	0	0	0.0000	0.0000	0.0000
ENSG00000200822.1	Y_RNA	misc_RNA	0	0	0	0.0000	0.0000	0.0000
ENSG00000200823.1	SNORD114-2	snoRNA	0	0	0	0.0000	0.0000	0.0000
ENSG00000200827.1	RNU6-324P	snRNA	0	0	0	0.0000	0.0000	0.0000
ENSG00000200829.1	Y_RNA	misc_RNA	0	0	0	0.0000	0.0000	0.0000
ENSG00000200830.1	RN7SKP134	misc_RNA	0	0	0	0.0000	0.0000	0.0000
ENSG00000200831.1	SNORD36B	snoRNA	0	0	0	0.0000	0.0000	0.0000
ENSG00000200832.1	SNORD114-4	snoRNA	0	0	0	0.0000	0.0000	0.0000
ENSG00000200834.1	Y_RNA	misc_RNA	0	0	0	0.0000	0.0000	0.0000
ENSG00000200839.1	RNA5SP48	rRNA_pseudogene	0	0	0	0.0000	0.0000	0.0000
ENSG00000200840.1	RNU6-82P	snRNA	0	0	0	0.0000	0.0000	0.0000
ENSG00000200842.1	Y_RNA	misc_RNA	0	0	0	0.0000	0.0000	0.0000
ENSG00000200847.1	Y_RNA	misc_RNA	0	0	0	0.0000	0.0000	0.0000
ENSG00000200849.1	Y_RNA	misc_RNA	0	0	0	0.0000	0.0000	0.0000
ENSG00000200852.1	RNA5SP499	rRNA_pseudogene	0	0	0	0.0000	0.0000	0.0000
ENSG00000200855.1	Y_RNA	misc_RNA	1	0	1	0.8326	0.2439	0.2348
ENSG00000200857.1	Y_RNA	misc_RNA	0	0	0	0.0000	0.0000	0.0000
ENSG00000200860.1	Y_RNA	misc_RNA	0	0	0	0.0000	0.0000	0.0000
ENSG00000200867.1	RN7SKP36	misc_RNA	0	0	0	0.0000	0.0000	0.0000
ENSG00000200869.1	RNU6-457P	snRNA	0	0	0	0.0000	0.0000	0.0000
ENSG00000200871.1	RNU6-810P	snRNA	0	0	0	0.0000	0.0000	0.0000
ENSG00000200872.1	RNA5SP456	rRNA_pseudogene	0	0	0	0.0000	0.0000	0.0000
ENSG00000200873.1	RNA5SP399	rRNA_pseudogene	0	0	0	0.0000	0.0000	0.0000
ENSG00000200874.1	Y_RNA	misc_RNA	0	0	0	0.0000	0.0000	0.0000
ENSG00000200875.1	RNU6-340P	snRNA	0	0	0	0.0000	0.0000	0.0000
ENSG00000200877.1	RNU6-560P	snRNA	0	0	0	0.0000	0.0000	0.0000
ENSG00000200879.1	SNORD14E	snoRNA	2	1	1	1.9981	0.5853	0.5636
ENSG00000200882.1	RNU6-681P	snRNA	0	0	0	0.0000	0.0000	0.0000
ENSG00000200883.1	Y_RNA	misc_RNA	0	0	0	0.0000	0.0000	0.0000
ENSG00000200884.1	Y_RNA	misc_RNA	0	0	0	0.0000	0.0000	0.0000
ENSG00000200885.1	RNU1-146P	snRNA	0	0	0	0.0000	0.0000	0.0000
ENSG00000200887.1	RNU6-598P	snRNA	0	0	0	0.0000	0.0000	0.0000
ENSG00000200888.1	Y_RNA	misc_RNA	0	0	0	0.0000	0.0000	0.0000
ENSG00000200889.1	RNU4-13P	snRNA	0	0	0	0.0000	0.0000	0.0000
ENSG00000200890.1	RNA5SP99	rRNA_pseudogene	0	0	0	0.0000	0.0000	0.0000
ENSG00000200891.1	AC063965.1	snoRNA	0	0	0	0.0000	0.0000	0.0000
ENSG00000200893.1	RNU6-944P	snRNA	1	1	0	0.7936	0.2325	0.2239
ENSG00000200895.1	RN7SKP245	misc_RNA	0	0	0	0.0000	0.0000	0.0000
ENSG00000200897.1	AC009774.1	snoRNA	0	0	0	0.0000	0.0000	0.0000
ENSG00000200898.1	RNU6-1243P	snRNA	0	0	0	0.0000	0.0000	0.0000
ENSG00000200902.1	RNU6-627P	snRNA	0	0	0	0.0000	0.0000	0.0000
ENSG00000200903.1	RNU1-42P	snRNA	0	0	0	0.0000	0.0000	0.0000
ENSG00000200906.1	RNU6-854P	snRNA	0	0	0	0.0000	0.0000	0.0000
ENSG00000200913.1	SNORD46	snoRNA	0	0	0	0.0000	0.0000	0.0000
ENSG00000200914.1	RNA5SP435	rRNA_pseudogene	0	0	0	0.0000	0.0000	0.0000
ENSG00000200917.1	RNU6-553P	snRNA	0	0	0	0.0000	0.0000	0.0000
ENSG00000200922.1	Y_RNA	misc_RNA	0	0	0	0.0000	0.0000	0.0000
ENSG00000200924.1	RNU6-1048P	snRNA	1	0	1	0.7936	0.2325	0.2239
ENSG00000200926.1	RNU6-960P	snRNA	0	0	0	0.0000	0.0000	0.0000
ENSG00000200935.1	RNU6-1090P	snRNA	0	0	0	0.0000	0.0000	0.0000
ENSG00000200941.1	RNU6-694P	snRNA	0	0	0	0.0000	0.0000	0.0000
ENSG00000200942.1	RNU6-501P	snRNA	0	0	0	0.0000	0.0000	0.0000
ENSG00000200949.1	SNORD115-32	snoRNA	0	0	0	0.0000	0.0000	0.0000
ENSG00000200953.1	Y_RNA	misc_RNA	0	0	0	0.0000	0.0000	0.0000
ENSG00000200957.1	RNU6-801P	snRNA	0	0	0	0.0000	0.0000	0.0000
ENSG00000200959.1	SNORA74A	snoRNA	1	1	0	0.4289	0.1256	0.1210
ENSG00000200963.1	RNU6-289P	snRNA	0	0	0	0.0000	0.0000	0.0000
ENSG00000200966.1	RN7SKP87	misc_RNA	0	0	0	0.0000	0.0000	0.0000
ENSG00000200969.1	AL158154.1	snoRNA	0	0	0	0.0000	0.0000	0.0000
ENSG00000200972.1	RNU5A-8P	snRNA	0	0	0	0.0000	0.0000	0.0000
ENSG00000200974.1	RNU4-87P	snRNA	0	0	0	0.0000	0.0000	0.0000
ENSG00000200975.1	RNU1-7P	snRNA	0	0	0	0.0000	0.0000	0.0000
ENSG00000200976.1	Y_RNA	misc_RNA	0	0	0	0.0000	0.0000	0.0000
ENSG00000200982.1	Y_RNA	misc_RNA	0	0	0	0.0000	0.0000	0.0000
ENSG00000200983.1	SNORA3A	snoRNA	0	0	0	0.0000	0.0000	0.0000
ENSG00000200985.1	RNA5SP493	rRNA_pseudogene	0	0	0	0.0000	0.0000	0.0000
ENSG00000200986.1	RNU6-819P	snRNA	0	0	0	0.0000	0.0000	0.0000
ENSG00000200987.1	SNORD115-30	snoRNA	0	0	0	0.0000	0.0000	0.0000
ENSG00000200991.1	AC012291.1	snoRNA	0	0	0	0.0000	0.0000	0.0000
ENSG00000200997.1	RNVU1-34	snRNA	0	0	0	0.0000	0.0000	0.0000
ENSG00000200998.1	Y_RNA	misc_RNA	0	0	0	0.0000	0.0000	0.0000
ENSG00000200999.1	AC107390.1	snoRNA	0	0	0	0.0000	0.0000	0.0000
ENSG00000201000.1	RNA5SP516	rRNA_pseudogene	0	0	0	0.0000	0.0000	0.0000
ENSG00000201001.1	RNU6-270P	snRNA	0	0	0	0.0000	0.0000	0.0000
ENSG00000201003.1	AL049745.1	snoRNA	0	0	0	0.0000	0.0000	0.0000
ENSG00000201006.1	Y_RNA	misc_RNA	0	0	0	0.0000	0.0000	0.0000
ENSG00000201009.1	AC009365.1	snoRNA	0	0	0	0.0000	0.0000	0.0000
ENSG00000201010.1	RN7SKP224	misc_RNA	0	0	0	0.0000	0.0000	0.0000
ENSG00000201012.1	Y_RNA	misc_RNA	0	0	0	0.0000	0.0000	0.0000
ENSG00000201013.1	Y_RNA	misc_RNA	0	0	0	0.0000	0.0000	0.0000
ENSG00000201014.1	RNA5SP232	rRNA_pseudogene	0	0	0	0.0000	0.0000	0.0000
ENSG00000201015.1	RNU6-280P	snRNA	0	0	0	0.0000	0.0000	0.0000
ENSG00000201016.1	RNU6-374P	snRNA	0	0	0	0.0000	0.0000	0.0000
ENSG00000201021.1	RNU6-743P	snRNA	0	0	0	0.0000	0.0000	0.0000
ENSG00000201023.1	RNY3P11	misc_RNA	0	0	0	0.0000	0.0000	0.0000
ENSG00000201025.1	SNORD74B	snoRNA	0	0	0	0.0000	0.0000	0.0000
ENSG00000201026.1	Y_RNA	misc_RNA	0	0	0	0.0000	0.0000	0.0000
ENSG00000201027.1	RN7SKP107	misc_RNA	0	0	0	0.0000	0.0000	0.0000
ENSG00000201028.1	RNU6-151P	snRNA	0	0	0	0.0000	0.0000	0.0000
ENSG00000201031.1	Y_RNA	misc_RNA	0	0	0	0.0000	0.0000	0.0000
ENSG00000201032.1	RNU6-704P	snRNA	0	0	0	0.0000	0.0000	0.0000
ENSG00000201033.1	RNU1-96P	snRNA	0	0	0	0.0000	0.0000	0.0000
ENSG00000201034.1	Y_RNA	misc_RNA	0	0	0	0.0000	0.0000	0.0000
ENSG00000201035.1	RNA5SP469	rRNA_pseudogene	1	1	0	0.7791	0.2282	0.2197
ENSG00000201036.1	AL132709.2	snoRNA	0	0	0	0.0000	0.0000	0.0000
ENSG00000201041.1	RNA5SP242	rRNA_pseudogene	0	0	0	0.0000	0.0000	0.0000
ENSG00000201042.1	AC087863.1	snoRNA	0	0	0	0.0000	0.0000	0.0000
ENSG00000201044.1	RNU6-268P	snRNA	0	0	0	0.0000	0.0000	0.0000
ENSG00000201047.1	Y_RNA	misc_RNA	0	0	0	0.0000	0.0000	0.0000
ENSG00000201048.1	Y_RNA	misc_RNA	0	0	0	0.0000	0.0000	0.0000
ENSG00000201050.1	RNU6-668P	snRNA	0	0	0	0.0000	0.0000	0.0000
ENSG00000201059.1	RNA5SP336	rRNA_pseudogene	0	0	0	0.0000	0.0000	0.0000
ENSG00000201065.1	RNU6-461P	snRNA	0	0	0	0.0000	0.0000	0.0000
ENSG00000201066.1	RN7SKP280	misc_RNA	0	0	0	0.0000	0.0000	0.0000
ENSG00000201070.1	RNU4-84P	snRNA	0	0	0	0.0000	0.0000	0.0000
ENSG00000201071.1	Y_RNA	misc_RNA	0	0	0	0.0000	0.0000	0.0000
ENSG00000201074.1	Y_RNA	misc_RNA	0	0	0	0.0000	0.0000	0.0000
ENSG00000201075.2	Y_RNA	misc_RNA	0	0	0	0.0000	0.0000	0.0000
ENSG00000201076.1	RNU4-51P	snRNA	0	0	0	0.0000	0.0000	0.0000
ENSG00000201077.1	RNU6-188P	snRNA	0	0	0	0.0000	0.0000	0.0000
ENSG00000201078.1	RN7SKP214	misc_RNA	1	0	1	0.2696	0.0790	0.0760
ENSG00000201084.1	Y_RNA	misc_RNA	0	0	0	0.0000	0.0000	0.0000
ENSG00000201085.1	RNU6-173P	snRNA	0	0	0	0.0000	0.0000	0.0000
ENSG00000201086.1	RNA5SP394	rRNA_pseudogene	0	0	0	0.0000	0.0000	0.0000
ENSG00000201088.1	Y_RNA	misc_RNA	0	0	0	0.0000	0.0000	0.0000
ENSG00000201095.1	RNU6-266P	snRNA	0	0	0	0.0000	0.0000	0.0000
ENSG00000201096.1	RNA5SP387	rRNA_pseudogene	0	0	0	0.0000	0.0000	0.0000
ENSG00000201097.1	RNU6-366P	snRNA	0	0	0	0.0000	0.0000	0.0000
ENSG00000201098.1	RNY1	misc_RNA	0	0	0	0.0000	0.0000	0.0000
ENSG00000201102.1	Y_RNA	misc_RNA	0	0	0	0.0000	0.0000	0.0000
ENSG00000201104.1	RNU6-11P	snRNA	0	0	0	0.0000	0.0000	0.0000
ENSG00000201109.1	RNA5SP245	rRNA_pseudogene	0	0	0	0.0000	0.0000	0.0000
ENSG00000201113.1	RNU6-647P	snRNA	0	0	0	0.0000	0.0000	0.0000
ENSG00000201114.1	Y_RNA	misc_RNA	0	0	0	0.0000	0.0000	0.0000
ENSG00000201118.1	Y_RNA	misc_RNA	0	0	0	0.0000	0.0000	0.0000
ENSG00000201119.1	RNU1-33P	snRNA	0	0	0	0.0000	0.0000	0.0000
ENSG00000201121.1	RNY1P12	misc_RNA	0	0	0	0.0000	0.0000	0.0000
ENSG00000201129.1	SNORA58B	snoRNA	0	0	0	0.0000	0.0000	0.0000
ENSG00000201133.1	AC004830.1	snoRNA	0	0	0	0.0000	0.0000	0.0000
ENSG00000201134.1	Y_RNA	misc_RNA	1	3	5	0.8326	0.2439	0.2348
ENSG00000201135.1	RNU6-777P	snRNA	0	0	0	0.0000	0.0000	0.0000
ENSG00000201136.1	RNU6-353P	snRNA	0	0	0	0.0000	0.0000	0.0000
ENSG00000201140.1	RN7SKP128	misc_RNA	0	0	0	0.0000	0.0000	0.0000
ENSG00000201142.1	RNU1-151P	snRNA	0	0	0	0.0000	0.0000	0.0000
ENSG00000201143.1	SNORD115-42	snoRNA	0	0	0	0.0000	0.0000	0.0000
ENSG00000201145.1	RNA5SP175	rRNA_pseudogene	0	0	0	0.0000	0.0000	0.0000
ENSG00000201148.1	RNA5SP42	rRNA_pseudogene	0	0	0	0.0000	0.0000	0.0000
ENSG00000201151.1	AL135844.1	snoRNA	1	1	0	1.1795	0.3455	0.3327
ENSG00000201153.1	RNU6-371P	snRNA	0	0	0	0.0000	0.0000	0.0000
ENSG00000201155.1	RNU1-24P	snRNA	0	0	0	0.0000	0.0000	0.0000
ENSG00000201157.1	SNORA62	snoRNA	0	0	0	0.0000	0.0000	0.0000
ENSG00000201160.1	Y_RNA	misc_RNA	0	0	0	0.0000	0.0000	0.0000
ENSG00000201161.1	RN7SKP10	misc_RNA	0	0	0	0.0000	0.0000	0.0000
ENSG00000201162.1	RNU6-454P	snRNA	0	0	0	0.0000	0.0000	0.0000
ENSG00000201164.1	RNU4-36P	snRNA	0	0	0	0.0000	0.0000	0.0000
ENSG00000201165.1	RNU6-1229P	snRNA	0	0	0	0.0000	0.0000	0.0000
ENSG00000201168.1	RNA5SP368	rRNA_pseudogene	0	1	1	0.0000	0.0000	0.0000
ENSG00000201170.1	RNU1-132P	snRNA	0	0	0	0.0000	0.0000	0.0000
ENSG00000201176.1	RNU6-853P	snRNA	1	1	0	0.7936	0.2325	0.2239
ENSG00000201178.1	Y_RNA	misc_RNA	0	0	0	0.0000	0.0000	0.0000
ENSG00000201179.1	RNU6-1322P	snRNA	0	0	0	0.0000	0.0000	0.0000
ENSG00000201180.1	RNU6-115P	snRNA	0	0	0	0.0000	0.0000	0.0000
ENSG00000201182.1	RNU6-670P	snRNA	0	0	0	0.0000	0.0000	0.0000
ENSG00000201183.1	RNVU1-3	snRNA	2	0	2	1.0549	0.3090	0.2975
ENSG00000201184.1	RNU4-68P	snRNA	0	0	0	0.0000	0.0000	0.0000
ENSG00000201185.1	RNA5SP202	rRNA_pseudogene	0	0	0	0.0000	0.0000	0.0000
ENSG00000201186.1	RNU4-33P	snRNA	0	0	0	0.0000	0.0000	0.0000
ENSG00000201196.1	Y_RNA	misc_RNA	0	0	0	0.0000	0.0000	0.0000
ENSG00000201198.1	RNU6-879P	snRNA	0	0	0	0.0000	0.0000	0.0000
ENSG00000201201.1	RN7SKP118	misc_RNA	0	0	0	0.0000	0.0000	0.0000
ENSG00000201207.1	Y_RNA	misc_RNA	2	0	2	1.4898	0.4364	0.4202
ENSG00000201208.1	Y_RNA	misc_RNA	0	0	0	0.0000	0.0000	0.0000
ENSG00000201209.1	SNORD42	snoRNA	0	0	0	0.0000	0.0000	0.0000
ENSG00000201210.1	RNA5SP139	rRNA_pseudogene	0	0	0	0.0000	0.0000	0.0000
ENSG00000201216.1	Y_RNA	misc_RNA	0	0	0	0.0000	0.0000	0.0000
ENSG00000201217.1	Y_RNA	misc_RNA	3	2	1	2.2545	0.6604	0.6359
ENSG00000201218.1	Y_RNA	misc_RNA	0	0	0	0.0000	0.0000	0.0000
ENSG00000201221.1	RNU4-40P	snRNA	0	0	0	0.0000	0.0000	0.0000
ENSG00000201223.1	RNU6-1305P	snRNA	0	0	0	0.0000	0.0000	0.0000
ENSG00000201228.1	Y_RNA	misc_RNA	0	0	0	0.0000	0.0000	0.0000
ENSG00000201229.1	SNORA63D	snoRNA	0	0	0	0.0000	0.0000	0.0000
ENSG00000201231.1	RNU4-50P	snRNA	0	0	0	0.0000	0.0000	0.0000
ENSG00000201239.1	Y_RNA	misc_RNA	0	0	0	0.0000	0.0000	0.0000
ENSG00000201240.1	SNORD114-9	snoRNA	0	0	0	0.0000	0.0000	0.0000
ENSG00000201241.1	RNU6-978P	snRNA	0	0	0	0.0000	0.0000	0.0000
ENSG00000201242.1	RNY1P1	misc_RNA	0	0	0	0.0000	0.0000	0.0000
ENSG00000201243.1	RNU6-654P	snRNA	0	0	0	0.0000	0.0000	0.0000
ENSG00000201245.1	AL137139.1	snoRNA	0	0	0	0.0000	0.0000	0.0000
ENSG00000201247.1	SNORD114-13	snoRNA	0	0	0	0.0000	0.0000	0.0000
ENSG00000201253.1	RNU4-10P	snRNA	0	0	0	0.0000	0.0000	0.0000
ENSG00000201255.1	RNU6-990P	snRNA	0	0	0	0.0000	0.0000	0.0000
ENSG00000201260.1	RNU6-1075P	snRNA	0	0	0	0.0000	0.0000	0.0000
ENSG00000201263.1	SNORD114-6	snoRNA	0	0	0	0.0000	0.0000	0.0000
ENSG00000201264.1	SNORD73B	snoRNA	1	1	0	1.1795	0.3455	0.3327
ENSG00000201270.1	RNU6-755P	snRNA	0	0	0	0.0000	0.0000	0.0000
ENSG00000201271.1	RNU1-112P	snRNA	0	0	0	0.0000	0.0000	0.0000
ENSG00000201273.1	RNU6-776P	snRNA	0	0	0	0.0000	0.0000	0.0000
ENSG00000201274.1	RNA5SP192	rRNA_pseudogene	0	0	0	0.0000	0.0000	0.0000
ENSG00000201277.1	Y_RNA	misc_RNA	0	0	0	0.0000	0.0000	0.0000
ENSG00000201279.1	Y_RNA	misc_RNA	0	0	0	0.0000	0.0000	0.0000
ENSG00000201282.1	Y_RNA	misc_RNA	0	0	0	0.0000	0.0000	0.0000
ENSG00000201285.1	RNA5SP524	rRNA	0	0	0	0.0000	0.0000	0.0000
ENSG00000201287.1	RN7SKP171	misc_RNA	0	0	0	0.0000	0.0000	0.0000
ENSG00000201288.1	RNU6-1047P	snRNA	0	0	0	0.0000	0.0000	0.0000
ENSG00000201289.1	RN7SKP76	misc_RNA	0	0	0	0.0000	0.0000	0.0000
ENSG00000201291.1	RNU1-34P	snRNA	0	0	0	0.0000	0.0000	0.0000
ENSG00000201292.1	RNU6-153P	snRNA	0	0	0	0.0000	0.0000	0.0000
ENSG00000201294.1	RNU6-1019P	snRNA	0	0	0	0.0000	0.0000	0.0000
ENSG00000201296.1	RNU4-41P	snRNA	0	0	0	0.0000	0.0000	0.0000
ENSG00000201297.1	Y_RNA	misc_RNA	0	0	0	0.0000	0.0000	0.0000
ENSG00000201298.1	RNU6-1164P	snRNA	0	0	0	0.0000	0.0000	0.0000
ENSG00000201300.1	SNORD115-27	snoRNA	0	0	0	0.0000	0.0000	0.0000
ENSG00000201301.1	RNA5SP130	rRNA_pseudogene	0	0	0	0.0000	0.0000	0.0000
ENSG00000201302.1	SNORA65	snoRNA	6	2	4	3.9194	1.1481	1.1055
ENSG00000201308.1	RNU6-512P	snRNA	0	0	0	0.0000	0.0000	0.0000
ENSG00000201309.1	Y_RNA	misc_RNA	0	0	0	0.0000	0.0000	0.0000
ENSG00000201311.1	Y_RNA	misc_RNA	0	0	0	0.0000	0.0000	0.0000
ENSG00000201312.1	RNA5SP72	rRNA_pseudogene	0	0	0	0.0000	0.0000	0.0000
ENSG00000201314.1	Y_RNA	misc_RNA	0	0	0	0.0000	0.0000	0.0000
ENSG00000201315.1	RN7SKP227	misc_RNA	0	0	0	0.0000	0.0000	0.0000
ENSG00000201316.1	AC090919.1	snoRNA	0	0	0	0.0000	0.0000	0.0000
ENSG00000201317.1	RNU4-59P	snRNA	0	0	0	0.0000	0.0000	0.0000
ENSG00000201318.1	SNORD114-30	snoRNA	0	0	0	0.0000	0.0000	0.0000
ENSG00000201321.1	RNA5S9	rRNA	0	0	0	0.0000	0.0000	0.0000
ENSG00000201324.1	RNU6-361P	snRNA	0	0	0	0.0000	0.0000	0.0000
ENSG00000201325.1	RNA5SP142	rRNA_pseudogene	0	0	0	0.0000	0.0000	0.0000
ENSG00000201326.1	SNORD115-22	snoRNA	0	0	0	0.0000	0.0000	0.0000
ENSG00000201329.2	U3	snoRNA	0	0	0	0.0000	0.0000	0.0000
ENSG00000201330.1	SNORD32B	snoRNA	0	0	0	0.0000	0.0000	0.0000
ENSG00000201331.1	SNORD115-23	snoRNA	0	0	0	0.0000	0.0000	0.0000
ENSG00000201339.1	Y_RNA	misc_RNA	0	0	0	0.0000	0.0000	0.0000
ENSG00000201340.1	Y_RNA	misc_RNA	0	0	0	0.0000	0.0000	0.0000
ENSG00000201341.1	RNU6-421P	snRNA	0	0	0	0.0000	0.0000	0.0000
ENSG00000201342.1	RNU4-38P	snRNA	0	0	0	0.0000	0.0000	0.0000
ENSG00000201343.1	Y_RNA	misc_RNA	0	0	0	0.0000	0.0000	0.0000
ENSG00000201346.2	U3	snoRNA	0	0	0	0.0000	0.0000	0.0000
ENSG00000201347.1	RNA5SP69	rRNA_pseudogene	0	0	0	0.0000	0.0000	0.0000
ENSG00000201348.1	RNU105B	snoRNA	0	0	0	0.0000	0.0000	0.0000
ENSG00000201351.1	Y_RNA	misc_RNA	0	0	0	0.0000	0.0000	0.0000
ENSG00000201354.1	Y_RNA	misc_RNA	0	0	0	0.0000	0.0000	0.0000
ENSG00000201355.1	RNA5S14	rRNA	0	0	0	0.0000	0.0000	0.0000
ENSG00000201356.1	RNA5SP500	rRNA_pseudogene	0	0	0	0.0000	0.0000	0.0000
ENSG00000201358.1	RN7SKP193	misc_RNA	0	0	0	0.0000	0.0000	0.0000
ENSG00000201361.1	RNA5SP433	rRNA_pseudogene	0	0	0	0.0000	0.0000	0.0000
ENSG00000201363.2	Y_RNA	misc_RNA	0	0	0	0.0000	0.0000	0.0000
ENSG00000201364.1	RN7SKP37	misc_RNA	0	0	0	0.0000	0.0000	0.0000
ENSG00000201365.1	Y_RNA	misc_RNA	0	0	0	0.0000	0.0000	0.0000
ENSG00000201367.1	RNU6-522P	snRNA	0	0	0	0.0000	0.0000	0.0000
ENSG00000201368.2	U3	snoRNA	0	0	0	0.0000	0.0000	0.0000
ENSG00000201370.1	Y_RNA	misc_RNA	0	0	0	0.0000	0.0000	0.0000
ENSG00000201371.1	Y_RNA	misc_RNA	0	0	0	0.0000	0.0000	0.0000
ENSG00000201372.1	RNU6-1251P	snRNA	0	0	0	0.0000	0.0000	0.0000
ENSG00000201376.1	SNORA70	snoRNA	0	0	0	0.0000	0.0000	0.0000
ENSG00000201377.1	RNY4P23	misc_RNA	0	0	0	0.0000	0.0000	0.0000
ENSG00000201379.1	RNU4-76P	snRNA	0	0	0	0.0000	0.0000	0.0000
ENSG00000201382.1	RNU6-558P	snRNA	0	0	0	0.0000	0.0000	0.0000
ENSG00000201384.1	AC007375.1	snoRNA	0	0	0	0.0000	0.0000	0.0000
ENSG00000201386.1	RNU6-1163P	snRNA	0	0	0	0.0000	0.0000	0.0000
ENSG00000201388.1	SNORA68B	snoRNA	0	0	0	0.0000	0.0000	0.0000
ENSG00000201390.1	RNU6-1141P	snRNA	0	0	0	0.0000	0.0000	0.0000
ENSG00000201392.1	RNU6-1078P	snRNA	0	0	0	0.0000	0.0000	0.0000
ENSG00000201393.1	SNORA71	snoRNA	0	0	0	0.0000	0.0000	0.0000
ENSG00000201394.1	RNA5SP140	rRNA_pseudogene	0	0	0	0.0000	0.0000	0.0000
ENSG00000201395.1	RN7SKP257	misc_RNA	0	0	0	0.0000	0.0000	0.0000
ENSG00000201398.1	U8	snoRNA	0	0	0	0.0000	0.0000	0.0000
ENSG00000201403.1	SNORD14B	snoRNA	0	0	0	0.0000	0.0000	0.0000
ENSG00000201405.1	Y_RNA	misc_RNA	0	0	0	0.0000	0.0000	0.0000
ENSG00000201407.1	AC079169.1	snoRNA	0	0	0	0.0000	0.0000	0.0000
ENSG00000201410.1	AC107024.1	snoRNA	0	0	0	0.0000	0.0000	0.0000
ENSG00000201412.1	Y_RNA	misc_RNA	0	0	0	0.0000	0.0000	0.0000
ENSG00000201413.1	RNA5SP141	rRNA_pseudogene	0	0	0	0.0000	0.0000	0.0000
ENSG00000201415.1	RNA5SP204	rRNA_pseudogene	0	0	0	0.0000	0.0000	0.0000
ENSG00000201420.1	RNA5SP512	rRNA_pseudogene	1	1	0	0.7077	0.2073	0.1996
ENSG00000201421.1	Y_RNA	misc_RNA	0	0	0	0.0000	0.0000	0.0000
ENSG00000201423.1	RN7SKP246	misc_RNA	0	0	0	0.0000	0.0000	0.0000
ENSG00000201426.1	Y_RNA	misc_RNA	0	0	0	0.0000	0.0000	0.0000
ENSG00000201428.1	RN7SKP71	misc_RNA	0	0	0	0.0000	0.0000	0.0000
ENSG00000201431.1	RNU6-1277P	snRNA	0	0	0	0.0000	0.0000	0.0000
ENSG00000201432.1	Y_RNA	misc_RNA	1	1	0	0.7582	0.2221	0.2139
ENSG00000201433.1	RNU6-335P	snRNA	0	0	0	0.0000	0.0000	0.0000
ENSG00000201435.1	RNU4-24P	snRNA	0	0	0	0.0000	0.0000	0.0000
ENSG00000201436.1	RNU6-660P	snRNA	0	0	0	0.0000	0.0000	0.0000
ENSG00000201439.1	RNU4-67P	snRNA	0	0	0	0.0000	0.0000	0.0000
ENSG00000201440.1	RNA5SP515	rRNA_pseudogene	1	1	0	0.7197	0.2108	0.2030
ENSG00000201441.1	RNU6-646P	snRNA	0	0	0	0.0000	0.0000	0.0000
ENSG00000201442.2	Y_RNA	misc_RNA	0	0	0	0.0000	0.0000	0.0000
ENSG00000201443.1	RNU6-309P	snRNA	0	0	0	0.0000	0.0000	0.0000
ENSG00000201444.1	RNU6-1082P	snRNA	0	0	0	0.0000	0.0000	0.0000
ENSG00000201447.1	RNA5SP509	rRNA_pseudogene	0	0	0	0.0000	0.0000	0.0000
ENSG00000201448.1	SNORA63C	snoRNA	0	0	0	0.0000	0.0000	0.0000
ENSG00000201451.1	Y_RNA	misc_RNA	0	0	0	0.0000	0.0000	0.0000
ENSG00000201452.1	RNU6-1317P	snRNA	0	0	0	0.0000	0.0000	0.0000
ENSG00000201457.1	SNORA55	snoRNA	0	0	0	0.0000	0.0000	0.0000
ENSG00000201458.1	RNU4-4P	snRNA	0	0	0	0.0000	0.0000	0.0000
ENSG00000201464.1	Y_RNA	misc_RNA	0	0	0	0.0000	0.0000	0.0000
ENSG00000201465.1	AC083867.1	snoRNA	0	0	0	0.0000	0.0000	0.0000
ENSG00000201466.1	Y_RNA	misc_RNA	0	0	0	0.0000	0.0000	0.0000
ENSG00000201467.1	AL732371.1	snoRNA	0	0	0	0.0000	0.0000	0.0000
ENSG00000201469.1	RNA5SP379	rRNA_pseudogene	0	0	0	0.0000	0.0000	0.0000
ENSG00000201470.1	RNY4P7	misc_RNA	0	0	0	0.0000	0.0000	0.0000
ENSG00000201474.1	RNU6-164P	snRNA	0	0	0	0.0000	0.0000	0.0000
ENSG00000201476.1	RNA5SP353	rRNA_pseudogene	0	0	0	0.0000	0.0000	0.0000
ENSG00000201482.1	SNORD115-17	snoRNA	0	0	0	0.0000	0.0000	0.0000
ENSG00000201483.1	Y_RNA	misc_RNA	0	0	0	0.0000	0.0000	0.0000
ENSG00000201487.1	SNORD45B	snoRNA	0	0	0	0.0000	0.0000	0.0000
ENSG00000201489.1	Y_RNA	misc_RNA	0	0	0	0.0000	0.0000	0.0000
ENSG00000201491.1	RNU4-75P	snRNA	0	0	0	0.0000	0.0000	0.0000
ENSG00000201492.1	RNA5SP78	rRNA_pseudogene	0	0	0	0.0000	0.0000	0.0000
ENSG00000201493.1	RNU1-141P	snRNA	0	0	0	0.0000	0.0000	0.0000
ENSG00000201496.1	RN7SKP275	misc_RNA	6	2	4	1.6928	0.4958	0.4775
ENSG00000201498.1	Y_RNA	misc_RNA	0	0	0	0.0000	0.0000	0.0000
ENSG00000201499.1	RNU6-312P	snRNA	0	0	0	0.0000	0.0000	0.0000
ENSG00000201500.1	AL132709.3	snoRNA	0	0	0	0.0000	0.0000	0.0000
ENSG00000201501.1	Y_RNA	misc_RNA	0	0	0	0.0000	0.0000	0.0000
ENSG00000201502.1	AC126172.1	snoRNA	0	0	0	0.0000	0.0000	0.0000
ENSG00000201510.1	RN7SKP217	misc_RNA	0	0	0	0.0000	0.0000	0.0000
ENSG00000201511.1	Y_RNA	misc_RNA	0	0	0	0.0000	0.0000	0.0000
ENSG00000201512.1	SNORA71C	snoRNA	0	0	0	0.0000	0.0000	0.0000
ENSG00000201516.1	AC093605.1	snoRNA	0	0	0	0.0000	0.0000	0.0000
ENSG00000201517.1	RNU6-707P	snRNA	0	0	0	0.0000	0.0000	0.0000
ENSG00000201518.1	RNA5SP513	rRNA_pseudogene	0	0	0	0.0000	0.0000	0.0000
ENSG00000201519.1	RNU6-645P	snRNA	0	0	0	0.0000	0.0000	0.0000
ENSG00000201523.1	RNA5SP205	rRNA_pseudogene	0	0	0	0.0000	0.0000	0.0000
ENSG00000201524.1	RNU6-450P	snRNA	0	0	0	0.0000	0.0000	0.0000
ENSG00000201527.1	RNA5SP478	rRNA_pseudogene	0	0	0	0.0000	0.0000	0.0000
ENSG00000201529.1	Y_RNA	misc_RNA	0	0	0	0.0000	0.0000	0.0000
ENSG00000201532.1	RNA5SP194	rRNA	0	0	0	0.0000	0.0000	0.0000
ENSG00000201533.1	RN7SKP237	misc_RNA	0	0	0	0.0000	0.0000	0.0000
ENSG00000201535.2	Y_RNA	misc_RNA	0	0	0	0.0000	0.0000	0.0000
ENSG00000201541.1	AC004125.1	snoRNA	0	0	0	0.0000	0.0000	0.0000
ENSG00000201542.1	SNORA62	snoRNA	0	0	0	0.0000	0.0000	0.0000
ENSG00000201544.1	SNORA16B	snoRNA	1	1	0	0.6290	0.1843	0.1774
ENSG00000201545.1	RNU4-85P	snRNA	0	0	0	0.0000	0.0000	0.0000
ENSG00000201547.1	Y_RNA	misc_RNA	0	0	0	0.0000	0.0000	0.0000
ENSG00000201548.1	Y_RNA	misc_RNA	0	0	0	0.0000	0.0000	0.0000
ENSG00000201549.1	Y_RNA	misc_RNA	0	0	0	0.0000	0.0000	0.0000
ENSG00000201550.1	RNU6-726P	snRNA	0	0	0	0.0000	0.0000	0.0000
ENSG00000201554.1	Y_RNA	misc_RNA	0	0	0	0.0000	0.0000	0.0000
ENSG00000201555.1	Y_RNA	misc_RNA	1	1	0	0.9542	0.2795	0.2691
ENSG00000201557.1	SNORD114-15	snoRNA	0	0	0	0.0000	0.0000	0.0000
ENSG00000201558.1	RNVU1-6	snRNA	0	0	0	0.0000	0.0000	0.0000
ENSG00000201560.1	RNU6-973P	snRNA	0	0	0	0.0000	0.0000	0.0000
ENSG00000201563.1	Y_RNA	misc_RNA	0	0	0	0.0000	0.0000	0.0000
ENSG00000201564.1	RN7SKP50	misc_RNA	0	0	0	0.0000	0.0000	0.0000
ENSG00000201565.1	Y_RNA	misc_RNA	0	0	0	0.0000	0.0000	0.0000
ENSG00000201566.1	Y_RNA	misc_RNA	0	0	0	0.0000	0.0000	0.0000
ENSG00000201567.1	RNA5SP510	rRNA_pseudogene	0	0	0	0.0000	0.0000	0.0000
ENSG00000201569.1	SNORD114-17	snoRNA	0	0	0	0.0000	0.0000	0.0000
ENSG00000201570.1	RNU4-56P	snRNA	0	0	0	0.0000	0.0000	0.0000
ENSG00000201573.1	Y_RNA	misc_RNA	0	0	0	0.0000	0.0000	0.0000
ENSG00000201574.1	RNU1-93P	snRNA	0	0	0	0.0000	0.0000	0.0000
ENSG00000201579.1	RNU6-343P	snRNA	1	1	0	0.8165	0.2392	0.2303
ENSG00000201581.1	RN7SKP78	misc_RNA	0	0	0	0.0000	0.0000	0.0000
ENSG00000201583.1	RN7SKP191	misc_RNA	0	0	0	0.0000	0.0000	0.0000
ENSG00000201584.1	Y_RNA	misc_RNA	0	0	0	0.0000	0.0000	0.0000
ENSG00000201586.1	RNU6-593P	snRNA	0	0	0	0.0000	0.0000	0.0000
ENSG00000201588.1	RNA5S2	rRNA	0	0	0	0.0000	0.0000	0.0000
ENSG00000201591.1	RNU6-99P	snRNA	0	0	0	0.0000	0.0000	0.0000
ENSG00000201592.1	AL732366.1	snoRNA	1	1	0	1.0615	0.3109	0.2994
ENSG00000201594.1	RNA5SP517	rRNA_pseudogene	0	0	0	0.0000	0.0000	0.0000
ENSG00000201595.1	RNA5SP132	rRNA_pseudogene	0	0	0	0.0000	0.0000	0.0000
ENSG00000201596.1	Y_RNA	misc_RNA	0	0	0	0.0000	0.0000	0.0000
ENSG00000201598.1	RNU6-219P	snRNA	0	0	0	0.0000	0.0000	0.0000
ENSG00000201600.1	RN7SKP124	misc_RNA	0	0	0	0.0000	0.0000	0.0000
ENSG00000201602.1	Y_RNA	misc_RNA	0	0	0	0.0000	0.0000	0.0000
ENSG00000201604.1	RNU6-740P	snRNA	0	0	0	0.0000	0.0000	0.0000
ENSG00000201607.1	RNU4-16P	snRNA	0	0	0	0.0000	0.0000	0.0000
ENSG00000201608.1	RNU4-42P	snRNA	0	0	0	0.0000	0.0000	0.0000
ENSG00000201609.1	RNU4-28P	snRNA	0	0	0	0.0000	0.0000	0.0000
ENSG00000201610.1	RNA5SP84	rRNA_pseudogene	0	0	0	0.0000	0.0000	0.0000
ENSG00000201612.1	RN7SKP15	misc_RNA	0	0	0	0.0000	0.0000	0.0000
ENSG00000201613.1	RNU6-200P	snRNA	0	0	0	0.0000	0.0000	0.0000
ENSG00000201616.1	RNU1-91P	snRNA	0	0	0	0.0000	0.0000	0.0000
ENSG00000201618.1	RNA5SP505	rRNA_pseudogene	0	0	0	0.0000	0.0000	0.0000
ENSG00000201619.1	AL512326.1	snoRNA	0	0	0	0.0000	0.0000	0.0000
ENSG00000201620.1	RNA5SP51	rRNA_pseudogene	0	0	0	0.0000	0.0000	0.0000
ENSG00000201622.1	RNU6-621P	snRNA	0	0	0	0.0000	0.0000	0.0000
ENSG00000201623.1	RNU6-923P	snRNA	0	0	0	0.0000	0.0000	0.0000
ENSG00000201624.1	Y_RNA	misc_RNA	0	0	0	0.0000	0.0000	0.0000
ENSG00000201627.1	Y_RNA	misc_RNA	0	0	0	0.0000	0.0000	0.0000
ENSG00000201628.1	RNU4-7P	snRNA	0	0	0	0.0000	0.0000	0.0000
ENSG00000201633.1	Y_RNA	misc_RNA	0	0	0	0.0000	0.0000	0.0000
ENSG00000201634.1	SNORD115-48	snoRNA	0	0	0	0.0000	0.0000	0.0000
ENSG00000201635.1	Y_RNA	misc_RNA	0	0	0	0.0000	0.0000	0.0000
ENSG00000201638.2	RNY4P16	misc_RNA	0	0	0	0.0000	0.0000	0.0000
ENSG00000201640.2	RN7SKP28	misc_RNA	0	0	0	0.0000	0.0000	0.0000
ENSG00000201641.1	RNU6-1187P	snRNA	0	0	0	0.0000	0.0000	0.0000
ENSG00000201642.1	RNU6-865P	snRNA	0	0	0	0.0000	0.0000	0.0000
ENSG00000201643.1	SNORA14A	snoRNA	0	0	0	0.0000	0.0000	0.0000
ENSG00000201644.2	Y_RNA	misc_RNA	0	0	0	0.0000	0.0000	0.0000
ENSG00000201648.1	RNU4-91P	snRNA	0	0	0	0.0000	0.0000	0.0000
ENSG00000201649.1	RNY4P34	misc_RNA	0	0	0	0.0000	0.0000	0.0000
ENSG00000201654.1	RNU6-7	snRNA	1	0	1	0.7936	0.2325	0.2239
ENSG00000201658.1	RNU6-283P	snRNA	0	0	0	0.0000	0.0000	0.0000
ENSG00000201659.1	RNU12-2P	snRNA	1	1	0	0.5444	0.1595	0.1535
ENSG00000201660.1	AC095353.1	snoRNA	0	0	0	0.0000	0.0000	0.0000
ENSG00000201662.1	RNU6-60P	snRNA	0	0	0	0.0000	0.0000	0.0000
ENSG00000201663.1	Y_RNA	misc_RNA	0	0	0	0.0000	0.0000	0.0000
ENSG00000201665.1	RN7SKP6	misc_RNA	0	0	0	0.0000	0.0000	0.0000
ENSG00000201666.1	AC121343.1	snoRNA	0	0	0	0.0000	0.0000	0.0000
ENSG00000201668.1	Y_RNA	misc_RNA	0	0	0	0.0000	0.0000	0.0000
ENSG00000201671.1	RNA5SP90	rRNA_pseudogene	0	0	0	0.0000	0.0000	0.0000
ENSG00000201672.1	SNORD113-4	snoRNA	0	0	0	0.0000	0.0000	0.0000
ENSG00000201674.2	U3	snoRNA	0	0	0	0.0000	0.0000	0.0000
ENSG00000201675.1	SNORD32A	snoRNA	0	0	0	0.0000	0.0000	0.0000
ENSG00000201676.1	Y_RNA	misc_RNA	0	0	0	0.0000	0.0000	0.0000
ENSG00000201679.1	SNORD115-15	snoRNA	0	0	0	0.0000	0.0000	0.0000
ENSG00000201680.1	Y_RNA	misc_RNA	0	0	0	0.0000	0.0000	0.0000
ENSG00000201683.1	Y_RNA	misc_RNA	0	0	0	0.0000	0.0000	0.0000
ENSG00000201684.1	RN7SKP239	misc_RNA	0	0	0	0.0000	0.0000	0.0000
ENSG00000201687.1	RNU6-1107P	snRNA	0	0	0	0.0000	0.0000	0.0000
ENSG00000201689.1	SNORD114-29	snoRNA	0	0	0	0.0000	0.0000	0.0000
ENSG00000201690.1	RNY1P2	misc_RNA	0	0	0	0.0000	0.0000	0.0000
ENSG00000201695.1	RNA5SP334	rRNA_pseudogene	0	0	0	0.0000	0.0000	0.0000
ENSG00000201699.1	RNVU1-24	snRNA	0	0	0	0.0000	0.0000	0.0000
ENSG00000201700.3	SNORD113-3	snoRNA	0	0	0	0.0000	0.0000	0.0000
ENSG00000201701.1	AC094019.1	snoRNA	0	0	0	0.0000	0.0000	0.0000
ENSG00000201704.1	RNA5SP396	rRNA_pseudogene	0	0	0	0.0000	0.0000	0.0000
ENSG00000201707.1	RNU6-818P	snRNA	0	0	0	0.0000	0.0000	0.0000
ENSG00000201708.1	RNA5SP359	rRNA_pseudogene	0	0	0	0.0000	0.0000	0.0000
ENSG00000201709.1	RNU6-686P	snRNA	0	0	0	0.0000	0.0000	0.0000
ENSG00000201710.1	AL132709.4	snoRNA	0	0	0	0.0000	0.0000	0.0000
ENSG00000201711.1	RNU6-1303P	snRNA	0	0	0	0.0000	0.0000	0.0000
ENSG00000201713.1	RNA5SP125	rRNA_pseudogene	0	0	0	0.0000	0.0000	0.0000
ENSG00000201715.1	RN7SKP133	misc_RNA	0	0	0	0.0000	0.0000	0.0000
ENSG00000201723.2	Y_RNA	misc_RNA	0	0	0	0.0000	0.0000	0.0000
ENSG00000201724.1	Y_RNA	misc_RNA	6	4	2	5.5383	1.6223	1.5621
ENSG00000201725.1	RNU6-304P	snRNA	0	0	0	0.0000	0.0000	0.0000
ENSG00000201727.1	RNA5SP173	rRNA_pseudogene	0	0	0	0.0000	0.0000	0.0000
ENSG00000201728.1	RNA5SP479	rRNA_pseudogene	0	0	0	0.0000	0.0000	0.0000
ENSG00000201733.1	AP002748.1	snoRNA	0	0	0	0.0000	0.0000	0.0000
ENSG00000201736.1	RNA5SP160	rRNA_pseudogene	0	0	0	0.0000	0.0000	0.0000
ENSG00000201737.1	RNU1-133P	snRNA	0	0	0	0.0000	0.0000	0.0000
ENSG00000201741.1	Y_RNA	misc_RNA	0	0	0	0.0000	0.0000	0.0000
ENSG00000201742.1	RNU6-563P	snRNA	0	0	0	0.0000	0.0000	0.0000
ENSG00000201744.1	RNU6-34P	snRNA	0	0	0	0.0000	0.0000	0.0000
ENSG00000201746.1	RNU6-828P	snRNA	1	0	1	0.7936	0.2325	0.2239
ENSG00000201747.1	RNU6-534P	snRNA	0	0	0	0.0000	0.0000	0.0000
ENSG00000201749.1	Y_RNA	misc_RNA	0	0	0	0.0000	0.0000	0.0000
ENSG00000201752.1	RNU6-119P	snRNA	0	0	0	0.0000	0.0000	0.0000
ENSG00000201754.1	SNORD52	snoRNA	0	0	0	0.0000	0.0000	0.0000
ENSG00000201756.1	Y_RNA	misc_RNA	0	0	0	0.0000	0.0000	0.0000
ENSG00000201758.1	RN7SKP55	misc_RNA	0	0	0	0.0000	0.0000	0.0000
ENSG00000201761.1	RNU6-336P	snRNA	0	0	0	0.0000	0.0000	0.0000
ENSG00000201763.1	RNA5SP267	rRNA_pseudogene	0	0	0	0.0000	0.0000	0.0000
ENSG00000201766.1	RNA5SP302	rRNA_pseudogene	0	0	0	0.0000	0.0000	0.0000
ENSG00000201770.1	RNU6-384P	snRNA	0	0	0	0.0000	0.0000	0.0000
ENSG00000201772.1	SNORA5C	snoRNA	5	0	5	3.0993	0.9078	0.8742
ENSG00000201774.1	Y_RNA	misc_RNA	0	0	0	0.0000	0.0000	0.0000
ENSG00000201775.1	RNU6-1325P	snRNA	0	0	0	0.0000	0.0000	0.0000
ENSG00000201778.1	Y_RNA	misc_RNA	0	8	9	0.0000	0.0000	0.0000
ENSG00000201780.1	RNU6-275P	snRNA	0	0	0	0.0000	0.0000	0.0000
ENSG00000201782.1	RN7SKP226	misc_RNA	0	0	0	0.0000	0.0000	0.0000
ENSG00000201785.1	SNORD117	snoRNA	0	0	0	0.0000	0.0000	0.0000
ENSG00000201786.1	Y_RNA	misc_RNA	0	0	0	0.0000	0.0000	0.0000
ENSG00000201788.1	Y_RNA	misc_RNA	0	0	0	0.0000	0.0000	0.0000
ENSG00000201789.1	RNU6-1071P	snRNA	0	0	0	0.0000	0.0000	0.0000
ENSG00000201790.1	RNA5SP189	rRNA_pseudogene	0	0	0	0.0000	0.0000	0.0000
ENSG00000201791.1	SNORA63	snoRNA	0	0	0	0.0000	0.0000	0.0000
ENSG00000201793.1	RN7SKP9	misc_RNA	0	0	0	0.0000	0.0000	0.0000
ENSG00000201794.1	RN7SKP130	misc_RNA	0	0	0	0.0000	0.0000	0.0000
ENSG00000201796.1	RNU6-392P	snRNA	0	0	0	0.0000	0.0000	0.0000
ENSG00000201800.1	Y_RNA	misc_RNA	0	0	0	0.0000	0.0000	0.0000
ENSG00000201801.1	RNU5E-4P	snRNA	0	0	0	0.0000	0.0000	0.0000
ENSG00000201805.1	RNU6-1180P	snRNA	0	0	0	0.0000	0.0000	0.0000
ENSG00000201806.1	RNU4-8P	snRNA	1	0	1	0.6023	0.1764	0.1699
ENSG00000201807.1	AL121933.1	snoRNA	0	0	0	0.0000	0.0000	0.0000
ENSG00000201809.1	U8	snoRNA	0	0	0	0.0000	0.0000	0.0000
ENSG00000201810.1	U8	snoRNA	0	0	0	0.0000	0.0000	0.0000
ENSG00000201811.1	SNORA71	snoRNA	0	0	0	0.0000	0.0000	0.0000
ENSG00000201812.1	RNA5SP488	rRNA_pseudogene	0	0	0	0.0000	0.0000	0.0000
ENSG00000201813.1	RNU6-915P	snRNA	0	0	0	0.0000	0.0000	0.0000
ENSG00000201815.1	RNU6-526P	snRNA	0	0	0	0.0000	0.0000	0.0000
ENSG00000201816.1	SNORA73	snoRNA	0	0	0	0.0000	0.0000	0.0000
ENSG00000201818.1	RNY4P17	misc_RNA	0	0	0	0.0000	0.0000	0.0000
ENSG00000201820.1	Y_RNA	misc_RNA	1	1	0	0.9332	0.2733	0.2632
ENSG00000201821.1	RNU4-9P	snRNA	0	0	0	0.0000	0.0000	0.0000
ENSG00000201822.1	RNA5SP149	rRNA_pseudogene	0	0	0	0.0000	0.0000	0.0000
ENSG00000201823.1	SNORD48	snoRNA	0	0	0	0.0000	0.0000	0.0000
ENSG00000201825.1	RNU6-1131P	snRNA	0	0	0	0.0000	0.0000	0.0000
ENSG00000201826.1	RNU6-867P	snRNA	0	0	0	0.0000	0.0000	0.0000
ENSG00000201827.1	AC022296.1	snoRNA	0	0	0	0.0000	0.0000	0.0000
ENSG00000201830.1	Y_RNA	misc_RNA	0	0	0	0.0000	0.0000	0.0000
ENSG00000201831.1	SNORD115-1	snoRNA	0	0	0	0.0000	0.0000	0.0000
ENSG00000201839.1	SNORD114-3	snoRNA	0	0	0	0.0000	0.0000	0.0000
ENSG00000201843.1	Y_RNA	misc_RNA	0	0	0	0.0000	0.0000	0.0000
ENSG00000201846.1	RNA5SP166	rRNA_pseudogene	0	0	0	0.0000	0.0000	0.0000
ENSG00000201847.1	SNORD31B	snoRNA	0	0	0	0.0000	0.0000	0.0000
ENSG00000201850.1	Y_RNA	misc_RNA	0	0	0	0.0000	0.0000	0.0000
ENSG00000201852.1	RNU6-702P	snRNA	0	0	0	0.0000	0.0000	0.0000
ENSG00000201856.1	RNA5SP331	rRNA_pseudogene	0	0	0	0.0000	0.0000	0.0000
ENSG00000201860.1	Y_RNA	misc_RNA	0	0	0	0.0000	0.0000	0.0000
ENSG00000201861.1	RNA5SP298	rRNA_pseudogene	0	0	0	0.0000	0.0000	0.0000
ENSG00000201863.1	AC098591.1	snoRNA	0	0	0	0.0000	0.0000	0.0000
ENSG00000201867.1	Y_RNA	misc_RNA	0	0	0	0.0000	0.0000	0.0000
ENSG00000201868.1	Y_RNA	misc_RNA	0	0	0	0.0000	0.0000	0.0000
ENSG00000201869.1	RNU6-294P	snRNA	0	0	0	0.0000	0.0000	0.0000
ENSG00000201875.1	RN7SKP178	misc_RNA	0	0	0	0.0000	0.0000	0.0000
ENSG00000201876.1	RNA5SP97	rRNA_pseudogene	0	0	0	0.0000	0.0000	0.0000
ENSG00000201881.1	Y_RNA	misc_RNA	0	0	0	0.0000	0.0000	0.0000
ENSG00000201882.1	AL732366.2	snoRNA	2	2	0	2.4263	0.7107	0.6844
ENSG00000201884.1	Y_RNA	misc_RNA	0	0	0	0.0000	0.0000	0.0000
ENSG00000201885.1	Y_RNA	misc_RNA	0	0	0	0.0000	0.0000	0.0000
ENSG00000201892.1	Y_RNA	misc_RNA	0	0	0	0.0000	0.0000	0.0000
ENSG00000201894.1	RNU6-967P	snRNA	0	0	0	0.0000	0.0000	0.0000
ENSG00000201896.1	RN7SKP153	misc_RNA	0	0	0	0.0000	0.0000	0.0000
ENSG00000201898.1	SNORA72	snoRNA	0	0	0	0.0000	0.0000	0.0000
ENSG00000201899.1	SNORD114-24	snoRNA	0	0	0	0.0000	0.0000	0.0000
ENSG00000201900.1	RNY1P13	misc_RNA	0	0	0	0.0000	0.0000	0.0000
ENSG00000201901.1	RN7SKP48	misc_RNA	0	0	0	0.0000	0.0000	0.0000
ENSG00000201907.1	SNORD115-38	snoRNA	0	0	0	0.0000	0.0000	0.0000
ENSG00000201909.1	RNU6-590P	snRNA	0	0	0	0.0000	0.0000	0.0000
ENSG00000201910.1	RNU1-140P	snRNA	0	0	0	0.0000	0.0000	0.0000
ENSG00000201912.1	RN7SKP189	misc_RNA	0	0	0	0.0000	0.0000	0.0000
ENSG00000201913.1	Y_RNA	misc_RNA	0	0	0	0.0000	0.0000	0.0000
ENSG00000201916.1	Y_RNA	misc_RNA	0	0	0	0.0000	0.0000	0.0000
ENSG00000201919.1	RNU6-1022P	snRNA	0	0	0	0.0000	0.0000	0.0000
ENSG00000201920.1	RNA5SP442	rRNA_pseudogene	0	0	0	0.0000	0.0000	0.0000
ENSG00000201922.1	RNU1-43P	snRNA	0	0	0	0.0000	0.0000	0.0000
ENSG00000201923.1	RNA5SP485	rRNA_pseudogene	0	0	0	0.0000	0.0000	0.0000
ENSG00000201925.1	RNA5S15	rRNA	0	0	0	0.0000	0.0000	0.0000
ENSG00000201931.1	RNA5SP172	rRNA	0	0	0	0.0000	0.0000	0.0000
ENSG00000201933.1	Y_RNA	misc_RNA	0	0	0	0.0000	0.0000	0.0000
ENSG00000201938.1	Y_RNA	misc_RNA	1	1	0	0.8846	0.2591	0.2495
ENSG00000201939.1	RNA5SP224	rRNA_pseudogene	0	0	0	0.0000	0.0000	0.0000
ENSG00000201942.1	RNA5SP363	rRNA_pseudogene	0	0	0	0.0000	0.0000	0.0000
ENSG00000201943.1	SNORD115-10	snoRNA	0	0	0	0.0000	0.0000	0.0000
ENSG00000201944.1	SNORA72	snoRNA	0	0	0	0.0000	0.0000	0.0000
ENSG00000201945.1	SNORA70	snoRNA	0	0	0	0.0000	0.0000	0.0000
ENSG00000201950.1	SNORD113-9	snoRNA	0	0	0	0.0000	0.0000	0.0000
ENSG00000201954.1	RNU6-673P	snRNA	0	0	0	0.0000	0.0000	0.0000
ENSG00000201955.1	RNY3P1	misc_RNA	0	0	0	0.0000	0.0000	0.0000
ENSG00000201957.1	AC076966.1	snoRNA	0	0	0	0.0000	0.0000	0.0000
ENSG00000201959.1	Y_RNA	misc_RNA	0	0	0	0.0000	0.0000	0.0000
ENSG00000201962.1	RNA5SP126	rRNA_pseudogene	0	0	0	0.0000	0.0000	0.0000
ENSG00000201965.1	Y_RNA	misc_RNA	0	0	0	0.0000	0.0000	0.0000
ENSG00000201966.1	RNA5-8SP4	rRNA_pseudogene	0	0	0	0.0000	0.0000	0.0000
ENSG00000201967.1	RN7SKP22	misc_RNA	0	0	0	0.0000	0.0000	0.0000
ENSG00000201968.1	RNA5SP138	rRNA_pseudogene	0	0	0	0.0000	0.0000	0.0000
ENSG00000201969.1	SNORD115-20	snoRNA	0	0	0	0.0000	0.0000	0.0000
ENSG00000201980.1	SNORA62	snoRNA	0	0	0	0.0000	0.0000	0.0000
ENSG00000201984.1	Y_RNA	misc_RNA	0	0	0	0.0000	0.0000	0.0000
ENSG00000201987.1	Y_RNA	misc_RNA	0	0	0	0.0000	0.0000	0.0000
ENSG00000201988.2	Y_RNA	misc_RNA	0	0	0	0.0000	0.0000	0.0000
ENSG00000201990.1	Y_RNA	misc_RNA	0	0	0	0.0000	0.0000	0.0000
ENSG00000201992.1	SNORD115-35	snoRNA	0	0	0	0.0000	0.0000	0.0000
ENSG00000201998.1	SNORA23	snoRNA	2	2	0	0.9332	0.2733	0.2632
ENSG00000201999.1	RNA5SP428	rRNA_pseudogene	0	0	0	0.0000	0.0000	0.0000
ENSG00000202000.1	RNU1-36P	snRNA	6	2	4	3.0880	0.9045	0.8710
ENSG00000202001.2	Y_RNA	misc_RNA	0	0	0	0.0000	0.0000	0.0000
ENSG00000202008.1	Y_RNA	misc_RNA	0	0	0	0.0000	0.0000	0.0000
ENSG00000202014.1	Y_RNA	misc_RNA	0	0	0	0.0000	0.0000	0.0000
ENSG00000202016.1	RNU6-619P	snRNA	0	0	0	0.0000	0.0000	0.0000
ENSG00000202017.1	RNU6-806P	snRNA	0	0	0	0.0000	0.0000	0.0000
ENSG00000202019.1	Y_RNA	misc_RNA	0	0	0	0.0000	0.0000	0.0000
ENSG00000202021.1	Y_RNA	misc_RNA	0	0	0	0.0000	0.0000	0.0000
ENSG00000202023.1	SNORD81	snoRNA	0	0	0	0.0000	0.0000	0.0000
ENSG00000202024.1	RNU6-934P	snRNA	0	0	0	0.0000	0.0000	0.0000
ENSG00000202025.1	RNU6-1240P	snRNA	0	0	0	0.0000	0.0000	0.0000
ENSG00000202026.1	RNU6-1134P	snRNA	0	0	0	0.0000	0.0000	0.0000
ENSG00000202027.1	Y_RNA	misc_RNA	0	0	0	0.0000	0.0000	0.0000
ENSG00000202029.1	RNU6-580P	snRNA	0	0	0	0.0000	0.0000	0.0000
ENSG00000202031.1	SNORD38A	snoRNA	0	0	0	0.0000	0.0000	0.0000
ENSG00000202034.1	RNU6-399P	snRNA	0	0	0	0.0000	0.0000	0.0000
ENSG00000202035.1	Y_RNA	misc_RNA	0	0	0	0.0000	0.0000	0.0000
ENSG00000202039.1	RNU6-215P	snRNA	0	0	0	0.0000	0.0000	0.0000
ENSG00000202041.1	Y_RNA	misc_RNA	0	0	0	0.0000	0.0000	0.0000
ENSG00000202044.1	RNA5SP223	rRNA_pseudogene	0	0	0	0.0000	0.0000	0.0000
ENSG00000202046.1	Y_RNA	misc_RNA	0	0	0	0.0000	0.0000	0.0000
ENSG00000202047.1	RNA5SP324	rRNA_pseudogene	0	0	0	0.0000	0.0000	0.0000
ENSG00000202048.1	SNORD114-20	snoRNA	0	0	0	0.0000	0.0000	0.0000
ENSG00000202050.1	RNU6-391P	snRNA	0	0	0	0.0000	0.0000	0.0000
ENSG00000202051.1	RNU6-382P	snRNA	0	0	0	0.0000	0.0000	0.0000
ENSG00000202054.1	RNA5SP152	rRNA_pseudogene	0	0	0	0.0000	0.0000	0.0000
ENSG00000202056.1	RNA5SP19	rRNA_pseudogene	0	0	0	0.0000	0.0000	0.0000
ENSG00000202058.1	RN7SKP80	misc_RNA	5	1	5	1.5004	0.4395	0.4232
ENSG00000202059.1	AC023271.1	snoRNA	0	0	0	0.0000	0.0000	0.0000
ENSG00000202060.1	RNA5SP455	rRNA_pseudogene	0	0	0	0.0000	0.0000	0.0000
ENSG00000202063.1	RNA5SP79	rRNA_pseudogene	1	0	1	0.7791	0.2282	0.2197
ENSG00000202069.1	RNU4-66P	snRNA	0	0	0	0.0000	0.0000	0.0000
ENSG00000202070.1	RNU6-1175P	snRNA	0	0	0	0.0000	0.0000	0.0000
ENSG00000202071.1	Y_RNA	misc_RNA	0	0	0	0.0000	0.0000	0.0000
ENSG00000202074.1	RNU6-715P	snRNA	0	0	0	0.0000	0.0000	0.0000
ENSG00000202078.1	Y_RNA	misc_RNA	1	0	1	0.7515	0.2201	0.2120
ENSG00000202079.1	Y_RNA	misc_RNA	2	1	1	1.5873	0.4649	0.4477
ENSG00000202081.1	RNU6-1280P	snRNA	3	3	0	2.3809	0.6974	0.6716
ENSG00000202082.2	RNU6-290P	snRNA	0	0	0	0.0000	0.0000	0.0000
ENSG00000202089.1	RNU6-1306P	snRNA	0	0	0	0.0000	0.0000	0.0000
ENSG00000202092.1	RNA5SP190	rRNA_pseudogene	0	0	0	0.0000	0.0000	0.0000
ENSG00000202093.1	SNORD58C	snoRNA	0	0	0	0.0000	0.0000	0.0000
ENSG00000202095.1	RNU6-1172P	snRNA	0	0	0	0.0000	0.0000	0.0000
ENSG00000202099.1	RNU6-234P	snRNA	0	0	0	0.0000	0.0000	0.0000
ENSG00000202100.1	Y_RNA	misc_RNA	0	0	0	0.0000	0.0000	0.0000
ENSG00000202103.1	RNU4-12P	snRNA	0	0	0	0.0000	0.0000	0.0000
ENSG00000202111.1	VTRNA1-2	misc_RNA	0	0	0	0.0000	0.0000	0.0000
ENSG00000202112.1	RNU6-690P	snRNA	0	0	0	0.0000	0.0000	0.0000
ENSG00000202119.1	RNU6-302P	snRNA	0	0	0	0.0000	0.0000	0.0000
ENSG00000202124.1	RNY4P3	misc_RNA	0	0	0	0.0000	0.0000	0.0000
ENSG00000202125.1	RNU1-100P	snRNA	1	1	0	0.5147	0.1508	0.1452
ENSG00000202137.1	Y_RNA	misc_RNA	0	0	0	0.0000	0.0000	0.0000
ENSG00000202141.1	Y_RNA	misc_RNA	2	1	1	1.5030	0.4403	0.4239
ENSG00000202142.1	SNORD114-18	snoRNA	0	0	0	0.0000	0.0000	0.0000
ENSG00000202144.1	Y_RNA	misc_RNA	0	0	0	0.0000	0.0000	0.0000
ENSG00000202146.1	Y_RNA	misc_RNA	0	0	0	0.0000	0.0000	0.0000
ENSG00000202147.1	RNA5SP329	rRNA_pseudogene	0	0	0	0.0000	0.0000	0.0000
ENSG00000202150.1	RNU6-407P	snRNA	0	0	0	0.0000	0.0000	0.0000
ENSG00000202151.1	RNY4P28	misc_RNA	0	0	0	0.0000	0.0000	0.0000
ENSG00000202157.1	RNU4-11P	snRNA	0	0	0	0.0000	0.0000	0.0000
ENSG00000202159.1	RNU6-742P	snRNA	0	0	0	0.0000	0.0000	0.0000
ENSG00000202160.1	RNU5E-7P	snRNA	0	0	0	0.0000	0.0000	0.0000
ENSG00000202164.1	RNA5SP117	rRNA_pseudogene	0	0	0	0.0000	0.0000	0.0000
ENSG00000202167.1	RNU1-114P	snRNA	0	0	0	0.0000	0.0000	0.0000
ENSG00000202169.1	Y_RNA	misc_RNA	0	0	0	0.0000	0.0000	0.0000
ENSG00000202172.1	RNU6-1327P	snRNA	0	0	0	0.0000	0.0000	0.0000
ENSG00000202174.1	RNA5-8SP5	rRNA_pseudogene	0	0	0	0.0000	0.0000	0.0000
ENSG00000202175.1	RNA5SP128	rRNA_pseudogene	0	0	0	0.0000	0.0000	0.0000
ENSG00000202177.1	Y_RNA	misc_RNA	0	0	0	0.0000	0.0000	0.0000
ENSG00000202182.1	Y_RNA	misc_RNA	0	0	0	0.0000	0.0000	0.0000
ENSG00000202183.1	AL109931.1	snoRNA	0	0	0	0.0000	0.0000	0.0000
ENSG00000202184.1	RNU6-1283P	snRNA	1	0	1	0.8088	0.2369	0.2281
ENSG00000202186.1	RNU6-497P	snRNA	0	0	0	0.0000	0.0000	0.0000
ENSG00000202187.1	RNA5SP355	rRNA_pseudogene	0	0	0	0.0000	0.0000	0.0000
ENSG00000202188.1	SNORD115-31	snoRNA	0	0	0	0.0000	0.0000	0.0000
ENSG00000202189.1	SNORA30B	snoRNA	0	0	0	0.0000	0.0000	0.0000
ENSG00000202190.1	Y_RNA	misc_RNA	0	0	0	0.0000	0.0000	0.0000
ENSG00000202191.1	SNORD113-1	snoRNA	0	0	0	0.0000	0.0000	0.0000
ENSG00000202193.1	RNA5SP427	rRNA_pseudogene	0	0	0	0.0000	0.0000	0.0000
ENSG00000202195.1	Y_RNA	misc_RNA	0	0	0	0.0000	0.0000	0.0000
ENSG00000202198.1	7SK	misc_RNA	0	0	0	0.0000	0.0000	0.0000
ENSG00000202199.1	RNU1-115P	snRNA	0	0	0	0.0000	0.0000	0.0000
ENSG00000202200.1	Y_RNA	misc_RNA	0	0	0	0.0000	0.0000	0.0000
ENSG00000202205.1	RNU6-1034P	snRNA	0	0	0	0.0000	0.0000	0.0000
ENSG00000202206.1	RNU6-169P	snRNA	0	0	0	0.0000	0.0000	0.0000
ENSG00000202211.1	Y_RNA	misc_RNA	0	0	0	0.0000	0.0000	0.0000
ENSG00000202215.1	RNU1-51P	snRNA	0	0	0	0.0000	0.0000	0.0000
ENSG00000202216.2	AC096587.1	snoRNA	0	0	0	0.0000	0.0000	0.0000
ENSG00000202217.1	RN7SKP47	misc_RNA	0	0	0	0.0000	0.0000	0.0000
ENSG00000202222.1	Y_RNA	misc_RNA	0	0	0	0.0000	0.0000	0.0000
ENSG00000202224.1	Y_RNA	misc_RNA	0	0	0	0.0000	0.0000	0.0000
ENSG00000202225.1	RNA5SP240	rRNA_pseudogene	0	0	0	0.0000	0.0000	0.0000
ENSG00000202227.1	RNU6-282P	snRNA	0	0	0	0.0000	0.0000	0.0000
ENSG00000202229.1	RNU6-1138P	snRNA	0	0	0	0.0000	0.0000	0.0000
ENSG00000202231.1	Z95327.1	snoRNA	0	0	0	0.0000	0.0000	0.0000
ENSG00000202233.2	U3	snoRNA	0	0	0	0.0000	0.0000	0.0000
ENSG00000202237.1	RNU6-53P	snRNA	0	0	0	0.0000	0.0000	0.0000
ENSG00000202239.1	RNU6-396P	snRNA	0	0	0	0.0000	0.0000	0.0000
ENSG00000202240.1	RNU6-737P	snRNA	0	0	0	0.0000	0.0000	0.0000
ENSG00000202241.1	RN7SKP186	misc_RNA	0	0	0	0.0000	0.0000	0.0000
ENSG00000202242.1	RNU6-1276P	snRNA	0	0	0	0.0000	0.0000	0.0000
ENSG00000202245.1	RNU6-728P	snRNA	0	0	0	0.0000	0.0000	0.0000
ENSG00000202249.1	RNU5E-5P	snRNA	0	0	0	0.0000	0.0000	0.0000
ENSG00000202251.1	Y_RNA	misc_RNA	0	0	0	0.0000	0.0000	0.0000
ENSG00000202252.1	SNORD14C	snoRNA	0	0	0	0.0000	0.0000	0.0000
ENSG00000202254.1	Y_RNA	misc_RNA	0	0	0	0.0000	0.0000	0.0000
ENSG00000202255.1	Y_RNA	misc_RNA	1	1	0	0.7582	0.2221	0.2139
ENSG00000202257.1	RNA5S16	rRNA	0	0	0	0.0000	0.0000	0.0000
ENSG00000202259.1	RNU6-1318P	snRNA	0	0	0	0.0000	0.0000	0.0000
ENSG00000202260.1	RN7SKP69	misc_RNA	0	0	0	0.0000	0.0000	0.0000
ENSG00000202261.1	SNORD115-44	snoRNA	0	0	0	0.0000	0.0000	0.0000
ENSG00000202263.1	RNA5SP22	rRNA_pseudogene	0	0	0	0.0000	0.0000	0.0000
ENSG00000202264.1	RNA5SP77	rRNA_pseudogene	0	0	0	0.0000	0.0000	0.0000
ENSG00000202265.1	RNU6-596P	snRNA	0	0	0	0.0000	0.0000	0.0000
ENSG00000202268.2	U3	snoRNA	0	0	0	0.0000	0.0000	0.0000
ENSG00000202269.1	U8	snoRNA	0	0	0	0.0000	0.0000	0.0000
ENSG00000202270.1	SNORD114-12	snoRNA	0	0	0	0.0000	0.0000	0.0000
ENSG00000202272.1	Y_RNA	misc_RNA	0	0	0	0.0000	0.0000	0.0000
ENSG00000202273.1	Y_RNA	misc_RNA	0	0	0	0.0000	0.0000	0.0000
ENSG00000202275.1	AL049840.1	snoRNA	0	0	0	0.0000	0.0000	0.0000
ENSG00000202276.1	Y_RNA	misc_RNA	0	0	0	0.0000	0.0000	0.0000
ENSG00000202279.1	Y_RNA	misc_RNA	0	0	0	0.0000	0.0000	0.0000
ENSG00000202281.1	RNA5SP235	rRNA_pseudogene	0	0	0	0.0000	0.0000	0.0000
ENSG00000202283.1	AL591387.1	snoRNA	0	0	0	0.0000	0.0000	0.0000
ENSG00000202285.1	RNU6-117P	snRNA	0	0	0	0.0000	0.0000	0.0000
ENSG00000202290.1	RNA5SP37	rRNA_pseudogene	6	3	3	3.9194	1.1481	1.1055
ENSG00000202293.1	SNORD114-22	snoRNA	0	0	0	0.0000	0.0000	0.0000
ENSG00000202296.1	RNU6-1335P	snRNA	0	0	0	0.0000	0.0000	0.0000
ENSG00000202297.1	RNY3P12	misc_RNA	0	0	0	0.0000	0.0000	0.0000
ENSG00000202300.1	RNU6-487P	snRNA	0	0	0	0.0000	0.0000	0.0000
ENSG00000202304.1	RNU6-1130P	snRNA	0	0	0	0.0000	0.0000	0.0000
ENSG00000202306.1	Y_RNA	misc_RNA	0	0	0	0.0000	0.0000	0.0000
ENSG00000202308.1	RNU6-996P	snRNA	0	0	0	0.0000	0.0000	0.0000
ENSG00000202309.1	Y_RNA	misc_RNA	0	0	0	0.0000	0.0000	0.0000
ENSG00000202310.1	Y_RNA	misc_RNA	0	0	0	0.0000	0.0000	0.0000
ENSG00000202313.1	RNU1-64P	snRNA	0	0	0	0.0000	0.0000	0.0000
ENSG00000202314.1	SNORD6	snoRNA	3	3	0	3.4899	1.0222	0.9843
ENSG00000202317.1	RNU1-84P	snRNA	0	0	0	0.0000	0.0000	0.0000
ENSG00000202318.1	Y_RNA	misc_RNA	4	3	1	3.0602	0.8964	0.8631
ENSG00000202322.1	RNA5SP131	rRNA_pseudogene	0	0	0	0.0000	0.0000	0.0000
ENSG00000202324.1	RNA5SP366	rRNA_pseudogene	0	0	0	0.0000	0.0000	0.0000
ENSG00000202329.1	RNU6-609P	snRNA	0	0	0	0.0000	0.0000	0.0000
ENSG00000202331.1	RNA5SP167	rRNA_pseudogene	0	0	0	0.0000	0.0000	0.0000
ENSG00000202332.1	Y_RNA	misc_RNA	0	0	0	0.0000	0.0000	0.0000
ENSG00000202334.1	RNA5SP238	rRNA_pseudogene	0	0	0	0.0000	0.0000	0.0000
ENSG00000202335.1	AC002350.1	snoRNA	0	0	0	0.0000	0.0000	0.0000
ENSG00000202336.1	RNU6-359P	snRNA	0	0	0	0.0000	0.0000	0.0000
ENSG00000202337.1	RNU6-8	snRNA	4	1	3	3.1746	0.9299	0.8954
ENSG00000202339.1	RNU4-45P	snRNA	0	0	0	0.0000	0.0000	0.0000
ENSG00000202341.1	RNU6-1051P	snRNA	1	0	1	0.8326	0.2439	0.2348
ENSG00000202343.1	AL078581.1	snoRNA	7	5	4	4.4033	1.2898	1.2420
ENSG00000202344.1	RN7SKP208	misc_RNA	0	0	0	0.0000	0.0000	0.0000
ENSG00000202345.1	Y_RNA	misc_RNA	0	0	0	0.0000	0.0000	0.0000
ENSG00000202347.1	RNU1-16P	snRNA	2	0	2	1.0356	0.3033	0.2921
ENSG00000202350.1	RNU6-326P	snRNA	0	0	0	0.0000	0.0000	0.0000
ENSG00000202351.1	RN7SKP204	misc_RNA	0	0	0	0.0000	0.0000	0.0000
ENSG00000202354.1	RNY3	misc_RNA	0	0	0	0.0000	0.0000	0.0000
ENSG00000202356.1	RNA5SP277	rRNA_pseudogene	0	0	0	0.0000	0.0000	0.0000
ENSG00000202357.1	Y_RNA	misc_RNA	0	0	0	0.0000	0.0000	0.0000
ENSG00000202358.1	RNU6-652P	snRNA	0	0	0	0.0000	0.0000	0.0000
ENSG00000202360.1	RN7SKP249	misc_RNA	1	1	0	0.2392	0.0701	0.0675
ENSG00000202361.1	Y_RNA	misc_RNA	0	0	0	0.0000	0.0000	0.0000
ENSG00000202363.1	SNORA62	snoRNA	0	0	0	0.0000	0.0000	0.0000
ENSG00000202368.1	Y_RNA	misc_RNA	0	0	0	0.0000	0.0000	0.0000
ENSG00000202373.1	SNORD115-43	snoRNA	0	0	0	0.0000	0.0000	0.0000
ENSG00000202374.1	SNORA62	snoRNA	0	0	0	0.0000	0.0000	0.0000
ENSG00000202377.1	SNORA25B	snoRNA	0	0	0	0.0000	0.0000	0.0000
ENSG00000202379.1	SNORA70	snoRNA	0	0	0	0.0000	0.0000	0.0000
ENSG00000202380.1	RNU1-55P	snRNA	0	0	0	0.0000	0.0000	0.0000
ENSG00000202382.1	Y_RNA	misc_RNA	0	0	0	0.0000	0.0000	0.0000
ENSG00000202383.1	RNA5SP279	rRNA_pseudogene	0	0	0	0.0000	0.0000	0.0000
ENSG00000202385.1	Y_RNA	misc_RNA	0	0	0	0.0000	0.0000	0.0000
ENSG00000202386.1	RNA5SP211	rRNA_pseudogene	0	0	0	0.0000	0.0000	0.0000
ENSG00000202388.1	Y_RNA	misc_RNA	0	0	0	0.0000	0.0000	0.0000
ENSG00000202389.1	SNORA70	snoRNA	0	0	0	0.0000	0.0000	0.0000
ENSG00000202392.1	RN7SKP292	misc_RNA	0	0	0	0.0000	0.0000	0.0000
ENSG00000202395.1	RN7SKP1	misc_RNA	0	0	0	0.0000	0.0000	0.0000
ENSG00000202398.1	RNU6-61P	snRNA	0	0	0	0.0000	0.0000	0.0000
ENSG00000202399.1	Y_RNA	misc_RNA	1	0	1	0.7515	0.2201	0.2120
ENSG00000202400.1	SNORD82	snoRNA	0	0	0	0.0000	0.0000	0.0000
ENSG00000202402.1	Y_RNA	misc_RNA	0	0	0	0.0000	0.0000	0.0000
ENSG00000202406.1	RN7SKP187	misc_RNA	0	0	0	0.0000	0.0000	0.0000
ENSG00000202407.1	Y_RNA	misc_RNA	0	0	0	0.0000	0.0000	0.0000
ENSG00000202408.2	RNVU1-21	snRNA	0	0	0	0.0000	0.0000	0.0000
ENSG00000202410.1	Y_RNA	misc_RNA	0	0	0	0.0000	0.0000	0.0000
ENSG00000202411.1	RNA5SP259	rRNA_pseudogene	0	0	0	0.0000	0.0000	0.0000
ENSG00000202412.1	RNY3P13	misc_RNA	0	0	0	0.0000	0.0000	0.0000
ENSG00000202414.1	Y_RNA	misc_RNA	0	0	0	0.0000	0.0000	0.0000
ENSG00000202415.1	RN7SKP269	misc_RNA	0	0	0	0.0000	0.0000	0.0000
ENSG00000202417.1	Y_RNA	misc_RNA	0	0	0	0.0000	0.0000	0.0000
ENSG00000202422.1	RNA5SP30	rRNA_pseudogene	0	0	0	0.0000	0.0000	0.0000
ENSG00000202423.1	RNU6-827P	snRNA	0	0	0	0.0000	0.0000	0.0000
ENSG00000202427.1	RNU6-744P	snRNA	0	0	0	0.0000	0.0000	0.0000
ENSG00000202428.1	RNU6-108P	snRNA	0	0	0	0.0000	0.0000	0.0000
ENSG00000202429.1	RNU4-48P	snRNA	0	0	0	0.0000	0.0000	0.0000
ENSG00000202430.1	RNA5SP88	rRNA_pseudogene	0	0	0	0.0000	0.0000	0.0000
ENSG00000202431.1	RNU6-438P	snRNA	0	0	0	0.0000	0.0000	0.0000
ENSG00000202433.1	RNU6-54P	snRNA	0	0	0	0.0000	0.0000	0.0000
ENSG00000202434.1	AC010746.1	snoRNA	0	0	0	0.0000	0.0000	0.0000
ENSG00000202438.1	Y_RNA	misc_RNA	0	0	0	0.0000	0.0000	0.0000
ENSG00000202440.1	SNORD42	snoRNA	0	0	0	0.0000	0.0000	0.0000
ENSG00000202441.2	RNY4P10	misc_RNA	4	1	3	3.5384	1.0364	0.9980
ENSG00000202444.1	RNU5E-6P	snRNA	0	0	0	0.0000	0.0000	0.0000
ENSG00000202445.1	RNU6-669P	snRNA	0	0	0	0.0000	0.0000	0.0000
ENSG00000202449.1	SNORA63	snoRNA	0	0	0	0.0000	0.0000	0.0000
ENSG00000202459.1	Y_RNA	misc_RNA	0	0	0	0.0000	0.0000	0.0000
ENSG00000202461.1	Y_RNA	misc_RNA	4	1	3	3.0060	0.8805	0.8479
ENSG00000202468.1	RNU4-17P	snRNA	0	0	0	0.0000	0.0000	0.0000
ENSG00000202469.1	Y_RNA	misc_RNA	0	0	0	0.0000	0.0000	0.0000
ENSG00000202470.1	Y_RNA	misc_RNA	0	0	0	0.0000	0.0000	0.0000
ENSG00000202471.1	RNU4-20P	snRNA	0	0	0	0.0000	0.0000	0.0000
ENSG00000202472.1	RNA5SP248	rRNA_pseudogene	0	0	0	0.0000	0.0000	0.0000
ENSG00000202473.1	RN7SKP81	misc_RNA	0	0	0	0.0000	0.0000	0.0000
ENSG00000202474.1	RNA5SP283	rRNA_pseudogene	0	0	0	0.0000	0.0000	0.0000
ENSG00000202476.1	Y_RNA	misc_RNA	0	0	0	0.0000	0.0000	0.0000
ENSG00000202478.1	RNU6-81P	snRNA	0	0	0	0.0000	0.0000	0.0000
ENSG00000202479.1	SNORD14	snoRNA	0	0	0	0.0000	0.0000	0.0000
ENSG00000202485.1	RNU6-499P	snRNA	0	0	0	0.0000	0.0000	0.0000
ENSG00000202490.1	RNU6-597P	snRNA	0	0	0	0.0000	0.0000	0.0000
ENSG00000202491.1	RNU6-716P	snRNA	0	0	0	0.0000	0.0000	0.0000
ENSG00000202495.1	Y_RNA	misc_RNA	0	0	0	0.0000	0.0000	0.0000
ENSG00000202497.1	RNU6-898P	snRNA	0	0	0	0.0000	0.0000	0.0000
ENSG00000202498.1	SNORD116	snoRNA	0	0	0	0.0000	0.0000	0.0000
ENSG00000202499.1	SNORD115-36	snoRNA	0	0	0	0.0000	0.0000	0.0000
ENSG00000202502.1	RNA5SP151	rRNA_pseudogene	1	0	1	0.7258	0.2126	0.2047
ENSG00000202503.1	SNORD34	snoRNA	0	0	0	0.0000	0.0000	0.0000
ENSG00000202508.1	Y_RNA	misc_RNA	0	0	0	0.0000	0.0000	0.0000
ENSG00000202512.1	RN7SKP230	misc_RNA	0	0	0	0.0000	0.0000	0.0000
ENSG00000202513.1	RNU6-805P	snRNA	0	0	0	0.0000	0.0000	0.0000
ENSG00000202514.1	Y_RNA	misc_RNA	0	0	0	0.0000	0.0000	0.0000
ENSG00000202515.1	VTRNA1-3	misc_RNA	0	0	0	0.0000	0.0000	0.0000
ENSG00000202517.1	AC099331.1	snoRNA	1	0	1	0.6337	0.1856	0.1787
ENSG00000202521.1	RNA5S7	rRNA	0	0	0	0.0000	0.0000	0.0000
ENSG00000202522.1	Y_RNA	misc_RNA	0	0	0	0.0000	0.0000	0.0000
ENSG00000202523.1	Y_RNA	misc_RNA	0	0	0	0.0000	0.0000	0.0000
ENSG00000202526.1	RNA5S13	rRNA	0	0	0	0.0000	0.0000	0.0000
ENSG00000202528.1	RNU6-650P	snRNA	0	0	0	0.0000	0.0000	0.0000
ENSG00000202529.1	SNORD18B	snoRNA	0	0	0	0.0000	0.0000	0.0000
ENSG00000202532.1	RNU6-395P	snRNA	0	46	37	0.0000	0.0000	0.0000
ENSG00000202533.1	Y_RNA	misc_RNA	4	2	2	3.0602	0.8964	0.8631
ENSG00000202534.1	RNU6-1329P	snRNA	0	0	0	0.0000	0.0000	0.0000
ENSG00000202536.2	Y_RNA	misc_RNA	0	0	0	0.0000	0.0000	0.0000
ENSG00000202537.1	U8	snoRNA	0	0	0	0.0000	0.0000	0.0000
ENSG00000202538.1	RNU4-2	snRNA	6	4	2	3.6136	1.0585	1.0192
ENSG00000202542.1	Y_RNA	misc_RNA	0	0	0	0.0000	0.0000	0.0000
ENSG00000202560.4	MIR539	miRNA	0	0	0	0.0000	0.0000	0.0000
ENSG00000202566.4	MIR421	miRNA	0	0	0	0.0000	0.0000	0.0000
ENSG00000202569.4	MIR146B	miRNA	0	0	0	0.0000	0.0000	0.0000
ENSG00000202601.4	MIR582	miRNA	0	0	0	0.0000	0.0000	0.0000
ENSG00000202609.4	MIR488	miRNA	0	0	0	0.0000	0.0000	0.0000
ENSG00000203258.3	AC013549.1	lncRNA	0	0	0	0.0000	0.0000	0.0000
ENSG00000203262.3	AL137845.1	processed_pseudogene	0	0	0	0.0000	0.0000	0.0000
ENSG00000203266.3	AL157414.1	lncRNA	0	0	0	0.0000	0.0000	0.0000
ENSG00000203279.4	AL590705.1	lncRNA	4	7	5	0.3973	0.1164	0.1121
ENSG00000203280.4	KIAA1671-AS1	lncRNA	0	1	4	0.0000	0.0000	0.0000
ENSG00000203286.5	Metazoa_SRP	misc_RNA	1	0	1	0.3011	0.0882	0.0849
ENSG00000203288.4	TDRKH-AS1	lncRNA	8	10	8	0.5954	0.1744	0.1679
ENSG00000203307.2	FAM78B-AS1	lncRNA	20	10	10	2.8593	0.8375	0.8065
ENSG00000203321.2	CARNMT1-AS1	lncRNA	1	0	1	0.1181	0.0346	0.0333
ENSG00000203325.3	AL445248.1	lncRNA	1	0	1	0.1361	0.0399	0.0384
ENSG00000203326.12	ZNF525	protein_coding	41	17	24	0.4840	0.1418	0.1365
ENSG00000203327.2	AC012358.1	lncRNA	2	2	0	0.1854	0.0543	0.0523
ENSG00000203334.4	AP003027.1	lncRNA	0	0	0	0.0000	0.0000	0.0000
ENSG00000203335.5	AC006019.1	lncRNA	0	0	0	0.0000	0.0000	0.0000
ENSG00000203356.2	LINC01562	lncRNA	2	1	1	0.0718	0.0210	0.0202
ENSG00000203362.2	POLH-AS1	lncRNA	10	6	5	0.8578	0.2513	0.2419
ENSG00000203363.2	GPR160P1	processed_pseudogene	1	0	1	0.0853	0.0250	0.0241
ENSG00000203364.2	AL390760.1	lncRNA	350	192	158	72.4931	21.2344	20.4471
ENSG00000203387.2	SNF8P1	processed_pseudogene	0	0	0	0.0000	0.0000	0.0000
ENSG00000203392.3	AC105020.1	lncRNA	26	9	17	1.0013	0.2933	0.2824
ENSG00000203395.2	AC015969.1	lncRNA	3	0	3	0.1799	0.0527	0.0507
ENSG00000203396.3	AL512646.1	processed_pseudogene	0	0	0	0.0000	0.0000	0.0000
ENSG00000203397.2	SHISA5P2	processed_pseudogene	1	0	1	0.1665	0.0488	0.0470
ENSG00000203402.2	AL591503.1	lncRNA	0	0	0	0.0000	0.0000	0.0000
ENSG00000203408.4	OR6C71P	transcribed_unprocessed_pseudogene	0	0	0	0.0000	0.0000	0.0000
ENSG00000203411.3	Metazoa_SRP	misc_RNA	0	0	0	0.0000	0.0000	0.0000
ENSG00000203413.3	ACTBP6	processed_pseudogene	0	0	0	0.0000	0.0000	0.0000
ENSG00000203414.2	BTBD7P1	processed_pseudogene	20	10	10	1.1689	0.3424	0.3297
ENSG00000203416.3	FAM32BP	processed_pseudogene	1	0	1	0.2550	0.0747	0.0719
ENSG00000203434.2	AL353740.1	lncRNA	0	0	0	0.0000	0.0000	0.0000
ENSG00000203435.2	E2F3P2	processed_pseudogene	0	0	0	0.0000	0.0000	0.0000
ENSG00000203436.2	Metazoa_SRP	misc_RNA	0	0	0	0.0000	0.0000	0.0000
ENSG00000203437.3	AC022080.1	processed_pseudogene	2	2	0	0.2175	0.0637	0.0613
ENSG00000203441.2	LINC00449	lncRNA	0	4	4	0.0000	0.0000	0.0000
ENSG00000203446.2	SUGCT-AS1	lncRNA	9826	4866	4960	471.1622	138.0108	132.8941
ENSG00000203462.2	AC093392.1	unprocessed_pseudogene	0	0	0	0.0000	0.0000	0.0000
ENSG00000203469.2	AL354956.1	lncRNA	0	85	104	0.0000	0.0000	0.0000
ENSG00000203472.3	AC009163.1	lncRNA	0	216	225	0.0000	0.0000	0.0000
ENSG00000203485.14	INF2	protein_coding	11718	5901	5831	73.0240	21.3899	20.5968
ENSG00000203489.3	HMGB1P39	processed_pseudogene	0	0	0	0.0000	0.0000	0.0000
ENSG00000203492.4	AL645937.1	transcribed_unprocessed_pseudogene	0	0	0	0.0000	0.0000	0.0000
ENSG00000203496.9	AL133216.1	lncRNA	0	0	0	0.0000	0.0000	0.0000
ENSG00000203497.2	PDCD4-AS1	lncRNA	43	31	27	4.6935	1.3748	1.3238
ENSG00000203498.3	AL139390.1	lncRNA	0	0	0	0.0000	0.0000	0.0000
ENSG00000203499.12	IQANK1	protein_coding	102	48	55	1.7379	0.5091	0.4902
ENSG00000203506.5	RBMS3-AS2	lncRNA	1	1	0	0.0369	0.0108	0.0104
ENSG00000203520.3	AP000753.1	lncRNA	0	0	0	0.0000	0.0000	0.0000
ENSG00000203523.3	TAS2R2P	processed_pseudogene	2	2	0	0.1866	0.0547	0.0526
ENSG00000203527.2	SCUBE1-AS1	lncRNA	0	0	0	0.0000	0.0000	0.0000
ENSG00000203531.3	AC104772.1	processed_pseudogene	0	0	0	0.0000	0.0000	0.0000
ENSG00000203546.7	AL139353.1	protein_coding	3	2	1	0.0576	0.0169	0.0162
ENSG00000203560.3	OR52J1P	unprocessed_pseudogene	0	0	0	0.0000	0.0000	0.0000
ENSG00000203565.3	AL450313.1	lncRNA	0	0	0	0.0000	0.0000	0.0000
ENSG00000203573.4	Metazoa_SRP	misc_RNA	0	0	0	0.0000	0.0000	0.0000
ENSG00000203581.7	OR1F2P	unprocessed_pseudogene	0	0	0	0.0000	0.0000	0.0000
ENSG00000203585.4	LINC02408	lncRNA	35	20	15	1.0062	0.2947	0.2838
ENSG00000203588.3	IGBP1-AS1	lncRNA	5	0	5	0.7834	0.2295	0.2210
ENSG00000203593.3	AC005342.1	lncRNA	2	1	1	0.2700	0.0791	0.0762
ENSG00000203601.3	LINC00970	lncRNA	0	0	0	0.0000	0.0000	0.0000
ENSG00000203605.3	AC096543.1	lncRNA	1	1	3	0.1032	0.0302	0.0291
ENSG00000203616.2	RHOT1P2	processed_pseudogene	0	0	0	0.0000	0.0000	0.0000
ENSG00000203618.6	GP1BB	protein_coding	0	0	0	0.0000	0.0000	0.0000
ENSG00000203620.2	AL354919.1	lncRNA	0	0	0	0.0000	0.0000	0.0000
ENSG00000203635.2	AC144450.1	lncRNA	0	0	0	0.0000	0.0000	0.0000
ENSG00000203643.3	AC012456.1	lncRNA	0	0	0	0.0000	0.0000	0.0000
ENSG00000203644.3	AC083799.1	lncRNA	166	85	81	15.4910	4.5376	4.3693
ENSG00000203645.2	LINC00501	lncRNA	0	0	0	0.0000	0.0000	0.0000
ENSG00000203647.2	AC106827.1	processed_pseudogene	0	0	0	0.0000	0.0000	0.0000
ENSG00000203648.3	AC007618.1	processed_pseudogene	0	0	0	0.0000	0.0000	0.0000
ENSG00000203650.9	LINC01285	lncRNA	18	12	6	0.2393	0.0701	0.0675
ENSG00000203661.4	OR2T5	protein_coding	0	0	0	0.0000	0.0000	0.0000
ENSG00000203663.4	OR2L2	protein_coding	1	0	1	0.0194	0.0057	0.0055
ENSG00000203664.7	OR2W5	transcribed_unprocessed_pseudogene	0	0	0	0.0000	0.0000	0.0000
ENSG00000203666.12	EFCAB2	protein_coding	248	152	133	2.4469	0.7167	0.6902
ENSG00000203667.10	COX20	protein_coding	6	1341	1307	0.1115	0.0327	0.0314
ENSG00000203668.3	CHML	protein_coding	1443	718	725	15.7547	4.6148	4.4437
ENSG00000203684.5	IBA57-DT	lncRNA	3	0	3	0.3974	0.1164	0.1121
ENSG00000203685.10	STUM	protein_coding	32	10	22	0.3465	0.1015	0.0977
ENSG00000203688.6	LINC02487	lncRNA	1	0	1	0.0211	0.0062	0.0059
ENSG00000203690.13	TCP10L3	transcribed_unprocessed_pseudogene	0	0	0	0.0000	0.0000	0.0000
ENSG00000203697.12	CAPN8	protein_coding	7	2	5	0.1149	0.0337	0.0324
ENSG00000203705.11	TATDN3	protein_coding	755	396	359	16.0609	4.7045	4.5301
ENSG00000203706.8	SERTAD4-AS1	lncRNA	7	3	5	0.5921	0.1734	0.1670
ENSG00000203709.12	MIR29B2CHG	lncRNA	28	15	14	0.1420	0.0416	0.0401
ENSG00000203710.12	CR1	protein_coding	79	31	48	0.5332	0.1562	0.1504
ENSG00000203711.14	C6orf99	lncRNA	19	7	12	0.8822	0.2584	0.2488
ENSG00000203721.7	LINC00862	lncRNA	11	7	4	0.2642	0.0774	0.0745
ENSG00000203722.8	RAET1G	protein_coding	22	22	18	1.2572	0.3683	0.3546
ENSG00000203724.11	C1orf53	protein_coding	39	20	19	5.2737	1.5448	1.4875
ENSG00000203727.4	SAMD5	protein_coding	219	118	101	2.8363	0.8308	0.8000
ENSG00000203729.8	LINC00272	lncRNA	0	0	0	0.0000	0.0000	0.0000
ENSG00000203730.3	TEDDM1	protein_coding	1	1	0	0.0333	0.0098	0.0094
ENSG00000203733.5	GJE1	protein_coding	0	0	0	0.0000	0.0000	0.0000
ENSG00000203734.12	ECT2L	protein_coding	2	1	8	0.0366	0.0107	0.0103
ENSG00000203737.5	GPR52	protein_coding	5	3	2	0.2684	0.0786	0.0757
ENSG00000203739.4	PRDX6-AS1	lncRNA	40	23	17	0.7081	0.2074	0.1997
ENSG00000203740.4	METTL11B	protein_coding	0	0	0	0.0000	0.0000	0.0000
ENSG00000203747.12	FCGR3A	protein_coding	2191	1114	1077	68.2792	20.0000	19.2585
ENSG00000203756.8	TMEM244	protein_coding	2	1	1	0.2379	0.0697	0.0671
ENSG00000203757.2	OR6K3	protein_coding	0	0	0	0.0000	0.0000	0.0000
ENSG00000203758.4	OR10T1P	unprocessed_pseudogene	0	0	0	0.0000	0.0000	0.0000
ENSG00000203760.9	CENPW	protein_coding	113	62	51	11.2365	3.2914	3.1693
ENSG00000203761.5	MSTO2P	unprocessed_pseudogene	64	30	53	3.1802	0.9315	0.8970
ENSG00000203772.7	SPRN	protein_coding	6	27	35	0.1629	0.0477	0.0459
ENSG00000203778.8	FAM229B	protein_coding	495	252	243	16.4781	4.8267	4.6477
ENSG00000203780.12	FANK1	protein_coding	21	10	11	0.5309	0.1555	0.1497
ENSG00000203781.4	S100A7P1	unprocessed_pseudogene	0	0	0	0.0000	0.0000	0.0000
ENSG00000203782.6	LORICRIN	protein_coding	2	2	1	0.1364	0.0400	0.0385
ENSG00000203783.5	PRR9	protein_coding	0	0	0	0.0000	0.0000	0.0000
ENSG00000203784.3	LELP1	protein_coding	0	0	0	0.0000	0.0000	0.0000
ENSG00000203785.9	SPRR2E	protein_coding	0	0	0	0.0000	0.0000	0.0000
ENSG00000203786.6	KPRP	protein_coding	0	0	0	0.0000	0.0000	0.0000
ENSG00000203791.15	EEF1AKMT2	protein_coding	213	112	101	3.1084	0.9105	0.8768
ENSG00000203795.3	FAM24A	protein_coding	0	0	0	0.0000	0.0000	0.0000
ENSG00000203797.12	DDO	protein_coding	155	72	83	6.1422	1.7991	1.7324
ENSG00000203799.13	CCDC162P	transcribed_unitary_pseudogene	0	0	0	0.0000	0.0000	0.0000
ENSG00000203801.8	LINC00222	lncRNA	0	2	0	0.0000	0.0000	0.0000
ENSG00000203804.5	ADAMTSL4-AS1	lncRNA	1	51	49	0.0444	0.0130	0.0125
ENSG00000203805.11	PLPP4	protein_coding	51	30	22	1.1636	0.3408	0.3282
ENSG00000203808.12	BVES-AS1	lncRNA	15	24	28	0.1899	0.0556	0.0536
ENSG00000203809.7	LIN28B-AS1	lncRNA	1	0	1	0.0168	0.0049	0.0047
ENSG00000203811.1	H3C14	protein_coding	2	0	2	0.1026	0.0300	0.0289
ENSG00000203812.2	H2AC18	protein_coding	1	0	3	0.1547	0.0453	0.0436
ENSG00000203814.6	H2BC18	protein_coding	9	14	11	0.2391	0.0700	0.0675
ENSG00000203825.4	AC239859.1	unprocessed_pseudogene	1	1	0	0.0327	0.0096	0.0092
ENSG00000203837.5	PNLIPRP3	protein_coding	1090	497	593	38.9904	11.4209	10.9975
ENSG00000203852.3	H3C15	protein_coding	0	0	1	0.0000	0.0000	0.0000
ENSG00000203855.7	HSD3BP4	unprocessed_pseudogene	3	2	1	0.2275	0.0666	0.0642
ENSG00000203857.10	HSD3B1	protein_coding	0	0	0	0.0000	0.0000	0.0000
ENSG00000203858.3	HSD3BP2	unprocessed_pseudogene	0	0	0	0.0000	0.0000	0.0000
ENSG00000203859.10	HSD3B2	protein_coding	0	0	0	0.0000	0.0000	0.0000
ENSG00000203864.3	LINC02868	lncRNA	0	0	0	0.0000	0.0000	0.0000
ENSG00000203865.11	ATP1A1-AS1	lncRNA	74	19693	19841	0.4832	0.1415	0.1363
ENSG00000203867.8	RBM20	protein_coding	143	80	63	1.4770	0.4326	0.4166
ENSG00000203870.5	SMIM9	protein_coding	0	0	0	0.0000	0.0000	0.0000
ENSG00000203872.7	C6orf163	protein_coding	1	0	1	0.0291	0.0085	0.0082
ENSG00000203875.13	SNHG5	lncRNA	507	246	261	3.4160	1.0006	0.9635
ENSG00000203876.10	ADD3-AS1	lncRNA	2	62	56	0.0187	0.0055	0.0053
ENSG00000203877.8	RIPPLY2	protein_coding	0	0	0	0.0000	0.0000	0.0000
ENSG00000203878.11	CHIAP2	transcribed_unprocessed_pseudogene	0	0	0	0.0000	0.0000	0.0000
ENSG00000203879.12	GDI1	protein_coding	8306	4115	4193	134.1989	39.3090	37.8516
ENSG00000203880.12	PCMTD2	protein_coding	1594	852	742	22.5869	6.6161	6.3708
ENSG00000203883.7	SOX18	protein_coding	248	129	119	11.3106	3.3130	3.1902
ENSG00000203896.10	LIME1	protein_coding	13	6	7	0.4329	0.1268	0.1221
ENSG00000203897.4	SPATA42	lncRNA	1	1	2	0.1346	0.0394	0.0380
ENSG00000203900.2	AL121827.1	lncRNA	0	0	0	0.0000	0.0000	0.0000
ENSG00000203907.9	OOEP	protein_coding	0	0	0	0.0000	0.0000	0.0000
ENSG00000203908.4	KHDC3L	protein_coding	0	0	0	0.0000	0.0000	0.0000
ENSG00000203909.4	DPPA5	protein_coding	0	0	0	0.0000	0.0000	0.0000
ENSG00000203910.9	C1orf146	protein_coding	2	1	1	0.1564	0.0458	0.0441
ENSG00000203914.4	HSP90B3P	processed_pseudogene	21	15	6	1.1381	0.3334	0.3210
ENSG00000203923.5	SPANXN1	protein_coding	0	0	0	0.0000	0.0000	0.0000
ENSG00000203926.5	SPANXA2	protein_coding	0	0	0	0.0000	0.0000	0.0000
ENSG00000203930.12	LINC00632	lncRNA	11	7	9	0.0323	0.0095	0.0091
ENSG00000203933.3	CXorf66	protein_coding	0	0	0	0.0000	0.0000	0.0000
ENSG00000203942.5	C10orf62	protein_coding	4	1	4	0.2798	0.0820	0.0789
ENSG00000203943.9	SAMD13	protein_coding	406	198	209	10.1256	2.9659	2.8560
ENSG00000203950.6	RTL8A	protein_coding	2141	1085	1064	143.7270	42.0999	40.5390
ENSG00000203952.9	CCDC160	protein_coding	0	0	0	0.0000	0.0000	0.0000
ENSG00000203963.11	C1orf141	protein_coding	0	0	0	0.0000	0.0000	0.0000
ENSG00000203965.13	EFCAB7	protein_coding	596	296	317	8.8732	2.5991	2.5027
ENSG00000203970.4	DEFB110	protein_coding	0	0	0	0.0000	0.0000	0.0000
ENSG00000203971.2	AL354984.1	lncRNA	0	0	0	0.0000	0.0000	0.0000
ENSG00000203972.10	GLYATL3	protein_coding	1	1	0	0.0388	0.0114	0.0109
ENSG00000203985.11	LDLRAD1	protein_coding	0	0	0	0.0000	0.0000	0.0000
ENSG00000203987.3	AL772363.1	lncRNA	0	1	0	0.0000	0.0000	0.0000
ENSG00000203989.5	RHOXF2B	protein_coding	0	0	0	0.0000	0.0000	0.0000
ENSG00000203993.6	ARRDC1-AS1	lncRNA	197	102	104	4.7191	1.3823	1.3311
ENSG00000203995.10	ZYG11A	protein_coding	0	0	0	0.0000	0.0000	0.0000
ENSG00000203999.9	LINC01270	lncRNA	42	54	48	0.6594	0.1931	0.1860
ENSG00000204001.9	LCN8	protein_coding	0	0	0	0.0000	0.0000	0.0000
ENSG00000204003.8	AL355987.1	protein_coding	0	0	0	0.0000	0.0000	0.0000
ENSG00000204006.10	C1orf185	protein_coding	0	0	0	0.0000	0.0000	0.0000
ENSG00000204007.7	GLT6D1	protein_coding	0	0	0	0.0000	0.0000	0.0000
ENSG00000204010.3	IFIT1B	protein_coding	9	7	2	0.3876	0.1135	0.1093
ENSG00000204011.5	COL5A1-AS1	lncRNA	0	0	0	0.0000	0.0000	0.0000
ENSG00000204019.5	CT83	protein_coding	1	0	1	0.1643	0.0481	0.0463
ENSG00000204020.6	LIPN	protein_coding	1	1	0	0.0151	0.0044	0.0043
ENSG00000204021.4	LIPK	protein_coding	0	0	0	0.0000	0.0000	0.0000
ENSG00000204022.9	LIPJ	protein_coding	8	1	8	0.1500	0.0439	0.0423
ENSG00000204025.8	TRPC5OS	protein_coding	0	0	0	0.0000	0.0000	0.0000
ENSG00000204031.3	LCN1P2	unprocessed_pseudogene	0	0	0	0.0000	0.0000	0.0000
ENSG00000204033.10	LRIT2	protein_coding	0	0	0	0.0000	0.0000	0.0000
ENSG00000204044.6	SLC12A5-AS1	lncRNA	10	2130	2113	0.3784	0.1108	0.1067
ENSG00000204049.1	AL391421.1	lncRNA	0	8	19	0.0000	0.0000	0.0000
ENSG00000204052.4	LRRC73	protein_coding	21	13	9	0.8408	0.2463	0.2372
ENSG00000204053.6	MYCLP1	processed_pseudogene	0	0	0	0.0000	0.0000	0.0000
ENSG00000204054.14	LINC00963	lncRNA	2526	1853	1873	15.2502	4.4670	4.3014
ENSG00000204055.5	AL158151.1	lncRNA	0	82	79	0.0000	0.0000	0.0000
ENSG00000204060.7	FOXO6	protein_coding	49	28	21	1.7352	0.5083	0.4894
ENSG00000204065.3	TCEAL5	protein_coding	1	1	4	0.0812	0.0238	0.0229
ENSG00000204070.10	SYS1	protein_coding	1774	873	914	25.1081	7.3546	7.0819
ENSG00000204071.10	TCEAL6	protein_coding	5	2	3	0.3088	0.0905	0.0871
ENSG00000204072.3	ARMCX7P	transcribed_unprocessed_pseudogene	28	16	15	2.0463	0.5994	0.5772
ENSG00000204084.13	INPP5B	protein_coding	1112	662	659	10.5746	3.0975	2.9826
ENSG00000204086.4	RPA4	protein_coding	2	2	0	0.1089	0.0319	0.0307
ENSG00000204091.8	TDRG1	lncRNA	0	0	0	0.0000	0.0000	0.0000
ENSG00000204092.2	LINC00951	lncRNA	0	0	0	0.0000	0.0000	0.0000
ENSG00000204099.12	NEU4	protein_coding	2	1	3	0.0382	0.0112	0.0108
ENSG00000204103.4	MAFB	protein_coding	1105	546	559	27.6887	8.1105	7.8098
ENSG00000204104.12	TRAF3IP1	protein_coding	555	282	273	10.2147	2.9921	2.8811
ENSG00000204110.6	LINC02520	lncRNA	1	0	1	0.1581	0.0463	0.0446
ENSG00000204113.6	BMP2KL	processed_pseudogene	0	0	0	0.0000	0.0000	0.0000
ENSG00000204116.11	CHIC1	protein_coding	1357	679	678	16.6072	4.8645	4.6841
ENSG00000204117.2	AL162293.1	lncRNA	1	0	1	0.0398	0.0117	0.0112
ENSG00000204118.2	NAP1L6P	transcribed_processed_pseudogene	1	1	0	0.0415	0.0122	0.0117
ENSG00000204120.16	GIGYF2	protein_coding	4670	2446	2373	25.6254	7.5061	7.2278
ENSG00000204121.2	ECEL1P1	unprocessed_pseudogene	0	0	0	0.0000	0.0000	0.0000
ENSG00000204128.6	C2orf72	protein_coding	387	185	202	8.6077	2.5213	2.4279
ENSG00000204130.14	RUFY2	protein_coding	571	579	616	5.9591	1.7455	1.6808
ENSG00000204131.9	NHSL2	protein_coding	353	185	168	1.6930	0.4959	0.4775
ENSG00000204136.11	GGTA1	protein_coding	196	104	115	3.6979	1.0832	1.0430
ENSG00000204138.13	PHACTR4	protein_coding	2399	1208	1196	27.8426	8.1555	7.8532
ENSG00000204140.10	CLPSL1	protein_coding	0	0	0	0.0000	0.0000	0.0000
ENSG00000204147.11	ASAH2B	protein_coding	15	5	10	0.1965	0.0576	0.0554
ENSG00000204148.3	LINC00474	lncRNA	1	0	1	0.1104	0.0323	0.0311
ENSG00000204149.13	AGAP6	protein_coding	6	3	5	0.1609	0.0471	0.0454
ENSG00000204152.14	TIMM23B	protein_coding	89	37	52	2.4862	0.7282	0.7012
ENSG00000204160.12	ZDHHC18	protein_coding	2533	1240	1294	39.3962	11.5398	11.1119
ENSG00000204161.14	TMEM273	protein_coding	234	120	114	4.8196	1.4117	1.3594
ENSG00000204165.6	CXorf65	protein_coding	3	0	3	0.2259	0.0662	0.0637
ENSG00000204172.12	AGAP9	protein_coding	13	9	9	0.4625	0.1355	0.1304
ENSG00000204173.11	LRRC37A5P	transcribed_unprocessed_pseudogene	4	1	3	0.1462	0.0428	0.0412
ENSG00000204174.8	NPY4R	protein_coding	0	0	0	0.0000	0.0000	0.0000
ENSG00000204175.5	GPRIN2	protein_coding	0	0	0	0.0000	0.0000	0.0000
ENSG00000204176.14	SYT15	protein_coding	15	10	15	0.1779	0.0521	0.0502
ENSG00000204177.10	BMS1P1	transcribed_unprocessed_pseudogene	22	9	14	0.4096	0.1200	0.1155
ENSG00000204178.11	MACO1	protein_coding	2244	1178	1066	47.8918	14.0283	13.5082
ENSG00000204179.10	PTPN20	protein_coding	1	0	1	0.0188	0.0055	0.0053
ENSG00000204183.3	GDF5-AS1	lncRNA	0	0	0	0.0000	0.0000	0.0000
ENSG00000204186.10	ZDBF2	protein_coding	24	15	9	0.1870	0.0548	0.0527
ENSG00000204188.7	GGNBP1	transcribed_unitary_pseudogene	0	63	80	0.0000	0.0000	0.0000
ENSG00000204193.11	TXNDC8	protein_coding	0	0	0	0.0000	0.0000	0.0000
ENSG00000204194.1	RPL12P1	processed_pseudogene	0	7	3	0.0000	0.0000	0.0000
ENSG00000204195.4	AWAT1	protein_coding	0	0	0	0.0000	0.0000	0.0000
ENSG00000204196.5	RPL12P16	processed_pseudogene	0	0	0	0.0000	0.0000	0.0000
ENSG00000204209.13	DAXX	protein_coding	1527	760	767	42.0472	12.3163	11.8597
ENSG00000204217.15	BMPR2	protein_coding	8762	4317	4445	59.4830	17.4235	16.7775
ENSG00000204219.11	TCEA3	protein_coding	902	469	433	20.8431	6.1053	5.8789
ENSG00000204220.12	PFDN6	protein_coding	782	441	423	22.4882	6.5872	6.3429
ENSG00000204227.5	RING1	protein_coding	953	471	482	44.6383	13.0752	12.5905
ENSG00000204228.4	HSD17B8	protein_coding	378	187	191	27.7201	8.1197	7.8186
ENSG00000204231.11	RXRB	protein_coding	979	508	504	21.3336	6.2490	6.0173
ENSG00000204237.5	OXLD1	protein_coding	702	327	375	37.2588	10.9137	10.5091
ENSG00000204241.8	LINC02731	lncRNA	0	0	1	0.0000	0.0000	0.0000
ENSG00000204246.3	OR13C3	protein_coding	0	0	0	0.0000	0.0000	0.0000
ENSG00000204248.11	COL11A2	protein_coding	46	25	21	0.5796	0.1698	0.1635
ENSG00000204250.3	LINC00587	lncRNA	0	0	0	0.0000	0.0000	0.0000
ENSG00000204252.14	HLA-DOA	protein_coding	967	493	477	20.5965	6.0330	5.8094
ENSG00000204253.4	HNRNPCP2	processed_pseudogene	475	245	230	45.7857	13.4114	12.9141
ENSG00000204256.14	BRD2	protein_coding	4035	2344	2304	38.0938	11.1583	10.7446
ENSG00000204257.15	HLA-DMA	protein_coding	2433	1206	1240	81.9887	24.0158	23.1254
ENSG00000204261.9	PSMB8-AS1	lncRNA	196	2526	2418	6.8693	2.0121	1.9375
ENSG00000204262.14	COL5A2	protein_coding	5151	2625	2527	59.7657	17.5063	16.8573
ENSG00000204264.12	PSMB8	protein_coding	4062	2188	2154	99.1227	29.0346	27.9581
ENSG00000204267.16	TAP2	protein_coding	4534	2269	2266	60.3494	17.6773	17.0219
ENSG00000204271.13	SPIN3	protein_coding	375	213	177	2.0103	0.5888	0.5670
ENSG00000204272.13	NBDY	protein_coding	1336	669	678	45.2728	13.2611	12.7695
ENSG00000204277.1	LINC01993	lncRNA	3	1	2	0.0868	0.0254	0.0245
ENSG00000204278.12	TMEM235	protein_coding	0	0	0	0.0000	0.0000	0.0000
ENSG00000204279.7	PAGE3	protein_coding	0	0	0	0.0000	0.0000	0.0000
ENSG00000204283.4	LINC01973	lncRNA	0	0	0	0.0000	0.0000	0.0000
ENSG00000204287.14	HLA-DRA	protein_coding	25587	12734	12865	1746.6716	511.6275	492.6590
ENSG00000204290.10	BTNL2	protein_coding	0	0	0	0.0000	0.0000	0.0000
ENSG00000204291.11	COL15A1	protein_coding	3834	1925	1924	48.9381	14.3347	13.8033
ENSG00000204296.11	TSBP1	protein_coding	1	1	0	0.0343	0.0101	0.0097
ENSG00000204300.7	TMEM225	protein_coding	0	0	0	0.0000	0.0000	0.0000
ENSG00000204301.6	NOTCH4	protein_coding	277	131	149	2.4131	0.7068	0.6806
ENSG00000204304.12	PBX2	protein_coding	860	429	434	16.7197	4.8975	4.7159
ENSG00000204305.14	AGER	protein_coding	38	19	19	1.5552	0.4555	0.4386
ENSG00000204308.8	RNF5	protein_coding	683	383	302	51.4647	15.0748	14.5159
ENSG00000204310.13	AGPAT1	protein_coding	2116	3073	2901	50.0116	14.6492	14.1061
ENSG00000204311.15	PJVK	protein_coding	19	11	11	0.3601	0.1055	0.1016
ENSG00000204314.12	PRRT1	protein_coding	23	8	15	0.6248	0.1830	0.1762
ENSG00000204315.4	FKBPL	protein_coding	216	117	100	13.6683	4.0037	3.8552
ENSG00000204316.13	MRPL38	protein_coding	21	12	12	0.5336	0.1563	0.1505
ENSG00000204323.5	SMIM5	protein_coding	40	40	31	0.6638	0.1944	0.1872
ENSG00000204334.7	ERICH2	protein_coding	94	55	39	13.2821	3.8905	3.7463
ENSG00000204335.4	SP5	protein_coding	90	37	53	3.6851	1.0794	1.0394
ENSG00000204338.8	CYP21A1P	transcribed_unprocessed_pseudogene	0	0	0	0.0000	0.0000	0.0000
ENSG00000204344.14	STK19	protein_coding	190	111	136	4.0806	1.1953	1.1510
ENSG00000204345.1	CD300LD	protein_coding	0	0	0	0.0000	0.0000	0.0000
ENSG00000204347.4	BTBD17	protein_coding	0	0	0	0.0000	0.0000	0.0000
ENSG00000204348.10	DXO	protein_coding	116	96	77	3.9705	1.1630	1.1199
ENSG00000204351.12	SKIV2L	protein_coding	2024	1019	1007	31.1150	9.1141	8.7762
ENSG00000204352.4	C9orf129	transcribed_unprocessed_pseudogene	1	3	3	0.0736	0.0216	0.0208
ENSG00000204356.14	NELFE	protein_coding	2035	1038	1000	65.2864	19.1234	18.4144
ENSG00000204361.10	NXPE2	protein_coding	0	0	0	0.0000	0.0000	0.0000
ENSG00000204362.6	LINC02783	lncRNA	0	0	0	0.0000	0.0000	0.0000
ENSG00000204363.5	SPANXN5	protein_coding	0	0	0	0.0000	0.0000	0.0000
ENSG00000204366.4	ZBTB12	protein_coding	47	35	28	2.0332	0.5956	0.5735
ENSG00000204368.6	AC245047.1	processed_pseudogene	0	0	0	0.0000	0.0000	0.0000
ENSG00000204370.13	SDHD	protein_coding	1180	597	583	35.9162	10.5204	10.1304
ENSG00000204371.11	EHMT2	protein_coding	1584	1204	1186	18.4544	5.4056	5.2052
ENSG00000204379.11	XAGE1A	protein_coding	0	0	0	0.0000	0.0000	0.0000
ENSG00000204380.4	PKP4-AS1	lncRNA	12	75	75	0.1735	0.0508	0.0489
ENSG00000204381.12	LAYN	protein_coding	59	32	27	1.5936	0.4668	0.4495
ENSG00000204382.11	XAGE1B	protein_coding	0	0	0	0.0000	0.0000	0.0000
ENSG00000204385.13	SLC44A4	protein_coding	5	2	3	0.1260	0.0369	0.0355
ENSG00000204386.12	NEU1	protein_coding	5123	2562	2562	90.2401	26.4327	25.4527
ENSG00000204387.14	SNHG32	lncRNA	80	35	49	3.7721	1.1049	1.0640
ENSG00000204388.7	HSPA1B	protein_coding	1825	903	925	61.5732	18.0358	17.3671
ENSG00000204389.10	HSPA1A	protein_coding	1428	731	700	50.4436	14.7757	14.2279
ENSG00000204390.10	HSPA1L	protein_coding	65	30	39	1.9985	0.5854	0.5637
ENSG00000204392.11	LSM2	protein_coding	855	411	444	68.5618	20.0828	19.3383
ENSG00000204393.7	NOL4L-DT	lncRNA	0	0	0	0.0000	0.0000	0.0000
ENSG00000204394.13	VARS1	protein_coding	5222	2577	2645	75.4174	22.0910	21.2719
ENSG00000204396.11	VWA7	protein_coding	51	34	17	1.1795	0.3455	0.3327
ENSG00000204397.8	CARD16	protein_coding	224	123	101	11.2691	3.3009	3.1785
ENSG00000204398.5	AL359649.1	lncRNA	0	0	0	0.0000	0.0000	0.0000
ENSG00000204399.3	AC012306.1	processed_pseudogene	0	0	0	0.0000	0.0000	0.0000
ENSG00000204403.9	CASP12	polymorphic_pseudogene	1	0	1	0.0475	0.0139	0.0134
ENSG00000204406.14	MBD5	protein_coding	819	411	475	2.8501	0.8348	0.8039
ENSG00000204410.16	MSH5	protein_coding	39	21	21	0.5270	0.1544	0.1487
ENSG00000204414.13	CSHL1	protein_coding	0	0	0	0.0000	0.0000	0.0000
ENSG00000204420.10	MPIG6B	protein_coding	7	7	5	0.2024	0.0593	0.0571
ENSG00000204421.3	LY6G6C	protein_coding	1	1	0	0.0846	0.0248	0.0239
ENSG00000204422.7	AL662899.1	protein_coding	0	0	0	0.0000	0.0000	0.0000
ENSG00000204424.10	LY6G6F	protein_coding	0	0	0	0.0000	0.0000	0.0000
ENSG00000204427.12	ABHD16A	protein_coding	19	8	11	0.3975	0.1164	0.1121
ENSG00000204428.12	LY6G5C	protein_coding	73	28	45	2.3652	0.6928	0.6671
ENSG00000204429.4	AL451142.1	processed_pseudogene	2	1	1	0.2191	0.0642	0.0618
ENSG00000204434.6	POTEKP	unprocessed_pseudogene	3	1	2	0.0714	0.0209	0.0201
ENSG00000204435.15	CSNK2B	protein_coding	196	112	89	4.3940	1.2871	1.2393
ENSG00000204437.7	CTSLP6	unprocessed_pseudogene	0	0	0	0.0000	0.0000	0.0000
ENSG00000204438.11	GPANK1	protein_coding	616	542	446	16.1304	4.7249	4.5497
ENSG00000204439.4	C6orf47	protein_coding	637	488	469	21.8034	6.3866	6.1498
ENSG00000204442.4	FAM155A	protein_coding	43	25	18	0.3942	0.1155	0.1112
ENSG00000204444.11	APOM	protein_coding	13	127	107	0.8925	0.2614	0.2517
ENSG00000204446.4	LINC02872	lncRNA	12	4	8	0.3146	0.0922	0.0887
ENSG00000204449.3	TRIM49C	protein_coding	0	0	0	0.0000	0.0000	0.0000
ENSG00000204450.8	TRIM64	protein_coding	0	0	0	0.0000	0.0000	0.0000
ENSG00000204455.7	TRIM51BP	unprocessed_pseudogene	0	0	0	0.0000	0.0000	0.0000
ENSG00000204456.4	AP003122.1	unprocessed_pseudogene	0	0	0	0.0000	0.0000	0.0000
ENSG00000204460.3	LINC01854	lncRNA	18	11	7	0.6907	0.2023	0.1948
ENSG00000204463.13	BAG6	protein_coding	7191	3616	3796	96.5780	28.2892	27.2404
ENSG00000204464.7	C1orf195	lncRNA	3	1	2	0.4557	0.1335	0.1285
ENSG00000204469.13	PRRC2A	protein_coding	11407	5726	5689	106.2157	31.1123	29.9588
ENSG00000204471.3	TBC1D3P4	unprocessed_pseudogene	0	0	0	0.0000	0.0000	0.0000
ENSG00000204472.13	AIF1	protein_coding	637	341	296	43.5192	12.7474	12.2748
ENSG00000204475.10	NCR3	protein_coding	28	20	16	1.9284	0.5649	0.5439
ENSG00000204478.10	PRAMEF20	protein_coding	0	0	0	0.0000	0.0000	0.0000
ENSG00000204479.4	PRAMEF17	protein_coding	0	0	0	0.0000	0.0000	0.0000
ENSG00000204480.8	PRAMEF19	protein_coding	0	0	0	0.0000	0.0000	0.0000
ENSG00000204481.8	PRAMEF14	protein_coding	0	0	0	0.0000	0.0000	0.0000
ENSG00000204482.11	LST1	protein_coding	341	185	168	12.6953	3.7186	3.5808
ENSG00000204498.11	NFKBIL1	protein_coding	381	254	245	18.4673	5.4094	5.2088
ENSG00000204501.7	PRAMEF15	protein_coding	0	0	0	0.0000	0.0000	0.0000
ENSG00000204505.4	PRAMEF9	protein_coding	0	0	0	0.0000	0.0000	0.0000
ENSG00000204510.5	PRAMEF7	protein_coding	0	0	0	0.0000	0.0000	0.0000
ENSG00000204511.3	MCCD1	protein_coding	0	0	4	0.0000	0.0000	0.0000
ENSG00000204514.10	ZNF814	protein_coding	178	189	194	1.1263	0.3299	0.3177
ENSG00000204516.10	MICB	protein_coding	404	193	225	12.2616	3.5916	3.4584
ENSG00000204518.2	AADACL4	protein_coding	0	0	0	0.0000	0.0000	0.0000
ENSG00000204519.11	ZNF551	protein_coding	50	20	30	0.9028	0.2645	0.2546
ENSG00000204520.14	MICA	protein_coding	1161	617	546	25.6018	7.4992	7.2211
ENSG00000204524.7	ZNF805	protein_coding	569	276	293	4.7517	1.3918	1.3402
ENSG00000204525.17	HLA-C	protein_coding	79975	40001	40037	2709.0198	793.5144	764.0949
ENSG00000204528.3	PSORS1C3	lncRNA	1	0	1	0.1432	0.0419	0.0404
ENSG00000204529.4	GUCY2EP	transcribed_unprocessed_pseudogene	0	0	0	0.0000	0.0000	0.0000
ENSG00000204531.20	POU5F1	protein_coding	17	6	19	0.5004	0.1466	0.1411
ENSG00000204532.7	ZSCAN5C	protein_coding	0	0	0	0.0000	0.0000	0.0000
ENSG00000204536.14	CCHCR1	protein_coding	488	253	239	7.9971	2.3425	2.2556
ENSG00000204538.4	PSORS1C2	protein_coding	0	0	2	0.0000	0.0000	0.0000
ENSG00000204539.4	CDSN	protein_coding	0	5	5	0.0000	0.0000	0.0000
ENSG00000204540.11	PSORS1C1	protein_coding	22	20	16	0.3232	0.0947	0.0912
ENSG00000204542.3	C6orf15	protein_coding	0	0	0	0.0000	0.0000	0.0000
ENSG00000204544.5	MUC21	protein_coding	0	0	0	0.0000	0.0000	0.0000
ENSG00000204547.7	DEFB122	transcribed_unprocessed_pseudogene	0	0	0	0.0000	0.0000	0.0000
ENSG00000204548.4	DEFB121	protein_coding	0	0	0	0.0000	0.0000	0.0000
ENSG00000204555.3	CFTRP3	processed_pseudogene	0	0	0	0.0000	0.0000	0.0000
ENSG00000204556.4	AL450124.1	unprocessed_pseudogene	1	0	1	0.2406	0.0705	0.0679
ENSG00000204560.10	DHX16	protein_coding	1585	825	791	33.8443	9.9135	9.5460
ENSG00000204564.12	C6orf136	protein_coding	314	189	160	12.5897	3.6877	3.5510
ENSG00000204568.12	MRPS18B	protein_coding	2123	1036	1088	102.6102	30.0561	28.9418
ENSG00000204569.10	PPP1R10	protein_coding	5273	2715	2559	86.0795	25.2140	24.2792
ENSG00000204571.6	KRTAP5-11	protein_coding	0	0	0	0.0000	0.0000	0.0000
ENSG00000204572.10	KRTAP5-10	protein_coding	0	0	0	0.0000	0.0000	0.0000
ENSG00000204574.14	ABCF1	protein_coding	3178	1629	1550	60.0261	17.5826	16.9307
ENSG00000204576.12	PRR3	protein_coding	336	157	181	7.3407	2.1502	2.0705
ENSG00000204577.11	LILRB3	protein_coding	267	135	133	6.0690	1.7777	1.7118
ENSG00000204580.13	DDR1	protein_coding	2663	1291	1376	24.7910	7.2617	6.9924
ENSG00000204581.3	ACOXL-AS1	lncRNA	3	1	2	0.0436	0.0128	0.0123
ENSG00000204583.10	LRCOL1	protein_coding	36	18	18	1.6472	0.4825	0.4646
ENSG00000204584.1	AC027801.1	lncRNA	12	4	8	0.4853	0.1421	0.1369
ENSG00000204588.5	LINC01123	lncRNA	0	0	1	0.0000	0.0000	0.0000
ENSG00000204590.12	GNL1	protein_coding	1874	945	935	18.4063	5.3915	5.1916
ENSG00000204592.9	HLA-E	protein_coding	48015	24062	24034	1395.4330	408.7442	393.5901
ENSG00000204595.1	DPRX	protein_coding	0	0	0	0.0000	0.0000	0.0000
ENSG00000204599.14	TRIM39	protein_coding	256	142	135	5.1443	1.5068	1.4510
ENSG00000204603.7	LINC01257	lncRNA	0	0	0	0.0000	0.0000	0.0000
ENSG00000204604.12	ZNF468	protein_coding	54	26	28	0.8687	0.2544	0.2450
ENSG00000204610.13	TRIM15	protein_coding	0	0	0	0.0000	0.0000	0.0000
ENSG00000204611.7	ZNF616	protein_coding	689	336	353	11.9238	3.4927	3.3632
ENSG00000204612.1	FOXB2	protein_coding	0	0	0	0.0000	0.0000	0.0000
ENSG00000204613.11	TRIM10	protein_coding	0	0	1	0.0000	0.0000	0.0000
ENSG00000204614.9	TRIM40	protein_coding	0	0	0	0.0000	0.0000	0.0000
ENSG00000204616.11	TRIM31	protein_coding	2	2	1	0.0483	0.0141	0.0136
ENSG00000204618.8	RNF39	protein_coding	24	60	69	0.9239	0.2706	0.2606
ENSG00000204619.8	PPP1R11	protein_coding	2016	1060	1059	70.5106	20.6536	19.8879
ENSG00000204620.3	AC115618.1	lncRNA	9	585	551	1.3921	0.4078	0.3927
ENSG00000204622.11	HLA-J	transcribed_unprocessed_pseudogene	16	30	40	0.6982	0.2045	0.1969
ENSG00000204623.9	ZNRD1ASP	transcribed_unitary_pseudogene	56	242	241	0.2712	0.0794	0.0765
ENSG00000204624.8	DISP3	protein_coding	1	1	0	0.0139	0.0041	0.0039
ENSG00000204625.10	HCG9	lncRNA	2	0	2	0.2426	0.0711	0.0684
ENSG00000204628.12	RACK1	protein_coding	47706	23821	23931	705.7866	206.7359	199.0712
ENSG00000204632.11	HLA-G	protein_coding	39	22	20	1.8786	0.5503	0.5299
ENSG00000204634.13	TBC1D8	protein_coding	429	219	219	5.6772	1.6630	1.6013
ENSG00000204637.4	ARPP19P2	processed_pseudogene	1	1	0	0.2527	0.0740	0.0713
ENSG00000204640.1	NMS	protein_coding	0	0	0	0.0000	0.0000	0.0000
ENSG00000204642.14	HLA-F	protein_coding	2877	2268	2259	56.6202	16.5849	15.9701
ENSG00000204644.10	ZFP57	protein_coding	17	13	4	0.6924	0.2028	0.1953
ENSG00000204648.11	SSX9P	transcribed_unprocessed_pseudogene	0	0	0	0.0000	0.0000	0.0000
ENSG00000204650.14	LINC02210	transcribed_unitary_pseudogene	298	164	137	1.6245	0.4758	0.4582
ENSG00000204652.6	RPS26P8	processed_pseudogene	3	3	0	0.7321	0.2144	0.2065
ENSG00000204653.10	ASPDH	protein_coding	7	3	4	0.3536	0.1036	0.0997
ENSG00000204655.12	MOG	protein_coding	281	134	147	7.5158	2.2015	2.1199
ENSG00000204657.4	OR2H2	protein_coding	0	0	0	0.0000	0.0000	0.0000
ENSG00000204658.5	CST9LP2	unprocessed_pseudogene	0	0	0	0.0000	0.0000	0.0000
ENSG00000204659.5	CBY3	protein_coding	1	6	6	0.0978	0.0287	0.0276
ENSG00000204661.9	C5orf60	lncRNA	0	0	0	0.0000	0.0000	0.0000
ENSG00000204662.2	CST9LP1	unprocessed_pseudogene	0	0	0	0.0000	0.0000	0.0000
ENSG00000204663.9	CST13P	transcribed_unprocessed_pseudogene	0	0	0	0.0000	0.0000	0.0000
ENSG00000204666.3	AC010624.1	lncRNA	1	0	1	0.0557	0.0163	0.0157
ENSG00000204669.11	C9orf57	protein_coding	1	0	1	0.0483	0.0142	0.0136
ENSG00000204670.7	IGKV1OR2-3	IG_V_pseudogene	3	1	2	0.8846	0.2591	0.2495
ENSG00000204671.2	IL31	protein_coding	0	0	0	0.0000	0.0000	0.0000
ENSG00000204673.11	AKT1S1	protein_coding	2310	1166	1174	34.1932	10.0157	9.6444
ENSG00000204677.13	FAM153CP	lncRNA	4	1	3	0.0132	0.0039	0.0037
ENSG00000204681.11	GABBR1	protein_coding	524	249	280	5.2549	1.5392	1.4822
ENSG00000204682.8	MIR1915HG	lncRNA	276	138	138	6.1695	1.8072	1.7402
ENSG00000204684.4	AL133464.1	lncRNA	0	0	0	0.0000	0.0000	0.0000
ENSG00000204685.7	STARD7-AS1	lncRNA	107	149	148	2.0590	0.6031	0.5808
ENSG00000204687.4	MAS1L	protein_coding	0	0	0	0.0000	0.0000	0.0000
ENSG00000204688.9	OR2H1	protein_coding	0	0	0	0.0000	0.0000	0.0000
ENSG00000204694.11	OR11A1	protein_coding	0	1	0	0.0000	0.0000	0.0000
ENSG00000204695.4	OR14J1	protein_coding	0	0	0	0.0000	0.0000	0.0000
ENSG00000204697.3	OR2U1P	unprocessed_pseudogene	0	0	0	0.0000	0.0000	0.0000
ENSG00000204699.4	UBTFL3	unprocessed_pseudogene	0	0	0	0.0000	0.0000	0.0000
ENSG00000204700.5	OR2J2	protein_coding	0	0	0	0.0000	0.0000	0.0000
ENSG00000204701.2	OR2J3	protein_coding	0	0	0	0.0000	0.0000	0.0000
ENSG00000204702.5	OR2J1	protein_coding	0	0	0	0.0000	0.0000	0.0000
ENSG00000204703.5	OR2B3	protein_coding	0	0	0	0.0000	0.0000	0.0000
ENSG00000204704.2	OR2W1	protein_coding	0	0	0	0.0000	0.0000	0.0000
ENSG00000204705.3	UBTFL5	unprocessed_pseudogene	0	0	0	0.0000	0.0000	0.0000
ENSG00000204706.14	MAMDC2-AS1	lncRNA	7	25	19	0.0603	0.0177	0.0170
ENSG00000204709.4	LINC01556	lncRNA	25	10	15	4.5558	1.3345	1.2850
ENSG00000204710.2	SPDYC	protein_coding	1	1	0	0.0857	0.0251	0.0242
ENSG00000204711.9	C9orf135	protein_coding	0	0	0	0.0000	0.0000	0.0000
ENSG00000204713.11	TRIM27	protein_coding	1908	983	926	20.2916	5.9437	5.7234
ENSG00000204718.3	CNN2P12	processed_pseudogene	2	1	1	0.2395	0.0702	0.0676
ENSG00000204740.11	MALRD1	protein_coding	2	1	1	0.0219	0.0064	0.0062
ENSG00000204745.4	AC083899.1	unprocessed_pseudogene	73	38	35	1.6335	0.4785	0.4607
ENSG00000204754.3	LINC01951	lncRNA	0	0	0	0.0000	0.0000	0.0000
ENSG00000204758.8	AC008429.1	lncRNA	3	4	6	0.0916	0.0268	0.0258
ENSG00000204764.14	RANBP17	protein_coding	241	115	126	1.8665	0.5467	0.5264
ENSG00000204767.4	INSYN2B	protein_coding	14	7	7	0.2080	0.0609	0.0587
ENSG00000204776.6	IGKV1OR-3	IG_V_pseudogene	0	0	0	0.0000	0.0000	0.0000
ENSG00000204778.4	CBWD4P	unprocessed_pseudogene	2	3	3	0.2593	0.0760	0.0731
ENSG00000204779.2	FOXD4L5	protein_coding	0	0	0	0.0000	0.0000	0.0000
ENSG00000204780.5	IGKV1OR9-1	IG_V_pseudogene	0	0	0	0.0000	0.0000	0.0000
ENSG00000204787.8	REG1CP	transcribed_unprocessed_pseudogene	0	0	0	0.0000	0.0000	0.0000
ENSG00000204789.4	ZNF204P	processed_pseudogene	15	11	4	0.5314	0.1557	0.1499
ENSG00000204790.9	AL163540.1	unprocessed_pseudogene	0	0	0	0.0000	0.0000	0.0000
ENSG00000204791.10	SMPD5	transcribed_unitary_pseudogene	0	42	50	0.0000	0.0000	0.0000
ENSG00000204792.2	LINC01291	lncRNA	114	53	61	2.3182	0.6790	0.6539
ENSG00000204801.7	FGF7P7	unprocessed_pseudogene	0	0	0	0.0000	0.0000	0.0000
ENSG00000204802.3	AL590399.1	lncRNA	0	2	1	0.0000	0.0000	0.0000
ENSG00000204805.9	AL391987.2	protein_coding	2	0	2	0.1212	0.0355	0.0342
ENSG00000204814.5	AL935212.1	lncRNA	0	0	0	0.0000	0.0000	0.0000
ENSG00000204815.10	TTC25	protein_coding	107	51	56	2.6963	0.7898	0.7605
ENSG00000204816.5	FGF7P5	unprocessed_pseudogene	0	0	0	0.0000	0.0000	0.0000
ENSG00000204818.4	ADGRF5P2	transcribed_unprocessed_pseudogene	0	0	0	0.0000	0.0000	0.0000
ENSG00000204822.7	MRPL53	protein_coding	0	0	0	0.0000	0.0000	0.0000
ENSG00000204832.10	ST8SIA6-AS1	lncRNA	30	16	19	0.9144	0.2679	0.2579
ENSG00000204837.5	FGF7P3	transcribed_unprocessed_pseudogene	1	1	0	0.0384	0.0112	0.0108
ENSG00000204839.9	MROH6	protein_coding	751	389	363	15.1701	4.4436	4.2788
ENSG00000204842.18	ATXN2	protein_coding	1328	917	878	6.8183	1.9972	1.9231
ENSG00000204843.12	DCTN1	protein_coding	7303	3806	3712	59.4093	17.4019	16.7568
ENSG00000204849.10	SPATA31A1	protein_coding	0	0	0	0.0000	0.0000	0.0000
ENSG00000204850.4	AC011484.1	lncRNA	10	14	12	0.4257	0.1247	0.1201
ENSG00000204851.7	PNMA8B	protein_coding	15	19	12	0.2607	0.0763	0.0735
ENSG00000204852.16	TCTN1	protein_coding	422	245	278	3.7310	1.0929	1.0524
ENSG00000204856.12	FAM216A	protein_coding	85	48	62	2.6714	0.7825	0.7535
ENSG00000204859.13	ZBTB48	protein_coding	600	310	290	11.2976	3.3093	3.1866
ENSG00000204860.5	FAM201A	lncRNA	1	1	0	0.0221	0.0065	0.0062
ENSG00000204866.8	IGFL2	protein_coding	1	0	1	0.0350	0.0103	0.0099
ENSG00000204869.8	IGFL4	protein_coding	164	73	92	3.7388	1.0951	1.0545
ENSG00000204872.4	NAT8B	polymorphic_pseudogene	0	0	0	0.0000	0.0000	0.0000
ENSG00000204873.5	KRTAP9-3	protein_coding	0	0	0	0.0000	0.0000	0.0000
ENSG00000204876.4	AC021218.1	lncRNA	0	0	0	0.0000	0.0000	0.0000
ENSG00000204880.8	KRTAP4-8	protein_coding	0	0	0	0.0000	0.0000	0.0000
ENSG00000204882.4	GPR20	protein_coding	2	2	0	0.1086	0.0318	0.0306
ENSG00000204887.4	KRTAP1-4	protein_coding	0	0	0	0.0000	0.0000	0.0000
ENSG00000204889.10	KRT40	protein_coding	0	0	0	0.0000	0.0000	0.0000
ENSG00000204894.4	AC104692.1	processed_pseudogene	0	0	0	0.0000	0.0000	0.0000
ENSG00000204897.7	KRT25	protein_coding	0	0	0	0.0000	0.0000	0.0000
ENSG00000204899.6	MZT1	protein_coding	655	313	342	24.9318	7.3029	7.0322
ENSG00000204904.7	LINC01545	lncRNA	1	1	0	0.1596	0.0468	0.0450
ENSG00000204909.8	SPINK9	protein_coding	0	0	0	0.0000	0.0000	0.0000
ENSG00000204913.6	LRRC3C	protein_coding	0	0	0	0.0000	0.0000	0.0000
ENSG00000204915.3	MFFP3	processed_pseudogene	0	0	0	0.0000	0.0000	0.0000
ENSG00000204918.3	PRR20B	protein_coding	0	0	0	0.0000	0.0000	0.0000
ENSG00000204919.1	PRR20A	protein_coding	0	0	0	0.0000	0.0000	0.0000
ENSG00000204920.11	ZNF155	protein_coding	61	100	103	1.4993	0.4392	0.4229
ENSG00000204922.5	UQCC3	protein_coding	136	312	301	4.8182	1.4113	1.3590
ENSG00000204923.4	FBXO48	protein_coding	289	149	140	4.3064	1.2614	1.2146
ENSG00000204928.2	GRXCR2	protein_coding	0	0	0	0.0000	0.0000	0.0000
ENSG00000204929.13	AC007389.1	lncRNA	41	31	30	0.2821	0.0826	0.0796
ENSG00000204930.10	FAM221B	protein_coding	0	0	0	0.0000	0.0000	0.0000
ENSG00000204933.3	CD177P1	unprocessed_pseudogene	9	3	6	0.8174	0.2394	0.2306
ENSG00000204934.10	ATP6V0E2-AS1	lncRNA	120	862	836	3.0965	0.9070	0.8734
ENSG00000204936.10	CD177	protein_coding	482	306	300	16.5447	4.8462	4.6665
ENSG00000204941.14	PSG5	protein_coding	0	0	0	0.0000	0.0000	0.0000
ENSG00000204946.10	ZNF783	protein_coding	376	196	180	4.7494	1.3912	1.3396
ENSG00000204947.9	ZNF425	protein_coding	83	51	32	1.9232	0.5633	0.5424
ENSG00000204949.9	FAM83A-AS1	lncRNA	0	0	0	0.0000	0.0000	0.0000
ENSG00000204950.4	LRRC10B	protein_coding	4	4	0	0.1496	0.0438	0.0422
ENSG00000204952.3	FBXO47	protein_coding	14	7	7	0.5162	0.1512	0.1456
ENSG00000204954.10	C12orf73	protein_coding	93	5093	5053	1.7807	0.5216	0.5023
ENSG00000204956.5	PCDHGA1	protein_coding	124	52	72	1.6843	0.4934	0.4751
ENSG00000204959.4	ARHGEF34P	unprocessed_pseudogene	4	5	2	0.0750	0.0220	0.0211
ENSG00000204960.7	BLACE	lncRNA	0	0	0	0.0000	0.0000	0.0000
ENSG00000204961.7	PCDHA9	protein_coding	1	0	1	0.0087	0.0025	0.0025
ENSG00000204962.6	PCDHA8	protein_coding	1	1	0	0.0155	0.0045	0.0044
ENSG00000204963.6	PCDHA7	protein_coding	4	1	3	0.0587	0.0172	0.0165
ENSG00000204965.9	PCDHA5	protein_coding	1	0	1	0.0119	0.0035	0.0034
ENSG00000204967.12	PCDHA4	protein_coding	46	26	20	0.2906	0.0851	0.0820
ENSG00000204969.7	PCDHA2	protein_coding	3	3	0	0.0421	0.0123	0.0119
ENSG00000204970.10	PCDHA1	protein_coding	0	1	3	0.0000	0.0000	0.0000
ENSG00000204971.3	AP000812.1	lncRNA	0	0	0	0.0000	0.0000	0.0000
ENSG00000204977.10	TRIM13	protein_coding	649	383	337	6.8075	1.9940	1.9201
ENSG00000204978.3	ERICH4	protein_coding	1	0	1	0.0896	0.0262	0.0253
ENSG00000204979.8	MS4A13	protein_coding	0	0	0	0.0000	0.0000	0.0000
ENSG00000204982.3	PRSS3P4	unprocessed_pseudogene	0	0	0	0.0000	0.0000	0.0000
ENSG00000204983.14	PRSS1	protein_coding	0	0	0	0.0000	0.0000	0.0000
ENSG00000204989.3	OR4D8P	unprocessed_pseudogene	0	0	0	0.0000	0.0000	0.0000
ENSG00000204990.3	AC005692.1	lncRNA	0	0	0	0.0000	0.0000	0.0000
ENSG00000204991.11	SPIRE2	protein_coding	312	157	155	3.3123	0.9702	0.9343
ENSG00000204993.3	CRTC1P1	processed_pseudogene	3	2	1	0.1359	0.0398	0.0383
ENSG00000205002.4	AARD	protein_coding	0	0	0	0.0000	0.0000	0.0000
ENSG00000205015.1	LINC02138	lncRNA	0	0	0	0.0000	0.0000	0.0000
ENSG00000205018.2	AC092384.1	lncRNA	1	1	0	0.0469	0.0137	0.0132
ENSG00000205022.9	PABPN1L	protein_coding	1	1	0	0.0646	0.0189	0.0182
ENSG00000205025.8	OR5G5P	transcribed_unprocessed_pseudogene	1	1	0	0.0605	0.0177	0.0171
ENSG00000205029.1	OR5D16	protein_coding	0	0	0	0.0000	0.0000	0.0000
ENSG00000205030.1	OR5L2	protein_coding	0	0	0	0.0000	0.0000	0.0000
ENSG00000205035.8	AC136759.1	transcribed_unprocessed_pseudogene	0	0	0	0.0000	0.0000	0.0000
ENSG00000205037.2	AC134312.1	lncRNA	2	1	1	0.0470	0.0138	0.0132
ENSG00000205038.12	PKHD1L1	protein_coding	15	6	9	0.0618	0.0181	0.0174
ENSG00000205041.1	AC118344.1	lncRNA	3	2	1	0.1743	0.0510	0.0491
ENSG00000205044.5	AC027369.1	transcribed_unprocessed_pseudogene	1	0	1	0.0379	0.0111	0.0107
ENSG00000205045.11	SLFN12L	protein_coding	22	12	10	0.4895	0.1434	0.1381
ENSG00000205054.8	LINC01121	lncRNA	1	1	3	0.0174	0.0051	0.0049
ENSG00000205056.8	LINC02397	lncRNA	9	6	3	0.0719	0.0211	0.0203
ENSG00000205057.6	CLLU1-AS1	lncRNA	2	1	2	0.2476	0.0725	0.0698
ENSG00000205060.11	SLC35B4	protein_coding	4219	2123	2096	51.2707	15.0180	14.4612
ENSG00000205076.4	LGALS7	protein_coding	0	0	0	0.0000	0.0000	0.0000
ENSG00000205078.6	SYCE1L	protein_coding	3	1	2	0.2066	0.0605	0.0583
ENSG00000205084.11	TMEM231	protein_coding	244	128	116	3.4534	1.0116	0.9741
ENSG00000205085.12	FAM71F2	protein_coding	60	31	29	0.8673	0.2540	0.2446
ENSG00000205086.8	C2orf91	lncRNA	2	0	2	0.0390	0.0114	0.0110
ENSG00000205089.8	CCNI2	protein_coding	10	132	127	0.2670	0.0782	0.0753
ENSG00000205090.9	TMEM240	protein_coding	19	11	8	0.8031	0.2352	0.2265
ENSG00000205097.7	FRG2	protein_coding	3	2	1	0.1221	0.0358	0.0344
ENSG00000205100.2	HSP90AA4P	transcribed_processed_pseudogene	8	3	5	0.3049	0.0893	0.0860
ENSG00000205105.6	COX17P1	processed_pseudogene	8	3	5	3.5384	1.0364	0.9980
ENSG00000205106.4	LINC02716	lncRNA	37	17	21	4.8414	1.4181	1.3655
ENSG00000205108.6	FAM205A	protein_coding	3	0	3	0.0600	0.0176	0.0169
ENSG00000205111.8	CDKL4	protein_coding	2	1	1	0.0819	0.0240	0.0231
ENSG00000205116.3	TMEM88B	protein_coding	0	0	0	0.0000	0.0000	0.0000
ENSG00000205126.2	ACCSL	protein_coding	0	0	0	0.0000	0.0000	0.0000
ENSG00000205129.8	C4orf47	protein_coding	75	35	41	4.6625	1.3657	1.3151
ENSG00000205133.12	TRIQK	protein_coding	13169	6676	6517	166.3915	48.7387	46.9317
ENSG00000205138.4	SDHAF1	protein_coding	263	137	126	19.8525	5.8151	5.5995
ENSG00000205143.3	ARID3C	protein_coding	6	3	3	0.3666	0.1074	0.1034
ENSG00000205155.8	PSENEN	protein_coding	569	327	301	35.5554	10.4147	10.0286
ENSG00000205174.4	C7orf66	lncRNA	0	0	0	0.0000	0.0000	0.0000
ENSG00000205176.3	REXO1L1P	transcribed_processed_pseudogene	0	0	0	0.0000	0.0000	0.0000
ENSG00000205177.6	C11orf91	protein_coding	9	5	4	0.8578	0.2513	0.2419
ENSG00000205181.7	LINC00654	lncRNA	30	12	21	0.3153	0.0924	0.0889
ENSG00000205184.2	SLC10A5P1	unprocessed_pseudogene	0	0	0	0.0000	0.0000	0.0000
ENSG00000205186.4	FABP9	protein_coding	9	4	5	1.3065	0.3827	0.3685
ENSG00000205189.12	ZBTB10	protein_coding	2183	1157	1062	18.1462	5.3153	5.1182
ENSG00000205208.5	C4orf46	protein_coding	625	311	322	14.6213	4.2828	4.1240
ENSG00000205209.7	SCGB2B2	protein_coding	2	1	1	0.0568	0.0166	0.0160
ENSG00000205212.5	CCDC144NL	transcribed_unprocessed_pseudogene	1	1	0	0.0247	0.0072	0.0070
ENSG00000205213.14	LGR4	protein_coding	593	317	276	7.9241	2.3211	2.2350
ENSG00000205215.8	KRT17P7	transcribed_unprocessed_pseudogene	0	0	0	0.0000	0.0000	0.0000
ENSG00000205220.12	PSMB10	protein_coding	755	380	375	39.4311	11.5500	11.1218
ENSG00000205221.12	VIT	protein_coding	115	61	54	2.6323	0.7710	0.7425
ENSG00000205231.1	TTLL10-AS1	lncRNA	0	0	0	0.0000	0.0000	0.0000
ENSG00000205236.6	AC105052.1	protein_coding	0	0	0	0.0000	0.0000	0.0000
ENSG00000205238.9	SPDYE2	protein_coding	5	3	2	0.2049	0.0600	0.0578
ENSG00000205240.4	OR7E36P	unprocessed_pseudogene	0	0	0	0.0000	0.0000	0.0000
ENSG00000205250.9	E2F4	protein_coding	2221	1112	1109	52.4495	15.3633	14.7937
ENSG00000205266.10	KRT17P5	transcribed_unprocessed_pseudogene	0	0	0	0.0000	0.0000	0.0000
ENSG00000205267.5	DGAT2L7P	unprocessed_pseudogene	0	0	0	0.0000	0.0000	0.0000
ENSG00000205268.11	PDE7A	protein_coding	782	428	475	6.2643	1.8349	1.7669
ENSG00000205269.6	TMEM170B	protein_coding	184	99	85	1.7574	0.5148	0.4957
ENSG00000205274.3	TRBV20OR9-2	TR_V_gene	2	1	1	0.4083	0.1196	0.1152
ENSG00000205277.9	MUC12	protein_coding	26	35	32	0.1289	0.0378	0.0364
ENSG00000205279.8	CTXN3	protein_coding	0	0	0	0.0000	0.0000	0.0000
ENSG00000205293.5	LINC01602	lncRNA	2532	1207	1326	52.9733	15.5167	14.9414
ENSG00000205300.3	AL356414.1	lncRNA	4	1	3	0.4952	0.1450	0.1397
ENSG00000205301.12	MGAT4D	protein_coding	0	0	0	0.0000	0.0000	0.0000
ENSG00000205302.7	SNX2	protein_coding	8074	4045	4030	79.6709	23.3369	22.4716
ENSG00000205307.12	SAP25	protein_coding	0	0	0	0.0000	0.0000	0.0000
ENSG00000205309.14	NT5M	protein_coding	208	108	100	9.0074	2.6384	2.5406
ENSG00000205312.8	KRT17P4	transcribed_unprocessed_pseudogene	0	0	0	0.0000	0.0000	0.0000
ENSG00000205318.5	GCNT2P1	processed_pseudogene	5	1	4	0.4546	0.1332	0.1282
ENSG00000205323.9	SARNP	protein_coding	2	108	133	0.0505	0.0148	0.0142
ENSG00000205325.3	AC005863.1	lncRNA	0	0	0	0.0000	0.0000	0.0000
ENSG00000205327.3	OR6C68	protein_coding	0	0	0	0.0000	0.0000	0.0000
ENSG00000205328.2	OR6C65	protein_coding	0	0	0	0.0000	0.0000	0.0000
ENSG00000205329.2	OR6C3	protein_coding	0	0	0	0.0000	0.0000	0.0000
ENSG00000205330.4	OR6C1	protein_coding	0	0	0	0.0000	0.0000	0.0000
ENSG00000205331.5	OR6C72P	unprocessed_pseudogene	0	0	0	0.0000	0.0000	0.0000
ENSG00000205333.5	GOLGA2P1	processed_pseudogene	0	0	0	0.0000	0.0000	0.0000
ENSG00000205334.2	LINC01460	lncRNA	0	0	0	0.0000	0.0000	0.0000
ENSG00000205336.14	ADGRG1	protein_coding	58334	29100	29235	549.7447	161.0288	155.0587
ENSG00000205339.10	IPO7	protein_coding	6281	3123	3158	73.9170	21.6515	20.8487
ENSG00000205352.11	PRR13	protein_coding	1299	665	634	39.0622	11.4419	11.0177
ENSG00000205356.10	TECPR1	protein_coding	2241	1242	1193	21.0353	6.1616	5.9331
ENSG00000205358.4	MT1H	protein_coding	0	0	0	0.0000	0.0000	0.0000
ENSG00000205359.10	SLCO6A1	protein_coding	0	0	0	0.0000	0.0000	0.0000
ENSG00000205360.6	MT1CP	transcribed_unprocessed_pseudogene	1	1	0	0.4880	0.1430	0.1377
ENSG00000205361.8	MT1DP	transcribed_unprocessed_pseudogene	143	63	80	63.5792	18.6233	17.9329
ENSG00000205362.11	MT1A	protein_coding	644	342	302	138.1029	40.4525	38.9527
ENSG00000205363.6	INSYN1	protein_coding	14	9	8	0.1809	0.0530	0.0510
ENSG00000205364.4	MT1M	protein_coding	2	2	0	0.3324	0.0974	0.0937
ENSG00000205396.11	LINC00661	lncRNA	0	0	0	0.0000	0.0000	0.0000
ENSG00000205403.13	CFI	protein_coding	58	34	24	1.0103	0.2959	0.2850
ENSG00000205409.3	OR52E6	protein_coding	0	0	0	0.0000	0.0000	0.0000
ENSG00000205412.5	HNRNPA1P20	processed_pseudogene	2	1	1	0.1778	0.0521	0.0502
ENSG00000205413.8	SAMD9	protein_coding	2263	1109	1154	28.0343	8.2117	7.9072
ENSG00000205414.1	AC007608.1	lncRNA	1	8	3	0.0344	0.0101	0.0097
ENSG00000205420.11	KRT6A	protein_coding	2	0	2	0.0580	0.0170	0.0164
ENSG00000205423.11	CNEP1R1	protein_coding	1040	530	510	21.1386	6.1918	5.9623
ENSG00000205424.2	PCBP3-AS1	lncRNA	0	0	0	0.0000	0.0000	0.0000
ENSG00000205426.10	KRT81	protein_coding	2	0	2	0.0880	0.0258	0.0248
ENSG00000205433.4	SNRPGP6	processed_pseudogene	0	0	0	0.0000	0.0000	0.0000
ENSG00000205436.7	EXOC3L4	protein_coding	15	5	10	0.3660	0.1072	0.1032
ENSG00000205439.10	KRTAP12-3	protein_coding	0	0	0	0.0000	0.0000	0.0000
ENSG00000205442.13	IZUMO3	protein_coding	0	0	0	0.0000	0.0000	0.0000
ENSG00000205444.3	KU-MEL-3	lncRNA	65	30	35	4.8292	1.4146	1.3621
ENSG00000205445.3	KRTAP10-2	protein_coding	0	0	0	0.0000	0.0000	0.0000
ENSG00000205449.11	NBPF22P	transcribed_unprocessed_pseudogene	1	0	1	0.0530	0.0155	0.0149
ENSG00000205452.5	AC140658.1	lncRNA	0	0	1	0.0000	0.0000	0.0000
ENSG00000205456.11	TP53TG3D	protein_coding	7	2	6	0.2034	0.0596	0.0574
ENSG00000205457.11	TP53TG3C	protein_coding	0	0	0	0.0000	0.0000	0.0000
ENSG00000205464.12	ATP6AP1L	protein_coding	81	38	43	0.9515	0.2787	0.2684
ENSG00000205476.9	CCDC85C	protein_coding	918	2191	2086	4.4243	1.2960	1.2479
ENSG00000205482.9	SPDYE18	unprocessed_pseudogene	2	0	2	0.1618	0.0474	0.0456
ENSG00000205485.13	AC004980.1	transcribed_unprocessed_pseudogene	41	120	99	1.1195	0.3279	0.3158
ENSG00000205488.9	CALML3-AS1	lncRNA	1	0	1	0.0092	0.0027	0.0026
ENSG00000205494.9	OR52A4P	transcribed_unprocessed_pseudogene	0	0	0	0.0000	0.0000	0.0000
ENSG00000205495.1	OR52J3	protein_coding	0	0	0	0.0000	0.0000	0.0000
ENSG00000205496.1	OR51A2	protein_coding	0	0	0	0.0000	0.0000	0.0000
ENSG00000205497.4	OR51A4	protein_coding	0	0	0	0.0000	0.0000	0.0000
ENSG00000205500.8	MAPRE3-AS1	lncRNA	1	1	0	0.0331	0.0097	0.0093
ENSG00000205502.4	C2CD4B	protein_coding	10	5	5	0.5371	0.1573	0.1515
ENSG00000205517.13	RGL3	protein_coding	449	226	223	8.7775	2.5711	2.4757
ENSG00000205531.13	NAP1L4	protein_coding	3048	1501	1547	49.7764	14.5803	14.0397
ENSG00000205534.6	SMG1P2	transcribed_unprocessed_pseudogene	11	4	8	0.2213	0.0648	0.0624
ENSG00000205537.2	AC121338.1	lncRNA	2	18	13	0.1320	0.0387	0.0372
ENSG00000205542.11	TMSB4X	protein_coding	15931	7875	8056	794.4026	232.6930	224.0659
ENSG00000205544.4	TMEM256	protein_coding	143	76	68	18.2063	5.3329	5.1352
ENSG00000205549.10	C9orf92	lncRNA	0	0	0	0.0000	0.0000	0.0000
ENSG00000205559.5	CHKB-DT	lncRNA	307	146	163	6.2760	1.8383	1.7702
ENSG00000205560.13	CPT1B	protein_coding	6	3	3	0.1242	0.0364	0.0350
ENSG00000205562.3	AL049775.1	lncRNA	16	13	12	0.3240	0.0949	0.0914
ENSG00000205571.14	SMN2	protein_coding	128	66	62	3.6415	1.0666	1.0271
ENSG00000205572.10	SERF1B	protein_coding	32	19	13	0.8907	0.2609	0.2512
ENSG00000205578.6	POM121B	unprocessed_pseudogene	13	6	7	0.4460	0.1307	0.1258
ENSG00000205579.3	DYNLL1P1	processed_pseudogene	2	2	3	0.6314	0.1849	0.1781
ENSG00000205581.11	HMGN1	protein_coding	3421	1729	1692	57.6186	16.8774	16.2517
ENSG00000205583.13	STAG3L1	transcribed_unprocessed_pseudogene	9	3	8	0.3650	0.1069	0.1029
ENSG00000205584.6	AC211476.1	unprocessed_pseudogene	0	0	0	0.0000	0.0000	0.0000
ENSG00000205592.15	MUC19	protein_coding	0	0	0	0.0000	0.0000	0.0000
ENSG00000205593.12	DENND6B	protein_coding	604	505	498	8.7127	2.5521	2.4575
ENSG00000205596.4	AC068533.1	processed_pseudogene	0	0	0	0.0000	0.0000	0.0000
ENSG00000205609.13	EIF3CL	protein_coding	58	52	23	1.6133	0.4726	0.4550
ENSG00000205611.5	LINC01597	lncRNA	3	2	1	0.0428	0.0125	0.0121
ENSG00000205622.11	AP001042.1	lncRNA	2	53	38	0.0157	0.0046	0.0044
ENSG00000205625.2	AL591499.1	processed_pseudogene	0	0	0	0.0000	0.0000	0.0000
ENSG00000205628.4	LINC01446	lncRNA	74	34	42	0.7920	0.2320	0.2234
ENSG00000205629.12	LCMT1	protein_coding	2057	1000	1057	67.0819	19.6494	18.9209
ENSG00000205632.4	LINC01310	lncRNA	0	0	0	0.0000	0.0000	0.0000
ENSG00000205634.7	LINC00898	lncRNA	1	1	0	0.0170	0.0050	0.0048
ENSG00000205636.3	LINC00583	lncRNA	0	0	0	0.0000	0.0000	0.0000
ENSG00000205639.12	MFSD2B	protein_coding	20	11	9	0.3756	0.1100	0.1059
ENSG00000205642.10	VCX3B	protein_coding	0	0	0	0.0000	0.0000	0.0000
ENSG00000205643.11	CDPF1	protein_coding	451	212	239	23.3959	6.8530	6.5990
ENSG00000205644.5	AC025186.1	processed_pseudogene	0	0	0	0.0000	0.0000	0.0000
ENSG00000205649.9	HTN3	protein_coding	0	0	0	0.0000	0.0000	0.0000
ENSG00000205653.2	AL035696.1	lncRNA	0	0	0	0.0000	0.0000	0.0000
ENSG00000205659.11	LIN52	protein_coding	1165	624	541	26.7964	7.8491	7.5581
ENSG00000205667.3	ARSH	protein_coding	5	2	3	0.1711	0.0501	0.0483
ENSG00000205669.4	ACOT6	protein_coding	1	25	18	0.0500	0.0146	0.0141
ENSG00000205670.12	SMIM11A	protein_coding	3	1	3	0.0323	0.0095	0.0091
ENSG00000205678.8	TECRL	protein_coding	3	2	1	0.0423	0.0124	0.0119
ENSG00000205682.2	AC020741.1	lncRNA	0	0	0	0.0000	0.0000	0.0000
ENSG00000205683.11	DPF3	protein_coding	184	92	92	2.2682	0.6644	0.6397
ENSG00000205693.4	MANSC4	protein_coding	0	0	0	0.0000	0.0000	0.0000
ENSG00000205695.3	AL390205.1	processed_pseudogene	0	0	0	0.0000	0.0000	0.0000
ENSG00000205696.4	ADARB2-AS1	lncRNA	0	0	0	0.0000	0.0000	0.0000
ENSG00000205702.11	CYP2D7	polymorphic_pseudogene	5	2	3	0.1105	0.0324	0.0312
ENSG00000205704.7	LINC00634	protein_coding	19	10	9	1.0685	0.3130	0.3014
ENSG00000205707.11	ETFRF1	protein_coding	1048	592	607	35.9728	10.5370	10.1463
ENSG00000205710.4	C17orf107	protein_coding	6	45	29	0.1494	0.0438	0.0421
ENSG00000205716.4	FAM183DP	processed_pseudogene	0	0	0	0.0000	0.0000	0.0000
ENSG00000205718.9	MBD3L4	protein_coding	0	0	0	0.0000	0.0000	0.0000
ENSG00000205726.15	ITSN1	protein_coding	1873	936	940	7.3136	2.1423	2.0628
ENSG00000205730.6	ITPRIPL2	protein_coding	1881	1443	1454	21.4698	6.2888	6.0557
ENSG00000205740.2	AL359878.1	lncRNA	8	3	5	0.1369	0.0401	0.0386
ENSG00000205744.10	DENND1C	protein_coding	358	178	199	6.5422	1.9163	1.8453
ENSG00000205745.2	AC083864.1	lncRNA	0	0	0	0.0000	0.0000	0.0000
ENSG00000205746.9	PKD1P4	transcribed_unprocessed_pseudogene	17	10	7	0.2122	0.0621	0.0598
ENSG00000205754.12	SLCO1B7	transcribed_unprocessed_pseudogene	0	0	0	0.0000	0.0000	0.0000
ENSG00000205755.12	CRLF2	protein_coding	1	0	1	0.0428	0.0125	0.0121
ENSG00000205755.12_PAR_Y	CRLF2	protein_coding	0	0	0	0.0000	0.0000	0.0000
ENSG00000205758.12	CRYZL1	protein_coding	1339	670	669	18.4084	5.3921	5.1922
ENSG00000205763.13	RP9P	transcribed_unprocessed_pseudogene	170	76	94	10.0743	2.9509	2.8415
ENSG00000205765.9	C5orf51	protein_coding	3861	1943	1919	58.7911	17.2208	16.5824
ENSG00000205767.4	AL136038.1	processed_pseudogene	1	0	1	0.2419	0.0709	0.0682
ENSG00000205771.6	CATSPER2P1	transcribed_unprocessed_pseudogene	79	1728	1784	1.7092	0.5007	0.4821
ENSG00000205777.18	GAGE1	protein_coding	0	0	0	0.0000	0.0000	0.0000
ENSG00000205784.4	ARRDC5	protein_coding	8	5	3	0.4075	0.1194	0.1149
ENSG00000205786.8	LINC01531	lncRNA	1	0	1	0.0207	0.0061	0.0058
ENSG00000205790.1	DPP9-AS1	lncRNA	2	547	513	0.0553	0.0162	0.0156
ENSG00000205791.3	LOH12CR2	lncRNA	117	61	57	6.4517	1.8898	1.8198
ENSG00000205794.4	AC098591.2	transcribed_processed_pseudogene	8	4	6	0.4212	0.1234	0.1188
ENSG00000205795.4	CYS1	protein_coding	27	11	16	0.8054	0.2359	0.2272
ENSG00000205808.7	PLPP6	protein_coding	176	95	125	5.0408	1.4765	1.4218
ENSG00000205809.9	KLRC2	protein_coding	4	3	1	0.2266	0.0664	0.0639
ENSG00000205810.9	KLRC3	protein_coding	2	1	1	0.1483	0.0434	0.0418
ENSG00000205822.10	TPTE2P6	transcribed_unprocessed_pseudogene	0	0	0	0.0000	0.0000	0.0000
ENSG00000205830.1	AC024132.1	lncRNA	0	0	0	0.0000	0.0000	0.0000
ENSG00000205832.7	C16orf96	protein_coding	10	6	4	0.2221	0.0651	0.0627
ENSG00000205835.9	GMNC	protein_coding	0	0	0	0.0000	0.0000	0.0000
ENSG00000205837.7	LINC00487	lncRNA	3	2	1	0.1157	0.0339	0.0326
ENSG00000205838.14	TTC23L	protein_coding	16	23	24	0.3108	0.0910	0.0877
ENSG00000205846.4	CLEC6A	protein_coding	4	2	2	0.2064	0.0604	0.0582
ENSG00000205847.6	OR7E91P	transcribed_unprocessed_pseudogene	0	0	0	0.0000	0.0000	0.0000
ENSG00000205853.12	RFPL3S	lncRNA	5	8	8	0.0615	0.0180	0.0174
ENSG00000205856.4	C22orf42	protein_coding	1	1	0	0.0413	0.0121	0.0117
ENSG00000205857.2	NANOGNB	protein_coding	0	0	0	0.0000	0.0000	0.0000
ENSG00000205858.10	LRRC72	protein_coding	0	0	0	0.0000	0.0000	0.0000
ENSG00000205861.13	PCOTH	lncRNA	2	34	41	0.1240	0.0363	0.0350
ENSG00000205863.11	C1QTNF9B	protein_coding	0	32	23	0.0000	0.0000	0.0000
ENSG00000205864.1	KRTAP5-6	protein_coding	0	0	0	0.0000	0.0000	0.0000
ENSG00000205865.4	FAM99B	lncRNA	0	0	0	0.0000	0.0000	0.0000
ENSG00000205866.4	FAM99A	lncRNA	0	0	0	0.0000	0.0000	0.0000
ENSG00000205867.3	KRTAP5-2	protein_coding	0	1	3	0.0000	0.0000	0.0000
ENSG00000205869.2	KRTAP5-1	protein_coding	2	0	2	0.1803	0.0528	0.0509
ENSG00000205871.5	RPS3AP47	processed_pseudogene	29	16	13	3.1095	0.9108	0.8770
ENSG00000205879.5	FAM90A2P	unprocessed_pseudogene	0	0	0	0.0000	0.0000	0.0000
ENSG00000205882.8	DEFB134	protein_coding	6	5	1	0.4771	0.1397	0.1346
ENSG00000205883.2	DEFB135	protein_coding	1	1	0	0.3629	0.1063	0.1024
ENSG00000205884.2	DEFB136	protein_coding	1	0	1	0.3583	0.1050	0.1011
ENSG00000205885.7	C1RL-AS1	lncRNA	20	122	113	0.2787	0.0816	0.0786
ENSG00000205890.3	AC108134.1	lncRNA	0	0	1	0.0000	0.0000	0.0000
ENSG00000205897.5	OR7E136P	unprocessed_pseudogene	0	0	0	0.0000	0.0000	0.0000
ENSG00000205898.3	AC019155.1	processed_pseudogene	0	0	1	0.0000	0.0000	0.0000
ENSG00000205899.4	BHLHA9	protein_coding	0	0	0	0.0000	0.0000	0.0000
ENSG00000205903.7	ZNF316	protein_coding	1567	811	756	17.3676	5.0872	4.8986
ENSG00000205913.7	SRRM2-AS1	lncRNA	16	11	5	0.2072	0.0607	0.0585
ENSG00000205916.11	DAZ4	protein_coding	0	0	0	0.0000	0.0000	0.0000
ENSG00000205918.9	PDPK2P	transcribed_unprocessed_pseudogene	19	7	13	0.3645	0.1068	0.1028
ENSG00000205922.5	ONECUT3	protein_coding	0	0	1	0.0000	0.0000	0.0000
ENSG00000205923.3	CEMP1	protein_coding	0	526	554	0.0000	0.0000	0.0000
ENSG00000205927.5	OLIG2	protein_coding	51	28	23	1.3277	0.3889	0.3745
ENSG00000205929.11	C21orf62	protein_coding	3	0	3	0.0618	0.0181	0.0174
ENSG00000205930.10	C21orf62-AS1	lncRNA	89	38	51	0.5861	0.1717	0.1653
ENSG00000205936.3	PPP1R12BP2	unprocessed_pseudogene	0	0	0	0.0000	0.0000	0.0000
ENSG00000205937.12	RNPS1	protein_coding	4844	2459	2394	48.0162	14.0647	13.5432
ENSG00000205940.8	HSP90AB2P	transcribed_processed_pseudogene	23	9	15	0.8496	0.2489	0.2396
ENSG00000205944.11	DAZ2	protein_coding	0	0	0	0.0000	0.0000	0.0000
ENSG00000205946.1	USP17L6P	unprocessed_pseudogene	0	0	0	0.0000	0.0000	0.0000
ENSG00000205955.4	HSP90AA5P	transcribed_processed_pseudogene	3	0	3	0.1162	0.0340	0.0328
ENSG00000205959.4	AC105345.1	lncRNA	3	1	2	0.0565	0.0165	0.0159
ENSG00000205971.3	AC074389.1	lncRNA	0	0	0	0.0000	0.0000	0.0000
ENSG00000205976.4	AC091951.1	unprocessed_pseudogene	0	0	0	0.0000	0.0000	0.0000
ENSG00000205978.6	NYNRIN	protein_coding	158	85	73	1.7351	0.5082	0.4894
ENSG00000205981.8	DNAJC19	protein_coding	742	373	370	17.5714	5.1469	4.9561
ENSG00000205989.1	DEFB109C	unprocessed_pseudogene	0	0	0	0.0000	0.0000	0.0000
ENSG00000206013.2	IFITM5	protein_coding	0	0	0	0.0000	0.0000	0.0000
ENSG00000206014.7	OR7E161P	transcribed_unprocessed_pseudogene	2	2	0	0.1622	0.0475	0.0458
ENSG00000206026.7	SMIM21	protein_coding	0	0	0	0.0000	0.0000	0.0000
ENSG00000206028.1	Z99774.1	lncRNA	1	18	37	0.0325	0.0095	0.0092
ENSG00000206034.1	DEFB109B	unprocessed_pseudogene	0	0	0	0.0000	0.0000	0.0000
ENSG00000206042.1	DEFA7P	unprocessed_pseudogene	0	0	0	0.0000	0.0000	0.0000
ENSG00000206043.7	C18orf63	protein_coding	0	0	0	0.0000	0.0000	0.0000
ENSG00000206047.2	DEFA1	protein_coding	0	0	0	0.0000	0.0000	0.0000
ENSG00000206052.11	DOK6	protein_coding	19	11	9	0.1689	0.0495	0.0476
ENSG00000206053.13	JPT2	protein_coding	3163	1671	1492	56.3346	16.5013	15.8895
ENSG00000206062.4	AL121823.1	lncRNA	0	0	0	0.0000	0.0000	0.0000
ENSG00000206066.3	IGLL3P	unprocessed_pseudogene	0	0	0	0.0000	0.0000	0.0000
ENSG00000206069.6	TMEM211	protein_coding	0	0	0	0.0000	0.0000	0.0000
ENSG00000206072.13	SERPINB11	protein_coding	0	0	0	0.0000	0.0000	0.0000
ENSG00000206073.11	SERPINB4	protein_coding	1	0	1	0.0431	0.0126	0.0122
ENSG00000206075.14	SERPINB5	protein_coding	0	0	0	0.0000	0.0000	0.0000
ENSG00000206077.13	ZDHHC11B	protein_coding	45	26	19	0.6790	0.1989	0.1915
ENSG00000206090.4	AP000350.1	unprocessed_pseudogene	0	0	0	0.0000	0.0000	0.0000
ENSG00000206102.2	KRTAP19-8	protein_coding	0	0	0	0.0000	0.0000	0.0000
ENSG00000206104.2	KRTAP20-3	protein_coding	0	0	0	0.0000	0.0000	0.0000
ENSG00000206105.2	KRTAP20-4	protein_coding	0	0	0	0.0000	0.0000	0.0000
ENSG00000206106.2	KRTAP22-2	protein_coding	0	0	0	0.0000	0.0000	0.0000
ENSG00000206107.2	KRTAP27-1	protein_coding	0	0	0	0.0000	0.0000	0.0000
ENSG00000206113.11	CFAP99	protein_coding	8	7	1	0.1307	0.0383	0.0369
ENSG00000206120.11	EGFEM1P	transcribed_unitary_pseudogene	0	0	0	0.0000	0.0000	0.0000
ENSG00000206127.11	GOLGA8O	protein_coding	1	0	1	0.0158	0.0046	0.0045
ENSG00000206129.4	AC006305.1	lncRNA	0	0	0	0.0000	0.0000	0.0000
ENSG00000206140.11	TMEM191C	protein_coding	7	4	3	0.1383	0.0405	0.0390
ENSG00000206142.9	FAM230H	lncRNA	0	1	0	0.0000	0.0000	0.0000
ENSG00000206144.5	MAPK6P1	processed_pseudogene	0	0	0	0.0000	0.0000	0.0000
ENSG00000206145.8	P2RX6P	transcribed_unprocessed_pseudogene	4	1	3	0.6165	0.1806	0.1739
ENSG00000206147.5	RPL23AP57	processed_pseudogene	5	3	2	0.9112	0.2669	0.2570
ENSG00000206149.10	HERC2P9	transcribed_unprocessed_pseudogene	67	37	37	0.6847	0.2006	0.1931
ENSG00000206150.4	RNASE13	protein_coding	0	0	0	0.0000	0.0000	0.0000
ENSG00000206159.11	GYG2P1	transcribed_unprocessed_pseudogene	1	1	0	0.0165	0.0048	0.0047
ENSG00000206168.1	Z69890.1	processed_pseudogene	4	2	2	1.0020	0.2935	0.2826
ENSG00000206172.8	HBA1	protein_coding	0	0	0	0.0000	0.0000	0.0000
ENSG00000206177.7	HBM	protein_coding	0	0	1	0.0000	0.0000	0.0000
ENSG00000206178.2	HBZP1	unprocessed_pseudogene	0	0	0	0.0000	0.0000	0.0000
ENSG00000206181.6	ELOA2	protein_coding	1	1	0	0.0278	0.0082	0.0079
ENSG00000206187.4	LINC02346	lncRNA	1	0	1	0.0102	0.0030	0.0029
ENSG00000206190.12	ATP10A	protein_coding	780	400	380	3.2035	0.9383	0.9036
ENSG00000206192.7	ANKRD20A9P	unprocessed_pseudogene	1	0	1	0.0285	0.0084	0.0080
ENSG00000206195.11	DUXAP8	lncRNA	69	38	31	0.5793	0.1697	0.1634
ENSG00000206199.11	ANKUB1	protein_coding	11	241	246	0.1427	0.0418	0.0403
ENSG00000206203.5	TSSK2	protein_coding	0	13	10	0.0000	0.0000	0.0000
ENSG00000206228.4	HNRNPA1P4	processed_pseudogene	23	14	15	2.5836	0.7568	0.7287
ENSG00000206249.3	AL359555.1	lncRNA	0	2	0	0.0000	0.0000	0.0000
ENSG00000206260.4	PRR23A	protein_coding	0	0	0	0.0000	0.0000	0.0000
ENSG00000206262.9	FOXL2NB	protein_coding	2	0	2	0.0332	0.0097	0.0094
ENSG00000206337.12	HCP5	lncRNA	610	303	310	4.6845	1.3722	1.3213
ENSG00000206341.7	HLA-H	unprocessed_pseudogene	1853	1230	926	143.5744	42.0552	40.4960
ENSG00000206344.7	HCG27	lncRNA	14	9	11	0.4587	0.1344	0.1294
ENSG00000206356.5	AC114324.1	processed_pseudogene	0	0	0	0.0000	0.0000	0.0000
ENSG00000206384.10	COL6A6	protein_coding	23	13	10	0.2009	0.0589	0.0567
ENSG00000206417.8	H1-10-AS1	lncRNA	17	261	290	0.4221	0.1236	0.1191
ENSG00000206418.4	RAB12	protein_coding	803	515	599	27.5408	8.0671	7.7681
ENSG00000206422.2	LRRC30	protein_coding	0	0	0	0.0000	0.0000	0.0000
ENSG00000206432.4	TMEM200C	protein_coding	10	9	4	0.0798	0.0234	0.0225
ENSG00000206448.3	PPIAP30	processed_pseudogene	2	1	1	0.3272	0.0959	0.0923
ENSG00000206474.8	OR10C1	protein_coding	0	0	0	0.0000	0.0000	0.0000
ENSG00000206503.13	HLA-A	protein_coding	92104	63153	63416	2886.1671	845.4036	814.0604
ENSG00000206527.10	HACD2	protein_coding	5641	2829	2812	91.7870	26.8858	25.8891
ENSG00000206530.11	CFAP44	protein_coding	24	53	54	0.1676	0.0491	0.0473
ENSG00000206531.10	CD200R1L	protein_coding	0	0	0	0.0000	0.0000	0.0000
ENSG00000206535.8	LNP1	protein_coding	182	88	94	8.0919	2.3702	2.2824
ENSG00000206536.1	OR5K3	protein_coding	0	0	0	0.0000	0.0000	0.0000
ENSG00000206538.9	VGLL3	protein_coding	477	221	256	3.1795	0.9313	0.8968
ENSG00000206549.13	AC109583.1	protein_coding	0	0	0	0.0000	0.0000	0.0000
ENSG00000206552.4	KRBOX1-AS1	lncRNA	0	0	1	0.0000	0.0000	0.0000
ENSG00000206557.6	TRIM71	protein_coding	0	0	0	0.0000	0.0000	0.0000
ENSG00000206559.8	ZCWPW2	protein_coding	24	53	75	0.4496	0.1317	0.1268
ENSG00000206560.11	ANKRD28	protein_coding	10873	6155	5981	81.8854	23.9855	23.0963
ENSG00000206561.13	COLQ	protein_coding	19	13	13	0.3865	0.1132	0.1090
ENSG00000206562.12	METTL6	protein_coding	379	177	202	4.6143	1.3516	1.3015
ENSG00000206567.10	AC022007.1	lncRNA	46	44	37	0.8099	0.2372	0.2284
ENSG00000206573.9	THUMPD3-AS1	lncRNA	240	376	361	2.1379	0.6262	0.6030
ENSG00000206579.9	XKR4	protein_coding	2	2	1	0.0084	0.0025	0.0024
ENSG00000206582.1	Y_RNA	misc_RNA	1	1	0	0.8755	0.2564	0.2469
ENSG00000206583.1	RNU6-1292P	snRNA	0	0	0	0.0000	0.0000	0.0000
ENSG00000206585.1	RNVU1-7	snRNA	0	0	0	0.0000	0.0000	0.0000
ENSG00000206587.1	RNU6-46P	snRNA	0	0	0	0.0000	0.0000	0.0000
ENSG00000206588.1	RNU1-28P	snRNA	0	0	0	0.0000	0.0000	0.0000
ENSG00000206589.1	RNU6-354P	snRNA	0	0	0	0.0000	0.0000	0.0000
ENSG00000206590.1	RNU6-132P	snRNA	0	0	0	0.0000	0.0000	0.0000
ENSG00000206592.1	AC016559.1	snoRNA	0	0	0	0.0000	0.0000	0.0000
ENSG00000206593.1	RNU6-47P	snRNA	0	0	0	0.0000	0.0000	0.0000
ENSG00000206595.1	RNU6-877P	snRNA	0	0	0	0.0000	0.0000	0.0000
ENSG00000206596.1	RNU1-27P	snRNA	0	0	0	0.0000	0.0000	0.0000
ENSG00000206597.1	SNORA57	snoRNA	0	0	0	0.0000	0.0000	0.0000
ENSG00000206598.1	RNU6-1286P	snRNA	0	0	0	0.0000	0.0000	0.0000
ENSG00000206599.1	RNU6-841P	snRNA	0	0	0	0.0000	0.0000	0.0000
ENSG00000206600.1	RNU6-25P	snRNA	0	0	0	0.0000	0.0000	0.0000
ENSG00000206601.1	RNU6-431P	snRNA	1	1	0	0.7936	0.2325	0.2239
ENSG00000206602.1	SNORD58A	snoRNA	0	0	0	0.0000	0.0000	0.0000
ENSG00000206603.1	SNORA22B	snoRNA	1	0	1	0.6154	0.1803	0.1736
ENSG00000206604.1	RNU6-425P	snRNA	0	0	0	0.0000	0.0000	0.0000
ENSG00000206605.1	RNU6-946P	snRNA	0	0	0	0.0000	0.0000	0.0000
ENSG00000206606.1	RNU6-1296P	snRNA	0	0	0	0.0000	0.0000	0.0000
ENSG00000206609.1	SNORD116-11	snoRNA	0	0	0	0.0000	0.0000	0.0000
ENSG00000206611.1	SNORD24	snoRNA	0	0	0	0.0000	0.0000	0.0000
ENSG00000206612.1	SNORA2A	snoRNA	3	1	2	1.8871	0.5528	0.5323
ENSG00000206613.1	RNU6-1336P	snRNA	0	0	0	0.0000	0.0000	0.0000
ENSG00000206614.1	RNU6-477P	snRNA	0	0	0	0.0000	0.0000	0.0000
ENSG00000206615.1	RNU6-338P	snRNA	0	0	0	0.0000	0.0000	0.0000
ENSG00000206616.1	RNU6-741P	snRNA	0	0	0	0.0000	0.0000	0.0000
ENSG00000206617.1	RNY1P5	misc_RNA	0	0	0	0.0000	0.0000	0.0000
ENSG00000206618.1	RNU6-1264P	snRNA	0	0	0	0.0000	0.0000	0.0000
ENSG00000206620.1	SNORD45C	snoRNA	0	0	0	0.0000	0.0000	0.0000
ENSG00000206621.1	SNORD116-14	snoRNA	0	0	0	0.0000	0.0000	0.0000
ENSG00000206622.1	SNORA69	snoRNA	0	0	0	0.0000	0.0000	0.0000
ENSG00000206623.1	RNU6-979P	snRNA	0	0	0	0.0000	0.0000	0.0000
ENSG00000206624.1	RNU1-39P	snRNA	0	0	0	0.0000	0.0000	0.0000
ENSG00000206625.1	RNU6-1	snRNA	0	0	0	0.0000	0.0000	0.0000
ENSG00000206627.1	RNU6-969P	snRNA	0	0	0	0.0000	0.0000	0.0000
ENSG00000206629.1	RNU1-63P	snRNA	0	0	0	0.0000	0.0000	0.0000
ENSG00000206630.1	SNORD60	snoRNA	0	0	0	0.0000	0.0000	0.0000
ENSG00000206631.1	RNU6-657P	snRNA	0	0	0	0.0000	0.0000	0.0000
ENSG00000206633.1	SNORA80B	snoRNA	0	0	0	0.0000	0.0000	0.0000
ENSG00000206634.1	SNORA22	snoRNA	0	0	0	0.0000	0.0000	0.0000
ENSG00000206635.1	RNU6-1062P	snRNA	0	0	0	0.0000	0.0000	0.0000
ENSG00000206636.1	Y_RNA	misc_RNA	0	0	0	0.0000	0.0000	0.0000
ENSG00000206637.1	SNORA70H	snoRNA	0	0	0	0.0000	0.0000	0.0000
ENSG00000206638.1	RNU6-672P	snRNA	0	0	0	0.0000	0.0000	0.0000
ENSG00000206639.1	Y_RNA	misc_RNA	0	0	0	0.0000	0.0000	0.0000
ENSG00000206640.1	Y_RNA	misc_RNA	0	0	0	0.0000	0.0000	0.0000
ENSG00000206641.1	RNU6-449P	snRNA	0	0	0	0.0000	0.0000	0.0000
ENSG00000206644.1	RNU6-1279P	snRNA	0	0	0	0.0000	0.0000	0.0000
ENSG00000206645.1	Y_RNA	misc_RNA	0	0	0	0.0000	0.0000	0.0000
ENSG00000206646.1	Y_RNA	misc_RNA	0	0	0	0.0000	0.0000	0.0000
ENSG00000206647.1	AC007240.1	snoRNA	1	0	1	0.6290	0.1843	0.1774
ENSG00000206649.1	AC104212.1	snoRNA	0	0	0	0.0000	0.0000	0.0000
ENSG00000206650.1	SNORA70G	snoRNA	0	0	0	0.0000	0.0000	0.0000
ENSG00000206651.1	Y_RNA	misc_RNA	0	0	0	0.0000	0.0000	0.0000
ENSG00000206652.1	RNU1-1	snRNA	0	0	0	0.0000	0.0000	0.0000
ENSG00000206654.1	RNU6-608P	snRNA	0	0	0	0.0000	0.0000	0.0000
ENSG00000206656.1	SNORD116-17	snoRNA	0	0	0	0.0000	0.0000	0.0000
ENSG00000206658.1	RNU6-1039P	snRNA	0	0	0	0.0000	0.0000	0.0000
ENSG00000206659.1	Y_RNA	misc_RNA	0	0	0	0.0000	0.0000	0.0000
ENSG00000206660.1	Y_RNA	misc_RNA	0	0	0	0.0000	0.0000	0.0000
ENSG00000206661.1	SNORA70	snoRNA	0	0	0	0.0000	0.0000	0.0000
ENSG00000206662.1	Y_RNA	misc_RNA	0	0	0	0.0000	0.0000	0.0000
ENSG00000206663.1	Y_RNA	misc_RNA	0	0	0	0.0000	0.0000	0.0000
ENSG00000206665.1	RNU6-573P	snRNA	0	0	0	0.0000	0.0000	0.0000
ENSG00000206669.1	Y_RNA	misc_RNA	0	0	0	0.0000	0.0000	0.0000
ENSG00000206671.1	RNU6-471P	snRNA	0	0	0	0.0000	0.0000	0.0000
ENSG00000206672.1	Y_RNA	misc_RNA	0	0	0	0.0000	0.0000	0.0000
ENSG00000206674.1	RNU6-945P	snRNA	0	0	0	0.0000	0.0000	0.0000
ENSG00000206675.1	RNU6-32P	snRNA	1	0	1	0.7936	0.2325	0.2239
ENSG00000206676.1	Y_RNA	misc_RNA	0	0	0	0.0000	0.0000	0.0000
ENSG00000206677.2	Y_RNA	misc_RNA	0	0	0	0.0000	0.0000	0.0000
ENSG00000206678.1	RNU6-144P	snRNA	0	0	0	0.0000	0.0000	0.0000
ENSG00000206679.1	Y_RNA	misc_RNA	0	0	0	0.0000	0.0000	0.0000
ENSG00000206680.1	SNORD21	snoRNA	0	0	0	0.0000	0.0000	0.0000
ENSG00000206681.1	RNU6-730P	snRNA	0	0	0	0.0000	0.0000	0.0000
ENSG00000206682.1	Y_RNA	misc_RNA	0	0	0	0.0000	0.0000	0.0000
ENSG00000206684.1	RNU6-157P	snRNA	0	0	0	0.0000	0.0000	0.0000
ENSG00000206685.1	RNU6-1189P	snRNA	0	0	0	0.0000	0.0000	0.0000
ENSG00000206686.1	RNU6-1036P	snRNA	0	0	0	0.0000	0.0000	0.0000
ENSG00000206687.1	RNU1-109P	snRNA	0	0	0	0.0000	0.0000	0.0000
ENSG00000206688.1	SNORD116-18	snoRNA	0	0	0	0.0000	0.0000	0.0000
ENSG00000206690.1	Y_RNA	misc_RNA	0	0	0	0.0000	0.0000	0.0000
ENSG00000206692.1	Y_RNA	misc_RNA	0	0	0	0.0000	0.0000	0.0000
ENSG00000206693.1	SNORA56	snoRNA	0	0	0	0.0000	0.0000	0.0000
ENSG00000206695.1	RNU6-442P	snRNA	1	0	1	0.8165	0.2392	0.2303
ENSG00000206697.1	RNY1P8	misc_RNA	0	0	0	0.0000	0.0000	0.0000
ENSG00000206698.1	RNU1-73P	snRNA	0	0	0	0.0000	0.0000	0.0000
ENSG00000206699.1	Y_RNA	misc_RNA	0	0	0	0.0000	0.0000	0.0000
ENSG00000206700.1	RNU6-723P	snRNA	0	0	0	0.0000	0.0000	0.0000
ENSG00000206701.1	RNU6-1040P	snRNA	0	0	0	0.0000	0.0000	0.0000
ENSG00000206702.1	RNU1-11P	snRNA	0	0	0	0.0000	0.0000	0.0000
ENSG00000206703.1	RNU6-128P	snRNA	0	0	0	0.0000	0.0000	0.0000
ENSG00000206704.1	Y_RNA	misc_RNA	0	0	0	0.0000	0.0000	0.0000
ENSG00000206705.1	Y_RNA	misc_RNA	0	0	0	0.0000	0.0000	0.0000
ENSG00000206706.1	Y_RNA	misc_RNA	0	0	0	0.0000	0.0000	0.0000
ENSG00000206708.1	RNU6-1227P	snRNA	0	0	0	0.0000	0.0000	0.0000
ENSG00000206709.1	RNU6-1080P	snRNA	0	0	0	0.0000	0.0000	0.0000
ENSG00000206710.1	RNU6-147P	snRNA	0	0	0	0.0000	0.0000	0.0000
ENSG00000206711.1	Y_RNA	misc_RNA	0	0	0	0.0000	0.0000	0.0000
ENSG00000206712.1	RNU6-26P	snRNA	7	3	4	5.5555	1.6273	1.5670
ENSG00000206713.1	Y_RNA	misc_RNA	0	0	0	0.0000	0.0000	0.0000
ENSG00000206714.1	Y_RNA	misc_RNA	0	0	0	0.0000	0.0000	0.0000
ENSG00000206715.1	RNU6-444P	snRNA	0	0	0	0.0000	0.0000	0.0000
ENSG00000206716.1	RNU6-133P	snRNA	0	0	0	0.0000	0.0000	0.0000
ENSG00000206717.1	Y_RNA	misc_RNA	0	0	0	0.0000	0.0000	0.0000
ENSG00000206718.1	RNU6-546P	snRNA	0	0	0	0.0000	0.0000	0.0000
ENSG00000206719.1	Y_RNA	misc_RNA	0	0	0	0.0000	0.0000	0.0000
ENSG00000206721.1	Y_RNA	misc_RNA	0	0	0	0.0000	0.0000	0.0000
ENSG00000206722.1	RNU6-1074P	snRNA	0	0	0	0.0000	0.0000	0.0000
ENSG00000206723.1	RNU6-1056P	snRNA	1	1	0	0.7936	0.2325	0.2239
ENSG00000206724.1	RNU6-756P	snRNA	0	0	0	0.0000	0.0000	0.0000
ENSG00000206725.1	RNU6-1027P	snRNA	0	0	0	0.0000	0.0000	0.0000
ENSG00000206726.1	RNU6-259P	snRNA	0	0	0	0.0000	0.0000	0.0000
ENSG00000206727.1	SNORD116-9	snoRNA	0	0	0	0.0000	0.0000	0.0000
ENSG00000206728.1	Y_RNA	misc_RNA	0	0	0	0.0000	0.0000	0.0000
ENSG00000206729.1	RNU6-1126P	snRNA	0	0	0	0.0000	0.0000	0.0000
ENSG00000206730.1	RNU6-468P	snRNA	0	0	0	0.0000	0.0000	0.0000
ENSG00000206731.1	AC074091.1	snoRNA	0	0	0	0.0000	0.0000	0.0000
ENSG00000206732.1	RNU6-936P	snRNA	0	0	0	0.0000	0.0000	0.0000
ENSG00000206733.1	RNU6-641P	snRNA	0	0	0	0.0000	0.0000	0.0000
ENSG00000206734.1	Y_RNA	misc_RNA	0	0	0	0.0000	0.0000	0.0000
ENSG00000206737.1	RNVU1-18	snRNA	0	0	0	0.0000	0.0000	0.0000
ENSG00000206738.1	Y_RNA	misc_RNA	0	0	0	0.0000	0.0000	0.0000
ENSG00000206739.1	Y_RNA	misc_RNA	3	2	1	2.2747	0.6663	0.6416
ENSG00000206741.1	Y_RNA	misc_RNA	2	2	0	1.5030	0.4403	0.4239
ENSG00000206743.1	RNU6-484P	snRNA	2	0	2	1.5873	0.4649	0.4477
ENSG00000206744.1	RNU6-620P	snRNA	0	0	0	0.0000	0.0000	0.0000
ENSG00000206745.1	RNU6-643P	snRNA	0	0	0	0.0000	0.0000	0.0000
ENSG00000206746.1	RNU6-142P	snRNA	0	0	0	0.0000	0.0000	0.0000
ENSG00000206747.1	RNU6-245P	snRNA	1	1	0	0.7936	0.2325	0.2239
ENSG00000206749.1	RNU6-1083P	snRNA	0	0	0	0.0000	0.0000	0.0000
ENSG00000206751.1	Y_RNA	misc_RNA	0	0	0	0.0000	0.0000	0.0000
ENSG00000206752.1	RNU6-1323P	snRNA	0	0	0	0.0000	0.0000	0.0000
ENSG00000206754.1	SNORD101	snoRNA	1	0	1	1.1633	0.3407	0.3281
ENSG00000206755.1	SNORA30	snoRNA	0	0	0	0.0000	0.0000	0.0000
ENSG00000206756.1	Y_RNA	misc_RNA	0	0	0	0.0000	0.0000	0.0000
ENSG00000206758.1	RNU6-317P	snRNA	0	0	0	0.0000	0.0000	0.0000
ENSG00000206759.1	RNU6-787P	snRNA	0	0	0	0.0000	0.0000	0.0000
ENSG00000206760.1	SNORA6	snoRNA	0	0	0	0.0000	0.0000	0.0000
ENSG00000206762.1	RNU6-418P	snRNA	1	0	1	0.7936	0.2325	0.2239
ENSG00000206763.1	RNU6-10P	snRNA	1	1	0	0.7936	0.2325	0.2239
ENSG00000206764.1	RNU6-152P	snRNA	0	0	0	0.0000	0.0000	0.0000
ENSG00000206765.1	RNU6-203P	snRNA	0	0	0	0.0000	0.0000	0.0000
ENSG00000206766.1	RNU6-435P	snRNA	0	0	0	0.0000	0.0000	0.0000
ENSG00000206767.1	RNU6-949P	snRNA	0	0	0	0.0000	0.0000	0.0000
ENSG00000206768.1	Y_RNA	misc_RNA	0	0	0	0.0000	0.0000	0.0000
ENSG00000206769.1	RNU6-116P	snRNA	0	0	0	0.0000	0.0000	0.0000
ENSG00000206770.1	Y_RNA	misc_RNA	0	0	0	0.0000	0.0000	0.0000
ENSG00000206772.1	RNU6-44P	snRNA	0	0	0	0.0000	0.0000	0.0000
ENSG00000206774.1	RNU6-211P	snRNA	0	0	0	0.0000	0.0000	0.0000
ENSG00000206775.1	SNORD37	snoRNA	0	0	0	0.0000	0.0000	0.0000
ENSG00000206776.1	AC021733.1	snoRNA	0	0	0	0.0000	0.0000	0.0000
ENSG00000206777.1	RNU6-637P	snRNA	0	0	0	0.0000	0.0000	0.0000
ENSG00000206778.1	RNU6-213P	snRNA	0	0	0	0.0000	0.0000	0.0000
ENSG00000206779.1	Y_RNA	misc_RNA	0	0	0	0.0000	0.0000	0.0000
ENSG00000206780.1	SNORA75B	snoRNA	0	0	0	0.0000	0.0000	0.0000
ENSG00000206781.1	Y_RNA	misc_RNA	1	1	0	0.7449	0.2182	0.2101
ENSG00000206782.1	RNU6-224P	snRNA	0	0	0	0.0000	0.0000	0.0000
ENSG00000206784.1	Y_RNA	misc_RNA	0	0	0	0.0000	0.0000	0.0000
ENSG00000206785.1	SNORA15B-2	snoRNA	0	0	0	0.0000	0.0000	0.0000
ENSG00000206786.1	RNU6-701P	snRNA	0	0	0	0.0000	0.0000	0.0000
ENSG00000206787.1	RNU6-76P	snRNA	0	0	0	0.0000	0.0000	0.0000
ENSG00000206788.1	RNU6-629P	snRNA	0	0	0	0.0000	0.0000	0.0000
ENSG00000206790.1	Y_RNA	misc_RNA	0	0	0	0.0000	0.0000	0.0000
ENSG00000206791.1	RNU1-129P	snRNA	1	0	1	0.5085	0.1489	0.1434
ENSG00000206792.1	Y_RNA	misc_RNA	0	0	0	0.0000	0.0000	0.0000
ENSG00000206795.1	Y_RNA	misc_RNA	0	0	0	0.0000	0.0000	0.0000
ENSG00000206796.1	RNU6-811P	snRNA	0	0	0	0.0000	0.0000	0.0000
ENSG00000206797.1	Y_RNA	misc_RNA	0	0	0	0.0000	0.0000	0.0000
ENSG00000206799.1	SNORA32	snoRNA	0	0	0	0.0000	0.0000	0.0000
ENSG00000206800.1	RNY3P7	misc_RNA	0	0	0	0.0000	0.0000	0.0000
ENSG00000206801.1	RNU6-639P	snRNA	0	0	0	0.0000	0.0000	0.0000
ENSG00000206802.1	RNU6-926P	snRNA	0	0	0	0.0000	0.0000	0.0000
ENSG00000206803.1	RNU6-968P	snRNA	0	0	0	0.0000	0.0000	0.0000
ENSG00000206804.1	RNU6-1293P	snRNA	0	0	0	0.0000	0.0000	0.0000
ENSG00000206805.1	Y_RNA	misc_RNA	0	0	0	0.0000	0.0000	0.0000
ENSG00000206806.1	Y_RNA	misc_RNA	0	0	0	0.0000	0.0000	0.0000
ENSG00000206807.1	RNU6-815P	snRNA	0	0	0	0.0000	0.0000	0.0000
ENSG00000206808.1	Y_RNA	misc_RNA	0	0	0	0.0000	0.0000	0.0000
ENSG00000206811.1	SNORA10	snoRNA	0	0	0	0.0000	0.0000	0.0000
ENSG00000206812.1	RNU6-38P	snRNA	0	0	0	0.0000	0.0000	0.0000
ENSG00000206813.1	Y_RNA	misc_RNA	0	0	0	0.0000	0.0000	0.0000
ENSG00000206814.1	Y_RNA	misc_RNA	0	0	0	0.0000	0.0000	0.0000
ENSG00000206815.1	RNU6-483P	snRNA	0	0	0	0.0000	0.0000	0.0000
ENSG00000206816.1	Y_RNA	misc_RNA	0	0	0	0.0000	0.0000	0.0000
ENSG00000206817.1	Y_RNA	misc_RNA	0	0	0	0.0000	0.0000	0.0000
ENSG00000206818.1	RNU6-849P	snRNA	0	0	0	0.0000	0.0000	0.0000
ENSG00000206819.1	RNU6-260P	snRNA	0	0	0	0.0000	0.0000	0.0000
ENSG00000206820.1	RNU1-138P	snRNA	1	1	0	0.5178	0.1517	0.1461
ENSG00000206822.1	Y_RNA	misc_RNA	0	0	0	0.0000	0.0000	0.0000
ENSG00000206824.1	Y_RNA	misc_RNA	0	0	0	0.0000	0.0000	0.0000
ENSG00000206826.1	RNU6-974P	snRNA	0	0	0	0.0000	0.0000	0.0000
ENSG00000206827.1	RNU6-1032P	snRNA	0	0	0	0.0000	0.0000	0.0000
ENSG00000206828.1	RNVU1-30	snRNA	0	0	0	0.0000	0.0000	0.0000
ENSG00000206832.1	RNU6V	snRNA	0	0	0	0.0000	0.0000	0.0000
ENSG00000206833.1	RNU6-20P	snRNA	0	0	0	0.0000	0.0000	0.0000
ENSG00000206834.1	SNORA1	snoRNA	0	0	0	0.0000	0.0000	0.0000
ENSG00000206835.1	RNU1-74P	snRNA	0	0	0	0.0000	0.0000	0.0000
ENSG00000206836.1	RNU6-1029P	snRNA	0	0	0	0.0000	0.0000	0.0000
ENSG00000206838.1	SNORA5A	snoRNA	0	0	0	0.0000	0.0000	0.0000
ENSG00000206839.1	RNU6-746P	snRNA	0	0	0	0.0000	0.0000	0.0000
ENSG00000206840.1	Y_RNA	misc_RNA	0	0	0	0.0000	0.0000	0.0000
ENSG00000206841.1	RNU6-409P	snRNA	0	0	0	0.0000	0.0000	0.0000
ENSG00000206842.1	RNU6-413P	snRNA	0	0	0	0.0000	0.0000	0.0000
ENSG00000206843.1	RNU6-206P	snRNA	0	0	0	0.0000	0.0000	0.0000
ENSG00000206844.1	Y_RNA	misc_RNA	0	0	0	0.0000	0.0000	0.0000
ENSG00000206845.1	RNU6-209P	snRNA	0	0	0	0.0000	0.0000	0.0000
ENSG00000206846.1	Y_RNA	misc_RNA	0	0	0	0.0000	0.0000	0.0000
ENSG00000206847.1	Y_RNA	misc_RNA	0	0	0	0.0000	0.0000	0.0000
ENSG00000206848.1	RNU6-890P	snRNA	0	0	0	0.0000	0.0000	0.0000
ENSG00000206849.1	AC079969.1	snoRNA	0	0	0	0.0000	0.0000	0.0000
ENSG00000206850.1	Y_RNA	misc_RNA	0	0	0	0.0000	0.0000	0.0000
ENSG00000206852.1	RNU6-895P	snRNA	0	0	0	0.0000	0.0000	0.0000
ENSG00000206853.1	AC087698.1	snoRNA	0	0	0	0.0000	0.0000	0.0000
ENSG00000206854.1	RNY3P5	misc_RNA	0	0	0	0.0000	0.0000	0.0000
ENSG00000206855.1	RNU6-571P	snRNA	0	0	0	0.0000	0.0000	0.0000
ENSG00000206857.1	RNU6-214P	snRNA	0	0	0	0.0000	0.0000	0.0000
ENSG00000206858.1	Y_RNA	misc_RNA	0	0	0	0.0000	0.0000	0.0000
ENSG00000206859.1	RNU6-767P	snRNA	0	0	0	0.0000	0.0000	0.0000
ENSG00000206862.1	Y_RNA	misc_RNA	0	0	0	0.0000	0.0000	0.0000
ENSG00000206863.1	RNU5A-6P	snRNA	0	0	0	0.0000	0.0000	0.0000
ENSG00000206864.1	RNU6-207P	snRNA	0	0	0	0.0000	0.0000	0.0000
ENSG00000206865.1	Y_RNA	misc_RNA	0	0	0	0.0000	0.0000	0.0000
ENSG00000206866.1	RNU6-187P	snRNA	0	0	0	0.0000	0.0000	0.0000
ENSG00000206867.1	RNU6-356P	snRNA	0	0	0	0.0000	0.0000	0.0000
ENSG00000206869.1	SNORA70F	snoRNA	2	0	2	1.2581	0.3685	0.3548
ENSG00000206870.1	RNU6-398P	snRNA	0	11	12	0.0000	0.0000	0.0000
ENSG00000206871.1	RNU6-533P	snRNA	0	0	0	0.0000	0.0000	0.0000
ENSG00000206875.1	RNU6-761P	snRNA	0	0	0	0.0000	0.0000	0.0000
ENSG00000206877.1	RNU6-1103P	snRNA	0	0	0	0.0000	0.0000	0.0000
ENSG00000206878.1	AL713899.1	snoRNA	0	0	0	0.0000	0.0000	0.0000
ENSG00000206880.1	RNU6-1310P	snRNA	0	0	0	0.0000	0.0000	0.0000
ENSG00000206881.1	RNU6-190P	snRNA	0	0	0	0.0000	0.0000	0.0000
ENSG00000206882.1	RNA5SP87	rRNA_pseudogene	0	0	0	0.0000	0.0000	0.0000
ENSG00000206885.1	SNORA75	snoRNA	0	0	0	0.0000	0.0000	0.0000
ENSG00000206886.1	SNORA70	snoRNA	0	0	0	0.0000	0.0000	0.0000
ENSG00000206887.1	RNU6-1008P	snRNA	0	0	0	0.0000	0.0000	0.0000
ENSG00000206888.1	RNU6-48P	snRNA	0	0	0	0.0000	0.0000	0.0000
ENSG00000206889.1	RNU6-1200P	snRNA	0	0	0	0.0000	0.0000	0.0000
ENSG00000206891.1	RNU6-217P	snRNA	0	0	0	0.0000	0.0000	0.0000
ENSG00000206892.1	RNU6-42P	snRNA	0	0	0	0.0000	0.0000	0.0000
ENSG00000206895.1	Y_RNA	misc_RNA	0	0	0	0.0000	0.0000	0.0000
ENSG00000206896.1	RNU6-1124P	snRNA	0	0	0	0.0000	0.0000	0.0000
ENSG00000206897.1	SNORA9B	snoRNA	5	1	4	3.1925	0.9351	0.9005
ENSG00000206898.1	AC007240.2	snoRNA	0	0	0	0.0000	0.0000	0.0000
ENSG00000206899.1	RNU6-36P	snRNA	0	0	0	0.0000	0.0000	0.0000
ENSG00000206900.1	RNU6-98P	snRNA	0	0	0	0.0000	0.0000	0.0000
ENSG00000206901.1	SNORA72	snoRNA	0	0	0	0.0000	0.0000	0.0000
ENSG00000206903.1	SNORA24B	snoRNA	0	0	0	0.0000	0.0000	0.0000
ENSG00000206905.1	Y_RNA	misc_RNA	0	0	0	0.0000	0.0000	0.0000
ENSG00000206906.1	RNU6-458P	snRNA	0	0	0	0.0000	0.0000	0.0000
ENSG00000206907.1	RNU6-1013P	snRNA	0	0	0	0.0000	0.0000	0.0000
ENSG00000206908.1	RNU1-136P	snRNA	0	0	0	0.0000	0.0000	0.0000
ENSG00000206909.1	SNORA70J	snoRNA	0	0	0	0.0000	0.0000	0.0000
ENSG00000206910.1	SNORA29	snoRNA	0	0	0	0.0000	0.0000	0.0000
ENSG00000206911.1	Y_RNA	misc_RNA	0	0	0	0.0000	0.0000	0.0000
ENSG00000206912.1	Y_RNA	misc_RNA	0	0	0	0.0000	0.0000	0.0000
ENSG00000206913.1	AP000577.1	snoRNA	2	2	0	1.2219	0.3579	0.3446
ENSG00000206914.1	Y_RNA	misc_RNA	1	0	1	0.8326	0.2439	0.2348
ENSG00000206915.1	RNU6-439P	snRNA	0	0	0	0.0000	0.0000	0.0000
ENSG00000206917.1	RNU1-52P	snRNA	0	0	0	0.0000	0.0000	0.0000
ENSG00000206918.1	RNU6-1181P	snRNA	0	0	0	0.0000	0.0000	0.0000
ENSG00000206920.1	RNY1P6	misc_RNA	0	0	1	0.0000	0.0000	0.0000
ENSG00000206921.1	RNU6-481P	snRNA	0	0	0	0.0000	0.0000	0.0000
ENSG00000206922.1	RNU6-80P	snRNA	1	0	1	0.7936	0.2325	0.2239
ENSG00000206923.1	RNU6-432P	snRNA	0	0	0	0.0000	0.0000	0.0000
ENSG00000206924.1	RNU6-689P	snRNA	3	3	0	2.3809	0.6974	0.6716
ENSG00000206925.1	Y_RNA	misc_RNA	0	0	0	0.0000	0.0000	0.0000
ENSG00000206926.1	RNU6-1024P	snRNA	0	0	0	0.0000	0.0000	0.0000
ENSG00000206927.1	Y_RNA	misc_RNA	0	0	0	0.0000	0.0000	0.0000
ENSG00000206929.1	Y_RNA	misc_RNA	0	0	0	0.0000	0.0000	0.0000
ENSG00000206931.1	RNU6-1042P	snRNA	0	0	0	0.0000	0.0000	0.0000
ENSG00000206932.1	RNU6-4P	snRNA	0	0	0	0.0000	0.0000	0.0000
ENSG00000206935.1	RNU6-514P	snRNA	0	0	0	0.0000	0.0000	0.0000
ENSG00000206936.1	RNU4-52P	snRNA	1	1	0	0.6154	0.1803	0.1736
ENSG00000206937.1	SNORA70B	snoRNA	0	0	0	0.0000	0.0000	0.0000
ENSG00000206938.1	RNU4-31P	snRNA	0	0	0	0.0000	0.0000	0.0000
ENSG00000206939.1	RNU6-281P	snRNA	0	0	0	0.0000	0.0000	0.0000
ENSG00000206941.1	SNORD15A	snoRNA	0	0	0	0.0000	0.0000	0.0000
ENSG00000206944.1	RNU6-708P	snRNA	0	0	0	0.0000	0.0000	0.0000
ENSG00000206947.1	SNORA20B	snoRNA	0	0	0	0.0000	0.0000	0.0000
ENSG00000206948.1	SNORA36A	snoRNA	0	0	0	0.0000	0.0000	0.0000
ENSG00000206949.1	RNU6-1324P	snRNA	1	1	0	0.7936	0.2325	0.2239
ENSG00000206950.1	Y_RNA	misc_RNA	0	0	0	0.0000	0.0000	0.0000
ENSG00000206951.1	Y_RNA	misc_RNA	0	0	0	0.0000	0.0000	0.0000
ENSG00000206952.3	SNORA50A	snoRNA	0	0	0	0.0000	0.0000	0.0000
ENSG00000206954.1	RNU6-1201P	snRNA	0	0	0	0.0000	0.0000	0.0000
ENSG00000206957.2	Y_RNA	misc_RNA	0	0	0	0.0000	0.0000	0.0000
ENSG00000206958.1	SNORA70	snoRNA	0	0	0	0.0000	0.0000	0.0000
ENSG00000206959.1	Y_RNA	misc_RNA	0	0	0	0.0000	0.0000	0.0000
ENSG00000206960.1	RNU6-793P	snRNA	0	0	0	0.0000	0.0000	0.0000
ENSG00000206961.1	AC009967.1	snoRNA	0	0	0	0.0000	0.0000	0.0000
ENSG00000206962.1	RNU6-74P	snRNA	0	0	0	0.0000	0.0000	0.0000
ENSG00000206963.1	RNU6-675P	snRNA	0	0	0	0.0000	0.0000	0.0000
ENSG00000206964.1	Y_RNA	misc_RNA	0	0	0	0.0000	0.0000	0.0000
ENSG00000206965.1	RNU6-5P	snRNA	3	1	2	2.3809	0.6974	0.6716
ENSG00000206967.1	Y_RNA	misc_RNA	0	0	0	0.0000	0.0000	0.0000
ENSG00000206969.1	RNU6-1316P	snRNA	0	0	0	0.0000	0.0000	0.0000
ENSG00000206970.1	RNU6-474P	snRNA	0	0	0	0.0000	0.0000	0.0000
ENSG00000206972.1	RNU6-17P	snRNA	0	0	0	0.0000	0.0000	0.0000
ENSG00000206973.1	RNU6-1145P	snRNA	0	0	0	0.0000	0.0000	0.0000
ENSG00000206974.1	RNU6-1144P	snRNA	0	0	0	0.0000	0.0000	0.0000
ENSG00000206975.1	RNU6-13P	snRNA	0	0	0	0.0000	0.0000	0.0000
ENSG00000206976.1	AC087441.1	snoRNA	0	0	0	0.0000	0.0000	0.0000
ENSG00000206977.1	AL365205.2	snoRNA	1	0	1	0.6066	0.1777	0.1711
ENSG00000206978.1	Y_RNA	misc_RNA	0	0	0	0.0000	0.0000	0.0000
ENSG00000206979.1	SNORD61	snoRNA	0	0	0	0.0000	0.0000	0.0000
ENSG00000206980.1	RNU6-662P	snRNA	0	0	0	0.0000	0.0000	0.0000
ENSG00000206981.1	RNU6-40P	snRNA	0	0	0	0.0000	0.0000	0.0000
ENSG00000206982.1	Y_RNA	misc_RNA	0	0	0	0.0000	0.0000	0.0000
ENSG00000206983.1	RNU6-49P	snRNA	0	0	0	0.0000	0.0000	0.0000
ENSG00000206985.1	RNU6-198P	snRNA	0	0	0	0.0000	0.0000	0.0000
ENSG00000206987.1	U8	snoRNA	0	0	0	0.0000	0.0000	0.0000
ENSG00000206989.1	SNORD63	snoRNA	0	0	0	0.0000	0.0000	0.0000
ENSG00000206990.1	Y_RNA	misc_RNA	0	0	0	0.0000	0.0000	0.0000
ENSG00000206991.1	RNU6-610P	snRNA	0	0	0	0.0000	0.0000	0.0000
ENSG00000206992.1	RNU6-574P	snRNA	1	0	1	0.7936	0.2325	0.2239
ENSG00000206995.1	Y_RNA	misc_RNA	0	0	0	0.0000	0.0000	0.0000
ENSG00000206996.1	RNU6-842P	snRNA	0	0	0	0.0000	0.0000	0.0000
ENSG00000206997.1	RNU6-524P	snRNA	0	0	0	0.0000	0.0000	0.0000
ENSG00000206998.1	Y_RNA	misc_RNA	0	0	0	0.0000	0.0000	0.0000
ENSG00000206999.1	RNU6-622P	snRNA	0	0	0	0.0000	0.0000	0.0000
ENSG00000207000.1	RNU6-820P	snRNA	0	0	0	0.0000	0.0000	0.0000
ENSG00000207001.1	SNORD116-2	snoRNA	0	0	0	0.0000	0.0000	0.0000
ENSG00000207002.1	AC020634.1	snoRNA	2	2	0	1.2965	0.3798	0.3657
ENSG00000207003.1	RNU6-611P	snRNA	0	0	0	0.0000	0.0000	0.0000
ENSG00000207004.1	RNU6-301P	snRNA	1	1	0	0.7936	0.2325	0.2239
ENSG00000207005.1	RNU1-2	snRNA	0	0	0	0.0000	0.0000	0.0000
ENSG00000207007.1	RNU6-891P	snRNA	0	0	0	0.0000	0.0000	0.0000
ENSG00000207008.1	SNORA54	snoRNA	0	0	0	0.0000	0.0000	0.0000
ENSG00000207009.1	Y_RNA	misc_RNA	1	0	1	0.7720	0.2261	0.2177
ENSG00000207010.1	RNU6-318P	snRNA	0	0	0	0.0000	0.0000	0.0000
ENSG00000207011.1	RNY4P13	misc_RNA	0	0	0	0.0000	0.0000	0.0000
ENSG00000207012.2	RNU6-72P	snRNA	0	0	0	0.0000	0.0000	0.0000
ENSG00000207013.1	RNU6-804P	snRNA	0	0	0	0.0000	0.0000	0.0000
ENSG00000207014.1	SNORD116-3	snoRNA	0	0	0	0.0000	0.0000	0.0000
ENSG00000207016.1	SNORA36C	snoRNA	0	0	0	0.0000	0.0000	0.0000
ENSG00000207019.1	RNU6-167P	snRNA	0	0	0	0.0000	0.0000	0.0000
ENSG00000207020.1	Y_RNA	misc_RNA	0	0	0	0.0000	0.0000	0.0000
ENSG00000207021.1	Y_RNA	misc_RNA	0	0	0	0.0000	0.0000	0.0000
ENSG00000207022.1	AL162740.1	snoRNA	1	1	0	0.6848	0.2006	0.1932
ENSG00000207023.1	RNU6-975P	snRNA	0	0	0	0.0000	0.0000	0.0000
ENSG00000207024.1	Y_RNA	misc_RNA	0	0	0	0.0000	0.0000	0.0000
ENSG00000207025.1	Y_RNA	misc_RNA	0	0	0	0.0000	0.0000	0.0000
ENSG00000207026.1	RNU6-472P	snRNA	0	0	0	0.0000	0.0000	0.0000
ENSG00000207027.1	AC012119.1	snoRNA	0	0	0	0.0000	0.0000	0.0000
ENSG00000207029.1	RNU6-43P	snRNA	0	0	0	0.0000	0.0000	0.0000
ENSG00000207031.1	SNORD59A	snoRNA	0	0	0	0.0000	0.0000	0.0000
ENSG00000207032.1	Y_RNA	misc_RNA	0	0	0	0.0000	0.0000	0.0000
ENSG00000207033.1	RNU6-154P	snRNA	0	0	0	0.0000	0.0000	0.0000
ENSG00000207034.1	Y_RNA	misc_RNA	0	0	0	0.0000	0.0000	0.0000
ENSG00000207036.1	RNY3P14	misc_RNA	0	0	0	0.0000	0.0000	0.0000
ENSG00000207037.1	RNU6-339P	snRNA	0	0	0	0.0000	0.0000	0.0000
ENSG00000207039.1	Y_RNA	misc_RNA	0	0	0	0.0000	0.0000	0.0000
ENSG00000207041.1	RNU6-3P	snRNA	0	0	0	0.0000	0.0000	0.0000
ENSG00000207042.1	RNU6-196P	snRNA	1	1	0	0.7936	0.2325	0.2239
ENSG00000207044.1	RNU6-1226P	snRNA	0	0	0	0.0000	0.0000	0.0000
ENSG00000207045.1	RNU6-532P	snRNA	0	0	0	0.0000	0.0000	0.0000
ENSG00000207046.1	RNU6-886P	snRNA	0	0	0	0.0000	0.0000	0.0000
ENSG00000207047.2	SNORD51	snoRNA	0	0	0	0.0000	0.0000	0.0000
ENSG00000207049.1	Y_RNA	misc_RNA	0	0	0	0.0000	0.0000	0.0000
ENSG00000207051.1	SNORA27	snoRNA	0	0	0	0.0000	0.0000	0.0000
ENSG00000207052.1	RNU6-378P	snRNA	0	0	0	0.0000	0.0000	0.0000
ENSG00000207053.1	RNU6-937P	snRNA	0	0	0	0.0000	0.0000	0.0000
ENSG00000207056.1	RNU1-8P	snRNA	0	0	0	0.0000	0.0000	0.0000
ENSG00000207058.1	RNU6-784P	snRNA	0	0	0	0.0000	0.0000	0.0000
ENSG00000207060.1	RNU6-480P	snRNA	0	0	0	0.0000	0.0000	0.0000
ENSG00000207061.1	Y_RNA	misc_RNA	0	0	0	0.0000	0.0000	0.0000
ENSG00000207062.1	SNORA15B-1	snoRNA	0	0	0	0.0000	0.0000	0.0000
ENSG00000207063.1	SNORD116-1	snoRNA	0	0	0	0.0000	0.0000	0.0000
ENSG00000207065.1	RNU5A-2P	snRNA	0	0	0	0.0000	0.0000	0.0000
ENSG00000207067.1	SNORA72	snoRNA	0	1	2	0.0000	0.0000	0.0000
ENSG00000207068.1	RNU6-463P	snRNA	0	0	0	0.0000	0.0000	0.0000
ENSG00000207069.1	Y_RNA	misc_RNA	0	0	0	0.0000	0.0000	0.0000
ENSG00000207071.1	RNU6-1207P	snRNA	0	0	0	0.0000	0.0000	0.0000
ENSG00000207072.1	RNU6-39P	snRNA	0	0	0	0.0000	0.0000	0.0000
ENSG00000207073.1	Y_RNA	misc_RNA	0	0	0	0.0000	0.0000	0.0000
ENSG00000207075.1	Y_RNA	misc_RNA	0	0	0	0.0000	0.0000	0.0000
ENSG00000207076.1	RNU6-1113P	snRNA	0	0	0	0.0000	0.0000	0.0000
ENSG00000207077.1	RNU6-1119P	snRNA	0	0	0	0.0000	0.0000	0.0000
ENSG00000207080.2	Y_RNA	misc_RNA	0	0	0	0.0000	0.0000	0.0000
ENSG00000207081.1	RNU6-616P	snRNA	0	0	0	0.0000	0.0000	0.0000
ENSG00000207082.1	RNU6-171P	snRNA	0	0	0	0.0000	0.0000	0.0000
ENSG00000207083.1	RNU6-22P	snRNA	0	0	0	0.0000	0.0000	0.0000
ENSG00000207084.1	SNORA72	snoRNA	0	0	0	0.0000	0.0000	0.0000
ENSG00000207086.1	Y_RNA	misc_RNA	0	0	0	0.0000	0.0000	0.0000
ENSG00000207087.1	RNU6-242P	snRNA	0	0	0	0.0000	0.0000	0.0000
ENSG00000207088.1	SNORA7B	snoRNA	0	0	0	0.0000	0.0000	0.0000
ENSG00000207089.1	RNU6-921P	snRNA	0	0	0	0.0000	0.0000	0.0000
ENSG00000207090.1	RNU6-517P	snRNA	0	0	0	0.0000	0.0000	0.0000
ENSG00000207091.1	Y_RNA	misc_RNA	0	0	0	0.0000	0.0000	0.0000
ENSG00000207092.1	Y_RNA	misc_RNA	0	0	0	0.0000	0.0000	0.0000
ENSG00000207093.1	SNORD116-8	snoRNA	0	0	0	0.0000	0.0000	0.0000
ENSG00000207094.1	AC002069.1	snoRNA	0	0	0	0.0000	0.0000	0.0000
ENSG00000207095.1	RNU6-424P	snRNA	0	0	0	0.0000	0.0000	0.0000
ENSG00000207097.1	RNU6-614P	snRNA	0	0	0	0.0000	0.0000	0.0000
ENSG00000207098.1	SNORA70	snoRNA	0	0	0	0.0000	0.0000	0.0000
ENSG00000207099.1	RNU6-166P	snRNA	0	0	0	0.0000	0.0000	0.0000
ENSG00000207100.1	Z77249.1	snoRNA	0	0	0	0.0000	0.0000	0.0000
ENSG00000207101.1	Y_RNA	misc_RNA	0	0	0	0.0000	0.0000	0.0000
ENSG00000207104.1	RNU6-434P	snRNA	0	0	0	0.0000	0.0000	0.0000
ENSG00000207105.1	Y_RNA	misc_RNA	0	0	0	0.0000	0.0000	0.0000
ENSG00000207108.1	Y_RNA	misc_RNA	0	0	0	0.0000	0.0000	0.0000
ENSG00000207109.1	SNORD38C	snoRNA	0	0	0	0.0000	0.0000	0.0000
ENSG00000207110.1	RNVU1-32	snRNA	0	0	0	0.0000	0.0000	0.0000
ENSG00000207112.1	SNORA25	snoRNA	0	0	0	0.0000	0.0000	0.0000
ENSG00000207113.1	RNU6-16P	snRNA	0	0	0	0.0000	0.0000	0.0000
ENSG00000207114.1	RNU6-348P	snRNA	0	0	0	0.0000	0.0000	0.0000
ENSG00000207115.1	RNU6-364P	snRNA	0	0	0	0.0000	0.0000	0.0000
ENSG00000207116.1	RNU6-31P	snRNA	0	0	0	0.0000	0.0000	0.0000
ENSG00000207117.1	Y_RNA	misc_RNA	0	0	0	0.0000	0.0000	0.0000
ENSG00000207118.1	SNORD14D	snoRNA	0	0	0	0.0000	0.0000	0.0000
ENSG00000207119.2	U3	snoRNA	0	0	0	0.0000	0.0000	0.0000
ENSG00000207121.1	RNU6-1230P	snRNA	0	0	0	0.0000	0.0000	0.0000
ENSG00000207122.1	RNU6-591P	snRNA	0	0	0	0.0000	0.0000	0.0000
ENSG00000207123.1	Y_RNA	misc_RNA	0	0	0	0.0000	0.0000	0.0000
ENSG00000207124.1	RNU6-163P	snRNA	0	0	0	0.0000	0.0000	0.0000
ENSG00000207127.1	Y_RNA	misc_RNA	0	0	0	0.0000	0.0000	0.0000
ENSG00000207128.1	RNU6-729P	snRNA	0	0	0	0.0000	0.0000	0.0000
ENSG00000207129.1	RNA5SP187	rRNA_pseudogene	0	3	0	0.0000	0.0000	0.0000
ENSG00000207130.1	AC079945.1	snoRNA	0	0	0	0.0000	0.0000	0.0000
ENSG00000207131.1	Y_RNA	misc_RNA	0	0	0	0.0000	0.0000	0.0000
ENSG00000207132.1	Y_RNA	misc_RNA	0	0	0	0.0000	0.0000	0.0000
ENSG00000207133.1	SNORD116-7	snoRNA	0	0	0	0.0000	0.0000	0.0000
ENSG00000207134.1	RNU6-106P	snRNA	0	0	0	0.0000	0.0000	0.0000
ENSG00000207135.1	RNU6-452P	snRNA	0	0	0	0.0000	0.0000	0.0000
ENSG00000207136.1	RNU6-769P	snRNA	0	0	0	0.0000	0.0000	0.0000
ENSG00000207137.1	SNORD116-13	snoRNA	0	0	0	0.0000	0.0000	0.0000
ENSG00000207138.1	RNU6-869P	snRNA	0	0	0	0.0000	0.0000	0.0000
ENSG00000207139.1	Y_RNA	misc_RNA	0	0	0	0.0000	0.0000	0.0000
ENSG00000207142.1	Y_RNA	misc_RNA	0	0	0	0.0000	0.0000	0.0000
ENSG00000207144.1	RNU6-1297P	snRNA	0	0	0	0.0000	0.0000	0.0000
ENSG00000207145.1	SNORA18	snoRNA	0	0	0	0.0000	0.0000	0.0000
ENSG00000207146.1	Y_RNA	misc_RNA	0	0	0	0.0000	0.0000	0.0000
ENSG00000207147.1	AF064863.1	snoRNA	0	0	0	0.0000	0.0000	0.0000
ENSG00000207148.1	Y_RNA	misc_RNA	0	0	0	0.0000	0.0000	0.0000
ENSG00000207149.1	RNU6-465P	snRNA	0	0	0	0.0000	0.0000	0.0000
ENSG00000207150.1	RNU6-185P	snRNA	0	0	0	0.0000	0.0000	0.0000
ENSG00000207151.1	Y_RNA	misc_RNA	2	1	1	1.6651	0.4877	0.4697
ENSG00000207153.1	RNU6-933P	snRNA	0	0	0	0.0000	0.0000	0.0000
ENSG00000207154.1	RNU1-46P	snRNA	0	0	0	0.0000	0.0000	0.0000
ENSG00000207155.1	RNY1P14	misc_RNA	0	0	0	0.0000	0.0000	0.0000
ENSG00000207156.1	RNU6-505P	snRNA	0	0	0	0.0000	0.0000	0.0000
ENSG00000207157.1	RNY3P4	misc_RNA	0	0	0	0.0000	0.0000	0.0000
ENSG00000207158.1	RNU6-929P	snRNA	0	0	0	0.0000	0.0000	0.0000
ENSG00000207160.1	RNU6-1289P	snRNA	0	0	0	0.0000	0.0000	0.0000
ENSG00000207161.1	Y_RNA	misc_RNA	0	0	0	0.0000	0.0000	0.0000
ENSG00000207162.1	RNU6-549P	snRNA	1	1	0	0.7936	0.2325	0.2239
ENSG00000207163.1	RNU6-905P	snRNA	0	0	0	0.0000	0.0000	0.0000
ENSG00000207164.1	Y_RNA	misc_RNA	0	0	0	0.0000	0.0000	0.0000
ENSG00000207165.1	SNORA70	snoRNA	0	0	0	0.0000	0.0000	0.0000
ENSG00000207166.1	SNORA68	snoRNA	0	0	0	0.0000	0.0000	0.0000
ENSG00000207167.1	RNU6-1340P	snRNA	0	0	0	0.0000	0.0000	0.0000
ENSG00000207168.1	SNORA15	snoRNA	0	0	0	0.0000	0.0000	0.0000
ENSG00000207169.1	RNU6-24P	snRNA	0	0	0	0.0000	0.0000	0.0000
ENSG00000207170.1	RNU6-1215P	snRNA	0	0	0	0.0000	0.0000	0.0000
ENSG00000207171.1	AC079926.1	snoRNA	1	0	1	0.6482	0.1899	0.1828
ENSG00000207172.1	RNU6-1162P	snRNA	0	0	0	0.0000	0.0000	0.0000
ENSG00000207173.1	Y_RNA	misc_RNA	0	0	0	0.0000	0.0000	0.0000
ENSG00000207174.1	SNORD116-15	snoRNA	0	0	0	0.0000	0.0000	0.0000
ENSG00000207175.1	RNU1-67P	snRNA	1	1	0	0.5178	0.1517	0.1461
ENSG00000207176.1	Y_RNA	misc_RNA	0	0	0	0.0000	0.0000	0.0000
ENSG00000207177.1	AC008650.1	snoRNA	0	0	0	0.0000	0.0000	0.0000
ENSG00000207178.1	RNU6-1122P	snRNA	0	0	0	0.0000	0.0000	0.0000
ENSG00000207180.1	RNU6-411P	snRNA	0	0	0	0.0000	0.0000	0.0000
ENSG00000207181.1	SNORA14B	snoRNA	0	0	0	0.0000	0.0000	0.0000
ENSG00000207182.1	RNU1-44P	snRNA	0	0	0	0.0000	0.0000	0.0000
ENSG00000207183.1	RNU6-843P	snRNA	0	0	0	0.0000	0.0000	0.0000
ENSG00000207185.1	RNU6-1157P	snRNA	1	1	0	0.8011	0.2347	0.2260
ENSG00000207186.1	RNA5SP122	rRNA_pseudogene	0	0	0	0.0000	0.0000	0.0000
ENSG00000207187.1	SNORA10B	snoRNA	0	0	0	0.0000	0.0000	0.0000
ENSG00000207189.1	Y_RNA	misc_RNA	0	0	0	0.0000	0.0000	0.0000
ENSG00000207190.1	RNU6-809P	snRNA	0	0	0	0.0000	0.0000	0.0000
ENSG00000207191.1	SNORD116-5	snoRNA	0	0	0	0.0000	0.0000	0.0000
ENSG00000207192.1	RNU6-649P	snRNA	0	0	0	0.0000	0.0000	0.0000
ENSG00000207193.1	Y_RNA	misc_RNA	0	0	0	0.0000	0.0000	0.0000
ENSG00000207194.1	RNU6-1026P	snRNA	0	0	0	0.0000	0.0000	0.0000
ENSG00000207195.1	Y_RNA	misc_RNA	0	0	0	0.0000	0.0000	0.0000
ENSG00000207196.1	Y_RNA	misc_RNA	0	0	0	0.0000	0.0000	0.0000
ENSG00000207197.1	SNORD116-12	snoRNA	0	0	0	0.0000	0.0000	0.0000
ENSG00000207198.1	RNU6-1195P	snRNA	0	0	0	0.0000	0.0000	0.0000
ENSG00000207199.1	SNORD38D	snoRNA	0	0	0	0.0000	0.0000	0.0000
ENSG00000207200.1	RNU6-45P	snRNA	3	2	1	2.3809	0.6974	0.6716
ENSG00000207201.1	RNU1-148P	snRNA	0	0	0	0.0000	0.0000	0.0000
ENSG00000207202.1	RNU6-800P	snRNA	0	0	0	0.0000	0.0000	0.0000
ENSG00000207203.1	RNU6-71P	snRNA	0	0	0	0.0000	0.0000	0.0000
ENSG00000207204.1	RNU6-393P	snRNA	0	0	0	0.0000	0.0000	0.0000
ENSG00000207205.1	RNVU1-15	snRNA	1	0	1	0.5147	0.1508	0.1452
ENSG00000207206.1	RNU6-1035P	snRNA	1	1	0	0.7936	0.2325	0.2239
ENSG00000207207.1	Y_RNA	misc_RNA	0	0	0	0.0000	0.0000	0.0000
ENSG00000207208.1	RNU6-790P	snRNA	0	0	0	0.0000	0.0000	0.0000
ENSG00000207209.1	Y_RNA	misc_RNA	0	0	0	0.0000	0.0000	0.0000
ENSG00000207210.1	Y_RNA	misc_RNA	0	0	0	0.0000	0.0000	0.0000
ENSG00000207214.1	RNU6-102P	snRNA	0	0	0	0.0000	0.0000	0.0000
ENSG00000207215.2	SNORD3H	snoRNA	0	0	1	0.0000	0.0000	0.0000
ENSG00000207217.1	SNORA80D	snoRNA	0	0	0	0.0000	0.0000	0.0000
ENSG00000207218.1	Y_RNA	misc_RNA	0	0	0	0.0000	0.0000	0.0000
ENSG00000207220.1	RNU1-57P	snRNA	0	0	0	0.0000	0.0000	0.0000
ENSG00000207221.1	SNORA70E	snoRNA	0	0	0	0.0000	0.0000	0.0000
ENSG00000207222.1	RNU6-456P	snRNA	0	0	0	0.0000	0.0000	0.0000
ENSG00000207223.1	Y_RNA	misc_RNA	1	0	1	0.8326	0.2439	0.2348
ENSG00000207225.1	RNU6-692P	snRNA	0	0	0	0.0000	0.0000	0.0000
ENSG00000207227.1	RNU6-900P	snRNA	0	0	0	0.0000	0.0000	0.0000
ENSG00000207229.1	Y_RNA	misc_RNA	0	0	0	0.0000	0.0000	0.0000
ENSG00000207231.1	Y_RNA	misc_RNA	0	0	0	0.0000	0.0000	0.0000
ENSG00000207233.1	SNORA37	snoRNA	0	0	0	0.0000	0.0000	0.0000
ENSG00000207234.1	RNU6-125P	snRNA	0	0	0	0.0000	0.0000	0.0000
ENSG00000207235.1	Y_RNA	misc_RNA	0	0	0	0.0000	0.0000	0.0000
ENSG00000207237.1	RNU6-110P	snRNA	0	0	0	0.0000	0.0000	0.0000
ENSG00000207240.1	Y_RNA	misc_RNA	0	0	0	0.0000	0.0000	0.0000
ENSG00000207241.1	SNORD45A	snoRNA	0	0	0	0.0000	0.0000	0.0000
ENSG00000207242.1	RNU6-1065P	snRNA	0	0	0	0.0000	0.0000	0.0000
ENSG00000207243.1	Y_RNA	misc_RNA	0	0	0	0.0000	0.0000	0.0000
ENSG00000207244.1	SNORA70	snoRNA	0	0	0	0.0000	0.0000	0.0000
ENSG00000207245.1	SNORD116-29	snoRNA	0	0	0	0.0000	0.0000	0.0000
ENSG00000207247.1	Y_RNA	misc_RNA	0	0	0	0.0000	0.0000	0.0000
ENSG00000207248.1	RNU6-1005P	snRNA	0	0	0	0.0000	0.0000	0.0000
ENSG00000207249.1	SNORA72	snoRNA	0	0	0	0.0000	0.0000	0.0000
ENSG00000207251.1	RNU6-342P	snRNA	0	0	0	0.0000	0.0000	0.0000
ENSG00000207252.1	Y_RNA	misc_RNA	0	0	0	0.0000	0.0000	0.0000
ENSG00000207255.1	RNU6-1117P	snRNA	0	0	0	0.0000	0.0000	0.0000
ENSG00000207256.1	RNU6-880P	snRNA	0	0	0	0.0000	0.0000	0.0000
ENSG00000207257.1	RNU6-18P	snRNA	0	0	0	0.0000	0.0000	0.0000
ENSG00000207258.1	Y_RNA	misc_RNA	1	1	0	0.7582	0.2221	0.2139
ENSG00000207260.1	RNU6-35P	snRNA	0	0	0	0.0000	0.0000	0.0000
ENSG00000207261.1	RNU6-738P	snRNA	0	0	0	0.0000	0.0000	0.0000
ENSG00000207263.1	SNORD116-16	snoRNA	0	0	0	0.0000	0.0000	0.0000
ENSG00000207264.1	RNU6-15P	snRNA	0	0	0	0.0000	0.0000	0.0000
ENSG00000207265.1	Y_RNA	misc_RNA	0	0	0	0.0000	0.0000	0.0000
ENSG00000207266.1	RNU6-1241P	snRNA	0	0	0	0.0000	0.0000	0.0000
ENSG00000207267.1	RNU6-1081P	snRNA	0	0	0	0.0000	0.0000	0.0000
ENSG00000207268.1	SNORA70C	snoRNA	0	0	0	0.0000	0.0000	0.0000
ENSG00000207269.1	RN7SKP62	misc_RNA	0	0	0	0.0000	0.0000	0.0000
ENSG00000207270.1	RNU6-601P	snRNA	0	0	0	0.0000	0.0000	0.0000
ENSG00000207271.1	Y_RNA	misc_RNA	0	0	0	0.0000	0.0000	0.0000
ENSG00000207274.1	SNORA70I	snoRNA	0	0	0	0.0000	0.0000	0.0000
ENSG00000207275.1	RNU6-441P	snRNA	0	0	0	0.0000	0.0000	0.0000
ENSG00000207276.1	RNU6-1160P	snRNA	0	0	0	0.0000	0.0000	0.0000
ENSG00000207277.1	RNA5SP284	rRNA_pseudogene	0	0	0	0.0000	0.0000	0.0000
ENSG00000207278.1	RNU6-831P	snRNA	0	0	0	0.0000	0.0000	0.0000
ENSG00000207279.1	SNORD116-24	snoRNA	0	0	0	0.0000	0.0000	0.0000
ENSG00000207280.1	SNORD20	snoRNA	0	0	0	0.0000	0.0000	0.0000
ENSG00000207281.1	Y_RNA	misc_RNA	0	0	0	0.0000	0.0000	0.0000
ENSG00000207282.1	Y_RNA	misc_RNA	0	0	0	0.0000	0.0000	0.0000
ENSG00000207283.1	Y_RNA	misc_RNA	0	0	0	0.0000	0.0000	0.0000
ENSG00000207286.1	Y_RNA	misc_RNA	0	0	0	0.0000	0.0000	0.0000
ENSG00000207287.1	RNU6-1274P	snRNA	0	0	0	0.0000	0.0000	0.0000
ENSG00000207289.1	RNU6-1235P	snRNA	0	0	0	0.0000	0.0000	0.0000
ENSG00000207290.1	Y_RNA	misc_RNA	0	0	0	0.0000	0.0000	0.0000
ENSG00000207291.1	RNU6-30P	snRNA	9	3	6	7.1428	2.0923	2.0147
ENSG00000207292.1	Y_RNA	misc_RNA	0	0	0	0.0000	0.0000	0.0000
ENSG00000207293.1	Y_RNA	misc_RNA	1	1	0	0.8326	0.2439	0.2348
ENSG00000207294.1	Y_RNA	misc_RNA	0	0	0	0.0000	0.0000	0.0000
ENSG00000207295.1	RNU6-851P	snRNA	0	0	0	0.0000	0.0000	0.0000
ENSG00000207296.1	RNU6-140P	snRNA	0	0	0	0.0000	0.0000	0.0000
ENSG00000207297.1	SNORD7	snoRNA	0	0	0	0.0000	0.0000	0.0000
ENSG00000207298.1	RNU6-83P	snRNA	0	0	0	0.0000	0.0000	0.0000
ENSG00000207299.1	AP000648.1	snoRNA	0	0	0	0.0000	0.0000	0.0000
ENSG00000207300.1	Y_RNA	misc_RNA	0	0	0	0.0000	0.0000	0.0000
ENSG00000207302.1	Y_RNA	misc_RNA	0	0	0	0.0000	0.0000	0.0000
ENSG00000207303.1	Y_RNA	misc_RNA	0	0	0	0.0000	0.0000	0.0000
ENSG00000207304.1	SNORA8	snoRNA	0	0	0	0.0000	0.0000	0.0000
ENSG00000207305.1	Y_RNA	misc_RNA	0	0	0	0.0000	0.0000	0.0000
ENSG00000207306.1	RNU6-1152P	snRNA	1	0	1	0.7936	0.2325	0.2239
ENSG00000207307.1	RNU6-145P	snRNA	0	0	0	0.0000	0.0000	0.0000
ENSG00000207308.1	RNU6-878P	snRNA	0	0	0	0.0000	0.0000	0.0000
ENSG00000207309.1	RNU4-70P	snRNA	0	0	0	0.0000	0.0000	0.0000
ENSG00000207310.1	RNU6-1127P	snRNA	0	0	0	0.0000	0.0000	0.0000
ENSG00000207312.1	RNU6-429P	snRNA	0	0	0	0.0000	0.0000	0.0000
ENSG00000207313.1	SNORA2B	snoRNA	0	0	0	0.0000	0.0000	0.0000
ENSG00000207316.1	Y_RNA	misc_RNA	0	0	0	0.0000	0.0000	0.0000
ENSG00000207317.1	Y_RNA	misc_RNA	0	0	0	0.0000	0.0000	0.0000
ENSG00000207318.1	RNU6-1184P	snRNA	0	0	0	0.0000	0.0000	0.0000
ENSG00000207319.1	Y_RNA	misc_RNA	0	0	0	0.0000	0.0000	0.0000
ENSG00000207320.1	Y_RNA	misc_RNA	0	0	0	0.0000	0.0000	0.0000
ENSG00000207321.1	RNU6-160P	snRNA	0	0	0	0.0000	0.0000	0.0000
ENSG00000207322.1	RNU1-89P	snRNA	1	1	0	0.5178	0.1517	0.1461
ENSG00000207323.1	RNU6-901P	snRNA	0	0	0	0.0000	0.0000	0.0000
ENSG00000207325.1	RNY1P4	misc_RNA	1	1	0	0.7384	0.2163	0.2083
ENSG00000207326.1	Y_RNA	misc_RNA	0	0	0	0.0000	0.0000	0.0000
ENSG00000207327.1	RNU6-883P	snRNA	1	1	0	0.7936	0.2325	0.2239
ENSG00000207328.1	RNU6-636P	snRNA	0	0	0	0.0000	0.0000	0.0000
ENSG00000207329.1	Y_RNA	misc_RNA	0	0	0	0.0000	0.0000	0.0000
ENSG00000207330.1	RNU6-73P	snRNA	0	0	0	0.0000	0.0000	0.0000
ENSG00000207331.1	RNU6-1263P	snRNA	0	0	0	0.0000	0.0000	0.0000
ENSG00000207332.1	RNU6-146P	snRNA	0	0	0	0.0000	0.0000	0.0000
ENSG00000207333.1	RNU6-680P	snRNA	0	0	0	0.0000	0.0000	0.0000
ENSG00000207334.1	RNU6-12P	snRNA	0	0	0	0.0000	0.0000	0.0000
ENSG00000207336.1	RNU6-658P	snRNA	0	0	0	0.0000	0.0000	0.0000
ENSG00000207338.1	RNU6-296P	snRNA	0	0	0	0.0000	0.0000	0.0000
ENSG00000207340.1	RNVU1-1	snRNA	1	1	0	0.5178	0.1517	0.1461
ENSG00000207341.1	RNA5SP64	rRNA_pseudogene	0	0	0	0.0000	0.0000	0.0000
ENSG00000207342.1	Y_RNA	misc_RNA	3	2	1	2.5733	0.7538	0.7258
ENSG00000207343.1	RNU6-225P	snRNA	0	0	0	0.0000	0.0000	0.0000
ENSG00000207344.1	SNORA22C	snoRNA	0	0	0	0.0000	0.0000	0.0000
ENSG00000207345.1	RNU6-1222P	snRNA	0	0	0	0.0000	0.0000	0.0000
ENSG00000207347.1	RNU6-306P	snRNA	0	0	0	0.0000	0.0000	0.0000
ENSG00000207349.1	RNVU1-17	snRNA	0	0	0	0.0000	0.0000	0.0000
ENSG00000207351.1	Y_RNA	misc_RNA	0	1	0	0.0000	0.0000	0.0000
ENSG00000207352.1	RNU6-540P	snRNA	0	0	0	0.0000	0.0000	0.0000
ENSG00000207355.1	RNU6-1257P	snRNA	0	0	0	0.0000	0.0000	0.0000
ENSG00000207356.1	Y_RNA	misc_RNA	0	0	0	0.0000	0.0000	0.0000
ENSG00000207357.1	RNU6-2	snRNA	0	0	0	0.0000	0.0000	0.0000
ENSG00000207359.1	RNU6-925P	snRNA	2	1	1	1.6331	0.4784	0.4606
ENSG00000207360.1	RNU6-14P	snRNA	0	0	0	0.0000	0.0000	0.0000
ENSG00000207361.1	RNU6-178P	snRNA	0	0	1	0.0000	0.0000	0.0000
ENSG00000207362.1	RNU6-422P	snRNA	0	0	0	0.0000	0.0000	0.0000
ENSG00000207363.1	Y_RNA	misc_RNA	0	0	0	0.0000	0.0000	0.0000
ENSG00000207364.1	RNU6-939P	snRNA	0	0	0	0.0000	0.0000	0.0000
ENSG00000207365.1	Y_RNA	misc_RNA	0	0	0	0.0000	0.0000	0.0000
ENSG00000207366.1	RNU6-297P	snRNA	0	0	0	0.0000	0.0000	0.0000
ENSG00000207367.1	RNU6-29P	snRNA	0	0	0	0.0000	0.0000	0.0000
ENSG00000207368.1	Y_RNA	misc_RNA	0	0	0	0.0000	0.0000	0.0000
ENSG00000207369.1	RNU6-665P	snRNA	0	0	0	0.0000	0.0000	0.0000
ENSG00000207370.1	Y_RNA	misc_RNA	3	3	0	2.2545	0.6604	0.6359
ENSG00000207371.1	Y_RNA	misc_RNA	0	0	0	0.0000	0.0000	0.0000
ENSG00000207375.1	SNORD116-23	snoRNA	0	0	0	0.0000	0.0000	0.0000
ENSG00000207378.1	RNU6-748P	snRNA	1	1	0	0.7936	0.2325	0.2239
ENSG00000207379.1	Y_RNA	misc_RNA	0	0	0	0.0000	0.0000	0.0000
ENSG00000207380.1	Y_RNA	misc_RNA	0	0	0	0.0000	0.0000	0.0000
ENSG00000207381.1	RNU6-950P	snRNA	0	0	0	0.0000	0.0000	0.0000
ENSG00000207382.1	Y_RNA	misc_RNA	0	0	0	0.0000	0.0000	0.0000
ENSG00000207383.1	Y_RNA	misc_RNA	0	10	14	0.0000	0.0000	0.0000
ENSG00000207384.1	Y_RNA	misc_RNA	0	0	0	0.0000	0.0000	0.0000
ENSG00000207385.1	RNU6-310P	snRNA	0	0	0	0.0000	0.0000	0.0000
ENSG00000207386.1	Y_RNA	misc_RNA	0	0	0	0.0000	0.0000	0.0000
ENSG00000207387.1	Y_RNA	misc_RNA	0	0	0	0.0000	0.0000	0.0000
ENSG00000207389.1	RNU1-4	snRNA	0	0	0	0.0000	0.0000	0.0000
ENSG00000207391.1	Y_RNA	misc_RNA	0	0	0	0.0000	0.0000	0.0000
ENSG00000207392.1	SNORA20	snoRNA	1	1	0	0.6433	0.1884	0.1815
ENSG00000207393.1	RNU6-136P	snRNA	0	0	0	0.0000	0.0000	0.0000
ENSG00000207394.1	RNU6-1060P	snRNA	0	0	0	0.0000	0.0000	0.0000
ENSG00000207395.1	Y_RNA	misc_RNA	0	0	0	0.0000	0.0000	0.0000
ENSG00000207397.1	RNU6-1179P	snRNA	0	0	0	0.0000	0.0000	0.0000
ENSG00000207399.1	RNU6-1011P	snRNA	2	2	0	1.5873	0.4649	0.4477
ENSG00000207401.1	Y_RNA	misc_RNA	0	0	0	0.0000	0.0000	0.0000
ENSG00000207402.1	RNU6-959P	snRNA	0	0	0	0.0000	0.0000	0.0000
ENSG00000207403.1	Y_RNA	misc_RNA	0	0	0	0.0000	0.0000	0.0000
ENSG00000207404.1	Y_RNA	misc_RNA	0	0	0	0.0000	0.0000	0.0000
ENSG00000207405.1	SNORA64	snoRNA	0	0	0	0.0000	0.0000	0.0000
ENSG00000207406.1	SNORA41	snoRNA	0	0	0	0.0000	0.0000	0.0000
ENSG00000207407.1	AC023950.1	snoRNA	0	0	0	0.0000	0.0000	0.0000
ENSG00000207408.1	Y_RNA	misc_RNA	0	0	0	0.0000	0.0000	0.0000
ENSG00000207410.1	AC007448.1	snoRNA	0	0	0	0.0000	0.0000	0.0000
ENSG00000207411.1	Y_RNA	misc_RNA	0	0	0	0.0000	0.0000	0.0000
ENSG00000207412.1	RNU6-455P	snRNA	0	0	0	0.0000	0.0000	0.0000
ENSG00000207414.1	RNU6-768P	snRNA	0	0	0	0.0000	0.0000	0.0000
ENSG00000207415.1	RNU6-1151P	snRNA	0	0	0	0.0000	0.0000	0.0000
ENSG00000207416.1	Y_RNA	misc_RNA	0	0	0	0.0000	0.0000	0.0000
ENSG00000207417.1	Y_RNA	misc_RNA	0	0	0	0.0000	0.0000	0.0000
ENSG00000207419.1	AL022724.1	snoRNA	0	0	0	0.0000	0.0000	0.0000
ENSG00000207420.1	Y_RNA	misc_RNA	0	0	0	0.0000	0.0000	0.0000
ENSG00000207421.1	SNORD38B	snoRNA	0	0	0	0.0000	0.0000	0.0000
ENSG00000207422.1	RNU6-813P	snRNA	0	0	0	0.0000	0.0000	0.0000
ENSG00000207425.1	Y_RNA	misc_RNA	18	12	6	15.2857	4.4774	4.3114
ENSG00000207426.1	Y_RNA	misc_RNA	0	0	0	0.0000	0.0000	0.0000
ENSG00000207428.1	RNU6-95P	snRNA	0	0	0	0.0000	0.0000	0.0000
ENSG00000207430.1	U8	snoRNA	0	0	0	0.0000	0.0000	0.0000
ENSG00000207431.2	RNU6-906P	snRNA	0	0	0	0.0000	0.0000	0.0000
ENSG00000207432.1	U8	snoRNA	0	0	0	0.0000	0.0000	0.0000
ENSG00000207433.1	RNU6-246P	snRNA	0	0	0	0.0000	0.0000	0.0000
ENSG00000207434.1	RNU6-1072P	snRNA	0	0	0	0.0000	0.0000	0.0000
ENSG00000207435.1	RNU6-114P	snRNA	0	0	0	0.0000	0.0000	0.0000
ENSG00000207438.1	Y_RNA	misc_RNA	0	0	0	0.0000	0.0000	0.0000
ENSG00000207439.1	Y_RNA	misc_RNA	0	0	0	0.0000	0.0000	0.0000
ENSG00000207440.1	RNU6-541P	snRNA	0	0	0	0.0000	0.0000	0.0000
ENSG00000207441.1	RNU6-21P	snRNA	0	0	0	0.0000	0.0000	0.0000
ENSG00000207442.1	SNORD116-6	snoRNA	0	0	0	0.0000	0.0000	0.0000
ENSG00000207443.1	RNU6-417P	snRNA	0	0	0	0.0000	0.0000	0.0000
ENSG00000207444.1	SNORD56B	snoRNA	0	0	0	0.0000	0.0000	0.0000
ENSG00000207445.1	SNORD15B	snoRNA	1	0	1	0.5816	0.1704	0.1641
ENSG00000207448.1	RNU6-520P	snRNA	0	0	0	0.0000	0.0000	0.0000
ENSG00000207449.1	RNU6-19P	snRNA	0	0	0	0.0000	0.0000	0.0000
ENSG00000207450.1	Y_RNA	misc_RNA	0	0	0	0.0000	0.0000	0.0000
ENSG00000207451.1	RNU6-291P	snRNA	0	0	0	0.0000	0.0000	0.0000
ENSG00000207452.1	RNU6-606P	snRNA	0	0	0	0.0000	0.0000	0.0000
ENSG00000207453.1	RNU6-535P	snRNA	0	0	0	0.0000	0.0000	0.0000
ENSG00000207454.1	RNU6-1104P	snRNA	0	0	0	0.0000	0.0000	0.0000
ENSG00000207455.1	RNU6-331P	snRNA	0	0	0	0.0000	0.0000	0.0000
ENSG00000207456.1	RNU6-997P	snRNA	0	0	0	0.0000	0.0000	0.0000
ENSG00000207457.1	RNU6-476P	snRNA	1	0	1	0.7936	0.2325	0.2239
ENSG00000207458.1	RNY3P9	misc_RNA	0	0	0	0.0000	0.0000	0.0000
ENSG00000207459.1	RNU6-1311P	snRNA	0	0	0	0.0000	0.0000	0.0000
ENSG00000207460.1	SNORD116-19	snoRNA	0	0	0	0.0000	0.0000	0.0000
ENSG00000207461.1	RNU6-253P	snRNA	0	0	0	0.0000	0.0000	0.0000
ENSG00000207462.1	RNU6-376P	snRNA	0	0	0	0.0000	0.0000	0.0000
ENSG00000207466.1	Y_RNA	misc_RNA	0	0	0	0.0000	0.0000	0.0000
ENSG00000207467.1	Y_RNA	misc_RNA	0	0	0	0.0000	0.0000	0.0000
ENSG00000207468.1	SNORA19	snoRNA	0	0	0	0.0000	0.0000	0.0000
ENSG00000207472.1	RNU6-41P	snRNA	0	0	0	0.0000	0.0000	0.0000
ENSG00000207473.1	Y_RNA	misc_RNA	0	0	0	0.0000	0.0000	0.0000
ENSG00000207474.1	RNY1P7	misc_RNA	0	0	0	0.0000	0.0000	0.0000
ENSG00000207475.1	SNORA80E	snoRNA	2	2	0	1.2397	0.3631	0.3497
ENSG00000207476.1	RNU6-286P	snRNA	0	0	0	0.0000	0.0000	0.0000
ENSG00000207480.1	Y_RNA	misc_RNA	0	1	0	0.0000	0.0000	0.0000
ENSG00000207481.1	Y_RNA	misc_RNA	0	0	0	0.0000	0.0000	0.0000
ENSG00000207483.1	RNU6-1067P	snRNA	0	1	0	0.0000	0.0000	0.0000
ENSG00000207484.1	Y_RNA	misc_RNA	0	0	0	0.0000	0.0000	0.0000
ENSG00000207486.1	RNU6-1044P	snRNA	0	0	0	0.0000	0.0000	0.0000
ENSG00000207488.1	Y_RNA	misc_RNA	0	0	0	0.0000	0.0000	0.0000
ENSG00000207490.1	RNU6-987P	snRNA	0	0	0	0.0000	0.0000	0.0000
ENSG00000207492.1	RNU6-713P	snRNA	0	0	0	0.0000	0.0000	0.0000
ENSG00000207493.1	SNORA46	snoRNA	1	0	1	0.6290	0.1843	0.1774
ENSG00000207494.1	Y_RNA	misc_RNA	0	0	0	0.0000	0.0000	0.0000
ENSG00000207495.1	RNY3P10	misc_RNA	0	0	0	0.0000	0.0000	0.0000
ENSG00000207496.1	SNORA7A	snoRNA	0	0	0	0.0000	0.0000	0.0000
ENSG00000207497.1	Y_RNA	misc_RNA	0	0	0	0.0000	0.0000	0.0000
ENSG00000207499.1	Y_RNA	misc_RNA	0	0	0	0.0000	0.0000	0.0000
ENSG00000207500.1	SNORD102	snoRNA	0	0	0	0.0000	0.0000	0.0000
ENSG00000207501.1	RNVU1-14	snRNA	0	0	0	0.0000	0.0000	0.0000
ENSG00000207502.1	AL592436.1	snoRNA	0	0	0	0.0000	0.0000	0.0000
ENSG00000207503.1	AP001610.1	snoRNA	0	0	0	0.0000	0.0000	0.0000
ENSG00000207504.1	RNU6-1031P	snRNA	0	0	0	0.0000	0.0000	0.0000
ENSG00000207505.1	RNU6-1105P	snRNA	0	0	0	0.0000	0.0000	0.0000
ENSG00000207507.1	RNU6-9	snRNA	0	0	0	0.0000	0.0000	0.0000
ENSG00000207508.1	RNU6-1237P	snRNA	0	0	0	0.0000	0.0000	0.0000
ENSG00000207511.1	RNU6-771P	snRNA	0	0	0	0.0000	0.0000	0.0000
ENSG00000207512.1	Y_RNA	misc_RNA	0	0	0	0.0000	0.0000	0.0000
ENSG00000207513.1	RNU1-3	snRNA	0	0	0	0.0000	0.0000	0.0000
ENSG00000207515.1	RNU6-555P	snRNA	0	0	0	0.0000	0.0000	0.0000
ENSG00000207516.1	SNORA41B	snoRNA	0	0	0	0.0000	0.0000	0.0000
ENSG00000207518.1	RNU6-59P	snRNA	0	0	0	0.0000	0.0000	0.0000
ENSG00000207523.1	SNORA66	snoRNA	3	1	2	1.9155	0.5611	0.5403
ENSG00000207524.1	RNU6-33P	snRNA	0	0	0	0.0000	0.0000	0.0000
ENSG00000207525.1	Y_RNA	misc_RNA	0	0	0	0.0000	0.0000	0.0000
ENSG00000207546.1	MIR548C	miRNA	0	0	0	0.0000	0.0000	0.0000
ENSG00000207547.1	MIR25	miRNA	2	0	2	2.0219	0.5923	0.5703
ENSG00000207548.3	MIR217	miRNA	0	0	0	0.0000	0.0000	0.0000
ENSG00000207549.1	MIR521-2	miRNA	0	0	0	0.0000	0.0000	0.0000
ENSG00000207550.1	MIR99B	miRNA	0	0	0	0.0000	0.0000	0.0000
ENSG00000207551.1	MIR608	miRNA	0	0	0	0.0000	0.0000	0.0000
ENSG00000207552.1	MIR633	miRNA	0	0	0	0.0000	0.0000	0.0000
ENSG00000207554.1	MIR647	miRNA	0	0	0	0.0000	0.0000	0.0000
ENSG00000207559.1	MIR578	miRNA	0	0	0	0.0000	0.0000	0.0000
ENSG00000207561.1	MIR635	miRNA	110	59	51	95.3189	27.9204	26.8852
ENSG00000207562.3	MIR34C	miRNA	0	0	0	0.0000	0.0000	0.0000
ENSG00000207563.1	MIR23B	miRNA	0	0	0	0.0000	0.0000	0.0000
ENSG00000207568.1	MIR203A	miRNA	0	0	0	0.0000	0.0000	0.0000
ENSG00000207569.2	MIR433	miRNA	0	0	0	0.0000	0.0000	0.0000
ENSG00000207571.1	MIR615	miRNA	0	0	0	0.0000	0.0000	0.0000
ENSG00000207573.1	MIR550A2	miRNA	0	0	0	0.0000	0.0000	0.0000
ENSG00000207574.1	MIR661	miRNA	0	0	0	0.0000	0.0000	0.0000
ENSG00000207575.1	MIR649	miRNA	0	0	0	0.0000	0.0000	0.0000
ENSG00000207577.1	MIR587	miRNA	0	0	0	0.0000	0.0000	0.0000
ENSG00000207578.1	MIR583	miRNA	0	0	0	0.0000	0.0000	0.0000
ENSG00000207579.1	MIR662	miRNA	0	0	0	0.0000	0.0000	0.0000
ENSG00000207580.1	MIR526B	miRNA	0	0	0	0.0000	0.0000	0.0000
ENSG00000207581.1	MIR199B	miRNA	0	0	0	0.0000	0.0000	0.0000
ENSG00000207582.1	MIR30B	miRNA	0	0	0	0.0000	0.0000	0.0000
ENSG00000207583.1	MIR606	miRNA	0	0	0	0.0000	0.0000	0.0000
ENSG00000207585.1	MIR181D	miRNA	0	0	0	0.0000	0.0000	0.0000
ENSG00000207586.1	MIR135A2	miRNA	0	0	0	0.0000	0.0000	0.0000
ENSG00000207587.1	MIR544A	miRNA	0	0	0	0.0000	0.0000	0.0000
ENSG00000207588.1	MIR593	miRNA	4	2	2	3.3968	0.9950	0.9581
ENSG00000207589.1	MIR508	miRNA	0	0	0	0.0000	0.0000	0.0000
ENSG00000207590.1	MIR215	miRNA	1	0	1	0.7720	0.2261	0.2177
ENSG00000207594.1	MIR520A	miRNA	0	0	0	0.0000	0.0000	0.0000
ENSG00000207595.1	MIR181A2	miRNA	0	0	0	0.0000	0.0000	0.0000
ENSG00000207597.1	MIR490	miRNA	0	0	0	0.0000	0.0000	0.0000
ENSG00000207598.1	MIR124-3	miRNA	0	0	0	0.0000	0.0000	0.0000
ENSG00000207599.1	MIR520E	miRNA	0	0	0	0.0000	0.0000	0.0000
ENSG00000207600.3	MIR598	miRNA	0	0	0	0.0000	0.0000	0.0000
ENSG00000207604.3	MIR206	miRNA	0	0	0	0.0000	0.0000	0.0000
ENSG00000207605.3	MIR191	miRNA	0	0	0	0.0000	0.0000	0.0000
ENSG00000207606.1	MIR554	miRNA	0	0	0	0.0000	0.0000	0.0000
ENSG00000207607.3	MIR200A	miRNA	0	0	0	0.0000	0.0000	0.0000
ENSG00000207608.3	MIR127	miRNA	0	0	0	0.0000	0.0000	0.0000
ENSG00000207609.3	MIR491	miRNA	0	0	0	0.0000	0.0000	0.0000
ENSG00000207611.1	MIR149	miRNA	0	0	0	0.0000	0.0000	0.0000
ENSG00000207612.1	MIR604	miRNA	0	0	0	0.0000	0.0000	0.0000
ENSG00000207613.1	MIR181C	miRNA	1	1	0	0.7720	0.2261	0.2177
ENSG00000207614.1	MIR193A	miRNA	0	0	0	0.0000	0.0000	0.0000
ENSG00000207615.3	MIR515-2	miRNA	0	0	0	0.0000	0.0000	0.0000
ENSG00000207616.1	MIR515-1	miRNA	0	0	0	0.0000	0.0000	0.0000
ENSG00000207617.4	MIR3074	miRNA	0	0	2	0.0000	0.0000	0.0000
ENSG00000207619.1	MIR585	miRNA	0	0	0	0.0000	0.0000	0.0000
ENSG00000207620.1	MIR516A2	miRNA	0	0	0	0.0000	0.0000	0.0000
ENSG00000207622.1	MIR619	miRNA	0	0	0	0.0000	0.0000	0.0000
ENSG00000207624.1	MIR194-1	miRNA	0	0	0	0.0000	0.0000	0.0000
ENSG00000207625.1	MIR128-2	miRNA	0	0	0	0.0000	0.0000	0.0000
ENSG00000207626.1	MIR562	miRNA	0	0	0	0.0000	0.0000	0.0000
ENSG00000207627.1	MIR581	miRNA	0	0	0	0.0000	0.0000	0.0000
ENSG00000207628.3	MIR651	miRNA	0	0	0	0.0000	0.0000	0.0000
ENSG00000207629.1	MIR526A1	miRNA	0	0	0	0.0000	0.0000	0.0000
ENSG00000207630.1	MIR7-3	miRNA	0	0	0	0.0000	0.0000	0.0000
ENSG00000207631.1	MIR641	miRNA	0	0	0	0.0000	0.0000	0.0000
ENSG00000207632.1	MIR588	miRNA	0	0	0	0.0000	0.0000	0.0000
ENSG00000207633.3	MIR505	miRNA	0	0	0	0.0000	0.0000	0.0000
ENSG00000207634.1	MIR521-1	miRNA	0	0	0	0.0000	0.0000	0.0000
ENSG00000207635.1	MIR499A	miRNA	0	0	0	0.0000	0.0000	0.0000
ENSG00000207637.1	MIR595	miRNA	0	0	0	0.0000	0.0000	0.0000
ENSG00000207638.1	MIR99A	miRNA	0	0	0	0.0000	0.0000	0.0000
ENSG00000207639.1	MIR193B	miRNA	0	0	0	0.0000	0.0000	0.0000
ENSG00000207641.1	MIR510	miRNA	0	0	0	0.0000	0.0000	0.0000
ENSG00000207642.1	MIR571	miRNA	0	0	0	0.0000	0.0000	0.0000
ENSG00000207644.1	MIR512-2	miRNA	0	0	0	0.0000	0.0000	0.0000
ENSG00000207645.2	MIR512-1	miRNA	0	0	0	0.0000	0.0000	0.0000
ENSG00000207646.1	MIR655	miRNA	0	0	0	0.0000	0.0000	0.0000
ENSG00000207647.1	MIR153-1	miRNA	0	0	0	0.0000	0.0000	0.0000
ENSG00000207649.3	MIR138-2	miRNA	0	0	0	0.0000	0.0000	0.0000
ENSG00000207650.1	MIR570	miRNA	6	4	2	5.2528	1.5386	1.4816
ENSG00000207651.1	MIR28	miRNA	0	0	0	0.0000	0.0000	0.0000
ENSG00000207652.1	MIR621	miRNA	0	0	0	0.0000	0.0000	0.0000
ENSG00000207653.1	MIR558	miRNA	0	0	0	0.0000	0.0000	0.0000
ENSG00000207654.4	MIR128-1	miRNA	0	0	0	0.0000	0.0000	0.0000
ENSG00000207656.1	MIR489	miRNA	0	0	0	0.0000	0.0000	0.0000
ENSG00000207688.2	MIR548AA2	miRNA	0	0	0	0.0000	0.0000	0.0000
ENSG00000207689.1	MIR548A2	miRNA	0	0	0	0.0000	0.0000	0.0000
ENSG00000207691.1	MIR183	miRNA	0	0	0	0.0000	0.0000	0.0000
ENSG00000207692.3	MIR592	miRNA	0	0	0	0.0000	0.0000	0.0000
ENSG00000207693.1	MIR602	miRNA	0	0	0	0.0000	0.0000	0.0000
ENSG00000207695.1	MIR184	miRNA	0	0	0	0.0000	0.0000	0.0000
ENSG00000207696.1	MIR659	miRNA	1	1	0	0.8755	0.2564	0.2469
ENSG00000207697.1	MIR573	miRNA	2	2	0	1.7156	0.5025	0.4839
ENSG00000207698.1	MIR32	miRNA	0	0	0	0.0000	0.0000	0.0000
ENSG00000207699.1	MIR518A2	miRNA	0	0	0	0.0000	0.0000	0.0000
ENSG00000207701.1	MIR597	miRNA	0	0	0	0.0000	0.0000	0.0000
ENSG00000207702.1	MIR211	miRNA	0	0	0	0.0000	0.0000	0.0000
ENSG00000207703.1	MIR7-2	miRNA	0	0	0	0.0000	0.0000	0.0000
ENSG00000207704.2	MIR548AA1	miRNA	0	0	0	0.0000	0.0000	0.0000
ENSG00000207705.2	MIR129-1	miRNA	0	0	0	0.0000	0.0000	0.0000
ENSG00000207706.1	MIR518F	miRNA	0	0	0	0.0000	0.0000	0.0000
ENSG00000207708.1	MIR141	miRNA	0	0	0	0.0000	0.0000	0.0000
ENSG00000207711.1	MIR525	miRNA	0	0	0	0.0000	0.0000	0.0000
ENSG00000207712.1	MIR627	miRNA	0	0	0	0.0000	0.0000	0.0000
ENSG00000207713.3	MIR200C	miRNA	0	0	0	0.0000	0.0000	0.0000
ENSG00000207714.3	MIR584	miRNA	0	0	0	0.0000	0.0000	0.0000
ENSG00000207716.1	MIR572	miRNA	0	0	0	0.0000	0.0000	0.0000
ENSG00000207717.1	MIR551B	miRNA	0	0	0	0.0000	0.0000	0.0000
ENSG00000207719.1	MIR623	miRNA	0	0	0	0.0000	0.0000	0.0000
ENSG00000207721.1	MIR186	miRNA	3	1	2	2.9623	0.8677	0.8355
ENSG00000207722.1	MIR520B	miRNA	0	0	0	0.0000	0.0000	0.0000
ENSG00000207725.3	MIR222	miRNA	0	0	0	0.0000	0.0000	0.0000
ENSG00000207726.3	MIR455	miRNA	0	0	0	0.0000	0.0000	0.0000
ENSG00000207728.1	MIR449B	miRNA	0	0	0	0.0000	0.0000	0.0000
ENSG00000207729.3	MIR556	miRNA	0	0	0	0.0000	0.0000	0.0000
ENSG00000207730.3	MIR200B	miRNA	0	0	0	0.0000	0.0000	0.0000
ENSG00000207731.1	MIR506	miRNA	0	0	0	0.0000	0.0000	0.0000
ENSG00000207732.1	MIR218-1	miRNA	0	0	0	0.0000	0.0000	0.0000
ENSG00000207734.1	MIR517A	miRNA	0	0	0	0.0000	0.0000	0.0000
ENSG00000207735.1	MIR520D	miRNA	0	0	0	0.0000	0.0000	0.0000
ENSG00000207736.1	MIR657	miRNA	0	0	0	0.0000	0.0000	0.0000
ENSG00000207737.1	MIR181B2	miRNA	0	0	0	0.0000	0.0000	0.0000
ENSG00000207738.1	MIR520C	miRNA	0	0	0	0.0000	0.0000	0.0000
ENSG00000207739.1	MIR218-2	miRNA	0	0	0	0.0000	0.0000	0.0000
ENSG00000207741.1	MIR590	miRNA	7	5	2	6.1283	1.7951	1.7285
ENSG00000207742.3	MIR487A	miRNA	0	0	0	0.0000	0.0000	0.0000
ENSG00000207743.3	MIR495	miRNA	0	0	0	0.0000	0.0000	0.0000
ENSG00000207744.1	MIR10B	miRNA	0	0	0	0.0000	0.0000	0.0000
ENSG00000207746.1	MIR575	miRNA	0	0	0	0.0000	0.0000	0.0000
ENSG00000207749.4	MIR299	miRNA	0	0	0	0.0000	0.0000	0.0000
ENSG00000207750.1	MIR553	miRNA	0	0	0	0.0000	0.0000	0.0000
ENSG00000207751.3	AP000553.1	lncRNA	6	3	4	0.4662	0.1365	0.1315
ENSG00000207752.1	MIR199A1	miRNA	2	2	0	2.3921	0.7007	0.6747
ENSG00000207754.3	MIR487B	miRNA	0	0	0	0.0000	0.0000	0.0000
ENSG00000207755.3	MIR450A2	miRNA	0	0	0	0.0000	0.0000	0.0000
ENSG00000207756.1	MIR580	miRNA	0	0	0	0.0000	0.0000	0.0000
ENSG00000207757.1	MIR93	miRNA	1	1	0	1.0615	0.3109	0.2994
ENSG00000207758.1	MIR532	miRNA	0	0	0	0.0000	0.0000	0.0000
ENSG00000207759.1	MIR181A1	miRNA	0	0	0	0.0000	0.0000	0.0000
ENSG00000207761.3	MIR329-1	miRNA	0	0	0	0.0000	0.0000	0.0000
ENSG00000207762.1	MIR329-2	miRNA	0	0	0	0.0000	0.0000	0.0000
ENSG00000207763.1	MIR617	miRNA	0	0	0	0.0000	0.0000	0.0000
ENSG00000207766.1	MIR626	miRNA	0	0	0	0.0000	0.0000	0.0000
ENSG00000207767.3	MIR516A1	miRNA	0	0	0	0.0000	0.0000	0.0000
ENSG00000207768.3	MIR188	miRNA	0	0	0	0.0000	0.0000	0.0000
ENSG00000207769.1	MIR586	miRNA	0	0	0	0.0000	0.0000	0.0000
ENSG00000207771.1	MIR550A1	miRNA	0	0	0	0.0000	0.0000	0.0000
ENSG00000207773.1	MIR642A	miRNA	0	0	0	0.0000	0.0000	0.0000
ENSG00000207775.1	MIR548A1	miRNA	0	0	0	0.0000	0.0000	0.0000
ENSG00000207776.1	MIR551A	miRNA	0	0	0	0.0000	0.0000	0.0000
ENSG00000207778.3	MIR3591	miRNA	0	0	0	0.0000	0.0000	0.0000
ENSG00000207779.1	MIR15B	miRNA	0	0	0	0.0000	0.0000	0.0000
ENSG00000207780.1	MIR648	miRNA	0	0	0	0.0000	0.0000	0.0000
ENSG00000207781.1	MIR625	miRNA	0	0	0	0.0000	0.0000	0.0000
ENSG00000207782.3	MIR150	miRNA	0	1	0	0.0000	0.0000	0.0000
ENSG00000207784.3	MIR542	miRNA	0	0	0	0.0000	0.0000	0.0000
ENSG00000207785.1	MIR500A	miRNA	0	0	0	0.0000	0.0000	0.0000
ENSG00000207788.1	MIR519C	miRNA	0	0	0	0.0000	0.0000	0.0000
ENSG00000207789.1	MIR26A2	miRNA	0	0	0	0.0000	0.0000	0.0000
ENSG00000207797.1	MIR187	miRNA	0	0	0	0.0000	0.0000	0.0000
ENSG00000207798.1	MIR216A	miRNA	0	0	0	0.0000	0.0000	0.0000
ENSG00000207799.1	MIR520G	miRNA	0	0	0	0.0000	0.0000	0.0000
ENSG00000207800.3	MIR504	miRNA	0	0	0	0.0000	0.0000	0.0000
ENSG00000207802.1	MIR646	miRNA	0	0	0	0.0000	0.0000	0.0000
ENSG00000207803.1	MIR518A1	miRNA	0	0	0	0.0000	0.0000	0.0000
ENSG00000207804.1	MIR599	miRNA	0	0	0	0.0000	0.0000	0.0000
ENSG00000207805.3	MIR483	miRNA	0	0	0	0.0000	0.0000	0.0000
ENSG00000207807.1	MIR95	miRNA	0	0	0	0.0000	0.0000	0.0000
ENSG00000207808.1	MIR27A	miRNA	0	0	0	0.0000	0.0000	0.0000
ENSG00000207810.1	MIR519E	miRNA	0	0	0	0.0000	0.0000	0.0000
ENSG00000207811.3	MIR34B	miRNA	0	0	0	0.0000	0.0000	0.0000
ENSG00000207813.1	MIR605	miRNA	0	0	0	0.0000	0.0000	0.0000
ENSG00000207814.1	MIR147A	miRNA	0	0	0	0.0000	0.0000	0.0000
ENSG00000207815.1	MIR563	miRNA	0	0	0	0.0000	0.0000	0.0000
ENSG00000207816.1	MIR124-2	miRNA	0	0	0	0.0000	0.0000	0.0000
ENSG00000207818.1	MIR105-2	miRNA	0	0	0	0.0000	0.0000	0.0000
ENSG00000207820.1	MIR545	miRNA	0	0	0	0.0000	0.0000	0.0000
ENSG00000207821.1	MIR640	miRNA	0	0	0	0.0000	0.0000	0.0000
ENSG00000207825.1	MIR519B	miRNA	0	0	0	0.0000	0.0000	0.0000
ENSG00000207826.1	MIR596	miRNA	0	0	0	0.0000	0.0000	0.0000
ENSG00000207827.1	MIR30A	miRNA	0	0	0	0.0000	0.0000	0.0000
ENSG00000207837.1	MIR517B	miRNA	0	0	0	0.0000	0.0000	0.0000
ENSG00000207838.1	MIR517C	miRNA	0	0	0	0.0000	0.0000	0.0000
ENSG00000207839.1	MIR33B	miRNA	0	0	0	0.0000	0.0000	0.0000
ENSG00000207861.1	MIR520H	miRNA	0	0	0	0.0000	0.0000	0.0000
ENSG00000207862.1	MIR518B	miRNA	0	0	0	0.0000	0.0000	0.0000
ENSG00000207863.1	MIR125B2	miRNA	0	0	0	0.0000	0.0000	0.0000
ENSG00000207864.3	MIR27B	miRNA	0	0	0	0.0000	0.0000	0.0000
ENSG00000207866.1	MIR514A2	miRNA	0	0	0	0.0000	0.0000	0.0000
ENSG00000207867.1	MIR514A3	miRNA	0	0	0	0.0000	0.0000	0.0000
ENSG00000207868.1	MIR514A1	miRNA	0	0	0	0.0000	0.0000	0.0000
ENSG00000207869.1	MIR498	miRNA	0	0	0	0.0000	0.0000	0.0000
ENSG00000207870.1	MIR221	miRNA	7	1	6	5.4040	1.5829	1.5242
ENSG00000207871.2	MIR513B	miRNA	0	0	0	0.0000	0.0000	0.0000
ENSG00000207873.1	MIR513A1	miRNA	0	0	0	0.0000	0.0000	0.0000
ENSG00000207874.1	MIR610	miRNA	0	0	0	0.0000	0.0000	0.0000
ENSG00000207922.1	AC104450.1	miRNA	0	0	0	0.0000	0.0000	0.0000
ENSG00000207923.1	MIR559	miRNA	0	0	0	0.0000	0.0000	0.0000
ENSG00000207924.3	MIR196A2	miRNA	0	0	0	0.0000	0.0000	0.0000
ENSG00000207925.1	MIR516B2	miRNA	0	0	0	0.0000	0.0000	0.0000
ENSG00000207926.1	MIR135A1	miRNA	0	1	1	0.0000	0.0000	0.0000
ENSG00000207927.1	MIR302A	miRNA	0	0	0	0.0000	0.0000	0.0000
ENSG00000207930.1	MIR603	miRNA	0	0	0	0.0000	0.0000	0.0000
ENSG00000207931.1	MIR577	miRNA	0	0	0	0.0000	0.0000	0.0000
ENSG00000207932.1	MIR33A	miRNA	0	0	0	0.0000	0.0000	0.0000
ENSG00000207933.3	MIR9-1	miRNA	0	0	0	0.0000	0.0000	0.0000
ENSG00000207934.1	MIR654	miRNA	0	0	0	0.0000	0.0000	0.0000
ENSG00000207935.3	MIR204	miRNA	0	0	0	0.0000	0.0000	0.0000
ENSG00000207938.1	MIR511	miRNA	0	0	0	0.0000	0.0000	0.0000
ENSG00000207940.1	MIR567	miRNA	0	0	0	0.0000	0.0000	0.0000
ENSG00000207941.1	MIR552	miRNA	0	0	0	0.0000	0.0000	0.0000
ENSG00000207942.2	MIR136	miRNA	0	0	0	0.0000	0.0000	0.0000
ENSG00000207943.1	MIR634	miRNA	0	0	0	0.0000	0.0000	0.0000
ENSG00000207944.1	MIR574	miRNA	0	0	0	0.0000	0.0000	0.0000
ENSG00000207946.3	MIR516B1	miRNA	0	0	0	0.0000	0.0000	0.0000
ENSG00000207947.3	MIR152	miRNA	0	0	0	0.0000	0.0000	0.0000
ENSG00000207948.3	MIR328	miRNA	0	0	0	0.0000	0.0000	0.0000
ENSG00000207951.1	MIR561	miRNA	0	0	0	0.0000	0.0000	0.0000
ENSG00000207952.1	MIR624	miRNA	0	0	0	0.0000	0.0000	0.0000
ENSG00000207954.1	MIR138-1	miRNA	0	0	0	0.0000	0.0000	0.0000
ENSG00000207955.5	AL359091.1	lncRNA	0	0	1	0.0000	0.0000	0.0000
ENSG00000207956.1	MIR579	miRNA	0	0	0	0.0000	0.0000	0.0000
ENSG00000207957.1	MIR105-1	miRNA	0	0	0	0.0000	0.0000	0.0000
ENSG00000207959.1	MIR656	miRNA	0	0	0	0.0000	0.0000	0.0000
ENSG00000207960.1	MIR153-2	miRNA	0	0	0	0.0000	0.0000	0.0000
ENSG00000207961.3	MIR496	miRNA	0	0	0	0.0000	0.0000	0.0000
ENSG00000207962.1	MIR30C1	miRNA	0	0	0	0.0000	0.0000	0.0000
ENSG00000207963.1	MIR569	miRNA	0	0	0	0.0000	0.0000	0.0000
ENSG00000207965.1	MIR629	miRNA	0	0	0	0.0000	0.0000	0.0000
ENSG00000207967.1	MIR620	miRNA	0	0	0	0.0000	0.0000	0.0000
ENSG00000207969.1	MIR507	miRNA	0	0	0	0.0000	0.0000	0.0000
ENSG00000207970.3	MIR660	miRNA	0	0	0	0.0000	0.0000	0.0000
ENSG00000207971.1	MIR125B1	miRNA	0	0	0	0.0000	0.0000	0.0000
ENSG00000207972.1	MIR638	miRNA	0	0	0	0.0000	0.0000	0.0000
ENSG00000207973.1	MIR589	miRNA	2	2	0	1.7156	0.5025	0.4839
ENSG00000207974.1	MIR557	miRNA	0	0	0	0.0000	0.0000	0.0000
ENSG00000207975.1	MIR181B1	miRNA	0	0	0	0.0000	0.0000	0.0000
ENSG00000207976.1	MIR607	miRNA	0	0	0	0.0000	0.0000	0.0000
ENSG00000207978.1	MIR154	miRNA	0	0	0	0.0000	0.0000	0.0000
ENSG00000207979.1	MIR527	miRNA	0	0	0	0.0000	0.0000	0.0000
ENSG00000207980.1	MIR23A	miRNA	0	0	0	0.0000	0.0000	0.0000
ENSG00000207981.1	MIR519D	miRNA	0	0	0	0.0000	0.0000	0.0000
ENSG00000207982.1	MIR548B	miRNA	0	0	0	0.0000	0.0000	0.0000
ENSG00000207983.1	MIR613	miRNA	0	0	0	0.0000	0.0000	0.0000
ENSG00000207984.1	MIR513A2	miRNA	0	0	0	0.0000	0.0000	0.0000
ENSG00000207987.1	MIR518E	miRNA	0	0	0	0.0000	0.0000	0.0000
ENSG00000207988.1	MIR576	miRNA	0	0	0	0.0000	0.0000	0.0000
ENSG00000207989.3	MIR493	miRNA	0	0	0	0.0000	0.0000	0.0000
ENSG00000207990.3	MIR182	miRNA	0	0	0	0.0000	0.0000	0.0000
ENSG00000207991.1	MIR601	miRNA	1	1	0	1.0749	0.3149	0.3032
ENSG00000207992.1	MIR519A1	miRNA	0	0	0	0.0000	0.0000	0.0000
ENSG00000207993.3	MIR134	miRNA	0	0	0	0.0000	0.0000	0.0000
ENSG00000207994.1	MIR100	miRNA	0	0	0	0.0000	0.0000	0.0000
ENSG00000207995.1	MIR325	miRNA	0	0	0	0.0000	0.0000	0.0000
ENSG00000207996.1	MIR301A	miRNA	0	0	0	0.0000	0.0000	0.0000
ENSG00000207997.1	MIR644A	miRNA	1	0	1	0.9034	0.2646	0.2548
ENSG00000208000.1	MIR509-1	miRNA	0	0	0	0.0000	0.0000	0.0000
ENSG00000208001.1	MIR431	miRNA	0	0	0	0.0000	0.0000	0.0000
ENSG00000208002.1	MIR643	miRNA	1	1	0	0.8755	0.2564	0.2469
ENSG00000208003.1	MIR549A	miRNA	0	0	0	0.0000	0.0000	0.0000
ENSG00000208004.2	MIR323B	miRNA	0	0	0	0.0000	0.0000	0.0000
ENSG00000208005.1	MIR503	miRNA	0	0	0	0.0000	0.0000	0.0000
ENSG00000208006.1	MIR16-1	miRNA	0	0	0	0.0000	0.0000	0.0000
ENSG00000208008.1	MIR125A	miRNA	0	0	0	0.0000	0.0000	0.0000
ENSG00000208009.1	MIR130A	miRNA	0	0	0	0.0000	0.0000	0.0000
ENSG00000208012.1	MIRLET7F2	miRNA	0	0	0	0.0000	0.0000	0.0000
ENSG00000208013.3	MIR652	miRNA	0	0	0	0.0000	0.0000	0.0000
ENSG00000208014.1	MIR653	miRNA	0	0	0	0.0000	0.0000	0.0000
ENSG00000208015.1	MIR362	miRNA	0	0	0	0.0000	0.0000	0.0000
ENSG00000208017.3	MIR140	miRNA	0	0	0	0.0000	0.0000	0.0000
ENSG00000208018.1	MIR645	miRNA	0	0	0	0.0000	0.0000	0.0000
ENSG00000208022.1	MIR618	miRNA	0	0	0	0.0000	0.0000	0.0000
ENSG00000208023.3	MIR185	miRNA	0	0	0	0.0000	0.0000	0.0000
ENSG00000208024.1	MIR199A2	miRNA	0	0	0	0.0000	0.0000	0.0000
ENSG00000208025.1	MIR591	miRNA	0	0	0	0.0000	0.0000	0.0000
ENSG00000208027.4	MIR485	miRNA	0	0	0	0.0000	0.0000	0.0000
ENSG00000208028.1	MIR616	miRNA	2	0	2	1.7509	0.5129	0.4939
ENSG00000208032.1	MIR548A3	miRNA	4	3	1	3.5019	1.0258	0.9877
ENSG00000208033.1	MIR609	miRNA	0	0	0	0.0000	0.0000	0.0000
ENSG00000208036.1	MIR106B	miRNA	1	1	0	1.0356	0.3033	0.2921
ENSG00000208037.1	MIR320A	miRNA	1	1	0	1.0356	0.3033	0.2921
ENSG00000208308.1	SNORA40B	snoRNA	0	0	0	0.0000	0.0000	0.0000
ENSG00000208772.1	SNORD94	snoRNA	0	0	0	0.0000	0.0000	0.0000
ENSG00000208797.1	SNORD73A	snoRNA	0	0	0	0.0000	0.0000	0.0000
ENSG00000208839.1	SNORA35	snoRNA	0	0	0	0.0000	0.0000	0.0000
ENSG00000208883.1	SNORD96B	snoRNA	0	0	0	0.0000	0.0000	0.0000
ENSG00000208892.1	SNORA49	snoRNA	0	0	0	0.0000	0.0000	0.0000
ENSG00000209042.1	SNORD12C	snoRNA	1	0	1	0.9542	0.2795	0.2691
ENSG00000209082.1	MT-TL1	Mt_tRNA	10	6	4	11.3227	3.3166	3.1936
ENSG00000209480.1	SNORD83B	snoRNA	0	0	0	0.0000	0.0000	0.0000
ENSG00000209482.1	SNORD83A	snoRNA	2	0	2	1.7878	0.5237	0.5043
ENSG00000209582.1	SNORA48	snoRNA	0	0	0	0.0000	0.0000	0.0000
ENSG00000209645.1	SNORD105	snoRNA	0	0	0	0.0000	0.0000	0.0000
ENSG00000209702.1	SNORD41	snoRNA	0	0	0	0.0000	0.0000	0.0000
ENSG00000210049.1	MT-TF	Mt_tRNA	3	2	1	3.5882	1.0510	1.0121
ENSG00000210077.1	MT-TV	Mt_tRNA	1	1	0	1.2307	0.3605	0.3471
ENSG00000210082.2	MT-RNR2	Mt_rRNA	152294	76602	75694	8295.6219	2429.9177	2339.8288
ENSG00000210100.1	MT-TI	Mt_tRNA	0	2	0	0.0000	0.0000	0.0000
ENSG00000210107.1	MT-TQ	Mt_tRNA	0	21	13	0.0000	0.0000	0.0000
ENSG00000210112.1	MT-TM	Mt_tRNA	0	1	0	0.0000	0.0000	0.0000
ENSG00000210117.1	MT-TW	Mt_tRNA	0	5	7	0.0000	0.0000	0.0000
ENSG00000210127.1	MT-TA	Mt_tRNA	0	18	22	0.0000	0.0000	0.0000
ENSG00000210135.1	MT-TN	Mt_tRNA	0	82	79	0.0000	0.0000	0.0000
ENSG00000210140.1	MT-TC	Mt_tRNA	10	205	211	12.8667	3.7689	3.6291
ENSG00000210144.1	MT-TY	Mt_tRNA	22	1561	1547	28.3068	8.2915	7.9841
ENSG00000210151.2	MT-TS1	Mt_tRNA	0	5053	5323	0.0000	0.0000	0.0000
ENSG00000210154.1	MT-TD	Mt_tRNA	0	0	0	0.0000	0.0000	0.0000
ENSG00000210156.1	MT-TK	Mt_tRNA	0	0	0	0.0000	0.0000	0.0000
ENSG00000210164.1	MT-TG	Mt_tRNA	0	0	0	0.0000	0.0000	0.0000
ENSG00000210174.1	MT-TR	Mt_tRNA	0	0	0	0.0000	0.0000	0.0000
ENSG00000210176.1	MT-TH	Mt_tRNA	0	0	0	0.0000	0.0000	0.0000
ENSG00000210181.1	RNU6ATAC4P	snRNA	0	0	0	0.0000	0.0000	0.0000
ENSG00000210184.1	MT-TS2	Mt_tRNA	2	1	1	2.8787	0.8432	0.8119
ENSG00000210191.1	MT-TL2	Mt_tRNA	0	0	0	0.0000	0.0000	0.0000
ENSG00000210194.1	MT-TE	Mt_tRNA	0	104	111	0.0000	0.0000	0.0000
ENSG00000210195.2	MT-TT	Mt_tRNA	4	7	6	5.1467	1.5075	1.4517
ENSG00000210196.2	MT-TP	Mt_tRNA	1003	524	511	1252.5766	366.8993	353.2966
ENSG00000210678.1	RNU6ATAC2P	snRNA	0	0	0	0.0000	0.0000	0.0000
ENSG00000210709.1	RNU6ATAC3P	snRNA	0	0	0	0.0000	0.0000	0.0000
ENSG00000210741.1	MIR196A1	miRNA	0	0	0	0.0000	0.0000	0.0000
ENSG00000210825.1	SNORA40	snoRNA	0	0	0	0.0000	0.0000	0.0000
ENSG00000210839.1	RNU6ATAC5P	snRNA	0	0	0	0.0000	0.0000	0.0000
ENSG00000210841.1	RNU6ATAC26P	snRNA	0	0	0	0.0000	0.0000	0.0000
ENSG00000211137.1	MIR190A	miRNA	0	0	0	0.0000	0.0000	0.0000
ENSG00000211445.12	GPX3	protein_coding	426	233	195	11.4409	3.3512	3.2270
ENSG00000211448.13	DIO2	protein_coding	151	73	79	1.7345	0.5081	0.4892
ENSG00000211450.10	SELENOH	protein_coding	70	13	61	2.5789	0.7554	0.7274
ENSG00000211451.12	GNRHR2	transcribed_unitary_pseudogene	45	272	296	1.5219	0.4458	0.4293
ENSG00000211452.11	DIO1	protein_coding	7	1	6	0.2605	0.0763	0.0735
ENSG00000211454.15	AKR7L	polymorphic_pseudogene	22	12	10	0.6749	0.1977	0.1904
ENSG00000211455.8	STK38L	protein_coding	1093	575	518	13.5244	3.9615	3.8146
ENSG00000211456.13	SACM1L	protein_coding	1521	735	786	17.6045	5.1566	4.9654
ENSG00000211459.2	MT-RNR1	Mt_rRNA	9892	4924	4968	880.5378	257.9233	248.3609
ENSG00000211460.12	TSN	protein_coding	4600	2335	2265	88.8815	26.0348	25.0695
ENSG00000211491.2	MIR320D1	miRNA	0	0	0	0.0000	0.0000	0.0000
ENSG00000211513.5	MIR320E	miRNA	2	1	1	3.2045	0.9387	0.9039
ENSG00000211514.1	MIR454	miRNA	0	0	0	0.0000	0.0000	0.0000
ENSG00000211520.2	MIR216B	miRNA	0	0	0	0.0000	0.0000	0.0000
ENSG00000211532.1	MIR526A2	miRNA	0	0	0	0.0000	0.0000	0.0000
ENSG00000211538.1	MIR501	miRNA	0	0	0	0.0000	0.0000	0.0000
ENSG00000211543.2	MIR320B1	miRNA	0	0	0	0.0000	0.0000	0.0000
ENSG00000211563.4	MIR3065	miRNA	0	0	0	0.0000	0.0000	0.0000
ENSG00000211568.1	MIR670	miRNA	0	0	0	0.0000	0.0000	0.0000
ENSG00000211574.1	MIR770	miRNA	0	0	0	0.0000	0.0000	0.0000
ENSG00000211575.3	MIR760	miRNA	0	0	0	0.0000	0.0000	0.0000
ENSG00000211578.3	MIR766	miRNA	0	0	0	0.0000	0.0000	0.0000
ENSG00000211579.2	MIR759	miRNA	0	0	0	0.0000	0.0000	0.0000
ENSG00000211580.1	MIR769	miRNA	0	0	0	0.0000	0.0000	0.0000
ENSG00000211581.1	MIR765	miRNA	0	0	0	0.0000	0.0000	0.0000
ENSG00000211582.1	MIR758	miRNA	0	0	0	0.0000	0.0000	0.0000
ENSG00000211583.3	MIR767	miRNA	0	0	0	0.0000	0.0000	0.0000
ENSG00000211584.14	SLC48A1	protein_coding	2349	1171	1201	40.6104	11.8954	11.4544
ENSG00000211590.1	MIR802	miRNA	0	0	0	0.0000	0.0000	0.0000
ENSG00000211591.1	MIR762	miRNA	0	23	35	0.0000	0.0000	0.0000
ENSG00000211592.8	IGKC	IG_C_gene	192265	96014	96290	31218.4125	9144.3623	8805.3364
ENSG00000211593.2	IGKJ5	IG_J_gene	7	3	4	15.6432	4.5822	4.4123
ENSG00000211594.2	IGKJ4	IG_J_gene	4	3	2	9.1806	2.6891	2.5894
ENSG00000211595.2	IGKJ3	IG_J_gene	3	1	2	6.7042	1.9638	1.8910
ENSG00000211596.3	IGKJ2	IG_J_gene	0	0	0	0.0000	0.0000	0.0000
ENSG00000211597.2	IGKJ1	IG_J_gene	54	34	25	120.6764	35.3480	34.0375
ENSG00000211598.2	IGKV4-1	IG_V_gene	14282	7154	7202	2254.3380	660.3309	635.8493
ENSG00000211599.2	IGKV5-2	IG_V_gene	97	51	47	20.1894	5.9138	5.6945
ENSG00000211611.2	IGKV6-21	IG_V_gene	4	2	2	0.8367	0.2451	0.2360
ENSG00000211623.2	IGKV2D-26	IG_V_gene	0	0	0	0.0000	0.0000	0.0000
ENSG00000211625.2	IGKV3D-20	IG_V_gene	421	259	283	80.3405	23.5330	22.6605
ENSG00000211626.2	IGKV6D-41	IG_V_gene	0	0	0	0.0000	0.0000	0.0000
ENSG00000211632.4	IGKV3D-11	IG_V_gene	120	48	80	22.9515	6.7228	6.4736
ENSG00000211633.3	IGKV1D-42	IG_V_gene	39	27	18	8.8791	2.6008	2.5044
ENSG00000211637.2	IGLV4-69	IG_V_gene	1319	650	669	267.3271	78.3043	75.4012
ENSG00000211638.2	IGLV8-61	IG_V_gene	7	5	2	1.4359	0.4206	0.4050
ENSG00000211639.2	IGLV4-60	IG_V_gene	68	28	40	15.9519	4.6726	4.4993
ENSG00000211640.4	IGLV6-57	IG_V_gene	784	394	390	188.6052	55.2454	53.1972
ENSG00000211641.3	IGLV11-55	IG_V_gene	0	0	0	0.0000	0.0000	0.0000
ENSG00000211642.3	IGLV10-54	IG_V_gene	1	1	0	0.1498	0.0439	0.0422
ENSG00000211643.2	IGLV5-52	IG_V_gene	0	0	0	0.0000	0.0000	0.0000
ENSG00000211644.3	IGLV1-51	IG_V_gene	0	0	0	0.0000	0.0000	0.0000
ENSG00000211645.2	IGLV1-50	IG_V_gene	6	3	3	1.2581	0.3685	0.3548
ENSG00000211647.1	IGLV5-48	IG_V_gene	0	0	0	0.0000	0.0000	0.0000
ENSG00000211648.2	IGLV1-47	IG_V_gene	166	91	75	34.6359	10.1454	9.7692
ENSG00000211649.3	IGLV7-46	IG_V_gene	6	2	4	1.3234	0.3877	0.3733
ENSG00000211650.2	IGLV5-45	IG_V_gene	92	57	35	19.6793	5.7644	5.5507
ENSG00000211651.3	IGLV1-44	IG_V_gene	3876	1911	1965	704.8215	206.4533	198.7990
ENSG00000211652.2	IGLV7-43	IG_V_gene	27	17	10	5.9555	1.7444	1.6798
ENSG00000211653.2	IGLV1-40	IG_V_gene	2047	1067	980	427.1060	125.1061	120.4678
ENSG00000211654.2	IGLV5-37	IG_V_gene	0	0	0	0.0000	0.0000	0.0000
ENSG00000211655.3	IGLV1-36	IG_V_gene	32	11	21	6.9146	2.0254	1.9503
ENSG00000211656.3	IGLV2-33	IG_V_gene	0	0	0	0.0000	0.0000	0.0000
ENSG00000211657.3	IGLV3-32	IG_V_gene	0	0	0	0.0000	0.0000	0.0000
ENSG00000211658.2	IGLV3-27	IG_V_gene	9	4	5	2.0273	0.5938	0.5718
ENSG00000211659.2	IGLV3-25	IG_V_gene	133	60	73	29.7222	8.7061	8.3833
ENSG00000211660.3	IGLV2-23	IG_V_gene	18900	9426	9475	3197.2041	936.5112	901.7902
ENSG00000211661.2	IGLV3-22	IG_V_gene	0	0	0	0.0000	0.0000	0.0000
ENSG00000211662.2	IGLV3-21	IG_V_gene	2184	1120	1064	308.0835	90.2425	86.8968
ENSG00000211663.2	IGLV3-19	IG_V_gene	533	275	258	120.0599	35.1674	33.8636
ENSG00000211664.3	IGLV2-18	IG_V_gene	10	5	5	2.3139	0.6778	0.6527
ENSG00000211665.3	IGLV3-16	IG_V_gene	3	2	1	0.6617	0.1938	0.1866
ENSG00000211666.2	IGLV2-14	IG_V_gene	2192	1073	1119	463.0488	135.6343	130.6056
ENSG00000211667.3	IGLV3-12	IG_V_gene	7	4	3	1.6698	0.4891	0.4710
ENSG00000211668.2	IGLV2-11	IG_V_gene	209	109	100	44.3709	12.9969	12.5151
ENSG00000211669.3	IGLV3-10	IG_V_gene	2	1	1	0.4446	0.1302	0.1254
ENSG00000211670.2	IGLV3-9	IG_V_gene	98	48	50	18.0525	5.2879	5.0918
ENSG00000211672.2	IGLV4-3	IG_V_gene	10	6	4	2.1072	0.6172	0.5944
ENSG00000211673.2	IGLV3-1	IG_V_gene	590	302	288	125.8871	36.8743	35.5072
ENSG00000211674.2	IGLJ1	IG_J_gene	0	0	0	0.0000	0.0000	0.0000
ENSG00000211675.2	IGLC1	IG_C_gene	0	0	0	0.0000	0.0000	0.0000
ENSG00000211676.2	IGLJ2	IG_J_gene	4	3	1	1.9410	0.5686	0.5475
ENSG00000211677.2	IGLC2	IG_C_gene	2613	1314	1299	480.2968	140.6865	135.4705
ENSG00000211678.2	IGLJ3	IG_J_gene	0	0	0	0.0000	0.0000	0.0000
ENSG00000211679.2	IGLC3	IG_C_gene	4185	2004	2186	769.2469	225.3245	216.9706
ENSG00000211680.2	IGLJ4	IG_J_gene	0	0	0	0.0000	0.0000	0.0000
ENSG00000211681.2	IGLJ5	IG_J_gene	0	0	0	0.0000	0.0000	0.0000
ENSG00000211682.2	IGLJ6	IG_J_gene	0	0	0	0.0000	0.0000	0.0000
ENSG00000211683.3	AP000346.1	lncRNA	0	0	0	0.0000	0.0000	0.0000
ENSG00000211684.2	IGLJ7	IG_J_gene	0	0	0	0.0000	0.0000	0.0000
ENSG00000211685.3	IGLC7	IG_C_gene	61	31	30	11.7464	3.4407	3.3131
ENSG00000211687.1	TRGJ2	TR_J_gene	0	0	0	0.0000	0.0000	0.0000
ENSG00000211688.1	TRGJP2	TR_J_gene	0	0	0	0.0000	0.0000	0.0000
ENSG00000211689.7	TRGC1	TR_C_gene	46	17	29	1.4309	0.4191	0.4036
ENSG00000211690.1	TRGJ1	TR_J_gene	0	0	0	0.0000	0.0000	0.0000
ENSG00000211691.2	TRGJP	TR_J_gene	0	0	0	0.0000	0.0000	0.0000
ENSG00000211692.1	TRGJP1	TR_J_gene	0	0	0	0.0000	0.0000	0.0000
ENSG00000211693.2	TRGV11	TR_V_gene	0	0	0	0.0000	0.0000	0.0000
ENSG00000211694.2	TRGV10	TR_V_gene	19	11	8	3.1513	0.9231	0.8889
ENSG00000211695.2	TRGV9	TR_V_gene	8	6	2	0.3916	0.1147	0.1104
ENSG00000211696.2	TRGV8	TR_V_gene	2	1	1	0.3629	0.1063	0.1024
ENSG00000211697.4	TRGV5	TR_V_gene	4	2	2	0.6154	0.1803	0.1736
ENSG00000211698.2	TRGV4	TR_V_gene	2	1	2	0.2469	0.0723	0.0696
ENSG00000211699.2	TRGV3	TR_V_gene	7	3	4	1.1070	0.3242	0.3122
ENSG00000211701.2	TRGV1	TR_V_gene	2	1	1	0.3652	0.1070	0.1030
ENSG00000211706.2	TRBV6-1	TR_V_gene	27	10	17	5.7178	1.6748	1.6127
ENSG00000211707.3	TRBV7-1	TR_V_gene	0	0	0	0.0000	0.0000	0.0000
ENSG00000211710.3	TRBV4-1	TR_V_gene	29	10	19	6.6024	1.9339	1.8622
ENSG00000211713.3	TRBV6-4	TR_V_gene	1	0	1	0.2327	0.0681	0.0656
ENSG00000211714.3	TRBV7-3	TR_V_gene	13	5	8	2.7808	0.8145	0.7843
ENSG00000211715.1	TRBV5-3	TR_V_gene	0	0	0	0.0000	0.0000	0.0000
ENSG00000211716.2	TRBV9	TR_V_gene	28	13	15	6.0969	1.7859	1.7197
ENSG00000211717.3	TRBV10-1	TR_V_gene	0	0	0	0.0000	0.0000	0.0000
ENSG00000211720.3	TRBV11-1	TR_V_gene	2	2	0	0.4666	0.1367	0.1316
ENSG00000211721.2	TRBV6-5	TR_V_gene	28	13	15	5.7994	1.6987	1.6358
ENSG00000211724.3	TRBV6-6	TR_V_gene	10	6	4	2.1887	0.6411	0.6173
ENSG00000211725.3	TRBV5-5	TR_V_gene	3	3	0	0.7279	0.2132	0.2053
ENSG00000211727.3	TRBV7-6	TR_V_gene	10	6	4	2.1663	0.6346	0.6110
ENSG00000211728.2	TRBV5-6	TR_V_gene	17	9	8	3.7595	1.1012	1.0604
ENSG00000211731.1	TRBV5-7	TR_V_gene	0	0	0	0.0000	0.0000	0.0000
ENSG00000211734.3	TRBV5-1	TR_V_gene	44	24	20	5.7308	1.6786	1.6164
ENSG00000211739.4	TRBV12-2	TR_V_pseudogene	0	0	0	0.0000	0.0000	0.0000
ENSG00000211745.3	TRBV4-2	TR_V_gene	5	3	2	0.9332	0.2733	0.2632
ENSG00000211746.3	TRBV19	TR_V_gene	21	10	11	3.2307	0.9463	0.9112
ENSG00000211747.3	TRBV20-1	TR_V_gene	44	19	25	9.0472	2.6501	2.5518
ENSG00000211749.1	TRBV23-1	TR_V_gene	3	1	2	0.7342	0.2151	0.2071
ENSG00000211750.2	TRBV24-1	TR_V_gene	4	2	2	0.8916	0.2611	0.2515
ENSG00000211751.9	TRBC1	TR_C_gene	662	313	349	73.9702	21.6670	20.8637
ENSG00000211752.3	TRBV27	TR_V_gene	30	12	18	6.5830	1.9283	1.8568
ENSG00000211753.4	TRBV28	TR_V_gene	63	24	39	14.6978	4.3052	4.1456
ENSG00000211764.1	TRBJ2-1	TR_J_gene	3	1	2	5.0952	1.4925	1.4371
ENSG00000211765.1	TRBJ2-2	TR_J_gene	2	2	0	3.3302	0.9755	0.9393
ENSG00000211766.1	TRBJ2-2P	TR_J_gene	0	0	0	0.0000	0.0000	0.0000
ENSG00000211767.1	TRBJ2-3	TR_J_gene	1	1	0	1.7331	0.5076	0.4888
ENSG00000211768.1	TRBJ2-4	TR_J_gene	0	0	0	0.0000	0.0000	0.0000
ENSG00000211769.1	TRBJ2-5	TR_J_gene	0	0	0	0.0000	0.0000	0.0000
ENSG00000211770.1	TRBJ2-6	TR_J_gene	1	0	1	1.6023	0.4693	0.4519
ENSG00000211771.1	TRBJ2-7	TR_J_gene	6	2	4	10.8409	3.1755	3.0577
ENSG00000211772.11	TRBC2	TR_C_gene	1084	546	538	121.4430	35.5725	34.2537
ENSG00000211776.2	TRAV2	TR_V_gene	8	7	2	1.9522	0.5718	0.5506
ENSG00000211777.2	TRAV3	TR_V_gene	12	7	5	1.9635	0.5751	0.5538
ENSG00000211778.2	TRAV4	TR_V_gene	14	4	10	3.0098	0.8816	0.8489
ENSG00000211779.3	TRAV5	TR_V_gene	6	5	1	1.4475	0.4240	0.4083
ENSG00000211780.3	TRAV6	TR_V_gene	11	5	6	2.3122	0.6773	0.6522
ENSG00000211781.3	TRAV7	TR_V_gene	0	0	0	0.0000	0.0000	0.0000
ENSG00000211782.2	TRAV8-1	TR_V_gene	11	8	3	1.9749	0.5785	0.5570
ENSG00000211783.3	TRAV9-1	TR_V_gene	0	0	0	0.0000	0.0000	0.0000
ENSG00000211784.2	TRAV10	TR_V_gene	2	1	1	0.4481	0.1313	0.1264
ENSG00000211785.1	TRAV12-1	TR_V_gene	24	13	11	5.9944	1.7558	1.6908
ENSG00000211786.3	TRAV8-2	TR_V_gene	11	6	5	1.6504	0.4834	0.4655
ENSG00000211787.1	TRAV8-3	TR_V_gene	18	9	9	4.4826	1.3130	1.2643
ENSG00000211788.2	TRAV13-1	TR_V_gene	27	13	14	6.3690	1.8656	1.7964
ENSG00000211789.2	TRAV12-2	TR_V_gene	56	31	25	10.6866	3.1303	3.0142
ENSG00000211790.2	TRAV8-4	TR_V_gene	19	10	9	3.4403	1.0077	0.9703
ENSG00000211791.2	TRAV13-2	TR_V_gene	6	4	2	1.2427	0.3640	0.3505
ENSG00000211792.2	TRAV14DV4	TR_V_gene	15	10	5	2.9972	0.8779	0.8454
ENSG00000211793.2	TRAV9-2	TR_V_gene	7	3	4	1.5087	0.4419	0.4255
ENSG00000211794.3	TRAV12-3	TR_V_gene	16	12	4	3.4053	0.9975	0.9605
ENSG00000211795.3	TRAV8-6	TR_V_gene	16	10	6	2.4220	0.7094	0.6831
ENSG00000211796.1	TRAV16	TR_V_gene	7	3	4	1.8068	0.5292	0.5096
ENSG00000211797.2	TRAV17	TR_V_gene	18	6	12	3.1582	0.9251	0.8908
ENSG00000211798.3	TRAV18	TR_V_gene	2	2	0	0.3860	0.1131	0.1089
ENSG00000211799.3	TRAV19	TR_V_gene	13	5	8	2.3640	0.6924	0.6668
ENSG00000211800.3	TRAV20	TR_V_gene	6	2	4	1.2550	0.3676	0.3540
ENSG00000211801.3	TRAV21	TR_V_gene	30	14	16	7.4274	2.1756	2.0950
ENSG00000211802.3	TRAV22	TR_V_gene	12	4	8	2.1962	0.6433	0.6195
ENSG00000211803.2	TRAV23DV6	TR_V_gene	7	3	4	1.4534	0.4257	0.4099
ENSG00000211804.3	TRDV1	TR_V_gene	16	6	10	3.7225	1.0904	1.0500
ENSG00000211805.1	TRAV24	TR_V_gene	5	2	3	1.2379	0.3626	0.3492
ENSG00000211806.2	TRAV25	TR_V_gene	7	4	3	1.4750	0.4321	0.4160
ENSG00000211807.3	TRAV26-1	TR_V_gene	9	7	2	1.4232	0.4169	0.4014
ENSG00000211808.3	TRAV8-7	TR_V_gene	0	0	0	0.0000	0.0000	0.0000
ENSG00000211809.2	TRAV27	TR_V_gene	10	4	6	1.9981	0.5853	0.5636
ENSG00000211810.3	TRAV29DV5	TR_V_gene	14	6	8	2.5349	0.7425	0.7150
ENSG00000211812.1	TRAV26-2	TR_V_gene	3	3	0	0.7791	0.2282	0.2197
ENSG00000211813.2	TRAV34	TR_V_gene	3	2	1	0.7300	0.2138	0.2059
ENSG00000211814.1	TRAV35	TR_V_pseudogene	10	3	7	2.5733	0.7538	0.7258
ENSG00000211815.3	TRAV36DV7	TR_V_gene	2	1	1	0.4771	0.1397	0.1346
ENSG00000211816.2	TRAV38-1	TR_V_gene	3	2	1	0.7217	0.2114	0.2036
ENSG00000211817.2	TRAV38-2DV8	TR_V_gene	10	6	4	2.1499	0.6297	0.6064
ENSG00000211818.1	TRAV39	TR_V_gene	2	0	2	0.5131	0.1503	0.1447
ENSG00000211819.3	TRAV40	TR_V_gene	1	1	0	0.2679	0.0785	0.0756
ENSG00000211820.1	TRAV41	TR_V_gene	2	1	1	0.5055	0.1481	0.1426
ENSG00000211821.2	TRDV2	TR_V_gene	11	7	4	1.7964	0.5262	0.5067
ENSG00000211825.1	TRDJ1	TR_J_gene	1	1	0	1.6651	0.4877	0.4697
ENSG00000211826.1	TRDJ4	TR_J_gene	0	0	0	0.0000	0.0000	0.0000
ENSG00000211827.1	TRDJ2	TR_J_gene	0	0	0	0.0000	0.0000	0.0000
ENSG00000211828.1	TRDJ3	TR_J_gene	0	0	0	0.0000	0.0000	0.0000
ENSG00000211829.9	TRDC	TR_C_gene	54	47	56	6.3690	1.8656	1.7964
ENSG00000211831.2	TRAJ61	TR_J_gene	0	0	0	0.0000	0.0000	0.0000
ENSG00000211832.2	TRAJ59	TR_J_gene	0	0	0	0.0000	0.0000	0.0000
ENSG00000211833.1	TRAJ58	TR_J_gene	0	0	0	0.0000	0.0000	0.0000
ENSG00000211834.1	TRAJ57	TR_J_gene	0	0	0	0.0000	0.0000	0.0000
ENSG00000211835.1	TRAJ56	TR_J_gene	0	0	0	0.0000	0.0000	0.0000
ENSG00000211836.1	TRAJ54	TR_J_gene	0	0	0	0.0000	0.0000	0.0000
ENSG00000211837.1	TRAJ53	TR_J_gene	0	0	0	0.0000	0.0000	0.0000
ENSG00000211838.1	TRAJ52	TR_J_gene	0	0	0	0.0000	0.0000	0.0000
ENSG00000211839.1	TRAJ50	TR_J_gene	0	0	0	0.0000	0.0000	0.0000
ENSG00000211840.1	TRAJ49	TR_J_gene	1	0	1	1.5164	0.4442	0.4277
ENSG00000211841.1	TRAJ48	TR_J_gene	0	0	0	0.0000	0.0000	0.0000
ENSG00000211842.1	TRAJ47	TR_J_gene	0	0	0	0.0000	0.0000	0.0000
ENSG00000211843.1	TRAJ46	TR_J_gene	0	0	0	0.0000	0.0000	0.0000
ENSG00000211844.1	TRAJ45	TR_J_gene	0	0	0	0.0000	0.0000	0.0000
ENSG00000211845.1	TRAJ44	TR_J_gene	1	1	0	1.3479	0.3948	0.3802
ENSG00000211846.1	TRAJ43	TR_J_gene	0	0	0	0.0000	0.0000	0.0000
ENSG00000211847.1	TRAJ42	TR_J_gene	0	0	0	0.0000	0.0000	0.0000
ENSG00000211848.1	TRAJ41	TR_J_gene	0	0	0	0.0000	0.0000	0.0000
ENSG00000211849.1	TRAJ40	TR_J_gene	0	0	0	0.0000	0.0000	0.0000
ENSG00000211850.1	TRAJ39	TR_J_gene	0	0	0	0.0000	0.0000	0.0000
ENSG00000211851.1	TRAJ38	TR_J_gene	1	0	1	1.3697	0.4012	0.3863
ENSG00000211854.1	TRAJ35	TR_J_gene	0	0	0	0.0000	0.0000	0.0000
ENSG00000211855.1	TRAJ34	TR_J_gene	1	0	1	1.4641	0.4289	0.4130
ENSG00000211856.1	TRAJ33	TR_J_gene	0	0	0	0.0000	0.0000	0.0000
ENSG00000211857.1	TRAJ32	TR_J_gene	0	0	0	0.0000	0.0000	0.0000
ENSG00000211858.1	TRAJ31	TR_J_gene	0	0	0	0.0000	0.0000	0.0000
ENSG00000211859.1	TRAJ30	TR_J_gene	0	0	0	0.0000	0.0000	0.0000
ENSG00000211860.1	TRAJ29	TR_J_gene	0	0	0	0.0000	0.0000	0.0000
ENSG00000211861.1	TRAJ28	TR_J_gene	0	0	0	0.0000	0.0000	0.0000
ENSG00000211862.1	TRAJ27	TR_J_gene	0	0	0	0.0000	0.0000	0.0000
ENSG00000211863.1	TRAJ26	TR_J_gene	0	0	0	0.0000	0.0000	0.0000
ENSG00000211864.2	TRAJ25	TR_J_gene	0	0	0	0.0000	0.0000	0.0000
ENSG00000211865.1	TRAJ24	TR_J_gene	1	1	0	1.3479	0.3948	0.3802
ENSG00000211866.1	TRAJ23	TR_J_gene	0	0	0	0.0000	0.0000	0.0000
ENSG00000211867.1	TRAJ22	TR_J_gene	0	0	0	0.0000	0.0000	0.0000
ENSG00000211868.1	TRAJ21	TR_J_gene	0	0	0	0.0000	0.0000	0.0000
ENSG00000211869.1	TRAJ20	TR_J_gene	0	0	0	0.0000	0.0000	0.0000
ENSG00000211870.1	TRAJ19	TR_J_gene	0	0	0	0.0000	0.0000	0.0000
ENSG00000211871.1	TRAJ18	TR_J_gene	0	0	0	0.0000	0.0000	0.0000
ENSG00000211872.1	TRAJ17	TR_J_gene	0	0	0	0.0000	0.0000	0.0000
ENSG00000211873.1	TRAJ16	TR_J_gene	1	1	0	1.4153	0.4146	0.3992
ENSG00000211875.1	TRAJ14	TR_J_gene	0	0	0	0.0000	0.0000	0.0000
ENSG00000211876.1	TRAJ13	TR_J_gene	0	0	0	0.0000	0.0000	0.0000
ENSG00000211877.1	TRAJ12	TR_J_gene	0	0	0	0.0000	0.0000	0.0000
ENSG00000211878.1	TRAJ11	TR_J_gene	2	1	1	2.8307	0.8292	0.7984
ENSG00000211879.1	TRAJ10	TR_J_gene	0	0	0	0.0000	0.0000	0.0000
ENSG00000211880.1	TRAJ9	TR_J_gene	0	0	0	0.0000	0.0000	0.0000
ENSG00000211881.1	TRAJ8	TR_J_pseudogene	0	0	0	0.0000	0.0000	0.0000
ENSG00000211882.1	TRAJ7	TR_J_gene	2	0	2	2.8787	0.8432	0.8119
ENSG00000211883.1	TRAJ6	TR_J_gene	0	0	0	0.0000	0.0000	0.0000
ENSG00000211884.1	TRAJ5	TR_J_gene	1	1	0	1.4153	0.4146	0.3992
ENSG00000211885.1	TRAJ4	TR_J_gene	0	0	0	0.0000	0.0000	0.0000
ENSG00000211886.1	TRAJ3	TR_J_gene	1	0	1	1.3697	0.4012	0.3863
ENSG00000211887.2	TRAJ2	TR_J_gene	0	0	0	0.0000	0.0000	0.0000
ENSG00000211888.2	TRAJ1	TR_J_gene	0	0	0	0.0000	0.0000	0.0000
ENSG00000211890.4	IGHA2	IG_C_gene	1116	574	542	66.2736	19.4126	18.6929
ENSG00000211891.6	IGHE	IG_C_gene	11	5	6	0.5773	0.1691	0.1628
ENSG00000211892.4	IGHG4	IG_C_gene	5567	2799	2781	172.5373	50.5389	48.6652
ENSG00000211893.4	IGHG2	IG_C_gene	8226	4113	4115	255.2267	74.7599	71.9882
ENSG00000211895.5	IGHA1	IG_C_gene	33439	16731	16711	1996.9443	584.9363	563.2499
ENSG00000211896.7	IGHG1	IG_C_gene	330232	164242	166134	10153.3125	2974.0643	2863.8014
ENSG00000211897.9	IGHG3	IG_C_gene	13902	7582	6324	407.9351	119.4906	115.0605
ENSG00000211898.7	IGHD	IG_C_gene	46	18	28	2.2871	0.6699	0.6451
ENSG00000211899.10	IGHM	IG_C_gene	70648	35257	35392	3206.5525	939.2495	904.4269
ENSG00000211900.2	IGHJ6	IG_J_gene	71	35	36	98.8418	28.9523	27.8789
ENSG00000211904.2	IGHJ2	IG_J_gene	19	8	11	31.0286	9.0888	8.7518
ENSG00000211905.1	IGHJ1	IG_J_gene	10	3	7	16.3309	4.7836	4.6062
ENSG00000211907.1	IGHD1-26	IG_D_gene	0	0	0	0.0000	0.0000	0.0000
ENSG00000211909.1	IGHD5-24	IG_D_gene	0	0	0	0.0000	0.0000	0.0000
ENSG00000211911.1	IGHD3-22	IG_D_gene	0	0	0	0.0000	0.0000	0.0000
ENSG00000211912.1	IGHD2-21	IG_D_gene	0	0	0	0.0000	0.0000	0.0000
ENSG00000211914.1	IGHD6-19	IG_D_gene	0	0	0	0.0000	0.0000	0.0000
ENSG00000211915.1	IGHD5-18	IG_D_gene	0	0	0	0.0000	0.0000	0.0000
ENSG00000211917.1	IGHD3-16	IG_D_gene	0	0	0	0.0000	0.0000	0.0000
ENSG00000211918.1	IGHD2-15	IG_D_gene	0	0	0	0.0000	0.0000	0.0000
ENSG00000211920.1	IGHD6-13	IG_D_gene	0	0	0	0.0000	0.0000	0.0000
ENSG00000211921.1	IGHD5-12	IG_D_gene	0	0	0	0.0000	0.0000	0.0000
ENSG00000211923.1	IGHD3-10	IG_D_gene	1	0	1	2.7394	0.8024	0.7727
ENSG00000211924.1	IGHD3-9	IG_D_gene	3	3	0	8.2181	2.4072	2.3180
ENSG00000211925.1	IGHD2-8	IG_D_gene	0	0	0	0.0000	0.0000	0.0000
ENSG00000211928.1	IGHD5-5	IG_D_gene	0	0	0	0.0000	0.0000	0.0000
ENSG00000211930.1	IGHD3-3	IG_D_gene	7	3	4	19.1756	5.6168	5.4086
ENSG00000211931.1	IGHD2-2	IG_D_gene	1	0	1	2.7394	0.8024	0.7727
ENSG00000211933.2	IGHV6-1	IG_V_gene	120	64	56	24.5553	7.1926	6.9260
ENSG00000211934.3	IGHV1-2	IG_V_gene	132	66	67	26.8813	7.8740	7.5820
ENSG00000211935.3	IGHV1-3	IG_V_gene	6980	3548	3435	1500.6195	439.5550	423.2585
ENSG00000211937.3	IGHV2-5	IG_V_gene	8397	4247	4171	1886.4471	552.5699	532.0835
ENSG00000211938.2	IGHV3-7	IG_V_gene	122	65	57	24.0937	7.0574	6.7958
ENSG00000211941.3	IGHV3-11	IG_V_gene	57	29	28	10.2335	2.9976	2.8864
ENSG00000211942.3	IGHV3-13	IG_V_gene	52	25	27	10.2694	3.0081	2.8966
ENSG00000211943.2	IGHV3-15	IG_V_gene	190	95	95	36.9219	10.8150	10.4140
ENSG00000211944.2	IGHV3-16	IG_V_gene	0	0	0	0.0000	0.0000	0.0000
ENSG00000211945.2	IGHV1-18	IG_V_gene	7414	3718	3698	1535.6102	449.8043	433.1279
ENSG00000211946.3	IGHV3-20	IG_V_gene	186	94	92	38.0607	11.1486	10.7353
ENSG00000211947.2	IGHV3-21	IG_V_gene	170	89	81	33.5732	9.8341	9.4695
ENSG00000211949.3	IGHV3-23	IG_V_gene	4418	2163	2255	868.4688	254.3881	244.9567
ENSG00000211950.2	IGHV1-24	IG_V_gene	37	14	23	7.6449	2.2393	2.1563
ENSG00000211951.2	IGHV2-26	IG_V_gene	4	2	2	0.8916	0.2611	0.2515
ENSG00000211952.3	IGHV4-28	IG_V_gene	50	27	24	9.9906	2.9264	2.8179
ENSG00000211955.2	IGHV3-33	IG_V_gene	888	439	449	174.9637	51.2496	49.3495
ENSG00000211956.2	IGHV4-34	IG_V_gene	217	111	107	46.0693	13.4944	12.9941
ENSG00000211957.2	IGHV3-35	IG_V_gene	10	9	1	2.3202	0.6796	0.6544
ENSG00000211958.2	IGHV3-38	IG_V_gene	56	26	30	11.1633	3.2699	3.1487
ENSG00000211959.2	IGHV4-39	IG_V_gene	1851	950	901	369.8535	108.3359	104.3194
ENSG00000211961.3	IGHV1-45	IG_V_gene	8	3	5	1.6530	0.4842	0.4662
ENSG00000211962.2	IGHV1-46	IG_V_gene	2250	1448	802	291.7115	85.4469	82.2789
ENSG00000211964.3	IGHV3-48	IG_V_gene	182	89	93	35.7767	10.4795	10.0910
ENSG00000211965.4	IGHV3-49	IG_V_gene	103	54	49	19.9244	5.8362	5.6198
ENSG00000211966.2	IGHV5-51	IG_V_gene	12391	6193	6199	2566.4616	751.7568	723.8856
ENSG00000211967.3	IGHV3-53	IG_V_gene	117	65	52	17.4005	5.0969	4.9079
ENSG00000211968.3	IGHV1-58	IG_V_gene	89	47	42	18.2558	5.3474	5.1492
ENSG00000211970.3	IGHV4-61	IG_V_gene	30	19	11	5.5746	1.6329	1.5724
ENSG00000211972.2	IGHV3-66	IG_V_gene	114	58	56	22.6720	6.6410	6.3948
ENSG00000211973.2	IGHV1-69	IG_V_gene	248	130	118	51.1172	14.9730	14.4179
ENSG00000211974.3	IGHV2-70D	IG_V_gene	18	10	8	3.5220	1.0317	0.9934
ENSG00000211976.2	IGHV3-73	IG_V_gene	394	186	208	76.5644	22.4269	21.5954
ENSG00000211978.2	IGHV5-78	IG_V_pseudogene	8	3	5	2.3029	0.6746	0.6496
ENSG00000211979.2	IGHV7-81	IG_V_gene	2	2	0	0.4194	0.1228	0.1183
ENSG00000211991.4	MIR676	miRNA	0	0	0	0.0000	0.0000	0.0000
ENSG00000211997.1	MIR708	miRNA	0	0	0	0.0000	0.0000	0.0000
ENSG00000212013.1	MIR509-2	miRNA	0	0	0	0.0000	0.0000	0.0000
ENSG00000212014.1	MIR509-3	miRNA	0	0	0	0.0000	0.0000	0.0000
ENSG00000212017.2	MIR548U	miRNA	0	0	0	0.0000	0.0000	0.0000
ENSG00000212024.2	MIR550A3	miRNA	0	0	0	0.0000	0.0000	0.0000
ENSG00000212027.3	MIR374B	miRNA	0	0	0	0.0000	0.0000	0.0000
ENSG00000212036.3	MIR548BA	miRNA	0	0	0	0.0000	0.0000	0.0000
ENSG00000212040.3	MIR543	miRNA	0	0	0	0.0000	0.0000	0.0000
ENSG00000212051.1	MIR320C2	miRNA	0	0	0	0.0000	0.0000	0.0000
ENSG00000212100.2	MIR764	miRNA	0	0	0	0.0000	0.0000	0.0000
ENSG00000212102.1	MIR301B	miRNA	0	0	0	0.0000	0.0000	0.0000
ENSG00000212122.4	TSSK1B	protein_coding	0	0	0	0.0000	0.0000	0.0000
ENSG00000212123.4	PRR22	protein_coding	21	11	10	0.9979	0.2923	0.2815
ENSG00000212124.2	TAS2R19	protein_coding	3	1	2	0.2543	0.0745	0.0717
ENSG00000212125.2	TAS2R15P	unprocessed_pseudogene	2	2	0	0.1830	0.0536	0.0516
ENSG00000212126.3	TAS2R50	protein_coding	0	0	0	0.0000	0.0000	0.0000
ENSG00000212127.6	TAS2R14	protein_coding	20	10	10	0.7233	0.2119	0.2040
ENSG00000212128.2	TAS2R13	protein_coding	0	0	0	0.0000	0.0000	0.0000
ENSG00000212133.1	RNU6-1168P	snRNA	0	0	0	0.0000	0.0000	0.0000
ENSG00000212134.1	AL031650.1	snoRNA	0	0	0	0.0000	0.0000	0.0000
ENSG00000212135.1	SNORD67	snoRNA	1	0	1	0.7650	0.2241	0.2158
ENSG00000212136.1	RNU6-696P	snRNA	0	0	0	0.0000	0.0000	0.0000
ENSG00000212138.1	RNA5SP372	rRNA_pseudogene	0	0	0	0.0000	0.0000	0.0000
ENSG00000212140.1	RNU6-1320P	snRNA	0	0	0	0.0000	0.0000	0.0000
ENSG00000212144.1	U8	snoRNA	0	0	0	0.0000	0.0000	0.0000
ENSG00000212145.2	U8	snoRNA	0	0	0	0.0000	0.0000	0.0000
ENSG00000212146.1	RNU6-910P	snRNA	0	0	0	0.0000	0.0000	0.0000
ENSG00000212147.1	RNU6-1106P	snRNA	0	0	0	0.0000	0.0000	0.0000
ENSG00000212149.1	AC055866.1	snoRNA	0	0	0	0.0000	0.0000	0.0000
ENSG00000212153.1	RNU1-82P	snRNA	0	3	3	0.0000	0.0000	0.0000
ENSG00000212154.1	RNA5SP377	rRNA_pseudogene	0	0	0	0.0000	0.0000	0.0000
ENSG00000212156.1	RNU6-576P	snRNA	0	0	0	0.0000	0.0000	0.0000
ENSG00000212157.1	RNU6-1319P	snRNA	0	0	0	0.0000	0.0000	0.0000
ENSG00000212158.1	SNORD66	snoRNA	0	0	0	0.0000	0.0000	0.0000
ENSG00000212160.1	RNU6-205P	snRNA	0	0	0	0.0000	0.0000	0.0000
ENSG00000212161.1	AL590560.1	snoRNA	0	0	0	0.0000	0.0000	0.0000
ENSG00000212163.6	SNORD91A	snoRNA	2	2	0	0.8892	0.2605	0.2508
ENSG00000212165.2	U3	snoRNA	0	0	0	0.0000	0.0000	0.0000
ENSG00000212167.1	RNU6-763P	snRNA	0	0	0	0.0000	0.0000	0.0000
ENSG00000212168.1	AC073875.1	snoRNA	0	0	0	0.0000	0.0000	0.0000
ENSG00000212170.1	RNU1-77P	snRNA	0	0	0	0.0000	0.0000	0.0000
ENSG00000212171.1	RNA5SP86	rRNA_pseudogene	0	0	0	0.0000	0.0000	0.0000
ENSG00000212172.1	RNU1-149P	snRNA	0	0	0	0.0000	0.0000	0.0000
ENSG00000212175.1	AC015982.1	snoRNA	1	0	1	0.5738	0.1681	0.1618
ENSG00000212176.1	RNA5SP207	rRNA_pseudogene	0	0	0	0.0000	0.0000	0.0000
ENSG00000212181.1	AC019070.1	snoRNA	0	0	0	0.0000	0.0000	0.0000
ENSG00000212182.2	U3	snoRNA	0	0	0	0.0000	0.0000	0.0000
ENSG00000212184.1	RNU6-440P	snRNA	0	0	0	0.0000	0.0000	0.0000
ENSG00000212186.1	RNU6-258P	snRNA	0	0	0	0.0000	0.0000	0.0000
ENSG00000212187.1	AC092814.1	snoRNA	0	0	0	0.0000	0.0000	0.0000
ENSG00000212189.1	RNU6-328P	snRNA	0	0	0	0.0000	0.0000	0.0000
ENSG00000212190.1	RNU6-298P	snRNA	0	0	0	0.0000	0.0000	0.0000
ENSG00000212191.1	AC017087.1	snoRNA	0	0	0	0.0000	0.0000	0.0000
ENSG00000212195.2	U3	snoRNA	0	0	0	0.0000	0.0000	0.0000
ENSG00000212199.1	RNU6-127P	snRNA	0	0	0	0.0000	0.0000	0.0000
ENSG00000212204.1	RNA5SP91	rRNA_pseudogene	0	0	0	0.0000	0.0000	0.0000
ENSG00000212205.1	Y_RNA	misc_RNA	0	0	0	0.0000	0.0000	0.0000
ENSG00000212206.1	AC135178.1	snoRNA	0	0	0	0.0000	0.0000	0.0000
ENSG00000212207.1	RNU6-1321P	snRNA	0	0	0	0.0000	0.0000	0.0000
ENSG00000212211.2	U3	snoRNA	0	0	0	0.0000	0.0000	0.0000
ENSG00000212214.1	SNORA48B	snoRNA	0	0	0	0.0000	0.0000	0.0000
ENSG00000212215.1	RNU6-913P	snRNA	0	0	0	0.0000	0.0000	0.0000
ENSG00000212216.1	RNU6-816P	snRNA	0	0	0	0.0000	0.0000	0.0000
ENSG00000212219.1	RNU6-604P	snRNA	0	0	0	0.0000	0.0000	0.0000
ENSG00000212221.1	RNU6-220P	snRNA	0	0	0	0.0000	0.0000	0.0000
ENSG00000212224.1	AL133229.1	snoRNA	0	0	0	0.0000	0.0000	0.0000
ENSG00000212226.1	RNU6-907P	snRNA	0	0	0	0.0000	0.0000	0.0000
ENSG00000212228.1	AC009121.1	snoRNA	0	0	0	0.0000	0.0000	0.0000
ENSG00000212229.1	AL591004.1	snoRNA	0	0	0	0.0000	0.0000	0.0000
ENSG00000212230.1	RNU6-747P	snRNA	0	0	0	0.0000	0.0000	0.0000
ENSG00000212232.1	SNORD17	snoRNA	11	3	8	3.9415	1.1545	1.1117
ENSG00000212237.1	RNA5SP18	rRNA_pseudogene	1	0	1	0.7018	0.2056	0.1980
ENSG00000212238.1	RNA5SP244	rRNA_pseudogene	0	0	0	0.0000	0.0000	0.0000
ENSG00000212240.1	RNU6-930P	snRNA	1	1	0	0.8492	0.2487	0.2395
ENSG00000212241.1	Y_RNA	misc_RNA	1	1	0	0.9034	0.2646	0.2548
ENSG00000212242.1	RNA5SP219	rRNA_pseudogene	1	0	1	0.7515	0.2201	0.2120
ENSG00000212246.1	RNU6-360P	snRNA	0	0	0	0.0000	0.0000	0.0000
ENSG00000212247.1	RNU6-278P	snRNA	0	0	0	0.0000	0.0000	0.0000
ENSG00000212248.1	RNU6-750P	snRNA	0	0	0	0.0000	0.0000	0.0000
ENSG00000212249.2	U8	snoRNA	0	0	0	0.0000	0.0000	0.0000
ENSG00000212251.1	RNA5SP376	rRNA_pseudogene	0	0	0	0.0000	0.0000	0.0000
ENSG00000212257.1	RNU6-1176P	snRNA	0	0	0	0.0000	0.0000	0.0000
ENSG00000212258.1	RNA5SP176	rRNA_pseudogene	0	0	0	0.0000	0.0000	0.0000
ENSG00000212259.1	RNU6-308P	snRNA	0	0	0	0.0000	0.0000	0.0000
ENSG00000212260.1	RNU6-724P	snRNA	0	0	0	0.0000	0.0000	0.0000
ENSG00000212264.1	SNORD65C	snoRNA	0	0	0	0.0000	0.0000	0.0000
ENSG00000212265.1	RNA5SP185	rRNA_pseudogene	0	0	0	0.0000	0.0000	0.0000
ENSG00000212266.1	AL390877.1	snoRNA	0	0	0	0.0000	0.0000	0.0000
ENSG00000212269.1	RNU6-788P	snRNA	0	0	0	0.0000	0.0000	0.0000
ENSG00000212270.1	AL359396.1	snoRNA	0	0	0	0.0000	0.0000	0.0000
ENSG00000212273.1	AC090821.1	snoRNA	0	0	0	0.0000	0.0000	0.0000
ENSG00000212276.1	RNA5SP292	rRNA_pseudogene	0	0	0	0.0000	0.0000	0.0000
ENSG00000212278.1	SNORD81	snoRNA	0	0	0	0.0000	0.0000	0.0000
ENSG00000212279.2	AC012435.1	snoRNA	0	0	0	0.0000	0.0000	0.0000
ENSG00000212280.1	RNA5SP256	rRNA_pseudogene	0	0	0	0.0000	0.0000	0.0000
ENSG00000212282.1	RNU6-578P	snRNA	0	0	0	0.0000	0.0000	0.0000
ENSG00000212283.1	SNORD89	snoRNA	0	0	0	0.0000	0.0000	0.0000
ENSG00000212289.1	RNA5SP339	rRNA_pseudogene	0	0	0	0.0000	0.0000	0.0000
ENSG00000212292.1	RNU6-239P	snRNA	0	0	0	0.0000	0.0000	0.0000
ENSG00000212293.1	AL137247.1	snoRNA	0	0	0	0.0000	0.0000	0.0000
ENSG00000212295.1	SNORD28B	snoRNA	0	0	0	0.0000	0.0000	0.0000
ENSG00000212296.1	SNORD72	snoRNA	1	1	0	1.0615	0.3109	0.2994
ENSG00000212297.1	RNU6-821P	snRNA	0	0	0	0.0000	0.0000	0.0000
ENSG00000212298.1	RNU6-1009P	snRNA	0	0	0	0.0000	0.0000	0.0000
ENSG00000212302.1	AL135998.1	snoRNA	0	0	0	0.0000	0.0000	0.0000
ENSG00000212303.1	RNU6-1154P	snRNA	0	0	0	0.0000	0.0000	0.0000
ENSG00000212304.1	SNORD12	snoRNA	0	0	0	0.0000	0.0000	0.0000
ENSG00000212305.1	RNU6-679P	snRNA	0	0	0	0.0000	0.0000	0.0000
ENSG00000212306.1	Y_RNA	misc_RNA	0	0	0	0.0000	0.0000	0.0000
ENSG00000212308.1	RNA5SP23	rRNA_pseudogene	0	0	0	0.0000	0.0000	0.0000
ENSG00000212309.1	SNORD70B	snoRNA	0	0	0	0.0000	0.0000	0.0000
ENSG00000212312.1	RNA5SP109	rRNA_pseudogene	0	0	0	0.0000	0.0000	0.0000
ENSG00000212314.2	RNU6-1307P	snRNA	0	0	0	0.0000	0.0000	0.0000
ENSG00000212316.1	RNU6-1228P	snRNA	0	0	0	0.0000	0.0000	0.0000
ENSG00000212319.1	Y_RNA	misc_RNA	0	0	0	0.0000	0.0000	0.0000
ENSG00000212321.2	U3	snoRNA	0	0	0	0.0000	0.0000	0.0000
ENSG00000212324.1	RNU6-129P	snRNA	0	0	0	0.0000	0.0000	0.0000
ENSG00000212325.1	Y_RNA	misc_RNA	0	0	0	0.0000	0.0000	0.0000
ENSG00000212327.1	RNU6-882P	snRNA	2	0	2	1.6489	0.4830	0.4651
ENSG00000212329.1	RNU6-316P	snRNA	0	0	0	0.0000	0.0000	0.0000
ENSG00000212330.1	RNU6-244P	snRNA	0	0	0	0.0000	0.0000	0.0000
ENSG00000212331.1	RNA5SP297	rRNA_pseudogene	0	0	0	0.0000	0.0000	0.0000
ENSG00000212332.1	RNU6-780P	snRNA	0	0	0	0.0000	0.0000	0.0000
ENSG00000212333.1	RNA5SP213	rRNA_pseudogene	0	0	0	0.0000	0.0000	0.0000
ENSG00000212335.1	Y_RNA	misc_RNA	0	0	0	0.0000	0.0000	0.0000
ENSG00000212336.1	RNA5SP210	rRNA_pseudogene	0	0	0	0.0000	0.0000	0.0000
ENSG00000212338.1	AL512326.2	snoRNA	0	0	0	0.0000	0.0000	0.0000
ENSG00000212340.1	RNU6-739P	snRNA	0	0	0	0.0000	0.0000	0.0000
ENSG00000212342.1	AC103725.1	snoRNA	6	1	5	3.2662	0.9567	0.9212
ENSG00000212344.1	RNU6-823P	snRNA	0	0	0	0.0000	0.0000	0.0000
ENSG00000212345.1	RNU6-700P	snRNA	0	0	0	0.0000	0.0000	0.0000
ENSG00000212347.2	AL031584.1	snoRNA	0	0	0	0.0000	0.0000	0.0000
ENSG00000212348.1	RNU6-1300P	snRNA	0	0	0	0.0000	0.0000	0.0000
ENSG00000212354.1	RNU6-1242P	snRNA	0	0	0	0.0000	0.0000	0.0000
ENSG00000212358.1	RNU6-837P	snRNA	0	0	0	0.0000	0.0000	0.0000
ENSG00000212359.1	RNU6-550P	snRNA	0	0	0	0.0000	0.0000	0.0000
ENSG00000212360.1	RNU6-1177P	snRNA	0	0	0	0.0000	0.0000	0.0000
ENSG00000212363.1	AC010501.1	snoRNA	0	0	0	0.0000	0.0000	0.0000
ENSG00000212365.1	RNA5SP332	rRNA_pseudogene	0	0	0	0.0000	0.0000	0.0000
ENSG00000212366.1	RNU6-1246P	snRNA	0	0	0	0.0000	0.0000	0.0000
ENSG00000212368.1	RNU6-1000P	snRNA	0	0	0	0.0000	0.0000	0.0000
ENSG00000212370.1	RNU6-482P	snRNA	0	0	0	0.0000	0.0000	0.0000
ENSG00000212371.1	AF111168.1	snoRNA	2	0	2	1.1101	0.3252	0.3131
ENSG00000212373.1	RNA5SP171	rRNA_pseudogene	0	0	0	0.0000	0.0000	0.0000
ENSG00000212374.1	RNU6-401P	snRNA	0	0	0	0.0000	0.0000	0.0000
ENSG00000212377.1	AL139003.1	snoRNA	0	0	0	0.0000	0.0000	0.0000
ENSG00000212378.1	AC092630.1	snoRNA	0	0	0	0.0000	0.0000	0.0000
ENSG00000212379.1	RNU6-269P	snRNA	0	0	0	0.0000	0.0000	0.0000
ENSG00000212380.1	SNORD115-45	snoRNA	0	0	0	0.0000	0.0000	0.0000
ENSG00000212382.1	RNU6-159P	snRNA	0	0	0	0.0000	0.0000	0.0000
ENSG00000212383.1	AC121758.1	snoRNA	0	0	0	0.0000	0.0000	0.0000
ENSG00000212384.1	SNORD113-2	snoRNA	0	0	0	0.0000	0.0000	0.0000
ENSG00000212385.1	RNU6-817P	snRNA	0	0	0	0.0000	0.0000	0.0000
ENSG00000212387.1	RNU6-1055P	snRNA	0	0	0	0.0000	0.0000	0.0000
ENSG00000212388.1	RNU6-796P	snRNA	0	0	0	0.0000	0.0000	0.0000
ENSG00000212389.1	RNU6-1275P	snRNA	0	0	0	0.0000	0.0000	0.0000
ENSG00000212391.1	AC073149.1	snoRNA	0	0	0	0.0000	0.0000	0.0000
ENSG00000212392.1	Y_RNA	misc_RNA	0	0	0	0.0000	0.0000	0.0000
ENSG00000212395.1	AL160271.1	snoRNA	0	0	0	0.0000	0.0000	0.0000
ENSG00000212396.1	RNA5SP323	rRNA_pseudogene	0	0	0	0.0000	0.0000	0.0000
ENSG00000212397.1	AP003063.1	snoRNA	0	0	0	0.0000	0.0000	0.0000
ENSG00000212398.1	RNU6-1248P	snRNA	0	0	0	0.0000	0.0000	0.0000
ENSG00000212402.1	SNORA74B	snoRNA	1	1	0	0.4225	0.1238	0.1192
ENSG00000212404.1	Y_RNA	misc_RNA	0	0	0	0.0000	0.0000	0.0000
ENSG00000212407.1	RNU6-663P	snRNA	0	0	0	0.0000	0.0000	0.0000
ENSG00000212409.1	RNY4P18	misc_RNA	0	0	0	0.0000	0.0000	0.0000
ENSG00000212410.1	RNU6-932P	snRNA	0	0	0	0.0000	0.0000	0.0000
ENSG00000212411.1	SNORD115	snoRNA	0	0	0	0.0000	0.0000	0.0000
ENSG00000212413.1	RNU11-3P	snRNA	1	1	0	0.6385	0.1870	0.1801
ENSG00000212414.1	SNORD77B	snoRNA	0	0	0	0.0000	0.0000	0.0000
ENSG00000212415.1	AC018515.1	snoRNA	1	1	0	1.3065	0.3827	0.3685
ENSG00000212418.1	RNY4P36	misc_RNA	0	0	0	0.0000	0.0000	0.0000
ENSG00000212420.1	RNU6-1111P	snRNA	0	0	0	0.0000	0.0000	0.0000
ENSG00000212421.1	AL136367.1	snoRNA	2	0	2	1.2488	0.3658	0.3522
ENSG00000212422.2	U3	snoRNA	0	0	0	0.0000	0.0000	0.0000
ENSG00000212424.1	RNU1-119P	snRNA	0	0	0	0.0000	0.0000	0.0000
ENSG00000212425.1	RNA5SP105	rRNA_pseudogene	0	0	0	0.0000	0.0000	0.0000
ENSG00000212428.1	SNORD115	snoRNA	0	0	0	0.0000	0.0000	0.0000
ENSG00000212429.1	RNU11-6P	snRNA	0	0	0	0.0000	0.0000	0.0000
ENSG00000212432.1	SNORA75	snoRNA	0	0	0	0.0000	0.0000	0.0000
ENSG00000212433.1	RNA5SP252	rRNA_pseudogene	0	0	0	0.0000	0.0000	0.0000
ENSG00000212434.2	U3	snoRNA	0	0	0	0.0000	0.0000	0.0000
ENSG00000212440.1	SNORA75	snoRNA	0	0	0	0.0000	0.0000	0.0000
ENSG00000212441.1	RNU6-1269P	snRNA	0	0	0	0.0000	0.0000	0.0000
ENSG00000212442.1	RNU6-243P	snRNA	0	0	0	0.0000	0.0000	0.0000
ENSG00000212443.1	SNORA53	snoRNA	1	0	1	0.3410	0.0999	0.0962
ENSG00000212445.1	AC130462.1	snoRNA	0	0	0	0.0000	0.0000	0.0000
ENSG00000212446.1	RNU6-131P	snRNA	0	0	0	0.0000	0.0000	0.0000
ENSG00000212447.1	SNORD90	snoRNA	0	0	0	0.0000	0.0000	0.0000
ENSG00000212448.1	Y_RNA	misc_RNA	0	0	0	0.0000	0.0000	0.0000
ENSG00000212450.1	RNU6-241P	snRNA	0	0	0	0.0000	0.0000	0.0000
ENSG00000212451.1	RNU11-4P	snRNA	0	0	0	0.0000	0.0000	0.0000
ENSG00000212452.1	SNORD69	snoRNA	0	0	0	0.0000	0.0000	0.0000
ENSG00000212454.1	RNA5SP286	rRNA_pseudogene	0	0	0	0.0000	0.0000	0.0000
ENSG00000212455.1	AC079802.1	snoRNA	0	0	0	0.0000	0.0000	0.0000
ENSG00000212457.1	RNU6-644P	snRNA	0	0	0	0.0000	0.0000	0.0000
ENSG00000212458.1	AC092535.1	snoRNA	0	0	0	0.0000	0.0000	0.0000
ENSG00000212459.1	RNU6-695P	snRNA	0	0	0	0.0000	0.0000	0.0000
ENSG00000212460.1	RNU6-460P	snRNA	0	0	0	0.0000	0.0000	0.0000
ENSG00000212461.1	AC078860.1	snoRNA	0	0	0	0.0000	0.0000	0.0000
ENSG00000212464.1	SNORA12	snoRNA	3	2	1	1.7331	0.5076	0.4888
ENSG00000212466.1	RNU6-952P	snRNA	0	0	0	0.0000	0.0000	0.0000
ENSG00000212468.1	RNU6-754P	snRNA	0	0	0	0.0000	0.0000	0.0000
ENSG00000212469.1	RNU6-1158P	snRNA	0	0	0	0.0000	0.0000	0.0000
ENSG00000212473.1	RNU1-101P	snRNA	0	0	0	0.0000	0.0000	0.0000
ENSG00000212475.1	RNU6-400P	snRNA	0	0	0	0.0000	0.0000	0.0000
ENSG00000212479.2	U3	snoRNA	1	0	1	0.3950	0.1157	0.1114
ENSG00000212482.1	RNU6-530P	snRNA	0	0	0	0.0000	0.0000	0.0000
ENSG00000212485.1	RNU6-1197P	snRNA	0	0	0	0.0000	0.0000	0.0000
ENSG00000212489.1	RNU6-1109P	snRNA	0	0	0	0.0000	0.0000	0.0000
ENSG00000212490.1	AC104066.1	snoRNA	0	0	0	0.0000	0.0000	0.0000
ENSG00000212493.1	SNORD19	snoRNA	0	0	0	0.0000	0.0000	0.0000
ENSG00000212495.1	RNU6-332P	snRNA	0	0	0	0.0000	0.0000	0.0000
ENSG00000212496.1	RNU6-1093P	snRNA	0	0	0	0.0000	0.0000	0.0000
ENSG00000212497.1	RNA5SP465	rRNA_pseudogene	0	0	0	0.0000	0.0000	0.0000
ENSG00000212498.1	SNORD86	snoRNA	0	0	0	0.0000	0.0000	0.0000
ENSG00000212499.1	RNA5SP300	rRNA_pseudogene	0	0	0	0.0000	0.0000	0.0000
ENSG00000212505.1	RNA5SP299	rRNA_pseudogene	0	0	0	0.0000	0.0000	0.0000
ENSG00000212510.1	RNU6-972P	snRNA	0	0	0	0.0000	0.0000	0.0000
ENSG00000212511.2	U3	snoRNA	0	0	0	0.0000	0.0000	0.0000
ENSG00000212512.2	Y_RNA	misc_RNA	0	0	0	0.0000	0.0000	0.0000
ENSG00000212516.1	RNU6-1268P	snRNA	0	0	0	0.0000	0.0000	0.0000
ENSG00000212517.1	AL121924.1	snoRNA	0	0	0	0.0000	0.0000	0.0000
ENSG00000212518.1	RNU11-5P	snRNA	0	0	0	0.0000	0.0000	0.0000
ENSG00000212520.1	RNU6-1250P	snRNA	0	0	0	0.0000	0.0000	0.0000
ENSG00000212521.1	RNU6-918P	snRNA	0	0	0	0.0000	0.0000	0.0000
ENSG00000212525.1	RNA5SP212	rRNA_pseudogene	0	0	0	0.0000	0.0000	0.0000
ENSG00000212526.1	RNU6-466P	snRNA	0	0	0	0.0000	0.0000	0.0000
ENSG00000212527.1	RNA5SP63	rRNA_pseudogene	0	0	0	0.0000	0.0000	0.0000
ENSG00000212528.1	SNORD115-47	snoRNA	0	0	0	0.0000	0.0000	0.0000
ENSG00000212529.1	AC024561.1	snoRNA	0	0	0	0.0000	0.0000	0.0000
ENSG00000212532.1	AL365219.1	snoRNA	0	0	0	0.0000	0.0000	0.0000
ENSG00000212533.1	SNORA75	snoRNA	0	0	0	0.0000	0.0000	0.0000
ENSG00000212534.1	SNORD70	snoRNA	0	0	0	0.0000	0.0000	0.0000
ENSG00000212535.1	RNU6-808P	snRNA	0	0	0	0.0000	0.0000	0.0000
ENSG00000212536.1	RNA5SP474	rRNA_pseudogene	0	0	0	0.0000	0.0000	0.0000
ENSG00000212538.2	U3	snoRNA	0	0	0	0.0000	0.0000	0.0000
ENSG00000212539.2	U3	snoRNA	0	0	0	0.0000	0.0000	0.0000
ENSG00000212541.1	RNU6-510P	snRNA	1	0	1	0.7863	0.2303	0.2218
ENSG00000212542.1	RNA5SP496	rRNA_pseudogene	0	0	0	0.0000	0.0000	0.0000
ENSG00000212545.1	RNU6-337P	snRNA	0	0	0	0.0000	0.0000	0.0000
ENSG00000212546.1	RNU6-995P	snRNA	0	0	0	0.0000	0.0000	0.0000
ENSG00000212549.1	RNA5SP354	rRNA_pseudogene	0	0	0	0.0000	0.0000	0.0000
ENSG00000212550.1	RNU1-78P	snRNA	0	0	0	0.0000	0.0000	0.0000
ENSG00000212551.2	U3	snoRNA	0	0	0	0.0000	0.0000	0.0000
ENSG00000212553.1	SNORD116	snoRNA	0	0	0	0.0000	0.0000	0.0000
ENSG00000212555.1	RNU6-192P	snRNA	0	0	0	0.0000	0.0000	0.0000
ENSG00000212556.1	Y_RNA	misc_RNA	0	0	0	0.0000	0.0000	0.0000
ENSG00000212558.1	AC104794.1	snoRNA	0	0	0	0.0000	0.0000	0.0000
ENSG00000212559.1	RNA5SP35	rRNA_pseudogene	0	0	0	0.0000	0.0000	0.0000
ENSG00000212560.1	RNU6-630P	snRNA	0	0	0	0.0000	0.0000	0.0000
ENSG00000212561.1	RNU6-381P	snRNA	0	0	0	0.0000	0.0000	0.0000
ENSG00000212564.1	RNU6-1326P	snRNA	0	0	0	0.0000	0.0000	0.0000
ENSG00000212565.1	AC068531.1	snoRNA	0	0	0	0.0000	0.0000	0.0000
ENSG00000212567.1	AC008810.1	snoRNA	0	0	0	0.0000	0.0000	0.0000
ENSG00000212568.1	RNU6-1254P	snRNA	0	0	0	0.0000	0.0000	0.0000
ENSG00000212569.1	Y_RNA	misc_RNA	0	0	0	0.0000	0.0000	0.0000
ENSG00000212571.1	RNA5SP482	rRNA_pseudogene	0	0	0	0.0000	0.0000	0.0000
ENSG00000212572.1	RNU6-903P	snRNA	0	0	0	0.0000	0.0000	0.0000
ENSG00000212576.1	RNA5SP467	rRNA_pseudogene	0	0	0	0.0000	0.0000	0.0000
ENSG00000212579.1	AL033519.1	snoRNA	0	0	0	0.0000	0.0000	0.0000
ENSG00000212580.1	SNORA75	snoRNA	0	0	0	0.0000	0.0000	0.0000
ENSG00000212581.1	U8	snoRNA	0	0	0	0.0000	0.0000	0.0000
ENSG00000212584.1	RNU6-587P	snRNA	0	0	0	0.0000	0.0000	0.0000
ENSG00000212586.1	AL035555.1	snoRNA	0	0	0	0.0000	0.0000	0.0000
ENSG00000212587.1	SNORA40C	snoRNA	0	0	0	0.0000	0.0000	0.0000
ENSG00000212588.1	SNORA26	snoRNA	0	0	0	0.0000	0.0000	0.0000
ENSG00000212589.1	AL592546.1	snoRNA	0	0	0	0.0000	0.0000	0.0000
ENSG00000212590.1	AC003109.1	snoRNA	0	0	0	0.0000	0.0000	0.0000
ENSG00000212593.1	SNORA75	snoRNA	0	0	0	0.0000	0.0000	0.0000
ENSG00000212594.1	U8	snoRNA	0	0	0	0.0000	0.0000	0.0000
ENSG00000212595.1	RNA5SP525	rRNA	0	0	0	0.0000	0.0000	0.0000
ENSG00000212597.1	RNU6-876P	snRNA	1	1	0	0.8165	0.2392	0.2303
ENSG00000212598.2	U3	snoRNA	0	0	0	0.0000	0.0000	0.0000
ENSG00000212599.1	RNU6-279P	snRNA	0	0	0	0.0000	0.0000	0.0000
ENSG00000212601.1	RNA5SP53	rRNA_pseudogene	0	0	0	0.0000	0.0000	0.0000
ENSG00000212604.1	AC044913.1	snoRNA	0	0	0	0.0000	0.0000	0.0000
ENSG00000212605.1	RNU1-56P	snRNA	0	0	0	0.0000	0.0000	0.0000
ENSG00000212607.1	SNORA3B	snoRNA	4	3	1	2.5930	0.7595	0.7314
ENSG00000212608.1	AC112218.1	snoRNA	0	0	0	0.0000	0.0000	0.0000
ENSG00000212609.1	RNU1-139P	snRNA	0	0	0	0.0000	0.0000	0.0000
ENSG00000212610.2	U3	snoRNA	0	0	0	0.0000	0.0000	0.0000
ENSG00000212611.1	SNORD30	snoRNA	0	0	0	0.0000	0.0000	0.0000
ENSG00000212612.1	RNU6-1239P	snRNA	0	0	0	0.0000	0.0000	0.0000
ENSG00000212615.1	SNORD58	snoRNA	0	0	0	0.0000	0.0000	0.0000
ENSG00000212618.1	AC090286.2	snoRNA	0	0	0	0.0000	0.0000	0.0000
ENSG00000212620.1	SNORA75	snoRNA	0	0	0	0.0000	0.0000	0.0000
ENSG00000212623.1	RNU6-493P	snRNA	0	0	0	0.0000	0.0000	0.0000
ENSG00000212624.1	AL050343.1	snoRNA	0	0	0	0.0000	0.0000	0.0000
ENSG00000212625.1	RNA5SP397	rRNA_pseudogene	0	0	0	0.0000	0.0000	0.0000
ENSG00000212626.1	AP005270.1	snoRNA	0	0	0	0.0000	0.0000	0.0000
ENSG00000212628.1	RNA5SP241	rRNA_pseudogene	0	0	0	0.0000	0.0000	0.0000
ENSG00000212643.3	ZRSR2P1	transcribed_processed_pseudogene	0	0	0	0.0000	0.0000	0.0000
ENSG00000212657.1	KRTAP16-1	protein_coding	0	1	0	0.0000	0.0000	0.0000
ENSG00000212658.1	KRTAP29-1	protein_coding	0	0	0	0.0000	0.0000	0.0000
ENSG00000212659.1	KRTAP9-6	protein_coding	1	1	0	0.0652	0.0191	0.0184
ENSG00000212663.2	AC003035.1	lncRNA	1	1	0	0.1561	0.0457	0.0440
ENSG00000212664.5	AC064799.1	processed_pseudogene	16	5	11	2.4482	0.7171	0.6905
ENSG00000212694.8	LINC01089	lncRNA	49	29	22	1.0070	0.2950	0.2840
ENSG00000212695.5	AL583805.1	processed_pseudogene	11	2	9	1.7592	0.5153	0.4962
ENSG00000212710.5	CTAGE1	protein_coding	1	1	0	0.0197	0.0058	0.0055
ENSG00000212712.2	AP002414.1	processed_pseudogene	0	0	0	0.0000	0.0000	0.0000
ENSG00000212717.3	DEFB117	processed_pseudogene	0	0	0	0.0000	0.0000	0.0000
ENSG00000212719.13	LINC02693	lncRNA	753	405	381	3.7042	1.0850	1.0448
ENSG00000212721.4	KRTAP4-11	protein_coding	0	0	0	0.0000	0.0000	0.0000
ENSG00000212722.7	KRTAP4-9	protein_coding	0	0	0	0.0000	0.0000	0.0000
ENSG00000212724.3	KRTAP2-3	protein_coding	0	0	0	0.0000	0.0000	0.0000
ENSG00000212725.3	KRTAP2-1	protein_coding	0	0	0	0.0000	0.0000	0.0000
ENSG00000212743.2	LINC02656	lncRNA	4	1	3	0.1388	0.0407	0.0392
ENSG00000212747.5	RTL8B	protein_coding	1205	606	615	50.4084	14.7654	14.2180
ENSG00000212766.9	EWSAT1	lncRNA	17	10	7	0.4037	0.1183	0.1139
ENSG00000212769.5	HMGN2P8	processed_pseudogene	1	1	0	0.3169	0.0928	0.0894
ENSG00000212789.4	ST13P5	processed_pseudogene	31	10	21	2.3717	0.6947	0.6689
ENSG00000212802.4	RPL15P3	processed_pseudogene	119	54	65	16.4318	4.8131	4.6347
ENSG00000212807.2	OR2A42	protein_coding	0	0	2	0.0000	0.0000	0.0000
ENSG00000212829.8	RPS26P3	processed_pseudogene	15	10	5	3.6604	1.0722	1.0324
ENSG00000212855.5	TTTY2	lncRNA	0	0	0	0.0000	0.0000	0.0000
ENSG00000212856.6	TTTY2B	lncRNA	0	0	0	0.0000	0.0000	0.0000
ENSG00000212864.3	RNF208	protein_coding	70	35	35	5.1691	1.5141	1.4580
ENSG00000212899.3	KRTAP3-3	protein_coding	0	0	0	0.0000	0.0000	0.0000
ENSG00000212900.3	KRTAP3-2	protein_coding	0	0	0	0.0000	0.0000	0.0000
ENSG00000212901.4	KRTAP3-1	protein_coding	0	0	0	0.0000	0.0000	0.0000
ENSG00000212907.2	MT-ND4L	protein_coding	15450	7470	7981	4417.5788	1293.9781	1246.0040
ENSG00000212916.4	MAP10	protein_coding	27	9	18	0.6521	0.1910	0.1839
ENSG00000212930.3	AC093281.1	lncRNA	0	0	0	0.0000	0.0000	0.0000
ENSG00000212932.3	RPL23AP4	processed_pseudogene	1	0	1	0.1834	0.0537	0.0517
ENSG00000212933.1	KRTAP12-4	protein_coding	0	0	0	0.0000	0.0000	0.0000
ENSG00000212935.2	KRTAP10-3	protein_coding	0	0	0	0.0000	0.0000	0.0000
ENSG00000212938.3	KRTAP6-3	protein_coding	0	0	0	0.0000	0.0000	0.0000
ENSG00000212939.2	Z97192.1	lncRNA	0	0	0	0.0000	0.0000	0.0000
ENSG00000212951.5	BX005266.1	unprocessed_pseudogene	0	0	0	0.0000	0.0000	0.0000
ENSG00000212952.6	BX088651.1	processed_pseudogene	0	2	0	0.0000	0.0000	0.0000
ENSG00000212961.4	HNRNPA1P40	processed_pseudogene	2	2	0	0.1329	0.0389	0.0375
ENSG00000212978.6	AC016747.1	lncRNA	590	310	280	16.1155	4.7205	4.5455
ENSG00000212989.3	AC124293.1	processed_pseudogene	0	0	0	0.0000	0.0000	0.0000
ENSG00000212993.5	POU5F1B	protein_coding	13	6	7	0.2224	0.0651	0.0627
ENSG00000212994.5	RPS26P6	processed_pseudogene	9	3	6	2.1962	0.6433	0.6195
ENSG00000213003.3	BTF3P12	processed_pseudogene	1	0	1	0.1811	0.0530	0.0511
ENSG00000213005.3	PTTG3P	processed_pseudogene	0	0	0	0.0000	0.0000	0.0000
ENSG00000213013.4	RPS15AP36	processed_pseudogene	2	2	0	0.4446	0.1302	0.1254
ENSG00000213014.3	VN2R17P	processed_pseudogene	0	0	0	0.0000	0.0000	0.0000
ENSG00000213015.9	ZNF580	protein_coding	359	168	191	11.7075	3.4293	3.3022
ENSG00000213016.3	AC245036.1	unprocessed_pseudogene	0	0	0	0.0000	0.0000	0.0000
ENSG00000213018.2	PABPN1P1	processed_pseudogene	2	1	1	0.3932	0.1152	0.1109
ENSG00000213020.10	ZNF611	protein_coding	76	42	34	0.9029	0.2645	0.2547
ENSG00000213022.6	KLK9	protein_coding	0	0	0	0.0000	0.0000	0.0000
ENSG00000213023.11	SYT3	protein_coding	7	4	4	0.1546	0.0453	0.0436
ENSG00000213024.12	NUP62	protein_coding	3931	2050	2050	55.4522	16.2428	15.6406
ENSG00000213025.2	COX20P1	processed_pseudogene	2	2	0	0.4757	0.1394	0.1342
ENSG00000213026.4	CFL1P4	processed_pseudogene	1	0	1	0.1705	0.0499	0.0481
ENSG00000213028.3	AL354983.1	processed_pseudogene	0	0	0	0.0000	0.0000	0.0000
ENSG00000213030.5	CGB8	protein_coding	0	0	0	0.0000	0.0000	0.0000
ENSG00000213032.3	NDUFA3P3	processed_pseudogene	0	0	0	0.0000	0.0000	0.0000
ENSG00000213033.4	AURKAP1	transcribed_processed_pseudogene	0	0	0	0.0000	0.0000	0.0000
ENSG00000213035.4	RPL23AP80	processed_pseudogene	0	5	3	0.0000	0.0000	0.0000
ENSG00000213036.3	AL445305.1	processed_pseudogene	14	7	7	2.0676	0.6056	0.5832
ENSG00000213041.4	AC093422.1	processed_pseudogene	0	0	0	0.0000	0.0000	0.0000
ENSG00000213045.3	AC097065.1	processed_pseudogene	1	1	0	0.1643	0.0481	0.0463
ENSG00000213046.4	EEF1A1P32	unprocessed_pseudogene	0	0	0	0.0000	0.0000	0.0000
ENSG00000213047.13	DENND1B	protein_coding	852	448	436	5.4800	1.6052	1.5457
ENSG00000213048.3	OR5S1P	unitary_pseudogene	0	0	0	0.0000	0.0000	0.0000
ENSG00000213049.3	HNRNPA1P34	processed_pseudogene	0	0	0	0.0000	0.0000	0.0000
ENSG00000213050.5	TPM3P1	processed_pseudogene	2	2	0	0.2274	0.0666	0.0641
ENSG00000213051.3	RPL5P5	processed_pseudogene	4	3	1	0.3804	0.1114	0.1073
ENSG00000213055.3	EEF1B2P7	processed_pseudogene	1	1	0	0.1256	0.0368	0.0354
ENSG00000213057.5	C1orf220	lncRNA	12	2	10	0.3672	0.1076	0.1036
ENSG00000213058.3	AL365357.1	processed_pseudogene	218	127	92	51.8562	15.1895	14.6263
ENSG00000213060.4	AL031864.1	processed_pseudogene	0	0	0	0.0000	0.0000	0.0000
ENSG00000213061.2	PFN1P11	processed_pseudogene	0	0	0	0.0000	0.0000	0.0000
ENSG00000213062.5	Z99572.1	lncRNA	222	111	111	1.3364	0.3914	0.3769
ENSG00000213063.3	RPL29P7	processed_pseudogene	0	0	0	0.0000	0.0000	0.0000
ENSG00000213064.10	SFT2D2	protein_coding	5679	3135	2969	42.9940	12.5936	12.1267
ENSG00000213065.2	AL009178.1	processed_pseudogene	0	0	0	0.0000	0.0000	0.0000
ENSG00000213066.13	CEP43	protein_coding	76	34	42	0.4063	0.1190	0.1146
ENSG00000213067.2	AC092447.1	processed_pseudogene	0	0	0	0.0000	0.0000	0.0000
ENSG00000213068.3	AL451050.1	processed_pseudogene	2	0	2	0.4093	0.1199	0.1154
ENSG00000213069.3	KRT8P40	processed_pseudogene	0	0	0	0.0000	0.0000	0.0000
ENSG00000213070.3	HMGB3P6	processed_pseudogene	1	1	0	0.1420	0.0416	0.0401
ENSG00000213071.11	LPAL2	transcribed_unprocessed_pseudogene	13	9	4	0.2325	0.0681	0.0656
ENSG00000213073.5	CHP1P2	transcribed_processed_pseudogene	0	0	0	0.0000	0.0000	0.0000
ENSG00000213075.7	RPL31P11	transcribed_processed_pseudogene	15	4	11	0.8176	0.2395	0.2306
ENSG00000213076.3	AL627422.1	processed_pseudogene	0	0	0	0.0000	0.0000	0.0000
ENSG00000213078.3	AL390955.1	processed_pseudogene	0	0	0	0.0000	0.0000	0.0000
ENSG00000213079.10	SCAF8	protein_coding	1422	699	723	22.2470	6.5165	6.2749
ENSG00000213080.3	AL354714.2	processed_pseudogene	48	26	22	3.7158	1.0884	1.0481
ENSG00000213081.3	ARPC1BP1	processed_pseudogene	1	1	0	0.1149	0.0337	0.0324
ENSG00000213082.3	PPP1R14BP2	processed_pseudogene	6	4	2	1.1476	0.3361	0.3237
ENSG00000213083.3	VPS26CP1	processed_pseudogene	1	1	0	0.1004	0.0294	0.0283
ENSG00000213085.10	CFAP45	protein_coding	34	19	15	1.0991	0.3219	0.3100
ENSG00000213087.3	AL356535.1	processed_pseudogene	3	1	2	0.6401	0.1875	0.1805
ENSG00000213088.12	ACKR1	protein_coding	871	426	445	35.1214	10.2876	9.9062
ENSG00000213089.4	PDCL3P5	processed_pseudogene	8	2	6	0.9409	0.2756	0.2654
ENSG00000213090.2	SCYL2P1	processed_pseudogene	2	1	1	0.0614	0.0180	0.0173
ENSG00000213091.2	PHBP1	processed_pseudogene	0	0	0	0.0000	0.0000	0.0000
ENSG00000213096.11	ZNF254	protein_coding	48	25	23	0.5357	0.1569	0.1511
ENSG00000213100.2	KRT18P68	processed_pseudogene	0	0	0	0.0000	0.0000	0.0000
ENSG00000213104.3	NPM1P46	processed_pseudogene	18	12	6	1.7671	0.5176	0.4984
ENSG00000213107.2	AHCYP5	processed_pseudogene	0	0	0	0.0000	0.0000	0.0000
ENSG00000213108.3	BTF3L4P3	processed_pseudogene	2	0	2	0.3568	0.1045	0.1006
ENSG00000213109.4	AL365223.1	transcribed_processed_pseudogene	0	0	0	0.0000	0.0000	0.0000
ENSG00000213110.2	RNF11P1	processed_pseudogene	0	0	0	0.0000	0.0000	0.0000
ENSG00000213111.5	COX5BP2	transcribed_processed_pseudogene	0	0	0	0.0000	0.0000	0.0000
ENSG00000213113.3	TUBB8P8	unprocessed_pseudogene	1	0	1	0.0803	0.0235	0.0226
ENSG00000213115.2	AC104131.1	processed_pseudogene	0	0	0	0.0000	0.0000	0.0000
ENSG00000213117.4	MEMO1P2	processed_pseudogene	0	0	0	0.0000	0.0000	0.0000
ENSG00000213118.4	CHCHD2P4	processed_pseudogene	12	8	7	2.3480	0.6878	0.6623
ENSG00000213120.3	LIN28AP1	processed_pseudogene	0	0	0	0.0000	0.0000	0.0000
ENSG00000213121.2	AL590867.1	lncRNA	0	0	0	0.0000	0.0000	0.0000
ENSG00000213122.4	RPL23AP46	processed_pseudogene	1	0	1	0.1733	0.0508	0.0489
ENSG00000213123.11	TCTEX1D2	protein_coding	17	11	6	1.1586	0.3394	0.3268
ENSG00000213126.2	TXNL4AP1	processed_pseudogene	0	0	0	0.0000	0.0000	0.0000
ENSG00000213128.3	RPL32P31	processed_pseudogene	0	0	0	0.0000	0.0000	0.0000
ENSG00000213130.3	EEF1DP5	processed_pseudogene	1	0	1	0.1100	0.0322	0.0310
ENSG00000213131.3	YWHAZP4	processed_pseudogene	107	49	58	12.8340	3.7593	3.6199
ENSG00000213133.4	PPP1R14BP5	processed_pseudogene	2	1	1	0.3904	0.1144	0.1101
ENSG00000213137.3	ARF1P2	processed_pseudogene	0	0	0	0.0000	0.0000	0.0000
ENSG00000213139.8	CRYGS	protein_coding	28	15	13	1.1432	0.3348	0.3224
ENSG00000213140.3	ELK2AP	processed_pseudogene	0	0	0	0.0000	0.0000	0.0000
ENSG00000213144.2	AC084880.1	processed_pseudogene	8	1	7	1.2465	0.3651	0.3516
ENSG00000213145.10	CRIP1	protein_coding	19	12	8	0.6493	0.1902	0.1831
ENSG00000213147.3	RPL23AP60	processed_pseudogene	0	0	0	0.0000	0.0000	0.0000
ENSG00000213148.3	JPT1P1	processed_pseudogene	0	0	0	0.0000	0.0000	0.0000
ENSG00000213149.3	CNN2P9	processed_pseudogene	7	2	5	0.6540	0.1916	0.1845
ENSG00000213150.2	AL512430.1	processed_pseudogene	0	0	0	0.0000	0.0000	0.0000
ENSG00000213152.5	RPL7AP60	processed_pseudogene	3	1	2	0.3209	0.0940	0.0905
ENSG00000213153.3	AP001979.1	processed_pseudogene	0	0	0	0.0000	0.0000	0.0000
ENSG00000213155.4	AC007547.1	processed_pseudogene	0	0	0	0.0000	0.0000	0.0000
ENSG00000213157.3	AC108734.1	processed_pseudogene	1	1	0	0.2128	0.0623	0.0600
ENSG00000213158.6	GAPDHP36	processed_pseudogene	0	0	0	0.0000	0.0000	0.0000
ENSG00000213159.4	CEND1P1	processed_pseudogene	0	0	0	0.0000	0.0000	0.0000
ENSG00000213160.10	KLHL23	protein_coding	68	35	33	1.0474	0.3068	0.2954
ENSG00000213167.3	Metazoa_SRP	misc_RNA	0	0	0	0.0000	0.0000	0.0000
ENSG00000213169.3	AC069218.1	processed_pseudogene	14	7	7	1.5602	0.4570	0.4401
ENSG00000213170.3	SAR1AP2	processed_pseudogene	0	0	0	0.0000	0.0000	0.0000
ENSG00000213171.3	LINGO4	protein_coding	2	2	0	0.0642	0.0188	0.0181
ENSG00000213172.3	AL031985.1	processed_pseudogene	0	0	0	0.0000	0.0000	0.0000
ENSG00000213174.3	AC026316.1	processed_pseudogene	0	0	0	0.0000	0.0000	0.0000
ENSG00000213176.4	RPL13P6	processed_pseudogene	6	3	3	0.8139	0.2384	0.2296
ENSG00000213177.3	PRDX2P4	processed_pseudogene	0	0	0	0.0000	0.0000	0.0000
ENSG00000213178.3	RPL22P1	processed_pseudogene	45	25	20	9.3205	2.7301	2.6289
ENSG00000213179.4	RPL17P41	processed_pseudogene	2	0	2	0.3139	0.0920	0.0885
ENSG00000213180.4	RPL36AP48	processed_pseudogene	0	0	0	0.0000	0.0000	0.0000
ENSG00000213181.3	OR10N1P	transcribed_unprocessed_pseudogene	0	0	0	0.0000	0.0000	0.0000
ENSG00000213182.4	OR10D5P	unprocessed_pseudogene	0	0	0	0.0000	0.0000	0.0000
ENSG00000213183.3	RPS7P8	processed_pseudogene	0	0	0	0.0000	0.0000	0.0000
ENSG00000213184.3	AP003040.1	processed_pseudogene	0	0	0	0.0000	0.0000	0.0000
ENSG00000213185.7	FAM24B	protein_coding	4	1	3	0.2886	0.0845	0.0814
ENSG00000213186.8	TRIM59	protein_coding	237	922	946	2.5730	0.7537	0.7257
ENSG00000213187.3	COPS5P1	processed_pseudogene	0	0	0	0.0000	0.0000	0.0000
ENSG00000213188.3	YBX1P4	processed_pseudogene	0	0	0	0.0000	0.0000	0.0000
ENSG00000213189.5	BTF3L4P2	processed_pseudogene	84	41	43	20.6165	6.0389	5.8150
ENSG00000213190.4	MLLT11	protein_coding	83	56	73	2.8387	0.8315	0.8007
ENSG00000213194.3	CDK7P1	processed_pseudogene	3	2	1	0.3676	0.1077	0.1037
ENSG00000213197.3	NUDCP1	processed_pseudogene	0	0	0	0.0000	0.0000	0.0000
ENSG00000213199.8	ASIC3	protein_coding	12	5	7	0.3708	0.1086	0.1046
ENSG00000213201.3	FABP5P10	processed_pseudogene	11	3	9	2.2895	0.6706	0.6458
ENSG00000213203.3	GIMAP1	protein_coding	247	115	132	4.3726	1.2808	1.2333
ENSG00000213204.8	AL049697.1	protein_coding	0	0	0	0.0000	0.0000	0.0000
ENSG00000213205.3	STRADBP1	processed_pseudogene	4	1	3	0.2652	0.0777	0.0748
ENSG00000213209.2	AC005229.1	processed_pseudogene	0	0	0	0.0000	0.0000	0.0000
ENSG00000213210.4	AC005229.2	processed_pseudogene	0	0	0	0.0000	0.0000	0.0000
ENSG00000213211.2	KRT18P64	processed_pseudogene	0	0	0	0.0000	0.0000	0.0000
ENSG00000213212.3	NCLP1	processed_pseudogene	2	0	2	0.0865	0.0253	0.0244
ENSG00000213213.14	CCDC183	protein_coding	5	5	6	0.1427	0.0418	0.0402
ENSG00000213214.5	ARHGEF35	protein_coding	4	2	2	0.1302	0.0381	0.0367
ENSG00000213215.5	OR2F1	protein_coding	0	0	0	0.0000	0.0000	0.0000
ENSG00000213216.2	AC007066.1	processed_pseudogene	0	0	0	0.0000	0.0000	0.0000
ENSG00000213218.11	CSH2	protein_coding	0	0	0	0.0000	0.0000	0.0000
ENSG00000213221.5	DNLZ	protein_coding	3	9	15	0.0822	0.0241	0.0232
ENSG00000213222.3	TOMM40P4	processed_pseudogene	96	58	44	7.9380	2.3252	2.2390
ENSG00000213225.7	NOC2LP1	transcribed_processed_pseudogene	7	3	4	0.2179	0.0638	0.0615
ENSG00000213226.4	AC242426.1	processed_pseudogene	0	0	0	0.0000	0.0000	0.0000
ENSG00000213228.5	RPL12P38	transcribed_processed_pseudogene	13	1	12	0.4761	0.1394	0.1343
ENSG00000213231.13	TCL1B	protein_coding	0	0	0	0.0000	0.0000	0.0000
ENSG00000213232.2	PPP1R2P10	processed_pseudogene	0	0	0	0.0000	0.0000	0.0000
ENSG00000213233.5	RPL23AP62	processed_pseudogene	0	0	0	0.0000	0.0000	0.0000
ENSG00000213234.4	ST13P10	processed_pseudogene	4	0	4	0.3139	0.0920	0.0885
ENSG00000213235.3	EEF1A1P16	processed_pseudogene	34	17	17	2.0419	0.5981	0.5759
ENSG00000213236.3	YWHAZP2	processed_pseudogene	57	31	26	6.6490	1.9476	1.8754
ENSG00000213237.4	PTMAP10	processed_pseudogene	10	5	5	2.5812	0.7561	0.7280
ENSG00000213238.6	AC008155.1	processed_pseudogene	0	0	0	0.0000	0.0000	0.0000
ENSG00000213239.3	NPM1P32	processed_pseudogene	5	2	3	0.7030	0.2059	0.1983
ENSG00000213244.3	H3P4	unprocessed_pseudogene	1	0	1	0.2041	0.0598	0.0576
ENSG00000213246.7	SUPT4H1	protein_coding	2	120	98	0.0817	0.0239	0.0230
ENSG00000213247.3	AL355863.1	processed_pseudogene	0	0	0	0.0000	0.0000	0.0000
ENSG00000213250.5	RBMS2P1	processed_pseudogene	16	5	11	1.1083	0.3246	0.3126
ENSG00000213252.3	AP001282.1	processed_pseudogene	1	0	1	0.0567	0.0166	0.0160
ENSG00000213253.5	RPL12P42	processed_pseudogene	2	2	0	0.3404	0.0997	0.0960
ENSG00000213260.3	YWHAZP5	processed_pseudogene	156	81	75	18.1474	5.3157	5.1186
ENSG00000213261.3	EEF1B2P6	processed_pseudogene	15	10	5	1.8927	0.5544	0.5339
ENSG00000213262.3	VDAC2P3	processed_pseudogene	0	0	0	0.0000	0.0000	0.0000
ENSG00000213264.3	NIP7P2	processed_pseudogene	0	0	0	0.0000	0.0000	0.0000
ENSG00000213265.9	TSGA13	protein_coding	0	0	0	0.0000	0.0000	0.0000
ENSG00000213269.2	RPS6P26	processed_pseudogene	1	1	0	0.1116	0.0327	0.0315
ENSG00000213270.5	RPL6P25	processed_pseudogene	1	1	0	0.0987	0.0289	0.0279
ENSG00000213272.5	RPL7AP9	processed_pseudogene	0	0	1	0.0000	0.0000	0.0000
ENSG00000213275.2	IFITM9P	processed_pseudogene	8	7	1	1.7156	0.5025	0.4839
ENSG00000213277.3	MARCKSL1P1	processed_pseudogene	0	0	0	0.0000	0.0000	0.0000
ENSG00000213279.2	Z97192.2	lncRNA	10	6	4	0.3570	0.1046	0.1007
ENSG00000213280.2	AC090114.1	processed_pseudogene	20	11	10	3.7911	1.1105	1.0693
ENSG00000213281.5	NRAS	protein_coding	1344	669	675	26.3831	7.7280	7.4415
ENSG00000213285.4	RPL23AP45	processed_pseudogene	0	0	0	0.0000	0.0000	0.0000
ENSG00000213287.3	AP001102.1	processed_pseudogene	0	0	0	0.0000	0.0000	0.0000
ENSG00000213290.4	PGK1P2	processed_pseudogene	13	8	5	0.9094	0.2664	0.2565
ENSG00000213291.3	AC010099.1	processed_pseudogene	1	1	0	0.2265	0.0663	0.0639
ENSG00000213293.4	AC012618.1	processed_pseudogene	13	8	5	2.6795	0.7849	0.7558
ENSG00000213295.3	RPL22P10	processed_pseudogene	0	0	0	0.0000	0.0000	0.0000
ENSG00000213296.4	AC005521.1	processed_pseudogene	1	0	1	0.0974	0.0285	0.0275
ENSG00000213297.8	ZNF625-ZNF20	protein_coding	0	0	0	0.0000	0.0000	0.0000
ENSG00000213300.5	HNRNPA3P6	processed_pseudogene	89	22	67	7.5128	2.2006	2.1190
ENSG00000213301.2	HMGB3P11	processed_pseudogene	0	0	0	0.0000	0.0000	0.0000
ENSG00000213302.3	AC015983.1	processed_pseudogene	1	0	1	0.2277	0.0667	0.0642
ENSG00000213303.3	AC008481.1	processed_pseudogene	2	2	0	0.4289	0.1256	0.1210
ENSG00000213304.3	AC008481.2	processed_pseudogene	3	1	2	0.4798	0.1405	0.1353
ENSG00000213305.3	HNRNPCP6	processed_pseudogene	1	1	0	0.0975	0.0286	0.0275
ENSG00000213307.4	RPL18P11	processed_pseudogene	0	0	0	0.0000	0.0000	0.0000
ENSG00000213309.3	RPL9P18	processed_pseudogene	7	2	5	1.1111	0.3255	0.3134
ENSG00000213310.3	CYCSP19	processed_pseudogene	0	0	0	0.0000	0.0000	0.0000
ENSG00000213312.3	RPL7AP34	processed_pseudogene	2	0	2	0.2120	0.0621	0.0598
ENSG00000213315.5	AL122020.1	processed_pseudogene	21	8	14	3.8852	1.1381	1.0959
ENSG00000213316.10	LTC4S	protein_coding	26	14	12	1.8523	0.5426	0.5224
ENSG00000213318.4	AC009078.1	processed_pseudogene	0	0	0	0.0000	0.0000	0.0000
ENSG00000213326.4	RPS7P11	processed_pseudogene	48	25	23	6.9559	2.0375	1.9620
ENSG00000213328.3	AC104117.1	processed_pseudogene	0	0	0	0.0000	0.0000	0.0000
ENSG00000213331.4	AC108073.1	processed_pseudogene	9	7	2	1.1340	0.3322	0.3198
ENSG00000213332.4	SLC25A5P6	processed_pseudogene	1	1	0	0.0958	0.0281	0.0270
ENSG00000213333.3	NPM1P50	transcribed_processed_pseudogene	0	0	0	0.0000	0.0000	0.0000
ENSG00000213335.4	CLNS1AP1	processed_pseudogene	1	1	0	0.1245	0.0365	0.0351
ENSG00000213337.9	ANKRD39	protein_coding	165	73	95	2.6710	0.7824	0.7534
ENSG00000213338.3	ATF4P1	processed_pseudogene	0	0	0	0.0000	0.0000	0.0000
ENSG00000213339.9	QTRT1	protein_coding	1516	751	765	37.5334	10.9941	10.5865
ENSG00000213341.11	CHUK	protein_coding	1753	929	829	21.5653	6.3168	6.0826
ENSG00000213343.5	RPL21P18	processed_pseudogene	1	1	0	0.1769	0.0518	0.0499
ENSG00000213344.2	PCNPP3	processed_pseudogene	4	11	8	0.7212	0.2112	0.2034
ENSG00000213347.10	MXD3	protein_coding	123	2265	2168	2.0266	0.5936	0.5716
ENSG00000213352.3	GAPDHP44	processed_pseudogene	9	2	7	0.7590	0.2223	0.2141
ENSG00000213355.3	CNN2P8	processed_pseudogene	0	0	0	0.0000	0.0000	0.0000
ENSG00000213358.3	AC092933.1	unprocessed_pseudogene	0	0	0	0.0000	0.0000	0.0000
ENSG00000213361.2	AC004884.1	processed_pseudogene	0	0	0	0.0000	0.0000	0.0000
ENSG00000213362.3	FTH1P12	processed_pseudogene	56	24	32	8.6308	2.5281	2.4344
ENSG00000213363.4	RPS3P6	processed_pseudogene	4	3	1	0.5615	0.1645	0.1584
ENSG00000213365.3	AP000593.1	processed_pseudogene	0	0	0	0.0000	0.0000	0.0000
ENSG00000213366.13	GSTM2	protein_coding	47	19	28	0.4378	0.1282	0.1235
ENSG00000213368.3	ST13P11	processed_pseudogene	3	1	2	0.3538	0.1036	0.0998
ENSG00000213370.3	RANP6	processed_pseudogene	5	4	1	0.6593	0.1931	0.1860
ENSG00000213371.4	NAP1L1P3	processed_pseudogene	18	10	8	1.7370	0.5088	0.4899
ENSG00000213373.7	LINC00671	lncRNA	3	0	4	0.1176	0.0344	0.0332
ENSG00000213376.4	GAPDHP71	processed_pseudogene	38	16	23	3.2173	0.9424	0.9075
ENSG00000213380.16	COG8	protein_coding	292	1281	1305	3.1584	0.9252	0.8909
ENSG00000213383.2	AC104297.1	processed_pseudogene	5	2	3	0.4880	0.1430	0.1377
ENSG00000213384.2	EIF4E2P1	processed_pseudogene	0	0	0	0.0000	0.0000	0.0000
ENSG00000213385.3	AC105052.2	processed_pseudogene	4	3	1	0.4278	0.1253	0.1207
ENSG00000213386.3	AC022217.1	processed_pseudogene	0	0	0	0.0000	0.0000	0.0000
ENSG00000213390.11	ARHGAP19	protein_coding	1361	690	671	18.7412	5.4896	5.2861
ENSG00000213393.5	AC091980.1	processed_pseudogene	1	1	0	0.2949	0.0864	0.0832
ENSG00000213394.3	RPSAP46	processed_pseudogene	0	0	0	0.0000	0.0000	0.0000
ENSG00000213397.10	HAUS7	protein_coding	2	0	2	0.0428	0.0125	0.0121
ENSG00000213398.8	LCAT	protein_coding	63	32	31	2.0381	0.5970	0.5749
ENSG00000213399.3	RPS2P17	processed_pseudogene	47	18	29	5.0331	1.4743	1.4196
ENSG00000213400.3	RPL12P18	processed_pseudogene	0	0	0	0.0000	0.0000	0.0000
ENSG00000213401.10	MAGEA12	protein_coding	1	1	0	0.0432	0.0127	0.0122
ENSG00000213402.3	PTPRCAP	protein_coding	0	0	0	0.0000	0.0000	0.0000
ENSG00000213403.2	CISD1P1	processed_pseudogene	0	0	0	0.0000	0.0000	0.0000
ENSG00000213406.3	ANXA2P1	processed_pseudogene	16	8	8	1.4673	0.4298	0.4139
ENSG00000213409.4	C1QBPP2	processed_pseudogene	1	4	5	0.1029	0.0302	0.0290
ENSG00000213411.2	RBM22P2	processed_pseudogene	7	6	1	0.3277	0.0960	0.0924
ENSG00000213412.3	HNRNPA1P33	processed_pseudogene	0	0	0	0.0000	0.0000	0.0000
ENSG00000213413.2	PVRIG	protein_coding	1	1	0	0.0428	0.0125	0.0121
ENSG00000213414.3	AC008677.1	processed_pseudogene	0	0	0	0.0000	0.0000	0.0000
ENSG00000213416.4	KRTAP4-12	protein_coding	0	0	0	0.0000	0.0000	0.0000
ENSG00000213417.3	KRTAP2-4	protein_coding	0	0	0	0.0000	0.0000	0.0000
ENSG00000213420.8	GPC2	protein_coding	59	32	27	1.3058	0.3825	0.3683
ENSG00000213421.4	AC099670.1	processed_pseudogene	0	0	0	0.0000	0.0000	0.0000
ENSG00000213423.4	RBMX2P2	processed_pseudogene	0	0	0	0.0000	0.0000	0.0000
ENSG00000213424.9	KRT222	protein_coding	2	2	0	0.0536	0.0157	0.0151
ENSG00000213430.6	HSPD1P1	processed_pseudogene	61	29	32	3.0012	0.8791	0.8465
ENSG00000213431.4	AC080014.1	processed_pseudogene	0	0	0	0.0000	0.0000	0.0000
ENSG00000213432.2	RPL17P34	processed_pseudogene	3	1	2	0.4590	0.1345	0.1295
ENSG00000213433.5	RPLP1P6	transcribed_processed_pseudogene	4	2	2	0.6532	0.1913	0.1842
ENSG00000213434.2	VTI1BP2	processed_pseudogene	4	3	1	0.4880	0.1430	0.1377
ENSG00000213435.3	ATP6V0CP3	processed_pseudogene	6	4	2	1.0911	0.3196	0.3077
ENSG00000213438.2	YBX2P1	processed_pseudogene	8	6	3	0.8939	0.2618	0.2521
ENSG00000213439.3	OR5AC1	polymorphic_pseudogene	0	0	0	0.0000	0.0000	0.0000
ENSG00000213440.2	H2AZP1	processed_pseudogene	0	0	0	0.0000	0.0000	0.0000
ENSG00000213442.5	RPL18AP3	processed_pseudogene	411	193	219	66.1028	19.3626	18.6447
ENSG00000213443.2	NPM1P7	processed_pseudogene	0	0	0	0.0000	0.0000	0.0000
ENSG00000213445.10	SIPA1	protein_coding	3447	1737	1712	62.9236	18.4313	17.7480
ENSG00000213448.3	RPS23P2	processed_pseudogene	1	0	1	0.2046	0.0599	0.0577
ENSG00000213449.2	GAPDHP28	processed_pseudogene	2	1	1	0.1693	0.0496	0.0478
ENSG00000213450.4	VDAC1P7	processed_pseudogene	2	2	0	0.2005	0.0587	0.0566
ENSG00000213451.2	OR6C69P	unprocessed_pseudogene	0	0	0	0.0000	0.0000	0.0000
ENSG00000213452.4	AKR1B1P2	processed_pseudogene	1	0	1	0.0909	0.0266	0.0256
ENSG00000213453.3	FTH1P3	processed_pseudogene	73	43	31	10.6151	3.1093	2.9940
ENSG00000213455.3	PPIAP82	processed_pseudogene	28	22	6	4.7651	1.3958	1.3440
ENSG00000213461.3	AL672212.1	processed_pseudogene	0	0	0	0.0000	0.0000	0.0000
ENSG00000213462.5	ERV3-1	protein_coding	209	106	103	3.5306	1.0342	0.9958
ENSG00000213463.5	SYNJ2BP	protein_coding	1863	917	946	22.4184	6.5667	6.3232
ENSG00000213465.8	ARL2	protein_coding	1121	575	546	46.7333	13.6889	13.1814
ENSG00000213467.4	HMGB1P37	processed_pseudogene	8	7	1	1.1155	0.3268	0.3146
ENSG00000213468.7	FIRRE	lncRNA	35	19	16	0.2445	0.0716	0.0690
ENSG00000213470.4	AC073594.1	processed_pseudogene	0	0	0	0.0000	0.0000	0.0000
ENSG00000213471.10	TTLL13P	protein_coding	1	0	1	0.0218	0.0064	0.0061
ENSG00000213478.2	CFL1P2	processed_pseudogene	8	5	3	0.9932	0.2909	0.2801
ENSG00000213480.3	AC093816.1	processed_pseudogene	1	0	1	0.0930	0.0272	0.0262
ENSG00000213483.4	NDUFAF4P2	processed_pseudogene	0	0	0	0.0000	0.0000	0.0000
ENSG00000213484.2	EIF4A1P8	processed_pseudogene	1	0	1	0.0714	0.0209	0.0201
ENSG00000213486.3	AC108039.1	processed_pseudogene	0	0	0	0.0000	0.0000	0.0000
ENSG00000213487.3	ASS1P4	processed_pseudogene	0	0	0	0.0000	0.0000	0.0000
ENSG00000213488.4	AC008716.1	processed_pseudogene	0	0	0	0.0000	0.0000	0.0000
ENSG00000213489.3	AL627231.1	processed_pseudogene	0	0	0	0.0000	0.0000	0.0000
ENSG00000213492.2	NT5C3AP1	transcribed_processed_pseudogene	28	14	15	1.4298	0.4188	0.4033
ENSG00000213493.3	ACTN4P1	processed_pseudogene	8	4	4	0.4682	0.1371	0.1321
ENSG00000213495.3	RPL26P13	processed_pseudogene	0	0	0	0.0000	0.0000	0.0000
ENSG00000213498.3	TPT1P13	processed_pseudogene	5	2	3	0.8509	0.2492	0.2400
ENSG00000213500.3	LAP3P2	processed_pseudogene	0	7	11	0.0000	0.0000	0.0000
ENSG00000213509.4	PPIAP16	processed_pseudogene	6	2	4	1.0462	0.3065	0.2951
ENSG00000213512.3	GBP7	protein_coding	1	1	0	0.0349	0.0102	0.0098
ENSG00000213513.3	IMPDH1P5	processed_pseudogene	1	1	0	0.0551	0.0162	0.0156
ENSG00000213514.2	AL731556.1	processed_pseudogene	5	0	5	0.1144	0.0335	0.0323
ENSG00000213516.10	RBMXL1	protein_coding	667	322	345	11.1346	3.2615	3.1406
ENSG00000213519.2	AC132008.1	processed_pseudogene	0	0	0	0.0000	0.0000	0.0000
ENSG00000213522.4	RAC1P5	processed_pseudogene	1	0	1	0.1474	0.0432	0.0416
ENSG00000213523.10	SRA1	protein_coding	2255	1434	1428	56.3886	16.5171	15.9047
ENSG00000213525.3	FAM32CP	processed_pseudogene	0	0	0	0.0000	0.0000	0.0000
ENSG00000213526.3	SETP8	processed_pseudogene	0	0	0	0.0000	0.0000	0.0000
ENSG00000213527.5	AC026826.1	processed_pseudogene	0	0	0	0.0000	0.0000	0.0000
ENSG00000213529.3	AL359073.1	processed_pseudogene	0	0	0	0.0000	0.0000	0.0000
ENSG00000213530.3	MTHFD2P5	processed_pseudogene	1	0	1	0.1006	0.0295	0.0284
ENSG00000213533.13	STIMATE	protein_coding	31	15	16	0.4614	0.1352	0.1302
ENSG00000213536.2	GNG5P1	processed_pseudogene	0	0	0	0.0000	0.0000	0.0000
ENSG00000213538.5	KRT8P41	processed_pseudogene	0	0	0	0.0000	0.0000	0.0000
ENSG00000213539.4	YBX1P6	processed_pseudogene	17	10	7	1.4408	0.4220	0.4064
ENSG00000213540.3	TXN2P1	processed_pseudogene	1	0	1	0.1723	0.0505	0.0486
ENSG00000213542.3	AC007000.1	processed_pseudogene	5	1	4	0.5348	0.1566	0.1508
ENSG00000213543.2	RARRES2P2	processed_pseudogene	0	0	0	0.0000	0.0000	0.0000
ENSG00000213547.3	VN1R64P	unitary_pseudogene	0	0	0	0.0000	0.0000	0.0000
ENSG00000213548.3	PPIAP81	processed_pseudogene	0	0	0	0.0000	0.0000	0.0000
ENSG00000213549.3	AC005077.1	processed_pseudogene	0	0	0	0.0000	0.0000	0.0000
ENSG00000213551.7	DNAJC9	protein_coding	313	660	635	8.2598	2.4194	2.3297
ENSG00000213553.4	RPLP0P6	processed_pseudogene	277	125	155	24.6572	7.2225	6.9547
ENSG00000213556.3	AL359692.1	processed_pseudogene	0	0	0	0.0000	0.0000	0.0000
ENSG00000213557.4	AC068050.1	processed_pseudogene	0	0	0	0.0000	0.0000	0.0000
ENSG00000213558.3	HMGN2P32	processed_pseudogene	0	0	0	0.0000	0.0000	0.0000
ENSG00000213559.4	HNRNPA1P64	processed_pseudogene	2	1	1	0.1842	0.0540	0.0520
ENSG00000213560.4	AC103591.1	processed_pseudogene	0	0	0	0.0000	0.0000	0.0000
ENSG00000213561.4	AC103591.2	processed_pseudogene	2	2	0	0.2217	0.0649	0.0625
ENSG00000213563.7	C8orf82	protein_coding	837	410	428	23.6849	6.9377	6.6805
ENSG00000213568.4	HNRNPA1P13	processed_pseudogene	1	0	1	0.0882	0.0258	0.0249
ENSG00000213569.4	GTF3C6P2	processed_pseudogene	6	1	5	0.8339	0.2443	0.2352
ENSG00000213574.2	LDHAP5	processed_pseudogene	3	3	0	0.4096	0.1200	0.1155
ENSG00000213578.6	CPLX3	protein_coding	0	0	0	0.0000	0.0000	0.0000
ENSG00000213579.3	AL096829.1	processed_pseudogene	1	1	0	0.1858	0.0544	0.0524
ENSG00000213585.11	VDAC1	protein_coding	13615	6857	6761	379.2036	111.0747	106.9566
ENSG00000213587.3	AC126120.1	processed_pseudogene	3	3	0	0.5420	0.1588	0.1529
ENSG00000213588.6	ZBTB9	protein_coding	491	259	235	13.8525	4.0576	3.9072
ENSG00000213590.2	AL807752.1	processed_pseudogene	5	4	1	0.3212	0.0941	0.0906
ENSG00000213592.4	PPIAP42	processed_pseudogene	6	4	2	1.0462	0.3065	0.2951
ENSG00000213593.10	TMX2	protein_coding	3699	1928	1772	139.4233	40.8393	39.3252
ENSG00000213594.4	GAPDHP25	processed_pseudogene	5	3	2	0.4242	0.1242	0.1196
ENSG00000213598.4	AL049873.1	processed_pseudogene	27	13	14	6.0980	1.7862	1.7200
ENSG00000213599.10	SLX1A-SULT1A3	lncRNA	1	1	0	0.0184	0.0054	0.0052
ENSG00000213600.3	U73169.1	lncRNA	0	0	0	0.0000	0.0000	0.0000
ENSG00000213601.3	KRT18P19	processed_pseudogene	0	0	0	0.0000	0.0000	0.0000
ENSG00000213604.4	AC022882.1	processed_pseudogene	0	0	0	0.0000	0.0000	0.0000
ENSG00000213605.2	AC111200.1	processed_pseudogene	1	1	0	0.1293	0.0379	0.0365
ENSG00000213606.3	AKR1B10P1	processed_pseudogene	0	0	0	0.0000	0.0000	0.0000
ENSG00000213607.4	OR4A45P	unprocessed_pseudogene	0	0	0	0.0000	0.0000	0.0000
ENSG00000213608.5	SLC25A14P1	processed_pseudogene	0	0	0	0.0000	0.0000	0.0000
ENSG00000213609.3	RPL7AP50	processed_pseudogene	26	14	13	2.7773	0.8135	0.7833
ENSG00000213612.3	FAM220CP	processed_pseudogene	10	5	5	1.0219	0.2993	0.2882
ENSG00000213613.2	RPL11P3	processed_pseudogene	6	2	4	0.9742	0.2854	0.2748
ENSG00000213614.10	HEXA	protein_coding	1535	2169	2129	10.6064	3.1068	2.9916
ENSG00000213619.11	NDUFS3	protein_coding	3564	1729	1837	67.1525	19.6700	18.9408
ENSG00000213620.3	AL121657.1	processed_pseudogene	0	0	0	0.0000	0.0000	0.0000
ENSG00000213621.3	RPSAP54	processed_pseudogene	21	12	9	2.0128	0.5896	0.5677
ENSG00000213625.9	LEPROT	protein_coding	6288	3162	3126	101.9629	29.8665	28.7592
ENSG00000213626.13	LBH	protein_coding	1835	903	933	34.3842	10.0717	9.6983
ENSG00000213630.3	BOLA3P3	processed_pseudogene	1	0	1	0.3660	0.1072	0.1032
ENSG00000213638.6	ADAT3	protein_coding	56	27	29	2.1460	0.6286	0.6053
ENSG00000213639.10	PPP1CB	protein_coding	7036	3528	3509	103.7327	30.3849	29.2584
ENSG00000213640.3	EEF1DP4	processed_pseudogene	0	0	0	0.0000	0.0000	0.0000
ENSG00000213641.4	RPL7AP4	processed_pseudogene	2	2	0	0.2209	0.0647	0.0623
ENSG00000213642.3	AC016769.1	processed_pseudogene	0	0	0	0.0000	0.0000	0.0000
ENSG00000213643.3	VN1R37P	processed_pseudogene	0	0	0	0.0000	0.0000	0.0000
ENSG00000213644.2	SAPCD2P1	processed_pseudogene	0	0	0	0.0000	0.0000	0.0000
ENSG00000213645.2	SLC25A1P3	processed_pseudogene	0	0	0	0.0000	0.0000	0.0000
ENSG00000213648.11	SULT1A4	protein_coding	0	0	0	0.0000	0.0000	0.0000
ENSG00000213650.3	AC092447.2	processed_pseudogene	2	0	2	0.2539	0.0744	0.0716
ENSG00000213652.3	HMGB3P30	processed_pseudogene	0	0	0	0.0000	0.0000	0.0000
ENSG00000213653.4	RPL22P22	processed_pseudogene	1	1	0	0.2241	0.0656	0.0632
ENSG00000213654.10	GPSM3	protein_coding	1584	767	818	73.3846	21.4955	20.6986
ENSG00000213655.4	AC010493.1	processed_pseudogene	0	0	0	0.0000	0.0000	0.0000
ENSG00000213657.3	RPL31P44	processed_pseudogene	2	0	2	0.4505	0.1320	0.1271
ENSG00000213658.12	LAT	protein_coding	3	1	3	0.0575	0.0168	0.0162
ENSG00000213659.4	RSU1P3	processed_pseudogene	1	0	1	0.1017	0.0298	0.0287
ENSG00000213661.3	AC106806.1	processed_pseudogene	2	2	0	0.3027	0.0887	0.0854
ENSG00000213663.4	AC010409.1	processed_pseudogene	0	0	0	0.0000	0.0000	0.0000
ENSG00000213664.4	RPS16P8	processed_pseudogene	0	0	0	0.0000	0.0000	0.0000
ENSG00000213667.3	PGGT1BP1	processed_pseudogene	0	0	0	0.0000	0.0000	0.0000
ENSG00000213669.2	AL137074.1	processed_pseudogene	0	0	0	0.0000	0.0000	0.0000
ENSG00000213671.3	OLA1P2	processed_pseudogene	0	0	0	0.0000	0.0000	0.0000
ENSG00000213672.8	NCKIPSD	protein_coding	573	266	307	14.1823	4.1542	4.0002
ENSG00000213673.3	SLC25A5P3	processed_pseudogene	5	3	2	0.4798	0.1405	0.1353
ENSG00000213676.13	ATF6B	protein_coding	2433	1215	1218	56.9334	16.6767	16.0584
ENSG00000213683.4	AC002056.1	processed_pseudogene	3	0	3	0.3352	0.0982	0.0945
ENSG00000213684.4	LDHBP2	processed_pseudogene	13	9	4	1.0985	0.3218	0.3098
ENSG00000213689.14	TREX1	protein_coding	0	0	0	0.0000	0.0000	0.0000
ENSG00000213690.3	AL360271.1	processed_pseudogene	0	0	0	0.0000	0.0000	0.0000
ENSG00000213693.4	SEC14L1P1	processed_pseudogene	61	31	30	2.3751	0.6957	0.6699
ENSG00000213694.6	S1PR3	protein_coding	275	141	134	1.7044	0.4992	0.4807
ENSG00000213695.3	RPS7P14	processed_pseudogene	10	5	5	1.4566	0.4267	0.4108
ENSG00000213697.3	CTBP2P6	processed_pseudogene	0	0	0	0.0000	0.0000	0.0000
ENSG00000213698.2	CAPZA1P3	processed_pseudogene	0	0	0	0.0000	0.0000	0.0000
ENSG00000213699.9	SLC35F6	protein_coding	6923	3436	3490	150.6674	44.1328	42.4966
ENSG00000213700.3	RPL17P50	processed_pseudogene	49	25	25	7.6211	2.2323	2.1496
ENSG00000213701.4	SETP22	processed_pseudogene	4	3	1	0.3549	0.1040	0.1001
ENSG00000213703.2	AL138847.1	processed_pseudogene	0	0	0	0.0000	0.0000	0.0000
ENSG00000213704.3	EEF1A1P15	processed_pseudogene	0	0	0	0.0000	0.0000	0.0000
ENSG00000213706.2	RHOG2P	processed_pseudogene	0	0	0	0.0000	0.0000	0.0000
ENSG00000213707.2	HMGB1P10	processed_pseudogene	41	23	18	6.1843	1.8115	1.7443
ENSG00000213708.6	SLC16A14P1	unprocessed_pseudogene	0	0	0	0.0000	0.0000	0.0000
ENSG00000213711.3	PHBP7	processed_pseudogene	0	0	0	0.0000	0.0000	0.0000
ENSG00000213713.3	PIGCP1	processed_pseudogene	132	134	137	12.5246	3.6686	3.5326
ENSG00000213714.1	FAM209B	protein_coding	2	1	1	0.2447	0.0717	0.0690
ENSG00000213716.3	FABP5P5	processed_pseudogene	0	0	0	0.0000	0.0000	0.0000
ENSG00000213717.3	AC004692.1	processed_pseudogene	0	0	0	0.0000	0.0000	0.0000
ENSG00000213719.8	CLIC1	protein_coding	16079	8065	8015	703.1081	205.9514	198.3158
ENSG00000213721.3	HMGN2P30	processed_pseudogene	1	1	0	0.3317	0.0972	0.0936
ENSG00000213722.10	DDAH2	protein_coding	2249	1129	1121	80.8236	23.6745	22.7968
ENSG00000213724.4	PRDX2P2	processed_pseudogene	0	0	0	0.0000	0.0000	0.0000
ENSG00000213726.5	RPS2P52	processed_pseudogene	2	0	2	0.2071	0.0607	0.0584
ENSG00000213727.3	AP000533.1	processed_pseudogene	0	0	0	0.0000	0.0000	0.0000
ENSG00000213729.3	RPS16P2	processed_pseudogene	0	0	0	0.0000	0.0000	0.0000
ENSG00000213730.3	POLD2P1	processed_pseudogene	12	4	8	1.0221	0.2994	0.2883
ENSG00000213731.2	RAB5CP1	processed_pseudogene	0	0	0	0.0000	0.0000	0.0000
ENSG00000213735.2	ANAPC10P1	processed_pseudogene	0	0	0	0.0000	0.0000	0.0000
ENSG00000213736.2	BRI3P2	processed_pseudogene	0	0	0	0.0000	0.0000	0.0000
ENSG00000213739.3	PPIAP68	processed_pseudogene	0	0	0	0.0000	0.0000	0.0000
ENSG00000213740.2	SERBP1P1	processed_pseudogene	16	6	10	1.1713	0.3431	0.3304
ENSG00000213741.11	RPS29	protein_coding	4361	2313	2140	37.6360	11.0242	10.6154
ENSG00000213742.7	ZNF337-AS1	lncRNA	63	501	503	0.8930	0.2616	0.2519
ENSG00000213744.3	RPS10P14	processed_pseudogene	1	1	0	0.1692	0.0496	0.0477
ENSG00000213747.2	WASHC3P1	processed_pseudogene	0	0	0	0.0000	0.0000	0.0000
ENSG00000213750.4	AP002982.1	processed_pseudogene	3	3	0	0.2905	0.0851	0.0819
ENSG00000213752.3	AL008718.1	processed_pseudogene	0	0	0	0.0000	0.0000	0.0000
ENSG00000213753.11	CENPBD1P1	transcribed_processed_pseudogene	645	305	340	5.6305	1.6493	1.5881
ENSG00000213754.2	KPNA4P1	processed_pseudogene	1	0	1	0.0591	0.0173	0.0167
ENSG00000213755.3	AC093270.1	processed_pseudogene	2	1	1	0.3495	0.1024	0.0986
ENSG00000213757.3	RPS3AP20	processed_pseudogene	43	22	21	4.6399	1.3591	1.3087
ENSG00000213759.10	UGT2B11	protein_coding	4	1	3	0.1441	0.0422	0.0406
ENSG00000213760.11	ATP6V1G2	protein_coding	2	66	53	0.0784	0.0230	0.0221
ENSG00000213761.4	MT1P1	processed_pseudogene	1	0	1	0.4640	0.1359	0.1309
ENSG00000213762.12	ZNF134	protein_coding	285	153	132	4.7095	1.3795	1.3284
ENSG00000213763.4	ACTBP2	processed_pseudogene	64	29	35	4.8396	1.4176	1.3650
ENSG00000213770.3	FAM210CP	processed_pseudogene	4	2	2	0.5918	0.1733	0.1669
ENSG00000213771.3	KRT8P37	processed_pseudogene	0	0	0	0.0000	0.0000	0.0000
ENSG00000213772.3	EIF1P7	processed_pseudogene	7	5	2	1.7639	0.5167	0.4975
ENSG00000213774.3	AC010904.1	processed_pseudogene	0	0	0	0.0000	0.0000	0.0000
ENSG00000213777.5	AC011487.1	transcribed_processed_pseudogene	0	0	0	0.0000	0.0000	0.0000
ENSG00000213778.2	HNRNPA1P32	processed_pseudogene	1	1	0	0.0882	0.0258	0.0249
ENSG00000213779.4	AC107956.2	processed_pseudogene	0	1	0	0.0000	0.0000	0.0000
ENSG00000213780.11	GTF2H4	protein_coding	0	0	0	0.0000	0.0000	0.0000
ENSG00000213781.3	PSMC1P2	processed_pseudogene	2	1	1	0.1411	0.0413	0.0398
ENSG00000213782.7	DDX47	protein_coding	13	4	9	0.2190	0.0642	0.0618
ENSG00000213783.4	RPL35P4	processed_pseudogene	0	0	0	0.0000	0.0000	0.0000
ENSG00000213785.3	AKR1B1P3	processed_pseudogene	0	0	0	0.0000	0.0000	0.0000
ENSG00000213786.3	NHP2P2	processed_pseudogene	3	2	1	0.5538	0.1622	0.1562
ENSG00000213787.3	RPL7AP38	processed_pseudogene	1	1	0	0.1058	0.0310	0.0298
ENSG00000213790.2	OLA1P1	processed_pseudogene	72	29	43	5.1424	1.5063	1.4504
ENSG00000213791.4	AC104212.2	processed_pseudogene	1	1	1	0.1385	0.0406	0.0391
ENSG00000213793.5	ZNF888	protein_coding	42	24	20	0.8026	0.2351	0.2264
ENSG00000213798.3	AC004129.1	processed_pseudogene	2	1	1	0.2134	0.0625	0.0602
ENSG00000213799.13	ZNF845	protein_coding	88	37	51	1.1586	0.3394	0.3268
ENSG00000213801.4	ZNF321P	transcribed_processed_pseudogene	3	3	0	0.1088	0.0319	0.0307
ENSG00000213809.9	KLRK1	protein_coding	7	4	3	0.1953	0.0572	0.0551
ENSG00000213816.3	CNN2P4	processed_pseudogene	0	0	0	0.0000	0.0000	0.0000
ENSG00000213820.3	RPL13P2	processed_pseudogene	5	4	2	0.6443	0.1887	0.1817
ENSG00000213822.6	CEACAM18	protein_coding	0	0	0	0.0000	0.0000	0.0000
ENSG00000213830.3	CFL1P5	processed_pseudogene	2	2	0	0.3383	0.0991	0.0954
ENSG00000213839.4	TMX2P1	processed_pseudogene	82	36	46	9.8354	2.8809	2.7741
ENSG00000213842.2	SUGT1P2	processed_pseudogene	0	0	0	0.0000	0.0000	0.0000
ENSG00000213849.3	AC104306.1	processed_pseudogene	3	1	2	0.6867	0.2011	0.1937
ENSG00000213851.3	AC098590.1	processed_pseudogene	12	7	5	1.1361	0.3328	0.3204
ENSG00000213853.10	EMP2	protein_coding	3715	2379	2375	36.4632	10.6806	10.2847
ENSG00000213854.3	CNN2P6	processed_pseudogene	2	1	1	0.1887	0.0553	0.0532
ENSG00000213856.3	VDAC1P2	processed_pseudogene	13	8	5	1.2988	0.3804	0.3663
ENSG00000213857.3	AL080243.1	processed_pseudogene	6	7	1	0.4807	0.1408	0.1356
ENSG00000213859.7	KCTD11	protein_coding	439	295	285	12.1990	3.5733	3.4408
ENSG00000213860.4	RPL21P75	processed_pseudogene	1	2	0	0.1758	0.0515	0.0496
ENSG00000213862.4	AC044787.1	processed_pseudogene	34	20	14	3.6456	1.0678	1.0283
ENSG00000213864.3	EEF1B2P2	processed_pseudogene	5	3	2	0.6281	0.1840	0.1772
ENSG00000213866.3	YBX1P10	processed_pseudogene	279	110	170	24.3003	7.1179	6.8540
ENSG00000213867.4	AL049830.1	processed_pseudogene	1	1	0	0.1998	0.0585	0.0564
ENSG00000213871.3	TAF9BP1	processed_pseudogene	0	0	0	0.0000	0.0000	0.0000
ENSG00000213872.3	AC092798.1	processed_pseudogene	0	0	0	0.0000	0.0000	0.0000
ENSG00000213873.4	PPIAP86	processed_pseudogene	2	2	0	0.3266	0.0957	0.0921
ENSG00000213875.3	AC005019.1	processed_pseudogene	3	2	1	0.5911	0.1731	0.1667
ENSG00000213876.4	RPL7AP64	processed_pseudogene	4	3	2	0.5123	0.1501	0.1445
ENSG00000213877.3	CFL1P7	processed_pseudogene	1	1	0	0.1747	0.0512	0.0493
ENSG00000213880.3	RPL7AP7	processed_pseudogene	0	0	0	0.0000	0.0000	0.0000
ENSG00000213881.3	NPM1P6	processed_pseudogene	52	27	25	5.0699	1.4850	1.4300
ENSG00000213882.2	CYB5AP4	processed_pseudogene	0	0	0	0.0000	0.0000	0.0000
ENSG00000213885.4	RPL13AP7	transcribed_processed_pseudogene	45	28	26	2.2413	0.6565	0.6322
ENSG00000213886.4	UBD	protein_coding	0	5	5	0.0000	0.0000	0.0000
ENSG00000213888.3	LINC01521	lncRNA	39	16	23	1.7045	0.4993	0.4808
ENSG00000213889.10	PPM1N	protein_coding	47	64	98	1.5524	0.4547	0.4379
ENSG00000213891.3	RPL3P6	processed_pseudogene	16	10	6	1.1285	0.3306	0.3183
ENSG00000213892.12	CEACAM16	protein_coding	0	1	0	0.0000	0.0000	0.0000
ENSG00000213896.4	AC109486.1	processed_pseudogene	0	0	0	0.0000	0.0000	0.0000
ENSG00000213900.2	RPS17P1	processed_pseudogene	0	0	0	0.0000	0.0000	0.0000
ENSG00000213901.11	SLC23A3	protein_coding	11	4	7	0.2594	0.0760	0.0732
ENSG00000213903.9	LTB4R	protein_coding	144	71	73	2.7388	0.8022	0.7725
ENSG00000213904.9	LIPE-AS1	lncRNA	29	376	366	0.5674	0.1662	0.1601
ENSG00000213906.10	LTB4R2	protein_coding	16	26	25	0.4203	0.1231	0.1185
ENSG00000213908.4	CYP2A7P1	unprocessed_pseudogene	0	0	0	0.0000	0.0000	0.0000
ENSG00000213911.2	OR2G1P	unprocessed_pseudogene	0	0	0	0.0000	0.0000	0.0000
ENSG00000213916.2	RPL13P	processed_pseudogene	0	0	1	0.0000	0.0000	0.0000
ENSG00000213917.2	RPL5P8	processed_pseudogene	3	0	3	0.3126	0.0916	0.0882
ENSG00000213918.10	DNASE1	protein_coding	187	1315	1347	1.1507	0.3370	0.3245
ENSG00000213920.9	MDP1	protein_coding	0	0	0	0.0000	0.0000	0.0000
ENSG00000213921.8	LEUTX	protein_coding	0	0	0	0.0000	0.0000	0.0000
ENSG00000213923.13	CSNK1E	protein_coding	3289	1657	1633	39.3496	11.5261	11.0988
ENSG00000213924.3	HNRNPH1P2	processed_pseudogene	0	0	0	0.0000	0.0000	0.0000
ENSG00000213925.3	NPM1P33	processed_pseudogene	8	5	3	0.7791	0.2282	0.2197
ENSG00000213926.3	MSRB1P1	processed_pseudogene	0	0	0	0.0000	0.0000	0.0000
ENSG00000213927.4	CCL27	protein_coding	0	1	1	0.0000	0.0000	0.0000
ENSG00000213928.9	IRF9	protein_coding	34	21	13	0.8061	0.2361	0.2274
ENSG00000213930.12	GALT	protein_coding	282	138	144	5.4340	1.5917	1.5327
ENSG00000213931.7	HBE1	protein_coding	0	0	0	0.0000	0.0000	0.0000
ENSG00000213934.9	HBG1	protein_coding	0	0	0	0.0000	0.0000	0.0000
ENSG00000213935.3	RPL22P16	processed_pseudogene	2	2	0	0.4553	0.1334	0.1284
ENSG00000213937.4	CLDN9	protein_coding	3	0	3	0.1609	0.0471	0.0454
ENSG00000213938.3	SEPHS1P6	processed_pseudogene	2	1	1	0.1441	0.0422	0.0406
ENSG00000213939.4	AC091153.1	processed_pseudogene	17	14	9	3.5912	1.0519	1.0129
ENSG00000213940.4	AC026477.1	processed_pseudogene	0	0	0	0.0000	0.0000	0.0000
ENSG00000213942.3	AC005840.1	processed_pseudogene	22	12	10	4.9556	1.4516	1.3977
ENSG00000213943.3	KRT18P17	processed_pseudogene	0	0	0	0.0000	0.0000	0.0000
ENSG00000213946.3	DNAJB1P1	processed_pseudogene	2	1	1	0.1659	0.0486	0.0468
ENSG00000213949.10	ITGA1	protein_coding	1128	574	607	5.1653	1.5130	1.4569
ENSG00000213950.2	RPS10P2	processed_pseudogene	7	3	4	1.2033	0.3525	0.3394
ENSG00000213954.3	ATP5PDP3	processed_pseudogene	0	0	0	0.0000	0.0000	0.0000
ENSG00000213956.4	AC112187.1	processed_pseudogene	3	3	0	0.5319	0.1558	0.1500
ENSG00000213958.2	KRT18P29	processed_pseudogene	0	0	0	0.0000	0.0000	0.0000
ENSG00000213959.2	AL035419.1	processed_pseudogene	1	1	0	0.1506	0.0441	0.0425
ENSG00000213962.2	API5P2	processed_pseudogene	0	0	0	0.0000	0.0000	0.0000
ENSG00000213963.6	AC019080.1	lncRNA	148	80	68	1.7526	0.5134	0.4943
ENSG00000213964.3	CHCHD4P4	processed_pseudogene	0	0	0	0.0000	0.0000	0.0000
ENSG00000213965.3	NUDT19	protein_coding	1279	628	651	36.6071	10.7228	10.3252
ENSG00000213967.11	ZNF726	protein_coding	23	14	20	0.3106	0.0910	0.0876
ENSG00000213970.4	AC006122.1	transcribed_processed_pseudogene	3	2	1	0.2568	0.0752	0.0724
ENSG00000213972.3	AL024509.1	processed_pseudogene	0	0	0	0.0000	0.0000	0.0000
ENSG00000213973.9	ZNF99	protein_coding	0	0	0	0.0000	0.0000	0.0000
ENSG00000213976.4	AC010615.1	unprocessed_pseudogene	3	1	2	0.1444	0.0423	0.0407
ENSG00000213977.8	TAX1BP3	protein_coding	3	14	16	0.1845	0.0540	0.0520
ENSG00000213979.3	RPL7AP14	processed_pseudogene	3	2	1	0.3177	0.0930	0.0896
ENSG00000213981.8	AC007277.1	lncRNA	0	0	0	0.0000	0.0000	0.0000
ENSG00000213983.12	AP1G2	protein_coding	174	322	277	2.1424	0.6275	0.6043
ENSG00000213985.4	AC078899.1	processed_pseudogene	20	9	11	1.4333	0.4198	0.4043
ENSG00000213987.4	AC093151.1	processed_pseudogene	0	0	0	0.0000	0.0000	0.0000
ENSG00000213988.11	ZNF90	protein_coding	0	1	1	0.0000	0.0000	0.0000
ENSG00000213994.3	AL157395.1	lncRNA	1	1	0	0.1939	0.0568	0.0547
ENSG00000213995.11	NAXD	protein_coding	740	375	396	22.0728	6.4655	6.2257
ENSG00000213996.13	TM6SF2	protein_coding	4	4	0	0.1552	0.0455	0.0438
ENSG00000213997.3	PGAM1P7	processed_pseudogene	3	2	1	0.3457	0.1013	0.0975
ENSG00000213999.17	MEF2B	protein_coding	1	1	0	0.0407	0.0119	0.0115
ENSG00000214003.2	ATP5PBP3	processed_pseudogene	1	0	1	0.1293	0.0379	0.0365
ENSG00000214009.2	PCNAP3	processed_pseudogene	1	1	0	0.1092	0.0320	0.0308
ENSG00000214012.4	KRT18P38	processed_pseudogene	1	0	1	0.0662	0.0194	0.0187
ENSG00000214013.9	GANC	protein_coding	774	533	529	6.0004	1.7576	1.6924
ENSG00000214015.3	RPL32P23	processed_pseudogene	0	0	0	0.0000	0.0000	0.0000
ENSG00000214016.3	RPSAP61	processed_pseudogene	13	8	5	1.2574	0.3683	0.3546
ENSG00000214018.3	RRM2P3	processed_pseudogene	1	1	0	0.0730	0.0214	0.0206
ENSG00000214019.2	RBM39P1	processed_pseudogene	2	1	1	0.1068	0.0313	0.0301
ENSG00000214020.3	FTLP4	processed_pseudogene	0	0	0	0.0000	0.0000	0.0000
ENSG00000214021.16	TTLL3	protein_coding	111	47	64	0.9060	0.2654	0.2555
ENSG00000214022.11	REPIN1	protein_coding	3109	1611	1586	56.7902	16.6347	16.0180
ENSG00000214024.2	RPL23AP29	processed_pseudogene	0	0	0	0.0000	0.0000	0.0000
ENSG00000214025.2	ATP5PBP4	processed_pseudogene	0	0	0	0.0000	0.0000	0.0000
ENSG00000214026.11	MRPL23	protein_coding	522	251	272	14.9003	4.3645	4.2027
ENSG00000214027.3	ARPC3P5	processed_pseudogene	2	1	1	0.3181	0.0932	0.0897
ENSG00000214029.5	ZNF891	protein_coding	9	67	67	0.0490	0.0144	0.0138
ENSG00000214031.2	CLDN7P1	processed_pseudogene	0	0	0	0.0000	0.0000	0.0000
ENSG00000214035.3	AC073310.1	processed_pseudogene	1	1	0	0.0822	0.0241	0.0232
ENSG00000214039.9	LINC02418	lncRNA	0	0	0	0.0000	0.0000	0.0000
ENSG00000214041.4	PGAM1P4	processed_pseudogene	1	0	1	0.1132	0.0332	0.0319
ENSG00000214042.1	IFNA7	protein_coding	0	0	0	0.0000	0.0000	0.0000
ENSG00000214043.8	LINC02347	lncRNA	0	0	0	0.0000	0.0000	0.0000
ENSG00000214045.3	IMPDH1P2	processed_pseudogene	1	1	0	0.0550	0.0161	0.0155
ENSG00000214046.9	SMIM7	protein_coding	1105	581	573	18.3850	5.3853	5.1856
ENSG00000214047.4	RPS11P7	processed_pseudogene	3	0	3	0.5479	0.1605	0.1545
ENSG00000214049.8	UCA1	lncRNA	0	0	0	0.0000	0.0000	0.0000
ENSG00000214050.8	FBXO16	protein_coding	414	233	245	8.9413	2.6190	2.5219
ENSG00000214051.3	ARF4P3	processed_pseudogene	0	0	0	0.0000	0.0000	0.0000
ENSG00000214062.5	RPL7P17	processed_pseudogene	1	1	0	0.1173	0.0344	0.0331
ENSG00000214063.11	TSPAN4	protein_coding	2103	1061	1046	30.5958	8.9620	8.6297
ENSG00000214064.3	RPL6P5	processed_pseudogene	0	0	0	0.0000	0.0000	0.0000
ENSG00000214067.2	AL360182.1	processed_pseudogene	1	0	1	0.1815	0.0532	0.0512
ENSG00000214070.3	MANEALP1	processed_pseudogene	0	0	0	0.0000	0.0000	0.0000
ENSG00000214071.4	BX842568.1	unprocessed_pseudogene	0	0	0	0.0000	0.0000	0.0000
ENSG00000214073.2	RPL21P17	processed_pseudogene	1	1	0	0.1788	0.0524	0.0504
ENSG00000214074.3	RPL23AP39	processed_pseudogene	0	0	0	0.0000	0.0000	0.0000
ENSG00000214076.3	CPSF1P1	transcribed_processed_pseudogene	0	0	0	0.0000	0.0000	0.0000
ENSG00000214077.4	GNAQP1	processed_pseudogene	15	9	6	1.1938	0.3497	0.3367
ENSG00000214078.13	CPNE1	protein_coding	3087	1578	1510	72.6578	21.2826	20.4936
ENSG00000214081.8	CYP4F30P	transcribed_unprocessed_pseudogene	0	0	0	0.0000	0.0000	0.0000
ENSG00000214087.8	ARL16	protein_coding	236	157	136	7.7171	2.2605	2.1766
ENSG00000214089.3	RPL9P21	processed_pseudogene	5	5	0	0.8408	0.2463	0.2372
ENSG00000214093.3	AL096701.1	processed_pseudogene	1	1	0	0.1858	0.0544	0.0524
ENSG00000214097.5	SMCO1	protein_coding	0	0	0	0.0000	0.0000	0.0000
ENSG00000214100.8	PLAC9P1	transcribed_unprocessed_pseudogene	0	0	0	0.0000	0.0000	0.0000
ENSG00000214102.7	WEE2	protein_coding	0	2	2	0.0000	0.0000	0.0000
ENSG00000214106.9	PAXIP1-AS2	lncRNA	326	294	315	3.1176	0.9132	0.8793
ENSG00000214107.8	MAGEB1	protein_coding	0	0	0	0.0000	0.0000	0.0000
ENSG00000214108.4	TPT1P5	processed_pseudogene	4	2	2	0.6520	0.1910	0.1839
ENSG00000214110.3	LDHAP4	transcribed_processed_pseudogene	0	0	0	0.0000	0.0000	0.0000
ENSG00000214111.3	PAFAH1B2P1	processed_pseudogene	0	0	0	0.0000	0.0000	0.0000
ENSG00000214113.11	LYRM4	protein_coding	716	343	373	15.3932	4.5089	4.3417
ENSG00000214114.9	MYCBP	protein_coding	279	144	137	8.5441	2.5027	2.4099
ENSG00000214121.4	PRDX1P1	processed_pseudogene	3	2	1	0.4275	0.1252	0.1206
ENSG00000214124.3	SNRPEP9	processed_pseudogene	0	0	0	0.0000	0.0000	0.0000
ENSG00000214125.2	AC005005.1	processed_pseudogene	1	1	0	0.1245	0.0365	0.0351
ENSG00000214128.11	TMEM213	protein_coding	3	1	3	0.0529	0.0155	0.0149
ENSG00000214132.4	AC094103.1	processed_pseudogene	2	1	1	0.1210	0.0354	0.0341
ENSG00000214135.8	AC132008.2	transcribed_unprocessed_pseudogene	195	109	86	4.7286	1.3851	1.3337
ENSG00000214140.11	PRCD	protein_coding	13	98	85	0.2085	0.0611	0.0588
ENSG00000214141.4	ACTN4P2	processed_pseudogene	0	0	0	0.0000	0.0000	0.0000
ENSG00000214142.2	RPL7P60	processed_pseudogene	0	1	0	0.0000	0.0000	0.0000
ENSG00000214144.3	AL390728.1	processed_pseudogene	5	2	3	0.2188	0.0641	0.0617
ENSG00000214145.7	LINC00887	lncRNA	10	6	4	0.1745	0.0511	0.0492
ENSG00000214146.3	LINC02026	lncRNA	29	18	13	0.8385	0.2456	0.2365
ENSG00000214147.2	AC092952.1	processed_pseudogene	0	0	0	0.0000	0.0000	0.0000
ENSG00000214160.10	ALG3	protein_coding	2552	1232	1320	62.7256	18.3733	17.6921
ENSG00000214161.3	SDC4P	processed_pseudogene	0	0	0	0.0000	0.0000	0.0000
ENSG00000214174.8	AMZ2P1	transcribed_unprocessed_pseudogene	205	106	99	4.5124	1.3217	1.2727
ENSG00000214176.9	PLEKHM1P1	transcribed_unprocessed_pseudogene	178	100	78	1.7848	0.5228	0.5034
ENSG00000214178.3	PPIAP23	processed_pseudogene	1	1	0	0.1709	0.0500	0.0482
ENSG00000214182.5	PTMAP5	transcribed_processed_pseudogene	147	65	82	10.7429	3.1468	3.0301
ENSG00000214184.3	GCC2-AS1	lncRNA	8	32	41	0.8503	0.2491	0.2398
ENSG00000214185.3	XPOTP1	processed_pseudogene	14	10	4	0.4958	0.1452	0.1398
ENSG00000214188.9	ST7-OT4	lncRNA	0	0	0	0.0000	0.0000	0.0000
ENSG00000214189.9	ZNF788P	transcribed_unprocessed_pseudogene	1	25	21	0.0149	0.0044	0.0042
ENSG00000214190.2	RNF152P1	processed_pseudogene	0	0	0	0.0000	0.0000	0.0000
ENSG00000214192.3	UBE2V1P2	processed_pseudogene	7	2	5	1.3510	0.3957	0.3811
ENSG00000214193.11	SH3D21	protein_coding	276	449	444	2.8787	0.8432	0.8119
ENSG00000214194.9	SMIM30	protein_coding	3645	1838	1807	167.9517	49.1957	47.3718
ENSG00000214195.4	HMGN2P31	processed_pseudogene	2	2	0	0.6221	0.1822	0.1755
ENSG00000214198.8	TTC41P	transcribed_unitary_pseudogene	22	17	13	0.2876	0.0843	0.0811
ENSG00000214199.3	EEF1A1P12	processed_pseudogene	173	99	74	10.9147	3.1971	3.0786
ENSG00000214200.2	TPM3P2	processed_pseudogene	0	0	0	0.0000	0.0000	0.0000
ENSG00000214203.4	RPS4XP1	processed_pseudogene	8	2	6	0.8632	0.2529	0.2435
ENSG00000214204.4	HNRNPA1P43	processed_pseudogene	7	6	1	0.6532	0.1913	0.1842
ENSG00000214207.2	KRT18P10	processed_pseudogene	0	0	0	0.0000	0.0000	0.0000
ENSG00000214210.4	AC084017.1	processed_pseudogene	0	0	0	0.0000	0.0000	0.0000
ENSG00000214211.2	CTAGE14P	processed_pseudogene	0	0	0	0.0000	0.0000	0.0000
ENSG00000214212.9	C19orf38	protein_coding	75	32	43	4.1038	1.2021	1.1575
ENSG00000214216.11	IQCJ	protein_coding	0	0	0	0.0000	0.0000	0.0000
ENSG00000214222.2	TUBBP2	processed_pseudogene	11	7	4	2.2728	0.6657	0.6411
ENSG00000214223.4	HNRNPA1P10	processed_pseudogene	44	30	14	3.8841	1.1377	1.0955
ENSG00000214226.9	C17orf67	protein_coding	51	30	21	1.7794	0.5212	0.5019
ENSG00000214237.11	MINDY4B	protein_coding	0	0	0	0.0000	0.0000	0.0000
ENSG00000214243.3	AC004980.2	processed_pseudogene	6	2	4	1.0252	0.3003	0.2892
ENSG00000214244.4	SETP21	processed_pseudogene	1	0	1	0.0952	0.0279	0.0269
ENSG00000214245.3	PUDPP3	processed_pseudogene	0	0	0	0.0000	0.0000	0.0000
ENSG00000214248.2	AC010336.1	lncRNA	2	117	104	0.0358	0.0105	0.0101
ENSG00000214249.3	CTAGE11P	processed_pseudogene	2	2	0	0.0722	0.0211	0.0204
ENSG00000214252.4	AZGP1P2	unprocessed_pseudogene	0	0	0	0.0000	0.0000	0.0000
ENSG00000214253.9	FIS1	protein_coding	2065	1013	1052	97.9122	28.6800	27.6167
ENSG00000214254.3	AC136896.1	processed_pseudogene	0	0	0	0.0000	0.0000	0.0000
ENSG00000214255.5	RPS2P6	processed_pseudogene	1	1	0	0.0949	0.0278	0.0268
ENSG00000214259.3	AC018695.1	processed_pseudogene	1	0	1	0.1279	0.0375	0.0361
ENSG00000214262.4	ANKRD36BP1	transcribed_processed_pseudogene	0	219	205	0.0000	0.0000	0.0000
ENSG00000214263.2	RPSAP53	processed_pseudogene	0	0	0	0.0000	0.0000	0.0000
ENSG00000214264.4	KCTD9P4	processed_pseudogene	5	5	0	0.3642	0.1067	0.1027
ENSG00000214265.11	AC124312.1	protein_coding	0	0	0	0.0000	0.0000	0.0000
ENSG00000214266.2	STARP1	processed_pseudogene	0	0	0	0.0000	0.0000	0.0000
ENSG00000214268.2	RPS3AP33	processed_pseudogene	0	0	0	0.0000	0.0000	0.0000
ENSG00000214269.3	LGMNP1	processed_pseudogene	99	59	40	6.4670	1.8943	1.8241
ENSG00000214273.4	AGGF1P1	processed_pseudogene	2	1	1	0.0819	0.0240	0.0231
ENSG00000214274.10	ANG	protein_coding	173	115	126	10.2093	2.9905	2.8796
ENSG00000214278.4	AC010442.1	processed_pseudogene	0	0	0	0.0000	0.0000	0.0000
ENSG00000214279.13	SCART1	protein_coding	25	18	7	0.2649	0.0776	0.0747
ENSG00000214280.3	AC046134.1	processed_pseudogene	0	1	3	0.0000	0.0000	0.0000
ENSG00000214281.3	HMGN2P39	processed_pseudogene	0	0	0	0.0000	0.0000	0.0000
ENSG00000214282.3	KRT8P14	processed_pseudogene	23	10	13	1.3545	0.3968	0.3820
ENSG00000214283.4	RAD51AP1P1	processed_pseudogene	0	0	0	0.0000	0.0000	0.0000
ENSG00000214285.3	NPS	protein_coding	0	0	0	0.0000	0.0000	0.0000
ENSG00000214286.2	PDCL3P3	processed_pseudogene	0	0	0	0.0000	0.0000	0.0000
ENSG00000214288.4	HMGB3P13	processed_pseudogene	0	0	0	0.0000	0.0000	0.0000
ENSG00000214289.2	RPL39P5	transcribed_processed_pseudogene	2	2	0	0.3783	0.1108	0.1067
ENSG00000214290.8	COLCA2	protein_coding	8	5	3	0.3299	0.0966	0.0931
ENSG00000214293.9	APTR	lncRNA	172	83	89	2.4690	0.7232	0.6964
ENSG00000214295.4	FOXO1B	processed_pseudogene	0	0	0	0.0000	0.0000	0.0000
ENSG00000214297.3	ALDOAP2	processed_pseudogene	3	2	1	0.2368	0.0694	0.0668
ENSG00000214298.3	MRPS21P6	processed_pseudogene	1	0	1	0.3254	0.0953	0.0918
ENSG00000214300.7	SPDYE3	protein_coding	1	126	120	0.0206	0.0060	0.0058
ENSG00000214301.4	AC022296.2	processed_pseudogene	0	0	0	0.0000	0.0000	0.0000
ENSG00000214305.4	Metazoa_SRP	misc_RNA	0	0	0	0.0000	0.0000	0.0000
ENSG00000214309.5	MBLAC1	protein_coding	47	34	24	2.7023	0.7915	0.7622
ENSG00000214313.8	AZGP1P1	transcribed_unprocessed_pseudogene	1	0	3	0.0489	0.0143	0.0138
ENSG00000214318.3	ATP5MC1P6	processed_pseudogene	0	0	0	0.0000	0.0000	0.0000
ENSG00000214319.2	CXADRP1	processed_pseudogene	0	0	0	0.0000	0.0000	0.0000
ENSG00000214321.3	CBX1P4	processed_pseudogene	1	1	1	0.1858	0.0544	0.0524
ENSG00000214322.3	CBX1P2	processed_pseudogene	1	1	1	0.1854	0.0543	0.0523
ENSG00000214324.5	C3orf56	protein_coding	0	0	0	0.0000	0.0000	0.0000
ENSG00000214326.2	RPL31P1	processed_pseudogene	0	0	0	0.0000	0.0000	0.0000
ENSG00000214329.7	SLC9B1P2	transcribed_unprocessed_pseudogene	0	0	0	0.0000	0.0000	0.0000
ENSG00000214330.4	ABCD1P5	unprocessed_pseudogene	1	1	0	0.1126	0.0330	0.0318
ENSG00000214331.8	AC009053.1	transcribed_unprocessed_pseudogene	61	37	43	1.3532	0.3964	0.3817
ENSG00000214335.3	CTAGE16P	processed_pseudogene	0	0	0	0.0000	0.0000	0.0000
ENSG00000214336.5	FOXI3	protein_coding	0	0	0	0.0000	0.0000	0.0000
ENSG00000214338.10	SOGA3	protein_coding	0	0	0	0.0000	0.0000	0.0000
ENSG00000214342.2	ATP5PBP2	processed_pseudogene	0	0	0	0.0000	0.0000	0.0000
ENSG00000214344.4	OR4F13P	transcribed_unprocessed_pseudogene	3	1	2	0.1240	0.0363	0.0350
ENSG00000214347.8	AC011491.1	transcribed_unitary_pseudogene	0	1	0	0.0000	0.0000	0.0000
ENSG00000214351.5	OR1X5P	unprocessed_pseudogene	0	0	0	0.0000	0.0000	0.0000
ENSG00000214353.8	VAC14-AS1	lncRNA	11	782	723	0.1021	0.0299	0.0288
ENSG00000214354.3	PAFAH1B1P1	processed_pseudogene	0	0	0	0.0000	0.0000	0.0000
ENSG00000214357.9	NEURL1B	protein_coding	438	282	264	5.7873	1.6952	1.6323
ENSG00000214359.3	RPL18P10	processed_pseudogene	0	0	0	0.0000	0.0000	0.0000
ENSG00000214360.5	EFCAB9	protein_coding	9	6	3	1.0856	0.3180	0.3062
ENSG00000214362.2	RPS3AP36	processed_pseudogene	5	3	2	0.5479	0.1605	0.1545
ENSG00000214366.4	EIF4EP5	processed_pseudogene	0	0	0	0.0000	0.0000	0.0000
ENSG00000214367.9	HAUS3	protein_coding	693	367	326	5.7136	1.6736	1.6115
ENSG00000214369.2	CYB5AP2	processed_pseudogene	0	0	0	0.0000	0.0000	0.0000
ENSG00000214374.2	RPLP2P1	processed_pseudogene	1	1	0	0.2498	0.0732	0.0704
ENSG00000214376.6	VSTM5	protein_coding	1	0	1	0.0216	0.0063	0.0061
ENSG00000214380.4	NFYBP1	processed_pseudogene	0	0	0	0.0000	0.0000	0.0000
ENSG00000214381.6	LINC00488	lncRNA	90	50	47	2.1154	0.6196	0.5967
ENSG00000214389.2	RPS3AP26	processed_pseudogene	103	64	39	11.1566	3.2680	3.1468
ENSG00000214391.3	TUBAP2	processed_pseudogene	117	57	60	6.1598	1.8043	1.7374
ENSG00000214401.4	KANSL1-AS1	lncRNA	20	7	13	1.7402	0.5097	0.4908
ENSG00000214402.7	LCNL1	protein_coding	1	0	1	0.0210	0.0061	0.0059
ENSG00000214405.3	RAP1BP2	processed_pseudogene	0	0	0	0.0000	0.0000	0.0000
ENSG00000214407.3	LINC02085	lncRNA	4	1	3	0.1656	0.0485	0.0467
ENSG00000214413.9	BBIP1	protein_coding	332	583	588	3.3397	0.9782	0.9420
ENSG00000214414.9	TRIM77	protein_coding	0	0	0	0.0000	0.0000	0.0000
ENSG00000214415.4	GNAT3	protein_coding	0	0	0	0.0000	0.0000	0.0000
ENSG00000214417.4	KRT18P13	processed_pseudogene	1	0	1	0.0658	0.0193	0.0186
ENSG00000214424.5	FAM149B1P1	processed_pseudogene	1	1	0	0.0527	0.0155	0.0149
ENSG00000214425.8	LRRC37A4P	transcribed_unprocessed_pseudogene	110	48	69	1.2038	0.3526	0.3395
ENSG00000214428.3	NPM1P10	processed_pseudogene	0	0	0	0.0000	0.0000	0.0000
ENSG00000214429.3	CYCSP6	processed_pseudogene	0	0	0	0.0000	0.0000	0.0000
ENSG00000214432.9	VPS33B-DT	lncRNA	3	3	1	0.0743	0.0218	0.0210
ENSG00000214433.4	GOLGA2P8	transcribed_unprocessed_pseudogene	2	0	2	0.2180	0.0639	0.0615
ENSG00000214434.2	NIFKP1	processed_pseudogene	1	1	0	0.0955	0.0280	0.0269
ENSG00000214435.8	AS3MT	protein_coding	0	0	0	0.0000	0.0000	0.0000
ENSG00000214439.4	FAM185BP	transcribed_unprocessed_pseudogene	18	8	10	1.1905	0.3487	0.3358
ENSG00000214447.4	FAM187A	protein_coding	0	0	0	0.0000	0.0000	0.0000
ENSG00000214455.4	RCN1P2	processed_pseudogene	1	341	341	0.0928	0.0272	0.0262
ENSG00000214456.8	PLIN5	protein_coding	0	0	0	0.0000	0.0000	0.0000
ENSG00000214457.3	RPL7P29	processed_pseudogene	0	1	0	0.0000	0.0000	0.0000
ENSG00000214460.3	TPT1P6	processed_pseudogene	13	6	7	2.1478	0.6291	0.6058
ENSG00000214465.3	SMARCE1P6	processed_pseudogene	0	0	0	0.0000	0.0000	0.0000
ENSG00000214484.3	RPSAP28	processed_pseudogene	0	0	0	0.0000	0.0000	0.0000
ENSG00000214485.6	RPL7P1	processed_pseudogene	154	68	87	17.5070	5.1281	4.9380
ENSG00000214487.3	OR7E148P	unprocessed_pseudogene	0	0	0	0.0000	0.0000	0.0000
ENSG00000214491.8	SEC14L6	protein_coding	6	4	2	0.1502	0.0440	0.0424
ENSG00000214510.10	SPINK13	protein_coding	0	0	0	0.0000	0.0000	0.0000
ENSG00000214511.3	HIGD1C	protein_coding	0	0	0	0.0000	0.0000	0.0000
ENSG00000214513.4	NOTO	protein_coding	0	0	0	0.0000	0.0000	0.0000
ENSG00000214514.8	KRT42P	transcribed_unprocessed_pseudogene	0	1	1	0.0000	0.0000	0.0000
ENSG00000214517.10	PPME1	protein_coding	3599	2002	1978	39.4410	11.5529	11.1246
ENSG00000214518.3	KRTAP2-2	protein_coding	0	0	0	0.0000	0.0000	0.0000
ENSG00000214525.4	AC130709.1	processed_pseudogene	0	0	0	0.0000	0.0000	0.0000
ENSG00000214526.3	AP000343.1	processed_pseudogene	0	0	0	0.0000	0.0000	0.0000
ENSG00000214530.9	STARD10	protein_coding	400	175	225	9.1558	2.6819	2.5825
ENSG00000214533.3	KRT18P33	processed_pseudogene	3	2	1	0.2443	0.0715	0.0689
ENSG00000214534.5	ZNF705E	protein_coding	3	1	2	0.0740	0.0217	0.0209
ENSG00000214535.3	RPS15AP1	processed_pseudogene	30	12	18	6.5156	1.9085	1.8378
ENSG00000214541.3	RPS4XP3	processed_pseudogene	9	6	3	1.8506	0.5421	0.5220
ENSG00000214544.7	GTF2IRD2P1	transcribed_unprocessed_pseudogene	4	2	2	0.0963	0.0282	0.0272
ENSG00000214546.4	AC087491.1	lncRNA	1	0	1	0.0888	0.0260	0.0251
ENSG00000214548.18	MEG3	lncRNA	211	119	109	0.7715	0.2260	0.2176
ENSG00000214549.2	SDHCP2	processed_pseudogene	1	0	1	0.1695	0.0496	0.0478
ENSG00000214552.4	COPS8P2	processed_pseudogene	2	0	2	0.2709	0.0793	0.0764
ENSG00000214553.10	LRRC37A11P	transcribed_unprocessed_pseudogene	0	1	0	0.0000	0.0000	0.0000
ENSG00000214558.4	AL365217.1	processed_pseudogene	1	1	0	0.0349	0.0102	0.0098
ENSG00000214559.3	AC019077.1	lncRNA	0	49	46	0.0000	0.0000	0.0000
ENSG00000214560.4	RPL21P41	processed_pseudogene	0	0	0	0.0000	0.0000	0.0000
ENSG00000214561.3	RBBP4P4	processed_pseudogene	0	0	0	0.0000	0.0000	0.0000
ENSG00000214562.15	NUTM2D	protein_coding	59	23	36	0.7227	0.2117	0.2038
ENSG00000214563.2	GAPDHP15	processed_pseudogene	0	0	0	0.0000	0.0000	0.0000
ENSG00000214575.9	CPEB1	protein_coding	541	262	285	5.5924	1.6381	1.5774
ENSG00000214578.5	HMGN2P15	processed_pseudogene	5	4	1	1.5726	0.4606	0.4436
ENSG00000214581.6	ZNF971P	transcribed_processed_pseudogene	199	89	110	10.9806	3.2164	3.0971
ENSG00000214584.3	PGGT1BP2	processed_pseudogene	1	0	1	0.0826	0.0242	0.0233
ENSG00000214593.3	AL354710.1	processed_pseudogene	0	0	0	0.0000	0.0000	0.0000
ENSG00000214595.12	EML6	protein_coding	42	24	18	0.2186	0.0640	0.0617
ENSG00000214602.3	CTBP2P5	processed_pseudogene	0	0	0	0.0000	0.0000	0.0000
ENSG00000214604.3	NPM1P36	processed_pseudogene	0	0	0	0.0000	0.0000	0.0000
ENSG00000214607.2	ADAM24P	unprocessed_pseudogene	0	0	0	0.0000	0.0000	0.0000
ENSG00000214612.3	RPS19P1	processed_pseudogene	8	5	3	1.5654	0.4585	0.4415
ENSG00000214614.3	AC142086.1	lncRNA	0	0	0	0.0000	0.0000	0.0000
ENSG00000214617.9	SLC6A10P	transcribed_unprocessed_pseudogene	0	0	0	0.0000	0.0000	0.0000
ENSG00000214626.2	POLR3DP1	processed_pseudogene	0	0	0	0.0000	0.0000	0.0000
ENSG00000214628.3	NDUFB5P2	processed_pseudogene	0	0	0	0.0000	0.0000	0.0000
ENSG00000214629.3	RPSAP6	processed_pseudogene	1	1	0	0.0963	0.0282	0.0272
ENSG00000214641.3	AL445529.1	processed_pseudogene	0	0	0	0.0000	0.0000	0.0000
ENSG00000214642.1	DEFB113	protein_coding	0	0	0	0.0000	0.0000	0.0000
ENSG00000214643.6	DEFB133	protein_coding	0	0	0	0.0000	0.0000	0.0000
ENSG00000214646.8	COMMD4P1	transcribed_unprocessed_pseudogene	3	1	2	0.2908	0.0852	0.0820
ENSG00000214650.3	AC073592.1	lncRNA	1	1	0	0.0495	0.0145	0.0140
ENSG00000214651.4	AL513122.1	processed_pseudogene	0	0	0	0.0000	0.0000	0.0000
ENSG00000214652.6	ZNF727	protein_coding	9	5	4	0.0901	0.0264	0.0254
ENSG00000214653.4	HNRNPA3P3	processed_pseudogene	9	5	4	0.6722	0.1969	0.1896
ENSG00000214654.8	B3GNT10	protein_coding	96	51	66	3.2402	0.9491	0.9139
ENSG00000214655.11	ZSWIM8	protein_coding	3278	2889	2663	35.1077	10.2836	9.9023
ENSG00000214657.4	RPLP1P5	processed_pseudogene	1	1	0	0.2784	0.0816	0.0785
ENSG00000214659.4	KRT8P26	processed_pseudogene	7	2	5	0.4659	0.1365	0.1314
ENSG00000214660.6	SLC29A4P2	unprocessed_pseudogene	0	0	0	0.0000	0.0000	0.0000
ENSG00000214668.4	SLC29A4P1	unprocessed_pseudogene	0	0	0	0.0000	0.0000	0.0000
ENSG00000214669.3	AL157702.1	processed_pseudogene	0	0	0	0.0000	0.0000	0.0000
ENSG00000214671.4	RPL6P12	processed_pseudogene	0	0	0	0.0000	0.0000	0.0000
ENSG00000214676.4	RPL9P16	processed_pseudogene	0	0	0	0.0000	0.0000	0.0000
ENSG00000214681.4	IQCF5	protein_coding	0	0	0	0.0000	0.0000	0.0000
ENSG00000214684.2	ANKRD49P4	processed_pseudogene	0	0	0	0.0000	0.0000	0.0000
ENSG00000214686.7	IQCF6	protein_coding	0	0	0	0.0000	0.0000	0.0000
ENSG00000214688.6	C10orf105	protein_coding	3	4	5	0.0521	0.0153	0.0147
ENSG00000214691.9	LINC01913	lncRNA	0	0	0	0.0000	0.0000	0.0000
ENSG00000214694.12	ARHGEF33	protein_coding	5	5	5	0.0772	0.0226	0.0218
ENSG00000214695.3	NPAP1P2	processed_pseudogene	0	0	0	0.0000	0.0000	0.0000
ENSG00000214700.5	C12orf71	protein_coding	4	3	1	0.3549	0.1040	0.1001
ENSG00000214702.6	COMMD4P2	unprocessed_pseudogene	0	0	0	0.0000	0.0000	0.0000
ENSG00000214706.10	IFRD2	protein_coding	810	548	512	18.5306	5.4279	5.2267
ENSG00000214708.4	AC116407.1	lncRNA	0	27	25	0.0000	0.0000	0.0000
ENSG00000214711.10	CAPN14	protein_coding	38	18	20	0.8100	0.2373	0.2285
ENSG00000214717.12	ZBED1	protein_coding	1773	888	886	31.6045	9.2575	8.9142
ENSG00000214717.12_PAR_Y	ZBED1	protein_coding	0	0	0	0.0000	0.0000	0.0000
ENSG00000214719.13	AC005562.1	lncRNA	22	11	12	0.2147	0.0629	0.0606
ENSG00000214720.4	KRT18P49	processed_pseudogene	0	0	0	0.0000	0.0000	0.0000
ENSG00000214725.9	CDIPTOSP	transcribed_unitary_pseudogene	16	10	6	1.5097	0.4422	0.4258
ENSG00000214727.2	RPL5P35	unprocessed_pseudogene	1	1	0	0.1041	0.0305	0.0294
ENSG00000214732.3	AL096814.1	protein_coding	0	0	0	0.0000	0.0000	0.0000
ENSG00000214736.8	TOMM6	protein_coding	0	0	0	0.0000	0.0000	0.0000
ENSG00000214743.4	MRPS5P3	processed_pseudogene	0	0	0	0.0000	0.0000	0.0000
ENSG00000214745.2	GOT2P6	processed_pseudogene	0	0	0	0.0000	0.0000	0.0000
ENSG00000214748.2	AL355309.1	processed_pseudogene	2	1	1	2.1774	0.6378	0.6142
ENSG00000214753.4	HNRNPUL2	protein_coding	2638	1329	1309	41.4775	12.1494	11.6990
ENSG00000214754.3	AC004870.1	processed_pseudogene	0	0	0	0.0000	0.0000	0.0000
ENSG00000214756.8	CSKMT	protein_coding	56	52	51	1.4931	0.4374	0.4211
ENSG00000214759.3	AL355076.1	processed_pseudogene	0	0	0	0.0000	0.0000	0.0000
ENSG00000214760.3	RPL21P1	processed_pseudogene	3	3	0	0.5352	0.1568	0.1510
ENSG00000214761.3	HNRNPA1P15	processed_pseudogene	1	1	0	0.0885	0.0259	0.0250
ENSG00000214765.8	SEPTIN7P2	transcribed_unprocessed_pseudogene	136	71	65	2.5688	0.7524	0.7245
ENSG00000214770.3	AL161756.1	lncRNA	5	4	1	0.1267	0.0371	0.0357
ENSG00000214772.2	AC010168.1	lncRNA	0	0	0	0.0000	0.0000	0.0000
ENSG00000214773.1	AC112512.1	lncRNA	0	0	0	0.0000	0.0000	0.0000
ENSG00000214776.12	AC092821.1	transcribed_unprocessed_pseudogene	27	18	15	0.1911	0.0560	0.0539
ENSG00000214782.7	MS4A18	protein_coding	0	0	0	0.0000	0.0000	0.0000
ENSG00000214783.9	POLR2J4	lncRNA	15	42	44	0.1962	0.0575	0.0553
ENSG00000214784.4	RPS3AP21	processed_pseudogene	23	12	12	2.3907	0.7003	0.6743
ENSG00000214787.10	MS4A4E	protein_coding	13	6	8	0.3832	0.1122	0.1081
ENSG00000214788.3	AP000790.1	lncRNA	0	0	0	0.0000	0.0000	0.0000
ENSG00000214794.4	KRT18P42	processed_pseudogene	0	0	0	0.0000	0.0000	0.0000
ENSG00000214796.8	TUBA5P	transcribed_unprocessed_pseudogene	31	17	14	0.8900	0.2607	0.2510
ENSG00000214797.3	AP002358.1	lncRNA	0	0	0	0.0000	0.0000	0.0000
ENSG00000214803.3	AC090921.1	lncRNA	1	1	0	0.0711	0.0208	0.0200
ENSG00000214807.2	NPM1P31	processed_pseudogene	3	1	2	0.3335	0.0977	0.0941
ENSG00000214810.4	CYCSP55	processed_pseudogene	3	2	1	0.8192	0.2399	0.2311
ENSG00000214812.3	AL137792.1	processed_pseudogene	0	0	0	0.0000	0.0000	0.0000
ENSG00000214814.7	FER1L6	protein_coding	648	354	375	9.0941	2.6638	2.5650
ENSG00000214815.2	IMPDH1P3	processed_pseudogene	0	0	0	0.0000	0.0000	0.0000
ENSG00000214819.2	CDRT15L2	protein_coding	0	0	0	0.0000	0.0000	0.0000
ENSG00000214820.3	MPRIPP1	processed_pseudogene	13	7	6	1.0137	0.2969	0.2859
ENSG00000214821.4	HMGB1P4	processed_pseudogene	0	0	0	0.0000	0.0000	0.0000
ENSG00000214822.8	KRT16P3	transcribed_unprocessed_pseudogene	0	0	0	0.0000	0.0000	0.0000
ENSG00000214823.3	NXT1P1	processed_pseudogene	0	0	0	0.0000	0.0000	0.0000
ENSG00000214825.2	EI24P3	processed_pseudogene	0	0	0	0.0000	0.0000	0.0000
ENSG00000214826.5	DDX12P	unprocessed_pseudogene	61	34	28	1.7578	0.5149	0.4958
ENSG00000214827.11	MTCP1	protein_coding	23	12	11	0.7933	0.2324	0.2238
ENSG00000214832.5	UPF3AP2	transcribed_processed_pseudogene	9	6	3	0.5192	0.1521	0.1464
ENSG00000214835.3	RPL23AP6	processed_pseudogene	0	0	0	0.0000	0.0000	0.0000
ENSG00000214837.8	LINC01347	transcribed_unprocessed_pseudogene	8	4	4	0.1769	0.0518	0.0499
ENSG00000214842.5	RAD51AP2	protein_coding	0	0	0	0.0000	0.0000	0.0000
ENSG00000214843.3	ZFYVE9P2	processed_pseudogene	0	0	0	0.0000	0.0000	0.0000
ENSG00000214846.4	AC114744.1	processed_pseudogene	5	4	2	0.6375	0.1867	0.1798
ENSG00000214851.5	LINC00612	lncRNA	7	5	2	0.1453	0.0426	0.0410
ENSG00000214853.5	PPIAP79	processed_pseudogene	2	1	1	0.3370	0.0987	0.0950
ENSG00000214855.9	APOC1P1	transcribed_unprocessed_pseudogene	3	0	3	0.2716	0.0796	0.0766
ENSG00000214856.11	KRT16P1	transcribed_unprocessed_pseudogene	0	0	0	0.0000	0.0000	0.0000
ENSG00000214857.4	SEM1P1	processed_pseudogene	3	2	1	1.2190	0.3571	0.3438
ENSG00000214860.5	EVPLL	protein_coding	0	0	0	0.0000	0.0000	0.0000
ENSG00000214866.9	DCDC2C	protein_coding	3	1	2	0.0892	0.0261	0.0252
ENSG00000214867.3	SRSF9P1	processed_pseudogene	8	4	4	1.2818	0.3755	0.3615
ENSG00000214869.5	TPM3P4	processed_pseudogene	1	0	1	0.1125	0.0329	0.0317
ENSG00000214870.9	AC004540.1	lncRNA	343	156	187	4.0254	1.1791	1.1354
ENSG00000214872.8	SMTNL1	protein_coding	51	23	28	2.6264	0.7693	0.7408
ENSG00000214875.2	MED28P1	processed_pseudogene	0	0	0	0.0000	0.0000	0.0000
ENSG00000214878.2	RPL5P31	processed_pseudogene	0	0	0	0.0000	0.0000	0.0000
ENSG00000214880.3	OR7E5P	unprocessed_pseudogene	0	0	0	0.0000	0.0000	0.0000
ENSG00000214881.4	TMEM14DP	processed_pseudogene	5	0	5	1.2307	0.3605	0.3471
ENSG00000214883.4	AC024405.1	unprocessed_pseudogene	0	0	0	0.0000	0.0000	0.0000
ENSG00000214886.4	FAM177A1P1	processed_pseudogene	0	0	0	0.0000	0.0000	0.0000
ENSG00000214888.3	AL772337.1	transcribed_unprocessed_pseudogene	0	0	0	0.0000	0.0000	0.0000
ENSG00000214889.3	RPS9P1	processed_pseudogene	0	31	28	0.0000	0.0000	0.0000
ENSG00000214890.3	AC020937.1	processed_pseudogene	0	0	0	0.0000	0.0000	0.0000
ENSG00000214891.9	TRIM64C	protein_coding	0	0	0	0.0000	0.0000	0.0000
ENSG00000214892.4	USP8P1	processed_pseudogene	1	2	0	0.0267	0.0078	0.0075
ENSG00000214894.6	LINC00243	lncRNA	6	1	5	0.2347	0.0687	0.0662
ENSG00000214896.4	RPSAP55	processed_pseudogene	2	1	1	0.1939	0.0568	0.0547
ENSG00000214897.5	PNMA6E	protein_coding	0	0	0	0.0000	0.0000	0.0000
ENSG00000214900.11	LINC01588	lncRNA	324	164	160	1.5642	0.4582	0.4412
ENSG00000214903.4	RPS15AP3	processed_pseudogene	2	2	0	0.4366	0.1279	0.1231
ENSG00000214904.5	DUTP8	processed_pseudogene	0	0	0	0.0000	0.0000	0.0000
ENSG00000214908.3	AL353678.1	processed_pseudogene	0	0	0	0.0000	0.0000	0.0000
ENSG00000214914.3	RPL23AP3	processed_pseudogene	6	3	3	1.0887	0.3189	0.3071
ENSG00000214915.3	BX546450.1	lncRNA	3	2	1	0.5286	0.1548	0.1491
ENSG00000214917.3	AC011825.1	processed_pseudogene	2	2	0	0.4377	0.1282	0.1235
ENSG00000214919.3	AC104472.1	lncRNA	0	0	0	0.0000	0.0000	0.0000
ENSG00000214922.9	HLA-F-AS1	lncRNA	27	40	40	0.5487	0.1607	0.1548
ENSG00000214925.3	AC234778.1	processed_pseudogene	3	1	2	0.6885	0.2017	0.1942
ENSG00000214929.4	SPATA31D1	protein_coding	0	0	0	0.0000	0.0000	0.0000
ENSG00000214930.2	KRT8P6	processed_pseudogene	0	0	0	0.0000	0.0000	0.0000
ENSG00000214940.8	NPIPA8	protein_coding	0	0	0	0.0000	0.0000	0.0000
ENSG00000214941.8	ZSWIM7	protein_coding	727	390	337	24.1255	7.0667	6.8047
ENSG00000214942.6	AC113167.1	lncRNA	0	0	0	0.0000	0.0000	0.0000
ENSG00000214943.5	GPR33	protein_coding	0	0	0	0.0000	0.0000	0.0000
ENSG00000214944.9	ARHGEF28	protein_coding	1072	541	531	5.8292	1.7075	1.6442
ENSG00000214946.14	TBC1D26	protein_coding	0	0	0	0.0000	0.0000	0.0000
ENSG00000214954.8	LRRC69	protein_coding	14	7	7	0.3890	0.1140	0.1097
ENSG00000214955.5	AP000317.1	lncRNA	3	2	1	0.3165	0.0927	0.0893
ENSG00000214960.11	CRPPA	protein_coding	34	14	20	0.4014	0.1176	0.1132
ENSG00000214961.2	NT5DC1P2	processed_pseudogene	2	0	2	0.1238	0.0363	0.0349
ENSG00000214967.5	NPIPA7	protein_coding	0	0	0	0.0000	0.0000	0.0000
ENSG00000214970.8	AC005323.1	lncRNA	0	0	0	0.0000	0.0000	0.0000
ENSG00000214973.3	CHCHD3P3	processed_pseudogene	38	21	17	5.0422	1.4769	1.4222
ENSG00000214975.4	PPIAP29	processed_pseudogene	74	39	35	12.5934	3.6888	3.5520
ENSG00000214976.2	VDAC2P1	processed_pseudogene	0	0	0	0.0000	0.0000	0.0000
ENSG00000214978.7	GSG1L2	protein_coding	0	0	0	0.0000	0.0000	0.0000
ENSG00000214980.4	AC025538.1	processed_pseudogene	0	0	0	0.0000	0.0000	0.0000
ENSG00000214988.4	RPL7AP26	processed_pseudogene	3	2	1	0.3134	0.0918	0.0884
ENSG00000214992.6	AKAP17BP	unprocessed_pseudogene	1	1	0	0.0312	0.0091	0.0088
ENSG00000214998.2	CCNB2P1	processed_pseudogene	1	1	0	0.0738	0.0216	0.0208
ENSG00000214999.3	AC129492.1	lncRNA	0	4	0	0.0000	0.0000	0.0000
ENSG00000215000.4	GAPDHP77	processed_pseudogene	0	0	0	0.0000	0.0000	0.0000
ENSG00000215002.2	RPL23AP59	processed_pseudogene	1	0	1	0.1842	0.0540	0.0520
ENSG00000215003.4	RPL15P20	processed_pseudogene	2	1	1	0.2840	0.0832	0.0801
ENSG00000215004.3	MESTP4	processed_pseudogene	0	0	0	0.0000	0.0000	0.0000
ENSG00000215005.2	HSPD1P7	processed_pseudogene	2	1	1	0.1007	0.0295	0.0284
ENSG00000215006.4	CHCHD2P2	processed_pseudogene	59	23	36	15.6084	4.5720	4.4024
ENSG00000215007.3	DNAJA1P3	processed_pseudogene	5	1	4	0.3556	0.1042	0.1003
ENSG00000215009.5	ACSM4	protein_coding	0	0	0	0.0000	0.0000	0.0000
ENSG00000215012.9	RTL10	protein_coding	668	371	298	8.3385	2.4425	2.3519
ENSG00000215014.5	AL645728.1	lncRNA	11	4	8	0.3977	0.1165	0.1122
ENSG00000215016.2	RPL24P7	processed_pseudogene	1	0	1	0.1875	0.0549	0.0529
ENSG00000215018.10	COL28A1	protein_coding	3	0	3	0.0384	0.0112	0.0108
ENSG00000215021.10	PHB2	protein_coding	5627	2849	2853	113.0732	33.1209	31.8930
ENSG00000215022.7	AL008729.1	lncRNA	5	43	49	0.1363	0.0399	0.0384
ENSG00000215023.2	AC131097.1	lncRNA	1	0	1	0.1149	0.0337	0.0324
ENSG00000215029.11	TCP11X2	protein_coding	0	0	0	0.0000	0.0000	0.0000
ENSG00000215030.5	RPL13P12	processed_pseudogene	432	235	203	57.6818	16.8959	16.2695
ENSG00000215032.2	GNL3LP1	processed_pseudogene	4	3	1	0.2067	0.0606	0.0583
ENSG00000215034.4	DSTNP4	processed_pseudogene	0	0	0	0.0000	0.0000	0.0000
ENSG00000215035.2	FDPSP5	processed_pseudogene	2	1	1	0.1607	0.0471	0.0453
ENSG00000215037.2	VENTXP2	processed_pseudogene	0	0	0	0.0000	0.0000	0.0000
ENSG00000215039.7	CD27-AS1	lncRNA	456	531	538	11.3327	3.3195	3.1964
ENSG00000215041.10	NEURL4	protein_coding	853	420	435	11.7402	3.4389	3.3114
ENSG00000215043.2	GLULP6	processed_pseudogene	0	0	0	0.0000	0.0000	0.0000
ENSG00000215045.8	GRID2IP	protein_coding	14	6	8	0.2876	0.0842	0.0811
ENSG00000215049.3	PRDX2P1	processed_pseudogene	0	0	0	0.0000	0.0000	0.0000
ENSG00000215054.3	HNRNPCP10	processed_pseudogene	0	0	0	0.0000	0.0000	0.0000
ENSG00000215057.4	PKMP5	processed_pseudogene	3	2	1	0.1591	0.0466	0.0449
ENSG00000215063.3	RPL21P2	processed_pseudogene	1	1	0	0.1765	0.0517	0.0498
ENSG00000215065.3	DUSP8P1	processed_pseudogene	0	0	0	0.0000	0.0000	0.0000
ENSG00000215067.10	ALOX12-AS1	lncRNA	198	161	167	2.5976	0.7609	0.7327
ENSG00000215068.8	AC025171.2	lncRNA	69	37	36	1.0722	0.3141	0.3024
ENSG00000215070.4	XRCC6P5	processed_pseudogene	2	1	1	0.0946	0.0277	0.0267
ENSG00000215085.4	GTF3C6P1	processed_pseudogene	0	0	0	0.0000	0.0000	0.0000
ENSG00000215086.2	NPM1P24	processed_pseudogene	14	6	8	1.3299	0.3895	0.3751
ENSG00000215088.3	RPS5P3	processed_pseudogene	0	0	0	0.0000	0.0000	0.0000
ENSG00000215089.3	KRT18P11	processed_pseudogene	2	0	2	0.1324	0.0388	0.0373
ENSG00000215093.3	EEF1A1P29	processed_pseudogene	21	11	10	1.6271	0.4766	0.4589
ENSG00000215094.3	AL583835.1	processed_pseudogene	0	0	0	0.0000	0.0000	0.0000
ENSG00000215096.3	IFITM8P	processed_pseudogene	1	0	1	0.2155	0.0631	0.0608
ENSG00000215097.3	AL731733.1	processed_pseudogene	0	0	0	0.0000	0.0000	0.0000
ENSG00000215102.2	TERF1P4	processed_pseudogene	4	1	3	0.3046	0.0892	0.0859
ENSG00000215105.4	TTC3P1	processed_pseudogene	82	37	45	1.1451	0.3354	0.3230
ENSG00000215110.7	UGT2B25P	processed_pseudogene	0	0	0	0.0000	0.0000	0.0000
ENSG00000215112.6	FAM74A1	lncRNA	0	0	0	0.0000	0.0000	0.0000
ENSG00000215113.6	CXorf49B	protein_coding	0	0	0	0.0000	0.0000	0.0000
ENSG00000215114.10	UBXN2B	protein_coding	1946	1009	937	31.2097	9.1418	8.8029
ENSG00000215115.6	CXorf49	protein_coding	1	0	1	0.0484	0.0142	0.0136
ENSG00000215117.6	LINC00588	lncRNA	0	0	0	0.0000	0.0000	0.0000
ENSG00000215120.2	SOCS6P1	processed_pseudogene	0	1	0	0.0000	0.0000	0.0000
ENSG00000215124.2	AMD1P4	processed_pseudogene	0	0	0	0.0000	0.0000	0.0000
ENSG00000215126.10	CBWD6	protein_coding	38	24	14	0.3105	0.0909	0.0876
ENSG00000215127.6	SYT14P1	transcribed_processed_pseudogene	0	52	54	0.0000	0.0000	0.0000
ENSG00000215131.11	C16orf90	protein_coding	0	0	0	0.0000	0.0000	0.0000
ENSG00000215146.5	BX322639.1	transcribed_unprocessed_pseudogene	2	1	1	0.0236	0.0069	0.0066
ENSG00000215148.11	PRSS41	protein_coding	0	0	0	0.0000	0.0000	0.0000
ENSG00000215149.3	KRT18P32	processed_pseudogene	0	0	0	0.0000	0.0000	0.0000
ENSG00000215151.4	ABCD1P2	unprocessed_pseudogene	1	1	0	0.0530	0.0155	0.0150
ENSG00000215154.6	AC141586.1	transcribed_unprocessed_pseudogene	128	61	67	3.9512	1.1574	1.1145
ENSG00000215156.5	AC138409.1	processed_pseudogene	1	1	0	0.0236	0.0069	0.0067
ENSG00000215158.9	AC138409.2	transcribed_unprocessed_pseudogene	29	14	15	0.3748	0.1098	0.1057
ENSG00000215160.3	OR7E122P	transcribed_unprocessed_pseudogene	0	0	0	0.0000	0.0000	0.0000
ENSG00000215162.2	LINC00269	lncRNA	0	0	0	0.0000	0.0000	0.0000
ENSG00000215165.3	TCEA1P3	processed_pseudogene	0	0	0	0.0000	0.0000	0.0000
ENSG00000215168.2	ATXN7L3P1	processed_pseudogene	0	0	0	0.0000	0.0000	0.0000
ENSG00000215174.2	NLRP2B	protein_coding	0	0	0	0.0000	0.0000	0.0000
ENSG00000215177.3	IGLV8OR8-1	IG_V_pseudogene	0	0	0	0.0000	0.0000	0.0000
ENSG00000215179.5	MAPK6P4	processed_pseudogene	1	1	0	0.0396	0.0116	0.0112
ENSG00000215182.8	MUC5AC	protein_coding	0	4	0	0.0000	0.0000	0.0000
ENSG00000215183.5	MSMP	protein_coding	0	172	201	0.0000	0.0000	0.0000
ENSG00000215184.2	RPS12P16	processed_pseudogene	0	0	0	0.0000	0.0000	0.0000
ENSG00000215186.6	GOLGA6B	protein_coding	0	0	0	0.0000	0.0000	0.0000
ENSG00000215187.12	FAM166B	protein_coding	22	19	22	1.3617	0.3989	0.3841
ENSG00000215190.9	LINC00680	transcribed_unprocessed_pseudogene	62	29	33	1.7733	0.5194	0.5002
ENSG00000215193.13	PEX26	protein_coding	3288	1742	1728	13.9296	4.0802	3.9289
ENSG00000215196.5	BASP1-AS1	lncRNA	85	39	46	0.5994	0.1756	0.1691
ENSG00000215197.4	PGAM4P1	processed_pseudogene	0	0	0	0.0000	0.0000	0.0000
ENSG00000215198.3	AL353795.1	processed_pseudogene	0	1	0	0.0000	0.0000	0.0000
ENSG00000215199.3	YWHAZP6	processed_pseudogene	25	14	11	2.8767	0.8426	0.8114
ENSG00000215203.3	GRXCR1	protein_coding	0	0	0	0.0000	0.0000	0.0000
ENSG00000215206.5	TRBV24OR9-2	TR_V_pseudogene	0	0	0	0.0000	0.0000	0.0000
ENSG00000215208.3	KRT18P60	processed_pseudogene	0	0	0	0.0000	0.0000	0.0000
ENSG00000215210.3	RBMXP2	processed_pseudogene	15	4	11	1.0906	0.3195	0.3076
ENSG00000215217.7	C5orf49	protein_coding	31	15	18	1.2867	0.3769	0.3629
ENSG00000215218.4	UBE2QL1	protein_coding	44	20	24	0.6338	0.1857	0.1788
ENSG00000215221.2	UBA52P6	transcribed_processed_pseudogene	0	0	0	0.0000	0.0000	0.0000
ENSG00000215223.3	CYP51A1P3	processed_pseudogene	0	0	0	0.0000	0.0000	0.0000
ENSG00000215227.4	NUTF2P5	processed_pseudogene	0	0	0	0.0000	0.0000	0.0000
ENSG00000215231.8	LINC01020	lncRNA	1	0	1	0.0180	0.0053	0.0051
ENSG00000215236.3	RPL7P33	processed_pseudogene	1	1	0	0.1144	0.0335	0.0323
ENSG00000215237.6	AL592293.1	unprocessed_pseudogene	2	0	2	0.1430	0.0419	0.0403
ENSG00000215241.4	LINC02449	lncRNA	11	18	15	0.3648	0.1068	0.1029
ENSG00000215244.3	LINC02649	lncRNA	17	8	9	0.2731	0.0800	0.0770
ENSG00000215246.5	AC116351.1	lncRNA	15	8	7	0.3658	0.1072	0.1032
ENSG00000215251.4	FASTKD5	protein_coding	931	423	508	27.8188	8.1486	7.8464
ENSG00000215252.11	GOLGA8B	protein_coding	86	48	38	0.9522	0.2789	0.2686
ENSG00000215256.4	DHRS4-AS1	lncRNA	648	518	538	6.5161	1.9087	1.8379
ENSG00000215262.8	KCNU1	protein_coding	24	8	16	0.5139	0.1505	0.1449
ENSG00000215263.2	AC025750.1	processed_pseudogene	0	0	0	0.0000	0.0000	0.0000
ENSG00000215264.4	RPL10AP3	processed_pseudogene	0	0	0	0.0000	0.0000	0.0000
ENSG00000215267.8	AKR1C7P	transcribed_unprocessed_pseudogene	0	0	0	0.0000	0.0000	0.0000
ENSG00000215268.3	AP000533.2	processed_pseudogene	1	0	1	0.0376	0.0110	0.0106
ENSG00000215269.5	GAGE12G	protein_coding	0	0	0	0.0000	0.0000	0.0000
ENSG00000215270.3	TOMM40P2	processed_pseudogene	5	2	3	0.4048	0.1186	0.1142
ENSG00000215271.9	HOMEZ	protein_coding	810	433	404	12.3960	3.6310	3.4964
ENSG00000215274.5	GAGE10	protein_coding	0	0	0	0.0000	0.0000	0.0000
ENSG00000215277.8	RNF212B	protein_coding	7	19	15	0.2887	0.0846	0.0814
ENSG00000215278.4	RPS7P6	processed_pseudogene	0	0	0	0.0000	0.0000	0.0000
ENSG00000215283.3	HMGB3P24	processed_pseudogene	5	3	2	0.6826	0.2000	0.1925
ENSG00000215284.2	CHMP5P1	processed_pseudogene	1	0	1	0.1296	0.0380	0.0366
ENSG00000215286.3	SRSF6P1	processed_pseudogene	0	0	1	0.0000	0.0000	0.0000
ENSG00000215288.5	AC067904.1	processed_pseudogene	0	0	0	0.0000	0.0000	0.0000
ENSG00000215296.10	TMCO5B	transcribed_unitary_pseudogene	0	0	0	0.0000	0.0000	0.0000
ENSG00000215297.3	AL354941.1	processed_pseudogene	0	0	0	0.0000	0.0000	0.0000
ENSG00000215301.11	DDX3X	protein_coding	9394	4729	4667	50.4007	14.7632	14.2158
ENSG00000215302.8	AC127502.1	transcribed_unprocessed_pseudogene	4	2	2	0.1457	0.0427	0.0411
ENSG00000215304.3	AC135983.1	lncRNA	0	0	0	0.0000	0.0000	0.0000
ENSG00000215305.10	VPS16	protein_coding	2230	1132	1098	56.2939	16.4894	15.8780
ENSG00000215310.2	AL050305.1	processed_pseudogene	0	0	0	0.0000	0.0000	0.0000
ENSG00000215311.3	NPM1P12	processed_pseudogene	5	2	3	0.5091	0.1491	0.1436
ENSG00000215313.3	RPL6P30	processed_pseudogene	0	0	0	0.0000	0.0000	0.0000
ENSG00000215317.2	THUMPD1P1	processed_pseudogene	0	0	0	0.0000	0.0000	0.0000
ENSG00000215319.2	EIF5P1	processed_pseudogene	3	2	1	0.2070	0.0606	0.0584
ENSG00000215325.4	ASS1P10	processed_pseudogene	0	0	0	0.0000	0.0000	0.0000
ENSG00000215326.3	GPX1P2	processed_pseudogene	13	6	7	1.8217	0.5336	0.5138
ENSG00000215333.3	KRT18P23	processed_pseudogene	0	0	0	0.0000	0.0000	0.0000
ENSG00000215339.3	ZNF705CP	unprocessed_pseudogene	0	0	0	0.0000	0.0000	0.0000
ENSG00000215343.7	ZNF705D	protein_coding	0	0	0	0.0000	0.0000	0.0000
ENSG00000215347.4	SLC25A5P1	transcribed_processed_pseudogene	6	15	15	0.5286	0.1548	0.1491
ENSG00000215349.2	MRPL3P1	processed_pseudogene	3	1	2	0.2466	0.0722	0.0696
ENSG00000215351.3	PPIAP1	processed_pseudogene	1	0	1	0.1712	0.0502	0.0483
ENSG00000215353.2	C1QBPP1	processed_pseudogene	0	0	0	0.0000	0.0000	0.0000
ENSG00000215354.9	FAM90A24P	transcribed_unprocessed_pseudogene	0	0	0	0.0000	0.0000	0.0000
ENSG00000215356.4	ZNF705B	protein_coding	0	0	0	0.0000	0.0000	0.0000
ENSG00000215357.2	HSPD1P8	processed_pseudogene	0	0	0	0.0000	0.0000	0.0000
ENSG00000215367.10	TMED11P	transcribed_unitary_pseudogene	0	0	0	0.0000	0.0000	0.0000
ENSG00000215368.5	BOD1P2	processed_pseudogene	0	0	0	0.0000	0.0000	0.0000
ENSG00000215369.3	RPL37P3	processed_pseudogene	0	0	0	0.0000	0.0000	0.0000
ENSG00000215371.3	DEFB108C	unprocessed_pseudogene	0	0	0	0.0000	0.0000	0.0000
ENSG00000215372.6	ZNF705G	protein_coding	0	1	0	0.0000	0.0000	0.0000
ENSG00000215373.4	FAM90A5P	unprocessed_pseudogene	0	0	0	0.0000	0.0000	0.0000
ENSG00000215374.6	FAM66B	lncRNA	46	21	25	0.5151	0.1509	0.1453
ENSG00000215375.6	MYL5	protein_coding	74	934	923	1.4597	0.4276	0.4117
ENSG00000215378.3	DEFT1P	unprocessed_pseudogene	0	0	0	0.0000	0.0000	0.0000
ENSG00000215380.2	AC090625.1	processed_pseudogene	0	0	0	0.0000	0.0000	0.0000
ENSG00000215381.3	AL109936.1	processed_pseudogene	3	1	2	0.5538	0.1622	0.1562
ENSG00000215386.13	MIR99AHG	lncRNA	210	97	116	0.4154	0.1217	0.1172
ENSG00000215388.3	ACTG1P3	processed_pseudogene	9	5	4	0.6861	0.2010	0.1935
ENSG00000215397.4	SCRT2	protein_coding	0	0	0	0.0000	0.0000	0.0000
ENSG00000215398.11	CR383658.1	transcribed_unprocessed_pseudogene	0	0	0	0.0000	0.0000	0.0000
ENSG00000215399.2	HMGB3P7	processed_pseudogene	1	0	1	0.1390	0.0407	0.0392
ENSG00000215403.1	LL22NC01-81G9.3	lncRNA	0	0	0	0.0000	0.0000	0.0000
ENSG00000215409.4	AL355493.1	unprocessed_pseudogene	0	0	0	0.0000	0.0000	0.0000
ENSG00000215414.4	PSMA6P1	processed_pseudogene	25	13	12	2.8651	0.8392	0.8081
ENSG00000215417.13	MIR17HG	lncRNA	14	10	4	0.3150	0.0923	0.0889
ENSG00000215418.2	PEX12P1	processed_pseudogene	0	0	0	0.0000	0.0000	0.0000
ENSG00000215421.9	ZNF407	protein_coding	507	254	253	3.5320	1.0346	0.9962
ENSG00000215424.10	MCM3AP-AS1	lncRNA	139	1759	1754	1.1777	0.3450	0.3322
ENSG00000215440.12	NPEPL1	protein_coding	185	82	103	2.1076	0.6174	0.5945
ENSG00000215441.3	CTAGE12P	processed_pseudogene	2	1	1	0.0718	0.0210	0.0203
ENSG00000215444.2	AL138807.1	processed_pseudogene	1	1	0	0.1850	0.0542	0.0522
ENSG00000215448.3	SRMP1	processed_pseudogene	0	0	0	0.0000	0.0000	0.0000
ENSG00000215450.2	AL022342.1	processed_pseudogene	1	0	1	0.0984	0.0288	0.0278
ENSG00000215452.5	ZNF663P	transcribed_unitary_pseudogene	0	0	0	0.0000	0.0000	0.0000
ENSG00000215454.6	KRTAP10-4	protein_coding	0	0	0	0.0000	0.0000	0.0000
ENSG00000215455.4	KRTAP10-1	protein_coding	0	0	0	0.0000	0.0000	0.0000
ENSG00000215456.6	BCRP4	unprocessed_pseudogene	0	0	0	0.0000	0.0000	0.0000
ENSG00000215457.5	RPS8P3	processed_pseudogene	2	1	1	0.2731	0.0800	0.0770
ENSG00000215458.8	AATBC	lncRNA	45	20	25	0.7840	0.2297	0.2211
ENSG00000215464.4	AP000354.1	processed_pseudogene	6	4	2	1.1174	0.3273	0.3152
ENSG00000215467.2	RPL27AP	processed_pseudogene	1	1	0	0.1952	0.0572	0.0551
ENSG00000215472.10	RPL17-C18orf32	protein_coding	0	0	0	0.0000	0.0000	0.0000
ENSG00000215474.8	SKOR2	protein_coding	0	0	0	0.0000	0.0000	0.0000
ENSG00000215475.5	SIAH3	protein_coding	2	0	2	0.0240	0.0070	0.0068
ENSG00000215477.2	RCN1P1	processed_pseudogene	1	0	1	0.0853	0.0250	0.0240
ENSG00000215478.8	CES5AP1	transcribed_unprocessed_pseudogene	0	0	0	0.0000	0.0000	0.0000
ENSG00000215480.4	OR7E37P	unprocessed_pseudogene	0	0	0	0.0000	0.0000	0.0000
ENSG00000215481.9	BCRP3	lncRNA	1	0	1	0.0487	0.0143	0.0137
ENSG00000215482.3	CALM2P3	processed_pseudogene	1	0	1	0.1891	0.0554	0.0533
ENSG00000215483.11	LINC00598	lncRNA	129	64	66	0.5568	0.1631	0.1571
ENSG00000215486.5	ARL2BPP3	transcribed_processed_pseudogene	0	0	0	0.0000	0.0000	0.0000
ENSG00000215492.6	HNRNPA1P7	processed_pseudogene	31	21	10	2.7337	0.8007	0.7711
ENSG00000215493.3	AC007731.1	processed_pseudogene	48	25	24	2.3935	0.7011	0.6751
ENSG00000215498.9	FAM230B	lncRNA	0	0	0	0.0000	0.0000	0.0000
ENSG00000215506.5	TPTE2P4	unprocessed_pseudogene	1	0	1	0.0529	0.0155	0.0149
ENSG00000215507.10	RBMY2DP	transcribed_processed_pseudogene	0	0	0	0.0000	0.0000	0.0000
ENSG00000215512.9	AP005901.1	transcribed_unprocessed_pseudogene	0	0	0	0.0000	0.0000	0.0000
ENSG00000215515.2	IFIT1P1	processed_pseudogene	0	0	0	0.0000	0.0000	0.0000
ENSG00000215520.3	RPS4XP4	processed_pseudogene	3	1	2	0.3339	0.0978	0.0942
ENSG00000215529.12	EFCAB8	protein_coding	0	0	0	0.0000	0.0000	0.0000
ENSG00000215533.8	LINC00189	lncRNA	2	0	2	0.1562	0.0458	0.0441
ENSG00000215537.3	ZNF736P11Y	processed_pseudogene	0	0	0	0.0000	0.0000	0.0000
ENSG00000215540.10	RBMY2CP	transcribed_processed_pseudogene	0	0	0	0.0000	0.0000	0.0000
ENSG00000215544.6	BCRP7	unprocessed_pseudogene	0	0	0	0.0000	0.0000	0.0000
ENSG00000215545.1	DEFB116	protein_coding	0	0	0	0.0000	0.0000	0.0000
ENSG00000215546.2	DKKL1P1	processed_pseudogene	0	0	0	0.0000	0.0000	0.0000
ENSG00000215547.1	DEFB115	protein_coding	0	0	0	0.0000	0.0000	0.0000
ENSG00000215548.2	FRG1JP	unprocessed_pseudogene	37	21	16	3.3749	0.9886	0.9519
ENSG00000215553.3	KRT18P3	processed_pseudogene	0	0	0	0.0000	0.0000	0.0000
ENSG00000215559.8	ANKRD20A11P	transcribed_unprocessed_pseudogene	18	9	9	0.3157	0.0925	0.0890
ENSG00000215560.2	TTTY5	lncRNA	0	0	0	0.0000	0.0000	0.0000
ENSG00000215562.2	CNN2P7	processed_pseudogene	0	0	0	0.0000	0.0000	0.0000
ENSG00000215567.5	AC138701.1	unprocessed_pseudogene	0	0	0	0.0000	0.0000	0.0000
ENSG00000215568.9	GAB4	protein_coding	0	0	0	0.0000	0.0000	0.0000
ENSG00000215571.5	GRK6P1	processed_pseudogene	7	1	6	0.3474	0.1018	0.0980
ENSG00000215572.2	ESRRAP1	processed_pseudogene	2	1	1	0.1351	0.0396	0.0381
ENSG00000215580.11	BCORP1	transcribed_unprocessed_pseudogene	13	10	3	0.1079	0.0316	0.0304
ENSG00000215583.3	ASS1P6	processed_pseudogene	0	0	0	0.0000	0.0000	0.0000
ENSG00000215586.2	AL031679.1	processed_pseudogene	0	0	0	0.0000	0.0000	0.0000
ENSG00000215589.3	KANK1P1	processed_pseudogene	0	0	0	0.0000	0.0000	0.0000
ENSG00000215595.2	C20orf202	protein_coding	2	2	0	0.1056	0.0309	0.0298
ENSG00000215601.3	TSPY24P	unprocessed_pseudogene	0	0	0	0.0000	0.0000	0.0000
ENSG00000215603.4	ZNF92P1Y	processed_pseudogene	0	0	0	0.0000	0.0000	0.0000
ENSG00000215604.3	ZNF962P	unprocessed_pseudogene	0	0	0	0.0000	0.0000	0.0000
ENSG00000215606.4	KRT18P35	processed_pseudogene	1	1	0	0.0669	0.0196	0.0189
ENSG00000215612.8	HMX1	protein_coding	1	1	0	0.0392	0.0115	0.0111
ENSG00000215630.6	GUSBP9	unprocessed_pseudogene	0	0	0	0.0000	0.0000	0.0000
ENSG00000215644.10	GCGR	protein_coding	0	0	1	0.0000	0.0000	0.0000
ENSG00000215692.2	AC114730.1	lncRNA	0	42	34	0.0000	0.0000	0.0000
ENSG00000215695.1	RSC1A1	protein_coding	0	0	0	0.0000	0.0000	0.0000
ENSG00000215704.10	CELA2B	protein_coding	7	7	7	0.4102	0.1202	0.1157
ENSG00000215712.11	TMEM242	protein_coding	693	342	352	11.7582	3.4442	3.3165
ENSG00000215717.7	TMEM167B	protein_coding	1478	780	778	34.7391	10.1756	9.7984
ENSG00000215720.4	MFFP1	processed_pseudogene	0	0	0	0.0000	0.0000	0.0000
ENSG00000215734.3	MRPL20P1	processed_pseudogene	0	0	0	0.0000	0.0000	0.0000
ENSG00000215760.2	TAF9BP2	processed_pseudogene	0	0	0	0.0000	0.0000	0.0000
ENSG00000215765.3	AC245128.1	lncRNA	0	0	0	0.0000	0.0000	0.0000
ENSG00000215769.8	ARHGAP27P1-BPTFP1-KPNA2P3	lncRNA	8	8	10	0.2236	0.0655	0.0631
ENSG00000215771.2	LRRC37A14P	processed_pseudogene	2	2	0	0.3676	0.1077	0.1037
ENSG00000215784.6	FAM72D	protein_coding	16	8	8	0.5608	0.1643	0.1582
ENSG00000215785.2	CFL1P6	processed_pseudogene	0	0	0	0.0000	0.0000	0.0000
ENSG00000215788.11	TNFRSF25	protein_coding	92	48	54	1.8327	0.5368	0.5169
ENSG00000215790.8	SLC35E2A	transcribed_unprocessed_pseudogene	48	29	34	1.2488	0.3658	0.3522
ENSG00000215795.2	AL390728.2	processed_pseudogene	0	0	0	0.0000	0.0000	0.0000
ENSG00000215796.3	AL512637.1	processed_pseudogene	1	1	0	0.0690	0.0202	0.0195
ENSG00000215800.2	RSL24D1P4	processed_pseudogene	0	0	0	0.0000	0.0000	0.0000
ENSG00000215802.3	RFKP1	transcribed_processed_pseudogene	0	0	0	0.0000	0.0000	0.0000
ENSG00000215805.3	AL356361.1	processed_pseudogene	0	0	0	0.0000	0.0000	0.0000
ENSG00000215807.4	KRT18P65	processed_pseudogene	0	0	0	0.0000	0.0000	0.0000
ENSG00000215808.4	LINC01139	lncRNA	64	38	26	0.9111	0.2669	0.2570
ENSG00000215811.6	BTNL10	transcribed_unitary_pseudogene	0	0	0	0.0000	0.0000	0.0000
ENSG00000215812.5	ZNF847P	unprocessed_pseudogene	0	0	0	0.0000	0.0000	0.0000
ENSG00000215817.7	ZC3H11B	protein_coding	123	54	69	2.1038	0.6162	0.5934
ENSG00000215819.3	KRT18P12	processed_pseudogene	0	3	4	0.0000	0.0000	0.0000
ENSG00000215833.3	QRSL1P1	processed_pseudogene	0	0	0	0.0000	0.0000	0.0000
ENSG00000215834.10	FMO9P	transcribed_unprocessed_pseudogene	0	0	0	0.0000	0.0000	0.0000
ENSG00000215835.2	AL596087.1	processed_pseudogene	25	10	16	1.0782	0.3158	0.3041
ENSG00000215837.7	SDHAP2	transcribed_unprocessed_pseudogene	0	0	0	0.0000	0.0000	0.0000
ENSG00000215838.4	AL451074.1	transcribed_processed_pseudogene	3	2	2	0.1374	0.0403	0.0388
ENSG00000215840.3	AL592295.1	processed_pseudogene	17	10	7	1.6331	0.4784	0.4606
ENSG00000215841.3	AP002761.1	lncRNA	1	0	1	0.3241	0.0949	0.0914
ENSG00000215845.11	TSTD1	protein_coding	45	26	19	3.1925	0.9351	0.9005
ENSG00000215846.6	MPTX1	processed_pseudogene	0	0	0	0.0000	0.0000	0.0000
ENSG00000215853.3	RPTN	protein_coding	0	0	0	0.0000	0.0000	0.0000
ENSG00000215859.9	PDZK1P1	transcribed_unprocessed_pseudogene	5	1	4	0.1156	0.0339	0.0326
ENSG00000215861.6	AC245297.1	transcribed_unprocessed_pseudogene	50	17	34	4.1104	1.2040	1.1594
ENSG00000215864.6	NBPF7	unprocessed_pseudogene	1	0	1	0.0638	0.0187	0.0180
ENSG00000215866.8	LINC01356	lncRNA	12	26	39	0.3202	0.0938	0.0903
ENSG00000215867.4	KRT18P57	processed_pseudogene	0	0	0	0.0000	0.0000	0.0000
ENSG00000215869.4	AC092506.1	transcribed_processed_pseudogene	3	0	3	0.0810	0.0237	0.0228
ENSG00000215871.2	AC104457.1	processed_pseudogene	0	0	0	0.0000	0.0000	0.0000
ENSG00000215873.2	FEN1P1	processed_pseudogene	0	0	0	0.0000	0.0000	0.0000
ENSG00000215874.3	CAPNS1P1	processed_pseudogene	0	0	0	0.0000	0.0000	0.0000
ENSG00000215875.4	ST13P20	processed_pseudogene	1	0	1	0.0797	0.0234	0.0225
ENSG00000215878.3	MARCKSL1P2	processed_pseudogene	0	0	0	0.0000	0.0000	0.0000
ENSG00000215881.3	LINC02337	lncRNA	0	0	0	0.0000	0.0000	0.0000
ENSG00000215883.10	CYB5RL	protein_coding	1009	495	515	9.5995	2.8118	2.7076
ENSG00000215887.5	ZNF859P	unprocessed_pseudogene	0	0	0	0.0000	0.0000	0.0000
ENSG00000215893.3	RPL23AP17	processed_pseudogene	0	0	0	0.0000	0.0000	0.0000
ENSG00000215895.4	HSPA5P1	processed_pseudogene	85	33	53	3.6828	1.0787	1.0387
ENSG00000215899.3	AC209007.1	processed_pseudogene	9	2	7	0.5695	0.1668	0.1606
ENSG00000215900.4	SELENOWP1	processed_pseudogene	0	0	0	0.0000	0.0000	0.0000
ENSG00000215905.4	AL590609.1	processed_pseudogene	0	0	0	0.0000	0.0000	0.0000
ENSG00000215906.8	LACTBL1	protein_coding	0	0	0	0.0000	0.0000	0.0000
ENSG00000215908.10	CROCCP2	transcribed_unprocessed_pseudogene	534	278	258	8.0891	2.3694	2.2816
ENSG00000215909.3	BRWD1P1	processed_pseudogene	0	0	0	0.0000	0.0000	0.0000
ENSG00000215910.7	C1orf167	protein_coding	0	204	177	0.0000	0.0000	0.0000
ENSG00000215912.12	TTC34	protein_coding	9	3	8	0.0867	0.0254	0.0245
ENSG00000215914.4	MMP23A	unprocessed_pseudogene	0	0	1	0.0000	0.0000	0.0000
ENSG00000215915.10	ATAD3C	protein_coding	16	6	10	0.3413	0.1000	0.0963
ENSG00000215930.1	MIR942	miRNA	0	0	0	0.0000	0.0000	0.0000
ENSG00000215938.3	MIR190B	miRNA	0	0	0	0.0000	0.0000	0.0000
ENSG00000215939.3	MIR873	miRNA	0	0	0	0.0000	0.0000	0.0000
ENSG00000215943.1	MIR892A	miRNA	0	0	0	0.0000	0.0000	0.0000
ENSG00000215952.1	MIR921	miRNA	0	0	0	0.0000	0.0000	0.0000
ENSG00000215957.1	MIR300	miRNA	0	0	0	0.0000	0.0000	0.0000
ENSG00000215961.1	MIR297	miRNA	0	0	0	0.0000	0.0000	0.0000
ENSG00000215966.1	MIR876	miRNA	0	0	0	0.0000	0.0000	0.0000
ENSG00000215973.1	MIR933	miRNA	1	0	1	1.1029	0.3230	0.3111
ENSG00000215991.1	MIR208B	miRNA	0	0	0	0.0000	0.0000	0.0000
ENSG00000216001.3	MIR450B	miRNA	0	0	0	0.0000	0.0000	0.0000
ENSG00000216005.1	MIR888	miRNA	0	0	0	0.0000	0.0000	0.0000
ENSG00000216009.3	MIR874	miRNA	0	0	0	0.0000	0.0000	0.0000
ENSG00000216031.1	MIR298	miRNA	0	0	0	0.0000	0.0000	0.0000
ENSG00000216035.1	MIR938	miRNA	0	0	0	0.0000	0.0000	0.0000
ENSG00000216056.1	MIR891A	miRNA	0	0	0	0.0000	0.0000	0.0000
ENSG00000216058.1	MIR944	miRNA	0	0	0	0.0000	0.0000	0.0000
ENSG00000216060.1	MIR934	miRNA	0	0	0	0.0000	0.0000	0.0000
ENSG00000216064.1	MIR891B	miRNA	0	0	0	0.0000	0.0000	0.0000
ENSG00000216069.1	MIR875	miRNA	0	0	0	0.0000	0.0000	0.0000
ENSG00000216075.1	MIR890	miRNA	0	0	0	0.0000	0.0000	0.0000
ENSG00000216077.3	MIR887	miRNA	0	0	0	0.0000	0.0000	0.0000
ENSG00000216098.1	MIR892B	miRNA	0	0	0	0.0000	0.0000	0.0000
ENSG00000216099.3	MIR889	miRNA	0	0	0	0.0000	0.0000	0.0000
ENSG00000216101.3	MIR877	miRNA	0	0	0	0.0000	0.0000	0.0000
ENSG00000216135.3	MIR885	miRNA	0	0	0	0.0000	0.0000	0.0000
ENSG00000216141.3	MIR941-2	miRNA	0	0	0	0.0000	0.0000	0.0000
ENSG00000216171.1	MIR513C	miRNA	0	0	0	0.0000	0.0000	0.0000
ENSG00000216179.1	MIR541	miRNA	0	0	0	0.0000	0.0000	0.0000
ENSG00000216191.1	MIR8485	miRNA	0	0	0	0.0000	0.0000	0.0000
ENSG00000216192.1	MIR920	miRNA	0	0	0	0.0000	0.0000	0.0000
ENSG00000216195.3	MIR941-4	miRNA	0	0	0	0.0000	0.0000	0.0000
ENSG00000216265.1	FABP12P1	processed_pseudogene	0	0	0	0.0000	0.0000	0.0000
ENSG00000216285.5	AC078819.1	processed_pseudogene	34	21	14	3.7742	1.1055	1.0645
ENSG00000216306.3	KRT19P2	transcribed_processed_pseudogene	0	0	0	0.0000	0.0000	0.0000
ENSG00000216307.2	AL136309.1	processed_pseudogene	0	0	0	0.0000	0.0000	0.0000
ENSG00000216316.1	AL022722.1	processed_pseudogene	3	1	2	0.4377	0.1282	0.1235
ENSG00000216324.1	AL049697.2	processed_pseudogene	0	0	0	0.0000	0.0000	0.0000
ENSG00000216331.2	H1-12P	unprocessed_pseudogene	0	2	1	0.0000	0.0000	0.0000
ENSG00000216347.1	RPL10P10	processed_pseudogene	0	0	0	0.0000	0.0000	0.0000
ENSG00000216352.1	AL590824.1	processed_pseudogene	0	0	0	0.0000	0.0000	0.0000
ENSG00000216359.1	AL139039.1	processed_pseudogene	0	2	1	0.0000	0.0000	0.0000
ENSG00000216360.1	AL136968.1	processed_pseudogene	4	2	2	0.3591	0.1052	0.1013
ENSG00000216364.1	MRPL42P2	processed_pseudogene	0	0	0	0.0000	0.0000	0.0000
ENSG00000216365.2	RPL37P15	processed_pseudogene	0	0	0	0.0000	0.0000	0.0000
ENSG00000216368.2	AL136226.1	processed_pseudogene	0	0	0	0.0000	0.0000	0.0000
ENSG00000216378.1	AL080285.1	processed_pseudogene	0	0	0	0.0000	0.0000	0.0000
ENSG00000216412.4	RPL12P2	processed_pseudogene	2	1	1	0.3445	0.1009	0.0972
ENSG00000216425.4	PIMREGP2	processed_pseudogene	1	0	1	0.1059	0.0310	0.0299
ENSG00000216436.2	H2AC2P	unprocessed_pseudogene	0	0	0	0.0000	0.0000	0.0000
ENSG00000216439.1	DUTP5	processed_pseudogene	0	0	0	0.0000	0.0000	0.0000
ENSG00000216444.1	RAET1M	processed_pseudogene	0	0	0	0.0000	0.0000	0.0000
ENSG00000216471.3	RPSAP43	processed_pseudogene	2	2	0	0.2717	0.0796	0.0766
ENSG00000216475.1	AL024474.1	processed_pseudogene	0	0	0	0.0000	0.0000	0.0000
ENSG00000216480.2	AL078604.1	processed_pseudogene	1	1	0	0.1822	0.0534	0.0514
ENSG00000216490.4	IFI30	protein_coding	10	6	4	0.3623	0.1061	0.1022
ENSG00000216516.1	AL645733.1	processed_pseudogene	0	0	0	0.0000	0.0000	0.0000
ENSG00000216518.1	EEF1GP6	processed_pseudogene	0	0	0	0.0000	0.0000	0.0000
ENSG00000216519.2	AL023284.1	processed_pseudogene	0	0	0	0.0000	0.0000	0.0000
ENSG00000216523.1	AL109941.1	processed_pseudogene	0	0	0	0.0000	0.0000	0.0000
ENSG00000216548.2	AL357084.1	processed_pseudogene	0	0	0	0.0000	0.0000	0.0000
ENSG00000216560.4	LINC00955	lncRNA	1	0	1	0.0407	0.0119	0.0115
ENSG00000216588.9	IGSF23	protein_coding	0	0	0	0.0000	0.0000	0.0000
ENSG00000216613.2	AL023284.2	processed_pseudogene	0	0	0	0.0000	0.0000	0.0000
ENSG00000216616.1	AL356421.1	processed_pseudogene	0	0	0	0.0000	0.0000	0.0000
ENSG00000216621.8	AL583835.2	transcribed_processed_pseudogene	0	0	0	0.0000	0.0000	0.0000
ENSG00000216624.3	GAPDHP72	transcribed_processed_pseudogene	45	30	15	1.7618	0.5161	0.4969
ENSG00000216629.1	OR2W4P	unprocessed_pseudogene	0	0	0	0.0000	0.0000	0.0000
ENSG00000216636.1	RPL7P25	processed_pseudogene	1	0	1	0.1178	0.0345	0.0332
ENSG00000216639.1	AL133406.1	processed_pseudogene	0	0	0	0.0000	0.0000	0.0000
ENSG00000216642.1	AL136116.1	processed_pseudogene	2	2	0	0.4458	0.1306	0.1257
ENSG00000216649.3	GAGE12E	protein_coding	0	0	0	0.0000	0.0000	0.0000
ENSG00000216657.1	GLRX3P2	processed_pseudogene	2	1	1	0.1636	0.0479	0.0462
ENSG00000216663.3	AL365214.1	processed_pseudogene	0	0	0	0.0000	0.0000	0.0000
ENSG00000216671.6	CCNYL3	unprocessed_pseudogene	0	0	0	0.0000	0.0000	0.0000
ENSG00000216676.2	RPL8P1	processed_pseudogene	3	2	1	1.1373	0.3331	0.3208
ENSG00000216687.2	AL390237.1	processed_pseudogene	5	1	4	0.3001	0.0879	0.0846
ENSG00000216708.1	CIR1P3	processed_pseudogene	0	0	0	0.0000	0.0000	0.0000
ENSG00000216710.1	COX6A1P3	processed_pseudogene	0	0	0	0.0000	0.0000	0.0000
ENSG00000216713.1	MTND4P13	processed_pseudogene	1	1	0	0.0830	0.0243	0.0234
ENSG00000216718.7	AL024509.2	processed_pseudogene	0	0	0	0.0000	0.0000	0.0000
ENSG00000216721.3	AC093850.1	processed_pseudogene	0	0	0	0.0000	0.0000	0.0000
ENSG00000216723.1	NUDT19P3	processed_pseudogene	0	0	0	0.0000	0.0000	0.0000
ENSG00000216740.2	ANXA2P3	processed_pseudogene	2	2	0	0.1685	0.0494	0.0475
ENSG00000216753.3	HMGA1P7	processed_pseudogene	2	2	0	0.3383	0.0991	0.0954
ENSG00000216754.2	AL050335.1	processed_pseudogene	0	0	0	0.0000	0.0000	0.0000
ENSG00000216762.1	VN1R13P	processed_pseudogene	0	0	0	0.0000	0.0000	0.0000
ENSG00000216775.3	AL109918.1	transcribed_unprocessed_pseudogene	205	108	97	4.5561	1.3345	1.2851
ENSG00000216777.1	PRRC2CP1	processed_pseudogene	0	0	0	0.0000	0.0000	0.0000
ENSG00000216781.2	AL138885.1	processed_pseudogene	1	1	0	0.1258	0.0369	0.0355
ENSG00000216802.1	AL590617.1	processed_pseudogene	0	0	0	0.0000	0.0000	0.0000
ENSG00000216809.1	AL589993.1	processed_pseudogene	11	6	5	0.3701	0.1084	0.1044
ENSG00000216811.2	AL035698.1	processed_pseudogene	0	0	0	0.0000	0.0000	0.0000
ENSG00000216813.1	AL358178.1	processed_pseudogene	0	0	0	0.0000	0.0000	0.0000
ENSG00000216817.1	R3HDM2P2	processed_pseudogene	0	0	0	0.0000	0.0000	0.0000
ENSG00000216819.1	TUBB2BP1	unprocessed_pseudogene	5	2	3	0.4875	0.1428	0.1375
ENSG00000216824.2	ZNF736P10Y	processed_pseudogene	0	0	0	0.0000	0.0000	0.0000
ENSG00000216829.6	FGF7P4	unprocessed_pseudogene	0	0	0	0.0000	0.0000	0.0000
ENSG00000216835.3	RBMXP1	processed_pseudogene	1	0	1	0.0713	0.0209	0.0201
ENSG00000216844.1	AC009494.1	processed_pseudogene	0	0	0	0.0000	0.0000	0.0000
ENSG00000216853.1	MTCYBP36	processed_pseudogene	0	0	0	0.0000	0.0000	0.0000
ENSG00000216854.2	RPL17P26	processed_pseudogene	1	1	0	0.1536	0.0450	0.0433
ENSG00000216859.1	DHFRP5	processed_pseudogene	0	0	0	0.0000	0.0000	0.0000
ENSG00000216863.10	LY86-AS1	lncRNA	3	1	2	0.0216	0.0063	0.0061
ENSG00000216866.5	RPS2P55	processed_pseudogene	60	32	29	5.7704	1.6902	1.6276
ENSG00000216867.2	RPL22P12	processed_pseudogene	3	3	1	0.6583	0.1928	0.1857
ENSG00000216895.9	AC009403.1	lncRNA	44	26	18	1.8397	0.5389	0.5189
ENSG00000216901.1	ZNF603P	unprocessed_pseudogene	1	0	1	0.1744	0.0511	0.0492
ENSG00000216902.3	AL122016.1	processed_pseudogene	0	0	0	0.0000	0.0000	0.0000
ENSG00000216904.2	SOCS5P5	processed_pseudogene	0	0	0	0.0000	0.0000	0.0000
ENSG00000216906.2	AL355312.1	processed_pseudogene	10	7	3	0.3903	0.1143	0.1101
ENSG00000216913.2	AL049693.1	processed_pseudogene	0	0	0	0.0000	0.0000	0.0000
ENSG00000216915.2	GPR89P	processed_pseudogene	0	0	0	0.0000	0.0000	0.0000
ENSG00000216917.2	AC005587.1	processed_pseudogene	2	1	1	0.2869	0.0840	0.0809
ENSG00000216921.9	FAM240C	protein_coding	0	0	0	0.0000	0.0000	0.0000
ENSG00000216937.13	CCDC7	protein_coding	62	35	36	0.5500	0.1611	0.1551
ENSG00000216938.3	RPL7P58	processed_pseudogene	2	2	0	0.2241	0.0656	0.0632
ENSG00000216966.1	AL353747.1	processed_pseudogene	0	0	0	0.0000	0.0000	0.0000
ENSG00000216977.1	RPL21P65	processed_pseudogene	1	1	0	0.1822	0.0534	0.0514
ENSG00000216990.2	HSPD1P10	processed_pseudogene	1	0	1	0.0507	0.0148	0.0143
ENSG00000216998.1	CYP2AC1P	unitary_pseudogene	0	0	0	0.0000	0.0000	0.0000
ENSG00000217004.1	Z97832.1	unprocessed_pseudogene	0	0	0	0.0000	0.0000	0.0000
ENSG00000217026.3	RPL10P1	processed_pseudogene	17	10	7	2.2417	0.6566	0.6323
ENSG00000217027.1	TPT1P4	processed_pseudogene	20	10	11	3.2725	0.9586	0.9230
ENSG00000217030.1	AL359643.1	processed_pseudogene	0	0	0	0.0000	0.0000	0.0000
ENSG00000217041.1	AL512430.2	processed_pseudogene	0	0	0	0.0000	0.0000	0.0000
ENSG00000217044.1	MTCO3P31	processed_pseudogene	0	0	0	0.0000	0.0000	0.0000
ENSG00000217060.1	AL135903.1	unprocessed_pseudogene	6	2	4	0.3205	0.0939	0.0904
ENSG00000217067.2	AL355375.1	unprocessed_pseudogene	0	0	0	0.0000	0.0000	0.0000
ENSG00000217078.1	AL021407.1	processed_pseudogene	1	0	1	0.2200	0.0644	0.0621
ENSG00000217083.1	MTCO2P33	processed_pseudogene	0	0	0	0.0000	0.0000	0.0000
ENSG00000217085.2	HMGB3P19	processed_pseudogene	0	0	0	0.0000	0.0000	0.0000
ENSG00000217089.1	RPS29P13	processed_pseudogene	0	0	0	0.0000	0.0000	0.0000
ENSG00000217094.2	PPIAP31	processed_pseudogene	58	35	23	9.9503	2.9146	2.8065
ENSG00000217120.1	Z98755.1	processed_pseudogene	0	0	0	0.0000	0.0000	0.0000
ENSG00000217128.12	FNIP1	protein_coding	3226	1624	1602	34.4943	10.1039	9.7293
ENSG00000217130.1	AL139100.1	processed_pseudogene	13	7	19	2.2168	0.6493	0.6253
ENSG00000217135.2	AL590004.1	processed_pseudogene	0	0	0	0.0000	0.0000	0.0000
ENSG00000217139.2	AL603865.1	processed_pseudogene	0	0	0	0.0000	0.0000	0.0000
ENSG00000217159.2	LARP1P1	processed_pseudogene	1	0	1	0.2908	0.0852	0.0820
ENSG00000217160.2	MTCO2P31	processed_pseudogene	0	0	0	0.0000	0.0000	0.0000
ENSG00000217165.1	ANKRD18EP	processed_pseudogene	69	38	31	2.2263	0.6521	0.6279
ENSG00000217169.2	MTHFD2P2	processed_pseudogene	0	0	0	0.0000	0.0000	0.0000
ENSG00000217178.1	AL357563.1	processed_pseudogene	0	0	0	0.0000	0.0000	0.0000
ENSG00000217179.1	MTCYBP2	processed_pseudogene	0	0	0	0.0000	0.0000	0.0000
ENSG00000217181.1	AL139039.2	processed_pseudogene	0	0	0	0.0000	0.0000	0.0000
ENSG00000217195.1	AL513475.1	processed_pseudogene	0	0	0	0.0000	0.0000	0.0000
ENSG00000217227.1	AL079341.1	processed_pseudogene	1	1	0	0.0704	0.0206	0.0198
ENSG00000217228.1	GSTA12P	unprocessed_pseudogene	0	0	0	0.0000	0.0000	0.0000
ENSG00000217231.2	AL109755.1	processed_pseudogene	0	0	0	0.0000	0.0000	0.0000
ENSG00000217236.2	SP9	protein_coding	0	0	0	0.0000	0.0000	0.0000
ENSG00000217239.3	AL136968.2	processed_pseudogene	5	2	3	1.1994	0.3513	0.3383
ENSG00000217241.1	CBX3P9	processed_pseudogene	17	12	6	2.6153	0.7661	0.7377
ENSG00000217261.4	POM121L4P	transcribed_unprocessed_pseudogene	0	0	0	0.0000	0.0000	0.0000
ENSG00000217268.1	TXNP7	processed_pseudogene	0	0	0	0.0000	0.0000	0.0000
ENSG00000217272.1	RAB1AP2	processed_pseudogene	0	0	0	0.0000	0.0000	0.0000
ENSG00000217275.2	AL031777.1	processed_pseudogene	9	7	2	1.5316	0.4486	0.4320
ENSG00000217289.3	AC079776.1	processed_pseudogene	0	0	0	0.0000	0.0000	0.0000
ENSG00000217314.2	UQCRFS1P3	processed_pseudogene	0	0	0	0.0000	0.0000	0.0000
ENSG00000217315.1	OR2W2P	unprocessed_pseudogene	0	0	0	0.0000	0.0000	0.0000
ENSG00000217325.2	PRELID1P1	transcribed_processed_pseudogene	27	17	10	2.5391	0.7438	0.7162
ENSG00000217327.3	RPS7P5	processed_pseudogene	0	0	0	0.0000	0.0000	0.0000
ENSG00000217330.1	SSXP10	processed_pseudogene	1	0	1	0.1503	0.0440	0.0424
ENSG00000217331.1	AL355143.1	processed_pseudogene	0	0	0	0.0000	0.0000	0.0000
ENSG00000217334.1	AL355615.1	processed_pseudogene	0	0	0	0.0000	0.0000	0.0000
ENSG00000217372.2	TUBB4BP7	processed_pseudogene	0	0	0	0.0000	0.0000	0.0000
ENSG00000217377.1	AK4P5	processed_pseudogene	0	0	0	0.0000	0.0000	0.0000
ENSG00000217379.2	AL589647.1	processed_pseudogene	0	0	0	0.0000	0.0000	0.0000
ENSG00000217385.1	PSMC1P11	processed_pseudogene	2	1	1	0.1290	0.0378	0.0364
ENSG00000217404.2	RPS4XP9	processed_pseudogene	0	0	0	0.0000	0.0000	0.0000
ENSG00000217408.2	PRELID1P2	processed_pseudogene	0	0	0	0.0000	0.0000	0.0000
ENSG00000217414.2	DDX18P3	processed_pseudogene	0	0	0	0.0000	0.0000	0.0000
ENSG00000217416.4	ISCA1P1	processed_pseudogene	2	1	1	0.4389	0.1286	0.1238
ENSG00000217442.4	SYCE3	protein_coding	25	13	12	4.3415	1.2717	1.2246
ENSG00000217447.1	AL021331.1	processed_pseudogene	0	0	0	0.0000	0.0000	0.0000
ENSG00000217455.8	AC073316.1	lncRNA	0	0	0	0.0000	0.0000	0.0000
ENSG00000217477.2	AL450346.1	processed_pseudogene	0	0	0	0.0000	0.0000	0.0000
ENSG00000217482.2	HMGB1P17	processed_pseudogene	3	1	2	0.4057	0.1188	0.1144
ENSG00000217483.1	FO393414.2	processed_pseudogene	0	0	0	0.0000	0.0000	0.0000
ENSG00000217488.2	AL356057.1	transcribed_processed_pseudogene	0	0	0	0.0000	0.0000	0.0000
ENSG00000217495.2	AL136116.2	processed_pseudogene	0	0	0	0.0000	0.0000	0.0000
ENSG00000217512.1	AL356776.1	processed_pseudogene	0	0	0	0.0000	0.0000	0.0000
ENSG00000217514.1	AL031121.1	processed_pseudogene	0	0	0	0.0000	0.0000	0.0000
ENSG00000217527.1	RPS16P5	transcribed_processed_pseudogene	0	0	0	0.0000	0.0000	0.0000
ENSG00000217539.2	IQCB2P	processed_pseudogene	1	0	1	0.0520	0.0152	0.0147
ENSG00000217555.13	CKLF	protein_coding	6	13	14	0.4389	0.1286	0.1238
ENSG00000217557.1	AL590286.1	processed_pseudogene	1	1	0	0.2918	0.0855	0.0823
ENSG00000217566.2	TDGF1P4	processed_pseudogene	0	0	0	0.0000	0.0000	0.0000
ENSG00000217576.7	AL158066.1	lncRNA	0	0	0	0.0000	0.0000	0.0000
ENSG00000217585.1	MDH1P2	processed_pseudogene	0	0	0	0.0000	0.0000	0.0000
ENSG00000217612.2	AL031119.1	processed_pseudogene	0	0	0	0.0000	0.0000	0.0000
ENSG00000217624.2	YWHAZP10	processed_pseudogene	105	54	51	12.1315	3.5535	3.4218
ENSG00000217631.1	FO393413.1	processed_pseudogene	0	0	0	0.0000	0.0000	0.0000
ENSG00000217643.1	PTGES3P2	processed_pseudogene	4	2	2	0.7047	0.2064	0.1988
ENSG00000217644.5	AL355864.1	processed_pseudogene	0	0	0	0.0000	0.0000	0.0000
ENSG00000217646.1	H2BC16P	processed_pseudogene	0	0	0	0.0000	0.0000	0.0000
ENSG00000217648.1	AL136116.3	processed_pseudogene	50	31	19	3.7311	1.0929	1.0524
ENSG00000217653.1	PIMREGP3	processed_pseudogene	2	1	1	0.2250	0.0659	0.0634
ENSG00000217680.1	UBE2V1P15	processed_pseudogene	0	0	0	0.0000	0.0000	0.0000
ENSG00000217684.2	RPS3AP24	processed_pseudogene	0	0	0	0.0000	0.0000	0.0000
ENSG00000217686.2	NUS1P4	processed_pseudogene	0	0	0	0.0000	0.0000	0.0000
ENSG00000217702.3	AC073263.1	lncRNA	2	268	243	0.1045	0.0306	0.0295
ENSG00000217707.2	SERPINB8P1	unprocessed_pseudogene	0	0	0	0.0000	0.0000	0.0000
ENSG00000217716.3	RPS10P3	processed_pseudogene	6	2	4	1.0314	0.3021	0.2909
ENSG00000217718.1	NDUFB4P4	processed_pseudogene	0	0	0	0.0000	0.0000	0.0000
ENSG00000217733.2	CCT7P1	processed_pseudogene	1	0	1	0.0527	0.0154	0.0149
ENSG00000217746.1	AL096800.1	processed_pseudogene	0	0	0	0.0000	0.0000	0.0000
ENSG00000217767.2	NDUFAB1P1	processed_pseudogene	0	0	0	0.0000	0.0000	0.0000
ENSG00000217769.4	AL157777.1	processed_pseudogene	3	1	2	0.8380	0.2455	0.2364
ENSG00000217770.1	FEM1AP3	processed_pseudogene	0	0	0	0.0000	0.0000	0.0000
ENSG00000217776.1	AL138827.1	processed_pseudogene	0	0	0	0.0000	0.0000	0.0000
ENSG00000217783.2	LDHAL6FP	processed_pseudogene	0	0	0	0.0000	0.0000	0.0000
ENSG00000217786.1	AL355379.1	processed_pseudogene	0	0	0	0.0000	0.0000	0.0000
ENSG00000217791.4	ASS1P9	processed_pseudogene	0	0	0	0.0000	0.0000	0.0000
ENSG00000217801.10	AL390719.1	transcribed_unprocessed_pseudogene	15	11	8	0.5782	0.1694	0.1631
ENSG00000217805.2	AL590084.1	processed_pseudogene	0	0	0	0.0000	0.0000	0.0000
ENSG00000217809.1	FAT1P1	processed_pseudogene	0	0	0	0.0000	0.0000	0.0000
ENSG00000217811.1	HNRNPDP2	processed_pseudogene	0	0	0	0.0000	0.0000	0.0000
ENSG00000217824.1	SNRPEP6	processed_pseudogene	4	3	1	1.2263	0.3592	0.3459
ENSG00000217825.2	AC099552.1	lncRNA	0	0	0	0.0000	0.0000	0.0000
ENSG00000217835.3	RBMXP5	processed_pseudogene	5	4	1	0.4676	0.1370	0.1319
ENSG00000217862.2	H4C10P	processed_pseudogene	0	0	0	0.0000	0.0000	0.0000
ENSG00000217874.2	OR4F7P	unprocessed_pseudogene	0	0	0	0.0000	0.0000	0.0000
ENSG00000217878.2	AL136100.1	processed_pseudogene	0	0	0	0.0000	0.0000	0.0000
ENSG00000217889.3	KRT18P48	processed_pseudogene	1	0	1	0.0997	0.0292	0.0281
ENSG00000217896.2	ZNF839P1	processed_pseudogene	0	0	0	0.0000	0.0000	0.0000
ENSG00000217897.2	HSPE1P8	processed_pseudogene	3	0	3	0.8846	0.2591	0.2495
ENSG00000217929.4	CICP18	transcribed_processed_pseudogene	0	0	0	0.0000	0.0000	0.0000
ENSG00000217930.8	PAM16	protein_coding	53	29	24	1.9308	0.5656	0.5446
ENSG00000217950.4	NOC2LP2	processed_pseudogene	6	4	2	0.2621	0.0768	0.0739
ENSG00000218014.1	KRT19P1	processed_pseudogene	0	0	0	0.0000	0.0000	0.0000
ENSG00000218016.2	ZNF192P2	unprocessed_pseudogene	0	0	0	0.0000	0.0000	0.0000
ENSG00000218018.3	RBM38-AS1	lncRNA	8	43	44	0.3873	0.1135	0.1092
ENSG00000218020.3	THAP12P5	transcribed_processed_pseudogene	0	0	0	0.0000	0.0000	0.0000
ENSG00000218027.2	AL512329.1	processed_pseudogene	1	1	0	0.0533	0.0156	0.0150
ENSG00000218029.3	AL078601.1	processed_pseudogene	0	0	0	0.0000	0.0000	0.0000
ENSG00000218048.2	AL121949.1	unprocessed_pseudogene	0	0	0	0.0000	0.0000	0.0000
ENSG00000218049.1	RPL31P33	processed_pseudogene	0	0	0	0.0000	0.0000	0.0000
ENSG00000218052.5	ADAMTS7P4	transcribed_unprocessed_pseudogene	9	4	5	0.1386	0.0406	0.0391
ENSG00000218069.2	RSL24D1P1	processed_pseudogene	0	0	0	0.0000	0.0000	0.0000
ENSG00000218073.1	AL021407.2	processed_pseudogene	3	1	2	0.5242	0.1535	0.1479
ENSG00000218089.1	DNAJA1P4	processed_pseudogene	0	0	0	0.0000	0.0000	0.0000
ENSG00000218107.1	AL136131.1	processed_pseudogene	0	0	0	0.0000	0.0000	0.0000
ENSG00000218109.5	KIRREL3-AS3	lncRNA	0	0	0	0.0000	0.0000	0.0000
ENSG00000218125.1	AP000567.1	unprocessed_pseudogene	0	0	0	0.0000	0.0000	0.0000
ENSG00000218143.2	ERHP2	processed_pseudogene	0	0	0	0.0000	0.0000	0.0000
ENSG00000218153.2	KRT18P22	processed_pseudogene	0	0	0	0.0000	0.0000	0.0000
ENSG00000218173.1	AL356967.1	processed_pseudogene	0	0	0	0.0000	0.0000	0.0000
ENSG00000218175.2	AC016739.1	processed_pseudogene	155	73	82	38.1527	11.1755	10.7612
ENSG00000218180.2	SLC25A5P7	processed_pseudogene	4	1	3	0.3791	0.1110	0.1069
ENSG00000218186.2	KRT8P43	processed_pseudogene	0	0	0	0.0000	0.0000	0.0000
ENSG00000218187.2	AL356432.1	processed_pseudogene	0	0	0	0.0000	0.0000	0.0000
ENSG00000218189.4	POM121L14P	processed_pseudogene	1	0	1	0.0545	0.0160	0.0154
ENSG00000218194.1	HLFP1	processed_pseudogene	0	0	0	0.0000	0.0000	0.0000
ENSG00000218198.3	RPS20P32	processed_pseudogene	0	0	0	0.0000	0.0000	0.0000
ENSG00000218208.1	RPS27AP11	processed_pseudogene	16	9	7	3.0397	0.8904	0.8574
ENSG00000218213.1	FTH1P26	processed_pseudogene	0	0	0	0.0000	0.0000	0.0000
ENSG00000218226.1	TATDN2P2	processed_pseudogene	76	45	40	2.8994	0.8493	0.8178
ENSG00000218227.3	AC136632.1	transcribed_processed_pseudogene	0	0	0	0.0000	0.0000	0.0000
ENSG00000218233.1	NEPNP	unitary_pseudogene	0	0	0	0.0000	0.0000	0.0000
ENSG00000218261.1	RPA3P2	processed_pseudogene	0	0	0	0.0000	0.0000	0.0000
ENSG00000218265.1	RPS4XP7	processed_pseudogene	8	4	4	0.8710	0.2551	0.2457
ENSG00000218274.2	AL121949.2	unprocessed_pseudogene	0	0	0	0.0000	0.0000	0.0000
ENSG00000218281.1	H2AC9P	unprocessed_pseudogene	0	0	0	0.0000	0.0000	0.0000
ENSG00000218283.2	MORF4L1P1	processed_pseudogene	330	172	158	28.9801	8.4887	8.1740
ENSG00000218300.1	RPL22P14	processed_pseudogene	0	0	0	0.0000	0.0000	0.0000
ENSG00000218305.4	CDC14C	protein_coding	2	0	2	0.0545	0.0160	0.0154
ENSG00000218313.1	AL139274.1	processed_pseudogene	0	0	0	0.0000	0.0000	0.0000
ENSG00000218336.9	TENM3	protein_coding	760	400	401	5.3738	1.5741	1.5157
ENSG00000218337.1	AL589994.1	processed_pseudogene	0	0	0	0.0000	0.0000	0.0000
ENSG00000218347.2	HNRNPA1P1	processed_pseudogene	1	1	0	0.0900	0.0264	0.0254
ENSG00000218350.1	LYPLA1P3	processed_pseudogene	4	1	3	0.4888	0.1432	0.1379
ENSG00000218351.2	RPS3AP23	transcribed_processed_pseudogene	0	0	0	0.0000	0.0000	0.0000
ENSG00000218357.3	LINC01644	lncRNA	0	0	0	0.0000	0.0000	0.0000
ENSG00000218358.2	RAET1K	transcribed_unprocessed_pseudogene	9	5	4	0.4031	0.1181	0.1137
ENSG00000218359.1	SUMO2P13	processed_pseudogene	0	0	0	0.0000	0.0000	0.0000
ENSG00000218363.1	SLC25A20P1	processed_pseudogene	0	0	0	0.0000	0.0000	0.0000
ENSG00000218410.1	AC012078.1	processed_pseudogene	0	0	0	0.0000	0.0000	0.0000
ENSG00000218416.4	AC110619.1	lncRNA	1	1	0	0.0263	0.0077	0.0074
ENSG00000218418.2	AL591135.1	processed_pseudogene	36	16	20	0.5169	0.1514	0.1458
ENSG00000218424.2	NDUFS5P1	processed_pseudogene	0	0	0	0.0000	0.0000	0.0000
ENSG00000218426.5	AL590867.2	processed_pseudogene	102	49	53	19.3778	5.6761	5.4656
ENSG00000218428.1	NIP7P3	processed_pseudogene	0	0	0	0.0000	0.0000	0.0000
ENSG00000218454.2	HNRNPA1P19	processed_pseudogene	1	0	1	0.2295	0.0672	0.0647
ENSG00000218459.1	RPS27P15	processed_pseudogene	1	0	1	0.3370	0.0987	0.0950
ENSG00000218472.2	AL590004.2	processed_pseudogene	1	0	1	0.2289	0.0670	0.0646
ENSG00000218475.2	ACTG1P18	processed_pseudogene	1	1	0	0.0743	0.0218	0.0210
ENSG00000218476.2	AL591416.1	processed_pseudogene	0	0	0	0.0000	0.0000	0.0000
ENSG00000218483.1	AL356277.1	processed_pseudogene	0	0	0	0.0000	0.0000	0.0000
ENSG00000218490.1	FCF1P10	processed_pseudogene	0	0	0	0.0000	0.0000	0.0000
ENSG00000218499.1	AL031003.1	processed_pseudogene	0	0	0	0.0000	0.0000	0.0000
ENSG00000218502.3	H2AZP3	processed_pseudogene	41	21	20	8.9967	2.6353	2.5376
ENSG00000218510.8	LINC00339	lncRNA	16	117	91	0.3610	0.1057	0.1018
ENSG00000218512.2	SPTLC1P2	processed_pseudogene	0	0	1	0.0000	0.0000	0.0000
ENSG00000218520.5	AL450346.2	processed_pseudogene	0	0	0	0.0000	0.0000	0.0000
ENSG00000218521.1	AL589655.1	processed_pseudogene	0	0	0	0.0000	0.0000	0.0000
ENSG00000218536.1	AP002530.1	processed_pseudogene	0	0	0	0.0000	0.0000	0.0000
ENSG00000218537.1	MIF-AS1	lncRNA	26	8616	8270	1.4959	0.4382	0.4219
ENSG00000218549.2	OR4K12P	unprocessed_pseudogene	0	0	0	0.0000	0.0000	0.0000
ENSG00000218561.1	AL353133.1	processed_pseudogene	0	0	0	0.0000	0.0000	0.0000
ENSG00000218565.2	AL592429.1	processed_pseudogene	0	0	0	0.0000	0.0000	0.0000
ENSG00000218574.1	HNRNPA1P37	processed_pseudogene	2	1	1	0.1753	0.0513	0.0494
ENSG00000218577.1	AL035696.2	unprocessed_pseudogene	0	0	0	0.0000	0.0000	0.0000
ENSG00000218582.2	GAPDHP63	processed_pseudogene	60	32	29	5.0598	1.4821	1.4271
ENSG00000218586.3	AC006971.1	processed_pseudogene	27	12	15	0.5111	0.1497	0.1442
ENSG00000218596.2	AL162578.1	processed_pseudogene	1	1	0	0.2247	0.0658	0.0634
ENSG00000218617.1	AL121949.3	processed_pseudogene	0	0	0	0.0000	0.0000	0.0000
ENSG00000218631.1	AL117344.1	processed_pseudogene	1	1	0	0.1379	0.0404	0.0389
ENSG00000218632.3	RPL7P28	processed_pseudogene	0	0	0	0.0000	0.0000	0.0000
ENSG00000218643.2	RPL5P20	processed_pseudogene	0	0	0	0.0000	0.0000	0.0000
ENSG00000218672.1	AC008060.1	lncRNA	0	0	0	0.0000	0.0000	0.0000
ENSG00000218676.1	BRD7P4	processed_pseudogene	0	0	0	0.0000	0.0000	0.0000
ENSG00000218682.1	AC064847.1	processed_pseudogene	0	0	0	0.0000	0.0000	0.0000
ENSG00000218689.2	RPL5P21	processed_pseudogene	0	0	0	0.0000	0.0000	0.0000
ENSG00000218690.2	H2AC10P	transcribed_unprocessed_pseudogene	0	0	0	0.0000	0.0000	0.0000
ENSG00000218698.1	ST13P16	processed_pseudogene	0	0	0	0.0000	0.0000	0.0000
ENSG00000218713.1	AL512378.1	processed_pseudogene	0	0	0	0.0000	0.0000	0.0000
ENSG00000218716.1	RPL12P23	processed_pseudogene	0	0	0	0.0000	0.0000	0.0000
ENSG00000218725.2	B3GALNT2P1	processed_pseudogene	2	1	1	0.1312	0.0384	0.0370
ENSG00000218728.3	KRT18P44	processed_pseudogene	0	0	0	0.0000	0.0000	0.0000
ENSG00000218730.1	AL117342.1	processed_pseudogene	0	0	0	0.0000	0.0000	0.0000
ENSG00000218732.1	AL035633.1	processed_pseudogene	0	0	0	0.0000	0.0000	0.0000
ENSG00000218739.10	CEBPZOS	protein_coding	1919	1528	1474	34.6728	10.1562	9.7797
ENSG00000218748.1	DBIP1	processed_pseudogene	1	0	1	0.3266	0.0957	0.0921
ENSG00000218749.1	AL033519.2	processed_pseudogene	0	0	0	0.0000	0.0000	0.0000
ENSG00000218754.4	RPL18AP8	processed_pseudogene	2	1	1	0.3217	0.0942	0.0907
ENSG00000218757.1	AL121952.1	processed_pseudogene	0	0	0	0.0000	0.0000	0.0000
ENSG00000218766.1	AL450338.1	processed_pseudogene	0	0	0	0.0000	0.0000	0.0000
ENSG00000218772.2	FAM8A6P	processed_pseudogene	0	0	0	0.0000	0.0000	0.0000
ENSG00000218776.4	MTATP6P31	processed_pseudogene	0	0	0	0.0000	0.0000	0.0000
ENSG00000218792.2	HSPD1P16	processed_pseudogene	3	1	2	0.6466	0.1894	0.1824
ENSG00000218793.1	AL049697.3	processed_pseudogene	1	1	0	0.0865	0.0253	0.0244
ENSG00000218803.1	GSTM2P1	processed_pseudogene	0	0	0	0.0000	0.0000	0.0000
ENSG00000218806.2	AL133264.1	processed_pseudogene	0	0	0	0.0000	0.0000	0.0000
ENSG00000218809.1	AL391903.1	unprocessed_pseudogene	0	0	0	0.0000	0.0000	0.0000
ENSG00000218813.1	AL354719.1	processed_pseudogene	0	0	0	0.0000	0.0000	0.0000
ENSG00000218819.6	TDRD15	protein_coding	1	1	0	0.0118	0.0035	0.0033
ENSG00000218823.2	PAPOLB	protein_coding	0	0	0	0.0000	0.0000	0.0000
ENSG00000218834.1	AL606923.1	processed_pseudogene	0	0	0	0.0000	0.0000	0.0000
ENSG00000218839.5	FAM138C	lncRNA	1	1	0	0.0647	0.0190	0.0183
ENSG00000218857.1	AL137222.1	processed_pseudogene	0	0	0	0.0000	0.0000	0.0000
ENSG00000218868.1	CNN3P1	processed_pseudogene	0	0	0	0.0000	0.0000	0.0000
ENSG00000218870.1	SLC25A6P6	processed_pseudogene	0	0	0	0.0000	0.0000	0.0000
ENSG00000218872.1	AL445189.1	processed_pseudogene	0	0	0	0.0000	0.0000	0.0000
ENSG00000218890.1	NUFIP1P1	processed_pseudogene	1	1	0	0.0574	0.0168	0.0162
ENSG00000218891.5	ZNF579	protein_coding	373	195	179	9.5408	2.7946	2.6910
ENSG00000218893.1	SUMO2P12	processed_pseudogene	0	0	0	0.0000	0.0000	0.0000
ENSG00000218896.1	TUBB8P2	processed_pseudogene	2	1	1	0.3431	0.1005	0.0968
ENSG00000218902.3	PTMAP3	processed_pseudogene	1	1	0	0.2573	0.0754	0.0726
ENSG00000218965.1	NACAP7	processed_pseudogene	0	0	0	0.0000	0.0000	0.0000
ENSG00000218976.2	IMPDH1P9	unprocessed_pseudogene	1	0	1	0.0646	0.0189	0.0182
ENSG00000218980.2	FTH1P15	processed_pseudogene	24	6	18	7.2789	2.1321	2.0531
ENSG00000218986.1	AL136087.1	processed_pseudogene	0	0	0	0.0000	0.0000	0.0000
ENSG00000218991.1	CCNG1P1	processed_pseudogene	0	0	0	0.0000	0.0000	0.0000
ENSG00000218996.1	ARL4AP5	processed_pseudogene	2	2	0	0.2835	0.0831	0.0800
ENSG00000219023.1	AL033519.3	processed_pseudogene	7	5	2	1.5164	0.4442	0.4277
ENSG00000219027.2	RPS3AP2	processed_pseudogene	0	0	0	0.0000	0.0000	0.0000
ENSG00000219039.2	AC005102.1	processed_pseudogene	1	1	0	0.1773	0.0519	0.0500
ENSG00000219061.4	TRIM51FP	unprocessed_pseudogene	0	0	0	0.0000	0.0000	0.0000
ENSG00000219073.8	CELA3B	protein_coding	0	0	0	0.0000	0.0000	0.0000
ENSG00000219074.1	SOD1P1	processed_pseudogene	0	0	0	0.0000	0.0000	0.0000
ENSG00000219085.1	NPM1P37	processed_pseudogene	8	7	1	0.7773	0.2277	0.2192
ENSG00000219087.2	MTND4LP19	processed_pseudogene	0	0	0	0.0000	0.0000	0.0000
ENSG00000219088.1	Z97206.1	processed_pseudogene	0	0	0	0.0000	0.0000	0.0000
ENSG00000219095.1	DHFRP6	processed_pseudogene	0	0	0	0.0000	0.0000	0.0000
ENSG00000219102.3	HNRNPA3P12	processed_pseudogene	14	9	5	1.1184	0.3276	0.3155
ENSG00000219133.2	AL592114.1	processed_pseudogene	4	4	0	0.7033	0.2060	0.1984
ENSG00000219135.1	RPL23AP48	processed_pseudogene	9	7	2	1.5662	0.4588	0.4417
ENSG00000219139.1	TYMSP1	processed_pseudogene	0	0	0	0.0000	0.0000	0.0000
ENSG00000219146.1	RPS4XP8	processed_pseudogene	5	3	2	0.5507	0.1613	0.1553
ENSG00000219149.4	PPIAP87	processed_pseudogene	5	3	2	0.8665	0.2538	0.2444
ENSG00000219150.2	AL603914.1	processed_pseudogene	0	0	0	0.0000	0.0000	0.0000
ENSG00000219159.4	AC011298.1	lncRNA	0	1	0	0.0000	0.0000	0.0000
ENSG00000219163.2	HMGB1P20	processed_pseudogene	2	1	1	0.2509	0.0735	0.0708
ENSG00000219186.2	FTH1P19	unprocessed_pseudogene	0	0	0	0.0000	0.0000	0.0000
ENSG00000219188.1	CACYBPP3	processed_pseudogene	1	0	1	0.1359	0.0398	0.0383
ENSG00000219190.1	AL353133.2	processed_pseudogene	0	0	0	0.0000	0.0000	0.0000
ENSG00000219200.12	RNASEK	protein_coding	33	28	26	1.5664	0.4588	0.4418
ENSG00000219201.4	AC138392.1	processed_pseudogene	45	19	26	4.1492	1.2154	1.1703
ENSG00000219222.1	RPL12P47	processed_pseudogene	0	0	0	0.0000	0.0000	0.0000
ENSG00000219240.2	AL353692.1	processed_pseudogene	0	0	0	0.0000	0.0000	0.0000
ENSG00000219249.2	AMZ2P2	processed_pseudogene	1	0	1	0.0803	0.0235	0.0227
ENSG00000219253.1	RPS6P7	processed_pseudogene	0	0	0	0.0000	0.0000	0.0000
ENSG00000219257.2	NPM1P38	processed_pseudogene	1	1	0	0.0982	0.0288	0.0277
ENSG00000219262.1	OR2E1P	unprocessed_pseudogene	0	0	0	0.0000	0.0000	0.0000
ENSG00000219273.1	AL035555.2	processed_pseudogene	0	0	0	0.0000	0.0000	0.0000
ENSG00000219274.1	RPS20P2	processed_pseudogene	3	3	0	0.6549	0.1918	0.1847
ENSG00000219280.1	VN1R8P	processed_pseudogene	0	0	0	0.0000	0.0000	0.0000
ENSG00000219284.2	AL592291.1	unprocessed_pseudogene	0	0	0	0.0000	0.0000	0.0000
ENSG00000219294.6	PIP5K1P1	processed_pseudogene	1	0	1	0.0513	0.0150	0.0145
ENSG00000219297.1	MRPL42P3	processed_pseudogene	0	0	0	0.0000	0.0000	0.0000
ENSG00000219298.1	AL355497.1	processed_pseudogene	0	0	0	0.0000	0.0000	0.0000
ENSG00000219302.2	AL451046.1	processed_pseudogene	0	0	0	0.0000	0.0000	0.0000
ENSG00000219314.1	AL034372.1	processed_pseudogene	0	0	0	0.0000	0.0000	0.0000
ENSG00000219329.1	AL357515.1	processed_pseudogene	3	2	1	0.4700	0.1377	0.1326
ENSG00000219355.2	RPL31P52	processed_pseudogene	0	0	0	0.0000	0.0000	0.0000
ENSG00000219361.1	RPSAP72	processed_pseudogene	0	0	0	0.0000	0.0000	0.0000
ENSG00000219368.3	ZNF299P	processed_pseudogene	0	0	0	0.0000	0.0000	0.0000
ENSG00000219375.1	AL139095.1	processed_pseudogene	0	0	0	0.0000	0.0000	0.0000
ENSG00000219384.1	AL138880.1	processed_pseudogene	0	0	0	0.0000	0.0000	0.0000
ENSG00000219387.2	ATF1P1	processed_pseudogene	0	0	0	0.0000	0.0000	0.0000
ENSG00000219391.1	AC019129.1	processed_pseudogene	1	0	1	0.3254	0.0953	0.0918
ENSG00000219392.1	ZNF602P	unprocessed_pseudogene	4	0	4	0.3676	0.1077	0.1037
ENSG00000219395.2	HSPA8P15	processed_pseudogene	3	2	1	0.3241	0.0949	0.0914
ENSG00000219404.2	AL359694.1	processed_pseudogene	0	0	0	0.0000	0.0000	0.0000
ENSG00000219409.2	AL590704.1	processed_pseudogene	0	0	0	0.0000	0.0000	0.0000
ENSG00000219410.6	AC125494.1	lncRNA	2	539	515	0.0708	0.0207	0.0200
ENSG00000219430.2	MBL3P	unprocessed_pseudogene	0	0	0	0.0000	0.0000	0.0000
ENSG00000219433.2	BTBD10P2	processed_pseudogene	0	0	0	0.0000	0.0000	0.0000
ENSG00000219435.6	CATSPERZ	protein_coding	0	0	0	0.0000	0.0000	0.0000
ENSG00000219438.9	TAFA5	protein_coding	353	196	157	9.7328	2.8509	2.7452
ENSG00000219445.2	AC019155.2	lncRNA	0	0	0	0.0000	0.0000	0.0000
ENSG00000219451.3	RPL23P8	processed_pseudogene	20	6	14	3.9682	1.1624	1.1193
ENSG00000219453.1	AL133270.1	processed_pseudogene	0	0	0	0.0000	0.0000	0.0000
ENSG00000219463.1	RPSAP42	processed_pseudogene	1	1	0	0.0967	0.0283	0.0273
ENSG00000219470.1	AL355802.1	processed_pseudogene	40	19	22	3.8513	1.1281	1.0863
ENSG00000219481.10	NBPF1	protein_coding	447	224	223	3.1084	0.9105	0.8767
ENSG00000219487.2	AL603766.1	processed_pseudogene	5	1	4	0.6395	0.1873	0.1804
ENSG00000219491.7	TPT1P8	transcribed_processed_pseudogene	11	5	6	0.2993	0.0877	0.0844
ENSG00000219492.4	AC116655.1	unprocessed_pseudogene	0	0	0	0.0000	0.0000	0.0000
ENSG00000219500.1	AL391417.1	processed_pseudogene	0	0	0	0.0000	0.0000	0.0000
ENSG00000219507.4	FTH1P8	processed_pseudogene	183	69	114	30.2343	8.8561	8.5278
ENSG00000219529.2	AP000580.1	processed_pseudogene	1	1	0	0.2372	0.0695	0.0669
ENSG00000219532.2	SELENOKP2	processed_pseudogene	1	0	1	0.2938	0.0861	0.0829
ENSG00000219545.11	UMAD1	protein_coding	1004	482	523	22.7239	6.6562	6.4094
ENSG00000219547.1	RPL17P25	processed_pseudogene	1	1	0	0.1530	0.0448	0.0432
ENSG00000219549.1	AL607077.1	processed_pseudogene	1	0	1	0.1702	0.0498	0.0480
ENSG00000219553.2	AL031133.1	processed_pseudogene	0	0	0	0.0000	0.0000	0.0000
ENSG00000219559.1	AL512430.3	processed_pseudogene	1	0	1	0.1926	0.0564	0.0543
ENSG00000219565.2	ZNF259P1	transcribed_processed_pseudogene	1	1	1	0.0172	0.0050	0.0049
ENSG00000219575.1	AL035467.1	processed_pseudogene	0	0	0	0.0000	0.0000	0.0000
ENSG00000219582.3	HNRNPA1P58	processed_pseudogene	0	0	0	0.0000	0.0000	0.0000
ENSG00000219592.2	NCSTNP1	processed_pseudogene	0	0	0	0.0000	0.0000	0.0000
ENSG00000219604.1	AL590143.1	processed_pseudogene	1	1	0	0.6154	0.1803	0.1736
ENSG00000219607.4	PPP1R3G	protein_coding	23	11	12	0.4710	0.1380	0.1328
ENSG00000219608.3	HIGD1AP16	processed_pseudogene	0	0	0	0.0000	0.0000	0.0000
ENSG00000219619.2	AL606845.1	processed_pseudogene	0	0	0	0.0000	0.0000	0.0000
ENSG00000219622.1	AL451061.1	processed_pseudogene	1	0	1	0.0985	0.0289	0.0278
ENSG00000219626.9	FAM228B	protein_coding	185	261	254	3.1886	0.9340	0.8994
ENSG00000219627.1	CYCSP17	processed_pseudogene	0	0	0	0.0000	0.0000	0.0000
ENSG00000219642.2	BMPR1AP1	processed_pseudogene	18	10	8	0.9566	0.2802	0.2698
ENSG00000219653.1	GCNT1P4	processed_pseudogene	0	0	0	0.0000	0.0000	0.0000
ENSG00000219665.8	ZNF433-AS1	lncRNA	25	31	19	0.3604	0.1056	0.1017
ENSG00000219666.2	AL451046.2	processed_pseudogene	0	0	0	0.0000	0.0000	0.0000
ENSG00000219669.1	BECN1P2	processed_pseudogene	0	0	0	0.0000	0.0000	0.0000
ENSG00000219681.2	AL590084.2	processed_pseudogene	0	0	0	0.0000	0.0000	0.0000
ENSG00000219682.4	AL133268.1	processed_pseudogene	12	2	10	0.7274	0.2131	0.2052
ENSG00000219693.3	FGF7P8	unprocessed_pseudogene	1	1	0	0.2908	0.0852	0.0820
ENSG00000219699.2	AL356432.2	unprocessed_pseudogene	0	0	0	0.0000	0.0000	0.0000
ENSG00000219700.1	PTCHD3P3	processed_pseudogene	0	0	0	0.0000	0.0000	0.0000
ENSG00000219702.1	AL078599.1	processed_pseudogene	0	0	0	0.0000	0.0000	0.0000
ENSG00000219703.1	RAP1BP3	processed_pseudogene	1	1	0	0.1547	0.0453	0.0436
ENSG00000219712.1	AL357054.1	processed_pseudogene	0	0	0	0.0000	0.0000	0.0000
ENSG00000219722.1	RPL26P20	processed_pseudogene	0	0	0	0.0000	0.0000	0.0000
ENSG00000219736.1	AL356473.1	processed_pseudogene	0	0	0	0.0000	0.0000	0.0000
ENSG00000219738.2	CD83P1	processed_pseudogene	0	0	0	0.0000	0.0000	0.0000
ENSG00000219747.1	AL133260.1	processed_pseudogene	8	5	3	1.6774	0.4913	0.4731
ENSG00000219755.1	AL137784.1	processed_pseudogene	0	0	0	0.0000	0.0000	0.0000
ENSG00000219757.1	AL357139.1	processed_pseudogene	0	0	0	0.0000	0.0000	0.0000
ENSG00000219758.6	FO393415.1	processed_pseudogene	0	0	0	0.0000	0.0000	0.0000
ENSG00000219770.1	VN1R11P	unitary_pseudogene	0	0	0	0.0000	0.0000	0.0000
ENSG00000219773.1	RPSAP45	processed_pseudogene	3	0	3	0.2915	0.0854	0.0822
ENSG00000219776.2	RPL21P67	processed_pseudogene	1	0	1	0.1777	0.0520	0.0501
ENSG00000219784.2	AL138729.1	processed_pseudogene	0	0	0	0.0000	0.0000	0.0000
ENSG00000219790.3	OSTCP6	processed_pseudogene	0	0	0	0.0000	0.0000	0.0000
ENSG00000219797.2	PPIAP9	processed_pseudogene	11	5	7	1.8758	0.5494	0.5291
ENSG00000219806.1	ATP5PBP6	processed_pseudogene	0	0	0	0.0000	0.0000	0.0000
ENSG00000219807.2	ARF1P1	processed_pseudogene	0	0	0	0.0000	0.0000	0.0000
ENSG00000219814.2	RPL23AP47	processed_pseudogene	1	1	0	0.1846	0.0541	0.0521
ENSG00000219863.5	RPL31P28	processed_pseudogene	2	1	1	0.4839	0.1417	0.1365
ENSG00000219867.1	AL590635.1	processed_pseudogene	0	0	0	0.0000	0.0000	0.0000
ENSG00000219870.2	BRK1P1	processed_pseudogene	0	0	0	0.0000	0.0000	0.0000
ENSG00000219881.1	GAPDHP42	processed_pseudogene	0	0	0	0.0000	0.0000	0.0000
ENSG00000219891.2	ZSCAN12P1	transcribed_unprocessed_pseudogene	7	9	6	0.3587	0.1051	0.1012
ENSG00000219902.1	RPL35P3	processed_pseudogene	0	0	0	0.0000	0.0000	0.0000
ENSG00000219926.11	OR7E104P	transcribed_unprocessed_pseudogene	0	0	0	0.0000	0.0000	0.0000
ENSG00000219928.2	AL161787.1	processed_pseudogene	17	7	10	8.2968	2.4303	2.3402
ENSG00000219930.4	GAPDHP67	processed_pseudogene	3	3	0	0.3233	0.0947	0.0912
ENSG00000219932.6	RPL12P8	processed_pseudogene	2	2	0	0.2928	0.0858	0.0826
ENSG00000219940.2	SPTLC1P3	processed_pseudogene	0	0	0	0.0000	0.0000	0.0000
ENSG00000219941.1	KRT18P50	processed_pseudogene	0	0	0	0.0000	0.0000	0.0000
ENSG00000219951.4	AL391416.1	processed_pseudogene	18	9	9	1.5378	0.4504	0.4337
ENSG00000219986.2	BTF3P7	processed_pseudogene	5	3	2	0.8701	0.2549	0.2454
ENSG00000219992.2	AL391422.1	processed_pseudogene	2	0	2	0.3895	0.1141	0.1099
ENSG00000219993.1	AL138878.1	processed_pseudogene	0	0	0	0.0000	0.0000	0.0000
ENSG00000220008.3	LINGO3	protein_coding	6	3	3	0.2274	0.0666	0.0641
ENSG00000220030.1	AL356131.1	processed_pseudogene	0	0	0	0.0000	0.0000	0.0000
ENSG00000220069.1	RPL7P27	processed_pseudogene	0	0	1	0.0000	0.0000	0.0000
ENSG00000220076.1	AL034345.1	processed_pseudogene	0	0	0	0.0000	0.0000	0.0000
ENSG00000220091.2	LAP3P1	processed_pseudogene	0	0	0	0.0000	0.0000	0.0000
ENSG00000220105.2	AL353151.1	processed_pseudogene	1	1	1	0.1406	0.0412	0.0397
ENSG00000220110.1	AL080315.1	processed_pseudogene	0	0	0	0.0000	0.0000	0.0000
ENSG00000220113.2	MTCYBP4	processed_pseudogene	0	0	0	0.0000	0.0000	0.0000
ENSG00000220125.1	MRPL32P1	processed_pseudogene	0	0	0	0.0000	0.0000	0.0000
ENSG00000220130.1	AL079342.1	processed_pseudogene	1	1	0	0.3181	0.0932	0.0897
ENSG00000220131.1	AL121835.1	processed_pseudogene	1	1	0	0.2399	0.0703	0.0677
ENSG00000220132.1	CPSF1P2	processed_pseudogene	0	0	0	0.0000	0.0000	0.0000
ENSG00000220139.1	AL022722.2	processed_pseudogene	0	0	0	0.0000	0.0000	0.0000
ENSG00000220154.2	AL355796.1	processed_pseudogene	0	0	0	0.0000	0.0000	0.0000
ENSG00000220157.4	HNRNPA1P12	processed_pseudogene	14	5	10	1.2371	0.3624	0.3489
ENSG00000220161.4	LINC02076	lncRNA	5	1	4	0.2269	0.0665	0.0640
ENSG00000220181.1	MTRES1P1	processed_pseudogene	0	0	0	0.0000	0.0000	0.0000
ENSG00000220184.2	HMGB3P18	processed_pseudogene	0	0	0	0.0000	0.0000	0.0000
ENSG00000220201.7	ZGLP1	protein_coding	5	3	2	0.1747	0.0512	0.0493
ENSG00000220204.1	AL035079.1	processed_pseudogene	0	0	0	0.0000	0.0000	0.0000
ENSG00000220205.9	VAMP2	protein_coding	2039	1028	1011	53.4257	15.6492	15.0690
ENSG00000220212.1	OR4F1P	unprocessed_pseudogene	0	0	0	0.0000	0.0000	0.0000
ENSG00000220237.1	RPS24P12	processed_pseudogene	0	0	0	0.0000	0.0000	0.0000
ENSG00000220240.1	AL157777.2	unprocessed_pseudogene	0	0	0	0.0000	0.0000	0.0000
ENSG00000220248.1	ZNF402P	processed_pseudogene	0	0	0	0.0000	0.0000	0.0000
ENSG00000220256.4	AC093802.1	lncRNA	4	3	1	0.0500	0.0146	0.0141
ENSG00000220267.1	ACTBP8	processed_pseudogene	11	9	2	0.8431	0.2469	0.2378
ENSG00000220291.1	AL139806.1	unprocessed_pseudogene	0	0	0	0.0000	0.0000	0.0000
ENSG00000220305.1	HNRNPH1P1	processed_pseudogene	3	2	1	0.2150	0.0630	0.0606
ENSG00000220311.1	RPL35AP18	processed_pseudogene	0	0	0	0.0000	0.0000	0.0000
ENSG00000220323.4	H2BC19P	transcribed_unprocessed_pseudogene	34	59	84	0.7994	0.2341	0.2255
ENSG00000220326.2	AL603865.2	processed_pseudogene	0	0	0	0.0000	0.0000	0.0000
ENSG00000220340.1	MTCO1P56	processed_pseudogene	0	0	0	0.0000	0.0000	0.0000
ENSG00000220343.5	PPIAP74	processed_pseudogene	4	0	4	0.6932	0.2031	0.1955
ENSG00000220347.1	H3P28	processed_pseudogene	1	1	0	0.2189	0.0641	0.0617
ENSG00000220349.4	Z85996.1	processed_pseudogene	0	0	0	0.0000	0.0000	0.0000
ENSG00000220370.1	AL078595.1	processed_pseudogene	0	0	0	0.0000	0.0000	0.0000
ENSG00000220377.1	GSTA8P	unprocessed_pseudogene	0	0	0	0.0000	0.0000	0.0000
ENSG00000220378.3	KRT8P42	processed_pseudogene	0	1	0	0.0000	0.0000	0.0000
ENSG00000220392.1	FCF1P5	processed_pseudogene	0	0	0	0.0000	0.0000	0.0000
ENSG00000220412.1	AL356234.1	processed_pseudogene	57	27	30	2.7209	0.7970	0.7674
ENSG00000220418.1	TUBB3P1	processed_pseudogene	1	0	1	0.0638	0.0187	0.0180
ENSG00000220446.2	AL121978.1	processed_pseudogene	0	0	0	0.0000	0.0000	0.0000
ENSG00000220447.1	AL139098.1	processed_pseudogene	0	0	0	0.0000	0.0000	0.0000
ENSG00000220472.1	AL139095.2	processed_pseudogene	29	12	17	3.3736	0.9882	0.9515
ENSG00000220483.4	SLC25A51P1	processed_pseudogene	0	0	0	0.0000	0.0000	0.0000
ENSG00000220494.4	YAP1P1	processed_pseudogene	1	1	0	0.0610	0.0179	0.0172
ENSG00000220505.2	EIF4EBP2P3	processed_pseudogene	0	0	0	0.0000	0.0000	0.0000
ENSG00000220506.2	AL136310.1	processed_pseudogene	0	0	0	0.0000	0.0000	0.0000
ENSG00000220514.1	MTND4LP20	processed_pseudogene	0	0	0	0.0000	0.0000	0.0000
ENSG00000220515.2	PGAM1P10	processed_pseudogene	0	0	0	0.0000	0.0000	0.0000
ENSG00000220517.2	ASS1P1	processed_pseudogene	6	2	4	0.4119	0.1207	0.1162
ENSG00000220522.2	AL590002.1	processed_pseudogene	0	0	0	0.0000	0.0000	0.0000
ENSG00000220537.1	AL121977.1	processed_pseudogene	0	0	0	0.0000	0.0000	0.0000
ENSG00000220540.1	AL359511.1	processed_pseudogene	0	0	0	0.0000	0.0000	0.0000
ENSG00000220541.4	PPIHP2	processed_pseudogene	0	0	0	0.0000	0.0000	0.0000
ENSG00000220553.1	RPL5P19	processed_pseudogene	0	0	0	0.0000	0.0000	0.0000
ENSG00000220556.4	AL035690.1	processed_pseudogene	0	0	0	0.0000	0.0000	0.0000
ENSG00000220557.1	HMGB1P13	processed_pseudogene	0	0	0	0.0000	0.0000	0.0000
ENSG00000220563.1	PKMP3	transcribed_processed_pseudogene	0	0	0	0.0000	0.0000	0.0000
ENSG00000220575.8	HTR5A-AS1	lncRNA	0	0	0	0.0000	0.0000	0.0000
ENSG00000220581.1	VN1R12P	unitary_pseudogene	0	0	0	0.0000	0.0000	0.0000
ENSG00000220583.1	RPL35P2	processed_pseudogene	4	51	35	0.9358	0.2741	0.2639
ENSG00000220585.4	DDX18P6	processed_pseudogene	0	0	0	0.0000	0.0000	0.0000
ENSG00000220586.2	TUBBP9	transcribed_processed_pseudogene	0	0	0	0.0000	0.0000	0.0000
ENSG00000220598.1	SSR1P1	processed_pseudogene	0	0	0	0.0000	0.0000	0.0000
ENSG00000220600.2	AL121834.1	transcribed_processed_pseudogene	0	0	0	0.0000	0.0000	0.0000
ENSG00000220614.1	AL583834.1	processed_pseudogene	1	1	0	0.2476	0.0725	0.0698
ENSG00000220635.2	KRASP1	processed_pseudogene	0	0	0	0.0000	0.0000	0.0000
ENSG00000220643.1	AL031577.1	processed_pseudogene	1	0	1	0.3033	0.0888	0.0855
ENSG00000220660.2	AL023284.3	transcribed_processed_pseudogene	0	0	0	0.0000	0.0000	0.0000
ENSG00000220666.2	RCC2P7	processed_pseudogene	0	0	0	0.0000	0.0000	0.0000
ENSG00000220685.3	AL139094.1	processed_pseudogene	8	5	3	0.5719	0.1675	0.1613
ENSG00000220694.2	AL096711.1	processed_pseudogene	0	0	0	0.0000	0.0000	0.0000
ENSG00000220695.1	Z86062.1	processed_pseudogene	0	0	0	0.0000	0.0000	0.0000
ENSG00000220702.1	Z85994.1	lncRNA	0	0	0	0.0000	0.0000	0.0000
ENSG00000220721.2	OR1F12	unprocessed_pseudogene	0	0	0	0.0000	0.0000	0.0000
ENSG00000220725.1	AL590290.1	processed_pseudogene	0	0	0	0.0000	0.0000	0.0000
ENSG00000220730.2	H3P27	processed_pseudogene	0	0	0	0.0000	0.0000	0.0000
ENSG00000220733.1	MTND3P20	processed_pseudogene	0	0	0	0.0000	0.0000	0.0000
ENSG00000220734.1	AL157823.1	processed_pseudogene	1	1	0	0.1352	0.0396	0.0381
ENSG00000220739.2	AL513475.2	processed_pseudogene	0	0	0	0.0000	0.0000	0.0000
ENSG00000220744.1	RPL5P18	processed_pseudogene	4	1	3	0.3812	0.1117	0.1075
ENSG00000220745.2	AL080276.1	processed_pseudogene	0	0	0	0.0000	0.0000	0.0000
ENSG00000220748.2	AL032822.1	processed_pseudogene	0	0	0	0.0000	0.0000	0.0000
ENSG00000220749.4	RPL21P28	processed_pseudogene	19	10	9	3.3406	0.9785	0.9422
ENSG00000220758.4	VN1R10P	unprocessed_pseudogene	0	0	0	0.0000	0.0000	0.0000
ENSG00000220771.2	BOLA2P3	processed_pseudogene	0	0	0	0.0000	0.0000	0.0000
ENSG00000220773.1	RPSAP44	processed_pseudogene	0	0	0	0.0000	0.0000	0.0000
ENSG00000220785.7	MTMR9LP	transcribed_unprocessed_pseudogene	740	527	595	21.2229	6.2165	5.9861
ENSG00000220793.5	RPL21P119	processed_pseudogene	8	4	4	1.4153	0.4146	0.3992
ENSG00000220804.8	LINC01881	transcribed_unprocessed_pseudogene	30	13	17	1.3193	0.3865	0.3721
ENSG00000220831.4	NDUFA5P9	processed_pseudogene	1	1	0	0.2498	0.0732	0.0704
ENSG00000220842.6	RPL21P16	processed_pseudogene	43	26	17	7.5602	2.2145	2.1324
ENSG00000220848.5	RPS18P9	transcribed_processed_pseudogene	42	51	61	2.0676	0.6056	0.5832
ENSG00000220867.1	HSPE1P26	processed_pseudogene	0	0	0	0.0000	0.0000	0.0000
ENSG00000220868.2	MRPL35P1	processed_pseudogene	0	0	0	0.0000	0.0000	0.0000
ENSG00000220871.1	DNAJC19P6	processed_pseudogene	0	0	0	0.0000	0.0000	0.0000
ENSG00000220875.1	H3C9P	processed_pseudogene	8	4	4	1.6292	0.4772	0.4595
ENSG00000220884.2	MESTP1	processed_pseudogene	1	0	1	0.0854	0.0250	0.0241
ENSG00000220891.1	LL22NC03-63E9.3	lncRNA	313	152	163	8.5439	2.5026	2.4099
ENSG00000220908.2	LINC02531	lncRNA	0	0	0	0.0000	0.0000	0.0000
ENSG00000220913.1	AL391361.1	unprocessed_pseudogene	0	0	0	0.0000	0.0000	0.0000
ENSG00000220918.1	AL132875.1	processed_pseudogene	0	0	0	0.0000	0.0000	0.0000
ENSG00000220920.1	AL023807.1	unprocessed_pseudogene	2	0	2	0.4731	0.1386	0.1334
ENSG00000220924.4	OSTCP4	processed_pseudogene	0	0	0	0.0000	0.0000	0.0000
ENSG00000220925.2	IGBP1-AS2	lncRNA	1	192	238	0.1655	0.0485	0.0467
ENSG00000220937.3	HNRNPA1P41	processed_pseudogene	3	1	2	0.2745	0.0804	0.0774
ENSG00000220948.5	TRIM51GP	protein_coding	0	0	0	0.0000	0.0000	0.0000
ENSG00000220949.2	AC008543.2	unprocessed_pseudogene	0	0	0	0.0000	0.0000	0.0000
ENSG00000220960.1	AL079342.2	processed_pseudogene	0	0	0	0.0000	0.0000	0.0000
ENSG00000220986.1	AC010273.1	snoRNA	0	0	0	0.0000	0.0000	0.0000
ENSG00000220988.1	SNORD88C	snoRNA	0	0	0	0.0000	0.0000	0.0000
ENSG00000221015.1	RNU6ATAC29P	snRNA	0	0	0	0.0000	0.0000	0.0000
ENSG00000221017.1	MIR1323	miRNA	0	0	0	0.0000	0.0000	0.0000
ENSG00000221023.1	RNU6ATAC19P	snRNA	0	0	0	0.0000	0.0000	0.0000
ENSG00000221025.1	MIR1250	miRNA	0	0	0	0.0000	0.0000	0.0000
ENSG00000221028.1	MIR1231	miRNA	0	0	0	0.0000	0.0000	0.0000
ENSG00000221031.1	AC104389.1	ribozyme	0	0	0	0.0000	0.0000	0.0000
ENSG00000221033.1	MIR1272	miRNA	0	0	0	0.0000	0.0000	0.0000
ENSG00000221036.5	MIR1193	miRNA	0	0	0	0.0000	0.0000	0.0000
ENSG00000221038.1	RNU6ATAC7P	snRNA	0	0	0	0.0000	0.0000	0.0000
ENSG00000221039.3	MIR1286	miRNA	0	0	0	0.0000	0.0000	0.0000
ENSG00000221040.2	U3	snoRNA	0	0	0	0.0000	0.0000	0.0000
ENSG00000221042.1	AL158040.1	ribozyme	0	0	0	0.0000	0.0000	0.0000
ENSG00000221043.2	U3	snoRNA	0	0	0	0.0000	0.0000	0.0000
ENSG00000221044.2	U3	snoRNA	0	0	0	0.0000	0.0000	0.0000
ENSG00000221046.1	RNU6ATAC38P	snRNA	1	0	1	0.6740	0.1974	0.1901
ENSG00000221052.3	MIR1266	miRNA	0	0	0	0.0000	0.0000	0.0000
ENSG00000221055.1	MIR1302-3	miRNA	0	0	0	0.0000	0.0000	0.0000
ENSG00000221059.1	RNU6ATAC6P	snRNA	0	0	0	0.0000	0.0000	0.0000
ENSG00000221060.1	AL157789.1	snoRNA	0	0	0	0.0000	0.0000	0.0000
ENSG00000221063.3	MIR1296	miRNA	0	0	0	0.0000	0.0000	0.0000
ENSG00000221065.1	MIR1233-2	miRNA	0	0	0	0.0000	0.0000	0.0000
ENSG00000221066.1	SNORD111	snoRNA	1	1	0	0.9034	0.2646	0.2548
ENSG00000221081.1	MIR320D2	miRNA	0	0	0	0.0000	0.0000	0.0000
ENSG00000221083.1	AL096855.1	snoRNA	0	0	0	0.0000	0.0000	0.0000
ENSG00000221091.1	MIR1302-5	miRNA	0	0	0	0.0000	0.0000	0.0000
ENSG00000221093.1	AC107376.1	snoRNA	0	0	0	0.0000	0.0000	0.0000
ENSG00000221102.1	SNORA11B	snoRNA	0	0	0	0.0000	0.0000	0.0000
ENSG00000221114.1	RNU6ATAC30P	snRNA	0	0	0	0.0000	0.0000	0.0000
ENSG00000221116.1	SNORD110	snoRNA	0	0	0	0.0000	0.0000	0.0000
ENSG00000221120.1	MIR1224	miRNA	0	0	0	0.0000	0.0000	0.0000
ENSG00000221125.2	U3	snoRNA	0	0	0	0.0000	0.0000	0.0000
ENSG00000221139.1	AC011774.1	snoRNA	0	0	0	0.0000	0.0000	0.0000
ENSG00000221148.1	AC090679.1	snoRNA	0	0	0	0.0000	0.0000	0.0000
ENSG00000221164.1	SNORA11F	snoRNA	10	5	5	6.6344	1.9433	1.8713
ENSG00000221176.1	MIR1207	miRNA	0	0	0	0.0000	0.0000	0.0000
ENSG00000221184.1	AL513534.1	miRNA	4	1	3	3.5019	1.0258	0.9877
ENSG00000221187.1	MIR548M	miRNA	0	0	0	0.0000	0.0000	0.0000
ENSG00000221190.1	MIR1184-2	miRNA	0	0	0	0.0000	0.0000	0.0000
ENSG00000221200.1	MIR1253	miRNA	0	0	0	0.0000	0.0000	0.0000
ENSG00000221203.1	MIR1262	miRNA	0	0	0	0.0000	0.0000	0.0000
ENSG00000221206.1	RNU6ATAC15P	snRNA	0	0	0	0.0000	0.0000	0.0000
ENSG00000221214.1	MIR548E	miRNA	0	0	0	0.0000	0.0000	0.0000
ENSG00000221216.1	RNU6ATAC27P	snRNA	0	0	0	0.0000	0.0000	0.0000
ENSG00000221227.1	MIR1305	miRNA	0	0	0	0.0000	0.0000	0.0000
ENSG00000221230.1	MIR548L	miRNA	0	0	0	0.0000	0.0000	0.0000
ENSG00000221238.1	MIR1285-2	miRNA	0	0	0	0.0000	0.0000	0.0000
ENSG00000221240.1	MIR1258	miRNA	0	0	0	0.0000	0.0000	0.0000
ENSG00000221241.1	SNORD88A	snoRNA	0	0	0	0.0000	0.0000	0.0000
ENSG00000221245.1	AC080089.1	snoRNA	0	0	0	0.0000	0.0000	0.0000
ENSG00000221251.1	MIR1263	miRNA	0	0	0	0.0000	0.0000	0.0000
ENSG00000221255.1	RNU6ATAC37P	snRNA	0	0	0	0.0000	0.0000	0.0000
ENSG00000221261.1	MIR1208	miRNA	0	0	0	0.0000	0.0000	0.0000
ENSG00000221263.1	MIR548P	miRNA	0	0	0	0.0000	0.0000	0.0000
ENSG00000221264.1	MIR1284	miRNA	0	0	0	0.0000	0.0000	0.0000
ENSG00000221265.1	MIR1255A	miRNA	0	0	0	0.0000	0.0000	0.0000
ENSG00000221269.1	MIR1302-8	miRNA	0	0	0	0.0000	0.0000	0.0000
ENSG00000221273.1	MIR1237	miRNA	0	0	0	0.0000	0.0000	0.0000
ENSG00000221275.1	MIR548I2	miRNA	0	0	0	0.0000	0.0000	0.0000
ENSG00000221287.1	MIR1289-2	miRNA	0	0	0	0.0000	0.0000	0.0000
ENSG00000221288.1	MIR663B	miRNA	0	0	0	0.0000	0.0000	0.0000
ENSG00000221296.2	MIR548T	miRNA	0	0	0	0.0000	0.0000	0.0000
ENSG00000221300.1	AC025750.2	snoRNA	0	0	0	0.0000	0.0000	0.0000
ENSG00000221303.1	SNORA79	snoRNA	0	0	0	0.0000	0.0000	0.0000
ENSG00000221305.1	MIR548I3	miRNA	0	0	0	0.0000	0.0000	0.0000
ENSG00000221325.1	MIR1200	miRNA	0	0	0	0.0000	0.0000	0.0000
ENSG00000221331.1	MIR548Q	miRNA	0	0	0	0.0000	0.0000	0.0000
ENSG00000221332.2	U3	snoRNA	0	0	0	0.0000	0.0000	0.0000
ENSG00000221333.1	MIR548K	miRNA	0	0	0	0.0000	0.0000	0.0000
ENSG00000221340.1	RNU6ATAC18P	snRNA	0	0	0	0.0000	0.0000	0.0000
ENSG00000221345.2	U3	snoRNA	0	0	0	0.0000	0.0000	0.0000
ENSG00000221348.1	MIR548F5	miRNA	0	0	0	0.0000	0.0000	0.0000
ENSG00000221355.1	MIR1288	miRNA	0	0	0	0.0000	0.0000	0.0000
ENSG00000221363.1	RNU6ATAC20P	snRNA	0	0	0	0.0000	0.0000	0.0000
ENSG00000221365.1	MIR1228	miRNA	0	0	0	0.0000	0.0000	0.0000
ENSG00000221369.1	MIR548G	miRNA	0	0	0	0.0000	0.0000	0.0000
ENSG00000221371.1	MIR1265	miRNA	0	0	0	0.0000	0.0000	0.0000
ENSG00000221375.1	RNU6ATAC23P	snRNA	0	0	0	0.0000	0.0000	0.0000
ENSG00000221381.1	SNORD88B	snoRNA	0	0	0	0.0000	0.0000	0.0000
ENSG00000221387.1	RNU6ATAC8P	snRNA	0	0	0	0.0000	0.0000	0.0000
ENSG00000221390.1	MIR1295A	miRNA	0	0	0	0.0000	0.0000	0.0000
ENSG00000221393.1	MIR1302-6	miRNA	0	0	0	0.0000	0.0000	0.0000
ENSG00000221394.1	MIR1229	miRNA	0	0	0	0.0000	0.0000	0.0000
ENSG00000221398.1	AP000324.1	snoRNA	0	0	0	0.0000	0.0000	0.0000
ENSG00000221400.2	SNORD3J	snoRNA	0	0	0	0.0000	0.0000	0.0000
ENSG00000221406.1	MIR320B2	miRNA	1	0	1	0.6154	0.1803	0.1736
ENSG00000221410.1	MIR1238	miRNA	0	0	0	0.0000	0.0000	0.0000
ENSG00000221411.1	MIR1227	miRNA	0	0	0	0.0000	0.0000	0.0000
ENSG00000221420.2	SNORA81	snoRNA	0	0	0	0.0000	0.0000	0.0000
ENSG00000221421.1	MIR1283-1	miRNA	0	0	0	0.0000	0.0000	0.0000
ENSG00000221430.1	MIR1294	miRNA	0	0	0	0.0000	0.0000	0.0000
ENSG00000221436.1	MIR548F3	miRNA	0	0	0	0.0000	0.0000	0.0000
ENSG00000221439.1	RNU4ATAC16P	snRNA	0	0	0	0.0000	0.0000	0.0000
ENSG00000221440.1	RNU6ATAC31P	snRNA	0	0	0	0.0000	0.0000	0.0000
ENSG00000221442.1	MIR548F4	miRNA	0	0	0	0.0000	0.0000	0.0000
ENSG00000221445.3	MIR1301	miRNA	0	0	0	0.0000	0.0000	0.0000
ENSG00000221455.2	U3	snoRNA	0	0	0	0.0000	0.0000	0.0000
ENSG00000221456.1	MIR1202	miRNA	0	0	0	0.0000	0.0000	0.0000
ENSG00000221459.1	SNORA11C	snoRNA	0	0	0	0.0000	0.0000	0.0000
ENSG00000221461.2	U3	snoRNA	0	0	1	0.0000	0.0000	0.0000
ENSG00000221463.3	MIR1277	miRNA	0	0	0	0.0000	0.0000	0.0000
ENSG00000221464.1	MIR1271	miRNA	0	0	0	0.0000	0.0000	0.0000
ENSG00000221466.2	MIR548AJ2	miRNA	0	0	0	0.0000	0.0000	0.0000
ENSG00000221468.1	RNU6ATAC11P	snRNA	0	0	0	0.0000	0.0000	0.0000
ENSG00000221475.1	SNORA11D	snoRNA	0	0	0	0.0000	0.0000	0.0000
ENSG00000221476.2	MIR1827	miRNA	0	0	0	0.0000	0.0000	0.0000
ENSG00000221479.3	MIR1251	miRNA	0	0	0	0.0000	0.0000	0.0000
ENSG00000221491.2	SNORA2C	snoRNA	1	0	1	0.6199	0.1816	0.1748
ENSG00000221493.1	MIR320C1	miRNA	0	0	0	0.0000	0.0000	0.0000
ENSG00000221494.1	MIR548I4	miRNA	0	0	0	0.0000	0.0000	0.0000
ENSG00000221496.2	U3	snoRNA	0	0	0	0.0000	0.0000	0.0000
ENSG00000221498.1	AC064871.1	snoRNA	0	0	0	0.0000	0.0000	0.0000
ENSG00000221500.1	SNORD100	snoRNA	2	1	1	2.2347	0.6546	0.6303
ENSG00000221502.1	MIR1245A	miRNA	0	0	0	0.0000	0.0000	0.0000
ENSG00000221507.1	RNU6ATAC40P	snRNA	0	0	0	0.0000	0.0000	0.0000
ENSG00000221510.1	MIR548O	miRNA	0	0	0	0.0000	0.0000	0.0000
ENSG00000221514.1	SNORD111B	snoRNA	0	0	0	0.0000	0.0000	0.0000
ENSG00000221518.1	RNU6ATAC16P	snRNA	1	1	0	0.6154	0.1803	0.1736
ENSG00000221520.1	MIR1285-1	miRNA	1	1	0	1.0110	0.2961	0.2851
ENSG00000221525.1	MIR1185-1	miRNA	0	0	0	0.0000	0.0000	0.0000
ENSG00000221527.1	RNU6ATAC41P	snRNA	0	0	0	0.0000	0.0000	0.0000
ENSG00000221533.1	MIR1184-1	miRNA	0	72	56	0.0000	0.0000	0.0000
ENSG00000221537.1	MIR548H1	miRNA	0	0	0	0.0000	0.0000	0.0000
ENSG00000221539.1	SNORD99	snoRNA	5	4	1	5.7379	1.6807	1.6184
ENSG00000221540.1	MIR1180	miRNA	0	0	0	0.0000	0.0000	0.0000
ENSG00000221545.1	MIR1255B2	miRNA	0	0	0	0.0000	0.0000	0.0000
ENSG00000221548.1	MIR1283-2	miRNA	0	0	0	0.0000	0.0000	0.0000
ENSG00000221552.1	MIR1303	miRNA	0	0	0	0.0000	0.0000	0.0000
ENSG00000221562.1	RNU6ATAC10P	snRNA	1	1	0	0.7650	0.2241	0.2158
ENSG00000221563.1	MIR1269A	miRNA	0	0	0	0.0000	0.0000	0.0000
ENSG00000221564.1	RNU6ATAC42P	snRNA	0	0	0	0.0000	0.0000	0.0000
ENSG00000221571.3	RNU6ATAC35P	lncRNA	0	0	0	0.0000	0.0000	0.0000
ENSG00000221574.1	RNU6ATAC33P	snRNA	0	0	0	0.0000	0.0000	0.0000
ENSG00000221583.1	RNU6ATAC21P	snRNA	0	0	0	0.0000	0.0000	0.0000
ENSG00000221585.1	MIR1226	miRNA	0	0	0	0.0000	0.0000	0.0000
ENSG00000221586.1	MIR1261	miRNA	0	0	0	0.0000	0.0000	0.0000
ENSG00000221594.1	MIR548F1	miRNA	0	0	0	0.0000	0.0000	0.0000
ENSG00000221598.3	MIR1249	miRNA	1	0	1	1.2867	0.3769	0.3629
ENSG00000221601.1	RNU4ATAC2P	snRNA	0	0	0	0.0000	0.0000	0.0000
ENSG00000221603.1	MIR1184-3	miRNA	0	1	1	0.0000	0.0000	0.0000
ENSG00000221604.1	MIR1293	miRNA	0	0	0	0.0000	0.0000	0.0000
ENSG00000221611.1	AC007688.1	snoRNA	0	0	0	0.0000	0.0000	0.0000
ENSG00000221614.1	MIR1185-2	miRNA	0	0	0	0.0000	0.0000	0.0000
ENSG00000221616.1	MIR548H4	miRNA	0	0	0	0.0000	0.0000	0.0000
ENSG00000221628.1	MIR1302-4	miRNA	0	0	0	0.0000	0.0000	0.0000
ENSG00000221630.3	MIR1179	miRNA	0	0	0	0.0000	0.0000	0.0000
ENSG00000221633.2	U3	snoRNA	0	0	0	0.0000	0.0000	0.0000
ENSG00000221634.1	MIR1276	miRNA	0	0	0	0.0000	0.0000	0.0000
ENSG00000221638.2	U3	snoRNA	0	0	0	0.0000	0.0000	0.0000
ENSG00000221639.1	AC053527.1	snoRNA	1	0	1	0.6794	0.1990	0.1916
ENSG00000221641.1	MIR1268A	miRNA	0	0	0	0.0000	0.0000	0.0000
ENSG00000221643.1	SNORA77	snoRNA	2	0	2	1.3587	0.3980	0.3832
ENSG00000221649.1	MIR1233-1	miRNA	0	0	0	0.0000	0.0000	0.0000
ENSG00000221650.1	MIR1267	miRNA	0	0	0	0.0000	0.0000	0.0000
ENSG00000221656.1	MIR1225	miRNA	0	0	0	0.0000	0.0000	0.0000
ENSG00000221662.1	MIR1290	miRNA	0	0	0	0.0000	0.0000	0.0000
ENSG00000221669.1	MIR548N	miRNA	0	0	0	0.0000	0.0000	0.0000
ENSG00000221673.2	U3	snoRNA	0	0	0	0.0000	0.0000	0.0000
ENSG00000221676.1	RNU6ATAC	snRNA	0	0	0	0.0000	0.0000	0.0000
ENSG00000221680.1	MIR1278	miRNA	0	0	0	0.0000	0.0000	0.0000
ENSG00000221697.1	MIR1275	miRNA	0	0	0	0.0000	0.0000	0.0000
ENSG00000221698.1	MIR548H3	miRNA	0	0	0	0.0000	0.0000	0.0000
ENSG00000221703.1	MIR302E	miRNA	0	0	0	0.0000	0.0000	0.0000
ENSG00000221705.1	SNORA11E	snoRNA	0	0	0	0.0000	0.0000	0.0000
ENSG00000221710.1	MIR1298	miRNA	0	0	0	0.0000	0.0000	0.0000
ENSG00000221711.1	AC104701.1	snoRNA	0	0	0	0.0000	0.0000	0.0000
ENSG00000221716.1	SNORA11	snoRNA	3	2	1	1.9903	0.5830	0.5614
ENSG00000221719.1	SNORA3C	snoRNA	0	0	0	0.0000	0.0000	0.0000
ENSG00000221725.1	RNU6ATAC25P	snRNA	0	0	0	0.0000	0.0000	0.0000
ENSG00000221737.1	MIR548I1	miRNA	0	0	0	0.0000	0.0000	0.0000
ENSG00000221739.1	MIR1203	miRNA	0	0	0	0.0000	0.0000	0.0000
ENSG00000221740.1	SNORD93	snoRNA	0	0	0	0.0000	0.0000	0.0000
ENSG00000221745.3	MIR1197	miRNA	0	0	0	0.0000	0.0000	0.0000
ENSG00000221750.1	SNORA11G	snoRNA	0	0	0	0.0000	0.0000	0.0000
ENSG00000221753.1	AC021590.1	miRNA	0	0	0	0.0000	0.0000	0.0000
ENSG00000221754.1	MIR1260A	miRNA	0	0	0	0.0000	0.0000	0.0000
ENSG00000221760.1	MIR548J	miRNA	0	0	0	0.0000	0.0000	0.0000
ENSG00000221763.1	MIR1289-1	miRNA	0	0	0	0.0000	0.0000	0.0000
ENSG00000221768.2	MIR1302-7	miRNA	0	0	0	0.0000	0.0000	0.0000
ENSG00000221771.1	MIR1205	miRNA	0	0	0	0.0000	0.0000	0.0000
ENSG00000221782.1	MIR548F2	miRNA	0	0	0	0.0000	0.0000	0.0000
ENSG00000221783.1	MIR1183	miRNA	0	0	0	0.0000	0.0000	0.0000
ENSG00000221788.1	MIR1252	miRNA	0	0	0	0.0000	0.0000	0.0000
ENSG00000221792.1	MIR1282	miRNA	0	3923	3335	0.0000	0.0000	0.0000
ENSG00000221801.1	MIR548H2	miRNA	0	0	0	0.0000	0.0000	0.0000
ENSG00000221803.1	SNORD23	snoRNA	0	0	0	0.0000	0.0000	0.0000
ENSG00000221806.1	RNU6ATAC34P	snRNA	0	0	0	0.0000	0.0000	0.0000
ENSG00000221808.1	MIR1256	miRNA	0	0	0	0.0000	0.0000	0.0000
ENSG00000221813.4	OR6B1	protein_coding	0	0	0	0.0000	0.0000	0.0000
ENSG00000221817.10	PPP3CB-AS1	lncRNA	72	887	864	1.0600	0.3105	0.2990
ENSG00000221818.9	EBF2	protein_coding	97	43	55	1.1605	0.3399	0.3273
ENSG00000221819.6	GAS8-AS1	lncRNA	1	2	0	0.0854	0.0250	0.0241
ENSG00000221821.4	C6orf226	protein_coding	94	46	48	14.3313	4.1979	4.0422
ENSG00000221823.11	PPP3R1	protein_coding	1749	1555	1502	44.1516	12.9327	12.4532
ENSG00000221826.10	PSG3	protein_coding	0	0	0	0.0000	0.0000	0.0000
ENSG00000221829.10	FANCG	protein_coding	10	6	4	0.2399	0.0703	0.0677
ENSG00000221836.3	OR2A5	protein_coding	0	0	0	0.0000	0.0000	0.0000
ENSG00000221837.6	KRTAP10-9	protein_coding	0	0	0	0.0000	0.0000	0.0000
ENSG00000221838.10	AP4M1	protein_coding	676	1474	1541	12.1572	3.5610	3.4290
ENSG00000221840.4	OR4A5	protein_coding	0	0	0	0.0000	0.0000	0.0000
ENSG00000221843.4	C2orf16	protein_coding	41	20	21	0.2123	0.0622	0.0599
ENSG00000221844.2	DPP3P2	processed_pseudogene	0	1	0	0.0000	0.0000	0.0000
ENSG00000221845.4	C7orf65	lncRNA	10	7	3	0.2917	0.0855	0.0823
ENSG00000221849.2	AC018880.1	processed_pseudogene	0	0	0	0.0000	0.0000	0.0000
ENSG00000221852.5	KRTAP1-5	protein_coding	0	0	0	0.0000	0.0000	0.0000
ENSG00000221855.1	TAS2R41	protein_coding	0	0	0	0.0000	0.0000	0.0000
ENSG00000221857.7	AC020907.2	lncRNA	0	0	0	0.0000	0.0000	0.0000
ENSG00000221858.3	OR2A12	protein_coding	0	0	0	0.0000	0.0000	0.0000
ENSG00000221859.2	KRTAP10-10	protein_coding	0	0	0	0.0000	0.0000	0.0000
ENSG00000221864.4	KRTAP12-2	protein_coding	0	0	0	0.0000	0.0000	0.0000
ENSG00000221866.9	PLXNA4	protein_coding	54	31	23	0.2801	0.0820	0.0790
ENSG00000221867.9	MAGEA3	protein_coding	214	107	107	10.2498	3.0023	2.8910
ENSG00000221869.5	CEBPD	protein_coding	388	192	196	26.3172	7.7087	7.4229
ENSG00000221874.4	ZNF816-ZNF321P	protein_coding	0	0	0	0.0000	0.0000	0.0000
ENSG00000221878.13	PSG7	protein_coding	0	0	0	0.0000	0.0000	0.0000
ENSG00000221879.3	MRPS21P3	processed_pseudogene	0	0	0	0.0000	0.0000	0.0000
ENSG00000221880.4	KRTAP1-3	protein_coding	0	0	0	0.0000	0.0000	0.0000
ENSG00000221882.3	OR3A2	protein_coding	0	0	0	0.0000	0.0000	0.0000
ENSG00000221883.4	ARIH2OS	lncRNA	17	8	10	1.3855	0.4058	0.3908
ENSG00000221886.4	ZBED8	protein_coding	263	132	131	7.7495	2.2700	2.1858
ENSG00000221887.6	HMSD	protein_coding	0	0	0	0.0000	0.0000	0.0000
ENSG00000221888.4	OR1C1	protein_coding	0	0	0	0.0000	0.0000	0.0000
ENSG00000221890.6	NPTXR	protein_coding	6276	3170	3109	91.4169	26.7775	25.7847
ENSG00000221891.2	FAM218BP	processed_pseudogene	0	0	0	0.0000	0.0000	0.0000
ENSG00000221900.6	POM121L12	protein_coding	0	0	0	0.0000	0.0000	0.0000
ENSG00000221909.3	FAM200A	protein_coding	389	187	209	12.2122	3.5772	3.4445
ENSG00000221910.2	OR2F2	protein_coding	0	0	0	0.0000	0.0000	0.0000
ENSG00000221914.11	PPP2R2A	protein_coding	4347	2109	2238	42.0587	12.3197	11.8629
ENSG00000221916.4	C19orf73	protein_coding	18	13	15	2.0601	0.6034	0.5811
ENSG00000221923.9	ZNF880	protein_coding	72	33	39	1.6441	0.4816	0.4637
ENSG00000221926.13	TRIM16	protein_coding	122	59	64	1.8369	0.5381	0.5181
ENSG00000221930.6	DENND10P1	transcribed_processed_pseudogene	13	5	8	0.6798	0.1991	0.1917
ENSG00000221931.2	OR6X1	protein_coding	1	1	0	0.0803	0.0235	0.0226
ENSG00000221932.6	HEPN1	protein_coding	0	0	0	0.0000	0.0000	0.0000
ENSG00000221933.3	OR2A25	protein_coding	0	0	0	0.0000	0.0000	0.0000
ENSG00000221937.4	TAS2R40	protein_coding	0	0	0	0.0000	0.0000	0.0000
ENSG00000221938.5	OR2A14	protein_coding	0	0	0	0.0000	0.0000	0.0000
ENSG00000221944.9	TIGD1	protein_coding	99	51	52	1.2595	0.3689	0.3552
ENSG00000221946.8	FXYD7	protein_coding	449	214	235	21.2301	6.2186	5.9881
ENSG00000221947.8	XKR9	protein_coding	23	7	16	0.4969	0.1455	0.1401
ENSG00000221949.6	LINC01465	lncRNA	10	2	8	0.4377	0.1282	0.1235
ENSG00000221953.5	C1orf229	lncRNA	4	1	4	0.1504	0.0441	0.0424
ENSG00000221954.2	OR4C12	protein_coding	0	0	0	0.0000	0.0000	0.0000
ENSG00000221955.11	SLC12A8	protein_coding	169	84	85	2.5692	0.7526	0.7247
ENSG00000221957.8	KIR2DS4	polymorphic_pseudogene	2	1	1	0.1056	0.0309	0.0298
ENSG00000221962.5	TMEM14EP	transcribed_processed_pseudogene	3	2	1	0.1966	0.0576	0.0554
ENSG00000221963.6	APOL6	protein_coding	9072	4581	4491	76.5423	22.4204	21.5892
ENSG00000221968.9	FADS3	protein_coding	3366	1705	1662	45.4150	13.3028	12.8096
ENSG00000221970.2	OR2A1	protein_coding	0	0	0	0.0000	0.0000	0.0000
ENSG00000221971.3	TTC4P1	processed_pseudogene	1	1	1	0.0733	0.0215	0.0207
ENSG00000221977.2	OR4E2	protein_coding	0	0	0	0.0000	0.0000	0.0000
ENSG00000221978.12	CCNL2	protein_coding	1310	641	670	16.2237	4.7522	4.5760
ENSG00000221983.8	UBA52	protein_coding	13591	6835	6915	268.0339	78.5113	75.6005
ENSG00000221986.7	MYBPHL	protein_coding	1	1	0	0.0483	0.0141	0.0136
ENSG00000221988.13	PPT2	protein_coding	432	224	213	12.4866	3.6575	3.5219
ENSG00000221989.2	OR2A2	protein_coding	0	0	0	0.0000	0.0000	0.0000
ENSG00000221990.4	EXOC3-AS1	lncRNA	222	111	112	11.3363	3.3206	3.1975
ENSG00000221994.12	ZNF630	protein_coding	163	94	101	3.1894	0.9342	0.8996
ENSG00000221995.5	TIAF1	protein_coding	69	35	35	1.0979	0.3216	0.3097
ENSG00000221996.6	OR52B4	protein_coding	0	0	0	0.0000	0.0000	0.0000
ENSG00000222000.7	AC092675.1	lncRNA	0	0	0	0.0000	0.0000	0.0000
ENSG00000222001.2	AC106876.1	lncRNA	0	0	0	0.0000	0.0000	0.0000
ENSG00000222004.7	LINC02860	lncRNA	0	0	0	0.0000	0.0000	0.0000
ENSG00000222005.9	LINC01118	lncRNA	2	1	1	0.0505	0.0148	0.0143
ENSG00000222007.6	AC064874.1	lncRNA	0	0	0	0.0000	0.0000	0.0000
ENSG00000222009.8	BTBD19	protein_coding	1025	514	513	24.7283	7.2433	6.9747
ENSG00000222011.9	FAM185A	protein_coding	160	73	87	4.9788	1.4584	1.4043
ENSG00000222012.1	AC005481.1	lncRNA	0	0	0	0.0000	0.0000	0.0000
ENSG00000222014.6	RAB6C	protein_coding	4	5	5	0.1105	0.0324	0.0312
ENSG00000222017.1	AC011997.1	lncRNA	0	0	0	0.0000	0.0000	0.0000
ENSG00000222018.2	FAM243A	protein_coding	0	0	0	0.0000	0.0000	0.0000
ENSG00000222019.7	URAHP	transcribed_unprocessed_pseudogene	7	359	367	0.2540	0.0744	0.0717
ENSG00000222020.3	HDAC4-AS1	lncRNA	22	12	11	3.0477	0.8927	0.8596
ENSG00000222022.1	AC112721.1	lncRNA	0	0	0	0.0000	0.0000	0.0000
ENSG00000222024.2	AC004945.1	processed_pseudogene	0	0	0	0.0000	0.0000	0.0000
ENSG00000222028.5	PSMB11	protein_coding	0	0	0	0.0000	0.0000	0.0000
ENSG00000222030.1	LINC01793	lncRNA	0	0	0	0.0000	0.0000	0.0000
ENSG00000222031.1	AC023469.1	lncRNA	4	2	2	0.7243	0.2121	0.2043
ENSG00000222032.1	AC112721.2	lncRNA	4	2	2	0.6279	0.1839	0.1771
ENSG00000222033.1	LINC01124	lncRNA	54	28	26	2.1661	0.6345	0.6110
ENSG00000222035.4	KIAA2012-AS1	lncRNA	2	0	2	0.0503	0.0147	0.0142
ENSG00000222036.8	POTEM	protein_coding	11	4	10	0.1340	0.0393	0.0378
ENSG00000222037.5	IGLC6	IG_C_pseudogene	7	1	6	1.8752	0.5493	0.5289
ENSG00000222038.4	POTEJ	protein_coding	7	3	5	0.1764	0.0517	0.0498
ENSG00000222041.11	CYTOR	lncRNA	105	62	46	0.5040	0.1476	0.1421
ENSG00000222042.2	AP001341.1	lncRNA	0	2	6	0.0000	0.0000	0.0000
ENSG00000222043.2	AC079305.1	lncRNA	7	111	109	1.1913	0.3489	0.3360
ENSG00000222044.1	AL031587.1	lncRNA	66	32	35	5.3126	1.5561	1.4984
ENSG00000222046.2	DCDC2B	protein_coding	0	16	9	0.0000	0.0000	0.0000
ENSG00000222047.9	C10orf55	lncRNA	4	274	266	0.1352	0.0396	0.0381
ENSG00000222051.1	RNU6-1165P	snRNA	0	0	0	0.0000	0.0000	0.0000
ENSG00000222054.1	RNA5SP177	rRNA_pseudogene	0	0	0	0.0000	0.0000	0.0000
ENSG00000222057.1	RNU4-62P	snRNA	3	1	2	1.9597	0.5740	0.5527
ENSG00000222067.1	RNU4-86P	snRNA	0	0	0	0.0000	0.0000	0.0000
ENSG00000222068.1	RN7SKP154	misc_RNA	1	1	0	0.2928	0.0858	0.0826
ENSG00000222069.1	RN7SKP285	misc_RNA	1	0	1	0.2670	0.0782	0.0753
ENSG00000222071.1	MIR1915	miRNA	0	0	0	0.0000	0.0000	0.0000
ENSG00000222072.1	Y_RNA	misc_RNA	0	0	0	0.0000	0.0000	0.0000
ENSG00000222076.1	RNU2-3P	snRNA	0	0	0	0.0000	0.0000	0.0000
ENSG00000222078.1	RN7SKP110	misc_RNA	0	0	0	0.0000	0.0000	0.0000
ENSG00000222087.1	RNU6-721P	snRNA	0	0	0	0.0000	0.0000	0.0000
ENSG00000222092.1	RNU6-908P	snRNA	0	0	0	0.0000	0.0000	0.0000
ENSG00000222094.1	RNU2-65P	snRNA	0	0	0	0.0000	0.0000	0.0000
ENSG00000222095.1	AL132709.5	snoRNA	0	0	0	0.0000	0.0000	0.0000
ENSG00000222099.1	RN7SKP32	misc_RNA	0	0	0	0.0000	0.0000	0.0000
ENSG00000222102.1	RN7SKP232	misc_RNA	1	0	1	0.2928	0.0858	0.0826
ENSG00000222107.1	RN7SKP117	misc_RNA	0	0	0	0.0000	0.0000	0.0000
ENSG00000222108.1	RNA5SP317	rRNA_pseudogene	1	0	1	0.7321	0.2144	0.2065
ENSG00000222111.1	RN7SKP148	misc_RNA	0	0	0	0.0000	0.0000	0.0000
ENSG00000222112.1	RN7SKP16	misc_RNA	1	1	0	0.2840	0.0832	0.0801
ENSG00000222114.1	RNU6-985P	snRNA	0	0	0	0.0000	0.0000	0.0000
ENSG00000222118.1	RNA5SP487	rRNA_pseudogene	0	0	0	0.0000	0.0000	0.0000
ENSG00000222122.1	RNU6-648P	snRNA	0	0	0	0.0000	0.0000	0.0000
ENSG00000222123.1	RNA5SP390	rRNA_pseudogene	0	0	0	0.0000	0.0000	0.0000
ENSG00000222126.1	RNU2-9P	snRNA	0	0	0	0.0000	0.0000	0.0000
ENSG00000222129.1	RNA5SP36	rRNA_pseudogene	0	0	0	0.0000	0.0000	0.0000
ENSG00000222139.1	RNU6-380P	snRNA	0	0	0	0.0000	0.0000	0.0000
ENSG00000222145.1	SNORA73	snoRNA	0	0	0	0.0000	0.0000	0.0000
ENSG00000222146.1	RNU4-37P	snRNA	0	0	0	0.0000	0.0000	0.0000
ENSG00000222148.1	RNY4P30	misc_RNA	0	0	0	0.0000	0.0000	0.0000
ENSG00000222150.1	RNA5SP239	rRNA_pseudogene	0	0	0	0.0000	0.0000	0.0000
ENSG00000222154.1	RN7SKP218	misc_RNA	0	0	0	0.0000	0.0000	0.0000
ENSG00000222160.1	Y_RNA	misc_RNA	0	0	0	0.0000	0.0000	0.0000
ENSG00000222162.1	RN7SKP151	misc_RNA	0	0	0	0.0000	0.0000	0.0000
ENSG00000222164.1	RN7SKP266	misc_RNA	0	0	0	0.0000	0.0000	0.0000
ENSG00000222170.1	RNU6-257P	snRNA	0	0	0	0.0000	0.0000	0.0000
ENSG00000222174.1	RN7SKP146	misc_RNA	0	0	0	0.0000	0.0000	0.0000
ENSG00000222177.1	RNU4-30P	snRNA	0	0	0	0.0000	0.0000	0.0000
ENSG00000222178.1	RNA5SP181	rRNA_pseudogene	0	0	0	0.0000	0.0000	0.0000
ENSG00000222179.1	RN7SKP26	misc_RNA	0	0	0	0.0000	0.0000	0.0000
ENSG00000222182.1	RNA5SP156	rRNA_pseudogene	0	0	0	0.0000	0.0000	0.0000
ENSG00000222185.1	AL132709.6	snoRNA	0	0	0	0.0000	0.0000	0.0000
ENSG00000222202.1	RNU4-26P	snRNA	0	0	0	0.0000	0.0000	0.0000
ENSG00000222205.1	RNA5SP266	rRNA_pseudogene	0	0	0	0.0000	0.0000	0.0000
ENSG00000222206.1	Y_RNA	misc_RNA	0	0	0	0.0000	0.0000	0.0000
ENSG00000222207.1	RNA5SP407	rRNA_pseudogene	0	0	0	0.0000	0.0000	0.0000
ENSG00000222208.1	RNA5SP129	rRNA_pseudogene	0	0	0	0.0000	0.0000	0.0000
ENSG00000222209.1	RNA5SP56	rRNA_pseudogene	0	0	0	0.0000	0.0000	0.0000
ENSG00000222210.1	RN7SKP65	misc_RNA	0	0	0	0.0000	0.0000	0.0000
ENSG00000222213.1	RNU6-588P	snRNA	0	0	0	0.0000	0.0000	0.0000
ENSG00000222220.1	RN7SKP129	misc_RNA	0	0	0	0.0000	0.0000	0.0000
ENSG00000222222.1	RNU2-17P	snRNA	1	0	1	0.4469	0.1309	0.1261
ENSG00000222224.1	Y_RNA	misc_RNA	0	0	0	0.0000	0.0000	0.0000
ENSG00000222225.1	RNU6-447P	snRNA	0	0	0	0.0000	0.0000	0.0000
ENSG00000222230.1	RNA5SP158	rRNA_pseudogene	0	0	0	0.0000	0.0000	0.0000
ENSG00000222231.1	RNU2-54P	snRNA	0	0	0	0.0000	0.0000	0.0000
ENSG00000222232.1	RNA5SP89	rRNA_pseudogene	0	0	0	0.0000	0.0000	0.0000
ENSG00000222236.1	RNA5SP163	rRNA_pseudogene	0	0	0	0.0000	0.0000	0.0000
ENSG00000222238.1	RNU2-43P	snRNA	0	0	0	0.0000	0.0000	0.0000
ENSG00000222240.1	RN7SKP156	misc_RNA	0	0	0	0.0000	0.0000	0.0000
ENSG00000222244.1	RNA5SP431	rRNA_pseudogene	0	0	0	0.0000	0.0000	0.0000
ENSG00000222246.1	MIR1471	miRNA	0	0	0	0.0000	0.0000	0.0000
ENSG00000222248.1	RNA5SP201	rRNA_pseudogene	0	0	0	0.0000	0.0000	0.0000
ENSG00000222249.1	RNU6-262P	snRNA	0	0	0	0.0000	0.0000	0.0000
ENSG00000222251.1	RNA5SP95	rRNA_pseudogene	0	0	0	0.0000	0.0000	0.0000
ENSG00000222255.1	RNU6-101P	snRNA	1	0	1	0.8165	0.2392	0.2303
ENSG00000222257.1	RN7SKP199	misc_RNA	0	0	0	0.0000	0.0000	0.0000
ENSG00000222259.1	RN7SKP114	misc_RNA	0	0	0	0.0000	0.0000	0.0000
ENSG00000222266.1	RNU6-757P	snRNA	0	0	0	0.0000	0.0000	0.0000
ENSG00000222267.1	RNU6-892P	snRNA	0	0	0	0.0000	0.0000	0.0000
ENSG00000222268.1	RNA5SP425	rRNA_pseudogene	0	0	0	0.0000	0.0000	0.0000
ENSG00000222276.1	RNU2-33P	snRNA	0	0	0	0.0000	0.0000	0.0000
ENSG00000222281.1	RN7SKP111	misc_RNA	0	0	0	0.0000	0.0000	0.0000
ENSG00000222282.1	RNU6-584P	snRNA	0	0	0	0.0000	0.0000	0.0000
ENSG00000222285.1	RNA5SP193	rRNA_pseudogene	0	0	0	0.0000	0.0000	0.0000
ENSG00000222287.1	RNU6-1043P	snRNA	0	0	0	0.0000	0.0000	0.0000
ENSG00000222293.1	RNU2-36P	snRNA	0	0	0	0.0000	0.0000	0.0000
ENSG00000222297.1	RNU6-1156P	snRNA	0	0	0	0.0000	0.0000	0.0000
ENSG00000222300.1	RNU2-21P	snRNA	0	0	0	0.0000	0.0000	0.0000
ENSG00000222302.1	RNA5SP371	rRNA_pseudogene	0	0	0	0.0000	0.0000	0.0000
ENSG00000222303.1	RNU6-935P	snRNA	0	0	0	0.0000	0.0000	0.0000
ENSG00000222305.1	Y_RNA	misc_RNA	0	0	0	0.0000	0.0000	0.0000
ENSG00000222308.1	RNA5SP198	rRNA_pseudogene	0	0	0	0.0000	0.0000	0.0000
ENSG00000222312.1	RNA5SP178	rRNA_pseudogene	0	0	0	0.0000	0.0000	0.0000
ENSG00000222313.1	RN7SKP267	misc_RNA	0	0	0	0.0000	0.0000	0.0000
ENSG00000222314.1	RNU6-1118P	snRNA	0	0	0	0.0000	0.0000	0.0000
ENSG00000222317.1	RNA5SP118	rRNA_pseudogene	0	0	0	0.0000	0.0000	0.0000
ENSG00000222320.1	RNU6-1050P	snRNA	0	0	0	0.0000	0.0000	0.0000
ENSG00000222321.1	MIR1912	miRNA	0	0	0	0.0000	0.0000	0.0000
ENSG00000222327.1	RNU6-855P	snRNA	0	0	0	0.0000	0.0000	0.0000
ENSG00000222328.1	RNU2-2P	snRNA	0	0	0	0.0000	0.0000	0.0000
ENSG00000222329.1	RNU6-1076P	snRNA	0	0	0	0.0000	0.0000	0.0000
ENSG00000222335.1	Y_RNA	misc_RNA	0	0	0	0.0000	0.0000	0.0000
ENSG00000222337.1	RN7SKP225	misc_RNA	0	0	0	0.0000	0.0000	0.0000
ENSG00000222338.1	RNU6-174P	snRNA	0	0	0	0.0000	0.0000	0.0000
ENSG00000222343.1	RN7SKP139	misc_RNA	0	0	0	0.0000	0.0000	0.0000
ENSG00000222344.1	RNU6-613P	snRNA	0	0	0	0.0000	0.0000	0.0000
ENSG00000222345.1	SNORD19C	snoRNA	1	1	0	1.1174	0.3273	0.3152
ENSG00000222346.1	RNA5SP237	rRNA_pseudogene	0	0	0	0.0000	0.0000	0.0000
ENSG00000222351.1	RNY1P15	misc_RNA	0	0	0	0.0000	0.0000	0.0000
ENSG00000222352.1	RN7SKP221	misc_RNA	3	0	3	0.8464	0.2479	0.2387
ENSG00000222355.1	RNU2-29P	snRNA	0	0	0	0.0000	0.0000	0.0000
ENSG00000222356.1	RNU6-710P	snRNA	0	0	0	0.0000	0.0000	0.0000
ENSG00000222357.1	RNU2-20P	snRNA	0	0	0	0.0000	0.0000	0.0000
ENSG00000222359.1	RNU6-355P	snRNA	0	0	0	0.0000	0.0000	0.0000
ENSG00000222361.1	RNU6-1186P	snRNA	0	0	0	0.0000	0.0000	0.0000
ENSG00000222363.1	RNU4-34P	snRNA	0	0	0	0.0000	0.0000	0.0000
ENSG00000222365.1	SNORD12B	snoRNA	0	0	0	0.0000	0.0000	0.0000
ENSG00000222370.1	SNORA36B	snoRNA	0	0	0	0.0000	0.0000	0.0000
ENSG00000222371.1	RN7SKP202	misc_RNA	0	0	0	0.0000	0.0000	0.0000
ENSG00000222375.1	RN7SKP127	misc_RNA	0	0	0	0.0000	0.0000	0.0000
ENSG00000222376.1	RN7SKP152	misc_RNA	0	0	0	0.0000	0.0000	0.0000
ENSG00000222378.1	RNA5SP44	rRNA_pseudogene	0	0	0	0.0000	0.0000	0.0000
ENSG00000222383.1	RNA5SP203	rRNA_pseudogene	3	0	3	1.8732	0.5487	0.5284
ENSG00000222385.1	RN7SKP158	misc_RNA	0	0	0	0.0000	0.0000	0.0000
ENSG00000222386.1	RN7SKP86	misc_RNA	0	0	0	0.0000	0.0000	0.0000
ENSG00000222389.1	RNU2-28P	snRNA	1	1	0	0.4493	0.1316	0.1267
ENSG00000222394.2	Y_RNA	misc_RNA	0	0	0	0.0000	0.0000	0.0000
ENSG00000222395.2	Y_RNA	misc_RNA	0	0	0	0.0000	0.0000	0.0000
ENSG00000222397.1	RN7SKP229	misc_RNA	0	0	0	0.0000	0.0000	0.0000
ENSG00000222398.1	RNU6-554P	snRNA	0	0	0	0.0000	0.0000	0.0000
ENSG00000222399.1	RNU6-791P	snRNA	0	0	0	0.0000	0.0000	0.0000
ENSG00000222404.1	RN7SKP281	misc_RNA	0	0	0	0.0000	0.0000	0.0000
ENSG00000222405.1	RNU4-65P	snRNA	0	0	0	0.0000	0.0000	0.0000
ENSG00000222407.1	RNA5SP80	rRNA_pseudogene	0	0	0	0.0000	0.0000	0.0000
ENSG00000222412.1	Y_RNA	misc_RNA	0	0	0	0.0000	0.0000	0.0000
ENSG00000222413.1	RN7SKP125	misc_RNA	0	0	0	0.0000	0.0000	0.0000
ENSG00000222414.1	RNU2-59P	snRNA	0	0	0	0.0000	0.0000	0.0000
ENSG00000222416.1	RNA5SP274	rRNA_pseudogene	0	0	0	0.0000	0.0000	0.0000
ENSG00000222418.1	RNA5SP113	rRNA_pseudogene	0	0	0	0.0000	0.0000	0.0000
ENSG00000222419.1	RNA5SP511	rRNA_pseudogene	0	0	0	0.0000	0.0000	0.0000
ENSG00000222421.1	Y_RNA	misc_RNA	0	0	0	0.0000	0.0000	0.0000
ENSG00000222426.1	RNU2-50P	snRNA	0	0	0	0.0000	0.0000	0.0000
ENSG00000222427.1	RNA5SP338	rRNA_pseudogene	0	0	0	0.0000	0.0000	0.0000
ENSG00000222428.1	RNA5SP231	rRNA_pseudogene	0	0	0	0.0000	0.0000	0.0000
ENSG00000222429.1	RNU6-955P	snRNA	0	0	0	0.0000	0.0000	0.0000
ENSG00000222430.1	Y_RNA	misc_RNA	0	0	0	0.0000	0.0000	0.0000
ENSG00000222431.1	RNU6-141P	snRNA	0	0	0	0.0000	0.0000	0.0000
ENSG00000222432.1	Y_RNA	misc_RNA	0	0	0	0.0000	0.0000	0.0000
ENSG00000222436.1	RN7SKP278	misc_RNA	0	0	0	0.0000	0.0000	0.0000
ENSG00000222438.1	RNU6-1077P	snRNA	0	0	0	0.0000	0.0000	0.0000
ENSG00000222439.1	RNU6-994P	snRNA	0	0	0	0.0000	0.0000	0.0000
ENSG00000222440.1	RNU2-26P	snRNA	0	0	0	0.0000	0.0000	0.0000
ENSG00000222445.1	RN7SKP56	misc_RNA	0	0	0	0.0000	0.0000	0.0000
ENSG00000222448.1	RN7SKP150	misc_RNA	1	1	0	0.2645	0.0775	0.0746
ENSG00000222449.1	RNU6-1140P	snRNA	0	0	0	0.0000	0.0000	0.0000
ENSG00000222451.1	RN7SKP143	misc_RNA	0	0	0	0.0000	0.0000	0.0000
ENSG00000222452.1	RN7SKP59	misc_RNA	0	0	0	0.0000	0.0000	0.0000
ENSG00000222455.1	RNA5SP296	rRNA_pseudogene	0	0	0	0.0000	0.0000	0.0000
ENSG00000222457.1	RNU6-121P	snRNA	0	0	0	0.0000	0.0000	0.0000
ENSG00000222459.1	RNA5SP293	rRNA_pseudogene	0	0	0	0.0000	0.0000	0.0000
ENSG00000222460.1	RN7SKP271	misc_RNA	0	0	0	0.0000	0.0000	0.0000
ENSG00000222465.1	RNU2-5P	snRNA	0	0	0	0.0000	0.0000	0.0000
ENSG00000222467.1	Y_RNA	misc_RNA	0	0	0	0.0000	0.0000	0.0000
ENSG00000222468.1	RNA5SP261	rRNA_pseudogene	0	0	0	0.0000	0.0000	0.0000
ENSG00000222472.1	RN7SKP7	misc_RNA	0	0	0	0.0000	0.0000	0.0000
ENSG00000222477.1	RNU2-23P	snRNA	0	0	0	0.0000	0.0000	0.0000
ENSG00000222486.1	RNU6-77P	snRNA	0	0	0	0.0000	0.0000	0.0000
ENSG00000222488.1	RNU6-285P	snRNA	0	0	0	0.0000	0.0000	0.0000
ENSG00000222489.1	SNORA79B	snoRNA	5	4	1	2.8689	0.8404	0.8092
ENSG00000222490.1	RNU6-712P	snRNA	0	0	0	0.0000	0.0000	0.0000
ENSG00000222496.1	RN7SKP200	misc_RNA	0	0	0	0.0000	0.0000	0.0000
ENSG00000222499.1	RN7SKP177	misc_RNA	0	0	0	0.0000	0.0000	0.0000
ENSG00000222500.1	RNA5SP475	rRNA_pseudogene	0	0	0	0.0000	0.0000	0.0000
ENSG00000222501.1	RNU4-25P	snRNA	0	0	0	0.0000	0.0000	0.0000
ENSG00000222503.1	Y_RNA	misc_RNA	0	0	0	0.0000	0.0000	0.0000
ENSG00000222506.1	Y_RNA	misc_RNA	0	0	0	0.0000	0.0000	0.0000
ENSG00000222509.1	Y_RNA	misc_RNA	0	0	0	0.0000	0.0000	0.0000
ENSG00000222511.2	Y_RNA	misc_RNA	0	0	0	0.0000	0.0000	0.0000
ENSG00000222514.1	RN7SKP223	misc_RNA	0	0	0	0.0000	0.0000	0.0000
ENSG00000222515.1	RN7SKP240	misc_RNA	0	0	0	0.0000	0.0000	0.0000
ENSG00000222520.1	RNA5SP451	rRNA_pseudogene	0	0	0	0.0000	0.0000	0.0000
ENSG00000222522.1	RNU6-519P	snRNA	0	0	0	0.0000	0.0000	0.0000
ENSG00000222524.1	RN7SKP109	misc_RNA	0	0	0	0.0000	0.0000	0.0000
ENSG00000222529.1	Y_RNA	misc_RNA	0	0	0	0.0000	0.0000	0.0000
ENSG00000222532.1	MIR1468	miRNA	0	0	0	0.0000	0.0000	0.0000
ENSG00000222533.1	RNU6-705P	snRNA	0	0	0	0.0000	0.0000	0.0000
ENSG00000222536.1	RNU2-39P	snRNA	0	0	0	0.0000	0.0000	0.0000
ENSG00000222543.1	RN7SKP220	misc_RNA	0	0	0	0.0000	0.0000	0.0000
ENSG00000222544.1	RNU6-735P	snRNA	0	0	0	0.0000	0.0000	0.0000
ENSG00000222546.1	RNA5SP251	rRNA_pseudogene	0	0	0	0.0000	0.0000	0.0000
ENSG00000222552.1	RNA5SP60	rRNA_pseudogene	0	0	0	0.0000	0.0000	0.0000
ENSG00000222558.1	RNU6-1064P	snRNA	0	0	0	0.0000	0.0000	0.0000
ENSG00000222560.1	RNU4-43P	snRNA	0	0	0	0.0000	0.0000	0.0000
ENSG00000222561.1	RNU6-1025P	snRNA	0	0	0	0.0000	0.0000	0.0000
ENSG00000222574.1	RN7SKP61	misc_RNA	0	0	0	0.0000	0.0000	0.0000
ENSG00000222578.1	RNA5SP345	rRNA_pseudogene	0	0	0	0.0000	0.0000	0.0000
ENSG00000222579.1	Y_RNA	misc_RNA	0	0	0	0.0000	0.0000	0.0000
ENSG00000222581.1	RNU2-47P	snRNA	0	0	0	0.0000	0.0000	0.0000
ENSG00000222582.1	RNU2-66P	snRNA	0	0	0	0.0000	0.0000	0.0000
ENSG00000222583.1	RN7SKP222	misc_RNA	0	0	0	0.0000	0.0000	0.0000
ENSG00000222585.1	RNA5SP494	rRNA_pseudogene	0	0	0	0.0000	0.0000	0.0000
ENSG00000222588.1	AL355598.1	snoRNA	0	0	0	0.0000	0.0000	0.0000
ENSG00000222589.1	RN7SKP159	misc_RNA	0	0	0	0.0000	0.0000	0.0000
ENSG00000222592.1	RNU6-887P	snRNA	0	0	0	0.0000	0.0000	0.0000
ENSG00000222594.1	RN7SKP235	misc_RNA	0	1	0	0.0000	0.0000	0.0000
ENSG00000222598.1	RNU2-49P	snRNA	0	0	0	0.0000	0.0000	0.0000
ENSG00000222601.1	Y_RNA	misc_RNA	0	0	0	0.0000	0.0000	0.0000
ENSG00000222604.2	AC007956.1	snoRNA	0	0	0	0.0000	0.0000	0.0000
ENSG00000222607.1	RNU6-628P	snRNA	0	0	0	0.0000	0.0000	0.0000
ENSG00000222608.1	RNA5SP504	rRNA_pseudogene	0	0	0	0.0000	0.0000	0.0000
ENSG00000222609.1	RNU4-69P	snRNA	0	0	0	0.0000	0.0000	0.0000
ENSG00000222610.1	RNU6-402P	snRNA	0	0	0	0.0000	0.0000	0.0000
ENSG00000222612.1	RNU2-52P	snRNA	1	1	0	0.4469	0.1309	0.1261
ENSG00000222613.1	Y_RNA	misc_RNA	0	0	0	0.0000	0.0000	0.0000
ENSG00000222614.1	Y_RNA	misc_RNA	0	0	0	0.0000	0.0000	0.0000
ENSG00000222616.1	RN7SKP27	misc_RNA	0	0	0	0.0000	0.0000	0.0000
ENSG00000222617.1	RN7SKP254	misc_RNA	0	0	0	0.0000	0.0000	0.0000
ENSG00000222623.1	RNU6-1100P	snRNA	0	0	0	0.0000	0.0000	0.0000
ENSG00000222624.1	RNU2-15P	snRNA	0	0	0	0.0000	0.0000	0.0000
ENSG00000222626.1	RNU2-48P	snRNA	0	0	0	0.0000	0.0000	0.0000
ENSG00000222627.1	RNU2-37P	snRNA	0	0	0	0.0000	0.0000	0.0000
ENSG00000222629.1	RNU2-42P	snRNA	0	0	0	0.0000	0.0000	0.0000
ENSG00000222630.2	RN7SKP131	misc_RNA	0	0	0	0.0000	0.0000	0.0000
ENSG00000222635.1	RNU6-1203P	snRNA	0	0	1	0.0000	0.0000	0.0000
ENSG00000222636.1	RN7SKP54	misc_RNA	0	0	0	0.0000	0.0000	0.0000
ENSG00000222640.1	RNU2-51P	snRNA	0	0	0	0.0000	0.0000	0.0000
ENSG00000222644.1	RNU2-16P	snRNA	0	0	0	0.0000	0.0000	0.0000
ENSG00000222649.1	Y_RNA	misc_RNA	0	0	0	0.0000	0.0000	0.0000
ENSG00000222650.1	RNU2-70P	snRNA	0	0	0	0.0000	0.0000	0.0000
ENSG00000222652.1	RNU6-248P	snRNA	0	0	0	0.0000	0.0000	0.0000
ENSG00000222658.1	Y_RNA	misc_RNA	0	0	0	0.0000	0.0000	0.0000
ENSG00000222659.1	RNU2-8P	snRNA	0	0	0	0.0000	0.0000	0.0000
ENSG00000222663.1	RNU4-55P	snRNA	0	0	0	0.0000	0.0000	0.0000
ENSG00000222664.1	RN7SKP123	misc_RNA	0	0	0	0.0000	0.0000	0.0000
ENSG00000222666.2	U3	snoRNA	0	0	0	0.0000	0.0000	0.0000
ENSG00000222667.1	RNU6-394P	snRNA	0	0	0	0.0000	0.0000	0.0000
ENSG00000222675.1	RNA5SP146	rRNA_pseudogene	0	0	0	0.0000	0.0000	0.0000
ENSG00000222678.1	RN7SKP213	misc_RNA	0	0	0	0.0000	0.0000	0.0000
ENSG00000222679.1	RNU6-1267P	snRNA	0	0	0	0.0000	0.0000	0.0000
ENSG00000222682.1	RNA5SP38	rRNA_pseudogene	0	0	0	0.0000	0.0000	0.0000
ENSG00000222685.1	RN7SKP119	misc_RNA	0	0	0	0.0000	0.0000	0.0000
ENSG00000222686.1	RNU4-72P	snRNA	0	0	0	0.0000	0.0000	0.0000
ENSG00000222691.1	RNU6-733P	snRNA	0	0	0	0.0000	0.0000	0.0000
ENSG00000222693.1	RN7SKP120	misc_RNA	0	0	0	0.0000	0.0000	0.0000
ENSG00000222698.1	Y_RNA	misc_RNA	0	0	0	0.0000	0.0000	0.0000
ENSG00000222701.1	Y_RNA	misc_RNA	0	0	0	0.0000	0.0000	0.0000
ENSG00000222704.1	RN7SKP182	misc_RNA	0	0	0	0.0000	0.0000	0.0000
ENSG00000222705.1	RN7SKP39	misc_RNA	0	0	0	0.0000	0.0000	0.0000
ENSG00000222706.1	RN7SKP89	misc_RNA	0	0	0	0.0000	0.0000	0.0000
ENSG00000222713.1	RN7SKP51	misc_RNA	0	0	0	0.0000	0.0000	0.0000
ENSG00000222714.1	RN7SKP38	misc_RNA	0	0	0	0.0000	0.0000	0.0000
ENSG00000222715.1	MIR1911	miRNA	0	0	0	0.0000	0.0000	0.0000
ENSG00000222721.1	RN7SKP188	misc_RNA	0	0	0	0.0000	0.0000	0.0000
ENSG00000222724.1	RNU2-63P	snRNA	0	0	0	0.0000	0.0000	0.0000
ENSG00000222726.1	RNU2-7P	snRNA	0	0	0	0.0000	0.0000	0.0000
ENSG00000222727.1	RNU4-64P	snRNA	0	0	0	0.0000	0.0000	0.0000
ENSG00000222733.1	RNY4P29	misc_RNA	0	0	0	0.0000	0.0000	0.0000
ENSG00000222736.1	RNU4-6P	snRNA	0	0	0	0.0000	0.0000	0.0000
ENSG00000222740.1	RNA5SP328	rRNA_pseudogene	0	0	0	0.0000	0.0000	0.0000
ENSG00000222741.1	RNA5SP229	rRNA_pseudogene	0	0	0	0.0000	0.0000	0.0000
ENSG00000222743.1	RNU6-1190P	snRNA	0	0	0	0.0000	0.0000	0.0000
ENSG00000222744.1	RN7SKP166	misc_RNA	0	0	0	0.0000	0.0000	0.0000
ENSG00000222747.1	RNA5SP25	rRNA_pseudogene	0	0	0	0.0000	0.0000	0.0000
ENSG00000222750.1	RNU4-46P	snRNA	0	0	0	0.0000	0.0000	0.0000
ENSG00000222755.1	RN7SKP206	misc_RNA	0	0	0	0.0000	0.0000	0.0000
ENSG00000222760.1	RNU4-53P	snRNA	0	0	0	0.0000	0.0000	0.0000
ENSG00000222761.1	RNU6-684P	snRNA	0	0	0	0.0000	0.0000	0.0000
ENSG00000222764.1	RN7SKP106	misc_RNA	0	0	0	0.0000	0.0000	0.0000
ENSG00000222765.1	RNU2-40P	snRNA	1	1	0	0.4333	0.1269	0.1222
ENSG00000222767.1	Y_RNA	misc_RNA	0	0	0	0.0000	0.0000	0.0000
ENSG00000222774.1	RN7SKP121	misc_RNA	0	0	0	0.0000	0.0000	0.0000
ENSG00000222777.1	RNU6-233P	snRNA	0	0	0	0.0000	0.0000	0.0000
ENSG00000222778.1	RNA5SP144	rRNA_pseudogene	0	0	0	0.0000	0.0000	0.0000
ENSG00000222783.1	RN7SKP212	misc_RNA	0	0	0	0.0000	0.0000	0.0000
ENSG00000222784.1	RN7SKP91	misc_RNA	0	0	0	0.0000	0.0000	0.0000
ENSG00000222788.1	RNU2-38P	snRNA	0	0	0	0.0000	0.0000	0.0000
ENSG00000222790.1	RNU4-14P	snRNA	0	0	0	0.0000	0.0000	0.0000
ENSG00000222791.1	RNU6-67P	snRNA	0	0	0	0.0000	0.0000	0.0000
ENSG00000222792.1	RNU6-860P	snRNA	0	0	0	0.0000	0.0000	0.0000
ENSG00000222795.1	RNU4-83P	snRNA	0	0	0	0.0000	0.0000	0.0000
ENSG00000222796.1	RNU6-383P	snRNA	0	0	0	0.0000	0.0000	0.0000
ENSG00000222800.1	RNU2-62P	snRNA	0	0	0	0.0000	0.0000	0.0000
ENSG00000222806.1	RNA5SP225	rRNA_pseudogene	0	0	0	0.0000	0.0000	0.0000
ENSG00000222808.1	RNU4-47P	snRNA	5	1	4	3.7246	1.0910	1.0505
ENSG00000222810.1	RNU2-68P	snRNA	0	0	0	0.0000	0.0000	0.0000
ENSG00000222821.1	RNU4-27P	snRNA	0	0	0	0.0000	0.0000	0.0000
ENSG00000222826.1	RN7SKP286	misc_RNA	0	0	0	0.0000	0.0000	0.0000
ENSG00000222831.1	MIR1537	miRNA	0	0	0	0.0000	0.0000	0.0000
ENSG00000222832.1	RNA5SP120	rRNA_pseudogene	0	0	0	0.0000	0.0000	0.0000
ENSG00000222835.1	RNA5SP100	rRNA_pseudogene	0	0	0	0.0000	0.0000	0.0000
ENSG00000222838.1	RNA5SP136	rRNA_pseudogene	0	0	0	0.0000	0.0000	0.0000
ENSG00000222842.1	RN7SKP168	misc_RNA	0	0	0	0.0000	0.0000	0.0000
ENSG00000222844.1	RNU6-321P	snRNA	0	0	0	0.0000	0.0000	0.0000
ENSG00000222845.1	RN7SKP42	misc_RNA	0	0	0	0.0000	0.0000	0.0000
ENSG00000222849.1	RNA5SP21	rRNA_pseudogene	0	0	0	0.0000	0.0000	0.0000
ENSG00000222852.1	Y_RNA	misc_RNA	0	0	0	0.0000	0.0000	0.0000
ENSG00000222854.1	RNA5SP59	rRNA_pseudogene	0	0	0	0.0000	0.0000	0.0000
ENSG00000222858.1	RNU6-920P	snRNA	0	0	0	0.0000	0.0000	0.0000
ENSG00000222859.1	RN7SKP136	misc_RNA	0	0	0	0.0000	0.0000	0.0000
ENSG00000222862.2	RNU6-1086P	snRNA	0	0	0	0.0000	0.0000	0.0000
ENSG00000222869.1	RNU6-565P	snRNA	0	0	0	0.0000	0.0000	0.0000
ENSG00000222870.1	RNU6-1328P	snRNA	0	0	0	0.0000	0.0000	0.0000
ENSG00000222872.1	RNU4-78P	snRNA	2	1	1	1.3479	0.3948	0.3802
ENSG00000222874.1	RN7SKP33	misc_RNA	0	0	0	0.0000	0.0000	0.0000
ENSG00000222880.1	RN7SKP261	misc_RNA	0	0	0	0.0000	0.0000	0.0000
ENSG00000222881.1	Y_RNA	misc_RNA	0	0	0	0.0000	0.0000	0.0000
ENSG00000222883.1	Y_RNA	misc_RNA	0	0	0	0.0000	0.0000	0.0000
ENSG00000222889.1	RN7SKP29	misc_RNA	0	0	0	0.0000	0.0000	0.0000
ENSG00000222890.1	RNU6-1068P	snRNA	0	0	0	0.0000	0.0000	0.0000
ENSG00000222895.1	RNU6-1133P	snRNA	0	0	0	0.0000	0.0000	0.0000
ENSG00000222898.1	RN7SKP97	misc_RNA	4	2	2	1.0201	0.2988	0.2877
ENSG00000222909.1	RNU6-193P	snRNA	0	0	0	0.0000	0.0000	0.0000
ENSG00000222915.1	RNU6-564P	snRNA	0	0	0	0.0000	0.0000	0.0000
ENSG00000222920.1	RNA5SP29	rRNA_pseudogene	1	1	0	0.8011	0.2347	0.2260
ENSG00000222921.1	RNA5SP104	rRNA_pseudogene	0	0	0	0.0000	0.0000	0.0000
ENSG00000222922.1	RNA5SP501	rRNA_pseudogene	0	0	0	0.0000	0.0000	0.0000
ENSG00000222923.1	RNU2-41P	snRNA	0	0	0	0.0000	0.0000	0.0000
ENSG00000222924.1	RNU6-1148P	snRNA	0	0	0	0.0000	0.0000	0.0000
ENSG00000222931.1	RN7SKP205	misc_RNA	0	0	0	0.0000	0.0000	0.0000
ENSG00000222932.1	RNU6-172P	snRNA	0	0	0	0.0000	0.0000	0.0000
ENSG00000222934.1	RN7SKP284	misc_RNA	0	0	0	0.0000	0.0000	0.0000
ENSG00000222937.1	SNORD63B	snoRNA	0	0	0	0.0000	0.0000	0.0000
ENSG00000222940.1	RNU6-370P	snRNA	0	0	0	0.0000	0.0000	0.0000
ENSG00000222941.2	Y_RNA	misc_RNA	0	0	0	0.0000	0.0000	0.0000
ENSG00000222942.1	RN7SKP58	misc_RNA	0	0	0	0.0000	0.0000	0.0000
ENSG00000222950.1	RN7SKP262	misc_RNA	0	0	0	0.0000	0.0000	0.0000
ENSG00000222952.1	RNA5SP41	rRNA_pseudogene	0	0	0	0.0000	0.0000	0.0000
ENSG00000222955.1	RNA5SP265	rRNA_pseudogene	0	0	3	0.0000	0.0000	0.0000
ENSG00000222958.1	MIR1913	miRNA	1	0	1	1.0615	0.3109	0.2994
ENSG00000222960.1	RNU6-272P	snRNA	0	0	0	0.0000	0.0000	0.0000
ENSG00000222966.1	AC004522.1	snoRNA	0	0	0	0.0000	0.0000	0.0000
ENSG00000222969.1	RN7SKP8	misc_RNA	0	0	0	0.0000	0.0000	0.0000
ENSG00000222971.1	RNA5SP222	rRNA_pseudogene	0	0	0	0.0000	0.0000	0.0000
ENSG00000222972.1	RNU6-651P	snRNA	0	0	0	0.0000	0.0000	0.0000
ENSG00000222973.1	RNU2-25P	snRNA	0	0	0	0.0000	0.0000	0.0000
ENSG00000222974.1	RN7SKP228	misc_RNA	0	0	0	0.0000	0.0000	0.0000
ENSG00000222976.1	RN7SKP94	misc_RNA	0	0	0	0.0000	0.0000	0.0000
ENSG00000222979.1	RN7SKP167	misc_RNA	0	0	0	0.0000	0.0000	0.0000
ENSG00000222982.1	RN7SKP216	misc_RNA	0	0	0	0.0000	0.0000	0.0000
ENSG00000222983.1	RNA5SP127	rRNA_pseudogene	0	0	0	0.0000	0.0000	0.0000
ENSG00000222985.1	RNU2-14P	snRNA	0	0	0	0.0000	0.0000	0.0000
ENSG00000222986.1	RNU5A-5P	snRNA	0	0	0	0.0000	0.0000	0.0000
ENSG00000222987.1	RN7SKP68	misc_RNA	0	0	0	0.0000	0.0000	0.0000
ENSG00000222990.1	RNU4-22P	snRNA	1	0	1	0.5116	0.1498	0.1443
ENSG00000222997.1	Y_RNA	misc_RNA	0	0	0	0.0000	0.0000	0.0000
ENSG00000222998.1	RN7SKP259	misc_RNA	1	0	1	0.2550	0.0747	0.0719
ENSG00000223001.1	RNU2-61P	snRNA	0	0	0	0.0000	0.0000	0.0000
ENSG00000223003.1	RNA5SP184	rRNA_pseudogene	0	0	0	0.0000	0.0000	0.0000
ENSG00000223004.1	SNORD29	snoRNA	0	0	0	0.0000	0.0000	0.0000
ENSG00000223006.1	RN7SKP137	misc_RNA	0	0	0	0.0000	0.0000	0.0000
ENSG00000223007.1	RN7SKP73	misc_RNA	0	0	0	0.0000	0.0000	0.0000
ENSG00000223012.1	RN7SKP264	misc_RNA	0	0	0	0.0000	0.0000	0.0000
ENSG00000223013.1	RNA5SP344	rRNA_pseudogene	0	0	0	0.0000	0.0000	0.0000
ENSG00000223015.1	RNU6-1135P	snRNA	0	0	0	0.0000	0.0000	0.0000
ENSG00000223019.1	RNA5SP306	rRNA_pseudogene	0	0	0	0.0000	0.0000	0.0000
ENSG00000223023.1	Y_RNA	misc_RNA	0	0	0	0.0000	0.0000	0.0000
ENSG00000223024.1	RNU6-55P	snRNA	0	0	0	0.0000	0.0000	0.0000
ENSG00000223026.1	RN7SKP247	misc_RNA	0	0	0	0.0000	0.0000	0.0000
ENSG00000223027.1	AL139404.1	snoRNA	0	0	0	0.0000	0.0000	0.0000
ENSG00000223037.1	RNU6-284P	snRNA	0	0	0	0.0000	0.0000	0.0000
ENSG00000223039.1	RN7SKP268	misc_RNA	0	0	0	0.0000	0.0000	0.0000
ENSG00000223040.1	RN7SKP144	misc_RNA	0	0	0	0.0000	0.0000	0.0000
ENSG00000223042.1	RN7SKP161	misc_RNA	0	0	0	0.0000	0.0000	0.0000
ENSG00000223044.1	RNU6-130P	snRNA	0	0	0	0.0000	0.0000	0.0000
ENSG00000223046.1	RNA5SP369	rRNA_pseudogene	0	0	0	0.0000	0.0000	0.0000
ENSG00000223047.1	RNU6-847P	snRNA	0	0	0	0.0000	0.0000	0.0000
ENSG00000223056.1	RN7SKP169	misc_RNA	0	0	0	0.0000	0.0000	0.0000
ENSG00000223060.1	Y_RNA	misc_RNA	0	0	0	0.0000	0.0000	0.0000
ENSG00000223062.1	RNU6-1245P	snRNA	0	0	0	0.0000	0.0000	0.0000
ENSG00000223064.1	RNU6-325P	snRNA	0	0	0	0.0000	0.0000	0.0000
ENSG00000223075.1	RN7SKP126	misc_RNA	0	0	0	0.0000	0.0000	0.0000
ENSG00000223076.1	RNA5SP31	rRNA_pseudogene	0	0	0	0.0000	0.0000	0.0000
ENSG00000223078.1	RNU2-55P	snRNA	0	0	0	0.0000	0.0000	0.0000
ENSG00000223080.1	Y_RNA	misc_RNA	0	0	0	0.0000	0.0000	0.0000
ENSG00000223086.1	RNA5SP155	rRNA_pseudogene	0	0	0	0.0000	0.0000	0.0000
ENSG00000223087.2	RNU6-602P	snRNA	0	0	0	0.0000	0.0000	0.0000
ENSG00000223088.1	RMRPP5	ribozyme	0	0	0	0.0000	0.0000	0.0000
ENSG00000223092.1	RNA5SP115	rRNA_pseudogene	0	1	0	0.0000	0.0000	0.0000
ENSG00000223096.1	RNU5E-9P	snRNA	0	0	0	0.0000	0.0000	0.0000
ENSG00000223107.1	RNU2-72P	snRNA	0	0	0	0.0000	0.0000	0.0000
ENSG00000223109.1	MIR1538	miRNA	0	0	0	0.0000	0.0000	0.0000
ENSG00000223113.1	RNA5SP247	rRNA_pseudogene	0	0	0	0.0000	0.0000	0.0000
ENSG00000223117.1	RN7SKP296	misc_RNA	10	4	6	2.4903	0.7295	0.7024
ENSG00000223118.1	RN7SKP102	misc_RNA	0	0	0	0.0000	0.0000	0.0000
ENSG00000223120.1	RN7SKP181	misc_RNA	0	0	0	0.0000	0.0000	0.0000
ENSG00000223125.1	RNU2-32P	snRNA	0	0	0	0.0000	0.0000	0.0000
ENSG00000223126.1	RN7SKP263	misc_RNA	0	0	0	0.0000	0.0000	0.0000
ENSG00000223128.1	RN7SKP140	misc_RNA	0	0	0	0.0000	0.0000	0.0000
ENSG00000223131.1	RNA5SP304	rRNA_pseudogene	0	0	0	0.0000	0.0000	0.0000
ENSG00000223136.1	RN7SKP207	misc_RNA	0	0	0	0.0000	0.0000	0.0000
ENSG00000223138.1	RNA5SP450	rRNA_pseudogene	0	0	0	0.0000	0.0000	0.0000
ENSG00000223142.1	RN7SKP252	misc_RNA	0	0	0	0.0000	0.0000	0.0000
ENSG00000223145.1	RN7SKP112	misc_RNA	0	0	0	0.0000	0.0000	0.0000
ENSG00000223152.1	RNU4-88P	snRNA	0	0	0	0.0000	0.0000	0.0000
ENSG00000223156.1	RNU2-18P	snRNA	0	0	0	0.0000	0.0000	0.0000
ENSG00000223158.1	RNY1P3	misc_RNA	0	0	0	0.0000	0.0000	0.0000
ENSG00000223162.1	RNA5SP280	rRNA_pseudogene	0	0	0	0.0000	0.0000	0.0000
ENSG00000223168.1	RN7SKP142	misc_RNA	0	0	0	0.0000	0.0000	0.0000
ENSG00000223169.1	RNA5SP209	rRNA_pseudogene	0	0	0	0.0000	0.0000	0.0000
ENSG00000223174.1	RN7SKP17	misc_RNA	1	1	0	0.2419	0.0709	0.0682
ENSG00000223175.1	RNU4-61P	snRNA	0	0	0	0.0000	0.0000	0.0000
ENSG00000223177.1	RNA5SP39	rRNA_pseudogene	0	0	0	0.0000	0.0000	0.0000
ENSG00000223179.3	RNU6-373P	snRNA	0	0	0	0.0000	0.0000	0.0000
ENSG00000223181.1	RNU6-1199P	snRNA	0	0	0	0.0000	0.0000	0.0000
ENSG00000223188.1	Y_RNA	misc_RNA	2	2	0	1.5873	0.4649	0.4477
ENSG00000223189.1	RNU6-177P	snRNA	0	0	0	0.0000	0.0000	0.0000
ENSG00000223190.1	RN7SKP100	misc_RNA	0	0	0	0.0000	0.0000	0.0000
ENSG00000223191.1	RNU6-293P	snRNA	0	0	0	0.0000	0.0000	0.0000
ENSG00000223197.1	RNU6-1001P	snRNA	0	0	0	0.0000	0.0000	0.0000
ENSG00000223198.1	RNU2-22P	snRNA	3	2	1	1.2017	0.3520	0.3389
ENSG00000223202.1	RN7SKP297	misc_RNA	0	0	0	0.0000	0.0000	0.0000
ENSG00000223203.1	RNA5SP221	rRNA_pseudogene	0	0	0	0.0000	0.0000	0.0000
ENSG00000223208.1	RNU6-1217P	snRNA	0	0	0	0.0000	0.0000	0.0000
ENSG00000223212.1	RNU4-74P	snRNA	0	0	0	0.0000	0.0000	0.0000
ENSG00000223215.1	RNU6-607P	snRNA	0	0	0	0.0000	0.0000	0.0000
ENSG00000223217.1	RNU6-938P	snRNA	0	0	0	0.0000	0.0000	0.0000
ENSG00000223220.1	Y_RNA	misc_RNA	0	0	0	0.0000	0.0000	0.0000
ENSG00000223223.1	RN7SKP192	misc_RNA	0	0	0	0.0000	0.0000	0.0000
ENSG00000223224.1	SNORD71	snoRNA	0	0	0	0.0000	0.0000	0.0000
ENSG00000223225.1	RNU6-1054P	snRNA	0	0	0	0.0000	0.0000	0.0000
ENSG00000223229.1	RN7SKP270	misc_RNA	0	0	0	0.0000	0.0000	0.0000
ENSG00000223238.1	RNA5SP294	rRNA_pseudogene	0	0	0	0.0000	0.0000	0.0000
ENSG00000223245.1	RNU4-63P	snRNA	0	0	0	0.0000	0.0000	0.0000
ENSG00000223247.1	RNU2-64P	snRNA	0	0	0	0.0000	0.0000	0.0000
ENSG00000223254.1	Y_RNA	misc_RNA	2	1	1	1.5873	0.4649	0.4477
ENSG00000223256.1	RNU6-785P	snRNA	0	0	0	0.0000	0.0000	0.0000
ENSG00000223258.1	RNU6-575P	snRNA	0	0	0	0.0000	0.0000	0.0000
ENSG00000223259.1	RNA5SP508	rRNA_pseudogene	0	0	0	0.0000	0.0000	0.0000
ENSG00000223260.1	RN7SKP194	misc_RNA	0	0	0	0.0000	0.0000	0.0000
ENSG00000223262.1	RNA5SP492	rRNA_pseudogene	0	0	0	0.0000	0.0000	0.0000
ENSG00000223263.1	RNU6-387P	snRNA	1	1	0	0.8088	0.2369	0.2281
ENSG00000223265.1	RNU6-592P	snRNA	0	0	0	0.0000	0.0000	0.0000
ENSG00000223269.1	RN7SKP53	misc_RNA	0	0	0	0.0000	0.0000	0.0000
ENSG00000223271.1	Y_RNA	misc_RNA	0	0	0	0.0000	0.0000	0.0000
ENSG00000223273.1	RN7SKP172	misc_RNA	0	0	0	0.0000	0.0000	0.0000
ENSG00000223274.6	RNA5SP498	rRNA_pseudogene	0	0	0	0.0000	0.0000	0.0000
ENSG00000223274.6_PAR_Y	RNA5SP498	rRNA_pseudogene	0	0	0	0.0000	0.0000	0.0000
ENSG00000223280.1	RNU6-57P	snRNA	0	0	0	0.0000	0.0000	0.0000
ENSG00000223281.1	RN7SKP85	misc_RNA	0	0	0	0.0000	0.0000	0.0000
ENSG00000223282.1	RN7SKP165	misc_RNA	0	0	0	0.0000	0.0000	0.0000
ENSG00000223284.1	RNU6-195P	snRNA	0	0	0	0.0000	0.0000	0.0000
ENSG00000223287.1	RNU6-954P	snRNA	0	0	0	0.0000	0.0000	0.0000
ENSG00000223290.1	RNA5SP107	rRNA_pseudogene	0	0	0	0.0000	0.0000	0.0000
ENSG00000223293.1	RNA5SP270	rRNA_pseudogene	0	0	0	0.0000	0.0000	0.0000
ENSG00000223294.1	SNORD83	snoRNA	0	0	0	0.0000	0.0000	0.0000
ENSG00000223298.1	RNY3P8	misc_RNA	2	1	1	1.3479	0.3948	0.3802
ENSG00000223299.1	RN7SKP108	misc_RNA	0	0	0	0.0000	0.0000	0.0000
ENSG00000223300.1	Y_RNA	misc_RNA	0	0	0	0.0000	0.0000	0.0000
ENSG00000223302.1	Y_RNA	misc_RNA	0	0	0	0.0000	0.0000	0.0000
ENSG00000223305.1	RN7SKP30	misc_RNA	0	0	0	0.0000	0.0000	0.0000
ENSG00000223306.2	RNU6-1304P	snRNA	0	0	0	0.0000	0.0000	0.0000
ENSG00000223308.1	RN7SKP101	misc_RNA	0	0	0	0.0000	0.0000	0.0000
ENSG00000223309.1	RNU6-722P	snRNA	4	0	4	3.2662	0.9567	0.9212
ENSG00000223313.1	RNU6-516P	snRNA	9	6	3	7.3489	2.1526	2.0728
ENSG00000223315.1	RN7SKP279	misc_RNA	0	0	0	0.0000	0.0000	0.0000
ENSG00000223318.1	RNA5SP111	rRNA_pseudogene	7	1	6	5.8856	1.7240	1.6601
ENSG00000223321.1	RN7SKP293	misc_RNA	0	0	0	0.0000	0.0000	0.0000
ENSG00000223324.1	RN7SKP273	misc_RNA	0	0	0	0.0000	0.0000	0.0000
ENSG00000223327.1	RNU2-71P	snRNA	0	0	0	0.0000	0.0000	0.0000
ENSG00000223330.1	RNU6-1052P	snRNA	0	0	0	0.0000	0.0000	0.0000
ENSG00000223335.1	RNU6-603P	snRNA	0	0	0	0.0000	0.0000	0.0000
ENSG00000223336.1	RNU2-6P	snRNA	0	0	0	0.0000	0.0000	0.0000
ENSG00000223341.1	RN7SKP3	misc_RNA	0	0	0	0.0000	0.0000	0.0000
ENSG00000223342.2	AL158817.1	lncRNA	0	0	0	0.0000	0.0000	0.0000
ENSG00000223343.1	AC137630.1	lncRNA	0	105	108	0.0000	0.0000	0.0000
ENSG00000223344.1	AL359081.1	lncRNA	0	0	0	0.0000	0.0000	0.0000
ENSG00000223345.3	H2BP1	transcribed_unprocessed_pseudogene	0	0	0	0.0000	0.0000	0.0000
ENSG00000223349.1	KLF2P3	processed_pseudogene	0	0	0	0.0000	0.0000	0.0000
ENSG00000223350.2	IGLV9-49	IG_V_gene	86	45	41	17.8561	5.2303	5.0364
ENSG00000223351.5	ZNF385D-AS2	lncRNA	0	0	0	0.0000	0.0000	0.0000
ENSG00000223353.2	AL589763.1	processed_pseudogene	0	1	0	0.0000	0.0000	0.0000
ENSG00000223356.1	AL590666.1	lncRNA	3	0	3	0.5884	0.1723	0.1660
ENSG00000223358.5	EHHADH-AS1	lncRNA	9	72	74	0.4683	0.1372	0.1321
ENSG00000223360.1	AC096559.1	lncRNA	0	0	0	0.0000	0.0000	0.0000
ENSG00000223361.5	FTH1P10	transcribed_processed_pseudogene	8	59	88	0.7305	0.2140	0.2060
ENSG00000223362.1	CDY15P	unprocessed_pseudogene	0	0	0	0.0000	0.0000	0.0000
ENSG00000223368.2	AL513124.1	processed_pseudogene	0	0	0	0.0000	0.0000	0.0000
ENSG00000223373.1	AC108066.1	lncRNA	0	0	0	0.0000	0.0000	0.0000
ENSG00000223374.1	AC005104.1	lncRNA	6	511	515	1.1528	0.3377	0.3251
ENSG00000223375.1	AC096638.1	processed_pseudogene	0	0	0	0.0000	0.0000	0.0000
ENSG00000223377.1	AC244098.1	unprocessed_pseudogene	0	0	0	0.0000	0.0000	0.0000
ENSG00000223379.1	AL391987.3	lncRNA	0	0	0	0.0000	0.0000	0.0000
ENSG00000223381.2	LINC02661	lncRNA	0	0	0	0.0000	0.0000	0.0000
ENSG00000223382.5	LINC01778	lncRNA	125	55	70	5.0284	1.4729	1.4183
ENSG00000223383.1	H2ACP1	processed_pseudogene	0	0	0	0.0000	0.0000	0.0000
ENSG00000223387.6	LINC02068	lncRNA	0	0	0	0.0000	0.0000	0.0000
ENSG00000223389.1	SDCBP2P1	processed_pseudogene	0	0	0	0.0000	0.0000	0.0000
ENSG00000223390.1	AL445685.1	lncRNA	2	41	43	0.2229	0.0653	0.0629
ENSG00000223391.2	RDXP2	processed_pseudogene	0	0	0	0.0000	0.0000	0.0000
ENSG00000223392.1	CLDN10-AS1	lncRNA	100	51	49	9.4883	2.7793	2.6762
ENSG00000223393.2	AL118511.1	lncRNA	4	44	30	0.1747	0.0512	0.0493
ENSG00000223394.2	TRBV29OR9-2	TR_V_pseudogene	0	0	0	0.0000	0.0000	0.0000
ENSG00000223395.2	RBM22P7	processed_pseudogene	0	0	0	0.0000	0.0000	0.0000
ENSG00000223396.4	RPS10P7	transcribed_processed_pseudogene	56	28	29	1.5757	0.4616	0.4444
ENSG00000223398.1	AC027124.1	processed_pseudogene	0	0	0	0.0000	0.0000	0.0000
ENSG00000223400.1	AP006748.1	lncRNA	0	0	0	0.0000	0.0000	0.0000
ENSG00000223402.1	AC074121.1	processed_pseudogene	2	1	1	0.4880	0.1430	0.1377
ENSG00000223403.6	MEG9	lncRNA	0	0	0	0.0000	0.0000	0.0000
ENSG00000223404.3	LINC00397	lncRNA	0	0	0	0.0000	0.0000	0.0000
ENSG00000223406.1	XKRYP5	unprocessed_pseudogene	0	0	0	0.0000	0.0000	0.0000
ENSG00000223407.1	USP9YP18	unprocessed_pseudogene	0	0	0	0.0000	0.0000	0.0000
ENSG00000223409.1	RPL17P17	processed_pseudogene	0	0	0	0.0000	0.0000	0.0000
ENSG00000223410.1	AL009050.1	lncRNA	0	0	0	0.0000	0.0000	0.0000
ENSG00000223416.3	RPS26P15	processed_pseudogene	9	4	5	2.1962	0.6433	0.6195
ENSG00000223417.8	TRIM49D1	protein_coding	0	0	0	0.0000	0.0000	0.0000
ENSG00000223418.1	LIMK2P1	processed_pseudogene	0	0	0	0.0000	0.0000	0.0000
ENSG00000223419.1	AC006022.1	processed_pseudogene	0	0	0	0.0000	0.0000	0.0000
ENSG00000223421.1	AL354854.1	processed_pseudogene	0	0	0	0.0000	0.0000	0.0000
ENSG00000223422.1	AC007274.1	unprocessed_pseudogene	0	0	0	0.0000	0.0000	0.0000
ENSG00000223427.1	RBM7P1	processed_pseudogene	0	0	0	0.0000	0.0000	0.0000
ENSG00000223428.1	AC010997.1	transcribed_processed_pseudogene	0	0	0	0.0000	0.0000	0.0000
ENSG00000223429.1	AL139156.1	processed_pseudogene	0	0	0	0.0000	0.0000	0.0000
ENSG00000223430.1	AC011243.1	lncRNA	0	0	0	0.0000	0.0000	0.0000
ENSG00000223431.1	MTND6P21	processed_pseudogene	1	3	0	0.1762	0.0516	0.0497
ENSG00000223432.1	AC009988.1	lncRNA	0	0	0	0.0000	0.0000	0.0000
ENSG00000223433.1	RPS29P9	processed_pseudogene	0	0	0	0.0000	0.0000	0.0000
ENSG00000223436.1	AC011625.1	lncRNA	0	0	0	0.0000	0.0000	0.0000
ENSG00000223437.1	TMSB4XP3	processed_pseudogene	0	0	0	0.0000	0.0000	0.0000
ENSG00000223438.1	AC235097.1	lncRNA	0	0	0	0.0000	0.0000	0.0000
ENSG00000223440.1	AL589642.1	lncRNA	0	0	1	0.0000	0.0000	0.0000
ENSG00000223442.1	TH2LCRR	lncRNA	2	261	275	0.1571	0.0460	0.0443
ENSG00000223443.2	USP17L2	protein_coding	0	0	0	0.0000	0.0000	0.0000
ENSG00000223445.1	RPL6P21	processed_pseudogene	0	0	0	0.0000	0.0000	0.0000
ENSG00000223446.2	AL451065.1	lncRNA	1	1	0	0.0880	0.0258	0.0248
ENSG00000223450.1	AL590632.1	processed_pseudogene	0	0	0	0.0000	0.0000	0.0000
ENSG00000223452.3	HMGN2P18	processed_pseudogene	0	0	0	0.0000	0.0000	0.0000
ENSG00000223455.1	AL355298.1	processed_pseudogene	0	0	0	0.0000	0.0000	0.0000
ENSG00000223457.1	HTATSF1P1	processed_pseudogene	0	0	0	0.0000	0.0000	0.0000
ENSG00000223458.2	LMO7DN-IT1	lncRNA	0	0	0	0.0000	0.0000	0.0000
ENSG00000223459.6	TCAF1P1	unprocessed_pseudogene	92	48	44	3.4987	1.0248	0.9868
ENSG00000223460.1	GAPDHP69	processed_pseudogene	9	7	3	0.7582	0.2221	0.2139
ENSG00000223461.1	AC004471.1	lncRNA	4	2	2	0.5836	0.1710	0.1646
ENSG00000223462.2	AL353801.1	lncRNA	0	0	0	0.0000	0.0000	0.0000
ENSG00000223466.2	LINC01825	lncRNA	3	2	1	0.0758	0.0222	0.0214
ENSG00000223467.2	CALM1P1	processed_pseudogene	2	1	1	0.3922	0.1149	0.1106
ENSG00000223469.1	AL157371.1	lncRNA	0	0	0	0.0000	0.0000	0.0000
ENSG00000223470.3	LINC02629	lncRNA	0	0	0	0.0000	0.0000	0.0000
ENSG00000223475.1	AC099681.1	lncRNA	0	0	0	0.0000	0.0000	0.0000
ENSG00000223476.1	VN1R42P	processed_pseudogene	2	1	1	0.4937	0.1446	0.1393
ENSG00000223478.1	AL441992.1	lncRNA	89	40	52	13.8932	4.0695	3.9187
ENSG00000223479.3	LINC02238	lncRNA	1	0	1	0.1037	0.0304	0.0292
ENSG00000223482.8	NUTM2A-AS1	lncRNA	812	428	391	3.0712	0.8996	0.8663
ENSG00000223484.7	TRPC6P	processed_pseudogene	1	0	1	0.0965	0.0283	0.0272
ENSG00000223484.7_PAR_Y	TRPC6P	processed_pseudogene	0	0	0	0.0000	0.0000	0.0000
ENSG00000223485.4	LINC01615	lncRNA	49	29	20	1.8552	0.5434	0.5233
ENSG00000223486.1	AC092198.1	lncRNA	0	0	0	0.0000	0.0000	0.0000
ENSG00000223487.1	FRMPD4-AS1	lncRNA	0	0	0	0.0000	0.0000	0.0000
ENSG00000223488.2	MAPK6P2	processed_pseudogene	0	0	0	0.0000	0.0000	0.0000
ENSG00000223489.1	NEFHP1	processed_pseudogene	0	0	0	0.0000	0.0000	0.0000
ENSG00000223490.2	CHCHD2P5	processed_pseudogene	0	0	0	0.0000	0.0000	0.0000
ENSG00000223492.1	AL391097.1	lncRNA	0	0	0	0.0000	0.0000	0.0000
ENSG00000223495.2	AC239859.2	processed_pseudogene	0	0	0	0.0000	0.0000	0.0000
ENSG00000223496.3	EXOSC6	protein_coding	2074	1075	999	34.1129	9.9922	9.6217
ENSG00000223497.1	H2BL1P	unitary_pseudogene	0	0	0	0.0000	0.0000	0.0000
ENSG00000223498.1	SLC35C2P1	processed_pseudogene	0	0	0	0.0000	0.0000	0.0000
ENSG00000223500.1	RNF14P4	processed_pseudogene	0	0	0	0.0000	0.0000	0.0000
ENSG00000223501.9	VPS52	protein_coding	729	680	683	13.7785	4.0360	3.8863
ENSG00000223502.1	AL731537.1	lncRNA	2	1	1	0.4034	0.1182	0.1138
ENSG00000223503.1	AL353807.1	processed_pseudogene	0	0	0	0.0000	0.0000	0.0000
ENSG00000223504.1	AL646090.1	lncRNA	0	0	0	0.0000	0.0000	0.0000
ENSG00000223505.2	RPL35AP5	processed_pseudogene	2	1	1	0.5178	0.1517	0.1461
ENSG00000223506.2	SLC20A1P1	processed_pseudogene	0	0	0	0.0000	0.0000	0.0000
ENSG00000223508.5	RPL23AP53	transcribed_processed_pseudogene	48	33	37	3.9845	1.1671	1.1239
ENSG00000223509.8	AC135983.2	transcribed_processed_pseudogene	17	12	8	0.5073	0.1486	0.1431
ENSG00000223510.7	CDRT15	protein_coding	1	0	1	0.1090	0.0319	0.0307
ENSG00000223511.7	AL683807.1	lncRNA	6	4	2	0.5090	0.1491	0.1436
ENSG00000223511.7_PAR_Y	AL683807.1	lncRNA	0	0	0	0.0000	0.0000	0.0000
ENSG00000223513.1	ATP6V0E1P2	processed_pseudogene	0	0	0	0.0000	0.0000	0.0000
ENSG00000223514.1	AC004866.1	processed_pseudogene	0	0	0	0.0000	0.0000	0.0000
ENSG00000223516.1	AFF2-IT1	lncRNA	0	0	0	0.0000	0.0000	0.0000
ENSG00000223517.1	AC010723.1	lncRNA	0	0	0	0.0000	0.0000	0.0000
ENSG00000223518.5	CSNK1A1P1	transcribed_processed_pseudogene	5	4	1	0.1615	0.0473	0.0456
ENSG00000223519.8	KIF28P	transcribed_unitary_pseudogene	16	24	27	0.3855	0.1129	0.1087
ENSG00000223522.2	AC093690.1	lncRNA	9	7	8	0.2388	0.0699	0.0673
ENSG00000223523.1	AC092598.1	lncRNA	5	1	4	0.5328	0.1561	0.1503
ENSG00000223525.1	RABGAP1L-IT1	lncRNA	0	0	0	0.0000	0.0000	0.0000
ENSG00000223528.7	AL359094.1	lncRNA	2	379	395	0.0401	0.0118	0.0113
ENSG00000223529.1	EEF1A1P8	processed_pseudogene	30	19	11	1.8355	0.5376	0.5177
ENSG00000223530.1	AC012506.1	lncRNA	0	0	0	0.0000	0.0000	0.0000
ENSG00000223534.1	HLA-DQB1-AS1	lncRNA	2	285	376	0.3077	0.0901	0.0868
ENSG00000223536.6	AC008164.1	lncRNA	0	0	0	0.0000	0.0000	0.0000
ENSG00000223537.3	AL109947.1	lncRNA	0	0	0	0.0000	0.0000	0.0000
ENSG00000223538.2	AC079602.1	processed_pseudogene	3	3	0	0.9401	0.2754	0.2652
ENSG00000223539.4	AC011431.1	unprocessed_pseudogene	0	0	0	0.0000	0.0000	0.0000
ENSG00000223540.1	RPS15AP5	processed_pseudogene	1	0	1	0.2189	0.0641	0.0617
ENSG00000223542.1	AL024497.1	lncRNA	0	0	0	0.0000	0.0000	0.0000
ENSG00000223543.1	TCEAL4P1	processed_pseudogene	0	0	0	0.0000	0.0000	0.0000
ENSG00000223544.1	AC005838.1	unprocessed_pseudogene	0	3	2	0.0000	0.0000	0.0000
ENSG00000223546.7	LINC00630	lncRNA	71	32	39	0.5259	0.1541	0.1483
ENSG00000223547.10	ZNF844	protein_coding	103	47	57	1.3277	0.3889	0.3745
ENSG00000223548.1	ACSL6-AS1	lncRNA	4	3	2	0.3680	0.1078	0.1038
ENSG00000223549.1	MTND5P28	processed_pseudogene	1	1	0	0.0533	0.0156	0.0150
ENSG00000223550.1	SNRPBP1	processed_pseudogene	1	0	1	0.3011	0.0882	0.0849
ENSG00000223551.1	TMSB4XP4	processed_pseudogene	17	8	9	2.3360	0.6843	0.6589
ENSG00000223552.1	CCR5AS	lncRNA	12	7	5	1.5534	0.4550	0.4382
ENSG00000223553.6	SMPD4P1	transcribed_unprocessed_pseudogene	0	0	0	0.0000	0.0000	0.0000
ENSG00000223554.1	AC078851.1	lncRNA	0	0	0	0.0000	0.0000	0.0000
ENSG00000223555.1	USP9YP23	unprocessed_pseudogene	0	0	0	0.0000	0.0000	0.0000
ENSG00000223558.1	TRIM60P17	processed_pseudogene	0	0	0	0.0000	0.0000	0.0000
ENSG00000223559.1	AC073136.1	processed_pseudogene	23	9	14	0.6772	0.1984	0.1910
ENSG00000223561.7	AC005165.1	lncRNA	5	2	3	0.0582	0.0170	0.0164
ENSG00000223563.1	AP001599.1	lncRNA	0	0	0	0.0000	0.0000	0.0000
ENSG00000223564.1	CYP4F32P	unprocessed_pseudogene	0	0	0	0.0000	0.0000	0.0000
ENSG00000223565.1	AC069540.1	processed_pseudogene	0	0	0	0.0000	0.0000	0.0000
ENSG00000223566.1	TNRC18P2	unprocessed_pseudogene	5	1	4	0.1564	0.0458	0.0441
ENSG00000223568.1	RPL3P11	processed_pseudogene	0	0	0	0.0000	0.0000	0.0000
ENSG00000223569.8	USP17L15	protein_coding	0	0	0	0.0000	0.0000	0.0000
ENSG00000223570.2	AL592045.1	processed_pseudogene	0	0	0	0.0000	0.0000	0.0000
ENSG00000223571.6	DHRSX-IT1	lncRNA	0	0	0	0.0000	0.0000	0.0000
ENSG00000223571.6_PAR_Y	DHRSX-IT1	lncRNA	0	0	0	0.0000	0.0000	0.0000
ENSG00000223572.10	CKMT1A	protein_coding	0	0	0	0.0000	0.0000	0.0000
ENSG00000223573.7	TINCR	protein_coding	70	36	35	1.3422	0.3931	0.3786
ENSG00000223574.1	TPMTP4	processed_pseudogene	0	0	0	0.0000	0.0000	0.0000
ENSG00000223575.2	RBMX2P3	processed_pseudogene	0	0	0	0.0000	0.0000	0.0000
ENSG00000223576.2	AL355001.1	lncRNA	2	0	2	0.3825	0.1120	0.1079
ENSG00000223581.2	LINC02665	lncRNA	0	0	0	0.0000	0.0000	0.0000
ENSG00000223583.1	AL513365.1	processed_pseudogene	4	4	0	0.6349	0.1860	0.1791
ENSG00000223584.1	TVP23CP1	processed_pseudogene	0	0	0	0.0000	0.0000	0.0000
ENSG00000223586.6	LINC01312	lncRNA	0	0	0	0.0000	0.0000	0.0000
ENSG00000223587.2	LINC01986	lncRNA	0	0	0	0.0000	0.0000	0.0000
ENSG00000223589.2	AL139158.1	processed_pseudogene	0	0	0	0.0000	0.0000	0.0000
ENSG00000223591.5	CENPVL1	protein_coding	0	0	0	0.0000	0.0000	0.0000
ENSG00000223592.2	FNDC3CP	unitary_pseudogene	0	0	0	0.0000	0.0000	0.0000
ENSG00000223593.1	AL356806.1	processed_pseudogene	0	0	0	0.0000	0.0000	0.0000
ENSG00000223595.1	LYPLA1P1	processed_pseudogene	0	0	0	0.0000	0.0000	0.0000
ENSG00000223597.3	LINC02142	lncRNA	0	0	0	0.0000	0.0000	0.0000
ENSG00000223598.1	AL138733.1	lncRNA	0	0	0	0.0000	0.0000	0.0000
ENSG00000223599.1	AL513523.1	processed_pseudogene	7	1	6	0.4541	0.1330	0.1281
ENSG00000223600.1	EEF1A1P41	processed_pseudogene	1	0	1	0.4102	0.1202	0.1157
ENSG00000223601.2	EBLN1	protein_coding	0	0	0	0.0000	0.0000	0.0000
ENSG00000223602.2	AC125634.1	unprocessed_pseudogene	0	0	0	0.0000	0.0000	0.0000
ENSG00000223603.1	CRPP1	unprocessed_pseudogene	0	0	0	0.0000	0.0000	0.0000
ENSG00000223604.1	RPL17P13	processed_pseudogene	0	0	0	0.0000	0.0000	0.0000
ENSG00000223605.1	AC107399.1	unprocessed_pseudogene	0	0	0	0.0000	0.0000	0.0000
ENSG00000223608.1	DSCR4-IT1	lncRNA	4	2	2	0.8011	0.2347	0.2260
ENSG00000223609.11	HBD	protein_coding	1	1	0	0.0737	0.0216	0.0208
ENSG00000223611.6	SUPT20HL2	protein_coding	15	11	4	0.3958	0.1159	0.1116
ENSG00000223612.3	AC241585.1	processed_pseudogene	43	23	20	7.0358	2.0609	1.9845
ENSG00000223614.5	ZNF735	protein_coding	0	0	0	0.0000	0.0000	0.0000
ENSG00000223615.2	AL807761.1	processed_pseudogene	0	0	0	0.0000	0.0000	0.0000
ENSG00000223617.2	LINC00370	lncRNA	0	0	0	0.0000	0.0000	0.0000
ENSG00000223619.1	MTCO1P17	unprocessed_pseudogene	0	0	0	0.0000	0.0000	0.0000
ENSG00000223620.3	RBM48P1	processed_pseudogene	0	0	0	0.0000	0.0000	0.0000
ENSG00000223621.1	AK4P4	processed_pseudogene	2	1	1	0.2629	0.0770	0.0742
ENSG00000223622.2	GSTA6P	unprocessed_pseudogene	0	0	0	0.0000	0.0000	0.0000
ENSG00000223623.1	AL133268.2	lncRNA	0	0	0	0.0000	0.0000	0.0000
ENSG00000223624.1	AL033528.1	processed_pseudogene	1	0	1	0.6066	0.1777	0.1711
ENSG00000223625.1	CYCSP32	processed_pseudogene	1	1	1	0.2645	0.0775	0.0746
ENSG00000223626.1	LINC01044	lncRNA	0	0	0	0.0000	0.0000	0.0000
ENSG00000223628.2	AC023449.1	processed_pseudogene	1	0	1	0.5514	0.1615	0.1555
ENSG00000223629.1	DEFA8P	unprocessed_pseudogene	0	0	0	0.0000	0.0000	0.0000
ENSG00000223631.2	LINC01120	lncRNA	0	0	0	0.0000	0.0000	0.0000
ENSG00000223634.1	AC012506.2	lncRNA	1	1	0	0.1593	0.0467	0.0449
ENSG00000223635.2	AL121990.1	lncRNA	5	1	4	0.5873	0.1720	0.1656
ENSG00000223636.1	UBE2Q2P5Y	unprocessed_pseudogene	0	0	0	0.0000	0.0000	0.0000
ENSG00000223637.7	RBMY2EP	transcribed_unprocessed_pseudogene	0	0	0	0.0000	0.0000	0.0000
ENSG00000223638.3	RFPL4A	protein_coding	1	0	1	0.0820	0.0240	0.0231
ENSG00000223640.1	RPL30P3	processed_pseudogene	0	0	0	0.0000	0.0000	0.0000
ENSG00000223641.2	TTTY17C	lncRNA	0	0	0	0.0000	0.0000	0.0000
ENSG00000223642.7	AC008277.1	lncRNA	0	46	42	0.0000	0.0000	0.0000
ENSG00000223643.6	BX284668.1	lncRNA	0	0	0	0.0000	0.0000	0.0000
ENSG00000223646.2	AC002463.1	lncRNA	4	36	36	0.0662	0.0194	0.0187
ENSG00000223647.1	LINC01946	lncRNA	0	0	0	0.0000	0.0000	0.0000
ENSG00000223648.4	IGHV3-64	IG_V_gene	54	26	28	10.6397	3.1165	3.0010
ENSG00000223649.1	AC105275.1	lncRNA	0	0	0	0.0000	0.0000	0.0000
ENSG00000223650.1	UHRF2P1	processed_pseudogene	0	0	0	0.0000	0.0000	0.0000
ENSG00000223651.1	AL049812.1	processed_pseudogene	0	0	0	0.0000	0.0000	0.0000
ENSG00000223652.2	AC106786.1	lncRNA	2	3	0	0.1665	0.0488	0.0470
ENSG00000223653.6	AL078459.1	lncRNA	3	20	22	0.0534	0.0156	0.0151
ENSG00000223655.1	RAB9AP3	processed_pseudogene	0	0	0	0.0000	0.0000	0.0000
ENSG00000223656.1	HMGB3P10	processed_pseudogene	1	0	1	0.1485	0.0435	0.0419
ENSG00000223657.2	KRT8P51	processed_pseudogene	0	0	0	0.0000	0.0000	0.0000
ENSG00000223658.8	C1GALT1C1L	protein_coding	1	1	0	0.0664	0.0194	0.0187
ENSG00000223660.1	AC245052.1	lncRNA	0	0	0	0.0000	0.0000	0.0000
ENSG00000223662.1	SAMSN1-AS1	lncRNA	0	0	0	0.0000	0.0000	0.0000
ENSG00000223663.2	NDUFB4P8	processed_pseudogene	0	0	0	0.0000	0.0000	0.0000
ENSG00000223665.1	AC000058.1	lncRNA	0	0	0	0.0000	0.0000	0.0000
ENSG00000223668.1	EEF1A1P24	processed_pseudogene	18	12	7	1.1093	0.3249	0.3129
ENSG00000223669.1	AL357033.2	lncRNA	0	0	0	0.0000	0.0000	0.0000
ENSG00000223671.2	RPL34P3	processed_pseudogene	0	0	0	0.0000	0.0000	0.0000
ENSG00000223672.2	AL162386.1	processed_pseudogene	0	0	0	0.0000	0.0000	0.0000
ENSG00000223675.1	AC093117.1	lncRNA	0	0	0	0.0000	0.0000	0.0000
ENSG00000223676.1	RPL34P26	processed_pseudogene	0	0	0	0.0000	0.0000	0.0000
ENSG00000223677.1	OR2AD1P	unprocessed_pseudogene	0	0	0	0.0000	0.0000	0.0000
ENSG00000223679.1	AC245054.1	unprocessed_pseudogene	0	0	0	0.0000	0.0000	0.0000
ENSG00000223683.1	RPSAP65	processed_pseudogene	0	3	0	0.0000	0.0000	0.0000
ENSG00000223684.1	IFNWP18	unprocessed_pseudogene	0	0	0	0.0000	0.0000	0.0000
ENSG00000223685.6	LINC00571	lncRNA	8	92	94	0.4324	0.1267	0.1220
ENSG00000223688.2	RPS24P14	processed_pseudogene	0	0	0	0.0000	0.0000	0.0000
ENSG00000223691.1	AC068044.1	processed_pseudogene	0	0	0	0.0000	0.0000	0.0000
ENSG00000223692.1	DIP2A-IT1	lncRNA	0	0	0	0.0000	0.0000	0.0000
ENSG00000223694.1	ADH5P3	processed_pseudogene	2	2	0	0.1494	0.0438	0.0421
ENSG00000223695.1	FO393418.1	lncRNA	6	4	2	0.9991	0.2926	0.2818
ENSG00000223697.3	AF230666.1	lncRNA	4	186	178	0.2291	0.0671	0.0646
ENSG00000223698.3	GOLGA6L11P	unprocessed_pseudogene	0	0	0	0.0000	0.0000	0.0000
ENSG00000223701.3	RAET1E-AS1	lncRNA	0	0	0	0.0000	0.0000	0.0000
ENSG00000223702.1	ZDHHC20P2	processed_pseudogene	0	0	0	0.0000	0.0000	0.0000
ENSG00000223703.1	AC027612.1	unprocessed_pseudogene	3	2	1	0.1064	0.0312	0.0300
ENSG00000223704.2	LINC01422	lncRNA	11	6	5	0.0940	0.0275	0.0265
ENSG00000223705.9	NSUN5P1	transcribed_unprocessed_pseudogene	155	84	75	2.7297	0.7996	0.7699
ENSG00000223707.2	SFR1P2	processed_pseudogene	0	0	0	0.0000	0.0000	0.0000
ENSG00000223709.6	TRIM64EP	unprocessed_pseudogene	0	0	0	0.0000	0.0000	0.0000
ENSG00000223710.1	CRYGGP	unprocessed_pseudogene	0	0	0	0.0000	0.0000	0.0000
ENSG00000223711.1	AC069213.1	lncRNA	5	2	3	0.4079	0.1195	0.1150
ENSG00000223714.1	LINC02601	lncRNA	6	3	3	0.6102	0.1787	0.1721
ENSG00000223715.3	LINC01208	lncRNA	1	0	1	0.0151	0.0044	0.0043
ENSG00000223716.2	AL135785.1	lncRNA	0	0	0	0.0000	0.0000	0.0000
ENSG00000223717.1	DNAJA1P1	processed_pseudogene	0	0	0	0.0000	0.0000	0.0000
ENSG00000223718.3	AC093107.1	processed_pseudogene	2	1	1	0.2789	0.0817	0.0787
ENSG00000223719.1	AC069277.2	processed_pseudogene	0	0	0	0.0000	0.0000	0.0000
ENSG00000223720.2	AL109659.1	lncRNA	0	0	0	0.0000	0.0000	0.0000
ENSG00000223721.3	UQCRFS1P2	processed_pseudogene	0	0	0	0.0000	0.0000	0.0000
ENSG00000223722.3	IFITM3P2	processed_pseudogene	5	2	3	1.0562	0.3094	0.2979
ENSG00000223723.1	TFDP1P2	processed_pseudogene	1	0	1	0.0690	0.0202	0.0195
ENSG00000223724.1	RAD17P2	processed_pseudogene	0	1	0	0.0000	0.0000	0.0000
ENSG00000223725.6	AC009226.1	lncRNA	0	10	3	0.0000	0.0000	0.0000
ENSG00000223726.1	AL020994.1	lncRNA	0	0	0	0.0000	0.0000	0.0000
ENSG00000223727.6	AC034195.1	lncRNA	0	0	0	0.0000	0.0000	0.0000
ENSG00000223728.3	AC239801.1	processed_pseudogene	0	0	0	0.0000	0.0000	0.0000
ENSG00000223729.1	LINC02247	lncRNA	0	0	0	0.0000	0.0000	0.0000
ENSG00000223730.1	Z83838.1	transcribed_processed_pseudogene	0	0	0	0.0000	0.0000	0.0000
ENSG00000223731.3	SUPT20HL1	protein_coding	1	1	0	0.0308	0.0090	0.0087
ENSG00000223732.2	AL359706.1	lncRNA	0	0	0	0.0000	0.0000	0.0000
ENSG00000223733.1	RPL18AP14	processed_pseudogene	0	0	0	0.0000	0.0000	0.0000
ENSG00000223734.2	LAPTM4A-DT	lncRNA	0	0	0	0.0000	0.0000	0.0000
ENSG00000223735.1	OR51B3P	unprocessed_pseudogene	0	0	0	0.0000	0.0000	0.0000
ENSG00000223738.3	AC016930.1	processed_pseudogene	0	0	0	0.0000	0.0000	0.0000
ENSG00000223739.1	RPS15AP15	processed_pseudogene	1	0	1	0.2775	0.0813	0.0783
ENSG00000223740.1	AC092447.3	processed_pseudogene	0	0	0	0.0000	0.0000	0.0000
ENSG00000223741.1	PSMD4P1	processed_pseudogene	0	26	22	0.0000	0.0000	0.0000
ENSG00000223742.1	AC112495.1	lncRNA	0	0	0	0.0000	0.0000	0.0000
ENSG00000223744.1	RBMY2GP	unprocessed_pseudogene	0	0	0	0.0000	0.0000	0.0000
ENSG00000223745.8	CCDC18-AS1	lncRNA	279	171	169	3.7703	1.1044	1.0634
ENSG00000223746.1	ELOCP30	processed_pseudogene	0	0	0	0.0000	0.0000	0.0000
ENSG00000223749.11	MIR503HG	lncRNA	43	24	19	1.2160	0.3562	0.3430
ENSG00000223750.1	SIRPB3P	unprocessed_pseudogene	1	1	1	0.0698	0.0205	0.0197
ENSG00000223751.1	AC116609.1	lncRNA	0	0	0	0.0000	0.0000	0.0000
ENSG00000223753.2	AC234775.1	processed_pseudogene	1	1	0	0.1267	0.0371	0.0357
ENSG00000223754.1	AC008073.1	lncRNA	0	0	0	0.0000	0.0000	0.0000
ENSG00000223756.7	TSSC2	transcribed_unprocessed_pseudogene	10	5	5	0.2316	0.0679	0.0653
ENSG00000223760.4	MED15P9	transcribed_unprocessed_pseudogene	0	0	0	0.0000	0.0000	0.0000
ENSG00000223761.1	AL138767.2	lncRNA	0	0	0	0.0000	0.0000	0.0000
ENSG00000223764.2	LINC02593	lncRNA	16	10	6	0.3272	0.0959	0.0923
ENSG00000223765.3	LINC01626	lncRNA	0	0	0	0.0000	0.0000	0.0000
ENSG00000223768.2	LINC00205	lncRNA	520	261	260	5.7959	1.6977	1.6348
ENSG00000223770.5	CACNA2D1-AS1	lncRNA	0	0	0	0.0000	0.0000	0.0000
ENSG00000223772.1	GEMIN8P3	processed_pseudogene	0	0	0	0.0000	0.0000	0.0000
ENSG00000223773.7	CD99P1	transcribed_unprocessed_pseudogene	69	37	32	0.9896	0.2899	0.2791
ENSG00000223773.7_PAR_Y	CD99P1	transcribed_unprocessed_pseudogene	0	0	0	0.0000	0.0000	0.0000
ENSG00000223774.5	AL513217.1	lncRNA	0	24	22	0.0000	0.0000	0.0000
ENSG00000223776.5	LGALS8-AS1	lncRNA	0	54	44	0.0000	0.0000	0.0000
ENSG00000223777.1	AC092162.1	processed_pseudogene	0	0	0	0.0000	0.0000	0.0000
ENSG00000223779.6	AC239800.1	unprocessed_pseudogene	0	0	0	0.0000	0.0000	0.0000
ENSG00000223782.1	RPS21P8	processed_pseudogene	0	0	0	0.0000	0.0000	0.0000
ENSG00000223783.1	LINC01983	lncRNA	0	0	0	0.0000	0.0000	0.0000
ENSG00000223784.2	LINP1	lncRNA	1	0	1	0.0206	0.0060	0.0058
ENSG00000223786.1	AL357507.1	lncRNA	0	0	0	0.0000	0.0000	0.0000
ENSG00000223787.2	AL354890.1	processed_pseudogene	0	0	0	0.0000	0.0000	0.0000
ENSG00000223788.4	DIS3L2P1	unprocessed_pseudogene	0	0	0	0.0000	0.0000	0.0000
ENSG00000223791.1	UBE2E1-AS1	lncRNA	2	2	0	0.2183	0.0639	0.0616
ENSG00000223794.1	COX5BP8	processed_pseudogene	0	0	0	0.0000	0.0000	0.0000
ENSG00000223795.2	AL669970.1	lncRNA	0	0	0	0.0000	0.0000	0.0000
ENSG00000223797.6	ENTPD3-AS1	lncRNA	126	55	74	1.7112	0.5012	0.4826
ENSG00000223799.1	IL10RB-DT	lncRNA	54	582	561	2.0582	0.6029	0.5805
ENSG00000223800.1	AL355314.1	lncRNA	0	0	0	0.0000	0.0000	0.0000
ENSG00000223802.8	CERS1	protein_coding	538	273	265	12.2028	3.5744	3.4419
ENSG00000223803.1	RPS20P14	processed_pseudogene	46	21	25	10.8509	3.1784	3.0606
ENSG00000223804.5	AC244669.1	transcribed_unprocessed_pseudogene	6	4	2	0.4603	0.1348	0.1298
ENSG00000223806.8	LINC00114	lncRNA	0	0	0	0.0000	0.0000	0.0000
ENSG00000223807.1	BOLA3P4	processed_pseudogene	0	0	2	0.0000	0.0000	0.0000
ENSG00000223808.1	AC044784.1	lncRNA	0	0	0	0.0000	0.0000	0.0000
ENSG00000223809.1	AC234771.1	lncRNA	0	0	0	0.0000	0.0000	0.0000
ENSG00000223810.2	KRT8P28	processed_pseudogene	0	0	0	0.0000	0.0000	0.0000
ENSG00000223811.1	AL589684.1	lncRNA	0	0	0	0.0000	0.0000	0.0000
ENSG00000223812.8	AC073365.1	lncRNA	133	65	68	1.1702	0.3428	0.3301
ENSG00000223813.3	AC007255.1	lncRNA	0	3	4	0.0000	0.0000	0.0000
ENSG00000223814.1	AL691459.1	lncRNA	0	0	0	0.0000	0.0000	0.0000
ENSG00000223815.2	DIAPH3-AS2	lncRNA	0	0	0	0.0000	0.0000	0.0000
ENSG00000223816.5	IGKV1OR2-2	unprocessed_pseudogene	0	0	0	0.0000	0.0000	0.0000
ENSG00000223817.1	CDH23-AS1	lncRNA	0	0	0	0.0000	0.0000	0.0000
ENSG00000223819.2	PPIAP89	processed_pseudogene	1	1	0	0.1762	0.0516	0.0497
ENSG00000223820.5	CFL1P1	transcribed_unprocessed_pseudogene	31	38	26	0.9768	0.2861	0.2755
ENSG00000223822.2	EEF1A1P1	processed_pseudogene	22	11	11	2.5281	0.7405	0.7131
ENSG00000223823.1	LINC01342	lncRNA	0	0	0	0.0000	0.0000	0.0000
ENSG00000223824.1	TERF1P6	processed_pseudogene	2	1	1	0.3363	0.0985	0.0949
ENSG00000223825.5	DAZAP2P1	processed_pseudogene	57	37	20	9.6232	2.8188	2.7143
ENSG00000223826.1	LINC01870	lncRNA	1	1	0	0.2177	0.0638	0.0614
ENSG00000223828.1	BANF1P4	processed_pseudogene	0	0	0	0.0000	0.0000	0.0000
ENSG00000223829.6	AC004870.2	lncRNA	0	0	1	0.0000	0.0000	0.0000
ENSG00000223831.1	AC005006.1	lncRNA	2	1	1	0.6821	0.1998	0.1924
ENSG00000223834.5	AL161935.1	lncRNA	13	5	8	0.3346	0.0980	0.0944
ENSG00000223836.1	AC023141.1	unprocessed_pseudogene	0	0	0	0.0000	0.0000	0.0000
ENSG00000223837.2	AL645941.1	lncRNA	0	0	0	0.0000	0.0000	0.0000
ENSG00000223838.2	AC007091.1	lncRNA	1	0	1	0.0552	0.0162	0.0156
ENSG00000223839.8	FAM95B1	transcribed_unprocessed_pseudogene	2	1	1	0.0214	0.0063	0.0060
ENSG00000223841.1	AC006484.1	processed_pseudogene	0	0	0	0.0000	0.0000	0.0000
ENSG00000223842.1	AL360093.1	lncRNA	2	1	1	0.1508	0.0442	0.0425
ENSG00000223843.5	EFCAB6-AS1	lncRNA	1	0	1	0.0207	0.0061	0.0058
ENSG00000223845.1	VN1R40P	unitary_pseudogene	0	0	0	0.0000	0.0000	0.0000
ENSG00000223847.1	AL645474.1	processed_pseudogene	0	0	0	0.0000	0.0000	0.0000
ENSG00000223849.1	AL354893.1	processed_pseudogene	1	1	0	0.2440	0.0715	0.0688
ENSG00000223850.1	MYCNUT	lncRNA	0	0	0	0.0000	0.0000	0.0000
ENSG00000223855.2	HRAT92	lncRNA	5	4	1	0.1039	0.0304	0.0293
ENSG00000223856.1	RAB9AP2	unprocessed_pseudogene	0	0	0	0.0000	0.0000	0.0000
ENSG00000223859.1	AC007403.1	lncRNA	0	0	0	0.0000	0.0000	0.0000
ENSG00000223861.1	AL365436.1	processed_pseudogene	5	2	3	0.8578	0.2513	0.2419
ENSG00000223863.1	LINC01805	lncRNA	0	0	0	0.0000	0.0000	0.0000
ENSG00000223864.1	NPM1P19	processed_pseudogene	2	1	1	0.2385	0.0699	0.0673
ENSG00000223865.11	HLA-DPB1	protein_coding	9698	6078	5948	157.7094	46.1956	44.4829
ENSG00000223866.1	AC002486.1	processed_pseudogene	0	0	0	0.0000	0.0000	0.0000
ENSG00000223867.1	AC098592.1	processed_pseudogene	0	0	0	0.0000	0.0000	0.0000
ENSG00000223869.1	AC099563.1	processed_pseudogene	0	0	0	0.0000	0.0000	0.0000
ENSG00000223870.1	AP000233.1	lncRNA	0	0	0	0.0000	0.0000	0.0000
ENSG00000223872.2	AC006372.1	lncRNA	0	0	0	0.0000	0.0000	0.0000
ENSG00000223873.1	SAP18P2	processed_pseudogene	0	0	0	0.0000	0.0000	0.0000
ENSG00000223874.2	LINC01921	lncRNA	0	0	0	0.0000	0.0000	0.0000
ENSG00000223875.2	NBEAP3	unprocessed_pseudogene	0	0	0	0.0000	0.0000	0.0000
ENSG00000223876.1	RPS27P1	processed_pseudogene	1	0	1	0.3438	0.1007	0.0970
ENSG00000223877.4	RPS8P10	unprocessed_pseudogene	0	0	0	0.0000	0.0000	0.0000
ENSG00000223878.1	PPIAP53	processed_pseudogene	13	6	10	2.2576	0.6613	0.6368
ENSG00000223880.1	LINC01078	lncRNA	0	0	0	0.0000	0.0000	0.0000
ENSG00000223881.1	AL157402.1	lncRNA	1	0	1	0.2339	0.0685	0.0660
ENSG00000223882.1	ABCC5-AS1	lncRNA	0	0	0	0.0000	0.0000	0.0000
ENSG00000223883.2	LINC01707	lncRNA	0	0	0	0.0000	0.0000	0.0000
ENSG00000223884.7	AC068481.1	lncRNA	7	4	5	0.2884	0.0845	0.0814
ENSG00000223885.4	FAM90A13P	unprocessed_pseudogene	0	0	0	0.0000	0.0000	0.0000
ENSG00000223886.3	AC073073.1	processed_pseudogene	24	11	13	4.4019	1.2894	1.2416
ENSG00000223889.1	AC073188.1	processed_pseudogene	0	0	0	0.0000	0.0000	0.0000
ENSG00000223890.1	AC008171.1	processed_pseudogene	0	0	0	0.0000	0.0000	0.0000
ENSG00000223891.6	OSER1-DT	lncRNA	571	277	295	5.2484	1.5373	1.4803
ENSG00000223893.1	GNL2P1	processed_pseudogene	0	0	0	0.0000	0.0000	0.0000
ENSG00000223896.2	CCNJP2	processed_pseudogene	0	0	0	0.0000	0.0000	0.0000
ENSG00000223897.1	AC069157.1	processed_pseudogene	0	0	0	0.0000	0.0000	0.0000
ENSG00000223899.1	SEC13P1	processed_pseudogene	1	0	1	0.0896	0.0262	0.0253
ENSG00000223901.2	AP001469.1	lncRNA	1	144	156	0.0760	0.0223	0.0214
ENSG00000223903.1	RPL23P4	processed_pseudogene	0	0	0	0.0000	0.0000	0.0000
ENSG00000223904.2	HMGB1P12	processed_pseudogene	0	0	0	0.0000	0.0000	0.0000
ENSG00000223905.1	AC103592.1	processed_pseudogene	0	0	0	0.0000	0.0000	0.0000
ENSG00000223906.1	AC104457.2	lncRNA	0	0	0	0.0000	0.0000	0.0000
ENSG00000223908.5	AC068657.1	processed_pseudogene	3	1	2	0.8326	0.2439	0.2348
ENSG00000223910.1	ZNF32-AS3	lncRNA	0	0	0	0.0000	0.0000	0.0000
ENSG00000223911.1	AC009480.1	lncRNA	0	16	11	0.0000	0.0000	0.0000
ENSG00000223912.1	EEF1A1P36	processed_pseudogene	0	0	0	0.0000	0.0000	0.0000
ENSG00000223914.4	LINC02471	lncRNA	0	0	0	0.0000	0.0000	0.0000
ENSG00000223915.1	DPPA2P1	processed_pseudogene	0	0	0	0.0000	0.0000	0.0000
ENSG00000223916.1	AC097638.1	processed_pseudogene	1	0	1	0.1649	0.0483	0.0465
ENSG00000223917.1	AC009237.1	unprocessed_pseudogene	0	0	0	0.0000	0.0000	0.0000
ENSG00000223918.1	AL513328.1	processed_pseudogene	0	0	0	0.0000	0.0000	0.0000
ENSG00000223920.2	AC099791.1	processed_pseudogene	0	0	0	0.0000	0.0000	0.0000
ENSG00000223921.1	MTND1P27	processed_pseudogene	0	0	0	0.0000	0.0000	0.0000
ENSG00000223922.1	ASS1P2	processed_pseudogene	5	3	2	0.3472	0.1017	0.0979
ENSG00000223923.2	TNS1-AS1	lncRNA	4	16	23	0.1649	0.0483	0.0465
ENSG00000223928.1	NUP35P1	processed_pseudogene	0	0	0	0.0000	0.0000	0.0000
ENSG00000223930.7	AC117453.1	lncRNA	5	4	1	0.0388	0.0114	0.0109
ENSG00000223931.2	AC142381.1	unprocessed_pseudogene	23	11	13	5.6614	1.6583	1.5968
ENSG00000223935.3	LGALSL-DT	lncRNA	4	2	2	0.1063	0.0311	0.0300
ENSG00000223940.1	KRT8P8	processed_pseudogene	0	0	0	0.0000	0.0000	0.0000
ENSG00000223941.5	LINC01014	lncRNA	0	0	0	0.0000	0.0000	0.0000
ENSG00000223942.2	AL590302.1	lncRNA	0	0	0	0.0000	0.0000	0.0000
ENSG00000223944.2	AL353604.1	lncRNA	0	0	0	0.0000	0.0000	0.0000
ENSG00000223945.2	AC244033.1	processed_pseudogene	4	6	2	0.3904	0.1144	0.1101
ENSG00000223946.1	AL513008.1	lncRNA	0	0	0	0.0000	0.0000	0.0000
ENSG00000223947.1	AC016738.1	lncRNA	1	13	7	0.0244	0.0071	0.0069
ENSG00000223948.1	AC092648.1	processed_pseudogene	0	0	0	0.0000	0.0000	0.0000
ENSG00000223949.8	ROR1-AS1	lncRNA	44	25	19	0.8098	0.2372	0.2284
ENSG00000223951.1	H2ACP2	processed_pseudogene	0	0	0	0.0000	0.0000	0.0000
ENSG00000223953.6	C1QTNF5	protein_coding	0	0	0	0.0000	0.0000	0.0000
ENSG00000223955.1	MTND6P1	processed_pseudogene	0	0	0	0.0000	0.0000	0.0000
ENSG00000223956.3	LINC01767	lncRNA	3	1	2	0.1156	0.0339	0.0326
ENSG00000223958.1	AC244505.2	processed_pseudogene	0	0	0	0.0000	0.0000	0.0000
ENSG00000223959.8	AFG3L1P	transcribed_unitary_pseudogene	219	118	120	1.9511	0.5715	0.5503
ENSG00000223960.7	CHROMR	lncRNA	482	801	826	3.7394	1.0953	1.0547
ENSG00000223962.1	UBBP3	processed_pseudogene	0	0	0	0.0000	0.0000	0.0000
ENSG00000223963.2	THAP12P8	processed_pseudogene	1	1	0	0.0402	0.0118	0.0113
ENSG00000223965.2	ZNF587P1	processed_pseudogene	0	0	0	0.0000	0.0000	0.0000
ENSG00000223966.1	AL159990.1	lncRNA	0	0	0	0.0000	0.0000	0.0000
ENSG00000223967.1	AL603910.1	processed_pseudogene	0	0	0	0.0000	0.0000	0.0000
ENSG00000223968.1	AC098614.1	processed_pseudogene	2	2	0	0.6660	0.1951	0.1879
ENSG00000223969.6	AC002456.1	lncRNA	1	0	4	0.0191	0.0056	0.0054
ENSG00000223970.1	AC074397.1	processed_pseudogene	0	0	0	0.0000	0.0000	0.0000
ENSG00000223972.5	DDX11L1	transcribed_unprocessed_pseudogene	0	0	0	0.0000	0.0000	0.0000
ENSG00000223973.2	PAFAH1B1P2	transcribed_processed_pseudogene	0	0	0	0.0000	0.0000	0.0000
ENSG00000223974.1	BNIP3P42	processed_pseudogene	1	0	1	0.1492	0.0437	0.0421
ENSG00000223975.1	AP001048.1	lncRNA	0	0	0	0.0000	0.0000	0.0000
ENSG00000223976.1	EXTL2P1	processed_pseudogene	0	0	0	0.0000	0.0000	0.0000
ENSG00000223977.1	AC138623.1	processed_pseudogene	0	0	0	0.0000	0.0000	0.0000
ENSG00000223978.1	ZNF736P1Y	processed_pseudogene	0	0	0	0.0000	0.0000	0.0000
ENSG00000223979.2	SMCR2	lncRNA	1	1	0	0.1506	0.0441	0.0425
ENSG00000223982.3	SNRPD2P2	processed_pseudogene	0	0	0	0.0000	0.0000	0.0000
ENSG00000223984.1	HNRNPRP1	processed_pseudogene	1	0	1	0.0501	0.0147	0.0141
ENSG00000223985.2	LINC01874	lncRNA	0	0	0	0.0000	0.0000	0.0000
ENSG00000223986.1	AC069421.1	processed_pseudogene	0	0	0	0.0000	0.0000	0.0000
ENSG00000223987.1	RPL26P28	processed_pseudogene	0	0	0	0.0000	0.0000	0.0000
ENSG00000223989.1	AL357140.1	lncRNA	0	492	435	0.0000	0.0000	0.0000
ENSG00000223991.1	AC104809.1	lncRNA	0	0	0	0.0000	0.0000	0.0000
ENSG00000223993.2	LINC02647	lncRNA	0	0	0	0.0000	0.0000	0.0000
ENSG00000223995.2	RPL32P35	processed_pseudogene	0	0	0	0.0000	0.0000	0.0000
ENSG00000223997.1	TRDD1	TR_D_gene	0	0	0	0.0000	0.0000	0.0000
ENSG00000223999.1	AC244250.1	lncRNA	0	0	0	0.0000	0.0000	0.0000
ENSG00000224000.1	Z97198.1	lncRNA	0	0	0	0.0000	0.0000	0.0000
ENSG00000224001.2	AL360081.1	processed_pseudogene	0	0	0	0.0000	0.0000	0.0000
ENSG00000224003.1	YES1P1	processed_pseudogene	8	5	3	0.4173	0.1222	0.1177
ENSG00000224004.2	ATP5F1CP1	processed_pseudogene	5	4	1	0.4744	0.1390	0.1338
ENSG00000224007.1	USP12P2	processed_pseudogene	0	0	0	0.0000	0.0000	0.0000
ENSG00000224008.1	LINC01441	lncRNA	0	0	0	0.0000	0.0000	0.0000
ENSG00000224011.1	AC110602.1	processed_pseudogene	1	1	0	0.2670	0.0782	0.0753
ENSG00000224012.3	AC116917.1	processed_pseudogene	0	0	0	0.0000	0.0000	0.0000
ENSG00000224014.1	AL390728.3	processed_pseudogene	2	1	1	0.6290	0.1843	0.1774
ENSG00000224015.1	AC063976.1	lncRNA	0	0	0	0.0000	0.0000	0.0000
ENSG00000224016.2	AC092681.1	unprocessed_pseudogene	0	2	0	0.0000	0.0000	0.0000
ENSG00000224017.2	LINC01449	lncRNA	0	0	0	0.0000	0.0000	0.0000
ENSG00000224018.2	AP000470.1	lncRNA	0	0	0	0.0000	0.0000	0.0000
ENSG00000224019.1	RPL21P32	processed_pseudogene	0	0	0	0.0000	0.0000	0.0000
ENSG00000224020.1	MIR181A2HG	lncRNA	6	2	4	0.7697	0.2254	0.2171
ENSG00000224023.10	EDRF1-DT	lncRNA	5	10	1	0.1237	0.0362	0.0349
ENSG00000224025.2	AL353616.1	processed_pseudogene	1	0	1	0.0297	0.0087	0.0084
ENSG00000224027.1	AL133456.1	lncRNA	0	0	0	0.0000	0.0000	0.0000
ENSG00000224028.1	LINC01853	lncRNA	0	0	0	0.0000	0.0000	0.0000
ENSG00000224029.1	AL450344.1	lncRNA	0	0	0	0.0000	0.0000	0.0000
ENSG00000224031.1	TCEAL3-AS1	lncRNA	0	0	0	0.0000	0.0000	0.0000
ENSG00000224032.7	EPB41L4A-AS1	lncRNA	306	219	195	6.6579	1.9502	1.8779
ENSG00000224033.1	CDY8P	unprocessed_pseudogene	0	0	0	0.0000	0.0000	0.0000
ENSG00000224034.1	LINC02561	lncRNA	4	1	3	0.4909	0.1438	0.1385
ENSG00000224035.1	SFPQP1	processed_pseudogene	0	0	0	0.0000	0.0000	0.0000
ENSG00000224038.1	BX005214.1	lncRNA	0	0	0	0.0000	0.0000	0.0000
ENSG00000224039.1	CDYLP1	unprocessed_pseudogene	0	0	0	0.0000	0.0000	0.0000
ENSG00000224040.1	HMGN1P4	processed_pseudogene	3	2	1	0.8785	0.2573	0.2478
ENSG00000224041.3	IGKV3D-15	IG_V_gene	107	57	120	22.9457	6.7211	6.4720
ENSG00000224042.2	MTND4P6	processed_pseudogene	0	0	0	0.0000	0.0000	0.0000
ENSG00000224043.8	CCNT2-AS1	lncRNA	25	14	19	0.4102	0.1202	0.1157
ENSG00000224045.1	PAEPP1	transcribed_unprocessed_pseudogene	0	0	0	0.0000	0.0000	0.0000
ENSG00000224046.2	AC005076.1	lncRNA	13	4	9	1.2158	0.3561	0.3429
ENSG00000224048.6	LINC02612	lncRNA	0	0	0	0.0000	0.0000	0.0000
ENSG00000224049.1	AC108681.1	lncRNA	0	0	0	0.0000	0.0000	0.0000
ENSG00000224051.7	CPTP	protein_coding	1718	842	877	57.1011	16.7258	16.1057
ENSG00000224054.1	AL022163.1	processed_pseudogene	0	0	0	0.0000	0.0000	0.0000
ENSG00000224055.1	GAPDHP55	processed_pseudogene	2	1	1	0.2115	0.0620	0.0597
ENSG00000224057.1	EGFR-AS1	lncRNA	0	2	0	0.0000	0.0000	0.0000
ENSG00000224058.2	AC006509.1	processed_pseudogene	0	0	0	0.0000	0.0000	0.0000
ENSG00000224059.1	HSPA8P16	processed_pseudogene	2	0	2	0.0911	0.0267	0.0257
ENSG00000224060.3	ARSLP1	transcribed_unprocessed_pseudogene	9	4	5	0.9773	0.2863	0.2757
ENSG00000224061.1	SRSF3P4	processed_pseudogene	0	0	0	0.0000	0.0000	0.0000
ENSG00000224062.4	TUBB4BP5	processed_pseudogene	0	0	0	0.0000	0.0000	0.0000
ENSG00000224063.6	AC007319.1	lncRNA	3	16	13	0.1395	0.0409	0.0394
ENSG00000224064.1	AL356390.1	processed_pseudogene	0	0	0	0.0000	0.0000	0.0000
ENSG00000224065.2	SRIP2	processed_pseudogene	0	0	0	0.0000	0.0000	0.0000
ENSG00000224066.1	AL049795.1	lncRNA	0	62	61	0.0000	0.0000	0.0000
ENSG00000224067.2	AL354877.1	processed_pseudogene	1	1	0	0.2056	0.0602	0.0580
ENSG00000224069.1	BX842559.1	processed_pseudogene	0	0	0	0.0000	0.0000	0.0000
ENSG00000224070.1	HMGN1P6	processed_pseudogene	0	0	0	0.0000	0.0000	0.0000
ENSG00000224071.1	DNMT3AP1	processed_pseudogene	0	0	0	0.0000	0.0000	0.0000
ENSG00000224072.1	VEZTP1	processed_pseudogene	2	2	0	0.0739	0.0216	0.0208
ENSG00000224074.3	LINC00691	lncRNA	0	0	0	0.0000	0.0000	0.0000
ENSG00000224075.2	TTTY22	lncRNA	0	0	0	0.0000	0.0000	0.0000
ENSG00000224076.5	AC009487.1	lncRNA	0	0	0	0.0000	0.0000	0.0000
ENSG00000224077.1	AP000936.1	lncRNA	0	0	0	0.0000	0.0000	0.0000
ENSG00000224078.15	SNHG14	lncRNA	1069	638	679	0.7404	0.2169	0.2088
ENSG00000224079.1	AC091729.1	lncRNA	0	0	0	0.0000	0.0000	0.0000
ENSG00000224080.1	UBE2FP1	processed_pseudogene	26	15	11	4.9394	1.4468	1.3932
ENSG00000224081.9	SLC44A3-AS1	transcribed_processed_pseudogene	55	35	20	0.4559	0.1335	0.1286
ENSG00000224082.1	UBTFL8	unprocessed_pseudogene	0	0	0	0.0000	0.0000	0.0000
ENSG00000224083.1	MTCO1P11	unprocessed_pseudogene	0	0	0	0.0000	0.0000	0.0000
ENSG00000224085.3	RPL23AP41	processed_pseudogene	0	0	0	0.0000	0.0000	0.0000
ENSG00000224086.6	PPM1F-AS1	lncRNA	105	900	961	0.2354	0.0690	0.0664
ENSG00000224087.1	POTEF-AS1	lncRNA	0	0	0	0.0000	0.0000	0.0000
ENSG00000224089.3	CT47A10	protein_coding	0	0	0	0.0000	0.0000	0.0000
ENSG00000224090.1	AC097468.1	lncRNA	0	0	0	0.0000	0.0000	0.0000
ENSG00000224091.1	AC104389.2	lncRNA	0	0	0	0.0000	0.0000	0.0000
ENSG00000224092.1	AL591644.1	processed_pseudogene	0	0	0	0.0000	0.0000	0.0000
ENSG00000224093.5	BCAR3-AS1	lncRNA	1	92	91	0.0435	0.0127	0.0123
ENSG00000224094.1	RPS24P8	processed_pseudogene	15	9	6	3.1687	0.9282	0.8937
ENSG00000224095.1	LINC01935	lncRNA	0	0	0	0.0000	0.0000	0.0000
ENSG00000224097.5	AC021148.1	transcribed_processed_pseudogene	7	4	3	0.3601	0.1055	0.1016
ENSG00000224099.2	AC104823.1	lncRNA	0	0	0	0.0000	0.0000	0.0000
ENSG00000224100.1	AP001630.1	lncRNA	0	0	0	0.0000	0.0000	0.0000
ENSG00000224101.1	ELMO1-AS1	lncRNA	0	27	21	0.0000	0.0000	0.0000
ENSG00000224104.1	AC079809.1	processed_pseudogene	0	0	0	0.0000	0.0000	0.0000
ENSG00000224106.1	CYP4F25P	unprocessed_pseudogene	0	0	0	0.0000	0.0000	0.0000
ENSG00000224107.5	ETDB	protein_coding	0	0	0	0.0000	0.0000	0.0000
ENSG00000224109.3	CENPVL3	protein_coding	0	0	0	0.0000	0.0000	0.0000
ENSG00000224110.3	MTRF1LP2	processed_pseudogene	0	0	0	0.0000	0.0000	0.0000
ENSG00000224114.1	AL591846.1	processed_pseudogene	37	26	11	7.2565	2.1255	2.0467
ENSG00000224116.7	INHBA-AS1	lncRNA	12	12	3	0.1775	0.0520	0.0501
ENSG00000224117.1	PTPN2P2	processed_pseudogene	1	1	0	0.0829	0.0243	0.0234
ENSG00000224121.1	ATG12P2	processed_pseudogene	0	0	0	0.0000	0.0000	0.0000
ENSG00000224122.2	POU6F2-AS1	lncRNA	0	0	0	0.0000	0.0000	0.0000
ENSG00000224124.3	POM121L10P	processed_pseudogene	0	0	0	0.0000	0.0000	0.0000
ENSG00000224126.2	UBE2SP2	processed_pseudogene	10	4	6	1.7087	0.5005	0.4819
ENSG00000224127.1	AC099786.1	lncRNA	0	0	0	0.0000	0.0000	0.0000
ENSG00000224128.1	LINC01248	lncRNA	0	0	0	0.0000	0.0000	0.0000
ENSG00000224129.1	DPPA2P2	processed_pseudogene	0	0	0	0.0000	0.0000	0.0000
ENSG00000224132.2	AC112715.1	lncRNA	3	3	0	0.7279	0.2132	0.2053
ENSG00000224134.1	AC004866.2	unprocessed_pseudogene	0	0	0	0.0000	0.0000	0.0000
ENSG00000224136.1	AC007568.1	processed_pseudogene	1	1	0	0.1803	0.0528	0.0509
ENSG00000224137.1	LINC01857	lncRNA	17	9	8	2.9342	0.8595	0.8276
ENSG00000224138.1	AC000123.1	lncRNA	21	20	15	3.4561	1.0123	0.9748
ENSG00000224141.6	MIR548XHG	lncRNA	2	0	2	0.0620	0.0182	0.0175
ENSG00000224142.1	AMMECR1-IT1	lncRNA	0	0	0	0.0000	0.0000	0.0000
ENSG00000224144.1	ASH2LP1	processed_pseudogene	0	0	0	0.0000	0.0000	0.0000
ENSG00000224149.1	AC099786.2	lncRNA	1	0	1	0.0385	0.0113	0.0109
ENSG00000224151.1	USP9YP28	unprocessed_pseudogene	0	0	0	0.0000	0.0000	0.0000
ENSG00000224152.1	AC009506.1	lncRNA	63	96	88	3.5810	1.0489	1.0100
ENSG00000224153.3	LINC02054	lncRNA	1	1	0	0.0209	0.0061	0.0059
ENSG00000224155.2	AC073136.2	processed_pseudogene	0	0	0	0.0000	0.0000	0.0000
ENSG00000224157.1	HCG14	lncRNA	1	1	0	0.2056	0.0602	0.0580
ENSG00000224159.1	HMGB1P9	processed_pseudogene	0	0	0	0.0000	0.0000	0.0000
ENSG00000224160.1	CICP10	processed_pseudogene	0	0	0	0.0000	0.0000	0.0000
ENSG00000224161.3	RPS26P54	processed_pseudogene	2	1	1	0.4880	0.1430	0.1377
ENSG00000224162.1	UQCRHP3	processed_pseudogene	0	0	0	0.0000	0.0000	0.0000
ENSG00000224163.4	AC025594.1	unprocessed_pseudogene	0	0	0	0.0000	0.0000	0.0000
ENSG00000224164.2	LINC02828	lncRNA	0	0	0	0.0000	0.0000	0.0000
ENSG00000224165.6	DNAJC27-AS1	lncRNA	30	16	19	0.4402	0.1290	0.1242
ENSG00000224166.1	PRYP1	unprocessed_pseudogene	0	0	0	0.0000	0.0000	0.0000
ENSG00000224167.2	LINC01357	lncRNA	0	33	18	0.0000	0.0000	0.0000
ENSG00000224169.1	HSFY6P	unprocessed_pseudogene	0	0	0	0.0000	0.0000	0.0000
ENSG00000224172.1	AC091799.1	processed_pseudogene	1	1	0	0.1047	0.0307	0.0295
ENSG00000224173.2	LINC02831	lncRNA	20	12	10	0.4851	0.1421	0.1368
ENSG00000224174.2	AL137802.1	lncRNA	0	0	0	0.0000	0.0000	0.0000
ENSG00000224177.8	LINC00570	lncRNA	0	0	0	0.0000	0.0000	0.0000
ENSG00000224183.1	SDHDP6	processed_pseudogene	1	0	1	0.1769	0.0518	0.0499
ENSG00000224184.6	MIR3681HG	lncRNA	313	166	149	3.1478	0.9220	0.8879
ENSG00000224185.1	SNX18P9	processed_pseudogene	1	1	0	0.1017	0.0298	0.0287
ENSG00000224186.8	C5orf66	lncRNA	4	731	729	0.0511	0.0150	0.0144
ENSG00000224187.1	LINC01991	lncRNA	0	0	0	0.0000	0.0000	0.0000
ENSG00000224188.1	UBE2D3P4	processed_pseudogene	0	0	0	0.0000	0.0000	0.0000
ENSG00000224189.8	HAGLR	lncRNA	1401	689	718	23.2370	6.8065	6.5541
ENSG00000224190.2	LINC02667	lncRNA	0	0	0	0.0000	0.0000	0.0000
ENSG00000224192.2	SEZ6L-AS1	lncRNA	0	0	0	0.0000	0.0000	0.0000
ENSG00000224194.1	AC008278.1	lncRNA	1	1	0	0.1495	0.0438	0.0422
ENSG00000224195.1	AC022400.1	lncRNA	3	68	81	0.5725	0.1677	0.1615
ENSG00000224203.2	RPS23P10	unprocessed_pseudogene	6	5	7	1.0484	0.3071	0.2957
ENSG00000224204.1	PHEX-AS1	lncRNA	0	0	0	0.0000	0.0000	0.0000
ENSG00000224205.2	AC253536.1	transcribed_unprocessed_pseudogene	5	5	0	0.6074	0.1779	0.1713
ENSG00000224207.3	AC018797.1	processed_pseudogene	0	0	0	0.0000	0.0000	0.0000
ENSG00000224208.1	ZCRB1P1	processed_pseudogene	9	4	5	1.1942	0.3498	0.3368
ENSG00000224209.8	LINC00466	lncRNA	19	12	13	0.2192	0.0642	0.0618
ENSG00000224210.1	TRIM60P5Y	processed_pseudogene	0	0	0	0.0000	0.0000	0.0000
ENSG00000224215.1	AL606469.1	lncRNA	0	4	3	0.0000	0.0000	0.0000
ENSG00000224216.1	AC234781.1	lncRNA	0	0	0	0.0000	0.0000	0.0000
ENSG00000224217.1	PRPF4BP1	processed_pseudogene	0	0	0	0.0000	0.0000	0.0000
ENSG00000224218.1	AC107072.1	lncRNA	0	0	0	0.0000	0.0000	0.0000
ENSG00000224219.1	SEC61GP1	processed_pseudogene	0	0	0	0.0000	0.0000	0.0000
ENSG00000224220.1	DTNB-AS1	lncRNA	3	43	54	0.6154	0.1803	0.1736
ENSG00000224221.1	RPS6P8	processed_pseudogene	0	0	0	0.0000	0.0000	0.0000
ENSG00000224222.2	LINC02636	lncRNA	0	0	0	0.0000	0.0000	0.0000
ENSG00000224223.1	VSTM2A-OT1	lncRNA	0	0	0	0.0000	0.0000	0.0000
ENSG00000224224.1	HAUS1P2	processed_pseudogene	3	1	2	0.3250	0.0952	0.0917
ENSG00000224227.3	OR2L1P	transcribed_unprocessed_pseudogene	2	1	1	0.1660	0.0486	0.0468
ENSG00000224228.2	AL031599.1	lncRNA	0	0	0	0.0000	0.0000	0.0000
ENSG00000224231.2	LINC01832	lncRNA	0	0	0	0.0000	0.0000	0.0000
ENSG00000224232.1	KCTD5P1	processed_pseudogene	7	3	4	0.8768	0.2568	0.2473
ENSG00000224233.1	OR2J4P	unprocessed_pseudogene	0	0	0	0.0000	0.0000	0.0000
ENSG00000224236.3	MRRFP1	processed_pseudogene	0	0	0	0.0000	0.0000	0.0000
ENSG00000224237.1	MICOS10P3	processed_pseudogene	49	30	19	20.4980	6.0042	5.7816
ENSG00000224238.2	WARS2-IT1	lncRNA	2	1	1	0.0824	0.0242	0.0233
ENSG00000224239.1	AC090044.1	lncRNA	0	0	0	0.0000	0.0000	0.0000
ENSG00000224240.1	CYCSP49	processed_pseudogene	0	0	0	0.0000	0.0000	0.0000
ENSG00000224243.2	SOX1-OT	lncRNA	0	0	0	0.0000	0.0000	0.0000
ENSG00000224244.1	AC073508.1	unprocessed_pseudogene	0	0	0	0.0000	0.0000	0.0000
ENSG00000224245.1	AL358232.1	unprocessed_pseudogene	0	0	0	0.0000	0.0000	0.0000
ENSG00000224247.1	AJ009632.1	lncRNA	0	0	0	0.0000	0.0000	0.0000
ENSG00000224250.1	AC025947.1	lncRNA	0	0	0	0.0000	0.0000	0.0000
ENSG00000224251.6	AL391427.1	lncRNA	1	0	1	0.1762	0.0516	0.0497
ENSG00000224252.1	AC113618.1	processed_pseudogene	0	0	0	0.0000	0.0000	0.0000
ENSG00000224254.2	MTCO1P39	unprocessed_pseudogene	0	0	0	0.0000	0.0000	0.0000
ENSG00000224255.2	PDCL3P6	processed_pseudogene	0	0	0	0.0000	0.0000	0.0000
ENSG00000224256.1	Z93930.1	processed_pseudogene	0	0	0	0.0000	0.0000	0.0000
ENSG00000224257.1	VWC2L-IT1	lncRNA	0	0	0	0.0000	0.0000	0.0000
ENSG00000224259.7	LINC01133	lncRNA	6	2	4	0.1386	0.0406	0.0391
ENSG00000224260.6	AL023754.1	lncRNA	16	7	13	1.2710	0.3723	0.3585
ENSG00000224261.2	RPSAP18	processed_pseudogene	5	1	4	0.4792	0.1404	0.1352
ENSG00000224263.1	CYCSP12	processed_pseudogene	0	0	0	0.0000	0.0000	0.0000
ENSG00000224265.1	LINC02633	lncRNA	0	0	0	0.0000	0.0000	0.0000
ENSG00000224267.1	AL772155.1	lncRNA	0	0	0	0.0000	0.0000	0.0000
ENSG00000224269.1	AP000697.1	lncRNA	0	0	0	0.0000	0.0000	0.0000
ENSG00000224271.7	AL117329.1	lncRNA	2	2	1	0.0051	0.0015	0.0014
ENSG00000224272.2	AC131097.2	lncRNA	1	0	1	0.0377	0.0111	0.0106
ENSG00000224273.2	AC005077.2	transcribed_unprocessed_pseudogene	0	0	0	0.0000	0.0000	0.0000
ENSG00000224274.1	ENSAP1	processed_pseudogene	0	0	0	0.0000	0.0000	0.0000
ENSG00000224276.1	ARHGEF2-AS1	lncRNA	0	0	0	0.0000	0.0000	0.0000
ENSG00000224277.5	AP000345.1	lncRNA	0	1	0	0.0000	0.0000	0.0000
ENSG00000224278.1	AL592447.1	processed_pseudogene	0	0	0	0.0000	0.0000	0.0000
ENSG00000224279.2	RPS29P31	processed_pseudogene	0	0	0	0.0000	0.0000	0.0000
ENSG00000224280.1	AC005014.1	processed_pseudogene	4	2	2	0.1141	0.0334	0.0322
ENSG00000224281.5	SLC25A5-AS1	lncRNA	97	1761	1648	2.6208	0.7677	0.7392
ENSG00000224282.3	AC010469.1	processed_pseudogene	2	0	2	0.2949	0.0864	0.0832
ENSG00000224286.6	LINC01142	lncRNA	0	0	0	0.0000	0.0000	0.0000
ENSG00000224287.2	MSL3P1	transcribed_processed_pseudogene	6	3	3	0.2237	0.0655	0.0631
ENSG00000224288.2	MTCYBP11	processed_pseudogene	0	0	0	0.0000	0.0000	0.0000
ENSG00000224289.1	IFIT6P	unprocessed_pseudogene	0	0	0	0.0000	0.0000	0.0000
ENSG00000224291.1	RPL38P6	processed_pseudogene	1	0	1	0.4183	0.1225	0.1180
ENSG00000224292.1	AF196972.1	lncRNA	6	2	4	0.7803	0.2286	0.2201
ENSG00000224294.1	PINCR	lncRNA	14	10	4	0.5336	0.1563	0.1505
ENSG00000224295.3	OLFM5P	unitary_pseudogene	0	0	0	0.0000	0.0000	0.0000
ENSG00000224296.3	MRPL49P1	processed_pseudogene	0	0	0	0.0000	0.0000	0.0000
ENSG00000224297.2	AL158825.1	processed_pseudogene	0	0	0	0.0000	0.0000	0.0000
ENSG00000224299.1	MTATP6P16	unprocessed_pseudogene	18	10	8	2.9060	0.8512	0.8197
ENSG00000224300.1	OR51P1P	unprocessed_pseudogene	0	0	0	0.0000	0.0000	0.0000
ENSG00000224301.2	AL590502.1	lncRNA	1	0	1	0.1506	0.0441	0.0425
ENSG00000224302.1	AL500527.1	processed_pseudogene	0	0	0	0.0000	0.0000	0.0000
ENSG00000224307.2	AL161785.1	lncRNA	11	4	7	0.7850	0.2299	0.2214
ENSG00000224308.1	LINC01527	lncRNA	0	0	0	0.0000	0.0000	0.0000
ENSG00000224309.7	ANKRD30BP2	transcribed_unprocessed_pseudogene	0	0	0	0.0000	0.0000	0.0000
ENSG00000224310.1	LINC01567	lncRNA	2	1	1	0.0584	0.0171	0.0165
ENSG00000224311.1	AL590640.1	lncRNA	0	0	0	0.0000	0.0000	0.0000
ENSG00000224312.1	MCCD1P2	unprocessed_pseudogene	1	1	0	0.2535	0.0743	0.0715
ENSG00000224314.1	TCERG1P1	processed_pseudogene	0	0	0	0.0000	0.0000	0.0000
ENSG00000224315.2	RPL7P7	processed_pseudogene	7	7	1	0.8456	0.2477	0.2385
ENSG00000224316.1	GTF2IP5	unprocessed_pseudogene	2	1	1	0.2323	0.0681	0.0655
ENSG00000224318.6	CHL1-AS2	lncRNA	15	54	71	0.3293	0.0965	0.0929
ENSG00000224321.1	RPL12P14	processed_pseudogene	0	0	0	0.0000	0.0000	0.0000
ENSG00000224322.2	AC004009.1	lncRNA	0	0	0	0.0000	0.0000	0.0000
ENSG00000224323.2	DPRXP1	processed_pseudogene	0	0	0	0.0000	0.0000	0.0000
ENSG00000224324.1	THAP5P1	processed_pseudogene	1	1	0	0.3241	0.0949	0.0914
ENSG00000224326.1	AL136234.1	lncRNA	0	0	0	0.0000	0.0000	0.0000
ENSG00000224328.1	MDC1-AS1	lncRNA	0	146	145	0.0000	0.0000	0.0000
ENSG00000224329.2	LINC00297	lncRNA	6	3	3	0.5581	0.1635	0.1574
ENSG00000224330.2	AC005019.2	lncRNA	0	0	0	0.0000	0.0000	0.0000
ENSG00000224331.2	AC019181.1	processed_pseudogene	6	4	2	1.6436	0.4814	0.4636
ENSG00000224333.1	GAPDHP20	processed_pseudogene	2	0	2	0.1687	0.0494	0.0476
ENSG00000224334.1	AP000357.1	processed_pseudogene	4	3	2	0.2916	0.0854	0.0822
ENSG00000224335.2	AC239809.1	unprocessed_pseudogene	0	0	0	0.0000	0.0000	0.0000
ENSG00000224336.2	FAM197Y1	unprocessed_pseudogene	0	0	0	0.0000	0.0000	0.0000
ENSG00000224337.1	FAM8A3P	processed_pseudogene	0	0	0	0.0000	0.0000	0.0000
ENSG00000224338.2	MTCYBP45	processed_pseudogene	0	0	0	0.0000	0.0000	0.0000
ENSG00000224339.1	SC4MOP	processed_pseudogene	0	0	0	0.0000	0.0000	0.0000
ENSG00000224340.1	AL590639.1	processed_pseudogene	0	0	0	0.0000	0.0000	0.0000
ENSG00000224341.1	AKR7A2P2	processed_pseudogene	3	1	3	0.2657	0.0778	0.0749
ENSG00000224342.1	AC007879.1	lncRNA	0	0	0	0.0000	0.0000	0.0000
ENSG00000224344.1	KNOP1P3	processed_pseudogene	0	0	0	0.0000	0.0000	0.0000
ENSG00000224346.1	BICD1P1	processed_pseudogene	0	0	0	0.0000	0.0000	0.0000
ENSG00000224347.6	SCEL-AS1	lncRNA	0	0	0	0.0000	0.0000	0.0000
ENSG00000224348.2	AL592076.1	processed_pseudogene	0	0	0	0.0000	0.0000	0.0000
ENSG00000224349.2	FAM135A-AS1	lncRNA	0	0	0	0.0000	0.0000	0.0000
ENSG00000224351.2	CDKN2AIPNLP3	processed_pseudogene	0	0	0	0.0000	0.0000	0.0000
ENSG00000224352.1	AC132479.1	unprocessed_pseudogene	0	0	0	0.0000	0.0000	0.0000
ENSG00000224353.2	ACE3P	transcribed_unprocessed_pseudogene	0	0	0	0.0000	0.0000	0.0000
ENSG00000224354.2	MTND2P5	processed_pseudogene	0	0	0	0.0000	0.0000	0.0000
ENSG00000224356.5	AL356966.1	lncRNA	3	2	3	0.0701	0.0205	0.0198
ENSG00000224357.1	ATG3P1	processed_pseudogene	0	0	0	0.0000	0.0000	0.0000
ENSG00000224358.1	TMCO1-AS1	lncRNA	33	13	21	1.3034	0.3818	0.3676
ENSG00000224359.2	AL358176.1	lncRNA	0	0	0	0.0000	0.0000	0.0000
ENSG00000224361.1	AC011239.1	lncRNA	1	0	1	0.1454	0.0426	0.0410
ENSG00000224363.2	FP700111.1	lncRNA	0	0	0	0.0000	0.0000	0.0000
ENSG00000224365.1	AC073261.1	processed_pseudogene	0	0	0	0.0000	0.0000	0.0000
ENSG00000224366.1	AC243964.1	unprocessed_pseudogene	0	0	0	0.0000	0.0000	0.0000
ENSG00000224367.6	OACYLP	transcribed_unitary_pseudogene	1	1	0	0.0268	0.0079	0.0076
ENSG00000224368.1	ARAFP2	processed_pseudogene	0	0	0	0.0000	0.0000	0.0000
ENSG00000224370.1	AC093392.2	processed_pseudogene	0	0	0	0.0000	0.0000	0.0000
ENSG00000224371.6	AL391361.2	lncRNA	0	0	0	0.0000	0.0000	0.0000
ENSG00000224372.1	HLA-N	unprocessed_pseudogene	0	0	0	0.0000	0.0000	0.0000
ENSG00000224373.3	IGHV4-59	IG_V_gene	1766	907	859	302.9687	88.7443	85.4541
ENSG00000224374.1	AL023693.1	lncRNA	0	0	0	0.0000	0.0000	0.0000
ENSG00000224375.1	AC009276.1	lncRNA	0	0	0	0.0000	0.0000	0.0000
ENSG00000224376.1	AC017104.1	lncRNA	51	25	26	2.7119	0.7944	0.7649
ENSG00000224382.2	LINC00703	lncRNA	0	0	0	0.0000	0.0000	0.0000
ENSG00000224383.8	PRR29	protein_coding	19	129	138	0.3894	0.1141	0.1098
ENSG00000224384.1	AL033379.1	lncRNA	0	0	0	0.0000	0.0000	0.0000
ENSG00000224387.1	AL139246.1	lncRNA	0	0	0	0.0000	0.0000	0.0000
ENSG00000224388.1	BACE2-IT1	lncRNA	0	0	1	0.0000	0.0000	0.0000
ENSG00000224389.9	C4B	protein_coding	97	43	54	1.1482	0.3363	0.3239
ENSG00000224391.1	LINC01280	lncRNA	0	0	0	0.0000	0.0000	0.0000
ENSG00000224394.1	GPC6-AS2	lncRNA	0	0	0	0.0000	0.0000	0.0000
ENSG00000224396.1	METTL15P3	processed_pseudogene	0	0	0	0.0000	0.0000	0.0000
ENSG00000224397.7	PELATON	lncRNA	623	336	287	7.1591	2.0970	2.0193
ENSG00000224400.5	AC010880.1	lncRNA	0	0	0	0.0000	0.0000	0.0000
ENSG00000224401.2	RPL7P57	processed_pseudogene	2	2	1	0.2295	0.0672	0.0647
ENSG00000224402.2	OR6D1P	transcribed_unitary_pseudogene	4	2	2	0.0590	0.0173	0.0166
ENSG00000224403.1	DPPA2P3	processed_pseudogene	0	0	0	0.0000	0.0000	0.0000
ENSG00000224404.2	Z68323.1	lncRNA	0	0	0	0.0000	0.0000	0.0000
ENSG00000224405.1	LINC00572	lncRNA	0	0	0	0.0000	0.0000	0.0000
ENSG00000224406.6	LINC02052	lncRNA	4	7	6	0.0781	0.0229	0.0220
ENSG00000224407.1	AL136988.1	lncRNA	0	1578	1621	0.0000	0.0000	0.0000
ENSG00000224408.1	USP9YP22	unprocessed_pseudogene	0	0	0	0.0000	0.0000	0.0000
ENSG00000224409.1	AC114489.1	lncRNA	0	0	0	0.0000	0.0000	0.0000
ENSG00000224410.1	AC097499.1	processed_pseudogene	0	0	0	0.0000	0.0000	0.0000
ENSG00000224411.3	HSP90AA2P	processed_pseudogene	102	54	48	3.9444	1.1554	1.1125
ENSG00000224412.1	AC022022.1	processed_pseudogene	0	0	0	0.0000	0.0000	0.0000
ENSG00000224413.1	AP001476.1	lncRNA	0	0	1	0.0000	0.0000	0.0000
ENSG00000224414.1	AC010886.1	processed_pseudogene	2	0	2	0.0592	0.0173	0.0167
ENSG00000224415.1	AC007683.1	processed_pseudogene	29	19	10	4.1670	1.2206	1.1753
ENSG00000224416.2	IFNA22P	unprocessed_pseudogene	0	0	0	0.0000	0.0000	0.0000
ENSG00000224417.2	AL606970.1	lncRNA	0	0	0	0.0000	0.0000	0.0000
ENSG00000224418.1	STK24-AS1	lncRNA	3	1	2	0.1993	0.0584	0.0562
ENSG00000224419.1	KRT18P27	processed_pseudogene	1	0	1	0.0654	0.0191	0.0184
ENSG00000224420.3	ADM5	protein_coding	31	19	22	1.5323	0.4488	0.4322
ENSG00000224421.1	ATP5MFP1	processed_pseudogene	0	0	0	0.0000	0.0000	0.0000
ENSG00000224424.8	PRKAR2A-AS1	lncRNA	25	26	19	0.4814	0.1410	0.1358
ENSG00000224425.2	SSBP3P2	processed_pseudogene	0	0	0	0.0000	0.0000	0.0000
ENSG00000224426.1	SLC31A1P1	processed_pseudogene	0	0	0	0.0000	0.0000	0.0000
ENSG00000224427.1	AP000281.1	processed_pseudogene	4	1	3	1.0749	0.3149	0.3032
ENSG00000224429.8	LINC00539	lncRNA	37	23	15	0.7272	0.2130	0.2051
ENSG00000224430.2	MKRN5P	processed_pseudogene	0	0	0	0.0000	0.0000	0.0000
ENSG00000224431.1	AC063976.2	processed_pseudogene	6	5	1	0.1433	0.0420	0.0404
ENSG00000224435.2	NF1P6	unprocessed_pseudogene	0	0	0	0.0000	0.0000	0.0000
ENSG00000224436.1	BX323014.1	processed_pseudogene	0	0	0	0.0000	0.0000	0.0000
ENSG00000224437.2	PIGUP1	processed_pseudogene	3	2	1	0.5045	0.1478	0.1423
ENSG00000224438.3	RPL23AP14	processed_pseudogene	0	0	0	0.0000	0.0000	0.0000
ENSG00000224439.2	RPSAP10	processed_pseudogene	0	0	0	0.0000	0.0000	0.0000
ENSG00000224440.1	CXorf51A	protein_coding	0	0	0	0.0000	0.0000	0.0000
ENSG00000224442.1	RPL4P7	processed_pseudogene	2	1	1	0.1523	0.0446	0.0430
ENSG00000224443.1	NME2P2	processed_pseudogene	0	0	0	0.0000	0.0000	0.0000
ENSG00000224445.3	LINC01708	lncRNA	0	0	0	0.0000	0.0000	0.0000
ENSG00000224447.1	H3P26	unprocessed_pseudogene	0	0	0	0.0000	0.0000	0.0000
ENSG00000224448.1	AC005020.1	processed_pseudogene	3	2	1	0.4843	0.1419	0.1366
ENSG00000224451.2	ATP5PBP1	processed_pseudogene	0	0	0	0.0000	0.0000	0.0000
ENSG00000224452.1	RSL24D1P6	processed_pseudogene	12	10	9	2.5413	0.7444	0.7168
ENSG00000224458.3	GUSBP6	transcribed_unprocessed_pseudogene	0	0	0	0.0000	0.0000	0.0000
ENSG00000224459.1	SLC25A34-AS1	lncRNA	0	0	3	0.0000	0.0000	0.0000
ENSG00000224462.2	C4BPAP1	unprocessed_pseudogene	11	9	2	0.4935	0.1445	0.1392
ENSG00000224463.1	RPL39P14	processed_pseudogene	1	1	1	0.5514	0.1615	0.1555
ENSG00000224464.2	PGAM1P6	processed_pseudogene	0	0	0	0.0000	0.0000	0.0000
ENSG00000224465.1	SOCS2P2	processed_pseudogene	0	0	0	0.0000	0.0000	0.0000
ENSG00000224466.1	CDCA4P2	processed_pseudogene	0	0	0	0.0000	0.0000	0.0000
ENSG00000224467.1	TANK-AS1	lncRNA	0	0	0	0.0000	0.0000	0.0000
ENSG00000224468.3	LAMC1-AS1	lncRNA	3	0	3	0.5319	0.1558	0.1500
ENSG00000224469.1	AC009517.1	processed_pseudogene	0	1	0	0.0000	0.0000	0.0000
ENSG00000224470.8	ATXN1L	protein_coding	1910	987	937	18.9661	5.5555	5.3495
ENSG00000224471.2	MTCO3P19	processed_pseudogene	0	0	0	0.0000	0.0000	0.0000
ENSG00000224473.1	CCND3P1	processed_pseudogene	0	0	0	0.0000	0.0000	0.0000
ENSG00000224475.1	AC073900.1	processed_pseudogene	1	0	1	0.1094	0.0321	0.0309
ENSG00000224476.3	RPL36P16	processed_pseudogene	0	0	0	0.0000	0.0000	0.0000
ENSG00000224477.5	AL109933.1	lncRNA	0	0	0	0.0000	0.0000	0.0000
ENSG00000224478.3	AL356417.1	lncRNA	2	1	1	0.0667	0.0195	0.0188
ENSG00000224479.6	AC104162.1	transcribed_unitary_pseudogene	1	0	2	0.0235	0.0069	0.0066
ENSG00000224481.3	AC245100.1	lncRNA	0	0	0	0.0000	0.0000	0.0000
ENSG00000224482.1	HSFY4P	unprocessed_pseudogene	0	0	0	0.0000	0.0000	0.0000
ENSG00000224484.1	AC023141.2	unprocessed_pseudogene	0	0	0	0.0000	0.0000	0.0000
ENSG00000224485.1	USP9YP7	unprocessed_pseudogene	0	0	0	0.0000	0.0000	0.0000
ENSG00000224486.1	AL662795.1	processed_pseudogene	0	0	0	0.0000	0.0000	0.0000
ENSG00000224488.1	SAMM50P1	processed_pseudogene	0	0	0	0.0000	0.0000	0.0000
ENSG00000224490.5	TTC21B-AS1	lncRNA	0	20	19	0.0000	0.0000	0.0000
ENSG00000224493.1	AC093156.1	processed_pseudogene	0	0	0	0.0000	0.0000	0.0000
ENSG00000224494.1	HNRNPA3P14	processed_pseudogene	1	1	0	0.0738	0.0216	0.0208
ENSG00000224497.1	RPL36P4	processed_pseudogene	0	0	1	0.0000	0.0000	0.0000
ENSG00000224498.1	MAPKAPK5P1	processed_pseudogene	0	0	0	0.0000	0.0000	0.0000
ENSG00000224500.1	AL731575.1	lncRNA	0	0	0	0.0000	0.0000	0.0000
ENSG00000224504.2	AC025428.1	lncRNA	0	0	0	0.0000	0.0000	0.0000
ENSG00000224505.2	AC138150.1	lncRNA	4	314	321	0.4880	0.1430	0.1377
ENSG00000224506.3	LINC02523	lncRNA	0	0	0	0.0000	0.0000	0.0000
ENSG00000224509.2	MRPS9-AS2	lncRNA	0	0	0	0.0000	0.0000	0.0000
ENSG00000224510.2	POLR2KP2	processed_pseudogene	0	0	0	0.0000	0.0000	0.0000
ENSG00000224511.2	LINC00365	lncRNA	4	2	2	0.0892	0.0261	0.0252
ENSG00000224513.2	AC109309.1	lncRNA	0	0	0	0.0000	0.0000	0.0000
ENSG00000224514.3	LINC00620	lncRNA	0	0	0	0.0000	0.0000	0.0000
ENSG00000224515.1	AL590385.1	lncRNA	0	0	0	0.0000	0.0000	0.0000
ENSG00000224516.5	AC068134.1	lncRNA	0	0	0	0.0000	0.0000	0.0000
ENSG00000224517.6	HTR2A-AS1	lncRNA	0	0	0	0.0000	0.0000	0.0000
ENSG00000224518.2	AC006989.1	processed_pseudogene	0	0	0	0.0000	0.0000	0.0000
ENSG00000224519.1	HMGN1P19	processed_pseudogene	0	0	0	0.0000	0.0000	0.0000
ENSG00000224520.2	KRT8P45	processed_pseudogene	14	9	6	0.8216	0.2407	0.2317
ENSG00000224521.2	AC098483.1	lncRNA	0	0	0	0.0000	0.0000	0.0000
ENSG00000224523.1	AL445213.1	unprocessed_pseudogene	0	0	0	0.0000	0.0000	0.0000
ENSG00000224524.1	CYCSP42	processed_pseudogene	0	0	0	0.0000	0.0000	0.0000
ENSG00000224525.2	AL591686.1	lncRNA	0	0	0	0.0000	0.0000	0.0000
ENSG00000224529.1	AC093698.1	processed_pseudogene	0	0	0	0.0000	0.0000	0.0000
ENSG00000224530.1	PPIAP10	processed_pseudogene	0	0	0	0.0000	0.0000	0.0000
ENSG00000224531.6	SMIM13	protein_coding	635	323	312	11.0343	3.2321	3.1123
ENSG00000224532.2	AL136361.1	lncRNA	0	0	0	0.0000	0.0000	0.0000
ENSG00000224533.4	TMLHE-AS1	lncRNA	1	1	0	0.0460	0.0135	0.0130
ENSG00000224535.2	LINC02771	lncRNA	4	2	2	0.3891	0.1140	0.1097
ENSG00000224536.2	AC096677.1	lncRNA	63	36	45	3.5290	1.0337	0.9954
ENSG00000224537.1	MEP1AP4	unprocessed_pseudogene	0	0	0	0.0000	0.0000	0.0000
ENSG00000224539.1	SAGE4P	unprocessed_pseudogene	0	0	0	0.0000	0.0000	0.0000
ENSG00000224540.1	TFDP1P1	processed_pseudogene	0	0	0	0.0000	0.0000	0.0000
ENSG00000224541.1	AP001439.1	lncRNA	0	0	0	0.0000	0.0000	0.0000
ENSG00000224543.4	SNRPGP15	processed_pseudogene	19	10	9	7.2680	2.1289	2.0500
ENSG00000224545.1	AC008264.1	processed_pseudogene	0	0	0	0.0000	0.0000	0.0000
ENSG00000224546.2	EIF4BP3	processed_pseudogene	25	12	13	1.1476	0.3361	0.3237
ENSG00000224547.1	ZNF619P1	processed_pseudogene	0	0	0	0.0000	0.0000	0.0000
ENSG00000224548.1	Z75741.1	processed_pseudogene	0	0	0	0.0000	0.0000	0.0000
ENSG00000224549.1	AC017067.1	lncRNA	13	7	6	2.4697	0.7234	0.6966
ENSG00000224550.1	NDUFA4P1	processed_pseudogene	23	13	10	7.9397	2.3257	2.2394
ENSG00000224551.1	HMGB3P21	processed_pseudogene	0	0	0	0.0000	0.0000	0.0000
ENSG00000224553.1	RPS26P20	processed_pseudogene	8	6	2	1.9522	0.5718	0.5506
ENSG00000224555.3	AC087441.2	processed_pseudogene	1	1	0	0.2821	0.0826	0.0796
ENSG00000224556.2	BX510359.1	unprocessed_pseudogene	0	0	0	0.0000	0.0000	0.0000
ENSG00000224557.7	HLA-DPB2	transcribed_unprocessed_pseudogene	212	103	109	11.2520	3.2959	3.1737
ENSG00000224559.2	LINC01087	lncRNA	0	0	0	0.0000	0.0000	0.0000
ENSG00000224560.3	AC108043.1	processed_pseudogene	0	0	0	0.0000	0.0000	0.0000
ENSG00000224563.1	LPP-AS1	lncRNA	0	0	0	0.0000	0.0000	0.0000
ENSG00000224565.2	LINC01754	lncRNA	0	0	0	0.0000	0.0000	0.0000
ENSG00000224566.2	FAM96AP2	processed_pseudogene	3	1	2	0.5341	0.1564	0.1506
ENSG00000224567.2	AC134879.1	processed_pseudogene	0	0	0	0.0000	0.0000	0.0000
ENSG00000224568.2	LINC01886	lncRNA	0	0	0	0.0000	0.0000	0.0000
ENSG00000224569.3	AC095052.1	processed_pseudogene	0	0	0	0.0000	0.0000	0.0000
ENSG00000224570.1	AC097063.1	processed_pseudogene	0	0	0	0.0000	0.0000	0.0000
ENSG00000224571.1	USP9YP13	unprocessed_pseudogene	0	0	0	0.0000	0.0000	0.0000
ENSG00000224573.1	AC083863.1	processed_pseudogene	0	0	0	0.0000	0.0000	0.0000
ENSG00000224574.1	COL18A1-AS2	lncRNA	0	0	0	0.0000	0.0000	0.0000
ENSG00000224577.3	LINC01117	lncRNA	7	5	5	0.3106	0.0910	0.0876
ENSG00000224578.5	HNRNPA1P48	protein_coding	150	78	72	6.6206	1.9393	1.8674
ENSG00000224579.1	AC245052.2	unprocessed_pseudogene	0	0	0	0.0000	0.0000	0.0000
ENSG00000224582.7	LINC01015	lncRNA	0	1	0	0.0000	0.0000	0.0000
ENSG00000224583.1	AL356277.2	lncRNA	0	0	0	0.0000	0.0000	0.0000
ENSG00000224584.2	UBE2V1P13	processed_pseudogene	0	0	0	0.0000	0.0000	0.0000
ENSG00000224585.1	AC103563.1	unprocessed_pseudogene	4	1	3	2.7616	0.8089	0.7789
ENSG00000224586.7	GPX5	protein_coding	0	0	0	0.0000	0.0000	0.0000
ENSG00000224589.1	ORC1P1	processed_pseudogene	0	0	0	0.0000	0.0000	0.0000
ENSG00000224590.1	MTND3P16	unprocessed_pseudogene	0	0	0	0.0000	0.0000	0.0000
ENSG00000224592.5	MIR3659HG	lncRNA	1	0	1	0.1242	0.0364	0.0350
ENSG00000224593.1	AC092427.1	transcribed_processed_pseudogene	0	0	0	0.0000	0.0000	0.0000
ENSG00000224594.2	RPL29P19	processed_pseudogene	1	0	1	0.1846	0.0541	0.0521
ENSG00000224595.1	AC073626.1	lncRNA	0	0	0	0.0000	0.0000	0.0000
ENSG00000224596.8	ZMIZ1-AS1	lncRNA	23	14	9	0.3821	0.1119	0.1078
ENSG00000224597.10	SVIL-AS1	transcribed_unprocessed_pseudogene	1275	1389	1473	21.6764	6.3494	6.1140
ENSG00000224598.1	RPS5P2	processed_pseudogene	2	0	2	0.2654	0.0777	0.0749
ENSG00000224599.1	BMS1P12	unprocessed_pseudogene	0	0	0	0.0000	0.0000	0.0000
ENSG00000224600.5	AL031864.2	processed_pseudogene	2	2	0	0.4853	0.1421	0.1369
ENSG00000224602.1	RPS26P5	processed_pseudogene	0	0	0	0.0000	0.0000	0.0000
ENSG00000224603.1	BX664725.1	processed_pseudogene	0	0	0	0.0000	0.0000	0.0000
ENSG00000224604.1	AC008069.1	processed_pseudogene	0	0	0	0.0000	0.0000	0.0000
ENSG00000224605.1	AL080284.1	lncRNA	0	0	0	0.0000	0.0000	0.0000
ENSG00000224606.1	TGFA-IT1	lncRNA	0	0	0	0.0000	0.0000	0.0000
ENSG00000224607.4	IGKV1D-27	IG_V_pseudogene	23	10	17	5.8304	1.7078	1.6445
ENSG00000224609.8	HSD52	lncRNA	11	5	6	0.1232	0.0361	0.0348
ENSG00000224610.1	AC108879.1	lncRNA	0	0	0	0.0000	0.0000	0.0000
ENSG00000224611.1	AC007919.1	processed_pseudogene	1	1	0	0.3913	0.1146	0.1104
ENSG00000224612.2	AC011901.1	lncRNA	0	0	0	0.0000	0.0000	0.0000
ENSG00000224613.7	AC095032.1	lncRNA	1	1	0	0.0306	0.0090	0.0086
ENSG00000224614.2	TNK2-AS1	lncRNA	5	24	26	0.1496	0.0438	0.0422
ENSG00000224616.3	RTCA-AS1	lncRNA	111	58	54	0.9394	0.2752	0.2650
ENSG00000224617.1	BX276092.1	processed_pseudogene	0	0	0	0.0000	0.0000	0.0000
ENSG00000224618.1	AC096921.1	processed_pseudogene	0	0	0	0.0000	0.0000	0.0000
ENSG00000224620.2	MEF2AP1	processed_pseudogene	0	0	0	0.0000	0.0000	0.0000
ENSG00000224621.1	AL451042.1	lncRNA	0	0	0	0.0000	0.0000	0.0000
ENSG00000224622.1	OR9R1P	unprocessed_pseudogene	0	0	0	0.0000	0.0000	0.0000
ENSG00000224625.2	TUBB8P6	unprocessed_pseudogene	0	0	0	0.0000	0.0000	0.0000
ENSG00000224626.1	AC106053.1	lncRNA	0	0	0	0.0000	0.0000	0.0000
ENSG00000224627.1	RPL37P10	processed_pseudogene	0	0	0	0.0000	0.0000	0.0000
ENSG00000224628.2	AL121723.1	processed_pseudogene	3	3	0	0.1677	0.0491	0.0473
ENSG00000224629.1	AC004975.1	processed_pseudogene	0	0	0	0.0000	0.0000	0.0000
ENSG00000224630.2	AC234064.1	processed_pseudogene	0	0	0	0.0000	0.0000	0.0000
ENSG00000224631.4	RPS27AP16	transcribed_processed_pseudogene	146	68	78	21.9053	6.4164	6.1785
ENSG00000224632.1	NUDT19P2	processed_pseudogene	0	0	0	0.0000	0.0000	0.0000
ENSG00000224634.1	ZNF736P6Y	processed_pseudogene	0	0	0	0.0000	0.0000	0.0000
ENSG00000224635.2	AL391095.1	lncRNA	35	11	24	1.0824	0.3170	0.3053
ENSG00000224637.1	PDSS1P2	unprocessed_pseudogene	0	0	0	0.0000	0.0000	0.0000
ENSG00000224640.1	SRSF1P1	processed_pseudogene	0	0	0	0.0000	0.0000	0.0000
ENSG00000224643.5	AC064871.2	lncRNA	0	11	22	0.0000	0.0000	0.0000
ENSG00000224644.1	AL135787.1	lncRNA	0	0	0	0.0000	0.0000	0.0000
ENSG00000224645.1	AL391069.1	lncRNA	0	300	274	0.0000	0.0000	0.0000
ENSG00000224646.2	RPS28P5	processed_pseudogene	0	1	0	0.0000	0.0000	0.0000
ENSG00000224647.2	AC026954.1	unitary_pseudogene	0	0	0	0.0000	0.0000	0.0000
ENSG00000224648.1	LINC01627	lncRNA	0	0	0	0.0000	0.0000	0.0000
ENSG00000224649.1	AF124730.1	lncRNA	1	0	1	0.2597	0.0761	0.0732
ENSG00000224650.2	IGHV3-74	IG_V_gene	502	238	264	72.6236	21.2726	20.4839
ENSG00000224652.2	LINC00885	lncRNA	0	0	0	0.0000	0.0000	0.0000
ENSG00000224653.1	AC023141.3	unprocessed_pseudogene	0	0	0	0.0000	0.0000	0.0000
ENSG00000224655.7	LINC01823	lncRNA	1	0	1	0.0245	0.0072	0.0069
ENSG00000224656.1	SMSP1	processed_pseudogene	0	0	0	0.0000	0.0000	0.0000
ENSG00000224657.9	RBMY2BP	transcribed_unprocessed_pseudogene	0	0	0	0.0000	0.0000	0.0000
ENSG00000224658.1	AL513164.1	lncRNA	0	0	0	0.0000	0.0000	0.0000
ENSG00000224659.2	GAGE12J	protein_coding	0	0	0	0.0000	0.0000	0.0000
ENSG00000224660.2	SH3BP5-AS1	lncRNA	71	1560	1586	0.8767	0.2568	0.2473
ENSG00000224661.1	AC010907.1	lncRNA	0	0	0	0.0000	0.0000	0.0000
ENSG00000224662.2	ATP6V1G1P3	processed_pseudogene	0	0	0	0.0000	0.0000	0.0000
ENSG00000224664.2	RPL36AP53	processed_pseudogene	0	0	0	0.0000	0.0000	0.0000
ENSG00000224666.3	ETV7-AS1	lncRNA	5	11	3	1.1762	0.3445	0.3317
ENSG00000224667.1	AC013470.1	processed_pseudogene	0	0	0	0.0000	0.0000	0.0000
ENSG00000224668.1	IPO8P1	processed_pseudogene	5	2	3	0.1366	0.0400	0.0385
ENSG00000224669.1	AC016769.2	processed_pseudogene	1	1	0	0.1788	0.0524	0.0504
ENSG00000224670.1	AC068135.1	processed_pseudogene	0	0	0	0.0000	0.0000	0.0000
ENSG00000224671.2	AC105940.1	lncRNA	0	0	0	0.0000	0.0000	0.0000
ENSG00000224672.4	RPL17P10	processed_pseudogene	0	0	0	0.0000	0.0000	0.0000
ENSG00000224674.1	EIF3EP2	processed_pseudogene	0	0	0	0.0000	0.0000	0.0000
ENSG00000224675.1	AC009227.1	lncRNA	0	0	0	0.0000	0.0000	0.0000
ENSG00000224677.1	PDIA3P2	unprocessed_pseudogene	1	0	1	0.5375	0.1574	0.1516
ENSG00000224678.3	GAPDHP46	processed_pseudogene	1	1	0	0.0854	0.0250	0.0241
ENSG00000224679.1	MED15P4	unprocessed_pseudogene	0	0	0	0.0000	0.0000	0.0000
ENSG00000224680.4	PLA2G12AP1	processed_pseudogene	6	3	3	0.8970	0.2628	0.2530
ENSG00000224681.1	BX664727.1	unprocessed_pseudogene	0	0	0	0.0000	0.0000	0.0000
ENSG00000224682.1	SOCS5P2	processed_pseudogene	0	0	0	0.0000	0.0000	0.0000
ENSG00000224683.1	RPL36AP29	processed_pseudogene	0	0	0	0.0000	0.0000	0.0000
ENSG00000224685.1	AC099670.2	processed_pseudogene	0	0	0	0.0000	0.0000	0.0000
ENSG00000224686.1	ELOCP23	processed_pseudogene	0	0	0	0.0000	0.0000	0.0000
ENSG00000224687.2	RASAL2-AS1	lncRNA	55	32	24	1.4655	0.4293	0.4134
ENSG00000224688.1	E2F6P2	processed_pseudogene	0	0	0	0.0000	0.0000	0.0000
ENSG00000224689.9	ZNF812P	transcribed_unprocessed_pseudogene	4	2	2	0.1457	0.0427	0.0411
ENSG00000224690.2	UBE2D3P3	processed_pseudogene	2	1	1	0.3996	0.1171	0.1127
ENSG00000224691.1	AL133553.1	lncRNA	4	0	4	0.9623	0.2819	0.2714
ENSG00000224692.1	Z68694.1	processed_pseudogene	0	0	0	0.0000	0.0000	0.0000
ENSG00000224695.1	MTND6P7	processed_pseudogene	0	0	0	0.0000	0.0000	0.0000
ENSG00000224697.1	NEFMP1	processed_pseudogene	0	0	0	0.0000	0.0000	0.0000
ENSG00000224698.1	AL390038.1	lncRNA	2	0	3	0.0685	0.0201	0.0193
ENSG00000224699.9	LAMTOR5-AS1	lncRNA	17	399	392	0.1141	0.0334	0.0322
ENSG00000224700.2	AP000844.1	lncRNA	0	0	0	0.0000	0.0000	0.0000
ENSG00000224701.1	MED28P4	processed_pseudogene	0	0	0	0.0000	0.0000	0.0000
ENSG00000224702.1	LMX1A-AS2	lncRNA	0	0	1	0.0000	0.0000	0.0000
ENSG00000224706.1	RPS17P13	processed_pseudogene	0	0	0	0.0000	0.0000	0.0000
ENSG00000224707.1	E2F3-IT1	lncRNA	0	0	0	0.0000	0.0000	0.0000
ENSG00000224709.2	OR11M1P	unitary_pseudogene	0	0	0	0.0000	0.0000	0.0000
ENSG00000224711.2	LINC01706	lncRNA	0	0	0	0.0000	0.0000	0.0000
ENSG00000224712.12	NPIPA3	protein_coding	7	5	2	0.4036	0.1182	0.1138
ENSG00000224713.4	AC025165.1	lncRNA	3	177	162	0.0980	0.0287	0.0276
ENSG00000224714.3	LINC02671	lncRNA	10	5	5	0.3048	0.0893	0.0860
ENSG00000224715.1	Z82186.1	lncRNA	0	0	0	0.0000	0.0000	0.0000
ENSG00000224717.1	LEMD1-DT	lncRNA	0	0	0	0.0000	0.0000	0.0000
ENSG00000224718.1	LINC01657	lncRNA	0	0	0	0.0000	0.0000	0.0000
ENSG00000224719.1	AC009237.2	unprocessed_pseudogene	0	0	0	0.0000	0.0000	0.0000
ENSG00000224721.1	AC007182.1	lncRNA	0	130	143	0.0000	0.0000	0.0000
ENSG00000224722.3	AC020688.1	processed_pseudogene	0	4	1	0.0000	0.0000	0.0000
ENSG00000224723.1	GUSBP10	unprocessed_pseudogene	0	0	0	0.0000	0.0000	0.0000
ENSG00000224725.3	CEP57L1P1	processed_pseudogene	1	0	1	0.0707	0.0207	0.0199
ENSG00000224727.1	FCF1P7	processed_pseudogene	1	0	1	0.1522	0.0446	0.0429
ENSG00000224728.1	IMPDH1P8	processed_pseudogene	3	0	3	0.1671	0.0489	0.0471
ENSG00000224729.6	PCOLCE-AS1	lncRNA	2	486	503	0.0520	0.0152	0.0147
ENSG00000224730.1	LILRB1-AS1	lncRNA	0	4	1	0.0000	0.0000	0.0000
ENSG00000224731.1	AC016716.1	lncRNA	0	0	0	0.0000	0.0000	0.0000
ENSG00000224732.1	MAGEA7P	unprocessed_pseudogene	0	0	0	0.0000	0.0000	0.0000
ENSG00000224733.1	AL034349.1	lncRNA	0	0	0	0.0000	0.0000	0.0000
ENSG00000224735.1	BX323845.1	processed_pseudogene	0	0	0	0.0000	0.0000	0.0000
ENSG00000224738.1	AC099850.1	lncRNA	25	30	35	1.5867	0.4648	0.4475
ENSG00000224739.2	AC016735.1	lncRNA	7	4	3	2.5082	0.7347	0.7075
ENSG00000224743.7	TEX26-AS1	lncRNA	0	0	1	0.0000	0.0000	0.0000
ENSG00000224745.1	AC063965.2	lncRNA	1	1	0	0.1702	0.0498	0.0480
ENSG00000224746.2	AC015987.1	lncRNA	0	0	0	0.0000	0.0000	0.0000
ENSG00000224747.1	MTCYBP21	processed_pseudogene	5	3	2	0.3815	0.1117	0.1076
ENSG00000224750.6	AL391704.1	lncRNA	2	2	0	0.0496	0.0145	0.0140
ENSG00000224751.2	SHMT1P1	processed_pseudogene	1	0	1	0.0647	0.0190	0.0183
ENSG00000224752.1	VN1R21P	unitary_pseudogene	0	0	0	0.0000	0.0000	0.0000
ENSG00000224755.1	HMGN1P34	processed_pseudogene	0	0	0	0.0000	0.0000	0.0000
ENSG00000224758.1	LINC01167	lncRNA	0	0	0	0.0000	0.0000	0.0000
ENSG00000224760.4	C1DP3	processed_pseudogene	0	0	0	0.0000	0.0000	0.0000
ENSG00000224761.4	CCNYL4	transcribed_unprocessed_pseudogene	0	0	0	0.0000	0.0000	0.0000
ENSG00000224762.1	CR769776.1	processed_pseudogene	0	0	0	0.0000	0.0000	0.0000
ENSG00000224763.1	FDPSP8	processed_pseudogene	1	0	1	0.0780	0.0228	0.0220
ENSG00000224764.1	AL353768.1	lncRNA	1	2	2	0.1744	0.0511	0.0492
ENSG00000224765.1	AL035443.1	lncRNA	0	0	0	0.0000	0.0000	0.0000
ENSG00000224769.1	MUC20P1	unprocessed_pseudogene	2	1	1	0.1011	0.0296	0.0285
ENSG00000224771.2	ATP2B2-IT2	lncRNA	0	0	0	0.0000	0.0000	0.0000
ENSG00000224773.2	HSPA8P7	processed_pseudogene	5	1	4	0.2180	0.0638	0.0615
ENSG00000224775.2	BRAFP1	unprocessed_pseudogene	2	2	0	0.0628	0.0184	0.0177
ENSG00000224776.3	RPSAP50	processed_pseudogene	2	1	1	0.1993	0.0584	0.0562
ENSG00000224777.3	OR4F2P	unprocessed_pseudogene	0	0	0	0.0000	0.0000	0.0000
ENSG00000224778.1	CENPIP1	unprocessed_pseudogene	0	0	0	0.0000	0.0000	0.0000
ENSG00000224781.1	EIF4A2P4	processed_pseudogene	4	1	3	0.2840	0.0832	0.0801
ENSG00000224783.1	MIPEPP2	processed_pseudogene	0	0	0	0.0000	0.0000	0.0000
ENSG00000224784.2	S100A15A	processed_pseudogene	0	0	0	0.0000	0.0000	0.0000
ENSG00000224785.1	AC006026.1	processed_pseudogene	0	0	0	0.0000	0.0000	0.0000
ENSG00000224786.2	CETN4P	transcribed_unitary_pseudogene	150	71	80	3.3017	0.9671	0.9313
ENSG00000224788.1	LINC02670	lncRNA	0	0	0	0.0000	0.0000	0.0000
ENSG00000224789.1	AC012363.1	lncRNA	0	29	31	0.0000	0.0000	0.0000
ENSG00000224790.3	AP000704.1	lncRNA	86	43	58	1.6553	0.4849	0.4669
ENSG00000224791.1	KRT18P39	processed_pseudogene	1	1	0	0.0654	0.0191	0.0184
ENSG00000224792.7	IQCF4P	transcribed_unitary_pseudogene	0	0	0	0.0000	0.0000	0.0000
ENSG00000224794.2	AL022326.1	lncRNA	0	0	0	0.0000	0.0000	0.0000
ENSG00000224795.3	NTM-AS1	lncRNA	0	0	0	0.0000	0.0000	0.0000
ENSG00000224796.1	RPL32P1	processed_pseudogene	0	0	0	0.0000	0.0000	0.0000
ENSG00000224797.1	AL359092.1	processed_pseudogene	0	0	0	0.0000	0.0000	0.0000
ENSG00000224799.1	AL139397.1	lncRNA	0	2	2	0.0000	0.0000	0.0000
ENSG00000224800.1	RPS27AP6	processed_pseudogene	8	3	5	1.5164	0.4442	0.4277
ENSG00000224802.2	TUBB4BP2	processed_pseudogene	0	0	0	0.0000	0.0000	0.0000
ENSG00000224805.2	LINC00853	lncRNA	104	43	64	13.3612	3.9137	3.7686
ENSG00000224806.2	ARL5AP4	processed_pseudogene	0	0	0	0.0000	0.0000	0.0000
ENSG00000224807.5	DUX4L9	unprocessed_pseudogene	23	5	18	1.5514	0.4544	0.4376
ENSG00000224808.1	SRGAP3-AS1	lncRNA	0	1	5	0.0000	0.0000	0.0000
ENSG00000224809.2	BEND3P2	processed_pseudogene	0	0	0	0.0000	0.0000	0.0000
ENSG00000224810.1	AL355482.1	lncRNA	116	64	52	3.9995	1.1715	1.1281
ENSG00000224812.3	TMEM72-AS1	lncRNA	1	1	0	0.0079	0.0023	0.0022
ENSG00000224814.1	AC114812.2	lncRNA	0	0	0	0.0000	0.0000	0.0000
ENSG00000224815.3	AL691447.1	processed_pseudogene	0	0	0	0.0000	0.0000	0.0000
ENSG00000224816.1	NAP1L4P2	processed_pseudogene	102	51	51	9.6350	2.8222	2.7176
ENSG00000224817.2	AC010789.1	lncRNA	0	0	0	0.0000	0.0000	0.0000
ENSG00000224818.1	AC096677.2	lncRNA	0	0	0	0.0000	0.0000	0.0000
ENSG00000224819.2	AC093843.1	lncRNA	0	0	0	0.0000	0.0000	0.0000
ENSG00000224820.2	BTF3P4	processed_pseudogene	5	3	2	0.8578	0.2513	0.2419
ENSG00000224821.5	COL4A2-AS2	lncRNA	0	34	30	0.0000	0.0000	0.0000
ENSG00000224822.1	THRB-IT1	lncRNA	0	0	0	0.0000	0.0000	0.0000
ENSG00000224825.2	RORB-AS1	lncRNA	2	1	1	0.1442	0.0422	0.0407
ENSG00000224826.1	USP21P1	processed_pseudogene	2	2	0	0.0906	0.0265	0.0256
ENSG00000224827.1	LINC00265-2P	processed_pseudogene	0	0	0	0.0000	0.0000	0.0000
ENSG00000224829.3	TOMM20P1	processed_pseudogene	0	0	0	0.0000	0.0000	0.0000
ENSG00000224830.2	OR2X1P	unprocessed_pseudogene	0	0	0	0.0000	0.0000	0.0000
ENSG00000224831.3	TMEM183B	processed_pseudogene	19	11	10	1.4304	0.4190	0.4035
ENSG00000224832.2	LINC01689	lncRNA	0	0	0	0.0000	0.0000	0.0000
ENSG00000224834.1	BTF3P9	processed_pseudogene	1	0	1	0.3001	0.0879	0.0846
ENSG00000224836.1	AL356498.1	processed_pseudogene	0	0	0	0.0000	0.0000	0.0000
ENSG00000224837.1	GCSHP5	processed_pseudogene	7	5	2	1.1388	0.3336	0.3212
ENSG00000224839.1	RPL12P17	processed_pseudogene	2	1	1	0.3410	0.0999	0.0962
ENSG00000224842.2	AL161908.1	lncRNA	0	0	0	0.0000	0.0000	0.0000
ENSG00000224843.8	LINC00240	lncRNA	11	6	10	0.1110	0.0325	0.0313
ENSG00000224844.1	AC107079.1	lncRNA	0	0	0	0.0000	0.0000	0.0000
ENSG00000224846.3	NQO2-AS1	lncRNA	5	14	7	0.2910	0.0852	0.0821
ENSG00000224848.2	AL589843.1	lncRNA	17	7	10	0.4304	0.1261	0.1214
ENSG00000224851.2	LINC00502	lncRNA	1	1	0	0.0849	0.0249	0.0240
ENSG00000224852.1	MTND5P24	processed_pseudogene	0	0	0	0.0000	0.0000	0.0000
ENSG00000224853.3	LINC00393	lncRNA	12	7	5	0.2028	0.0594	0.0572
ENSG00000224854.3	CDKN2A-DT	lncRNA	1	1	1	0.1032	0.0302	0.0291
ENSG00000224855.5	OPA1-AS1	lncRNA	3	59	71	0.5126	0.1501	0.1446
ENSG00000224856.2	RPL35AP36	processed_pseudogene	0	0	0	0.0000	0.0000	0.0000
ENSG00000224857.1	LINC01691	lncRNA	0	0	0	0.0000	0.0000	0.0000
ENSG00000224858.5	RPL29P11	processed_pseudogene	11	4	7	1.8986	0.5561	0.5355
ENSG00000224860.1	GXYLT1P2	processed_pseudogene	0	0	0	0.0000	0.0000	0.0000
ENSG00000224861.1	YBX1P1	processed_pseudogene	158	83	75	13.9765	4.0939	3.9422
ENSG00000224863.3	LINC01398	lncRNA	0	0	0	0.0000	0.0000	0.0000
ENSG00000224864.4	AC011447.1	transcribed_processed_pseudogene	0	0	0	0.0000	0.0000	0.0000
ENSG00000224865.8	AC009518.1	lncRNA	0	0	0	0.0000	0.0000	0.0000
ENSG00000224866.1	USP9YP25	unprocessed_pseudogene	0	0	0	0.0000	0.0000	0.0000
ENSG00000224869.1	AC062016.1	processed_pseudogene	0	0	0	0.0000	0.0000	0.0000
ENSG00000224870.7	MRPL20-AS1	lncRNA	418	363	373	14.0470	4.1146	3.9620
ENSG00000224873.1	CDY13P	unprocessed_pseudogene	0	0	0	0.0000	0.0000	0.0000
ENSG00000224875.2	EML4-AS1	lncRNA	1	29	30	0.0897	0.0263	0.0253
ENSG00000224876.1	AL121901.1	lncRNA	0	0	0	0.0000	0.0000	0.0000
ENSG00000224877.4	NDUFAF8	protein_coding	721	352	370	45.7264	13.3940	12.8974
ENSG00000224879.1	AC011754.1	lncRNA	0	0	0	0.0000	0.0000	0.0000
ENSG00000224880.1	MTCYBP29	unprocessed_pseudogene	0	0	0	0.0000	0.0000	0.0000
ENSG00000224881.1	AC068279.1	processed_pseudogene	0	0	0	0.0000	0.0000	0.0000
ENSG00000224883.1	Z99716.1	lncRNA	8	296	291	1.3192	0.3864	0.3721
ENSG00000224884.1	AC034187.1	lncRNA	0	0	1	0.0000	0.0000	0.0000
ENSG00000224885.1	EIPR1-IT1	lncRNA	3	0	3	0.3548	0.1039	0.1001
ENSG00000224886.2	AL132656.1	transcribed_processed_pseudogene	0	12	8	0.0000	0.0000	0.0000
ENSG00000224887.1	NFYCP2	processed_pseudogene	0	0	0	0.0000	0.0000	0.0000
ENSG00000224888.4	AC138028.2	lncRNA	1	274	274	0.0177	0.0052	0.0050
ENSG00000224891.1	ARL14EPP1	processed_pseudogene	2	91	82	0.2191	0.0642	0.0618
ENSG00000224892.6	RPS4XP16	transcribed_processed_pseudogene	17	9	8	1.4480	0.4241	0.4084
ENSG00000224893.7	LINC02840	lncRNA	0	1	0	0.0000	0.0000	0.0000
ENSG00000224895.1	VPS26BP1	processed_pseudogene	0	0	0	0.0000	0.0000	0.0000
ENSG00000224896.2	SIGLEC30P	processed_pseudogene	0	0	0	0.0000	0.0000	0.0000
ENSG00000224897.8	POT1-AS1	lncRNA	13	12	4	0.0641	0.0188	0.0181
ENSG00000224899.1	LINC02830	lncRNA	0	0	0	0.0000	0.0000	0.0000
ENSG00000224901.1	AL365258.1	lncRNA	0	0	0	0.0000	0.0000	0.0000
ENSG00000224902.5	GAGE12H	protein_coding	0	0	0	0.0000	0.0000	0.0000
ENSG00000224903.2	RNF32-AS1	lncRNA	0	0	2	0.0000	0.0000	0.0000
ENSG00000224904.1	SBF1P2	processed_pseudogene	1	1	0	0.0322	0.0094	0.0091
ENSG00000224905.7	AP001347.1	lncRNA	5	1	4	0.2363	0.0692	0.0666
ENSG00000224906.3	SRP14P1	processed_pseudogene	5	4	1	1.1961	0.3503	0.3374
ENSG00000224907.1	RPL21P91	processed_pseudogene	0	0	0	0.0000	0.0000	0.0000
ENSG00000224908.1	TIMM8BP2	processed_pseudogene	0	0	0	0.0000	0.0000	0.0000
ENSG00000224910.2	LINC01766	lncRNA	1	0	1	0.0560	0.0164	0.0158
ENSG00000224914.4	LINC00863	lncRNA	107	60	51	1.6014	0.4691	0.4517
ENSG00000224916.9	APOC4-APOC2	protein_coding	0	0	0	0.0000	0.0000	0.0000
ENSG00000224917.1	AC016694.1	unprocessed_pseudogene	0	0	0	0.0000	0.0000	0.0000
ENSG00000224918.1	AC066595.1	lncRNA	0	0	0	0.0000	0.0000	0.0000
ENSG00000224919.1	AL591684.1	lncRNA	0	3	2	0.0000	0.0000	0.0000
ENSG00000224920.1	TACC1P1	unprocessed_pseudogene	1	0	1	0.0584	0.0171	0.0165
ENSG00000224922.1	AL050303.1	lncRNA	0	0	0	0.0000	0.0000	0.0000
ENSG00000224924.7	LINC00320	lncRNA	0	0	0	0.0000	0.0000	0.0000
ENSG00000224927.2	NDUFA5P10	processed_pseudogene	0	0	0	0.0000	0.0000	0.0000
ENSG00000224928.2	KRT8P30	processed_pseudogene	0	0	0	0.0000	0.0000	0.0000
ENSG00000224931.4	AC152010.1	processed_pseudogene	0	0	0	0.0000	0.0000	0.0000
ENSG00000224932.2	LINC02262	lncRNA	0	0	0	0.0000	0.0000	0.0000
ENSG00000224933.2	LINC01034	lncRNA	0	0	0	0.0000	0.0000	0.0000
ENSG00000224934.5	AL391684.1	lncRNA	37	23	14	0.3681	0.1078	0.1038
ENSG00000224935.2	AL589678.1	lncRNA	0	0	0	0.0000	0.0000	0.0000
ENSG00000224936.1	SUCLA2P1	processed_pseudogene	0	0	0	0.0000	0.0000	0.0000
ENSG00000224939.1	LINC00184	lncRNA	0	1	0	0.0000	0.0000	0.0000
ENSG00000224940.9	PRRT4	protein_coding	3	3	0	0.0692	0.0203	0.0195
ENSG00000224942.1	AL137014.1	processed_pseudogene	0	0	0	0.0000	0.0000	0.0000
ENSG00000224943.1	LINC02819	lncRNA	0	0	1	0.0000	0.0000	0.0000
ENSG00000224944.2	CASC6	lncRNA	0	0	0	0.0000	0.0000	0.0000
ENSG00000224945.1	AL353150.1	lncRNA	0	0	0	0.0000	0.0000	0.0000
ENSG00000224946.1	AC007312.1	processed_pseudogene	0	0	0	0.0000	0.0000	0.0000
ENSG00000224947.1	VN1R25P	processed_pseudogene	0	0	0	0.0000	0.0000	0.0000
ENSG00000224948.1	ATP5MC1P8	processed_pseudogene	0	0	0	0.0000	0.0000	0.0000
ENSG00000224949.2	RPL37P24	processed_pseudogene	0	0	0	0.0000	0.0000	0.0000
ENSG00000224950.2	AL390066.1	lncRNA	46	28	22	1.6969	0.4971	0.4786
ENSG00000224953.1	SRIP3	processed_pseudogene	0	0	0	0.0000	0.0000	0.0000
ENSG00000224955.1	KCTD10P1	processed_pseudogene	0	0	0	0.0000	0.0000	0.0000
ENSG00000224957.6	LINC01266	lncRNA	0	0	0	0.0000	0.0000	0.0000
ENSG00000224958.6	PGM5-AS1	lncRNA	0	0	0	0.0000	0.0000	0.0000
ENSG00000224960.5	PPP4R3C	protein_coding	1	1	0	0.0271	0.0079	0.0076
ENSG00000224961.3	LINC01752	lncRNA	3	4	0	0.2736	0.0802	0.0772
ENSG00000224962.4	PSAT1P4	processed_pseudogene	0	0	0	0.0000	0.0000	0.0000
ENSG00000224963.3	U82695.1	transcribed_unitary_pseudogene	2	0	2	0.0784	0.0230	0.0221
ENSG00000224964.1	TRAPPC2P3	unprocessed_pseudogene	0	0	0	0.0000	0.0000	0.0000
ENSG00000224965.1	LINC02586	lncRNA	1	1	0	0.1135	0.0333	0.0320
ENSG00000224966.4	TBC1D3P6	unprocessed_pseudogene	0	0	0	0.0000	0.0000	0.0000
ENSG00000224967.1	AC009303.1	processed_pseudogene	0	0	0	0.0000	0.0000	0.0000
ENSG00000224968.2	LINC01645	lncRNA	0	0	0	0.0000	0.0000	0.0000
ENSG00000224969.1	AL645608.1	lncRNA	1	1	0	0.1803	0.0528	0.0509
ENSG00000224970.2	AC245427.1	lncRNA	0	0	0	0.0000	0.0000	0.0000
ENSG00000224971.1	SUMO2P3	processed_pseudogene	5	2	3	1.4743	0.4318	0.4158
ENSG00000224972.1	AL513412.1	lncRNA	0	0	0	0.0000	0.0000	0.0000
ENSG00000224973.6	LARGE-AS1	lncRNA	0	0	0	0.0000	0.0000	0.0000
ENSG00000224975.1	INE1	lncRNA	14	8	6	1.2581	0.3685	0.3548
ENSG00000224976.2	PARP4P2	unprocessed_pseudogene	2	1	1	0.0511	0.0150	0.0144
ENSG00000224977.1	LINC02776	lncRNA	3	2	1	0.7605	0.2228	0.2145
ENSG00000224978.1	BX682237.1	processed_pseudogene	0	0	0	0.0000	0.0000	0.0000
ENSG00000224980.1	RPL23AP85	processed_pseudogene	0	0	0	0.0000	0.0000	0.0000
ENSG00000224981.1	AC000367.1	processed_pseudogene	0	0	0	0.0000	0.0000	0.0000
ENSG00000224982.4	TMEM233	protein_coding	16	3	13	0.4784	0.1401	0.1349
ENSG00000224984.1	AL512363.1	lncRNA	0	0	0	0.0000	0.0000	0.0000
ENSG00000224985.1	AL590714.1	lncRNA	2	352	362	0.4481	0.1313	0.1264
ENSG00000224986.2	PPP1R8P1	processed_pseudogene	3	2	1	0.2440	0.0715	0.0688
ENSG00000224987.1	AL024507.1	processed_pseudogene	0	0	0	0.0000	0.0000	0.0000
ENSG00000224988.1	AL158207.1	processed_pseudogene	5	5	0	1.2452	0.3647	0.3512
ENSG00000224989.2	FAM41AY1	lncRNA	0	0	0	0.0000	0.0000	0.0000
ENSG00000224992.2	AL445645.1	lncRNA	1	0	1	0.0833	0.0244	0.0235
ENSG00000224993.3	RPL29P12	processed_pseudogene	9	5	4	1.6366	0.4794	0.4616
ENSG00000224995.1	LINC01526	lncRNA	0	0	0	0.0000	0.0000	0.0000
ENSG00000224999.1	VTA1P1	processed_pseudogene	0	0	0	0.0000	0.0000	0.0000
ENSG00000225000.1	AC010082.1	lncRNA	0	0	0	0.0000	0.0000	0.0000
ENSG00000225002.2	AL732323.1	lncRNA	0	0	0	0.0000	0.0000	0.0000
ENSG00000225003.1	OR51A5P	unprocessed_pseudogene	0	0	0	0.0000	0.0000	0.0000
ENSG00000225005.1	AC211485.1	processed_pseudogene	0	0	0	0.0000	0.0000	0.0000
ENSG00000225006.1	AL929288.1	lncRNA	0	0	0	0.0000	0.0000	0.0000
ENSG00000225007.1	AC000067.1	lncRNA	0	0	0	0.0000	0.0000	0.0000
ENSG00000225008.1	AC234781.2	processed_pseudogene	0	0	0	0.0000	0.0000	0.0000
ENSG00000225011.4	AL671862.1	unprocessed_pseudogene	0	0	0	0.0000	0.0000	0.0000
ENSG00000225012.5	AL121872.1	lncRNA	0	0	0	0.0000	0.0000	0.0000
ENSG00000225014.1	KCTD9P1	transcribed_processed_pseudogene	0	0	0	0.0000	0.0000	0.0000
ENSG00000225016.1	LINC00328-2P	processed_pseudogene	1	1	0	0.3878	0.1136	0.1094
ENSG00000225017.1	AP004289.1	processed_pseudogene	0	0	0	0.0000	0.0000	0.0000
ENSG00000225018.1	AC092647.1	processed_pseudogene	0	0	0	0.0000	0.0000	0.0000
ENSG00000225022.1	UBE2D3P1	processed_pseudogene	8	4	4	1.5301	0.4482	0.4316
ENSG00000225024.1	RPL37P11	processed_pseudogene	1	0	1	0.2908	0.0852	0.0820
ENSG00000225025.2	KIF4CP	processed_pseudogene	0	0	0	0.0000	0.0000	0.0000
ENSG00000225026.1	AC091492.1	processed_pseudogene	4	3	1	1.2488	0.3658	0.3522
ENSG00000225027.2	IFNWP4	processed_pseudogene	0	0	0	0.0000	0.0000	0.0000
ENSG00000225028.1	AC096541.1	lncRNA	1	1	0	0.0470	0.0138	0.0133
ENSG00000225031.1	EIF4BP7	processed_pseudogene	114	63	53	5.3397	1.5641	1.5061
ENSG00000225032.5	AL162586.1	lncRNA	27	715	719	1.0204	0.2989	0.2878
ENSG00000225036.1	CDK4P1	processed_pseudogene	0	0	0	0.0000	0.0000	0.0000
ENSG00000225037.1	EIF1AX-AS1	lncRNA	0	0	0	0.0000	0.0000	0.0000
ENSG00000225039.1	LINC01058	lncRNA	1	1	0	0.1896	0.0555	0.0535
ENSG00000225043.1	RPL18AP2	processed_pseudogene	0	0	0	0.0000	0.0000	0.0000
ENSG00000225044.1	AC018814.1	lncRNA	0	0	0	0.0000	0.0000	0.0000
ENSG00000225045.1	MTND5P27	processed_pseudogene	0	0	0	0.0000	0.0000	0.0000
ENSG00000225046.2	AL035423.1	processed_pseudogene	0	0	0	0.0000	0.0000	0.0000
ENSG00000225050.2	AL355592.1	lncRNA	0	0	0	0.0000	0.0000	0.0000
ENSG00000225051.5	HMGB3P22	transcribed_processed_pseudogene	9	8	8	0.9264	0.2714	0.2613
ENSG00000225053.1	PRPF38AP1	processed_pseudogene	0	0	0	0.0000	0.0000	0.0000
ENSG00000225055.1	AL606490.1	processed_pseudogene	0	0	0	0.0000	0.0000	0.0000
ENSG00000225056.1	AL121894.1	lncRNA	0	0	0	0.0000	0.0000	0.0000
ENSG00000225057.2	AC012485.1	lncRNA	2	4	11	0.0437	0.0128	0.0123
ENSG00000225058.1	AC092941.1	lncRNA	0	0	0	0.0000	0.0000	0.0000
ENSG00000225062.1	CATIP-AS1	lncRNA	0	8	3	0.0000	0.0000	0.0000
ENSG00000225063.1	TMCC2-AS1	lncRNA	0	0	0	0.0000	0.0000	0.0000
ENSG00000225064.1	LINC01802	lncRNA	0	0	0	0.0000	0.0000	0.0000
ENSG00000225066.1	MDM4P1	processed_pseudogene	0	0	0	0.0000	0.0000	0.0000
ENSG00000225067.4	RPL23AP2	processed_pseudogene	11	20	19	2.0046	0.5872	0.5654
ENSG00000225069.3	AL080312.1	processed_pseudogene	0	0	0	0.0000	0.0000	0.0000
ENSG00000225071.1	RPS26P58	processed_pseudogene	16	7	9	3.9044	1.1437	1.1013
ENSG00000225072.1	OR7E116P	unprocessed_pseudogene	0	0	0	0.0000	0.0000	0.0000
ENSG00000225075.1	AL603832.1	lncRNA	1	69	72	0.1891	0.0554	0.0533
ENSG00000225076.1	WWC3-AS1	lncRNA	0	0	0	0.0000	0.0000	0.0000
ENSG00000225077.3	LINC00337	lncRNA	27	203	208	0.9724	0.2848	0.2743
ENSG00000225078.2	AL365338.1	processed_pseudogene	0	0	0	0.0000	0.0000	0.0000
ENSG00000225079.2	FTH1P22	processed_pseudogene	26	14	12	4.2460	1.2437	1.1976
ENSG00000225080.1	PFN1P4	processed_pseudogene	1	1	0	0.2112	0.0619	0.0596
ENSG00000225082.2	DAP3P1	unprocessed_pseudogene	2	2	0	0.6109	0.1790	0.1723
ENSG00000225083.2	GRTP1-AS1	lncRNA	0	8	7	0.0000	0.0000	0.0000
ENSG00000225084.1	AL450226.1	lncRNA	0	0	0	0.0000	0.0000	0.0000
ENSG00000225085.1	AL162726.1	lncRNA	0	0	0	0.0000	0.0000	0.0000
ENSG00000225087.2	AL583808.1	lncRNA	0	0	0	0.0000	0.0000	0.0000
ENSG00000225091.3	SNORA71A	snoRNA	0	0	0	0.0000	0.0000	0.0000
ENSG00000225092.2	AL355336.1	lncRNA	0	0	0	0.0000	0.0000	0.0000
ENSG00000225093.1	RPL3P7	processed_pseudogene	42	20	22	2.9428	0.8620	0.8300
ENSG00000225094.3	SETP20	processed_pseudogene	3	1	2	0.2990	0.0876	0.0843
ENSG00000225096.3	AL445250.1	lncRNA	95	65	30	0.8055	0.2359	0.2272
ENSG00000225098.1	BCRP1	unprocessed_pseudogene	0	1	2	0.0000	0.0000	0.0000
ENSG00000225099.1	ATP6V1E1P1	processed_pseudogene	6	4	2	0.7482	0.2192	0.2110
ENSG00000225100.2	DPY19L2P5	processed_pseudogene	0	0	0	0.0000	0.0000	0.0000
ENSG00000225101.6	OR52K3P	transcribed_unprocessed_pseudogene	3	2	1	0.1179	0.0345	0.0333
ENSG00000225102.2	AL157373.1	lncRNA	0	0	0	0.0000	0.0000	0.0000
ENSG00000225105.2	LINC01076	lncRNA	0	0	0	0.0000	0.0000	0.0000
ENSG00000225106.1	AL162457.2	lncRNA	1	0	1	0.0627	0.0184	0.0177
ENSG00000225107.1	AC092484.1	lncRNA	5	4	3	0.5097	0.1493	0.1438
ENSG00000225108.1	ZBTB45P1	processed_pseudogene	0	0	0	0.0000	0.0000	0.0000
ENSG00000225110.3	PNMA6F	protein_coding	0	0	1	0.0000	0.0000	0.0000
ENSG00000225111.1	AC083900.1	lncRNA	0	0	0	0.0000	0.0000	0.0000
ENSG00000225112.1	AL157392.1	lncRNA	0	0	0	0.0000	0.0000	0.0000
ENSG00000225113.1	AL355310.1	lncRNA	0	0	0	0.0000	0.0000	0.0000
ENSG00000225116.1	AL353193.1	processed_pseudogene	0	0	0	0.0000	0.0000	0.0000
ENSG00000225117.2	ARSDP1	unprocessed_pseudogene	2	2	0	0.0961	0.0282	0.0271
ENSG00000225118.1	AL392103.1	processed_pseudogene	0	0	0	0.0000	0.0000	0.0000
ENSG00000225121.2	EEF1B2P5	unprocessed_pseudogene	0	0	0	0.0000	0.0000	0.0000
ENSG00000225122.1	AL603841.1	unprocessed_pseudogene	0	0	0	0.0000	0.0000	0.0000
ENSG00000225123.2	AL139008.1	processed_pseudogene	0	0	0	0.0000	0.0000	0.0000
ENSG00000225124.1	RPL23AP36	processed_pseudogene	0	0	0	0.0000	0.0000	0.0000
ENSG00000225125.2	RANP4	processed_pseudogene	5	1	4	0.6482	0.1899	0.1828
ENSG00000225126.1	CAMTA1-AS1	lncRNA	1	1	0	0.2352	0.0689	0.0663
ENSG00000225127.3	LINC00237	lncRNA	0	0	0	0.0000	0.0000	0.0000
ENSG00000225128.1	LINC00972	lncRNA	1	1	0	0.1045	0.0306	0.0295
ENSG00000225129.1	AL035250.1	lncRNA	0	0	0	0.0000	0.0000	0.0000
ENSG00000225131.2	PSME2P2	processed_pseudogene	180	89	91	21.8367	6.3963	6.1592
ENSG00000225133.1	MORF4L1P4	processed_pseudogene	0	0	0	0.0000	0.0000	0.0000
ENSG00000225136.1	PGBD4P5	processed_pseudogene	0	0	0	0.0000	0.0000	0.0000
ENSG00000225137.1	DYNC1I2P1	processed_pseudogene	52	24	28	2.4025	0.7037	0.6776
ENSG00000225138.8	SLC9A3-AS1	lncRNA	6	4	3	0.1077	0.0315	0.0304
ENSG00000225140.1	AL358216.1	lncRNA	37	14	23	1.8962	0.5554	0.5348
ENSG00000225142.2	AC114495.1	processed_pseudogene	0	0	0	0.0000	0.0000	0.0000
ENSG00000225144.2	AC018643.1	lncRNA	0	0	0	0.0000	0.0000	0.0000
ENSG00000225146.1	AC073957.1	lncRNA	0	0	0	0.0000	0.0000	0.0000
ENSG00000225147.1	RPS12P10	processed_pseudogene	0	0	0	0.0000	0.0000	0.0000
ENSG00000225148.1	AL050338.1	lncRNA	0	0	0	0.0000	0.0000	0.0000
ENSG00000225151.10	GOLGA2P7	transcribed_unprocessed_pseudogene	3	1	2	0.0518	0.0152	0.0146
ENSG00000225152.1	AL160290.1	lncRNA	0	0	0	0.0000	0.0000	0.0000
ENSG00000225154.2	TUBAP9	processed_pseudogene	1	0	1	0.0706	0.0207	0.0199
ENSG00000225155.4	TOMM22P5	processed_pseudogene	0	0	0	0.0000	0.0000	0.0000
ENSG00000225156.2	AC012354.1	lncRNA	5	4	1	0.1581	0.0463	0.0446
ENSG00000225158.2	HSPE1P24	processed_pseudogene	0	0	0	0.0000	0.0000	0.0000
ENSG00000225159.1	NPM1P39	processed_pseudogene	77	32	45	7.5420	2.2092	2.1273
ENSG00000225163.4	LINC00618	lncRNA	0	0	0	0.0000	0.0000	0.0000
ENSG00000225165.3	RTRAFP2	processed_pseudogene	0	0	0	0.0000	0.0000	0.0000
ENSG00000225166.2	AC012462.1	lncRNA	0	0	0	0.0000	0.0000	0.0000
ENSG00000225167.1	TXNP2	processed_pseudogene	0	0	0	0.0000	0.0000	0.0000
ENSG00000225169.1	BRI3P1	processed_pseudogene	38	26	12	8.5370	2.5006	2.4079
ENSG00000225170.2	AL049737.1	processed_pseudogene	3	2	1	0.1816	0.0532	0.0512
ENSG00000225171.2	DUTP6	processed_pseudogene	4	2	2	0.7352	0.2154	0.2074
ENSG00000225172.6	AC096631.1	lncRNA	0	0	0	0.0000	0.0000	0.0000
ENSG00000225173.1	AL662890.1	lncRNA	0	0	0	0.0000	0.0000	0.0000
ENSG00000225174.2	OSTM1-AS1	lncRNA	0	0	0	0.0000	0.0000	0.0000
ENSG00000225175.1	AC109780.1	unprocessed_pseudogene	0	0	0	0.0000	0.0000	0.0000
ENSG00000225176.2	ATP5MGP4	processed_pseudogene	0	0	0	0.0000	0.0000	0.0000
ENSG00000225177.6	AL590617.2	lncRNA	109	65	45	3.5075	1.0274	0.9893
ENSG00000225178.5	RPSAP58	processed_pseudogene	84	45	51	8.0330	2.3530	2.2658
ENSG00000225179.2	LINC00457	lncRNA	6	5	1	0.1599	0.0468	0.0451
ENSG00000225180.8	PVALEF	protein_coding	0	1	0	0.0000	0.0000	0.0000
ENSG00000225181.1	AL121584.1	lncRNA	0	0	0	0.0000	0.0000	0.0000
ENSG00000225182.1	AC092601.1	processed_pseudogene	0	0	0	0.0000	0.0000	0.0000
ENSG00000225183.1	AL353898.1	processed_pseudogene	0	0	0	0.0000	0.0000	0.0000
ENSG00000225185.3	PPIAP8	processed_pseudogene	0	0	0	0.0000	0.0000	0.0000
ENSG00000225187.1	AC073283.1	lncRNA	2	3	0	0.1975	0.0578	0.0557
ENSG00000225189.1	REREP1Y	unprocessed_pseudogene	0	0	0	0.0000	0.0000	0.0000
ENSG00000225190.11	PLEKHM1	protein_coding	2036	1028	1008	18.7261	5.4852	5.2818
ENSG00000225191.1	AL136455.1	processed_pseudogene	0	0	0	0.0000	0.0000	0.0000
ENSG00000225192.1	ZNF33BP1	processed_pseudogene	0	0	0	0.0000	0.0000	0.0000
ENSG00000225193.5	RPS12P26	transcribed_processed_pseudogene	2	1	1	0.4289	0.1256	0.1210
ENSG00000225194.3	LINC00092	lncRNA	7	1	6	0.1226	0.0359	0.0346
ENSG00000225195.2	AC078962.1	lncRNA	0	0	0	0.0000	0.0000	0.0000
ENSG00000225196.2	RPL10P17	processed_pseudogene	0	0	0	0.0000	0.0000	0.0000
ENSG00000225198.1	SSXP3	unprocessed_pseudogene	0	0	0	0.0000	0.0000	0.0000
ENSG00000225200.2	AC246787.1	processed_pseudogene	74	48	26	10.0225	2.9357	2.8269
ENSG00000225203.2	AL139230.1	lncRNA	0	0	0	0.0000	0.0000	0.0000
ENSG00000225205.5	AC078883.1	lncRNA	34	591	604	1.1799	0.3456	0.3328
ENSG00000225206.10	MIR137HG	lncRNA	0	0	0	0.0000	0.0000	0.0000
ENSG00000225208.1	AL133387.1	lncRNA	0	0	0	0.0000	0.0000	0.0000
ENSG00000225209.2	AC092637.1	lncRNA	0	0	0	0.0000	0.0000	0.0000
ENSG00000225210.10	DUXAP9	transcribed_processed_pseudogene	8	5	3	0.1402	0.0411	0.0395
ENSG00000225212.4	AKR1B1P6	processed_pseudogene	0	0	0	0.0000	0.0000	0.0000
ENSG00000225213.2	AC073367.1	lncRNA	9	3	6	1.0965	0.3212	0.3093
ENSG00000225214.1	AC079790.1	lncRNA	0	1	0	0.0000	0.0000	0.0000
ENSG00000225215.1	SMARCE1P1	processed_pseudogene	0	0	0	0.0000	0.0000	0.0000
ENSG00000225216.6	AC007362.1	lncRNA	14	624	777	0.7325	0.2146	0.2066
ENSG00000225217.1	HSPA7	unprocessed_pseudogene	306	151	155	13.4850	3.9500	3.8035
ENSG00000225218.1	AP001628.1	lncRNA	1	1	0	0.2980	0.0873	0.0840
ENSG00000225221.1	PLA2G12AP2	processed_pseudogene	0	0	0	0.0000	0.0000	0.0000
ENSG00000225222.2	CHCHD4P5	processed_pseudogene	0	0	0	0.0000	0.0000	0.0000
ENSG00000225224.1	RPS27AP12	processed_pseudogene	6	4	2	1.0957	0.3210	0.3091
ENSG00000225225.1	ARL2BPP10	processed_pseudogene	0	4	5	0.0000	0.0000	0.0000
ENSG00000225226.2	LINC01795	lncRNA	0	0	0	0.0000	0.0000	0.0000
ENSG00000225230.1	AC008937.1	lncRNA	0	19	10	0.0000	0.0000	0.0000
ENSG00000225231.2	LINC02470	lncRNA	0	0	1	0.0000	0.0000	0.0000
ENSG00000225233.2	AL592402.1	lncRNA	0	0	0	0.0000	0.0000	0.0000
ENSG00000225234.1	TRAPPC12-AS1	lncRNA	28	16	12	2.6187	0.7671	0.7386
ENSG00000225235.1	INTS6L-AS1	lncRNA	2	6	1	0.4267	0.1250	0.1204
ENSG00000225236.1	AP000936.2	processed_pseudogene	1	1	0	0.1247	0.0365	0.0352
ENSG00000225238.1	GEMIN7P1	processed_pseudogene	0	0	0	0.0000	0.0000	0.0000
ENSG00000225239.1	RPL21P107	processed_pseudogene	0	0	0	0.0000	0.0000	0.0000
ENSG00000225240.1	AC117490.1	unprocessed_pseudogene	0	0	0	0.0000	0.0000	0.0000
ENSG00000225242.2	COX6B1P7	processed_pseudogene	0	0	0	0.0000	0.0000	0.0000
ENSG00000225243.5	AL021026.1	lncRNA	1	12	9	0.1067	0.0312	0.0301
ENSG00000225244.3	AC069152.1	unprocessed_pseudogene	0	0	0	0.0000	0.0000	0.0000
ENSG00000225246.1	RPS2P1	processed_pseudogene	3	3	0	0.3103	0.0909	0.0875
ENSG00000225249.6	LINC00378	lncRNA	2	0	2	0.0500	0.0146	0.0141
ENSG00000225251.1	RPL5P25	processed_pseudogene	2	1	1	0.2191	0.0642	0.0618
ENSG00000225253.1	AC011225.1	processed_pseudogene	0	0	0	0.0000	0.0000	0.0000
ENSG00000225254.2	ARMC8P1	processed_pseudogene	0	0	0	0.0000	0.0000	0.0000
ENSG00000225255.6	PSLNR	lncRNA	0	0	0	0.0000	0.0000	0.0000
ENSG00000225256.1	TRAPPC2P5	unprocessed_pseudogene	0	0	0	0.0000	0.0000	0.0000
ENSG00000225258.1	AC009478.1	lncRNA	0	0	0	0.0000	0.0000	0.0000
ENSG00000225259.4	ST13P6	processed_pseudogene	36	17	19	2.7742	0.8126	0.7825
ENSG00000225263.1	PCDH9-AS3	lncRNA	0	0	0	0.0000	0.0000	0.0000
ENSG00000225264.3	ZNRF2P2	transcribed_processed_pseudogene	15	24	25	1.4361	0.4207	0.4051
ENSG00000225265.2	TAF1A-AS1	lncRNA	67	48	42	2.5164	0.7371	0.7098
ENSG00000225267.1	RPL8P2	processed_pseudogene	3	2	1	0.5075	0.1487	0.1431
ENSG00000225269.3	LINC00705	lncRNA	33	18	16	0.8771	0.2569	0.2474
ENSG00000225270.1	CICP12	processed_pseudogene	0	0	0	0.0000	0.0000	0.0000
ENSG00000225271.1	NOLC1P1	processed_pseudogene	8	3	5	0.3265	0.0956	0.0921
ENSG00000225272.2	AL451074.2	processed_pseudogene	0	0	0	0.0000	0.0000	0.0000
ENSG00000225275.4	NUP210P2	unprocessed_pseudogene	0	0	0	0.0000	0.0000	0.0000
ENSG00000225276.1	MTND1P18	processed_pseudogene	0	0	0	0.0000	0.0000	0.0000
ENSG00000225279.2	AL121987.1	lncRNA	3	1	2	0.1510	0.0442	0.0426
ENSG00000225280.7	AL158013.1	lncRNA	0	0	0	0.0000	0.0000	0.0000
ENSG00000225282.1	AP000350.2	processed_pseudogene	0	0	0	0.0000	0.0000	0.0000
ENSG00000225284.1	AC018693.1	lncRNA	0	21	23	0.0000	0.0000	0.0000
ENSG00000225285.1	LINC01770	lncRNA	23	13	12	2.2951	0.6723	0.6474
ENSG00000225286.1	AC005105.1	processed_pseudogene	0	0	0	0.0000	0.0000	0.0000
ENSG00000225287.1	OFD1P13Y	unprocessed_pseudogene	0	0	0	0.0000	0.0000	0.0000
ENSG00000225289.1	RPL29P29	processed_pseudogene	0	0	0	0.0000	0.0000	0.0000
ENSG00000225292.2	AL158212.1	lncRNA	1	0	1	0.2696	0.0790	0.0760
ENSG00000225293.1	ABCD1P4	unprocessed_pseudogene	0	0	0	0.0000	0.0000	0.0000
ENSG00000225294.1	OSTCP2	processed_pseudogene	0	0	0	0.0000	0.0000	0.0000
ENSG00000225295.1	MTND4P4	unprocessed_pseudogene	0	0	0	0.0000	0.0000	0.0000
ENSG00000225297.1	AC126124.1	processed_pseudogene	0	0	0	0.0000	0.0000	0.0000
ENSG00000225298.5	LINC00113	lncRNA	16	6	10	2.2238	0.6514	0.6272
ENSG00000225299.1	AL139240.1	lncRNA	0	0	0	0.0000	0.0000	0.0000
ENSG00000225300.1	AL591623.1	lncRNA	0	0	0	0.0000	0.0000	0.0000
ENSG00000225303.2	AL117341.1	lncRNA	0	0	0	0.0000	0.0000	0.0000
ENSG00000225304.1	AC106901.1	processed_pseudogene	0	0	0	0.0000	0.0000	0.0000
ENSG00000225308.2	ASS1P11	processed_pseudogene	1	0	1	0.0698	0.0205	0.0197
ENSG00000225310.1	DNAJC19P4	processed_pseudogene	0	0	0	0.0000	0.0000	0.0000
ENSG00000225311.1	AL024474.2	lncRNA	0	0	0	0.0000	0.0000	0.0000
ENSG00000225313.5	AL513327.1	lncRNA	51	46	49	1.0787	0.3160	0.3043
ENSG00000225314.1	AC018634.1	processed_pseudogene	0	0	0	0.0000	0.0000	0.0000
ENSG00000225315.2	AL591178.1	lncRNA	0	0	5	0.0000	0.0000	0.0000
ENSG00000225316.3	LINC00350	lncRNA	1	0	2	0.0518	0.0152	0.0146
ENSG00000225321.2	LINC01427	lncRNA	0	0	0	0.0000	0.0000	0.0000
ENSG00000225323.1	HBAP1	unprocessed_pseudogene	0	0	0	0.0000	0.0000	0.0000
ENSG00000225325.1	AL583804.1	lncRNA	0	0	0	0.0000	0.0000	0.0000
ENSG00000225326.1	USP9YP19	unprocessed_pseudogene	0	0	0	0.0000	0.0000	0.0000
ENSG00000225327.3	USP17L3	protein_coding	0	0	0	0.0000	0.0000	0.0000
ENSG00000225328.2	LINC01594	lncRNA	0	0	0	0.0000	0.0000	0.0000
ENSG00000225329.3	LHFPL3-AS2	lncRNA	12	5	7	0.4291	0.1257	0.1210
ENSG00000225330.1	AF064860.1	lncRNA	0	0	0	0.0000	0.0000	0.0000
ENSG00000225331.1	LINC01678	lncRNA	1	1	0	0.0979	0.0287	0.0276
ENSG00000225333.6	AL035404.1	processed_pseudogene	0	0	0	0.0000	0.0000	0.0000
ENSG00000225334.3	LINC02813	lncRNA	11	4	7	0.5894	0.1726	0.1662
ENSG00000225335.3	AC016027.1	lncRNA	6	96	81	0.2280	0.0668	0.0643
ENSG00000225336.2	HMGB3P1	processed_pseudogene	0	0	0	0.0000	0.0000	0.0000
ENSG00000225337.1	AL353608.1	lncRNA	0	0	0	0.0000	0.0000	0.0000
ENSG00000225338.1	RPL23AP18	processed_pseudogene	16	13	3	2.9033	0.8504	0.8189
ENSG00000225339.4	AL354740.1	lncRNA	24	871	906	0.2430	0.0712	0.0685
ENSG00000225341.1	AC013269.1	lncRNA	0	0	0	0.0000	0.0000	0.0000
ENSG00000225342.2	LRRK2-DT	lncRNA	18	6	12	0.6704	0.1964	0.1891
ENSG00000225343.1	RPL21P66	processed_pseudogene	0	0	0	0.0000	0.0000	0.0000
ENSG00000225344.1	AL035252.1	processed_pseudogene	0	1	0	0.0000	0.0000	0.0000
ENSG00000225345.3	SNX18P3	transcribed_unprocessed_pseudogene	2	1	1	0.0870	0.0255	0.0245
ENSG00000225347.1	SLC25A5P8	processed_pseudogene	1	0	1	0.0946	0.0277	0.0267
ENSG00000225349.2	ANKRD49P2	processed_pseudogene	1	0	1	0.1593	0.0467	0.0449
ENSG00000225350.1	FREM2-AS1	lncRNA	0	0	0	0.0000	0.0000	0.0000
ENSG00000225352.1	RPL31P53	processed_pseudogene	0	0	0	0.0000	0.0000	0.0000
ENSG00000225354.1	RPL7AP52	processed_pseudogene	0	0	0	0.0000	0.0000	0.0000
ENSG00000225355.1	ARL6IP1P2	processed_pseudogene	1	1	0	0.1508	0.0442	0.0425
ENSG00000225356.3	AC093840.1	processed_pseudogene	0	0	0	0.0000	0.0000	0.0000
ENSG00000225357.3	RPF2P1	processed_pseudogene	2	1	1	0.1875	0.0549	0.0529
ENSG00000225358.1	MIPEPP1	processed_pseudogene	2	1	1	0.0838	0.0245	0.0236
ENSG00000225359.1	AL358393.1	lncRNA	0	0	0	0.0000	0.0000	0.0000
ENSG00000225360.1	AL772155.2	processed_pseudogene	0	0	0	0.0000	0.0000	0.0000
ENSG00000225361.4	PPP1R26-AS1	lncRNA	22	17	6	0.4465	0.1308	0.1259
ENSG00000225362.10	CT62	lncRNA	0	0	0	0.0000	0.0000	0.0000
ENSG00000225364.1	ATP6V0E1P1	processed_pseudogene	0	0	0	0.0000	0.0000	0.0000
ENSG00000225365.1	AC078942.1	lncRNA	0	0	0	0.0000	0.0000	0.0000
ENSG00000225366.4	TDGF1P3	transcribed_processed_pseudogene	1	1	0	0.0313	0.0092	0.0088
ENSG00000225369.1	CAPZA1P2	processed_pseudogene	0	0	0	0.0000	0.0000	0.0000
ENSG00000225370.1	AC243962.1	unprocessed_pseudogene	9	6	3	1.3200	0.3867	0.3723
ENSG00000225371.1	CICP8	processed_pseudogene	0	0	0	0.0000	0.0000	0.0000
ENSG00000225376.6	TMEM246-AS1	lncRNA	10	28	26	0.4558	0.1335	0.1286
ENSG00000225377.6	NRSN2-AS1	lncRNA	210	112	100	2.8429	0.8327	0.8018
ENSG00000225378.1	AC015977.1	lncRNA	0	0	0	0.0000	0.0000	0.0000
ENSG00000225380.4	IGKV1OR9-2	IG_V_pseudogene	0	0	0	0.0000	0.0000	0.0000
ENSG00000225381.2	RPS5P7	processed_pseudogene	0	0	0	0.0000	0.0000	0.0000
ENSG00000225383.8	SFTA1P	lncRNA	10	9	1	0.2669	0.0782	0.0753
ENSG00000225384.1	AL606662.1	processed_pseudogene	0	0	0	0.0000	0.0000	0.0000
ENSG00000225385.3	AL353572.1	processed_pseudogene	0	0	0	0.0000	0.0000	0.0000
ENSG00000225386.2	AC099754.1	lncRNA	0	0	0	0.0000	0.0000	0.0000
ENSG00000225387.1	AL591896.1	lncRNA	0	0	0	0.0000	0.0000	0.0000
ENSG00000225391.5	NHEG1	lncRNA	1	1	0	0.0626	0.0183	0.0177
ENSG00000225392.1	MRPL36P1	processed_pseudogene	1	2	1	0.2722	0.0797	0.0768
ENSG00000225393.1	BX571846.1	lncRNA	0	0	0	0.0000	0.0000	0.0000
ENSG00000225394.1	AC106883.1	processed_pseudogene	0	0	0	0.0000	0.0000	0.0000
ENSG00000225396.5	FAM236D	protein_coding	0	0	0	0.0000	0.0000	0.0000
ENSG00000225397.1	AC244505.3	processed_pseudogene	0	0	0	0.0000	0.0000	0.0000
ENSG00000225398.3	PGM5P4	unprocessed_pseudogene	2	1	1	0.3817	0.1118	0.1077
ENSG00000225399.4	AC121247.1	lncRNA	6	2	4	0.4136	0.1211	0.1167
ENSG00000225400.1	RAB28P5	processed_pseudogene	2	10	8	0.2609	0.0764	0.0736
ENSG00000225401.2	TGIF2P1	processed_pseudogene	3	2	1	0.3719	0.1089	0.1049
ENSG00000225402.1	AC010878.1	processed_pseudogene	1	0	1	0.0811	0.0238	0.0229
ENSG00000225404.2	RPL26P34	processed_pseudogene	0	0	0	0.0000	0.0000	0.0000
ENSG00000225405.3	RPS15AP17	processed_pseudogene	1	0	1	0.2177	0.0638	0.0614
ENSG00000225406.1	ELF2P4	processed_pseudogene	1	1	0	0.1242	0.0364	0.0350
ENSG00000225407.3	AC025188.1	lncRNA	1	2	3	0.1415	0.0415	0.0399
ENSG00000225408.1	AL136980.1	lncRNA	0	16	10	0.0000	0.0000	0.0000
ENSG00000225411.3	CR786580.1	lncRNA	0	0	0	0.0000	0.0000	0.0000
ENSG00000225413.2	LINC02557	lncRNA	0	0	0	0.0000	0.0000	0.0000
ENSG00000225415.2	ACKR4P1	processed_pseudogene	0	0	0	0.0000	0.0000	0.0000
ENSG00000225416.1	AC104843.1	processed_pseudogene	3	1	2	0.7986	0.2339	0.2253
ENSG00000225417.1	AL049648.1	lncRNA	0	0	0	0.0000	0.0000	0.0000
ENSG00000225418.1	AKR1C5P	unprocessed_pseudogene	0	0	0	0.0000	0.0000	0.0000
ENSG00000225419.1	RPL21P3	processed_pseudogene	2	0	2	0.3553	0.1041	0.1002
ENSG00000225420.1	AC104134.1	lncRNA	0	202	225	0.0000	0.0000	0.0000
ENSG00000225421.2	AC019330.1	lncRNA	1	0	1	0.0398	0.0117	0.0112
ENSG00000225422.4	RBMS1P1	processed_pseudogene	49	21	28	3.5996	1.0544	1.0153
ENSG00000225423.1	TNPO1P1	processed_pseudogene	1	0	1	0.0746	0.0219	0.0210
ENSG00000225424.1	AL391869.1	lncRNA	0	0	0	0.0000	0.0000	0.0000
ENSG00000225427.2	LINC00331	lncRNA	0	0	0	0.0000	0.0000	0.0000
ENSG00000225428.1	NDUFB4P7	processed_pseudogene	0	0	0	0.0000	0.0000	0.0000
ENSG00000225431.1	LINC01671	lncRNA	0	0	0	0.0000	0.0000	0.0000
ENSG00000225433.3	MTND1P12	unprocessed_pseudogene	0	0	0	0.0000	0.0000	0.0000
ENSG00000225434.3	LINC01504	lncRNA	16	393	370	0.3133	0.0918	0.0884
ENSG00000225437.6	PACRG-AS2	lncRNA	0	0	0	0.0000	0.0000	0.0000
ENSG00000225438.1	KRT41P	unprocessed_pseudogene	0	0	0	0.0000	0.0000	0.0000
ENSG00000225439.3	BOLA3-AS1	lncRNA	744	365	379	16.9522	4.9656	4.7815
ENSG00000225442.2	MPRIP-AS1	lncRNA	1	1	0	0.0803	0.0235	0.0226
ENSG00000225443.1	AC004938.1	processed_pseudogene	0	0	0	0.0000	0.0000	0.0000
ENSG00000225444.2	LINC01867	lncRNA	0	0	0	0.0000	0.0000	0.0000
ENSG00000225446.3	LINC01763	lncRNA	3	1	2	0.1383	0.0405	0.0390
ENSG00000225447.1	RPS15AP10	processed_pseudogene	1	0	1	0.2223	0.0651	0.0627
ENSG00000225448.1	AC009477.1	processed_pseudogene	0	0	0	0.0000	0.0000	0.0000
ENSG00000225449.3	RAB6C-AS1	transcribed_unprocessed_pseudogene	1	5	2	0.0215	0.0063	0.0061
ENSG00000225450.1	AL021707.1	lncRNA	0	323	298	0.0000	0.0000	0.0000
ENSG00000225451.1	AC092634.2	processed_pseudogene	0	0	0	0.0000	0.0000	0.0000
ENSG00000225455.3	TPI1P4	processed_pseudogene	1	1	0	0.1795	0.0526	0.0506
ENSG00000225457.1	AC073346.1	lncRNA	0	0	0	0.0000	0.0000	0.0000
ENSG00000225458.1	AL049812.2	lncRNA	0	0	0	0.0000	0.0000	0.0000
ENSG00000225460.1	AL590233.1	processed_pseudogene	2	0	2	0.3725	0.1091	0.1051
ENSG00000225462.1	FDPSP1	processed_pseudogene	2	2	0	0.1586	0.0465	0.0447
ENSG00000225463.1	ZNF70P1	processed_pseudogene	0	1	0	0.0000	0.0000	0.0000
ENSG00000225465.9	RFPL1S	lncRNA	3	10	4	0.0339	0.0099	0.0096
ENSG00000225466.1	OFD1P10Y	unprocessed_pseudogene	0	0	0	0.0000	0.0000	0.0000
ENSG00000225469.3	AL023773.1	unprocessed_pseudogene	0	0	0	0.0000	0.0000	0.0000
ENSG00000225470.8	JPX	lncRNA	17	162	197	0.0699	0.0205	0.0197
ENSG00000225471.5	BX119917.1	transcribed_processed_pseudogene	0	0	0	0.0000	0.0000	0.0000
ENSG00000225472.2	AL136366.1	lncRNA	0	0	0	0.0000	0.0000	0.0000
ENSG00000225473.1	ATP13A4-AS1	lncRNA	0	0	0	0.0000	0.0000	0.0000
ENSG00000225475.1	AC099789.1	processed_pseudogene	1	1	0	0.6023	0.1764	0.1699
ENSG00000225476.1	MTCO3P5	processed_pseudogene	0	0	0	0.0000	0.0000	0.0000
ENSG00000225477.3	AC099730.1	processed_pseudogene	0	0	0	0.0000	0.0000	0.0000
ENSG00000225478.2	AL031737.1	processed_pseudogene	0	0	0	0.0000	0.0000	0.0000
ENSG00000225479.1	PLCB1-IT1	lncRNA	0	0	0	0.0000	0.0000	0.0000
ENSG00000225480.1	AC006548.1	processed_pseudogene	0	0	0	0.0000	0.0000	0.0000
ENSG00000225482.1	RPS6P14	processed_pseudogene	0	0	0	0.0000	0.0000	0.0000
ENSG00000225483.1	RPL22P4	processed_pseudogene	0	0	0	0.0000	0.0000	0.0000
ENSG00000225484.7	NUTM2B-AS1	lncRNA	302	177	165	1.1403	0.3340	0.3216
ENSG00000225486.1	AL663058.1	processed_pseudogene	0	0	0	0.0000	0.0000	0.0000
ENSG00000225487.2	RPL35AP7	processed_pseudogene	0	0	0	0.0000	0.0000	0.0000
ENSG00000225488.3	AC092447.4	lncRNA	0	0	0	0.0000	0.0000	0.0000
ENSG00000225489.7	AL354707.1	lncRNA	25	11	14	0.6682	0.1957	0.1885
ENSG00000225491.1	UBE2Q2P4Y	unprocessed_pseudogene	0	0	0	0.0000	0.0000	0.0000
ENSG00000225492.6	GBP1P1	transcribed_unprocessed_pseudogene	94	47	58	3.3939	0.9941	0.9573
ENSG00000225493.1	LINC01107	lncRNA	0	0	0	0.0000	0.0000	0.0000
ENSG00000225496.1	RTRAFP1	processed_pseudogene	4	4	0	0.4622	0.1354	0.1304
ENSG00000225497.5	KCNMA1-AS2	lncRNA	0	0	0	0.0000	0.0000	0.0000
ENSG00000225498.1	AC002064.1	lncRNA	0	0	0	0.0000	0.0000	0.0000
ENSG00000225499.1	RPL15P4	processed_pseudogene	0	0	0	0.0000	0.0000	0.0000
ENSG00000225501.1	SNRPFP3	processed_pseudogene	0	0	0	0.0000	0.0000	0.0000
ENSG00000225502.2	GAPDHP16	processed_pseudogene	1	0	1	0.0883	0.0259	0.0249
ENSG00000225505.1	AC104332.1	processed_pseudogene	0	0	0	0.0000	0.0000	0.0000
ENSG00000225506.2	CYP4A22-AS1	lncRNA	7	4	6	0.6454	0.1891	0.1820
ENSG00000225507.1	AC069282.1	processed_pseudogene	76	34	42	12.2699	3.5940	3.4608
ENSG00000225508.1	SSXP5	unprocessed_pseudogene	0	0	0	0.0000	0.0000	0.0000
ENSG00000225509.1	AIFM1P1	processed_pseudogene	0	0	0	0.0000	0.0000	0.0000
ENSG00000225510.2	PCDH8P1	transcribed_processed_pseudogene	0	0	0	0.0000	0.0000	0.0000
ENSG00000225511.7	LINC00475	transcribed_unprocessed_pseudogene	80	42	38	1.7609	0.5158	0.4967
ENSG00000225513.1	AL158824.1	processed_pseudogene	1	1	0	0.1887	0.0553	0.0532
ENSG00000225514.1	MTND1P34	transcribed_processed_pseudogene	0	0	0	0.0000	0.0000	0.0000
ENSG00000225516.7	FAM197Y5	transcribed_unprocessed_pseudogene	0	0	0	0.0000	0.0000	0.0000
ENSG00000225518.3	LINC01703	lncRNA	27	9	18	1.4215	0.4164	0.4009
ENSG00000225519.1	AL365434.1	lncRNA	0	0	0	0.0000	0.0000	0.0000
ENSG00000225521.1	SNED1-AS1	lncRNA	1	9	17	0.1519	0.0445	0.0428
ENSG00000225522.2	AL592114.2	processed_pseudogene	0	0	0	0.0000	0.0000	0.0000
ENSG00000225523.2	IGKV6D-21	IG_V_gene	3	3	1	0.6229	0.1825	0.1757
ENSG00000225526.5	MKRN2OS	protein_coding	3	2	4	0.0836	0.0245	0.0236
ENSG00000225527.1	AL450384.1	lncRNA	0	0	0	0.0000	0.0000	0.0000
ENSG00000225528.3	Z82206.1	protein_coding	5	1	4	0.3212	0.0941	0.0906
ENSG00000225530.1	SP3P	processed_pseudogene	0	0	0	0.0000	0.0000	0.0000
ENSG00000225531.1	AL807761.2	processed_pseudogene	3	2	2	0.3495	0.1024	0.0986
ENSG00000225532.1	AL731684.1	lncRNA	0	0	0	0.0000	0.0000	0.0000
ENSG00000225533.1	PAWRP1	processed_pseudogene	0	0	0	0.0000	0.0000	0.0000
ENSG00000225535.7	LINC01393	lncRNA	6	4	2	0.2215	0.0649	0.0625
ENSG00000225536.2	STIP1P3	processed_pseudogene	4	3	1	0.2092	0.0613	0.0590
ENSG00000225537.1	AC073325.1	lncRNA	0	0	0	0.0000	0.0000	0.0000
ENSG00000225538.2	OR5BE1P	transcribed_unprocessed_pseudogene	0	0	0	0.0000	0.0000	0.0000
ENSG00000225539.7	LINC01821	lncRNA	0	0	0	0.0000	0.0000	0.0000
ENSG00000225542.2	ZNF385D-AS1	lncRNA	0	0	0	0.0000	0.0000	0.0000
ENSG00000225544.1	AC245452.1	processed_pseudogene	1	1	0	0.2166	0.0635	0.0611
ENSG00000225545.1	AL162399.1	lncRNA	0	0	0	0.0000	0.0000	0.0000
ENSG00000225546.6	LINC02476	lncRNA	1	1	0	0.0317	0.0093	0.0089
ENSG00000225548.7	LINC01980	lncRNA	1	1	0	0.0179	0.0052	0.0051
ENSG00000225549.3	SELENOKP3	transcribed_processed_pseudogene	0	0	0	0.0000	0.0000	0.0000
ENSG00000225551.1	AL157827.1	unprocessed_pseudogene	0	0	0	0.0000	0.0000	0.0000
ENSG00000225552.1	NAALADL2-AS1	lncRNA	0	0	0	0.0000	0.0000	0.0000
ENSG00000225555.2	AP000320.1	lncRNA	2	9	12	0.0643	0.0188	0.0181
ENSG00000225556.1	C2CD4D	protein_coding	49	26	26	2.3683	0.6937	0.6680
ENSG00000225557.1	MTCO3P20	processed_pseudogene	0	0	0	0.0000	0.0000	0.0000
ENSG00000225558.1	UBE2D3P2	processed_pseudogene	8	2	6	1.5267	0.4472	0.4306
ENSG00000225559.1	AC083867.2	lncRNA	0	0	0	0.0000	0.0000	0.0000
ENSG00000225560.6	FAM197Y8	transcribed_processed_pseudogene	0	0	0	0.0000	0.0000	0.0000
ENSG00000225561.2	LINC01710	lncRNA	0	0	0	0.0000	0.0000	0.0000
ENSG00000225563.2	AC006076.1	lncRNA	20	11	9	1.6933	0.4960	0.4776
ENSG00000225564.6	LINC01492	lncRNA	0	0	0	0.0000	0.0000	0.0000
ENSG00000225568.1	AC093155.1	processed_pseudogene	2	2	0	0.2056	0.0602	0.0580
ENSG00000225569.1	CCT4P2	processed_pseudogene	0	0	0	0.0000	0.0000	0.0000
ENSG00000225570.1	AC013733.1	lncRNA	0	0	0	0.0000	0.0000	0.0000
ENSG00000225572.1	DOCK4-AS1	lncRNA	0	0	0	0.0000	0.0000	0.0000
ENSG00000225573.4	RPL35P5	processed_pseudogene	20	7	13	4.5903	1.3446	1.2947
ENSG00000225574.1	DRAXINP1	processed_pseudogene	0	0	0	0.0000	0.0000	0.0000
ENSG00000225578.1	NCBP2-AS1	lncRNA	5	131	140	0.7555	0.2213	0.2131
ENSG00000225579.2	EDNRB-AS1	lncRNA	0	0	0	0.0000	0.0000	0.0000
ENSG00000225580.2	PA2G4P5	processed_pseudogene	7	5	2	0.5046	0.1478	0.1423
ENSG00000225581.3	TRIM53AP	unprocessed_pseudogene	0	0	0	0.0000	0.0000	0.0000
ENSG00000225582.2	AC011193.1	lncRNA	0	0	0	0.0000	0.0000	0.0000
ENSG00000225583.1	AC004690.1	processed_pseudogene	0	0	0	0.0000	0.0000	0.0000
ENSG00000225585.1	IPPKP1	processed_pseudogene	0	0	0	0.0000	0.0000	0.0000
ENSG00000225588.2	AC096669.1	lncRNA	0	0	0	0.0000	0.0000	0.0000
ENSG00000225591.2	BX248409.1	processed_pseudogene	8	3	5	2.6642	0.7804	0.7514
ENSG00000225594.1	AC098826.1	unprocessed_pseudogene	0	0	0	0.0000	0.0000	0.0000
ENSG00000225595.2	LINC01623	lncRNA	0	1	0	0.0000	0.0000	0.0000
ENSG00000225598.1	AL606519.1	lncRNA	0	0	0	0.0000	0.0000	0.0000
ENSG00000225602.5	MTOR-AS1	lncRNA	1	68	88	0.1113	0.0326	0.0314
ENSG00000225603.3	AC244394.1	processed_pseudogene	2	1	1	0.1020	0.0299	0.0288
ENSG00000225605.3	AC092813.1	lncRNA	2	2	0	0.0810	0.0237	0.0228
ENSG00000225606.1	AC005281.1	lncRNA	0	2	1	0.0000	0.0000	0.0000
ENSG00000225609.1	CDY20P	unprocessed_pseudogene	0	0	0	0.0000	0.0000	0.0000
ENSG00000225610.1	AC007679.1	lncRNA	0	52	46	0.0000	0.0000	0.0000
ENSG00000225611.1	LINC02158	lncRNA	3	3	1	0.2840	0.0832	0.0801
ENSG00000225612.2	AC099552.2	lncRNA	0	0	0	0.0000	0.0000	0.0000
ENSG00000225613.2	LINCMD1	lncRNA	0	0	0	0.0000	0.0000	0.0000
ENSG00000225614.4	ZNF469	protein_coding	311	152	160	1.9174	0.5616	0.5408
ENSG00000225615.1	RBMY2UP	unprocessed_pseudogene	0	0	0	0.0000	0.0000	0.0000
ENSG00000225616.2	AL138785.1	processed_pseudogene	3	2	1	0.7697	0.2254	0.2171
ENSG00000225619.1	MYT1L-AS1	lncRNA	0	0	0	0.0000	0.0000	0.0000
ENSG00000225620.1	AC104463.1	lncRNA	0	0	0	0.0000	0.0000	0.0000
ENSG00000225622.1	PPIAP17	processed_pseudogene	0	0	0	0.0000	0.0000	0.0000
ENSG00000225623.1	AGBL4-IT1	lncRNA	0	0	0	0.0000	0.0000	0.0000
ENSG00000225624.1	TBL1YP1	unprocessed_pseudogene	0	0	0	0.0000	0.0000	0.0000
ENSG00000225625.4	AC090517.1	processed_pseudogene	0	0	0	0.0000	0.0000	0.0000
ENSG00000225626.4	C9orf135-DT	lncRNA	0	0	0	0.0000	0.0000	0.0000
ENSG00000225630.1	MTND2P28	unprocessed_pseudogene	6686	3336	3358	543.8488	159.3018	153.3957
ENSG00000225632.1	AL161644.1	lncRNA	0	0	0	0.0000	0.0000	0.0000
ENSG00000225636.1	HNRNPA3P15	processed_pseudogene	1	1	0	0.0828	0.0242	0.0233
ENSG00000225637.1	AP001046.1	lncRNA	3	4	0	0.0905	0.0265	0.0255
ENSG00000225638.1	PABPC1P12	processed_pseudogene	0	0	0	0.0000	0.0000	0.0000
ENSG00000225639.1	PGAM1P2	processed_pseudogene	0	0	0	0.0000	0.0000	0.0000
ENSG00000225640.1	LINC01729	lncRNA	0	0	0	0.0000	0.0000	0.0000
ENSG00000225642.1	SNRPEP5	processed_pseudogene	3	2	1	0.9164	0.2684	0.2585
ENSG00000225643.1	AL606491.1	lncRNA	23	14	9	4.0438	1.1845	1.1406
ENSG00000225644.1	RPL35AP4	processed_pseudogene	0	0	0	0.0000	0.0000	0.0000
ENSG00000225647.2	AC005487.1	lncRNA	5	1	4	0.1470	0.0431	0.0415
ENSG00000225648.5	SBDSP1	transcribed_unprocessed_pseudogene	288	149	139	19.7394	5.7820	5.5676
ENSG00000225649.6	AC064875.1	lncRNA	294	142	152	4.1968	1.2293	1.1837
ENSG00000225650.2	EIF2S2P5	processed_pseudogene	0	0	0	0.0000	0.0000	0.0000
ENSG00000225652.2	KCNMA1-AS3	lncRNA	0	0	0	0.0000	0.0000	0.0000
ENSG00000225653.1	RNF19BPY	processed_pseudogene	0	0	0	0.0000	0.0000	0.0000
ENSG00000225655.5	BX255923.1	lncRNA	0	0	0	0.0000	0.0000	0.0000
ENSG00000225656.1	AL118511.2	lncRNA	15	9	6	4.0958	1.1997	1.1553
ENSG00000225657.2	LINC01716	lncRNA	0	0	0	0.0000	0.0000	0.0000
ENSG00000225658.1	TAF13P2	processed_pseudogene	0	0	0	0.0000	0.0000	0.0000
ENSG00000225660.1	Z99497.1	processed_pseudogene	0	0	0	0.0000	0.0000	0.0000
ENSG00000225661.7	RPL14P5	processed_pseudogene	1	0	1	0.1163	0.0341	0.0328
ENSG00000225661.7_PAR_Y	RPL14P5	processed_pseudogene	0	0	0	0.0000	0.0000	0.0000
ENSG00000225662.2	AC012519.1	processed_pseudogene	0	0	0	0.0000	0.0000	0.0000
ENSG00000225663.8	MCRIP1	protein_coding	2598	1278	1322	59.2118	17.3441	16.7010
ENSG00000225664.3	YWHAZP8	processed_pseudogene	0	0	0	0.0000	0.0000	0.0000
ENSG00000225665.4	SAR1AP3	processed_pseudogene	0	0	0	0.0000	0.0000	0.0000
ENSG00000225669.1	RPL23AP27	processed_pseudogene	0	0	0	0.0000	0.0000	0.0000
ENSG00000225670.4	CADM3-AS1	lncRNA	25	34	36	0.4076	0.1194	0.1150
ENSG00000225671.2	FCF1P6	processed_pseudogene	0	0	0	0.0000	0.0000	0.0000
ENSG00000225672.1	CCNT2P1	processed_pseudogene	0	0	0	0.0000	0.0000	0.0000
ENSG00000225673.3	AC104164.1	processed_pseudogene	0	0	0	0.0000	0.0000	0.0000
ENSG00000225674.1	IPO7P2	processed_pseudogene	5	5	0	0.2426	0.0711	0.0684
ENSG00000225675.2	LINC01771	lncRNA	5	1	4	0.7489	0.2194	0.2112
ENSG00000225676.2	AC002378.1	lncRNA	19	12	7	0.7301	0.2139	0.2059
ENSG00000225678.2	AP000619.1	transcribed_unprocessed_pseudogene	0	0	0	0.0000	0.0000	0.0000
ENSG00000225680.1	AL163953.1	lncRNA	0	0	0	0.0000	0.0000	0.0000
ENSG00000225681.2	AC005730.1	transcribed_processed_pseudogene	0	0	0	0.0000	0.0000	0.0000
ENSG00000225683.6	PACRG-AS3	lncRNA	0	0	0	0.0000	0.0000	0.0000
ENSG00000225684.4	FAM225B	lncRNA	32	15	17	0.3437	0.1007	0.0969
ENSG00000225685.1	TSPY5P	transcribed_unprocessed_pseudogene	0	0	0	0.0000	0.0000	0.0000
ENSG00000225689.2	AL008633.1	lncRNA	0	0	0	0.0000	0.0000	0.0000
ENSG00000225690.1	TREML5P	unprocessed_pseudogene	0	0	0	0.0000	0.0000	0.0000
ENSG00000225693.1	LAGE3P1	processed_pseudogene	0	0	0	0.0000	0.0000	0.0000
ENSG00000225695.1	HNRNPA1P35	processed_pseudogene	11	6	5	0.9700	0.2841	0.2736
ENSG00000225697.13	SLC26A6	protein_coding	368	191	177	4.9036	1.4363	1.3831
ENSG00000225698.3	IGHV3-72	IG_V_gene	14	9	5	2.7020	0.7915	0.7621
ENSG00000225701.1	EIF4A1P13	processed_pseudogene	1	1	0	0.3692	0.1082	0.1041
ENSG00000225703.1	AC114737.1	lncRNA	0	0	0	0.0000	0.0000	0.0000
ENSG00000225705.2	AC004899.1	processed_pseudogene	0	0	0	0.0000	0.0000	0.0000
ENSG00000225706.2	PTPRD-AS1	lncRNA	2	1	1	0.0339	0.0099	0.0096
ENSG00000225708.6	AL354984.2	lncRNA	0	0	0	0.0000	0.0000	0.0000
ENSG00000225710.1	AL355149.1	unprocessed_pseudogene	1	0	1	0.0963	0.0282	0.0272
ENSG00000225711.1	AL512326.3	processed_pseudogene	0	0	0	0.0000	0.0000	0.0000
ENSG00000225712.1	ATP5MC2P1	processed_pseudogene	1	0	1	0.1993	0.0584	0.0562
ENSG00000225713.5	RPL30P1	processed_pseudogene	0	0	0	0.0000	0.0000	0.0000
ENSG00000225715.1	PSMA1P1	processed_pseudogene	0	0	0	0.0000	0.0000	0.0000
ENSG00000225716.1	ELOCP13	processed_pseudogene	0	0	0	0.0000	0.0000	0.0000
ENSG00000225718.2	AC092100.1	lncRNA	0	0	0	0.0000	0.0000	0.0000
ENSG00000225719.2	NMNAT1P2	processed_pseudogene	0	0	0	0.0000	0.0000	0.0000
ENSG00000225720.6	AL031846.1	transcribed_unprocessed_pseudogene	15	9	6	1.9903	0.5830	0.5614
ENSG00000225721.5	AL592166.1	lncRNA	1	1007	1045	0.1110	0.0325	0.0313
ENSG00000225722.1	RPL24P9	processed_pseudogene	0	0	0	0.0000	0.0000	0.0000
ENSG00000225723.1	MTND6P15	processed_pseudogene	0	0	0	0.0000	0.0000	0.0000
ENSG00000225724.1	ASH2LP3	unprocessed_pseudogene	0	0	0	0.0000	0.0000	0.0000
ENSG00000225725.4	FAM66E	lncRNA	0	0	0	0.0000	0.0000	0.0000
ENSG00000225726.1	AC007000.2	processed_pseudogene	1	1	0	0.1744	0.0511	0.0492
ENSG00000225727.3	AL139184.1	transcribed_processed_pseudogene	0	4	3	0.0000	0.0000	0.0000
ENSG00000225728.2	TMEM230P1	processed_pseudogene	0	0	0	0.0000	0.0000	0.0000
ENSG00000225730.1	ADGRF5-AS1	lncRNA	0	0	0	0.0000	0.0000	0.0000
ENSG00000225731.1	PDE9A-AS1	lncRNA	4	2	2	0.1937	0.0567	0.0546
ENSG00000225733.6	FGD5-AS1	lncRNA	3076	1566	1567	50.6035	14.8226	14.2730
ENSG00000225735.1	NEK4P1	processed_pseudogene	0	0	0	0.0000	0.0000	0.0000
ENSG00000225738.2	NRG3-AS1	lncRNA	0	25	27	0.0000	0.0000	0.0000
ENSG00000225739.1	NPM1P18	processed_pseudogene	1	1	0	0.1160	0.0340	0.0327
ENSG00000225740.1	ELOCP6	processed_pseudogene	0	0	0	0.0000	0.0000	0.0000
ENSG00000225741.1	AC245517.1	unprocessed_pseudogene	0	0	0	0.0000	0.0000	0.0000
ENSG00000225742.6	LINC02036	lncRNA	19	12	7	0.4607	0.1350	0.1300
ENSG00000225744.1	AC017002.1	lncRNA	0	0	1	0.0000	0.0000	0.0000
ENSG00000225746.13	MEG8	lncRNA	2	2	1	0.0062	0.0018	0.0017
ENSG00000225750.1	AL357500.1	lncRNA	0	0	0	0.0000	0.0000	0.0000
ENSG00000225751.2	AC087501.1	lncRNA	1	1	0	0.1188	0.0348	0.0335
ENSG00000225752.1	AL023581.1	lncRNA	1	1	0	0.1866	0.0547	0.0526
ENSG00000225755.2	AL451063.1	processed_pseudogene	0	0	0	0.0000	0.0000	0.0000
ENSG00000225756.1	DBH-AS1	lncRNA	42	23	31	1.6674	0.4884	0.4703
ENSG00000225758.1	RPS17P17	processed_pseudogene	0	0	0	0.0000	0.0000	0.0000
ENSG00000225759.1	LINC00489	lncRNA	0	0	0	0.0000	0.0000	0.0000
ENSG00000225760.2	LINC00431	transcribed_unprocessed_pseudogene	1	0	1	0.0714	0.0209	0.0201
ENSG00000225761.1	AL596247.1	lncRNA	0	0	0	0.0000	0.0000	0.0000
ENSG00000225762.1	LINC01389	lncRNA	3	2	1	0.5275	0.1545	0.1488
ENSG00000225764.2	P3H2-AS1	lncRNA	0	0	0	0.0000	0.0000	0.0000
ENSG00000225765.2	LINC01831	lncRNA	0	0	0	0.0000	0.0000	0.0000
ENSG00000225766.10	DHRS4L1	transcribed_unprocessed_pseudogene	1	0	1	0.0668	0.0196	0.0188
ENSG00000225767.1	FAF1-AS1	lncRNA	0	0	0	0.0000	0.0000	0.0000
ENSG00000225768.1	LINC02620	lncRNA	61	36	25	5.1137	1.4979	1.4423
ENSG00000225769.1	CROCCP1	processed_pseudogene	2	2	0	0.0299	0.0088	0.0084
ENSG00000225770.1	RPS29P3	processed_pseudogene	1	0	1	0.4966	0.1455	0.1401
ENSG00000225774.2	SIRPAP1	processed_pseudogene	31	10	21	1.4873	0.4357	0.4195
ENSG00000225775.1	AL137220.1	lncRNA	0	0	0	0.0000	0.0000	0.0000
ENSG00000225777.1	DDX39AP1	processed_pseudogene	0	0	0	0.0000	0.0000	0.0000
ENSG00000225778.5	PROSER2-AS1	lncRNA	14	19	11	0.3631	0.1064	0.1024
ENSG00000225779.1	AL122001.1	processed_pseudogene	0	0	0	0.0000	0.0000	0.0000
ENSG00000225781.1	OR6V1	protein_coding	0	0	0	0.0000	0.0000	0.0000
ENSG00000225783.8	MIAT	lncRNA	153	94	99	0.9342	0.2736	0.2635
ENSG00000225785.1	AL109610.1	lncRNA	0	0	0	0.0000	0.0000	0.0000
ENSG00000225787.1	LSM3P3	processed_pseudogene	1	1	0	0.2775	0.0813	0.0783
ENSG00000225790.2	AC007953.1	lncRNA	0	0	0	0.0000	0.0000	0.0000
ENSG00000225791.7	TRAM2-AS1	lncRNA	106	55	58	1.0463	0.3065	0.2951
ENSG00000225792.2	AC004540.2	lncRNA	20	1155	1151	0.6025	0.1765	0.1699
ENSG00000225793.3	TMEM30A-DT	lncRNA	16	42	39	0.1438	0.0421	0.0405
ENSG00000225794.3	AC073321.1	lncRNA	0	0	0	0.0000	0.0000	0.0000
ENSG00000225795.1	AC006463.1	processed_pseudogene	0	0	0	0.0000	0.0000	0.0000
ENSG00000225796.2	MTND4P23	unprocessed_pseudogene	1	0	1	0.0623	0.0182	0.0176
ENSG00000225797.2	UBDP1	unprocessed_pseudogene	0	0	0	0.0000	0.0000	0.0000
ENSG00000225798.1	AC025918.1	lncRNA	0	47	50	0.0000	0.0000	0.0000
ENSG00000225801.1	RABEPKP1	processed_pseudogene	0	0	0	0.0000	0.0000	0.0000
ENSG00000225802.3	WARS1P1	unprocessed_pseudogene	0	0	0	0.0000	0.0000	0.0000
ENSG00000225803.1	MRPS11P1	processed_pseudogene	0	0	0	0.0000	0.0000	0.0000
ENSG00000225805.4	DEFB131B	protein_coding	3	3	1	1.1961	0.3503	0.3374
ENSG00000225806.8	AL121917.1	lncRNA	7	4	3	0.2887	0.0846	0.0814
ENSG00000225807.2	AC069281.1	lncRNA	1	0	1	0.0852	0.0249	0.0240
ENSG00000225808.1	DNAJC19P5	processed_pseudogene	4	2	2	1.0749	0.3149	0.3032
ENSG00000225809.1	RBMY2KP	unprocessed_pseudogene	0	0	0	0.0000	0.0000	0.0000
ENSG00000225811.1	AL354771.1	lncRNA	0	0	0	0.0000	0.0000	0.0000
ENSG00000225813.1	AC009299.1	processed_pseudogene	0	0	0	0.0000	0.0000	0.0000
ENSG00000225814.1	GRPEL2P2	processed_pseudogene	0	0	0	0.0000	0.0000	0.0000
ENSG00000225815.2	AC092669.1	lncRNA	0	0	0	0.0000	0.0000	0.0000
ENSG00000225816.1	GTF3AP5	processed_pseudogene	0	0	0	0.0000	0.0000	0.0000
ENSG00000225818.1	AC118653.1	lncRNA	0	0	0	0.0000	0.0000	0.0000
ENSG00000225819.1	AC013269.2	lncRNA	0	0	0	0.0000	0.0000	0.0000
ENSG00000225822.4	UBXN7-AS1	lncRNA	0	13	12	0.0000	0.0000	0.0000
ENSG00000225823.1	RPL7P45	processed_pseudogene	1	1	0	0.1143	0.0335	0.0322
ENSG00000225825.1	IGHD6-25	IG_D_gene	0	0	0	0.0000	0.0000	0.0000
ENSG00000225826.2	LINC00626	lncRNA	0	0	0	0.0000	0.0000	0.0000
ENSG00000225827.1	SFTPA3P	processed_pseudogene	0	0	0	0.0000	0.0000	0.0000
ENSG00000225828.1	FAM229A	protein_coding	39	27	34	1.1641	0.3410	0.3283
ENSG00000225830.15	ERCC6	protein_coding	777	412	366	3.7239	1.0908	1.0503
ENSG00000225831.1	RPS18P1	processed_pseudogene	0	0	0	0.0000	0.0000	0.0000
ENSG00000225832.1	AL035090.1	processed_pseudogene	0	0	0	0.0000	0.0000	0.0000
ENSG00000225833.1	GS1-594A7.3	lncRNA	0	0	0	0.0000	0.0000	0.0000
ENSG00000225836.1	AL157400.1	lncRNA	0	0	0	0.0000	0.0000	0.0000
ENSG00000225839.2	TRMT2B-AS1	lncRNA	2	0	2	0.8285	0.2427	0.2337
ENSG00000225840.2	AC010970.1	processed_pseudogene	3	1	2	0.1379	0.0404	0.0389
ENSG00000225842.1	GGCTP3	processed_pseudogene	0	0	0	0.0000	0.0000	0.0000
ENSG00000225843.1	NIPA2P1	processed_pseudogene	0	0	0	0.0000	0.0000	0.0000
ENSG00000225846.4	AC112719.1	processed_pseudogene	0	0	0	0.0000	0.0000	0.0000
ENSG00000225849.2	MKRN7P	transcribed_processed_pseudogene	1	0	1	0.0426	0.0125	0.0120
ENSG00000225850.3	AL355490.1	lncRNA	1	2	0	0.1055	0.0309	0.0298
ENSG00000225851.1	HLA-S	unprocessed_pseudogene	0	1	1	0.0000	0.0000	0.0000
ENSG00000225854.2	AL451139.1	processed_pseudogene	0	0	0	0.0000	0.0000	0.0000
ENSG00000225855.7	RUSC1-AS1	lncRNA	51	1856	1898	1.2318	0.3608	0.3474
ENSG00000225856.2	PCNPP2	processed_pseudogene	0	0	0	0.0000	0.0000	0.0000
ENSG00000225857.5	LINC02816	lncRNA	0	0	0	0.0000	0.0000	0.0000
ENSG00000225858.1	MATR3P1	processed_pseudogene	0	0	0	0.0000	0.0000	0.0000
ENSG00000225864.1	AL645939.1	unprocessed_pseudogene	0	761	780	0.0000	0.0000	0.0000
ENSG00000225867.1	AL022315.1	lncRNA	0	0	0	0.0000	0.0000	0.0000
ENSG00000225868.7	AC016582.1	transcribed_unprocessed_pseudogene	0	0	2	0.0000	0.0000	0.0000
ENSG00000225869.4	AC008696.1	processed_pseudogene	0	0	0	0.0000	0.0000	0.0000
ENSG00000225870.1	LINC00368	lncRNA	0	0	0	0.0000	0.0000	0.0000
ENSG00000225871.2	AC245100.2	processed_pseudogene	3	8	8	0.1517	0.0444	0.0428
ENSG00000225872.4	LINC01529	transcribed_unitary_pseudogene	5	18	11	0.0943	0.0276	0.0266
ENSG00000225873.4	C3orf86	transcribed_unitary_pseudogene	1	0	1	0.0705	0.0207	0.0199
ENSG00000225876.1	AC024067.1	unprocessed_pseudogene	0	0	0	0.0000	0.0000	0.0000
ENSG00000225877.1	PSG8-AS1	lncRNA	0	0	0	0.0000	0.0000	0.0000
ENSG00000225878.1	SERBP1P2	processed_pseudogene	0	0	0	0.0000	0.0000	0.0000
ENSG00000225879.2	AL513210.1	lncRNA	0	0	0	0.0000	0.0000	0.0000
ENSG00000225880.5	LINC00115	lncRNA	6	8	5	0.3869	0.1133	0.1091
ENSG00000225881.2	AC009365.2	lncRNA	0	0	0	0.0000	0.0000	0.0000
ENSG00000225882.1	LINC01456	lncRNA	0	0	0	0.0000	0.0000	0.0000
ENSG00000225883.2	BMS1P11	unprocessed_pseudogene	0	0	0	0.0000	0.0000	0.0000
ENSG00000225884.3	AC098872.1	lncRNA	0	0	0	0.0000	0.0000	0.0000
ENSG00000225885.7	AC023590.1	lncRNA	6	2	4	0.1717	0.0503	0.0484
ENSG00000225886.3	AL445490.1	lncRNA	27	15	15	1.3888	0.4068	0.3917
ENSG00000225889.9	AC012368.1	lncRNA	76	38	39	0.7318	0.2144	0.2064
ENSG00000225891.2	DHDDS-AS1	lncRNA	6	3	7	0.4041	0.1184	0.1140
ENSG00000225893.1	AL136231.1	processed_pseudogene	1	1	0	0.1163	0.0341	0.0328
ENSG00000225895.1	TRAPPC2P8	unprocessed_pseudogene	0	0	0	0.0000	0.0000	0.0000
ENSG00000225896.1	ELOCP36	processed_pseudogene	0	0	0	0.0000	0.0000	0.0000
ENSG00000225898.1	AC002075.1	processed_pseudogene	0	0	0	0.0000	0.0000	0.0000
ENSG00000225899.8	FRG2B	protein_coding	0	0	0	0.0000	0.0000	0.0000
ENSG00000225900.1	HSPE1P13	processed_pseudogene	0	0	0	0.0000	0.0000	0.0000
ENSG00000225901.1	MTND2P9	unprocessed_pseudogene	3	0	3	0.2736	0.0802	0.0772
ENSG00000225903.1	AL035404.2	lncRNA	0	0	0	0.0000	0.0000	0.0000
ENSG00000225904.1	MORF4L1P7	processed_pseudogene	0	0	0	0.0000	0.0000	0.0000
ENSG00000225905.1	AL391244.1	lncRNA	0	2	0	0.0000	0.0000	0.0000
ENSG00000225906.1	AP000949.1	processed_pseudogene	0	0	0	0.0000	0.0000	0.0000
ENSG00000225907.1	RPS27P16	processed_pseudogene	11	3	11	4.6474	1.3613	1.3108
ENSG00000225911.1	AC009310.1	processed_pseudogene	0	0	0	0.0000	0.0000	0.0000
ENSG00000225912.1	RPL26P36	processed_pseudogene	3	2	1	0.5843	0.1712	0.1648
ENSG00000225913.2	AL138767.3	lncRNA	0	0	0	0.0000	0.0000	0.0000
ENSG00000225914.3	TSBP1-AS1	lncRNA	8	6	4	0.0752	0.0220	0.0212
ENSG00000225916.1	AC007879.2	lncRNA	0	0	0	0.0000	0.0000	0.0000
ENSG00000225918.1	RPL7P59	processed_pseudogene	5	5	0	0.4503	0.1319	0.1270
ENSG00000225919.1	LINC01745	lncRNA	0	0	0	0.0000	0.0000	0.0000
ENSG00000225920.2	RIMKLBP2	processed_pseudogene	12	7	5	1.5582	0.4564	0.4395
ENSG00000225921.7	NOL7	protein_coding	1161	848	840	41.7059	12.2163	11.7634
ENSG00000225922.1	RPL21P92	processed_pseudogene	1	0	1	0.1784	0.0523	0.0503
ENSG00000225923.1	AC092393.1	processed_pseudogene	0	0	0	0.0000	0.0000	0.0000
ENSG00000225924.2	TAB2-AS1	lncRNA	0	0	1	0.0000	0.0000	0.0000
ENSG00000225925.1	AL672138.1	processed_pseudogene	2	2	0	0.1673	0.0490	0.0472
ENSG00000225928.2	CACYBPP1	processed_pseudogene	0	0	0	0.0000	0.0000	0.0000
ENSG00000225929.1	AC000036.1	lncRNA	0	0	0	0.0000	0.0000	0.0000
ENSG00000225930.4	LINC02249	lncRNA	0	0	0	0.0000	0.0000	0.0000
ENSG00000225931.3	AL139246.2	TEC	2	1	1	0.1309	0.0384	0.0369
ENSG00000225932.3	CTAGE4	protein_coding	0	0	0	0.0000	0.0000	0.0000
ENSG00000225933.1	RPS14P5	processed_pseudogene	0	0	0	0.0000	0.0000	0.0000
ENSG00000225934.2	FAM133FP	processed_pseudogene	1	0	1	0.1266	0.0371	0.0357
ENSG00000225935.1	BANF1P5	processed_pseudogene	0	0	0	0.0000	0.0000	0.0000
ENSG00000225936.1	AL731557.1	lncRNA	0	0	0	0.0000	0.0000	0.0000
ENSG00000225937.3	PCA3	lncRNA	0	2	4	0.0000	0.0000	0.0000
ENSG00000225938.1	AL109741.1	lncRNA	5	2	3	1.0536	0.3086	0.2972
ENSG00000225940.7	C5orf67	lncRNA	13	3	10	1.4393	0.4216	0.4060
ENSG00000225942.1	LINC01875	lncRNA	0	0	0	0.0000	0.0000	0.0000
ENSG00000225943.1	AC016907.1	processed_pseudogene	0	0	0	0.0000	0.0000	0.0000
ENSG00000225944.1	RIOK3P1	processed_pseudogene	0	0	0	0.0000	0.0000	0.0000
ENSG00000225945.1	AL121574.1	lncRNA	1	0	1	0.2027	0.0594	0.0572
ENSG00000225947.1	AL596448.1	processed_pseudogene	0	0	0	0.0000	0.0000	0.0000
ENSG00000225948.2	LINC02648	lncRNA	1	1	0	0.1698	0.0497	0.0479
ENSG00000225949.1	Z77249.2	processed_pseudogene	0	0	0	0.0000	0.0000	0.0000
ENSG00000225950.8	NTF4	protein_coding	0	0	0	0.0000	0.0000	0.0000
ENSG00000225951.1	ODF2-AS1	lncRNA	0	59	49	0.0000	0.0000	0.0000
ENSG00000225952.1	AL512444.1	lncRNA	0	0	0	0.0000	0.0000	0.0000
ENSG00000225953.3	SATB2-AS1	lncRNA	109	80	97	1.5427	0.4519	0.4351
ENSG00000225956.1	AL050320.1	lncRNA	0	0	0	0.0000	0.0000	0.0000
ENSG00000225957.1	AC231532.1	unprocessed_pseudogene	0	0	0	0.0000	0.0000	0.0000
ENSG00000225959.1	MTND4P3	unprocessed_pseudogene	0	0	0	0.0000	0.0000	0.0000
ENSG00000225960.1	AL441989.1	lncRNA	0	0	0	0.0000	0.0000	0.0000
ENSG00000225963.8	AC009950.1	lncRNA	19	331	314	0.2979	0.0873	0.0840
ENSG00000225964.6	NRIR	lncRNA	76	40	36	2.3477	0.6877	0.6622
ENSG00000225965.1	AL117339.1	processed_pseudogene	0	0	0	0.0000	0.0000	0.0000
ENSG00000225968.7	ELFN1	protein_coding	582	309	274	12.8540	3.7651	3.6256
ENSG00000225969.2	ABHD11-AS1	transcribed_unitary_pseudogene	115	81	82	14.7520	4.3211	4.1609
ENSG00000225970.1	AL500522.1	lncRNA	0	0	0	0.0000	0.0000	0.0000
ENSG00000225971.1	RPS3AP51	processed_pseudogene	0	0	0	0.0000	0.0000	0.0000
ENSG00000225972.1	MTND1P23	unprocessed_pseudogene	41	22	20	9.3595	2.7415	2.6399
ENSG00000225973.4	PIGBOS1	protein_coding	146	68	79	12.6256	3.6982	3.5611
ENSG00000225974.1	AC005550.1	lncRNA	2	2	0	0.5444	0.1595	0.1535
ENSG00000225975.7	LINC01534	lncRNA	9	2	7	0.1856	0.0544	0.0524
ENSG00000225976.5	CKS1BP2	processed_pseudogene	0	0	0	0.0000	0.0000	0.0000
ENSG00000225978.3	HAR1A	lncRNA	28	11	17	1.2634	0.3701	0.3564
ENSG00000225979.1	AC010746.2	lncRNA	1	0	1	0.1879	0.0550	0.0530
ENSG00000225980.4	OR7E19P	transcribed_unprocessed_pseudogene	0	0	0	0.0000	0.0000	0.0000
ENSG00000225981.1	AC102953.1	lncRNA	1	0	1	0.1705	0.0499	0.0481
ENSG00000225982.1	AL355482.2	lncRNA	0	0	0	0.0000	0.0000	0.0000
ENSG00000225984.1	HMGB1P26	processed_pseudogene	0	0	0	0.0000	0.0000	0.0000
ENSG00000225988.1	LAMP5-AS1	lncRNA	0	3	1	0.0000	0.0000	0.0000
ENSG00000225990.2	SNRPEP7	processed_pseudogene	0	0	0	0.0000	0.0000	0.0000
ENSG00000225991.1	RPL23AP34	processed_pseudogene	0	2	1	0.0000	0.0000	0.0000
ENSG00000225992.1	TRGVA	TR_V_pseudogene	1	1	0	0.2980	0.0873	0.0840
ENSG00000225997.1	OR4A8	polymorphic_pseudogene	0	0	0	0.0000	0.0000	0.0000
ENSG00000225999.1	NDUFA12P1	processed_pseudogene	0	0	0	0.0000	0.0000	0.0000
ENSG00000226002.1	GTF2IP14	unprocessed_pseudogene	5	3	2	0.7246	0.2122	0.2044
ENSG00000226003.2	PPIAP37	processed_pseudogene	2	1	1	0.3445	0.1009	0.0972
ENSG00000226004.1	LINC02528	lncRNA	14	7	7	2.0748	0.6078	0.5852
ENSG00000226005.5	LINC02660	lncRNA	0	0	0	0.0000	0.0000	0.0000
ENSG00000226007.3	BX005266.2	lncRNA	2	2	0	0.0741	0.0217	0.0209
ENSG00000226008.1	SEPTIN14P3	unprocessed_pseudogene	0	0	0	0.0000	0.0000	0.0000
ENSG00000226009.2	KCNIP2-AS1	lncRNA	3	15	9	0.2065	0.0605	0.0582
ENSG00000226010.1	AL355852.1	processed_pseudogene	0	0	0	0.0000	0.0000	0.0000
ENSG00000226011.1	OFD1P1Y	unprocessed_pseudogene	0	0	0	0.0000	0.0000	0.0000
ENSG00000226012.1	AP001434.1	lncRNA	7	5	2	2.0712	0.6067	0.5842
ENSG00000226013.1	MRPS18BP1	processed_pseudogene	0	0	0	0.0000	0.0000	0.0000
ENSG00000226014.1	AL358176.2	processed_pseudogene	0	0	0	0.0000	0.0000	0.0000
ENSG00000226015.2	CCT8P1	processed_pseudogene	102	56	47	5.2275	1.5312	1.4744
ENSG00000226016.1	RPL36AP55	processed_pseudogene	1	1	0	0.2784	0.0816	0.0785
ENSG00000226017.2	PRICKLE2-AS3	lncRNA	3	3	2	0.1021	0.0299	0.0288
ENSG00000226020.4	CDK2AP2P3	processed_pseudogene	0	0	0	0.0000	0.0000	0.0000
ENSG00000226022.1	AC026167.1	lncRNA	0	0	0	0.0000	0.0000	0.0000
ENSG00000226023.6	CT47A6	protein_coding	0	0	0	0.0000	0.0000	0.0000
ENSG00000226024.1	COX5BP7	processed_pseudogene	0	0	0	0.0000	0.0000	0.0000
ENSG00000226025.9	LGALS17A	transcribed_unprocessed_pseudogene	16	7	9	0.5287	0.1549	0.1491
ENSG00000226026.6	AC092802.1	lncRNA	5	1	4	0.1042	0.0305	0.0294
ENSG00000226028.2	PFN1P12	processed_pseudogene	0	0	0	0.0000	0.0000	0.0000
ENSG00000226029.1	LINC01772	lncRNA	13	9	10	0.3402	0.0997	0.0960
ENSG00000226030.1	HLA-DQB3	unprocessed_pseudogene	0	0	0	0.0000	0.0000	0.0000
ENSG00000226031.5	FGF13-AS1	lncRNA	0	0	0	0.0000	0.0000	0.0000
ENSG00000226032.2	AL035530.1	lncRNA	0	0	0	0.0000	0.0000	0.0000
ENSG00000226034.2	NANOGNBP1	processed_pseudogene	0	0	0	0.0000	0.0000	0.0000
ENSG00000226036.1	AL590648.1	processed_pseudogene	0	0	0	0.0000	0.0000	0.0000
ENSG00000226037.1	LINC01040	lncRNA	0	0	0	0.0000	0.0000	0.0000
ENSG00000226038.5	PPIAP21	processed_pseudogene	13	7	6	2.2035	0.6454	0.6215
ENSG00000226040.3	AC005740.1	processed_pseudogene	1	1	0	0.1627	0.0477	0.0459
ENSG00000226041.1	AC010745.1	lncRNA	0	0	0	0.0000	0.0000	0.0000
ENSG00000226042.1	CDY10P	unprocessed_pseudogene	0	0	0	0.0000	0.0000	0.0000
ENSG00000226043.2	AP000561.1	lncRNA	0	0	0	0.0000	0.0000	0.0000
ENSG00000226045.1	AC234644.1	processed_pseudogene	1	1	0	0.2295	0.0672	0.0647
ENSG00000226046.1	AP1S2P1	processed_pseudogene	0	0	0	0.0000	0.0000	0.0000
ENSG00000226047.1	AL807761.3	lncRNA	0	0	1	0.0000	0.0000	0.0000
ENSG00000226048.1	YBX1P8	processed_pseudogene	0	0	0	0.0000	0.0000	0.0000
ENSG00000226049.3	TLK2P1	processed_pseudogene	13	7	6	0.3459	0.1013	0.0976
ENSG00000226051.8	ZNF503-AS1	lncRNA	25	11	14	0.4024	0.1179	0.1135
ENSG00000226053.1	LINC01776	lncRNA	9	4	5	0.3429	0.1004	0.0967
ENSG00000226054.2	MEMO1P1	processed_pseudogene	93	45	48	8.8937	2.6051	2.5085
ENSG00000226055.2	PAICSP1	processed_pseudogene	2	5	3	0.1396	0.0409	0.0394
ENSG00000226056.1	MTND4P32	processed_pseudogene	0	0	0	0.0000	0.0000	0.0000
ENSG00000226057.7	PHF2P2	transcribed_unprocessed_pseudogene	0	0	0	0.0000	0.0000	0.0000
ENSG00000226058.1	AC092570.1	processed_pseudogene	0	0	0	0.0000	0.0000	0.0000
ENSG00000226059.2	HMGB3P20	processed_pseudogene	0	0	0	0.0000	0.0000	0.0000
ENSG00000226061.1	PCMTD1P1	unprocessed_pseudogene	0	0	0	0.0000	0.0000	0.0000
ENSG00000226063.1	AC009531.1	lncRNA	0	0	0	0.0000	0.0000	0.0000
ENSG00000226064.1	PGBD4P6	processed_pseudogene	0	0	0	0.0000	0.0000	0.0000
ENSG00000226065.1	ZBTB45P2	processed_pseudogene	0	0	0	0.0000	0.0000	0.0000
ENSG00000226066.1	ZP3P2	processed_pseudogene	0	0	0	0.0000	0.0000	0.0000
ENSG00000226067.7	LINC00623	lncRNA	100	76	61	3.2662	0.9567	0.9212
ENSG00000226068.1	HNRNPA3P4	processed_pseudogene	0	0	0	0.0000	0.0000	0.0000
ENSG00000226070.1	AL139275.1	lncRNA	0	0	0	0.0000	0.0000	0.0000
ENSG00000226072.1	AC016772.1	processed_pseudogene	1	0	1	0.0673	0.0197	0.0190
ENSG00000226074.5	PRSS44P	transcribed_unitary_pseudogene	0	0	0	0.0000	0.0000	0.0000
ENSG00000226075.2	PHKG1P1	unprocessed_pseudogene	0	0	0	0.0000	0.0000	0.0000
ENSG00000226078.1	AL356309.1	lncRNA	0	0	0	0.0000	0.0000	0.0000
ENSG00000226079.2	AL138830.1	lncRNA	0	0	0	0.0000	0.0000	0.0000
ENSG00000226080.1	RPL6P4	processed_pseudogene	3	2	1	0.2976	0.0872	0.0839
ENSG00000226081.2	USP12PX	processed_pseudogene	2	0	2	0.1607	0.0471	0.0453
ENSG00000226082.2	AC096915.1	processed_pseudogene	0	0	0	0.0000	0.0000	0.0000
ENSG00000226083.5	SLC39A12-AS1	lncRNA	0	0	0	0.0000	0.0000	0.0000
ENSG00000226084.5	AC113935.1	processed_pseudogene	278	138	140	42.5367	12.4597	11.9977
ENSG00000226085.3	UQCRFS1P1	processed_pseudogene	6	2	4	0.6214	0.1820	0.1753
ENSG00000226086.5	EIF3LP3	processed_pseudogene	7	5	2	0.7232	0.2118	0.2040
ENSG00000226087.2	AC073283.2	lncRNA	2	1	1	0.0722	0.0212	0.0204
ENSG00000226088.1	HHLA3-AS1	lncRNA	2	1	1	0.2954	0.0865	0.0833
ENSG00000226089.2	AL122017.1	lncRNA	0	0	0	0.0000	0.0000	0.0000
ENSG00000226091.7	LINC00937	lncRNA	6	2	4	0.0900	0.0264	0.0254
ENSG00000226092.4	RBMY2AP	unprocessed_pseudogene	0	0	0	0.0000	0.0000	0.0000
ENSG00000226093.1	RPS28P8	processed_pseudogene	0	0	0	0.0000	0.0000	0.0000
ENSG00000226094.1	RPL7P3	processed_pseudogene	0	0	0	0.0000	0.0000	0.0000
ENSG00000226096.1	AC087499.1	processed_pseudogene	0	0	0	0.0000	0.0000	0.0000
ENSG00000226097.6	AC099342.1	lncRNA	0	0	0	0.0000	0.0000	0.0000
ENSG00000226098.4	SEC11B	processed_pseudogene	4	2	2	0.6807	0.1994	0.1920
ENSG00000226101.2	LINC02097	lncRNA	0	0	0	0.0000	0.0000	0.0000
ENSG00000226102.3	SEPTIN7P3	unprocessed_pseudogene	0	0	0	0.0000	0.0000	0.0000
ENSG00000226107.1	AC004383.1	processed_pseudogene	1	1	0	0.2938	0.0861	0.0829
ENSG00000226108.2	RAB28P1	processed_pseudogene	0	0	0	0.0000	0.0000	0.0000
ENSG00000226110.2	BX323845.2	processed_pseudogene	0	0	0	0.0000	0.0000	0.0000
ENSG00000226112.1	FCF1P4	processed_pseudogene	0	0	0	0.0000	0.0000	0.0000
ENSG00000226113.1	AL133217.1	transcribed_unprocessed_pseudogene	0	0	0	0.0000	0.0000	0.0000
ENSG00000226114.1	NDUFB4P5	processed_pseudogene	0	0	0	0.0000	0.0000	0.0000
ENSG00000226115.1	AP001476.2	lncRNA	0	0	0	0.0000	0.0000	0.0000
ENSG00000226116.1	USP9YP6	unprocessed_pseudogene	0	0	0	0.0000	0.0000	0.0000
ENSG00000226117.1	AC090844.1	processed_pseudogene	1	1	0	0.5444	0.1595	0.1535
ENSG00000226118.1	MTND3P1	processed_pseudogene	0	0	0	0.0000	0.0000	0.0000
ENSG00000226119.1	C3orf49P1	processed_pseudogene	0	0	0	0.0000	0.0000	0.0000
ENSG00000226121.2	AHCTF1P1	processed_pseudogene	46	17	29	0.5727	0.1678	0.1615
ENSG00000226122.1	DDC-AS1	lncRNA	0	0	0	0.0000	0.0000	0.0000
ENSG00000226124.8	FTCDNL1	protein_coding	365	188	177	11.1617	3.2694	3.1482
ENSG00000226125.2	LINC01907	lncRNA	0	0	0	0.0000	0.0000	0.0000
ENSG00000226126.2	PSMC1P12	processed_pseudogene	1	0	1	0.0646	0.0189	0.0182
ENSG00000226128.1	RPL26P9	processed_pseudogene	0	0	0	0.0000	0.0000	0.0000
ENSG00000226130.1	AC013248.1	lncRNA	0	0	0	0.0000	0.0000	0.0000
ENSG00000226131.1	PPIAP66	processed_pseudogene	2	0	2	0.3410	0.0999	0.0962
ENSG00000226132.1	RPS3AP46	processed_pseudogene	0	0	0	0.0000	0.0000	0.0000
ENSG00000226133.6	LINC02794	lncRNA	1	1	0	0.0575	0.0168	0.0162
ENSG00000226134.1	AL359502.1	lncRNA	4	2	2	0.4909	0.1438	0.1385
ENSG00000226137.5	BAIAP2-DT	lncRNA	1286	643	644	22.8803	6.7020	6.4535
ENSG00000226138.4	AC004801.1	processed_pseudogene	1	1	0	0.2359	0.0691	0.0665
ENSG00000226140.6	LINC02654	lncRNA	0	0	0	0.0000	0.0000	0.0000
ENSG00000226141.1	AC244107.1	unprocessed_pseudogene	0	0	0	0.0000	0.0000	0.0000
ENSG00000226142.2	RPL35P8	processed_pseudogene	0	0	0	0.0000	0.0000	0.0000
ENSG00000226143.1	Z98752.1	lncRNA	0	3	1	0.0000	0.0000	0.0000
ENSG00000226144.2	RPS27AP3	processed_pseudogene	1	0	1	0.1870	0.0548	0.0528
ENSG00000226145.7	KRT16P6	transcribed_unprocessed_pseudogene	0	0	0	0.0000	0.0000	0.0000
ENSG00000226147.1	TUBBP10	processed_pseudogene	0	0	0	0.0000	0.0000	0.0000
ENSG00000226148.1	SLC25A39P1	processed_pseudogene	0	0	0	0.0000	0.0000	0.0000
ENSG00000226149.6	AL356124.1	lncRNA	8	30	16	0.0996	0.0292	0.0281
ENSG00000226153.1	CHP1P3	processed_pseudogene	0	0	0	0.0000	0.0000	0.0000
ENSG00000226156.1	RPL23AP76	processed_pseudogene	0	0	0	0.0000	0.0000	0.0000
ENSG00000226157.1	OR52E3P	unprocessed_pseudogene	0	0	0	0.0000	0.0000	0.0000
ENSG00000226158.1	CLCP2	processed_pseudogene	1	0	1	0.2017	0.0591	0.0569
ENSG00000226159.2	LINC01375	lncRNA	0	0	0	0.0000	0.0000	0.0000
ENSG00000226160.1	AC137499.1	processed_pseudogene	1	0	1	0.9650	0.2827	0.2722
ENSG00000226161.1	EIF4A1P5	processed_pseudogene	7	5	2	0.5429	0.1590	0.1531
ENSG00000226163.1	AL513185.1	lncRNA	0	0	0	0.0000	0.0000	0.0000
ENSG00000226164.2	FGFR3P6	processed_pseudogene	0	0	1	0.0000	0.0000	0.0000
ENSG00000226166.2	AC244670.1	processed_pseudogene	0	0	0	0.0000	0.0000	0.0000
ENSG00000226167.1	AP4B1-AS1	lncRNA	4	87	94	0.1959	0.0574	0.0553
ENSG00000226168.1	AL589794.1	processed_pseudogene	0	0	0	0.0000	0.0000	0.0000
ENSG00000226169.1	AL121885.1	lncRNA	0	0	0	0.0000	0.0000	0.0000
ENSG00000226172.2	AL139420.1	lncRNA	0	0	0	0.0000	0.0000	0.0000
ENSG00000226174.7	TEX22	protein_coding	6	2	6	0.1770	0.0519	0.0499
ENSG00000226179.6	LINC00685	lncRNA	5	3	2	0.9921	0.2906	0.2798
ENSG00000226179.6_PAR_Y	LINC00685	lncRNA	0	0	0	0.0000	0.0000	0.0000
ENSG00000226180.3	AC010536.1	lncRNA	7	3	4	0.2277	0.0667	0.0642
ENSG00000226181.1	AL132671.1	lncRNA	0	0	0	0.0000	0.0000	0.0000
ENSG00000226183.1	RANP7	processed_pseudogene	0	0	0	0.0000	0.0000	0.0000
ENSG00000226185.2	TRIM64FP	unprocessed_pseudogene	0	0	0	0.0000	0.0000	0.0000
ENSG00000226186.1	ELOCP21	processed_pseudogene	0	0	0	0.0000	0.0000	0.0000
ENSG00000226188.2	HNRNPA1P3	processed_pseudogene	0	0	0	0.0000	0.0000	0.0000
ENSG00000226191.3	CLK3P2	processed_pseudogene	0	0	0	0.0000	0.0000	0.0000
ENSG00000226193.1	AL049548.1	lncRNA	0	0	0	0.0000	0.0000	0.0000
ENSG00000226194.5	LINC02519	lncRNA	0	0	0	0.0000	0.0000	0.0000
ENSG00000226196.1	GAPDHP75	processed_pseudogene	0	0	0	0.0000	0.0000	0.0000
ENSG00000226197.3	AL583785.1	lncRNA	40	18	22	1.4743	0.4318	0.4158
ENSG00000226199.1	AC112492.1	processed_pseudogene	0	0	0	0.0000	0.0000	0.0000
ENSG00000226200.7	SGMS1-AS1	lncRNA	145	98	85	0.8539	0.2501	0.2409
ENSG00000226203.2	LINC01733	lncRNA	3	0	3	0.0551	0.0161	0.0156
ENSG00000226204.1	AL157359.1	lncRNA	0	0	0	0.0000	0.0000	0.0000
ENSG00000226205.1	RPS3AP27	processed_pseudogene	0	0	0	0.0000	0.0000	0.0000
ENSG00000226206.1	BX470209.1	lncRNA	0	0	0	0.0000	0.0000	0.0000
ENSG00000226207.1	AL080316.1	lncRNA	0	0	0	0.0000	0.0000	0.0000
ENSG00000226208.1	AL513285.1	lncRNA	0	0	0	0.0000	0.0000	0.0000
ENSG00000226209.1	RBISP1	processed_pseudogene	0	0	0	0.0000	0.0000	0.0000
ENSG00000226210.3	WASH8P	unprocessed_pseudogene	188	87	101	8.7865	2.5737	2.4783
ENSG00000226211.1	AL445466.1	processed_pseudogene	0	0	0	0.0000	0.0000	0.0000
ENSG00000226212.2	TRGV6	TR_V_pseudogene	0	0	0	0.0000	0.0000	0.0000
ENSG00000226213.1	UBQLN4P2	processed_pseudogene	0	0	0	0.0000	0.0000	0.0000
ENSG00000226216.1	RPS12P5	processed_pseudogene	0	0	0	0.0000	0.0000	0.0000
ENSG00000226217.1	RPL19P1	processed_pseudogene	0	0	0	0.0000	0.0000	0.0000
ENSG00000226218.1	AC079163.1	lncRNA	0	0	0	0.0000	0.0000	0.0000
ENSG00000226220.1	CICP22	processed_pseudogene	5	4	1	0.3219	0.0943	0.0908
ENSG00000226221.1	RPL26P19	processed_pseudogene	57	30	27	11.0513	3.2371	3.1171
ENSG00000226222.3	H2BP7	processed_pseudogene	0	0	0	0.0000	0.0000	0.0000
ENSG00000226223.1	TSPY16P	unprocessed_pseudogene	0	0	0	0.0000	0.0000	0.0000
ENSG00000226226.1	PRELID3BP1	processed_pseudogene	0	0	0	0.0000	0.0000	0.0000
ENSG00000226229.2	RPLP0P1	processed_pseudogene	0	0	0	0.0000	0.0000	0.0000
ENSG00000226230.1	AC007237.1	processed_pseudogene	0	0	0	0.0000	0.0000	0.0000
ENSG00000226232.8	NPIPB14P	transcribed_unprocessed_pseudogene	0	0	0	0.0000	0.0000	0.0000
ENSG00000226233.1	Z82188.1	processed_pseudogene	0	0	0	0.0000	0.0000	0.0000
ENSG00000226234.2	KRT18P24	processed_pseudogene	0	0	0	0.0000	0.0000	0.0000
ENSG00000226235.1	LEMD1-AS1	lncRNA	0	0	0	0.0000	0.0000	0.0000
ENSG00000226237.2	GAS1RR	lncRNA	45	21	24	0.7698	0.2255	0.2171
ENSG00000226238.1	AC132807.1	lncRNA	0	0	0	0.0000	0.0000	0.0000
ENSG00000226239.2	AL031658.1	lncRNA	4	22	21	0.0547	0.0160	0.0154
ENSG00000226240.2	LINC00381	lncRNA	0	0	0	0.0000	0.0000	0.0000
ENSG00000226241.2	Z75746.1	processed_pseudogene	1	0	1	0.0408	0.0120	0.0115
ENSG00000226242.1	RPS17P8	processed_pseudogene	0	0	0	0.0000	0.0000	0.0000
ENSG00000226243.1	RPL37AP1	processed_pseudogene	19	10	9	5.7831	1.6940	1.6312
ENSG00000226245.1	ZNF32-AS1	lncRNA	2	18	27	0.3913	0.1146	0.1104
ENSG00000226246.1	KRT18P36	processed_pseudogene	0	0	0	0.0000	0.0000	0.0000
ENSG00000226247.1	SUPT4H1P1	processed_pseudogene	0	0	0	0.0000	0.0000	0.0000
ENSG00000226249.1	AL365271.1	lncRNA	0	0	0	0.0000	0.0000	0.0000
ENSG00000226250.2	LINC00408	lncRNA	0	0	0	0.0000	0.0000	0.0000
ENSG00000226251.6	LINC02608	lncRNA	21	13	8	1.4999	0.4393	0.4230
ENSG00000226252.1	AL135960.1	lncRNA	0	0	1	0.0000	0.0000	0.0000
ENSG00000226253.1	MRPL35P3	processed_pseudogene	0	0	0	0.0000	0.0000	0.0000
ENSG00000226254.1	PTP4A1P3	processed_pseudogene	0	0	0	0.0000	0.0000	0.0000
ENSG00000226255.1	UBE2V2P1	processed_pseudogene	0	0	0	0.0000	0.0000	0.0000
ENSG00000226258.7	GRM7-AS3	lncRNA	0	0	0	0.0000	0.0000	0.0000
ENSG00000226259.10	GTF2H2B	transcribed_unprocessed_pseudogene	70	29	42	1.4940	0.4376	0.4214
ENSG00000226261.1	PIMREGP1	processed_pseudogene	0	0	0	0.0000	0.0000	0.0000
ENSG00000226262.1	PHKBP1	processed_pseudogene	0	0	0	0.0000	0.0000	0.0000
ENSG00000226263.1	ISM1-AS1	lncRNA	0	0	0	0.0000	0.0000	0.0000
ENSG00000226266.6	AC009961.1	lncRNA	41	21	21	1.2782	0.3744	0.3605
ENSG00000226268.3	AC135977.1	processed_pseudogene	31	21	10	2.7451	0.8041	0.7743
ENSG00000226270.3	ZNF736P2Y	processed_pseudogene	0	0	0	0.0000	0.0000	0.0000
ENSG00000226272.5	ARHGAP26-AS1	lncRNA	0	0	0	0.0000	0.0000	0.0000
ENSG00000226273.2	STUB1P1	processed_pseudogene	0	0	0	0.0000	0.0000	0.0000
ENSG00000226276.1	AC093382.1	lncRNA	1	0	1	0.2241	0.0656	0.0632
ENSG00000226277.2	AC105393.1	lncRNA	0	0	0	0.0000	0.0000	0.0000
ENSG00000226278.1	PSPHP1	unprocessed_pseudogene	0	0	0	0.0000	0.0000	0.0000
ENSG00000226279.2	RPL12P10	processed_pseudogene	4	2	2	0.6821	0.1998	0.1924
ENSG00000226280.2	AL049641.1	processed_pseudogene	0	0	0	0.0000	0.0000	0.0000
ENSG00000226281.4	AL031123.1	lncRNA	6	4	5	0.1667	0.0488	0.0470
ENSG00000226284.1	ARPC3P1	processed_pseudogene	3	1	5	0.4780	0.1400	0.1348
ENSG00000226285.1	NUP35P2	processed_pseudogene	0	0	0	0.0000	0.0000	0.0000
ENSG00000226286.1	AL008733.1	lncRNA	0	0	0	0.0000	0.0000	0.0000
ENSG00000226287.8	TMEM191A	transcribed_unprocessed_pseudogene	102	54	48	3.1998	0.9373	0.9025
ENSG00000226288.2	OR52I2	protein_coding	0	0	0	0.0000	0.0000	0.0000
ENSG00000226289.1	CDCA4P3	unprocessed_pseudogene	0	0	0	0.0000	0.0000	0.0000
ENSG00000226291.1	AC091729.2	lncRNA	2	0	2	0.5624	0.1647	0.1586
ENSG00000226292.1	RPS3AP10	processed_pseudogene	0	0	0	0.0000	0.0000	0.0000
ENSG00000226296.1	AC036101.1	lncRNA	0	0	0	0.0000	0.0000	0.0000
ENSG00000226297.1	RPL17P14	processed_pseudogene	0	0	0	0.0000	0.0000	0.0000
ENSG00000226298.1	RAD23BP3	processed_pseudogene	0	0	0	0.0000	0.0000	0.0000
ENSG00000226299.2	RPSAP62	processed_pseudogene	0	0	0	0.0000	0.0000	0.0000
ENSG00000226301.3	PDCL3P1	processed_pseudogene	0	0	0	0.0000	0.0000	0.0000
ENSG00000226302.1	AC122683.1	lncRNA	0	0	0	0.0000	0.0000	0.0000
ENSG00000226304.1	AL358612.1	lncRNA	0	0	0	0.0000	0.0000	0.0000
ENSG00000226306.6	NPY6R	transcribed_processed_pseudogene	3	0	3	0.0853	0.0250	0.0240
ENSG00000226307.1	HNRNPDLP1	processed_pseudogene	0	0	0	0.0000	0.0000	0.0000
ENSG00000226308.1	AL122058.1	lncRNA	0	0	0	0.0000	0.0000	0.0000
ENSG00000226309.1	SMARCE1P2	processed_pseudogene	0	0	0	0.0000	0.0000	0.0000
ENSG00000226310.1	AL022157.1	lncRNA	2	2	0	0.2554	0.0748	0.0720
ENSG00000226312.7	CFLAR-AS1	lncRNA	6	98	83	0.1176	0.0344	0.0332
ENSG00000226313.1	MTCYBP12	processed_pseudogene	0	0	0	0.0000	0.0000	0.0000
ENSG00000226314.8	ZNF192P1	transcribed_unprocessed_pseudogene	8	4	4	0.2667	0.0781	0.0752
ENSG00000226317.3	LINC00351	lncRNA	0	0	0	0.0000	0.0000	0.0000
ENSG00000226318.1	RPS3AP38	processed_pseudogene	7	3	5	0.7791	0.2282	0.2197
ENSG00000226320.6	LINC01811	lncRNA	0	0	0	0.0000	0.0000	0.0000
ENSG00000226321.5	CROCC2	protein_coding	1	1	2	0.0142	0.0042	0.0040
ENSG00000226323.1	AC006150.1	lncRNA	0	0	0	0.0000	0.0000	0.0000
ENSG00000226324.1	AL358453.1	processed_pseudogene	0	0	0	0.0000	0.0000	0.0000
ENSG00000226327.3	RPSAP49	processed_pseudogene	3	0	3	0.2875	0.0842	0.0811
ENSG00000226328.7	NUP50-DT	lncRNA	1159	607	553	31.3349	9.1785	8.8382
ENSG00000226329.2	AC005682.1	unprocessed_pseudogene	42	23	22	2.4313	0.7122	0.6858
ENSG00000226330.1	AL606489.1	lncRNA	4	2	2	0.6989	0.2047	0.1971
ENSG00000226331.1	RPL23AP28	processed_pseudogene	0	0	0	0.0000	0.0000	0.0000
ENSG00000226332.2	AL354836.1	lncRNA	3	664	738	0.3741	0.1096	0.1055
ENSG00000226334.1	AL359182.1	lncRNA	4	2	2	0.7243	0.2121	0.2043
ENSG00000226336.2	MRPS16P3	processed_pseudogene	0	0	0	0.0000	0.0000	0.0000
ENSG00000226337.3	TMEM252-DT	lncRNA	1	0	1	0.0488	0.0143	0.0138
ENSG00000226338.1	AC079150.1	processed_pseudogene	0	0	0	0.0000	0.0000	0.0000
ENSG00000226339.1	RPS26P56	processed_pseudogene	2	0	2	0.7077	0.2073	0.1996
ENSG00000226340.1	USP8P2	processed_pseudogene	0	0	0	0.0000	0.0000	0.0000
ENSG00000226341.1	MTCYBP39	processed_pseudogene	0	0	0	0.0000	0.0000	0.0000
ENSG00000226342.1	NMD3P1	processed_pseudogene	2	0	2	0.1141	0.0334	0.0322
ENSG00000226344.1	CST12P	unprocessed_pseudogene	0	0	0	0.0000	0.0000	0.0000
ENSG00000226345.1	AC083822.1	processed_pseudogene	0	0	0	0.0000	0.0000	0.0000
ENSG00000226348.1	VN2R10P	unitary_pseudogene	0	0	0	0.0000	0.0000	0.0000
ENSG00000226349.1	AC099066.1	lncRNA	0	0	0	0.0000	0.0000	0.0000
ENSG00000226352.2	PSPC1-AS2	lncRNA	2	10	7	0.4517	0.1323	0.1274
ENSG00000226353.1	TAF9P1	processed_pseudogene	0	0	0	0.0000	0.0000	0.0000
ENSG00000226355.2	AL353803.1	lncRNA	1	2	0	0.0368	0.0108	0.0104
ENSG00000226356.2	RPS6P20	unprocessed_pseudogene	0	0	0	0.0000	0.0000	0.0000
ENSG00000226358.1	KRT8P38	processed_pseudogene	0	0	0	0.0000	0.0000	0.0000
ENSG00000226359.1	ACTG1P24	processed_pseudogene	5	2	3	0.4842	0.1418	0.1366
ENSG00000226360.5	RPL10AP6	processed_pseudogene	43	21	22	5.6006	1.6405	1.5797
ENSG00000226361.5	TERF1P5	processed_pseudogene	7	3	4	0.4925	0.1443	0.1389
ENSG00000226362.2	FAM41AY2	lncRNA	0	0	0	0.0000	0.0000	0.0000
ENSG00000226363.3	HAGLROS	lncRNA	3	2	2	0.2273	0.0666	0.0641
ENSG00000226364.1	LINC02089	lncRNA	0	0	0	0.0000	0.0000	0.0000
ENSG00000226366.1	CCDC12P1	processed_pseudogene	0	0	0	0.0000	0.0000	0.0000
ENSG00000226367.6	ST7-AS2	lncRNA	0	143	122	0.0000	0.0000	0.0000
ENSG00000226369.1	USP9YP11	unprocessed_pseudogene	0	0	0	0.0000	0.0000	0.0000
ENSG00000226370.1	LINC00375	lncRNA	0	0	0	0.0000	0.0000	0.0000
ENSG00000226372.4	DCAF8L1	protein_coding	0	0	0	0.0000	0.0000	0.0000
ENSG00000226374.3	LINC01345	lncRNA	0	0	0	0.0000	0.0000	0.0000
ENSG00000226375.1	AL022310.1	lncRNA	1	0	1	0.1231	0.0361	0.0347
ENSG00000226376.1	AL135923.1	lncRNA	0	0	0	0.0000	0.0000	0.0000
ENSG00000226377.2	AC084809.1	lncRNA	11	151	144	0.3089	0.0905	0.0871
ENSG00000226380.9	AC016831.1	lncRNA	99	50	49	1.2702	0.3720	0.3583
ENSG00000226383.7	LINC01876	lncRNA	61	25	36	1.9073	0.5587	0.5380
ENSG00000226386.1	PARD3-AS1	lncRNA	1	0	1	0.2812	0.0824	0.0793
ENSG00000226387.2	SORCS3-AS1	lncRNA	0	0	0	0.0000	0.0000	0.0000
ENSG00000226388.1	ELL2P4	processed_pseudogene	0	0	0	0.0000	0.0000	0.0000
ENSG00000226389.3	MAPK6P6	processed_pseudogene	0	0	0	0.0000	0.0000	0.0000
ENSG00000226390.1	KCNQ2-AS1	lncRNA	0	0	0	0.0000	0.0000	0.0000
ENSG00000226392.1	MTATP6P21	unprocessed_pseudogene	0	0	0	0.0000	0.0000	0.0000
ENSG00000226393.1	IFNA20P	unprocessed_pseudogene	10	5	5	1.6083	0.4711	0.4536
ENSG00000226394.2	AC093423.1	processed_pseudogene	0	0	0	0.0000	0.0000	0.0000
ENSG00000226395.1	MRPS21P5	processed_pseudogene	0	0	0	0.0000	0.0000	0.0000
ENSG00000226396.1	AL031727.1	processed_pseudogene	35	17	19	6.5323	1.9134	1.8425
ENSG00000226397.8	C12orf77	lncRNA	3	1	2	0.0950	0.0278	0.0268
ENSG00000226398.1	AC013480.1	lncRNA	0	0	0	0.0000	0.0000	0.0000
ENSG00000226400.2	AC010385.1	processed_pseudogene	0	0	0	0.0000	0.0000	0.0000
ENSG00000226401.3	AC006015.1	unprocessed_pseudogene	0	0	0	0.0000	0.0000	0.0000
ENSG00000226403.2	AL392089.1	lncRNA	0	0	0	0.0000	0.0000	0.0000
ENSG00000226405.1	AL133325.1	processed_pseudogene	0	0	0	0.0000	0.0000	0.0000
ENSG00000226406.1	RBMX2P1	processed_pseudogene	0	0	0	0.0000	0.0000	0.0000
ENSG00000226407.1	RPL23P11	processed_pseudogene	0	0	0	0.0000	0.0000	0.0000
ENSG00000226409.3	AL450332.1	lncRNA	10	4	6	0.1774	0.0520	0.0500
ENSG00000226410.1	AC104058.1	processed_pseudogene	1	1	0	0.2859	0.0838	0.0806
ENSG00000226411.1	AC079355.1	unprocessed_pseudogene	0	0	0	0.0000	0.0000	0.0000
ENSG00000226412.1	LINC02628	lncRNA	0	0	0	0.0000	0.0000	0.0000
ENSG00000226413.2	OR8T1P	unprocessed_pseudogene	0	0	0	0.0000	0.0000	0.0000
ENSG00000226414.1	MTCYBP38	processed_pseudogene	0	0	0	0.0000	0.0000	0.0000
ENSG00000226415.1	TPI1P1	processed_pseudogene	103	34	69	11.6624	3.4161	3.2895
ENSG00000226416.1	MRPL23-AS1	lncRNA	0	0	0	0.0000	0.0000	0.0000
ENSG00000226419.8	SLC16A1-AS1	lncRNA	79	47	43	0.5292	0.1550	0.1493
ENSG00000226420.1	IGLV3-4	IG_V_pseudogene	0	0	0	0.0000	0.0000	0.0000
ENSG00000226421.1	SLC25A5P5	processed_pseudogene	8	3	5	0.7574	0.2218	0.2136
ENSG00000226423.1	AC093642.1	lncRNA	4	2	2	0.6012	0.1761	0.1696
ENSG00000226425.1	AL358613.1	lncRNA	4	2	2	0.7685	0.2251	0.2168
ENSG00000226426.1	AC012558.1	lncRNA	0	0	0	0.0000	0.0000	0.0000
ENSG00000226427.1	HMGN2P7	processed_pseudogene	5	4	1	1.5553	0.4556	0.4387
ENSG00000226428.1	RPL15P13	processed_pseudogene	0	0	0	0.0000	0.0000	0.0000
ENSG00000226429.2	AL590399.2	unprocessed_pseudogene	0	0	0	0.0000	0.0000	0.0000
ENSG00000226430.7	USP17L7	protein_coding	0	0	0	0.0000	0.0000	0.0000
ENSG00000226431.1	AL121929.1	lncRNA	0	0	0	0.0000	0.0000	0.0000
ENSG00000226432.3	AC010342.1	processed_pseudogene	8	2	6	0.7746	0.2269	0.2185
ENSG00000226433.2	AP000290.1	lncRNA	0	0	0	0.0000	0.0000	0.0000
ENSG00000226435.10	ANKRD18DP	transcribed_unprocessed_pseudogene	16	9	8	0.3939	0.1154	0.1111
ENSG00000226436.1	H3P43	processed_pseudogene	5	3	2	1.0484	0.3071	0.2957
ENSG00000226438.1	AL442071.1	lncRNA	0	6	9	0.0000	0.0000	0.0000
ENSG00000226439.3	AC108161.1	processed_pseudogene	4	1	3	0.8450	0.2475	0.2383
ENSG00000226440.7	LAMA4-AS1	lncRNA	6	3	3	0.1233	0.0361	0.0348
ENSG00000226441.2	PLCL2-AS1	lncRNA	0	15	20	0.0000	0.0000	0.0000
ENSG00000226442.2	AC006037.1	lncRNA	0	0	0	0.0000	0.0000	0.0000
ENSG00000226443.3	GAPDHP32	processed_pseudogene	3	1	2	0.2553	0.0748	0.0720
ENSG00000226444.2	ACTR3BP7	processed_pseudogene	0	0	0	0.0000	0.0000	0.0000
ENSG00000226445.2	BX322234.1	lncRNA	112	1215	1186	1.6492	0.4831	0.4652
ENSG00000226446.1	NOTCH2P1	processed_pseudogene	0	0	0	0.0000	0.0000	0.0000
ENSG00000226447.1	ZNF25-DT	lncRNA	0	0	0	0.0000	0.0000	0.0000
ENSG00000226448.1	RPL7AP51	processed_pseudogene	0	0	0	0.0000	0.0000	0.0000
ENSG00000226449.1	CDY5P	unprocessed_pseudogene	0	0	0	0.0000	0.0000	0.0000
ENSG00000226450.2	CYP2D8P	unprocessed_pseudogene	0	0	0	0.0000	0.0000	0.0000
ENSG00000226453.2	LINC02542	lncRNA	12	8	4	0.3529	0.1034	0.0995
ENSG00000226454.3	AL033380.1	lncRNA	0	0	0	0.0000	0.0000	0.0000
ENSG00000226455.1	AL121787.1	lncRNA	0	3	5	0.0000	0.0000	0.0000
ENSG00000226457.1	RPL22P3	processed_pseudogene	3	0	3	0.6687	0.1959	0.1886
ENSG00000226461.3	OR10G5P	unprocessed_pseudogene	0	0	0	0.0000	0.0000	0.0000
ENSG00000226465.3	AL390198.1	lncRNA	12	7	6	0.5178	0.1517	0.1461
ENSG00000226466.2	RPA2P2	processed_pseudogene	0	0	0	0.0000	0.0000	0.0000
ENSG00000226468.2	AC018641.1	processed_pseudogene	0	0	0	0.0000	0.0000	0.0000
ENSG00000226469.1	ADAM1B	unitary_pseudogene	7	5	3	0.2972	0.0871	0.0838
ENSG00000226470.1	RPS29P33	processed_pseudogene	3	0	3	1.7449	0.5111	0.4922
ENSG00000226471.6	Z93930.2	lncRNA	118	48	70	6.8167	1.9967	1.9227
ENSG00000226472.8	AC008013.1	transcribed_unprocessed_pseudogene	4	38	29	0.1703	0.0499	0.0480
ENSG00000226473.2	PPIAP62	processed_pseudogene	0	0	0	0.0000	0.0000	0.0000
ENSG00000226474.1	AP000532.1	unprocessed_pseudogene	0	0	0	0.0000	0.0000	0.0000
ENSG00000226476.6	LINC01748	lncRNA	1	1	0	0.0055	0.0016	0.0015
ENSG00000226477.1	AC245028.1	unprocessed_pseudogene	0	0	0	0.0000	0.0000	0.0000
ENSG00000226478.3	UPF3AP1	processed_pseudogene	4	2	2	0.3017	0.0884	0.0851
ENSG00000226479.4	TMEM185B	protein_coding	2428	1169	1260	34.8171	10.1985	9.8204
ENSG00000226480.1	OR7H1P	unprocessed_pseudogene	0	0	0	0.0000	0.0000	0.0000
ENSG00000226481.3	ACTR3BP2	processed_pseudogene	0	0	0	0.0000	0.0000	0.0000
ENSG00000226482.1	ADIPOQ-AS1	lncRNA	0	0	0	0.0000	0.0000	0.0000
ENSG00000226483.2	AL392088.1	processed_pseudogene	0	0	0	0.0000	0.0000	0.0000
ENSG00000226484.2	AL606516.1	lncRNA	0	0	0	0.0000	0.0000	0.0000
ENSG00000226485.1	RBM22P3	processed_pseudogene	0	0	0	0.0000	0.0000	0.0000
ENSG00000226486.2	LINC01035	lncRNA	0	0	0	0.0000	0.0000	0.0000
ENSG00000226487.1	AL139254.1	lncRNA	0	0	0	0.0000	0.0000	0.0000
ENSG00000226488.2	LINC01824	lncRNA	0	0	0	0.0000	0.0000	0.0000
ENSG00000226489.1	AC104308.1	processed_pseudogene	0	0	0	0.0000	0.0000	0.0000
ENSG00000226490.2	AC138647.1	protein_coding	0	0	0	0.0000	0.0000	0.0000
ENSG00000226491.1	FTOP1	processed_pseudogene	1	0	1	0.0986	0.0289	0.0278
ENSG00000226493.1	RPL26P27	processed_pseudogene	2	1	1	0.3887	0.1138	0.1096
ENSG00000226496.3	LINC00323	lncRNA	12	7	5	0.3965	0.1161	0.1118
ENSG00000226497.1	LINC02549	lncRNA	0	0	0	0.0000	0.0000	0.0000
ENSG00000226498.2	RPSAP21	processed_pseudogene	1	1	0	0.0960	0.0281	0.0271
ENSG00000226499.1	AL136380.1	processed_pseudogene	9	1	8	4.7178	1.3819	1.3307
ENSG00000226500.2	AC243772.1	processed_pseudogene	0	0	0	0.0000	0.0000	0.0000
ENSG00000226501.2	USF1P1	processed_pseudogene	0	0	0	0.0000	0.0000	0.0000
ENSG00000226502.2	KRT8P27	processed_pseudogene	0	0	0	0.0000	0.0000	0.0000
ENSG00000226504.1	TMEM167AP1	processed_pseudogene	0	0	0	0.0000	0.0000	0.0000
ENSG00000226506.6	AC007463.1	lncRNA	0	0	0	0.0000	0.0000	0.0000
ENSG00000226507.1	IPMKP1	processed_pseudogene	0	0	0	0.0000	0.0000	0.0000
ENSG00000226508.1	LINC01918	lncRNA	31	16	15	2.6091	0.7642	0.7359
ENSG00000226509.1	AC005588.1	processed_pseudogene	0	0	0	0.0000	0.0000	0.0000
ENSG00000226510.1	UPK1A-AS1	lncRNA	34	32	43	3.6318	1.0638	1.0244
ENSG00000226515.1	AC004386.1	processed_pseudogene	0	0	0	0.0000	0.0000	0.0000
ENSG00000226516.7	FAM138B	lncRNA	0	0	0	0.0000	0.0000	0.0000
ENSG00000226519.2	LINC00390	lncRNA	3	3	0	0.0439	0.0129	0.0124
ENSG00000226520.1	KIRREL1-IT1	lncRNA	0	0	0	0.0000	0.0000	0.0000
ENSG00000226521.7	AC087499.2	transcribed_unprocessed_pseudogene	1	1	0	0.0566	0.0166	0.0160
ENSG00000226522.1	HDAC9-AS1	lncRNA	0	0	0	0.0000	0.0000	0.0000
ENSG00000226523.1	AC074375.1	processed_pseudogene	0	0	0	0.0000	0.0000	0.0000
ENSG00000226525.5	RPS7P10	processed_pseudogene	43	22	21	6.0557	1.7738	1.7080
ENSG00000226526.1	AL049569.1	lncRNA	0	299	298	0.0000	0.0000	0.0000
ENSG00000226527.2	AP000289.1	lncRNA	21	12	9	0.7111	0.2083	0.2006
ENSG00000226529.1	MTND1P1	processed_pseudogene	0	0	0	0.0000	0.0000	0.0000
ENSG00000226530.2	AL158055.1	lncRNA	1	1	0	0.0097	0.0028	0.0027
ENSG00000226532.1	AL022718.1	processed_pseudogene	3	2	1	3.0329	0.8884	0.8554
ENSG00000226533.1	BTBD9-AS1	lncRNA	0	0	0	0.0000	0.0000	0.0000
ENSG00000226534.1	AP000552.1	processed_pseudogene	0	0	0	0.0000	0.0000	0.0000
ENSG00000226535.1	AL445487.1	processed_pseudogene	2	0	2	0.1075	0.0315	0.0303
ENSG00000226536.1	SETP15	processed_pseudogene	0	0	0	0.0000	0.0000	0.0000
ENSG00000226537.2	OR7E33P	unprocessed_pseudogene	0	0	0	0.0000	0.0000	0.0000
ENSG00000226539.1	MLXP1	processed_pseudogene	7	3	4	0.8279	0.2425	0.2335
ENSG00000226540.2	GAPDHP73	processed_pseudogene	7	2	5	0.5903	0.1729	0.1665
ENSG00000226541.1	AL359633.1	processed_pseudogene	0	0	0	0.0000	0.0000	0.0000
ENSG00000226542.1	AC114814.1	lncRNA	0	0	0	0.0000	0.0000	0.0000
ENSG00000226543.3	MYL6P1	processed_pseudogene	0	0	0	0.0000	0.0000	0.0000
ENSG00000226544.4	RPL7P22	processed_pseudogene	3	1	2	0.3476	0.1018	0.0980
ENSG00000226545.1	AL357552.1	unprocessed_pseudogene	0	0	0	0.0000	0.0000	0.0000
ENSG00000226547.2	SSU72P1	processed_pseudogene	0	0	0	0.0000	0.0000	0.0000
ENSG00000226548.1	AC016722.1	lncRNA	1	1	0	0.1302	0.0382	0.0367
ENSG00000226549.3	SCDP1	processed_pseudogene	29	12	17	2.2782	0.6673	0.6426
ENSG00000226552.2	BX284613.1	processed_pseudogene	1	0	1	0.0517	0.0152	0.0146
ENSG00000226553.1	IMPDH1P7	processed_pseudogene	0	0	0	0.0000	0.0000	0.0000
ENSG00000226554.1	MTCL1P1	processed_pseudogene	0	0	0	0.0000	0.0000	0.0000
ENSG00000226555.1	AGKP1	processed_pseudogene	0	0	0	0.0000	0.0000	0.0000
ENSG00000226556.2	NPM1P49	processed_pseudogene	0	0	0	0.0000	0.0000	0.0000
ENSG00000226557.1	TRAF6P1	processed_pseudogene	0	0	0	0.0000	0.0000	0.0000
ENSG00000226558.1	AL590383.1	processed_pseudogene	0	0	0	0.0000	0.0000	0.0000
ENSG00000226562.4	CYP4F26P	lncRNA	0	0	0	0.0000	0.0000	0.0000
ENSG00000226564.1	FTH1P20	processed_pseudogene	241	144	97	37.3464	10.9393	10.5338
ENSG00000226565.2	AL445493.1	processed_pseudogene	0	0	0	0.0000	0.0000	0.0000
ENSG00000226566.2	AL390962.1	lncRNA	0	0	0	0.0000	0.0000	0.0000
ENSG00000226567.2	LINC00606	lncRNA	0	0	0	0.0000	0.0000	0.0000
ENSG00000226570.2	AL450304.1	processed_pseudogene	0	0	0	0.0000	0.0000	0.0000
ENSG00000226571.2	AL592429.2	lncRNA	5	4	2	0.0875	0.0256	0.0247
ENSG00000226572.1	SNORD57	snoRNA	0	0	0	0.0000	0.0000	0.0000
ENSG00000226573.1	AC003071.1	processed_pseudogene	0	0	0	0.0000	0.0000	0.0000
ENSG00000226576.1	AC060234.1	lncRNA	0	3	7	0.0000	0.0000	0.0000
ENSG00000226577.1	MICC	unprocessed_pseudogene	0	0	0	0.0000	0.0000	0.0000
ENSG00000226578.1	AL132657.1	lncRNA	2	1	1	0.2385	0.0699	0.0673
ENSG00000226579.1	MTCYBP31	processed_pseudogene	0	0	0	0.0000	0.0000	0.0000
ENSG00000226580.1	RPL39P40	processed_pseudogene	6	5	1	3.4899	1.0222	0.9843
ENSG00000226581.2	LINC02848	lncRNA	0	1	0	0.0000	0.0000	0.0000
ENSG00000226582.1	UBE2V1P5	processed_pseudogene	0	0	0	0.0000	0.0000	0.0000
ENSG00000226587.1	AC006455.1	lncRNA	0	0	0	0.0000	0.0000	0.0000
ENSG00000226590.1	UBE2V1P10	processed_pseudogene	0	0	0	0.0000	0.0000	0.0000
ENSG00000226592.1	AC004911.1	processed_pseudogene	0	0	0	0.0000	0.0000	0.0000
ENSG00000226594.1	AL356421.2	lncRNA	0	0	0	0.0000	0.0000	0.0000
ENSG00000226595.1	AC245291.1	unprocessed_pseudogene	0	0	0	0.0000	0.0000	0.0000
ENSG00000226597.1	IFNWP9	unprocessed_pseudogene	0	0	0	0.0000	0.0000	0.0000
ENSG00000226599.1	AL450344.2	lncRNA	1	5	5	0.1383	0.0405	0.0390
ENSG00000226600.3	CT47A9	protein_coding	0	0	0	0.0000	0.0000	0.0000
ENSG00000226601.1	AL359979.1	lncRNA	0	0	0	0.0000	0.0000	0.0000
ENSG00000226604.2	PAPPA-AS2	lncRNA	0	0	0	0.0000	0.0000	0.0000
ENSG00000226605.1	AC092567.1	lncRNA	0	123	171	0.0000	0.0000	0.0000
ENSG00000226608.3	FTLP3	processed_pseudogene	189	79	110	30.3977	8.9040	8.5738
ENSG00000226609.2	AL390067.1	lncRNA	1	0	1	0.0510	0.0149	0.0144
ENSG00000226611.2	OFD1P2Y	unprocessed_pseudogene	0	0	0	0.0000	0.0000	0.0000
ENSG00000226616.1	OR52M2P	unprocessed_pseudogene	0	0	0	0.0000	0.0000	0.0000
ENSG00000226617.1	RPL21P110	processed_pseudogene	0	0	0	0.0000	0.0000	0.0000
ENSG00000226619.1	AL137001.1	lncRNA	0	0	0	0.0000	0.0000	0.0000
ENSG00000226620.8	LINC00343	lncRNA	0	0	0	0.0000	0.0000	0.0000
ENSG00000226621.1	AC083855.1	processed_pseudogene	0	0	0	0.0000	0.0000	0.0000
ENSG00000226622.6	AC092155.1	lncRNA	8	6	2	0.0893	0.0262	0.0252
ENSG00000226624.1	AC005099.1	processed_pseudogene	23	9	14	3.2019	0.9379	0.9031
ENSG00000226625.1	RBM17P1	processed_pseudogene	0	0	0	0.0000	0.0000	0.0000
ENSG00000226626.2	NOP56P2	processed_pseudogene	0	0	0	0.0000	0.0000	0.0000
ENSG00000226627.2	SHANK2-AS1	lncRNA	0	0	0	0.0000	0.0000	0.0000
ENSG00000226629.1	LINC00974	lncRNA	0	0	0	0.0000	0.0000	0.0000
ENSG00000226631.1	SLC9A3P3	processed_pseudogene	0	0	0	0.0000	0.0000	0.0000
ENSG00000226632.1	UBE2V1P1	processed_pseudogene	0	0	0	0.0000	0.0000	0.0000
ENSG00000226633.2	PPIAP28	processed_pseudogene	0	0	0	0.0000	0.0000	0.0000
ENSG00000226636.1	AC006020.1	processed_pseudogene	3	1	2	0.1374	0.0403	0.0388
ENSG00000226640.2	AL357793.1	lncRNA	0	0	0	0.0000	0.0000	0.0000
ENSG00000226641.1	SHISA5P1	processed_pseudogene	1	1	0	0.1662	0.0487	0.0469
ENSG00000226642.1	ACTG1P12	processed_pseudogene	4	1	3	0.2913	0.0853	0.0822
ENSG00000226643.2	AL513314.1	lncRNA	0	0	0	0.0000	0.0000	0.0000
ENSG00000226644.5	AL121899.1	lncRNA	0	0	0	0.0000	0.0000	0.0000
ENSG00000226645.1	AP006216.1	lncRNA	1	10	16	0.2027	0.0594	0.0572
ENSG00000226646.1	RPL7P37	processed_pseudogene	3	2	1	0.3452	0.1011	0.0974
ENSG00000226647.2	AL365356.1	lncRNA	0	28	35	0.0000	0.0000	0.0000
ENSG00000226648.2	PLCG1-AS1	lncRNA	5	435	498	0.0505	0.0148	0.0143
ENSG00000226649.1	AC019118.1	lncRNA	1	1	0	0.1952	0.0572	0.0551
ENSG00000226650.6	KIF4B	protein_coding	1	0	1	0.0194	0.0057	0.0055
ENSG00000226652.3	PSMD10P2	transcribed_processed_pseudogene	2	2	0	0.1562	0.0458	0.0441
ENSG00000226653.3	OR13Z1P	unitary_pseudogene	0	0	0	0.0000	0.0000	0.0000
ENSG00000226655.1	AC096732.1	lncRNA	0	0	0	0.0000	0.0000	0.0000
ENSG00000226658.1	RPL23AP30	processed_pseudogene	0	0	0	0.0000	0.0000	0.0000
ENSG00000226659.1	AC021028.1	lncRNA	7	12	12	0.9941	0.2912	0.2804
ENSG00000226660.2	TRBV2	TR_V_gene	28	16	12	5.6479	1.6544	1.5930
ENSG00000226661.1	AC004973.1	lncRNA	1	0	1	0.1337	0.0392	0.0377
ENSG00000226662.2	CHMP1AP1	processed_pseudogene	0	0	0	0.0000	0.0000	0.0000
ENSG00000226663.2	MTND4P10	processed_pseudogene	0	0	0	0.0000	0.0000	0.0000
ENSG00000226664.1	AL020998.1	lncRNA	1	1	0	0.3708	0.1086	0.1046
ENSG00000226665.1	SSR1P2	processed_pseudogene	0	0	0	0.0000	0.0000	0.0000
ENSG00000226666.1	HSPA9P1	processed_pseudogene	9	5	4	0.3767	0.1103	0.1062
ENSG00000226668.5	AL136981.1	transcribed_unprocessed_pseudogene	0	0	0	0.0000	0.0000	0.0000
ENSG00000226669.2	AL354977.1	lncRNA	0	0	0	0.0000	0.0000	0.0000
ENSG00000226670.1	BCAS2P3	processed_pseudogene	0	0	0	0.0000	0.0000	0.0000
ENSG00000226671.1	AC005008.1	processed_pseudogene	0	0	0	0.0000	0.0000	0.0000
ENSG00000226673.2	LINC01108	lncRNA	1	1	0	0.0230	0.0067	0.0065
ENSG00000226674.11	TEX41	lncRNA	1175	612	563	3.7246	1.0910	1.0505
ENSG00000226676.1	LINC02679	lncRNA	0	0	0	0.0000	0.0000	0.0000
ENSG00000226677.3	IGBP1P1	processed_pseudogene	1	0	1	0.0842	0.0247	0.0237
ENSG00000226679.1	AL606748.1	lncRNA	11	8	4	1.4261	0.4177	0.4023
ENSG00000226680.2	AC073311.1	lncRNA	0	0	0	0.0000	0.0000	0.0000
ENSG00000226681.1	AC020595.1	lncRNA	0	0	0	0.0000	0.0000	0.0000
ENSG00000226683.2	PWWP2AP1	processed_pseudogene	0	0	0	0.0000	0.0000	0.0000
ENSG00000226685.4	CT47A12	protein_coding	0	0	0	0.0000	0.0000	0.0000
ENSG00000226686.8	LINC01535	lncRNA	4	2	2	0.0775	0.0227	0.0219
ENSG00000226688.7	ENTPD1-AS1	lncRNA	42	563	570	0.1426	0.0418	0.0402
ENSG00000226690.8	AC013470.2	protein_coding	9	4	5	0.2045	0.0599	0.0577
ENSG00000226693.1	NXNP1	processed_pseudogene	0	0	0	0.0000	0.0000	0.0000
ENSG00000226694.2	AL441943.1	lncRNA	0	0	0	0.0000	0.0000	0.0000
ENSG00000226695.1	ANKRD20A10P	processed_pseudogene	1	1	0	0.0561	0.0164	0.0158
ENSG00000226696.6	LENG8-AS1	lncRNA	41	33	11	2.0949	0.6136	0.5909
ENSG00000226698.1	AL034380.1	lncRNA	0	25	15	0.0000	0.0000	0.0000
ENSG00000226699.1	AL360181.1	lncRNA	0	0	0	0.0000	0.0000	0.0000
ENSG00000226700.1	MTND4P25	processed_pseudogene	0	0	0	0.0000	0.0000	0.0000
ENSG00000226701.1	RPL15P14	processed_pseudogene	2	2	0	0.2670	0.0782	0.0753
ENSG00000226702.1	MIR217HG	lncRNA	0	0	0	0.0000	0.0000	0.0000
ENSG00000226703.1	NPM1P4	processed_pseudogene	0	0	0	0.0000	0.0000	0.0000
ENSG00000226705.1	SDCBPP1	processed_pseudogene	2	1	1	0.1908	0.0559	0.0538
ENSG00000226706.1	AL161452.1	lncRNA	0	238	256	0.0000	0.0000	0.0000
ENSG00000226707.1	AL359458.1	lncRNA	0	0	0	0.0000	0.0000	0.0000
ENSG00000226708.1	AC073409.1	lncRNA	1	0	1	0.3157	0.0925	0.0890
ENSG00000226709.1	FGF12-AS3	lncRNA	0	0	0	0.0000	0.0000	0.0000
ENSG00000226711.7	FAM66C	lncRNA	63	33	36	1.1344	0.3323	0.3200
ENSG00000226715.4	LINC01709	lncRNA	0	7	14	0.0000	0.0000	0.0000
ENSG00000226716.1	AL589986.1	lncRNA	0	0	0	0.0000	0.0000	0.0000
ENSG00000226717.2	PTPRD-AS2	lncRNA	0	0	0	0.0000	0.0000	0.0000
ENSG00000226718.1	SNRPGP8	processed_pseudogene	1	0	1	0.3758	0.1101	0.1060
ENSG00000226721.2	EEF1DP2	processed_pseudogene	0	4	14	0.0000	0.0000	0.0000
ENSG00000226722.4	LINC00424	lncRNA	0	0	0	0.0000	0.0000	0.0000
ENSG00000226723.2	AL513175.1	processed_pseudogene	7	3	4	0.7621	0.2232	0.2150
ENSG00000226724.1	AC109780.2	unprocessed_pseudogene	0	1	0	0.0000	0.0000	0.0000
ENSG00000226725.2	PABPC1L2B-AS1	lncRNA	0	0	0	0.0000	0.0000	0.0000
ENSG00000226726.1	TMEM256P2	processed_pseudogene	0	0	0	0.0000	0.0000	0.0000
ENSG00000226729.3	RPL35AP30	processed_pseudogene	0	0	0	0.0000	0.0000	0.0000
ENSG00000226733.4	AL138826.1	lncRNA	0	0	0	0.0000	0.0000	0.0000
ENSG00000226734.1	SNRPGP12	processed_pseudogene	0	0	0	0.0000	0.0000	0.0000
ENSG00000226739.1	AL358972.1	lncRNA	0	0	0	0.0000	0.0000	0.0000
ENSG00000226741.2	LINC02554	lncRNA	0	0	0	0.0000	0.0000	0.0000
ENSG00000226742.4	HSBP1L1	protein_coding	84	53	31	3.5053	1.0268	0.9887
ENSG00000226744.1	AC005326.1	processed_pseudogene	0	0	0	0.0000	0.0000	0.0000
ENSG00000226745.2	OAZ1P1	processed_pseudogene	1	1	0	0.1240	0.0363	0.0350
ENSG00000226746.2	SMCR5	lncRNA	1	3	0	0.0299	0.0087	0.0084
ENSG00000226747.6	FSIP2-AS2	lncRNA	0	0	0	0.0000	0.0000	0.0000
ENSG00000226750.1	AL360271.2	unprocessed_pseudogene	0	0	0	0.0000	0.0000	0.0000
ENSG00000226752.9	CUTALP	transcribed_unitary_pseudogene	565	279	289	6.6418	1.9455	1.8733
ENSG00000226753.1	FOXN3P2	processed_pseudogene	0	0	0	0.0000	0.0000	0.0000
ENSG00000226754.2	AL606760.1	lncRNA	11	275	269	0.4813	0.1410	0.1357
ENSG00000226755.2	VPS25P1	processed_pseudogene	0	0	0	0.0000	0.0000	0.0000
ENSG00000226756.1	AC007365.1	lncRNA	0	0	0	0.0000	0.0000	0.0000
ENSG00000226757.2	PP12613	lncRNA	0	0	1	0.0000	0.0000	0.0000
ENSG00000226758.1	DISC1-IT1	lncRNA	1	0	1	0.1114	0.0326	0.0314
ENSG00000226759.8	DAB1-AS1	lncRNA	0	0	0	0.0000	0.0000	0.0000
ENSG00000226761.3	TAS2R46	protein_coding	1	1	0	0.0913	0.0267	0.0258
ENSG00000226762.5	LINC02668	lncRNA	2	2	0	0.0365	0.0107	0.0103
ENSG00000226763.5	SRRM5	protein_coding	34	660	659	1.0698	0.3134	0.3017
ENSG00000226764.2	AC010145.1	lncRNA	0	0	0	0.0000	0.0000	0.0000
ENSG00000226765.1	RPSAP33	processed_pseudogene	0	0	0	0.0000	0.0000	0.0000
ENSG00000226766.1	FABP7P1	processed_pseudogene	0	0	0	0.0000	0.0000	0.0000
ENSG00000226767.1	AC114501.1	processed_pseudogene	0	0	0	0.0000	0.0000	0.0000
ENSG00000226769.1	GAPDHP54	processed_pseudogene	0	0	0	0.0000	0.0000	0.0000
ENSG00000226770.1	AC000124.1	lncRNA	0	0	0	0.0000	0.0000	0.0000
ENSG00000226771.1	AP001136.1	lncRNA	0	0	0	0.0000	0.0000	0.0000
ENSG00000226772.1	AL021393.1	lncRNA	0	0	0	0.0000	0.0000	0.0000
ENSG00000226773.1	AL663109.1	processed_pseudogene	0	0	0	0.0000	0.0000	0.0000
ENSG00000226774.1	HIKESHIP1	processed_pseudogene	0	0	0	0.0000	0.0000	0.0000
ENSG00000226776.1	KRTAP3-4P	unprocessed_pseudogene	0	0	0	0.0000	0.0000	0.0000
ENSG00000226777.7	FAM30A	lncRNA	78	49	39	0.6702	0.1963	0.1890
ENSG00000226779.1	NAALADL2-AS2	lncRNA	0	0	0	0.0000	0.0000	0.0000
ENSG00000226780.1	AC244035.1	lncRNA	0	0	0	0.0000	0.0000	0.0000
ENSG00000226781.1	TBCAP1	processed_pseudogene	83	47	36	21.5547	6.3137	6.0796
ENSG00000226782.2	AC117465.1	lncRNA	0	0	0	0.0000	0.0000	0.0000
ENSG00000226783.1	TLK1P1	processed_pseudogene	2	1	1	0.0696	0.0204	0.0196
ENSG00000226784.3	PGAM4	protein_coding	23	10	14	1.1557	0.3385	0.3260
ENSG00000226789.1	WBP11P2	processed_pseudogene	3	2	1	0.0902	0.0264	0.0254
ENSG00000226790.3	HNRNPA3P1	processed_pseudogene	6	3	3	0.4473	0.1310	0.1262
ENSG00000226791.7	LINC02611	lncRNA	27	13	14	0.4082	0.1196	0.1151
ENSG00000226792.7	C13orf42	protein_coding	1	1	0	0.0235	0.0069	0.0066
ENSG00000226794.1	MTND1P20	processed_pseudogene	0	0	0	0.0000	0.0000	0.0000
ENSG00000226797.2	AC005828.1	lncRNA	0	0	1	0.0000	0.0000	0.0000
ENSG00000226798.1	AL138749.1	lncRNA	0	0	0	0.0000	0.0000	0.0000
ENSG00000226800.5	CACTIN-AS1	lncRNA	2	262	233	0.0888	0.0260	0.0250
ENSG00000226801.2	OSTCP8	processed_pseudogene	0	0	0	0.0000	0.0000	0.0000
ENSG00000226802.1	AL442647.1	processed_pseudogene	0	0	0	0.0000	0.0000	0.0000
ENSG00000226803.9	ZNF451-AS1	lncRNA	10	89	109	0.1727	0.0506	0.0487
ENSG00000226804.4	AL359839.1	processed_pseudogene	0	0	0	0.0000	0.0000	0.0000
ENSG00000226806.1	LCT-AS1	lncRNA	6	4	2	0.2736	0.0802	0.0772
ENSG00000226807.6	MROH5	polymorphic_pseudogene	0	3	1	0.0000	0.0000	0.0000
ENSG00000226808.3	LINC00840	lncRNA	7	2	5	0.0799	0.0234	0.0225
ENSG00000226810.3	AC112198.1	processed_pseudogene	0	0	0	0.0000	0.0000	0.0000
ENSG00000226812.2	AL117382.1	lncRNA	0	0	0	0.0000	0.0000	0.0000
ENSG00000226813.3	LINC01941	lncRNA	0	0	0	0.0000	0.0000	0.0000
ENSG00000226814.2	AL035407.1	processed_pseudogene	0	0	0	0.0000	0.0000	0.0000
ENSG00000226816.3	AC005082.1	lncRNA	16	10	7	0.6015	0.1762	0.1696
ENSG00000226818.1	SLC6A6P1	processed_pseudogene	0	0	0	0.0000	0.0000	0.0000
ENSG00000226819.1	MEIS1-AS3	lncRNA	1	1	0	0.1201	0.0352	0.0339
ENSG00000226820.2	AL592049.1	unprocessed_pseudogene	0	0	0	0.0000	0.0000	0.0000
ENSG00000226822.3	LINC02785	lncRNA	3	3	0	0.0617	0.0181	0.0174
ENSG00000226823.1	SUGT1P1	unprocessed_pseudogene	3	0	3	0.5352	0.1568	0.1510
ENSG00000226824.7	AC006001.2	lncRNA	88	48	40	2.7905	0.8174	0.7871
ENSG00000226825.2	LINC01509	lncRNA	0	0	0	0.0000	0.0000	0.0000
ENSG00000226827.1	NPM1P11	processed_pseudogene	0	0	0	0.0000	0.0000	0.0000
ENSG00000226828.2	LINC02774	lncRNA	0	0	0	0.0000	0.0000	0.0000
ENSG00000226829.2	AC093655.1	lncRNA	0	0	0	0.0000	0.0000	0.0000
ENSG00000226831.1	MED15P3	processed_pseudogene	0	0	0	0.0000	0.0000	0.0000
ENSG00000226833.6	AC092164.1	lncRNA	9	6	4	0.1204	0.0353	0.0340
ENSG00000226835.3	ARHGAP29-AS1	lncRNA	0	0	0	0.0000	0.0000	0.0000
ENSG00000226836.5	AC018437.1	processed_pseudogene	0	0	0	0.0000	0.0000	0.0000
ENSG00000226837.2	HMGB1P32	processed_pseudogene	0	0	0	0.0000	0.0000	0.0000
ENSG00000226838.1	AC096582.1	unprocessed_pseudogene	0	0	0	0.0000	0.0000	0.0000
ENSG00000226839.1	MTND6P11	processed_pseudogene	0	0	0	0.0000	0.0000	0.0000
ENSG00000226840.1	PAICSP3	processed_pseudogene	0	0	0	0.0000	0.0000	0.0000
ENSG00000226842.1	AL158834.1	lncRNA	2	3	0	0.3645	0.1068	0.1028
ENSG00000226843.1	AL606753.1	processed_pseudogene	0	0	0	0.0000	0.0000	0.0000
ENSG00000226845.1	EEF1GP3	processed_pseudogene	0	0	0	0.0000	0.0000	0.0000
ENSG00000226846.2	LINC00348	lncRNA	12	6	6	0.5715	0.1674	0.1612
ENSG00000226847.1	PRPS1P1	processed_pseudogene	0	0	0	0.0000	0.0000	0.0000
ENSG00000226849.1	AL109811.1	lncRNA	5	512	516	0.1583	0.0464	0.0447
ENSG00000226851.1	AC004112.1	lncRNA	6	1	5	0.7207	0.2111	0.2033
ENSG00000226853.3	AC010894.1	lncRNA	31	15	16	3.2907	0.9639	0.9282
ENSG00000226854.1	AL451105.1	lncRNA	0	0	0	0.0000	0.0000	0.0000
ENSG00000226855.1	RPSAP17	processed_pseudogene	7	4	3	0.6732	0.1972	0.1899
ENSG00000226856.7	THORLNC	lncRNA	12	4	8	0.3686	0.1080	0.1040
ENSG00000226857.1	DUTP3	transcribed_processed_pseudogene	0	0	0	0.0000	0.0000	0.0000
ENSG00000226859.1	LINC02051	lncRNA	15	12	10	1.8461	0.5408	0.5207
ENSG00000226860.1	RBX1P1	processed_pseudogene	0	0	0	0.0000	0.0000	0.0000
ENSG00000226861.1	AL390835.1	lncRNA	0	0	0	0.0000	0.0000	0.0000
ENSG00000226862.1	AC104463.2	lncRNA	0	0	0	0.0000	0.0000	0.0000
ENSG00000226863.1	SHROOM2P1	transcribed_unprocessed_pseudogene	0	0	0	0.0000	0.0000	0.0000
ENSG00000226864.2	ATE1-AS1	transcribed_unitary_pseudogene	58	43	34	4.2025	1.2310	1.1854
ENSG00000226867.1	AC244505.4	unprocessed_pseudogene	0	0	0	0.0000	0.0000	0.0000
ENSG00000226868.1	AC096637.1	lncRNA	0	0	0	0.0000	0.0000	0.0000
ENSG00000226869.6	LHFPL3-AS1	lncRNA	4176	2102	2077	116.6923	34.1810	32.9137
ENSG00000226870.2	BX276092.2	transcribed_unprocessed_pseudogene	0	0	0	0.0000	0.0000	0.0000
ENSG00000226871.1	AC135178.2	lncRNA	0	7	9	0.0000	0.0000	0.0000
ENSG00000226872.2	AC002472.1	lncRNA	0	0	0	0.0000	0.0000	0.0000
ENSG00000226873.1	CDY14P	unprocessed_pseudogene	0	0	0	0.0000	0.0000	0.0000
ENSG00000226874.1	AC005154.1	processed_pseudogene	0	0	0	0.0000	0.0000	0.0000
ENSG00000226875.1	ZNF877P	unprocessed_pseudogene	0	0	0	0.0000	0.0000	0.0000
ENSG00000226876.3	SMYD3-AS1	lncRNA	0	0	0	0.0000	0.0000	0.0000
ENSG00000226877.9	AL354733.1	lncRNA	0	2	2	0.0000	0.0000	0.0000
ENSG00000226878.2	GSTM3P2	processed_pseudogene	1	0	1	0.1602	0.0469	0.0452
ENSG00000226881.5	H3P44	processed_pseudogene	5	3	2	0.9897	0.2899	0.2792
ENSG00000226883.1	AL035416.1	lncRNA	0	0	0	0.0000	0.0000	0.0000
ENSG00000226884.1	RPS29P10	processed_pseudogene	0	0	0	0.0000	0.0000	0.0000
ENSG00000226885.1	E2F6P3	processed_pseudogene	0	0	0	0.0000	0.0000	0.0000
ENSG00000226886.1	AC093787.1	processed_pseudogene	99	41	58	40.6141	11.8965	11.4555
ENSG00000226887.8	ERVMER34-1	protein_coding	7	8	3	0.1478	0.0433	0.0417
ENSG00000226888.2	RPLP1P10	processed_pseudogene	0	0	0	0.0000	0.0000	0.0000
ENSG00000226889.3	AL359541.1	lncRNA	0	0	0	0.0000	0.0000	0.0000
ENSG00000226890.1	Z97652.1	lncRNA	0	9	9	0.0000	0.0000	0.0000
ENSG00000226891.9	LINC01359	lncRNA	7	4	3	0.0756	0.0221	0.0213
ENSG00000226899.1	AL731577.1	lncRNA	0	0	0	0.0000	0.0000	0.0000
ENSG00000226900.2	AL451069.1	lncRNA	1	0	1	0.0344	0.0101	0.0097
ENSG00000226902.1	CHCHD2P1	processed_pseudogene	0	0	0	0.0000	0.0000	0.0000
ENSG00000226903.2	LINC00354	lncRNA	0	0	0	0.0000	0.0000	0.0000
ENSG00000226904.1	AL353608.2	lncRNA	0	0	0	0.0000	0.0000	0.0000
ENSG00000226905.1	AC005040.1	processed_pseudogene	0	0	0	0.0000	0.0000	0.0000
ENSG00000226906.1	TTTY4	lncRNA	0	0	0	0.0000	0.0000	0.0000
ENSG00000226908.1	H2BP6	processed_pseudogene	0	0	0	0.0000	0.0000	0.0000
ENSG00000226912.1	ISCA2P1	processed_pseudogene	3	0	3	0.5687	0.1666	0.1604
ENSG00000226913.2	BSN-DT	lncRNA	2	0	2	0.0575	0.0168	0.0162
ENSG00000226915.1	RPL19P4	processed_pseudogene	8	5	3	1.1633	0.3407	0.3281
ENSG00000226917.6	LINC01276	lncRNA	0	0	0	0.0000	0.0000	0.0000
ENSG00000226918.1	AC010086.1	unprocessed_pseudogene	1	0	1	0.0807	0.0236	0.0228
ENSG00000226919.4	AL365184.1	lncRNA	0	1	1	0.0000	0.0000	0.0000
ENSG00000226920.1	AL160004.1	lncRNA	0	0	0	0.0000	0.0000	0.0000
ENSG00000226921.7	LINC00454	lncRNA	0	0	0	0.0000	0.0000	0.0000
ENSG00000226925.1	IL1R1-AS1	lncRNA	1	2	4	0.2223	0.0651	0.0627
ENSG00000226926.7	PDZPH1P	transcribed_unitary_pseudogene	2	0	2	0.0753	0.0220	0.0212
ENSG00000226927.1	AL451081.1	lncRNA	0	0	0	0.0000	0.0000	0.0000
ENSG00000226928.1	RPS14P4	processed_pseudogene	0	0	0	0.0000	0.0000	0.0000
ENSG00000226929.3	CT47A11	protein_coding	0	0	0	0.0000	0.0000	0.0000
ENSG00000226930.1	GTF2IP2	unprocessed_pseudogene	1	0	1	0.1218	0.0357	0.0344
ENSG00000226933.1	NRBF2P2	processed_pseudogene	1	1	0	0.0986	0.0289	0.0278
ENSG00000226935.6	LINC00161	lncRNA	1	0	1	0.0976	0.0286	0.0275
ENSG00000226937.9	CEP164P1	transcribed_processed_pseudogene	0	58	57	0.0000	0.0000	0.0000
ENSG00000226938.1	AC119428.1	lncRNA	0	0	0	0.0000	0.0000	0.0000
ENSG00000226939.1	AC062021.1	lncRNA	0	0	0	0.0000	0.0000	0.0000
ENSG00000226941.8	RBMY1J	protein_coding	0	0	0	0.0000	0.0000	0.0000
ENSG00000226942.2	IL9RP3	unprocessed_pseudogene	3	1	2	0.1522	0.0446	0.0429
ENSG00000226943.3	ALG1L5P	unprocessed_pseudogene	0	0	0	0.0000	0.0000	0.0000
ENSG00000226944.1	RNF207-AS1	lncRNA	23	10	14	5.1671	1.5135	1.4574
ENSG00000226945.1	AC098935.1	processed_pseudogene	30	18	12	4.1696	1.2213	1.1761
ENSG00000226946.1	AC062022.1	processed_pseudogene	0	0	0	0.0000	0.0000	0.0000
ENSG00000226947.1	LCEP4	unprocessed_pseudogene	0	0	0	0.0000	0.0000	0.0000
ENSG00000226948.2	RPS4XP2	transcribed_processed_pseudogene	16	6	10	0.5326	0.1560	0.1502
ENSG00000226949.1	OR6K5P	unprocessed_pseudogene	0	0	0	0.0000	0.0000	0.0000
ENSG00000226950.8	DANCR	lncRNA	248	146	150	2.0690	0.6060	0.5836
ENSG00000226952.1	AC093019.1	processed_pseudogene	0	0	0	0.0000	0.0000	0.0000
ENSG00000226953.8	NCKAP5-AS2	lncRNA	13	4	9	0.6283	0.1840	0.1772
ENSG00000226954.1	AL023802.1	lncRNA	0	0	0	0.0000	0.0000	0.0000
ENSG00000226955.1	AC104306.2	processed_pseudogene	0	0	0	0.0000	0.0000	0.0000
ENSG00000226956.1	AP000432.1	lncRNA	0	0	0	0.0000	0.0000	0.0000
ENSG00000226957.1	AL358075.1	lncRNA	4	2	2	0.5234	0.1533	0.1476
ENSG00000226960.1	MTCO1P21	unprocessed_pseudogene	0	0	0	0.0000	0.0000	0.0000
ENSG00000226961.3	PPIAP60	processed_pseudogene	3	3	0	0.5178	0.1517	0.1461
ENSG00000226962.1	RAC1P6	processed_pseudogene	0	0	0	0.0000	0.0000	0.0000
ENSG00000226963.1	AC078883.2	lncRNA	0	76	85	0.0000	0.0000	0.0000
ENSG00000226964.1	RHEBP2	processed_pseudogene	13	4	9	1.8399	0.5389	0.5190
ENSG00000226965.2	AC073114.1	lncRNA	0	0	0	0.0000	0.0000	0.0000
ENSG00000226967.1	HAUS4P1	processed_pseudogene	0	0	0	0.0000	0.0000	0.0000
ENSG00000226968.1	LINC00423	lncRNA	0	0	0	0.0000	0.0000	0.0000
ENSG00000226969.1	AL391845.1	lncRNA	0	0	0	0.0000	0.0000	0.0000
ENSG00000226970.2	NEDD8P1	processed_pseudogene	5	3	2	1.7402	0.5097	0.4908
ENSG00000226971.1	AL606490.2	processed_pseudogene	2	0	2	0.1277	0.0374	0.0360
ENSG00000226972.2	RPL12P19	processed_pseudogene	3	2	1	0.5242	0.1535	0.1479
ENSG00000226973.1	AL512638.1	unprocessed_pseudogene	0	0	0	0.0000	0.0000	0.0000
ENSG00000226976.3	COX6A1P2	processed_pseudogene	34	16	18	8.7494	2.5628	2.4678
ENSG00000226977.1	HMGN1P24	processed_pseudogene	2	2	0	0.5699	0.1669	0.1608
ENSG00000226978.1	MAGI2-AS2	lncRNA	0	0	0	0.0000	0.0000	0.0000
ENSG00000226979.9	LTA	protein_coding	65	30	36	3.1778	0.9308	0.8963
ENSG00000226981.2	ABHD17AP6	unprocessed_pseudogene	1	0	1	0.0813	0.0238	0.0229
ENSG00000226982.4	CENPCP1	processed_pseudogene	2	2	0	0.0659	0.0193	0.0186
ENSG00000226983.3	LINC01692	lncRNA	0	0	0	0.0000	0.0000	0.0000
ENSG00000226984.1	AL035410.1	processed_pseudogene	1	0	1	0.1989	0.0583	0.0561
ENSG00000226985.7	LINC01203	lncRNA	0	0	0	0.0000	0.0000	0.0000
ENSG00000226986.4	PRELID1P5	processed_pseudogene	16	10	6	2.0618	0.6039	0.5815
ENSG00000226987.1	AL157938.1	processed_pseudogene	1	0	1	0.1519	0.0445	0.0428
ENSG00000226989.1	AL049758.1	processed_pseudogene	0	0	0	0.0000	0.0000	0.0000
ENSG00000226990.1	AC025946.1	lncRNA	0	0	0	0.0000	0.0000	0.0000
ENSG00000226991.2	AC140479.1	processed_pseudogene	0	0	0	0.0000	0.0000	0.0000
ENSG00000226992.1	AC145625.1	lncRNA	0	0	0	0.0000	0.0000	0.0000
ENSG00000226994.9	AC012593.1	lncRNA	0	0	0	0.0000	0.0000	0.0000
ENSG00000226995.9	LINC00658	lncRNA	0	0	1	0.0000	0.0000	0.0000
ENSG00000226996.5	AP000477.1	lncRNA	1	0	1	0.0863	0.0253	0.0243
ENSG00000226998.1	MTATP6P30	unprocessed_pseudogene	0	0	0	0.0000	0.0000	0.0000
ENSG00000226999.1	AC073325.2	processed_pseudogene	0	0	0	0.0000	0.0000	0.0000
ENSG00000227000.2	HSPD1P14	processed_pseudogene	0	0	0	0.0000	0.0000	0.0000
ENSG00000227001.3	NBPF2P	unprocessed_pseudogene	43	22	23	5.5243	1.6182	1.5582
ENSG00000227002.2	SNRPEP10	processed_pseudogene	1	1	0	0.3099	0.0908	0.0874
ENSG00000227004.2	AC108032.1	processed_pseudogene	0	0	0	0.0000	0.0000	0.0000
ENSG00000227006.2	AL136988.2	lncRNA	6	5	1	0.3845	0.1126	0.1085
ENSG00000227007.1	LINC01247	lncRNA	0	0	0	0.0000	0.0000	0.0000
ENSG00000227008.2	AL009174.1	processed_pseudogene	26	18	8	5.3075	1.5547	1.4970
ENSG00000227009.1	FUNDC2P4	processed_pseudogene	1	1	0	0.2017	0.0591	0.0569
ENSG00000227011.4	LINC02876	lncRNA	0	0	0	0.0000	0.0000	0.0000
ENSG00000227012.3	LINC02527	lncRNA	0	0	0	0.0000	0.0000	0.0000
ENSG00000227013.3	OR7E96P	unprocessed_pseudogene	0	0	0	0.0000	0.0000	0.0000
ENSG00000227014.6	FKBP14-AS1	lncRNA	0	187	146	0.0000	0.0000	0.0000
ENSG00000227015.1	AC023141.4	unprocessed_pseudogene	0	0	0	0.0000	0.0000	0.0000
ENSG00000227016.3	LINC02796	lncRNA	0	0	0	0.0000	0.0000	0.0000
ENSG00000227017.1	AC007036.1	lncRNA	8	5	6	1.0080	0.2952	0.2843
ENSG00000227018.1	IL6STP1	processed_pseudogene	0	0	0	0.0000	0.0000	0.0000
ENSG00000227019.2	OR7E101P	unprocessed_pseudogene	0	19	16	0.0000	0.0000	0.0000
ENSG00000227021.1	AC007557.1	lncRNA	0	0	0	0.0000	0.0000	0.0000
ENSG00000227023.1	OR51A3P	unprocessed_pseudogene	0	0	0	0.0000	0.0000	0.0000
ENSG00000227028.6	SLC8A1-AS1	lncRNA	0	14	18	0.0000	0.0000	0.0000
ENSG00000227029.1	AL139237.1	lncRNA	0	0	0	0.0000	0.0000	0.0000
ENSG00000227032.1	RPS2P36	processed_pseudogene	0	0	0	0.0000	0.0000	0.0000
ENSG00000227033.1	AC019130.1	lncRNA	0	41	39	0.0000	0.0000	0.0000
ENSG00000227034.1	AL445433.1	processed_pseudogene	1	0	1	0.3304	0.0968	0.0932
ENSG00000227035.1	MTATP6P18	unprocessed_pseudogene	0	0	0	0.0000	0.0000	0.0000
ENSG00000227036.8	LINC00511	lncRNA	1008	507	549	3.0954	0.9067	0.8731
ENSG00000227038.3	GTF2IP7	transcribed_unprocessed_pseudogene	2	2	0	0.0660	0.0193	0.0186
ENSG00000227039.6	ITGB2-AS1	lncRNA	35	25	18	1.2191	0.3571	0.3439
ENSG00000227040.4	AC022483.1	processed_pseudogene	0	0	0	0.0000	0.0000	0.0000
ENSG00000227042.1	AC003666.1	lncRNA	0	0	0	0.0000	0.0000	0.0000
ENSG00000227043.3	LINC01682	lncRNA	0	0	0	0.0000	0.0000	0.0000
ENSG00000227045.1	AL589765.1	lncRNA	0	0	1	0.0000	0.0000	0.0000
ENSG00000227047.1	AC012065.1	lncRNA	0	0	0	0.0000	0.0000	0.0000
ENSG00000227048.2	AC096677.3	processed_pseudogene	0	1	3	0.0000	0.0000	0.0000
ENSG00000227050.1	AL512288.1	lncRNA	0	23	16	0.0000	0.0000	0.0000
ENSG00000227051.7	C14orf132	protein_coding	86	49	38	0.9340	0.2736	0.2634
ENSG00000227053.1	MUC12-AS1	lncRNA	2	18	25	0.4173	0.1222	0.1177
ENSG00000227054.1	FDX1P2	processed_pseudogene	0	0	0	0.0000	0.0000	0.0000
ENSG00000227055.1	AC009961.2	processed_pseudogene	0	0	0	0.0000	0.0000	0.0000
ENSG00000227056.2	RPL6P2	processed_pseudogene	0	0	0	0.0000	0.0000	0.0000
ENSG00000227057.10	WDR46	protein_coding	4602	2361	2244	137.8497	40.3783	38.8813
ENSG00000227058.1	BX510359.2	unprocessed_pseudogene	0	0	0	0.0000	0.0000	0.0000
ENSG00000227059.7	ANHX	protein_coding	0	0	0	0.0000	0.0000	0.0000
ENSG00000227060.7	LINC00629	lncRNA	9	2	7	0.2726	0.0798	0.0769
ENSG00000227061.2	AC079779.1	lncRNA	0	0	0	0.0000	0.0000	0.0000
ENSG00000227062.2	AL596276.1	processed_pseudogene	0	0	0	0.0000	0.0000	0.0000
ENSG00000227063.5	RPL41P1	processed_pseudogene	436	205	231	457.1027	133.8925	128.9285
ENSG00000227064.1	Z82205.1	processed_pseudogene	0	0	0	0.0000	0.0000	0.0000
ENSG00000227066.2	Z98257.1	lncRNA	0	0	0	0.0000	0.0000	0.0000
ENSG00000227067.3	DPPA3P1	processed_pseudogene	0	0	0	0.0000	0.0000	0.0000
ENSG00000227068.1	AL162584.1	lncRNA	0	0	0	0.0000	0.0000	0.0000
ENSG00000227069.1	CNN2P2	processed_pseudogene	0	0	0	0.0000	0.0000	0.0000
ENSG00000227070.1	EPS15-AS1	lncRNA	1	0	1	0.1784	0.0523	0.0503
ENSG00000227071.1	FOCAD-AS1	lncRNA	1	1	0	0.2008	0.0588	0.0566
ENSG00000227072.1	AL353706.1	processed_pseudogene	0	0	0	0.0000	0.0000	0.0000
ENSG00000227073.1	SDHDP2	processed_pseudogene	0	1	0	0.0000	0.0000	0.0000
ENSG00000227075.1	AP000472.1	lncRNA	0	0	0	0.0000	0.0000	0.0000
ENSG00000227076.1	AL158166.1	lncRNA	0	0	0	0.0000	0.0000	0.0000
ENSG00000227077.3	AC107983.1	processed_pseudogene	20	11	9	8.0877	2.3690	2.2812
ENSG00000227078.1	LINC02094	lncRNA	0	0	0	0.0000	0.0000	0.0000
ENSG00000227080.2	AC012441.1	processed_pseudogene	1	1	0	0.1240	0.0363	0.0350
ENSG00000227081.5	AC005912.1	processed_pseudogene	145	73	72	48.2881	14.1443	13.6199
ENSG00000227082.3	LINC02798	lncRNA	4	1	3	0.0717	0.0210	0.0202
ENSG00000227083.1	L29074.1	lncRNA	0	0	0	0.0000	0.0000	0.0000
ENSG00000227087.4	RBMX2P5	processed_pseudogene	1	1	0	0.0876	0.0257	0.0247
ENSG00000227088.2	AC012494.1	lncRNA	0	0	0	0.0000	0.0000	0.0000
ENSG00000227089.2	AL031767.1	lncRNA	0	0	0	0.0000	0.0000	0.0000
ENSG00000227090.1	AP000402.1	lncRNA	0	0	0	0.0000	0.0000	0.0000
ENSG00000227091.2	SLC6A17-AS1	lncRNA	0	88	78	0.0000	0.0000	0.0000
ENSG00000227094.1	AL512785.1	lncRNA	0	0	0	0.0000	0.0000	0.0000
ENSG00000227096.1	HMGB3P8	processed_pseudogene	3	0	3	0.4415	0.1293	0.1245
ENSG00000227097.5	RPS28P7	processed_pseudogene	1381	686	695	558.4530	163.5796	157.5150
ENSG00000227098.2	AC073636.1	lncRNA	0	0	0	0.0000	0.0000	0.0000
ENSG00000227101.2	AC025822.1	lncRNA	8	4	4	0.1550	0.0454	0.0437
ENSG00000227102.2	OR2AS1P	unprocessed_pseudogene	0	0	0	0.0000	0.0000	0.0000
ENSG00000227104.3	PIGQP1	transcribed_unprocessed_pseudogene	0	0	0	0.0000	0.0000	0.0000
ENSG00000227105.1	PARP1P1	processed_pseudogene	1	0	1	0.0281	0.0082	0.0079
ENSG00000227107.1	AC104667.1	lncRNA	4	2	2	0.1651	0.0484	0.0466
ENSG00000227108.1	IGHD1-14	IG_D_gene	0	0	0	0.0000	0.0000	0.0000
ENSG00000227109.1	CRIP1P3	processed_pseudogene	0	0	0	0.0000	0.0000	0.0000
ENSG00000227110.7	LMCD1-AS1	lncRNA	30	17	13	0.2263	0.0663	0.0638
ENSG00000227113.2	AC073210.1	unprocessed_pseudogene	1	1	0	0.3660	0.1072	0.1032
ENSG00000227115.8	LINC01630	lncRNA	2	1	1	0.0093	0.0027	0.0026
ENSG00000227117.6	HORMAD2-AS1	lncRNA	0	0	0	0.0000	0.0000	0.0000
ENSG00000227118.3	BTF3P13	processed_pseudogene	1	0	1	0.1733	0.0508	0.0489
ENSG00000227120.1	AC009238.1	processed_pseudogene	0	0	0	0.0000	0.0000	0.0000
ENSG00000227121.2	LINC02672	lncRNA	0	0	0	0.0000	0.0000	0.0000
ENSG00000227123.1	RPL12P44	processed_pseudogene	1	1	0	0.1692	0.0496	0.0477
ENSG00000227124.11	ZNF717	protein_coding	119	80	63	1.3213	0.3870	0.3727
ENSG00000227125.1	AP002856.1	lncRNA	0	0	0	0.0000	0.0000	0.0000
ENSG00000227128.5	LBX1-AS1	lncRNA	0	0	0	0.0000	0.0000	0.0000
ENSG00000227131.1	AL139275.2	lncRNA	0	0	0	0.0000	0.0000	0.0000
ENSG00000227133.1	AC011742.1	processed_pseudogene	0	0	0	0.0000	0.0000	0.0000
ENSG00000227134.1	OTX2P2	processed_pseudogene	0	0	0	0.0000	0.0000	0.0000
ENSG00000227138.1	AL161788.1	processed_pseudogene	0	0	0	0.0000	0.0000	0.0000
ENSG00000227139.1	AC241644.1	lncRNA	0	0	0	0.0000	0.0000	0.0000
ENSG00000227140.3	USP17L5	protein_coding	0	0	0	0.0000	0.0000	0.0000
ENSG00000227141.2	AL160286.1	processed_pseudogene	0	0	0	0.0000	0.0000	0.0000
ENSG00000227143.1	LINC01153	lncRNA	0	0	0	0.0000	0.0000	0.0000
ENSG00000227145.2	IL21-AS1	lncRNA	1	2	1	0.0216	0.0063	0.0061
ENSG00000227148.1	AC069285.2	lncRNA	0	0	0	0.0000	0.0000	0.0000
ENSG00000227149.1	MTCO1P44	processed_pseudogene	0	0	0	0.0000	0.0000	0.0000
ENSG00000227150.1	AL669970.2	lncRNA	0	0	0	0.0000	0.0000	0.0000
ENSG00000227151.4	PRR20D	protein_coding	0	0	0	0.0000	0.0000	0.0000
ENSG00000227152.6	OR2T7	polymorphic_pseudogene	0	0	0	0.0000	0.0000	0.0000
ENSG00000227154.4	MKRN6P	unprocessed_pseudogene	0	0	0	0.0000	0.0000	0.0000
ENSG00000227155.7	AL161725.1	lncRNA	4	1	3	0.0846	0.0248	0.0239
ENSG00000227157.2	AC068535.1	lncRNA	1	1	0	0.0353	0.0103	0.0099
ENSG00000227158.1	AC073621.1	processed_pseudogene	1	0	1	0.0829	0.0243	0.0234
ENSG00000227159.8	DDX11L16	unprocessed_pseudogene	0	0	1	0.0000	0.0000	0.0000
ENSG00000227159.8_PAR_Y	DDX11L16	unprocessed_pseudogene	0	0	0	0.0000	0.0000	0.0000
ENSG00000227160.3	THEM7P	transcribed_unitary_pseudogene	2	0	2	0.1422	0.0417	0.0401
ENSG00000227161.1	AC092755.1	lncRNA	1	0	1	0.8755	0.2564	0.2469
ENSG00000227163.2	AL139220.1	processed_pseudogene	0	0	0	0.0000	0.0000	0.0000
ENSG00000227165.9	WDR11-AS1	lncRNA	1	24	21	0.0127	0.0037	0.0036
ENSG00000227166.1	STSP1	unprocessed_pseudogene	0	0	0	0.0000	0.0000	0.0000
ENSG00000227167.1	AL442638.1	lncRNA	0	0	0	0.0000	0.0000	0.0000
ENSG00000227169.2	Z98747.1	lncRNA	0	0	0	0.0000	0.0000	0.0000
ENSG00000227170.1	AF178030.1	lncRNA	0	0	0	0.0000	0.0000	0.0000
ENSG00000227172.2	AC011290.1	lncRNA	2	0	2	0.4102	0.1202	0.1157
ENSG00000227173.1	MYL6P3	processed_pseudogene	0	0	0	0.0000	0.0000	0.0000
ENSG00000227175.1	AL590677.1	lncRNA	0	0	0	0.0000	0.0000	0.0000
ENSG00000227176.1	NSA2P5	processed_pseudogene	3	1	2	0.3300	0.0967	0.0931
ENSG00000227177.1	AIMP1P2	processed_pseudogene	0	0	0	0.0000	0.0000	0.0000
ENSG00000227179.6	PGBP	transcribed_unprocessed_pseudogene	0	0	0	0.0000	0.0000	0.0000
ENSG00000227180.1	LRRC2P1	processed_pseudogene	0	0	0	0.0000	0.0000	0.0000
ENSG00000227181.1	LINC01688	lncRNA	0	0	0	0.0000	0.0000	0.0000
ENSG00000227182.1	VN1R28P	unitary_pseudogene	0	0	0	0.0000	0.0000	0.0000
ENSG00000227183.3	HDGFP1	processed_pseudogene	0	0	0	0.0000	0.0000	0.0000
ENSG00000227186.1	AC018511.1	lncRNA	0	0	0	0.0000	0.0000	0.0000
ENSG00000227187.1	RPL21P31	processed_pseudogene	0	0	0	0.0000	0.0000	0.0000
ENSG00000227188.1	MGAT3-AS1	lncRNA	0	0	0	0.0000	0.0000	0.0000
ENSG00000227189.2	AC092535.2	lncRNA	0	0	0	0.0000	0.0000	0.0000
ENSG00000227191.8	TRGC2	TR_C_gene	82	44	38	6.8741	2.0135	1.9389
ENSG00000227192.1	AL023581.2	lncRNA	2	0	2	0.3077	0.0901	0.0868
ENSG00000227193.2	AC244453.1	lncRNA	0	0	0	0.0000	0.0000	0.0000
ENSG00000227195.11	MIR663AHG	lncRNA	0	0	0	0.0000	0.0000	0.0000
ENSG00000227196.1	IGHD4-23	IG_D_gene	0	0	0	0.0000	0.0000	0.0000
ENSG00000227197.1	AC009365.3	lncRNA	0	0	0	0.0000	0.0000	0.0000
ENSG00000227198.1	C6orf47-AS1	lncRNA	0	173	168	0.0000	0.0000	0.0000
ENSG00000227199.1	ST7-AS1	lncRNA	6	105	118	0.2697	0.0790	0.0761
ENSG00000227200.1	AL162724.1	lncRNA	0	0	0	0.0000	0.0000	0.0000
ENSG00000227201.2	CNN2P1	processed_pseudogene	2	0	2	0.1850	0.0542	0.0522
ENSG00000227203.3	SUB1P1	processed_pseudogene	3	0	3	0.6669	0.1953	0.1881
ENSG00000227204.1	RBMY2JP	unprocessed_pseudogene	0	0	0	0.0000	0.0000	0.0000
ENSG00000227205.4	PFN1P9	processed_pseudogene	0	0	0	0.0000	0.0000	0.0000
ENSG00000227206.1	AL645937.2	lncRNA	0	0	0	0.0000	0.0000	0.0000
ENSG00000227207.2	RPL31P12	processed_pseudogene	0	0	0	0.0000	0.0000	0.0000
ENSG00000227209.1	WARS2P1	processed_pseudogene	0	0	0	0.0000	0.0000	0.0000
ENSG00000227210.2	AC079145.1	lncRNA	5	18	6	0.1102	0.0323	0.0311
ENSG00000227211.2	H3P45	processed_pseudogene	0	0	0	0.0000	0.0000	0.0000
ENSG00000227212.3	PFN1P6	processed_pseudogene	0	5	7	0.0000	0.0000	0.0000
ENSG00000227213.1	SPATA13-AS1	lncRNA	1	1	0	0.1961	0.0574	0.0553
ENSG00000227214.2	HCG15	lncRNA	5	2	3	0.4114	0.1205	0.1160
ENSG00000227215.1	AL355613.1	lncRNA	1	1	0	0.1769	0.0518	0.0499
ENSG00000227217.1	AL356276.1	lncRNA	0	7	4	0.0000	0.0000	0.0000
ENSG00000227218.7	AL157935.1	lncRNA	30	123	130	1.0110	0.2961	0.2851
ENSG00000227220.1	AL133346.1	lncRNA	8	3	7	1.3725	0.4020	0.3871
ENSG00000227224.1	AC092035.1	processed_pseudogene	0	0	0	0.0000	0.0000	0.0000
ENSG00000227225.1	MTND1P14	unprocessed_pseudogene	0	0	0	0.0000	0.0000	0.0000
ENSG00000227227.1	AC017101.1	lncRNA	0	282	290	0.0000	0.0000	0.0000
ENSG00000227230.1	AL606534.1	lncRNA	3	170	188	0.3671	0.1075	0.1035
ENSG00000227232.5	WASH7P	unprocessed_pseudogene	11	6	5	0.6914	0.2025	0.1950
ENSG00000227233.1	CICP17	processed_pseudogene	0	0	0	0.0000	0.0000	0.0000
ENSG00000227234.2	SPANXB1	protein_coding	0	0	0	0.0000	0.0000	0.0000
ENSG00000227236.2	AL583844.1	processed_pseudogene	0	0	0	0.0000	0.0000	0.0000
ENSG00000227237.1	AL672291.1	lncRNA	0	0	0	0.0000	0.0000	0.0000
ENSG00000227238.1	TTC39DP	unitary_pseudogene	0	0	0	0.0000	0.0000	0.0000
ENSG00000227240.2	AL136456.1	lncRNA	0	0	0	0.0000	0.0000	0.0000
ENSG00000227241.1	AC011998.1	processed_pseudogene	0	0	0	0.0000	0.0000	0.0000
ENSG00000227242.4	AC244394.2	unprocessed_pseudogene	13	6	7	0.6192	0.1814	0.1746
ENSG00000227243.3	SLAMF6P1	unprocessed_pseudogene	0	0	0	0.0000	0.0000	0.0000
ENSG00000227244.2	LINC00845	lncRNA	0	0	0	0.0000	0.0000	0.0000
ENSG00000227245.1	AC092042.1	lncRNA	0	0	0	0.0000	0.0000	0.0000
ENSG00000227247.1	TRIM60P13	processed_pseudogene	0	0	0	0.0000	0.0000	0.0000
ENSG00000227248.1	FAM155A-IT1	lncRNA	0	0	0	0.0000	0.0000	0.0000
ENSG00000227249.1	AC000374.1	processed_pseudogene	0	0	0	0.0000	0.0000	0.0000
ENSG00000227251.1	TRIM60P9Y	processed_pseudogene	0	0	0	0.0000	0.0000	0.0000
ENSG00000227252.2	AC012063.1	lncRNA	63	27	37	0.4085	0.1197	0.1152
ENSG00000227253.3	AL158834.2	lncRNA	1	109	125	0.0766	0.0224	0.0216
ENSG00000227254.1	VDAC1P12	processed_pseudogene	0	0	0	0.0000	0.0000	0.0000
ENSG00000227255.1	CDRT15P2	unprocessed_pseudogene	0	0	0	0.0000	0.0000	0.0000
ENSG00000227256.1	MIS18A-AS1	lncRNA	2	1	1	0.2209	0.0647	0.0623
ENSG00000227257.1	AL158827.1	processed_pseudogene	0	1	0	0.0000	0.0000	0.0000
ENSG00000227258.6	SMIM2-AS1	lncRNA	39	31	30	0.6390	0.1872	0.1802
ENSG00000227259.2	HMGN2P22	processed_pseudogene	0	0	0	0.0000	0.0000	0.0000
ENSG00000227260.2	LINC01985	lncRNA	0	1	0	0.0000	0.0000	0.0000
ENSG00000227261.1	YWHAZP7	processed_pseudogene	0	0	0	0.0000	0.0000	0.0000
ENSG00000227262.3	HCG4B	unprocessed_pseudogene	2	20	17	0.1714	0.0502	0.0483
ENSG00000227264.3	ACTR3BP5	processed_pseudogene	0	0	0	0.0000	0.0000	0.0000
ENSG00000227265.2	GXYLT1P7	processed_pseudogene	0	0	0	0.0000	0.0000	0.0000
ENSG00000227267.3	AC072039.1	processed_pseudogene	0	0	0	0.0000	0.0000	0.0000
ENSG00000227268.5	KLLN	protein_coding	62	29	33	1.2032	0.3524	0.3394
ENSG00000227269.1	AL162427.1	lncRNA	0	0	0	0.0000	0.0000	0.0000
ENSG00000227270.1	AC009963.1	unprocessed_pseudogene	0	0	0	0.0000	0.0000	0.0000
ENSG00000227271.1	RPL39P25	processed_pseudogene	0	0	0	0.0000	0.0000	0.0000
ENSG00000227274.1	MYOCD-AS1	lncRNA	0	0	0	0.0000	0.0000	0.0000
ENSG00000227275.1	MTND6P10	unprocessed_pseudogene	0	0	0	0.0000	0.0000	0.0000
ENSG00000227278.1	AL603839.1	lncRNA	0	63	60	0.0000	0.0000	0.0000
ENSG00000227279.1	AC110015.1	lncRNA	2	63	58	0.3860	0.1131	0.1089
ENSG00000227282.1	AL389889.1	lncRNA	0	0	0	0.0000	0.0000	0.0000
ENSG00000227283.1	RPL35AP12	processed_pseudogene	0	0	0	0.0000	0.0000	0.0000
ENSG00000227284.2	MARK2P10	processed_pseudogene	0	0	0	0.0000	0.0000	0.0000
ENSG00000227288.3	ARID3BP1	processed_pseudogene	2	2	0	0.1014	0.0297	0.0286
ENSG00000227289.2	HSFY3P	transcribed_unprocessed_pseudogene	0	0	0	0.0000	0.0000	0.0000
ENSG00000227290.2	LINC01364	lncRNA	0	0	0	0.0000	0.0000	0.0000
ENSG00000227291.1	AC092170.1	processed_pseudogene	0	0	0	0.0000	0.0000	0.0000
ENSG00000227292.1	AC009229.1	lncRNA	0	0	0	0.0000	0.0000	0.0000
ENSG00000227293.1	AC118345.1	lncRNA	0	0	0	0.0000	0.0000	0.0000
ENSG00000227294.1	AC016994.1	lncRNA	0	0	0	0.0000	0.0000	0.0000
ENSG00000227295.2	ELL2P1	processed_pseudogene	5	3	2	0.2228	0.0653	0.0628
ENSG00000227297.1	AL035541.1	lncRNA	202	110	92	20.8432	6.1053	5.8789
ENSG00000227298.1	ARAFP3	processed_pseudogene	0	0	0	0.0000	0.0000	0.0000
ENSG00000227300.12	KRT16P2	transcribed_unprocessed_pseudogene	0	0	0	0.0000	0.0000	0.0000
ENSG00000227301.1	AL356489.1	lncRNA	0	0	0	0.0000	0.0000	0.0000
ENSG00000227302.1	SSXP9	unprocessed_pseudogene	0	0	0	0.0000	0.0000	0.0000
ENSG00000227303.1	AC239727.1	lncRNA	0	0	0	0.0000	0.0000	0.0000
ENSG00000227304.3	AC067942.1	transcribed_processed_pseudogene	1	0	1	0.0569	0.0167	0.0160
ENSG00000227305.2	AC073188.2	lncRNA	0	0	0	0.0000	0.0000	0.0000
ENSG00000227306.1	LINC02708	lncRNA	0	0	0	0.0000	0.0000	0.0000
ENSG00000227307.1	AC010998.1	lncRNA	0	0	0	0.0000	0.0000	0.0000
ENSG00000227308.2	LINC02832	lncRNA	1	1	0	0.0288	0.0084	0.0081
ENSG00000227309.1	AC140076.1	processed_pseudogene	0	0	0	0.0000	0.0000	0.0000
ENSG00000227311.3	AL031985.2	processed_pseudogene	7	6	1	1.2384	0.3628	0.3493
ENSG00000227312.2	AL445686.1	processed_pseudogene	0	0	0	0.0000	0.0000	0.0000
ENSG00000227313.1	LINC02630	lncRNA	0	0	0	0.0000	0.0000	0.0000
ENSG00000227321.2	MTND4P15	unprocessed_pseudogene	0	0	0	0.0000	0.0000	0.0000
ENSG00000227329.2	AL139396.1	processed_pseudogene	4	3	1	2.0340	0.5958	0.5737
ENSG00000227330.1	AF130417.1	lncRNA	0	0	0	0.0000	0.0000	0.0000
ENSG00000227331.1	RPL7AP22	processed_pseudogene	3	2	1	0.3185	0.0933	0.0898
ENSG00000227335.1	IGHJ1P	IG_J_pseudogene	0	0	0	0.0000	0.0000	0.0000
ENSG00000227336.1	LINC00434	lncRNA	0	0	0	0.0000	0.0000	0.0000
ENSG00000227337.1	RPL23AP43	processed_pseudogene	8	5	3	1.4424	0.4225	0.4068
ENSG00000227338.2	AL139280.1	lncRNA	0	0	0	0.0000	0.0000	0.0000
ENSG00000227339.1	THRAP3P1	processed_pseudogene	3	2	1	0.0914	0.0268	0.0258
ENSG00000227342.1	LINC00307	lncRNA	1	1	0	0.2003	0.0587	0.0565
ENSG00000227343.1	RPL15P1	processed_pseudogene	0	0	0	0.0000	0.0000	0.0000
ENSG00000227344.2	HAUS6P1	processed_pseudogene	7	1	6	0.3833	0.1123	0.1081
ENSG00000227345.8	PARG	protein_coding	1022	508	514	16.9212	4.9565	4.7727
ENSG00000227347.1	HNRNPKP2	processed_pseudogene	15	10	5	0.9164	0.2684	0.2585
ENSG00000227348.1	MTND5P25	unprocessed_pseudogene	0	0	0	0.0000	0.0000	0.0000
ENSG00000227349.1	CEACAMP7	unprocessed_pseudogene	0	0	0	0.0000	0.0000	0.0000
ENSG00000227350.1	PPIAP88	processed_pseudogene	1	1	0	0.1822	0.0534	0.0514
ENSG00000227351.2	NANOGP6	processed_pseudogene	0	0	0	0.0000	0.0000	0.0000
ENSG00000227352.1	ARHGEF7-AS1	lncRNA	0	0	0	0.0000	0.0000	0.0000
ENSG00000227353.1	RAB28P3	processed_pseudogene	0	0	0	0.0000	0.0000	0.0000
ENSG00000227354.7	RBM26-AS1	lncRNA	84	46	51	1.0565	0.3095	0.2980
ENSG00000227355.3	AL359644.1	lncRNA	10	12	21	0.4663	0.1366	0.1315
ENSG00000227356.2	LINC00866	lncRNA	7	2	5	1.4221	0.4166	0.4011
ENSG00000227358.1	AL354861.1	processed_pseudogene	0	0	0	0.0000	0.0000	0.0000
ENSG00000227359.1	AC017074.1	lncRNA	2	1	1	0.3027	0.0887	0.0854
ENSG00000227360.2	AL512658.1	lncRNA	0	0	0	0.0000	0.0000	0.0000
ENSG00000227361.1	RPS24P7	processed_pseudogene	3	0	3	1.0356	0.3033	0.2921
ENSG00000227364.1	AC018685.1	lncRNA	0	0	0	0.0000	0.0000	0.0000
ENSG00000227365.1	AC008060.2	lncRNA	0	0	0	0.0000	0.0000	0.0000
ENSG00000227367.1	SLC9B1P4	unprocessed_pseudogene	0	0	0	0.0000	0.0000	0.0000
ENSG00000227368.1	CDK8P2	processed_pseudogene	0	0	0	0.0000	0.0000	0.0000
ENSG00000227370.1	AC254562.1	processed_pseudogene	0	0	0	0.0000	0.0000	0.0000
ENSG00000227371.1	AC074085.1	processed_pseudogene	0	0	0	0.0000	0.0000	0.0000
ENSG00000227372.12	TP73-AS1	transcribed_unitary_pseudogene	363	200	206	3.1776	0.9308	0.8963
ENSG00000227373.6	RABGAP1L-DT	lncRNA	5	2	3	0.0541	0.0159	0.0153
ENSG00000227374.1	AL157832.1	lncRNA	0	0	0	0.0000	0.0000	0.0000
ENSG00000227375.6	DLG1-AS1	lncRNA	0	8	11	0.0000	0.0000	0.0000
ENSG00000227376.1	FTH1P16	processed_pseudogene	112	65	47	17.2302	5.0470	4.8599
ENSG00000227379.2	PPIAP2	processed_pseudogene	10	4	6	1.7260	0.5056	0.4868
ENSG00000227382.1	EIF4A2P2	processed_pseudogene	10	10	0	0.7936	0.2325	0.2239
ENSG00000227383.1	RPL35AP2	processed_pseudogene	0	0	0	0.0000	0.0000	0.0000
ENSG00000227386.1	AC091705.1	lncRNA	0	0	0	0.0000	0.0000	0.0000
ENSG00000227388.3	AL133410.1	lncRNA	10	5	5	0.2074	0.0608	0.0585
ENSG00000227391.1	SALL1P1	processed_pseudogene	0	0	0	0.0000	0.0000	0.0000
ENSG00000227392.2	HPN-AS1	lncRNA	2	5	7	0.0359	0.0105	0.0101
ENSG00000227393.1	AL031575.1	processed_pseudogene	0	0	0	0.0000	0.0000	0.0000
ENSG00000227394.1	RPL11P1	processed_pseudogene	2	0	2	0.2918	0.0855	0.0823
ENSG00000227395.1	EIF2AP4	processed_pseudogene	0	0	0	0.0000	0.0000	0.0000
ENSG00000227397.1	AC079355.2	processed_pseudogene	0	0	0	0.0000	0.0000	0.0000
ENSG00000227398.4	KIF9-AS1	lncRNA	21	37	33	0.2552	0.0748	0.0720
ENSG00000227399.1	AL391219.1	processed_pseudogene	0	0	0	0.0000	0.0000	0.0000
ENSG00000227400.2	AC012501.2	lncRNA	0	0	0	0.0000	0.0000	0.0000
ENSG00000227401.1	RPL37P1	processed_pseudogene	0	0	0	0.0000	0.0000	0.0000
ENSG00000227403.2	LINC01806	lncRNA	8	5	6	0.2728	0.0799	0.0770
ENSG00000227404.1	KRT8P20	processed_pseudogene	0	0	0	0.0000	0.0000	0.0000
ENSG00000227406.1	RNF6P1	processed_pseudogene	0	0	0	0.0000	0.0000	0.0000
ENSG00000227407.1	AC245884.1	lncRNA	0	0	1	0.0000	0.0000	0.0000
ENSG00000227408.1	AMYP1	unprocessed_pseudogene	0	0	0	0.0000	0.0000	0.0000
ENSG00000227409.1	ZMYM4-AS1	lncRNA	0	56	55	0.0000	0.0000	0.0000
ENSG00000227411.1	ACNATP	unitary_pseudogene	7	4	3	0.4853	0.1421	0.1369
ENSG00000227412.1	STK33P1	processed_pseudogene	0	0	0	0.0000	0.0000	0.0000
ENSG00000227413.1	AL022238.1	processed_pseudogene	3	2	1	0.7176	0.2102	0.2024
ENSG00000227416.2	AL929472.1	processed_pseudogene	0	0	0	0.0000	0.0000	0.0000
ENSG00000227417.3	AC114402.1	processed_pseudogene	1	1	1	0.1321	0.0387	0.0373
ENSG00000227418.6	PCGEM1	lncRNA	0	0	0	0.0000	0.0000	0.0000
ENSG00000227421.2	LINC01724	lncRNA	0	0	0	0.0000	0.0000	0.0000
ENSG00000227423.2	OR10U1P	unprocessed_pseudogene	0	0	0	0.0000	0.0000	0.0000
ENSG00000227425.1	MRPS21P2	processed_pseudogene	3	2	1	0.9650	0.2827	0.2722
ENSG00000227426.1	VN1R33P	unitary_pseudogene	0	0	0	0.0000	0.0000	0.0000
ENSG00000227427.1	MDH1P1	processed_pseudogene	0	0	0	0.0000	0.0000	0.0000
ENSG00000227430.1	H3P9	processed_pseudogene	0	0	0	0.0000	0.0000	0.0000
ENSG00000227431.6	CSE1L-AS1	lncRNA	2	1	1	0.2498	0.0732	0.0704
ENSG00000227432.1	ASIC4-AS1	lncRNA	0	0	0	0.0000	0.0000	0.0000
ENSG00000227433.1	AC090018.1	processed_pseudogene	0	0	0	0.0000	0.0000	0.0000
ENSG00000227434.2	RNF19BPX	processed_pseudogene	0	0	0	0.0000	0.0000	0.0000
ENSG00000227436.1	FCF1P1	processed_pseudogene	1	0	1	0.1487	0.0436	0.0419
ENSG00000227437.1	RPS8P4	processed_pseudogene	0	0	0	0.0000	0.0000	0.0000
ENSG00000227438.1	AP001471.1	lncRNA	2	0	2	0.2527	0.0740	0.0713
ENSG00000227439.1	TTTY17B	lncRNA	0	0	0	0.0000	0.0000	0.0000
ENSG00000227440.1	ATP5MC1P4	processed_pseudogene	7	2	5	1.3479	0.3948	0.3802
ENSG00000227443.2	H3P30	processed_pseudogene	0	0	0	0.0000	0.0000	0.0000
ENSG00000227444.1	AC007322.1	unprocessed_pseudogene	0	0	0	0.0000	0.0000	0.0000
ENSG00000227445.1	OR10R1P	unprocessed_pseudogene	0	0	0	0.0000	0.0000	0.0000
ENSG00000227447.1	XGY1	unprocessed_pseudogene	0	0	0	0.0000	0.0000	0.0000
ENSG00000227449.8	FGF7P6	transcribed_unprocessed_pseudogene	0	1	2	0.0000	0.0000	0.0000
ENSG00000227453.1	HNRNPA1P63	processed_pseudogene	2	1	1	0.1764	0.0517	0.0497
ENSG00000227454.2	MTND4P30	unprocessed_pseudogene	0	0	0	0.0000	0.0000	0.0000
ENSG00000227455.3	AL450345.1	lncRNA	0	0	0	0.0000	0.0000	0.0000
ENSG00000227456.9	LINC00310	lncRNA	22	8	14	0.5696	0.1668	0.1607
ENSG00000227459.1	AC079612.2	lncRNA	0	0	0	0.0000	0.0000	0.0000
ENSG00000227462.1	PSME2P6	processed_pseudogene	3	1	2	0.7791	0.2282	0.2197
ENSG00000227463.3	AL390838.1	lncRNA	0	0	0	0.0000	0.0000	0.0000
ENSG00000227465.1	GPN3P1	processed_pseudogene	0	0	0	0.0000	0.0000	0.0000
ENSG00000227466.1	PDE4B-AS1	lncRNA	0	0	0	0.0000	0.0000	0.0000
ENSG00000227467.3	LINC01537	lncRNA	8	1	7	0.2773	0.0812	0.0782
ENSG00000227470.1	RPL39P16	processed_pseudogene	3	1	2	1.6651	0.4877	0.4697
ENSG00000227471.9	AKR1B15	protein_coding	0	0	0	0.0000	0.0000	0.0000
ENSG00000227473.1	TSSK5P	unitary_pseudogene	37	16	21	3.4642	1.0147	0.9771
ENSG00000227474.1	RPL6P24	processed_pseudogene	0	8	9	0.0000	0.0000	0.0000
ENSG00000227475.1	AL355300.1	lncRNA	0	0	0	0.0000	0.0000	0.0000
ENSG00000227477.1	STK4-AS1	lncRNA	20	12	8	0.8225	0.2409	0.2320
ENSG00000227479.1	AC124861.1	lncRNA	0	0	0	0.0000	0.0000	0.0000
ENSG00000227480.2	CCDC148-AS1	lncRNA	0	2	4	0.0000	0.0000	0.0000
ENSG00000227481.1	AC008080.2	lncRNA	0	0	0	0.0000	0.0000	0.0000
ENSG00000227482.1	AL157702.2	lncRNA	2	1	1	0.1389	0.0407	0.0392
ENSG00000227484.1	CR559946.1	lncRNA	0	76	68	0.0000	0.0000	0.0000
ENSG00000227485.1	AL162400.1	lncRNA	0	0	0	0.0000	0.0000	0.0000
ENSG00000227486.2	AL050309.1	lncRNA	61	29	32	0.4156	0.1217	0.1172
ENSG00000227487.4	NCAM1-AS1	lncRNA	0	1	0	0.0000	0.0000	0.0000
ENSG00000227488.2	GAGE12D	protein_coding	0	0	0	0.0000	0.0000	0.0000
ENSG00000227489.1	AC006458.1	lncRNA	0	0	0	0.0000	0.0000	0.0000
ENSG00000227491.1	CCNJP1	processed_pseudogene	0	0	0	0.0000	0.0000	0.0000
ENSG00000227492.2	AL138921.1	lncRNA	9	53	54	0.5962	0.1746	0.1682
ENSG00000227493.1	AC239367.1	unprocessed_pseudogene	0	0	0	0.0000	0.0000	0.0000
ENSG00000227494.2	USP9YP14	unprocessed_pseudogene	0	0	0	0.0000	0.0000	0.0000
ENSG00000227495.1	KIF1C-AS1	lncRNA	6	310	307	0.8740	0.2560	0.2465
ENSG00000227496.3	AC099066.2	lncRNA	16	8	8	0.3831	0.1122	0.1080
ENSG00000227497.1	PABPC1P6	processed_pseudogene	0	0	0	0.0000	0.0000	0.0000
ENSG00000227498.2	AC018359.1	lncRNA	0	0	0	0.0000	0.0000	0.0000
ENSG00000227499.1	AC092647.2	processed_pseudogene	0	0	0	0.0000	0.0000	0.0000
ENSG00000227500.10	SCAMP4	protein_coding	4068	2009	2060	50.8398	14.8918	14.3397
ENSG00000227502.3	MROCKI	lncRNA	6	4	2	0.1849	0.0542	0.0522
ENSG00000227505.1	AC016925.1	processed_pseudogene	0	0	0	0.0000	0.0000	0.0000
ENSG00000227507.3	LTB	protein_coding	546	267	281	30.2062	8.8479	8.5198
ENSG00000227508.6	LINC01624	lncRNA	2	0	2	0.0470	0.0138	0.0133
ENSG00000227509.1	LINC01839	lncRNA	0	0	0	0.0000	0.0000	0.0000
ENSG00000227510.4	LINC01442	lncRNA	0	0	0	0.0000	0.0000	0.0000
ENSG00000227511.1	AC005297.1	unprocessed_pseudogene	0	0	0	0.0000	0.0000	0.0000
ENSG00000227512.1	AL592301.1	lncRNA	2	0	2	0.1966	0.0576	0.0554
ENSG00000227513.1	ILRUNP1	processed_pseudogene	0	0	0	0.0000	0.0000	0.0000
ENSG00000227514.3	AC107890.1	processed_pseudogene	0	0	1	0.0000	0.0000	0.0000
ENSG00000227515.3	C1DP4	processed_pseudogene	0	0	0	0.0000	0.0000	0.0000
ENSG00000227516.1	AL160163.1	lncRNA	0	0	0	0.0000	0.0000	0.0000
ENSG00000227517.7	LINC01483	lncRNA	5	2	3	0.0953	0.0279	0.0269
ENSG00000227518.5	MIR1302-9HG	lncRNA	0	0	0	0.0000	0.0000	0.0000
ENSG00000227519.1	AL008719.1	lncRNA	0	0	0	0.0000	0.0000	0.0000
ENSG00000227521.2	TUBB4BP8	processed_pseudogene	0	0	0	0.0000	0.0000	0.0000
ENSG00000227523.1	RPS20P15	processed_pseudogene	0	0	0	0.0000	0.0000	0.0000
ENSG00000227525.4	RPL7P6	processed_pseudogene	18	12	6	2.0712	0.6067	0.5842
ENSG00000227527.2	AC096540.1	lncRNA	15	8	7	1.9271	0.5645	0.5435
ENSG00000227528.6	DIAPH3-AS1	lncRNA	0	12	5	0.0000	0.0000	0.0000
ENSG00000227531.1	AL162414.1	lncRNA	1	0	1	0.1141	0.0334	0.0322
ENSG00000227532.1	AC002542.1	processed_pseudogene	0	0	0	0.0000	0.0000	0.0000
ENSG00000227533.6	SLC2A1-AS1	lncRNA	5	7	8	0.0993	0.0291	0.0280
ENSG00000227534.1	AP1M2P1	processed_pseudogene	0	0	0	0.0000	0.0000	0.0000
ENSG00000227535.2	AL357315.1	lncRNA	0	0	0	0.0000	0.0000	0.0000
ENSG00000227536.1	SOCS5P4	processed_pseudogene	4	3	1	0.2169	0.0635	0.0612
ENSG00000227537.1	AL139281.1	processed_pseudogene	0	0	0	0.0000	0.0000	0.0000
ENSG00000227538.1	HNRNPFP1	processed_pseudogene	1	0	1	0.0750	0.0220	0.0211
ENSG00000227540.1	DNAJC9-AS1	lncRNA	28	23	37	2.5295	0.7409	0.7135
ENSG00000227541.1	SFR1P1	processed_pseudogene	0	0	0	0.0000	0.0000	0.0000
ENSG00000227542.1	AC092614.1	lncRNA	13	8	5	1.2145	0.3557	0.3426
ENSG00000227543.5	SPAG5-AS1	lncRNA	8	1128	1152	0.1771	0.0519	0.0500
ENSG00000227544.10	AC018647.1	lncRNA	4	2	2	0.0505	0.0148	0.0142
ENSG00000227545.1	AC006455.2	processed_pseudogene	0	0	0	0.0000	0.0000	0.0000
ENSG00000227547.3	OR4A2P	unprocessed_pseudogene	0	0	0	0.0000	0.0000	0.0000
ENSG00000227549.2	AC116035.1	lncRNA	0	0	1	0.0000	0.0000	0.0000
ENSG00000227550.2	TRBV7-5	TR_V_pseudogene	0	0	0	0.0000	0.0000	0.0000
ENSG00000227551.1	USP17L12	protein_coding	0	0	0	0.0000	0.0000	0.0000
ENSG00000227554.1	AL590422.1	lncRNA	0	0	0	0.0000	0.0000	0.0000
ENSG00000227555.1	MIR4290HG	lncRNA	0	0	0	0.0000	0.0000	0.0000
ENSG00000227556.1	AC096531.1	unprocessed_pseudogene	0	0	0	0.0000	0.0000	0.0000
ENSG00000227557.1	MTND3P9	processed_pseudogene	0	0	0	0.0000	0.0000	0.0000
ENSG00000227560.1	RPS15AP30	processed_pseudogene	0	0	0	0.0000	0.0000	0.0000
ENSG00000227562.1	AC074257.1	lncRNA	0	0	0	0.0000	0.0000	0.0000
ENSG00000227563.1	RNF11P2	processed_pseudogene	0	0	0	0.0000	0.0000	0.0000
ENSG00000227564.3	LINC00376	lncRNA	0	0	0	0.0000	0.0000	0.0000
ENSG00000227568.1	SNX18P26	processed_pseudogene	23	13	10	2.6394	0.7731	0.7445
ENSG00000227573.2	AC004986.1	processed_pseudogene	0	0	0	0.0000	0.0000	0.0000
ENSG00000227574.2	AC112229.2	lncRNA	0	0	0	0.0000	0.0000	0.0000
ENSG00000227578.1	RPS3AP53	processed_pseudogene	1	0	1	0.1092	0.0320	0.0308
ENSG00000227579.6	AL136114.1	lncRNA	0	0	0	0.0000	0.0000	0.0000
ENSG00000227581.2	STAU2P1	processed_pseudogene	0	0	0	0.0000	0.0000	0.0000
ENSG00000227582.2	ADGRF5P1	transcribed_processed_pseudogene	0	0	0	0.0000	0.0000	0.0000
ENSG00000227583.1	RPS3AP37	processed_pseudogene	1	0	1	0.1140	0.0334	0.0322
ENSG00000227584.2	MTND4P5	unprocessed_pseudogene	0	0	0	0.0000	0.0000	0.0000
ENSG00000227585.2	AL360013.1	processed_pseudogene	0	0	0	0.0000	0.0000	0.0000
ENSG00000227586.5	RPS26P39	processed_pseudogene	4	2	2	0.9961	0.2918	0.2810
ENSG00000227588.2	CNTN4-AS2	lncRNA	0	0	0	0.0000	0.0000	0.0000
ENSG00000227589.1	TP73-AS3	lncRNA	0	0	0	0.0000	0.0000	0.0000
ENSG00000227590.2	ATP5MC1P5	processed_pseudogene	0	0	0	0.0000	0.0000	0.0000
ENSG00000227591.5	HSD11B1-AS1	lncRNA	1	0	1	0.1780	0.0521	0.0502
ENSG00000227592.1	PIGFP3	processed_pseudogene	0	0	0	0.0000	0.0000	0.0000
ENSG00000227593.2	PHBP16	processed_pseudogene	0	0	0	0.0000	0.0000	0.0000
ENSG00000227597.1	WASF1P1	processed_pseudogene	0	0	0	0.0000	0.0000	0.0000
ENSG00000227598.1	Z94721.1	lncRNA	2	0	2	0.4411	0.1292	0.1244
ENSG00000227599.1	PTPRT-AS1	lncRNA	0	0	0	0.0000	0.0000	0.0000
ENSG00000227602.1	AL031779.1	lncRNA	0	0	0	0.0000	0.0000	0.0000
ENSG00000227604.3	TOMM22P3	processed_pseudogene	0	0	0	0.0000	0.0000	0.0000
ENSG00000227606.2	AC005392.1	lncRNA	0	0	0	0.0000	0.0000	0.0000
ENSG00000227607.2	SUMO2P2	processed_pseudogene	0	0	0	0.0000	0.0000	0.0000
ENSG00000227609.2	TMEM183AP1	processed_pseudogene	0	0	0	0.0000	0.0000	0.0000
ENSG00000227610.1	FRMPD3-AS1	lncRNA	1	1	0	0.1858	0.0544	0.0524
ENSG00000227611.1	LINC01074	lncRNA	0	0	0	0.0000	0.0000	0.0000
ENSG00000227613.1	QRSL1P2	processed_pseudogene	1	1	0	0.0881	0.0258	0.0248
ENSG00000227615.1	AP001324.1	processed_pseudogene	164	69	95	34.9046	10.2241	9.8451
ENSG00000227616.1	AC063976.3	unprocessed_pseudogene	0	0	0	0.0000	0.0000	0.0000
ENSG00000227617.9	CERS6-AS1	lncRNA	3	1286	1344	0.0591	0.0173	0.0167
ENSG00000227619.3	AL391056.1	lncRNA	3	1	2	0.0676	0.0198	0.0191
ENSG00000227620.4	ALG1L8P	unprocessed_pseudogene	1	8	9	0.1117	0.0327	0.0315
ENSG00000227621.1	PHBP11	processed_pseudogene	5	3	2	0.5248	0.1537	0.1480
ENSG00000227623.1	AC010881.1	processed_pseudogene	0	0	0	0.0000	0.0000	0.0000
ENSG00000227624.2	SNRPEP3	processed_pseudogene	1	1	0	0.3077	0.0901	0.0868
ENSG00000227625.2	AL359510.1	processed_pseudogene	0	0	0	0.0000	0.0000	0.0000
ENSG00000227627.3	AL080276.2	lncRNA	4	83	66	0.0998	0.0292	0.0282
ENSG00000227629.1	SLC25A15P1	unprocessed_pseudogene	0	0	0	0.0000	0.0000	0.0000
ENSG00000227630.4	LINC01132	lncRNA	9	3	6	0.1504	0.0440	0.0424
ENSG00000227632.2	AC018804.1	unprocessed_pseudogene	14	4	11	1.9238	0.5635	0.5426
ENSG00000227633.1	RBMY2YP	unprocessed_pseudogene	0	0	0	0.0000	0.0000	0.0000
ENSG00000227634.3	LINC01714	lncRNA	0	0	0	0.0000	0.0000	0.0000
ENSG00000227635.1	USP9YP21	unprocessed_pseudogene	0	0	0	0.0000	0.0000	0.0000
ENSG00000227638.2	HNRNPA1P14	processed_pseudogene	2	1	1	0.1816	0.0532	0.0512
ENSG00000227640.3	SOX21-AS1	lncRNA	1	0	1	0.0175	0.0051	0.0049
ENSG00000227644.2	HIGD1AP11	processed_pseudogene	0	2	3	0.0000	0.0000	0.0000
ENSG00000227645.2	RPL7P54	processed_pseudogene	0	0	0	0.0000	0.0000	0.0000
ENSG00000227646.7	STEAP2-AS1	lncRNA	0	0	0	0.0000	0.0000	0.0000
ENSG00000227649.1	MTND6P32	processed_pseudogene	0	0	0	0.0000	0.0000	0.0000
ENSG00000227653.1	ISCA1P6	processed_pseudogene	2	0	2	0.4355	0.1276	0.1228
ENSG00000227657.1	SERPINA7P1	unprocessed_pseudogene	0	0	0	0.0000	0.0000	0.0000
ENSG00000227658.1	AC005160.1	lncRNA	0	0	0	0.0000	0.0000	0.0000
ENSG00000227659.1	CLYBL-AS2	lncRNA	1	1	0	0.1222	0.0358	0.0345
ENSG00000227660.1	UST-AS1	lncRNA	0	1	4	0.0000	0.0000	0.0000
ENSG00000227661.1	MTCO3P18	unprocessed_pseudogene	0	0	0	0.0000	0.0000	0.0000
ENSG00000227663.1	RPL7P2	processed_pseudogene	0	0	0	0.0000	0.0000	0.0000
ENSG00000227666.1	CYCSP24	processed_pseudogene	1	1	0	0.2687	0.0787	0.0758
ENSG00000227667.1	AL392003.1	processed_pseudogene	0	0	0	0.0000	0.0000	0.0000
ENSG00000227671.4	AL390728.4	transcribed_unprocessed_pseudogene	166	90	76	6.5263	1.9117	1.8408
ENSG00000227673.1	AL162734.1	lncRNA	0	0	0	0.0000	0.0000	0.0000
ENSG00000227674.3	LINC00355	lncRNA	0	0	0	0.0000	0.0000	0.0000
ENSG00000227676.4	LINC01068	lncRNA	0	0	0	0.0000	0.0000	0.0000
ENSG00000227678.8	AL355581.1	lncRNA	4	15	26	0.1011	0.0296	0.0285
ENSG00000227679.1	AL133173.1	processed_pseudogene	0	0	0	0.0000	0.0000	0.0000
ENSG00000227680.1	AC108051.1	lncRNA	0	0	0	0.0000	0.0000	0.0000
ENSG00000227681.5	AL033504.1	lncRNA	0	0	0	0.0000	0.0000	0.0000
ENSG00000227682.2	ATP5F1AP2	transcribed_processed_pseudogene	4	2	2	0.6767	0.1982	0.1909
ENSG00000227683.1	AL358394.1	lncRNA	1	1	0	0.1587	0.0465	0.0448
ENSG00000227684.2	CROCCP4	transcribed_unprocessed_pseudogene	0	0	0	0.0000	0.0000	0.0000
ENSG00000227685.1	LINC02088	lncRNA	1	1	0	0.1370	0.0401	0.0386
ENSG00000227687.1	AL713965.1	lncRNA	0	0	0	0.0000	0.0000	0.0000
ENSG00000227688.2	HNRNPA3P2	unprocessed_pseudogene	0	0	0	0.0000	0.0000	0.0000
ENSG00000227689.1	SRP68P2	processed_pseudogene	2	1	4	0.6687	0.1959	0.1886
ENSG00000227692.1	MED28P3	processed_pseudogene	1	0	1	0.1599	0.0468	0.0451
ENSG00000227693.1	GSTM3P1	processed_pseudogene	0	0	0	0.0000	0.0000	0.0000
ENSG00000227694.1	RPL23AP74	processed_pseudogene	1	2	17	0.1803	0.0528	0.0509
ENSG00000227695.6	DNMBP-AS1	lncRNA	1	84	91	0.0283	0.0083	0.0080
ENSG00000227698.1	AP001619.1	lncRNA	1	0	1	0.1900	0.0556	0.0536
ENSG00000227700.1	AC239809.2	processed_pseudogene	0	1	0	0.0000	0.0000	0.0000
ENSG00000227702.1	LINC00111	lncRNA	0	0	0	0.0000	0.0000	0.0000
ENSG00000227704.1	AL354892.1	lncRNA	0	2	0	0.0000	0.0000	0.0000
ENSG00000227705.1	AL391097.2	lncRNA	0	0	0	0.0000	0.0000	0.0000
ENSG00000227706.4	AL713998.1	lncRNA	0	0	0	0.0000	0.0000	0.0000
ENSG00000227707.1	SDAD1P3	processed_pseudogene	0	0	0	0.0000	0.0000	0.0000
ENSG00000227708.1	LINC01850	lncRNA	0	0	0	0.0000	0.0000	0.0000
ENSG00000227709.4	AC091607.1	processed_pseudogene	1	1	0	0.0801	0.0235	0.0226
ENSG00000227710.1	AC245517.2	unprocessed_pseudogene	0	0	0	0.0000	0.0000	0.0000
ENSG00000227711.3	AL451054.1	unprocessed_pseudogene	0	0	0	0.0000	0.0000	0.0000
ENSG00000227712.2	AL359915.1	lncRNA	2	1	2	0.0581	0.0170	0.0164
ENSG00000227713.2	AC092159.1	lncRNA	0	0	0	0.0000	0.0000	0.0000
ENSG00000227714.1	MTND6P18	processed_pseudogene	0	0	0	0.0000	0.0000	0.0000
ENSG00000227716.1	AP000459.1	lncRNA	0	0	0	0.0000	0.0000	0.0000
ENSG00000227717.4	AC138749.1	unprocessed_pseudogene	0	0	0	0.0000	0.0000	0.0000
ENSG00000227718.1	AC016730.1	lncRNA	0	0	0	0.0000	0.0000	0.0000
ENSG00000227719.1	AC006042.1	lncRNA	10	30	29	1.6206	0.4747	0.4571
ENSG00000227721.1	RPSAP64	processed_pseudogene	0	0	0	0.0000	0.0000	0.0000
ENSG00000227722.2	AL022100.1	transcribed_processed_pseudogene	0	0	0	0.0000	0.0000	0.0000
ENSG00000227723.1	AL596188.1	lncRNA	0	0	0	0.0000	0.0000	0.0000
ENSG00000227725.3	GCOM2	processed_pseudogene	2	1	1	0.1538	0.0451	0.0434
ENSG00000227726.1	AP001271.1	lncRNA	0	0	0	0.0000	0.0000	0.0000
ENSG00000227728.2	AL356583.1	unprocessed_pseudogene	0	0	0	0.0000	0.0000	0.0000
ENSG00000227729.5	RD3L	protein_coding	0	0	0	0.0000	0.0000	0.0000
ENSG00000227730.2	MTND6P5	unprocessed_pseudogene	0	0	0	0.0000	0.0000	0.0000
ENSG00000227733.10	AC239809.3	lncRNA	8	7	2	0.0423	0.0124	0.0119
ENSG00000227734.1	AL590378.1	lncRNA	0	0	0	0.0000	0.0000	0.0000
ENSG00000227735.1	CYCSP5	processed_pseudogene	0	0	0	0.0000	0.0000	0.0000
ENSG00000227736.1	MTCO3P16	unprocessed_pseudogene	0	0	0	0.0000	0.0000	0.0000
ENSG00000227737.3	OR8B1P	transcribed_unprocessed_pseudogene	0	0	0	0.0000	0.0000	0.0000
ENSG00000227738.1	PSMD14P1	processed_pseudogene	0	0	0	0.0000	0.0000	0.0000
ENSG00000227740.2	LINC02803	lncRNA	5	3	3	0.3535	0.1036	0.0997
ENSG00000227741.1	AL121987.2	lncRNA	3	380	360	0.1614	0.0473	0.0455
ENSG00000227742.2	CALR4P	transcribed_unitary_pseudogene	7	2	5	0.2198	0.0644	0.0620
ENSG00000227743.2	AC004875.1	lncRNA	0	0	0	0.0000	0.0000	0.0000
ENSG00000227744.4	LINC01940	lncRNA	5	2	3	0.1217	0.0356	0.0343
ENSG00000227745.1	AC098826.2	unprocessed_pseudogene	0	0	0	0.0000	0.0000	0.0000
ENSG00000227747.2	AC096631.2	processed_pseudogene	1	0	1	0.1075	0.0315	0.0303
ENSG00000227748.2	AL138916.1	lncRNA	0	0	0	0.0000	0.0000	0.0000
ENSG00000227751.1	RCC2-AS1	lncRNA	0	642	682	0.0000	0.0000	0.0000
ENSG00000227753.3	AC023194.1	processed_pseudogene	0	0	0	0.0000	0.0000	0.0000
ENSG00000227755.1	AP000344.1	transcribed_processed_pseudogene	1	0	1	0.1068	0.0313	0.0301
ENSG00000227757.3	AP000282.1	lncRNA	5	13	19	0.6226	0.1824	0.1756
ENSG00000227758.1	AL645939.2	unprocessed_pseudogene	3	1	2	1.1323	0.3317	0.3194
ENSG00000227759.2	VTI1BP4	processed_pseudogene	0	0	0	0.0000	0.0000	0.0000
ENSG00000227760.2	AC135001.1	processed_pseudogene	0	0	0	0.0000	0.0000	0.0000
ENSG00000227762.4	GUSBP8	unprocessed_pseudogene	1	0	1	0.1251	0.0366	0.0353
ENSG00000227764.2	LINC01693	lncRNA	0	0	0	0.0000	0.0000	0.0000
ENSG00000227765.4	MYL12BP2	processed_pseudogene	1	1	0	0.1659	0.0486	0.0468
ENSG00000227766.1	AL671277.1	unprocessed_pseudogene	0	17391	17118	0.0000	0.0000	0.0000
ENSG00000227769.7	AC072062.1	lncRNA	0	0	0	0.0000	0.0000	0.0000
ENSG00000227770.1	RPL7P12	processed_pseudogene	0	0	0	0.0000	0.0000	0.0000
ENSG00000227773.1	ASH1L-IT1	lncRNA	1	1	0	0.1896	0.0555	0.0535
ENSG00000227775.3	AL031282.1	transcribed_processed_pseudogene	137	98	89	4.2168	1.2352	1.1894
ENSG00000227776.1	AKR1D1P1	processed_pseudogene	0	0	0	0.0000	0.0000	0.0000
ENSG00000227777.1	AL031736.1	processed_pseudogene	0	0	0	0.0000	0.0000	0.0000
ENSG00000227779.1	AC234779.1	processed_pseudogene	0	0	0	0.0000	0.0000	0.0000
ENSG00000227782.2	AC002553.1	lncRNA	7	54	59	0.7412	0.2171	0.2091
ENSG00000227784.1	ZNF965P	processed_pseudogene	0	0	0	0.0000	0.0000	0.0000
ENSG00000227785.1	AC092013.1	processed_pseudogene	0	0	0	0.0000	0.0000	0.0000
ENSG00000227788.1	MTCO3P43	processed_pseudogene	0	0	0	0.0000	0.0000	0.0000
ENSG00000227789.1	MTCYBP7	processed_pseudogene	0	0	0	0.0000	0.0000	0.0000
ENSG00000227790.7	SPECC1P1	transcribed_unprocessed_pseudogene	1	0	1	0.0587	0.0172	0.0166
ENSG00000227791.3	RPS10P9	processed_pseudogene	5	4	1	0.9271	0.2716	0.2615
ENSG00000227795.1	MTND4LP9	processed_pseudogene	0	0	0	0.0000	0.0000	0.0000
ENSG00000227799.1	CDPF1P1	processed_pseudogene	23	18	13	1.3620	0.3990	0.3842
ENSG00000227800.1	IGHD4-17	IG_D_gene	0	0	0	0.0000	0.0000	0.0000
ENSG00000227802.1	DNAJB3	transcribed_processed_pseudogene	0	0	0	0.0000	0.0000	0.0000
ENSG00000227803.2	AL158198.1	lncRNA	0	30	33	0.0000	0.0000	0.0000
ENSG00000227805.1	RPL21P90	processed_pseudogene	1	0	1	0.1822	0.0534	0.0514
ENSG00000227806.1	OR5W1P	unprocessed_pseudogene	0	0	0	0.0000	0.0000	0.0000
ENSG00000227809.2	AL355674.1	lncRNA	0	0	0	0.0000	0.0000	0.0000
ENSG00000227811.3	INKA2-AS1	lncRNA	0	2	1	0.0000	0.0000	0.0000
ENSG00000227813.1	Z82190.1	processed_pseudogene	0	0	0	0.0000	0.0000	0.0000
ENSG00000227814.3	MRPS17P9	processed_pseudogene	0	0	0	0.0000	0.0000	0.0000
ENSG00000227815.2	AL359265.1	unprocessed_pseudogene	1	0	1	0.1068	0.0313	0.0301
ENSG00000227817.4	ARHGAP42P1	unprocessed_pseudogene	0	0	0	0.0000	0.0000	0.0000
ENSG00000227818.1	AL590408.1	lncRNA	0	0	0	0.0000	0.0000	0.0000
ENSG00000227824.1	AC122136.1	lncRNA	0	0	0	0.0000	0.0000	0.0000
ENSG00000227825.4	SLC9A7P1	transcribed_processed_pseudogene	13	7	6	0.3334	0.0977	0.0940
ENSG00000227827.3	PKD1P2	unprocessed_pseudogene	4	2	2	0.0342	0.0100	0.0096
ENSG00000227830.1	TRIM60P3Y	processed_pseudogene	0	0	0	0.0000	0.0000	0.0000
ENSG00000227832.1	ST13P21	processed_pseudogene	0	0	0	0.0000	0.0000	0.0000
ENSG00000227834.1	AP003385.1	processed_pseudogene	0	0	0	0.0000	0.0000	0.0000
ENSG00000227835.8	CARM1P1	transcribed_unprocessed_pseudogene	0	0	0	0.0000	0.0000	0.0000
ENSG00000227836.1	AC008850.1	processed_pseudogene	3	2	1	0.7038	0.2061	0.1985
ENSG00000227837.1	TRIM60P11Y	processed_pseudogene	0	0	0	0.0000	0.0000	0.0000
ENSG00000227838.1	AL121885.2	lncRNA	0	0	0	0.0000	0.0000	0.0000
ENSG00000227840.1	KRTAP8-3P	unprocessed_pseudogene	0	0	0	0.0000	0.0000	0.0000
ENSG00000227841.1	MTND5P31	unprocessed_pseudogene	1	0	1	0.0618	0.0181	0.0174
ENSG00000227842.1	AC093166.1	processed_pseudogene	0	0	0	0.0000	0.0000	0.0000
ENSG00000227845.2	AL627223.1	processed_pseudogene	0	0	0	0.0000	0.0000	0.0000
ENSG00000227846.1	UGT1A11P	unprocessed_pseudogene	0	0	0	0.0000	0.0000	0.0000
ENSG00000227847.1	PPIAP93	processed_pseudogene	1	1	0	0.2277	0.0667	0.0642
ENSG00000227848.1	SUCLA2-AS1	lncRNA	8	5	6	1.2307	0.3605	0.3471
ENSG00000227850.1	SEPTIN2P1	processed_pseudogene	2	2	0	0.9436	0.2764	0.2661
ENSG00000227851.1	AC021035.1	lncRNA	0	0	0	0.0000	0.0000	0.0000
ENSG00000227852.1	RPS29P17	processed_pseudogene	2	2	2	1.0231	0.2997	0.2886
ENSG00000227854.1	AL590135.1	processed_pseudogene	3	1	2	1.6331	0.4784	0.4606
ENSG00000227855.3	DPY19L2P3	transcribed_unprocessed_pseudogene	153	101	86	3.0478	0.8928	0.8597
ENSG00000227857.2	AL358075.2	lncRNA	11	8	4	2.7555	0.8071	0.7772
ENSG00000227860.1	MTND5P18	processed_pseudogene	0	0	0	0.0000	0.0000	0.0000
ENSG00000227862.1	HNRNPA1P31	processed_pseudogene	0	0	0	0.0000	0.0000	0.0000
ENSG00000227863.3	AC002383.1	lncRNA	0	0	0	0.0000	0.0000	0.0000
ENSG00000227864.1	ARL5AP1	processed_pseudogene	0	0	0	0.0000	0.0000	0.0000
ENSG00000227867.1	ELOCP11	processed_pseudogene	0	0	0	0.0000	0.0000	0.0000
ENSG00000227868.6	TEX46	protein_coding	2	2	0	0.2573	0.0754	0.0726
ENSG00000227871.1	USP9YP12	unprocessed_pseudogene	0	0	0	0.0000	0.0000	0.0000
ENSG00000227873.1	Z93242.1	processed_pseudogene	0	0	0	0.0000	0.0000	0.0000
ENSG00000227874.1	GRAMD4P1	processed_pseudogene	0	0	0	0.0000	0.0000	0.0000
ENSG00000227875.2	RPL23AP89	processed_pseudogene	0	0	0	0.0000	0.0000	0.0000
ENSG00000227877.7	MRLN	protein_coding	1	0	1	0.0288	0.0084	0.0081
ENSG00000227878.2	AC114760.1	processed_pseudogene	0	0	0	0.0000	0.0000	0.0000
ENSG00000227879.2	PSPC1P1	unprocessed_pseudogene	5	2	3	0.6385	0.1870	0.1801
ENSG00000227880.1	AL050402.1	lncRNA	0	0	0	0.0000	0.0000	0.0000
ENSG00000227881.1	ASS1P5	processed_pseudogene	0	0	0	0.0000	0.0000	0.0000
ENSG00000227882.1	THAP12P6	processed_pseudogene	0	0	0	0.0000	0.0000	0.0000
ENSG00000227883.1	ATP6V0E1P4	processed_pseudogene	0	0	0	0.0000	0.0000	0.0000
ENSG00000227885.3	AL590652.1	lncRNA	0	0	0	0.0000	0.0000	0.0000
ENSG00000227887.1	RPS26P13	processed_pseudogene	7	3	4	1.8013	0.5276	0.5081
ENSG00000227888.4	FAM66A	lncRNA	10	7	3	0.6949	0.2036	0.1960
ENSG00000227890.1	PSMA2P3	processed_pseudogene	0	2	2	0.0000	0.0000	0.0000
ENSG00000227892.1	OR5P4P	unprocessed_pseudogene	0	0	0	0.0000	0.0000	0.0000
ENSG00000227893.1	LINC00352	lncRNA	0	0	0	0.0000	0.0000	0.0000
ENSG00000227896.2	AL731569.1	lncRNA	16	8	8	0.4443	0.1301	0.1253
ENSG00000227902.2	AC062032.1	lncRNA	0	0	0	0.0000	0.0000	0.0000
ENSG00000227905.1	MED6P1	processed_pseudogene	0	0	0	0.0000	0.0000	0.0000
ENSG00000227906.8	SNAP25-AS1	lncRNA	0	2	0	0.0000	0.0000	0.0000
ENSG00000227907.1	AL158837.1	lncRNA	0	0	0	0.0000	0.0000	0.0000
ENSG00000227908.3	FLJ31104	lncRNA	6	6	1	0.2226	0.0652	0.0628
ENSG00000227910.1	AC092634.3	transcribed_processed_pseudogene	0	0	1	0.0000	0.0000	0.0000
ENSG00000227911.3	LINC02344	lncRNA	0	0	0	0.0000	0.0000	0.0000
ENSG00000227912.2	AL441943.2	lncRNA	0	0	0	0.0000	0.0000	0.0000
ENSG00000227913.1	KRT8P44	processed_pseudogene	0	0	0	0.0000	0.0000	0.0000
ENSG00000227914.3	AL136979.1	lncRNA	2	1	1	0.1407	0.0412	0.0397
ENSG00000227915.1	ELOCP16	unprocessed_pseudogene	0	0	0	0.0000	0.0000	0.0000
ENSG00000227917.3	AL449043.1	lncRNA	0	0	0	0.0000	0.0000	0.0000
ENSG00000227919.1	AL353997.1	unprocessed_pseudogene	0	0	0	0.0000	0.0000	0.0000
ENSG00000227920.3	AL353597.1	lncRNA	1	0	1	0.0740	0.0217	0.0209
ENSG00000227922.1	SPTLC1P5	processed_pseudogene	0	0	0	0.0000	0.0000	0.0000
ENSG00000227923.1	AC006455.3	processed_pseudogene	0	0	0	0.0000	0.0000	0.0000
ENSG00000227924.2	RBPJP6	processed_pseudogene	0	0	0	0.0000	0.0000	0.0000
ENSG00000227925.2	LINC01655	lncRNA	64	29	35	6.6360	1.9438	1.8717
ENSG00000227927.2	MACROD2-IT1	lncRNA	0	0	0	0.0000	0.0000	0.0000
ENSG00000227929.4	SRGAP3-AS3	lncRNA	0	0	0	0.0000	0.0000	0.0000
ENSG00000227930.1	AC003087.1	lncRNA	0	0	0	0.0000	0.0000	0.0000
ENSG00000227932.2	SELENOOLP	transcribed_unitary_pseudogene	0	0	0	0.0000	0.0000	0.0000
ENSG00000227933.1	AL357874.1	lncRNA	1	2	4	0.1479	0.0433	0.0417
ENSG00000227934.1	AL732414.1	processed_pseudogene	9	1	8	1.3338	0.3907	0.3762
ENSG00000227935.1	AL390243.1	lncRNA	0	0	0	0.0000	0.0000	0.0000
ENSG00000227937.1	MTND2P30	processed_pseudogene	0	0	0	0.0000	0.0000	0.0000
ENSG00000227938.1	AC104695.1	lncRNA	0	0	0	0.0000	0.0000	0.0000
ENSG00000227939.1	RPL3P2	processed_pseudogene	123	58	72	8.6826	2.5433	2.4490
ENSG00000227940.2	LINC01696	lncRNA	0	0	0	0.0000	0.0000	0.0000
ENSG00000227941.1	UQCRBP2	processed_pseudogene	2	1	1	0.5719	0.1675	0.1613
ENSG00000227942.1	FRMD8P1	processed_pseudogene	1	1	1	0.0557	0.0163	0.0157
ENSG00000227945.1	PTPRK-AS1	lncRNA	0	43	52	0.0000	0.0000	0.0000
ENSG00000227946.1	AC007383.1	lncRNA	51	72	58	4.1885	1.2269	1.1814
ENSG00000227947.2	LINC01738	lncRNA	1	1	0	0.0581	0.0170	0.0164
ENSG00000227948.4	AC003989.1	processed_pseudogene	0	0	0	0.0000	0.0000	0.0000
ENSG00000227949.1	CYCSP46	processed_pseudogene	0	0	0	0.0000	0.0000	0.0000
ENSG00000227950.1	AL590128.1	processed_pseudogene	0	0	0	0.0000	0.0000	0.0000
ENSG00000227952.2	RPL18AP17	processed_pseudogene	0	0	0	0.0000	0.0000	0.0000
ENSG00000227953.7	LINC01341	lncRNA	20	28	26	0.3561	0.1043	0.1004
ENSG00000227954.7	TARID	lncRNA	1	2	5	0.0105	0.0031	0.0030
ENSG00000227958.1	AL390778.1	lncRNA	0	0	0	0.0000	0.0000	0.0000
ENSG00000227959.1	AL451042.2	lncRNA	0	0	0	0.0000	0.0000	0.0000
ENSG00000227960.1	AL138799.1	lncRNA	0	0	0	0.0000	0.0000	0.0000
ENSG00000227962.1	AL391994.1	processed_pseudogene	1	0	1	0.3011	0.0882	0.0849
ENSG00000227963.1	RBM15-AS1	lncRNA	4	5	3	0.1301	0.0381	0.0367
ENSG00000227964.1	LINC01429	lncRNA	0	0	0	0.0000	0.0000	0.0000
ENSG00000227965.1	AC098592.2	processed_pseudogene	0	0	0	0.0000	0.0000	0.0000
ENSG00000227968.1	BUB3P1	processed_pseudogene	0	0	0	0.0000	0.0000	0.0000
ENSG00000227969.1	NPM1P22	processed_pseudogene	4	4	0	0.3568	0.1045	0.1006
ENSG00000227970.1	NR1H5P	unitary_pseudogene	0	0	0	0.0000	0.0000	0.0000
ENSG00000227971.1	AC078809.1	processed_pseudogene	0	0	0	0.0000	0.0000	0.0000
ENSG00000227972.1	THAP12P3	processed_pseudogene	2	1	1	0.0750	0.0220	0.0211
ENSG00000227973.1	PIN4P1	processed_pseudogene	6	6	1	1.2867	0.3769	0.3629
ENSG00000227979.1	AC002127.1	processed_pseudogene	0	0	0	0.0000	0.0000	0.0000
ENSG00000227981.2	AC012668.1	lncRNA	0	0	0	0.0000	0.0000	0.0000
ENSG00000227982.1	RPL7P30	processed_pseudogene	0	0	0	0.0000	0.0000	0.0000
ENSG00000227983.1	BRK1P2	processed_pseudogene	0	0	0	0.0000	0.0000	0.0000
ENSG00000227986.1	TRIM60P18	unprocessed_pseudogene	0	0	0	0.0000	0.0000	0.0000
ENSG00000227987.1	AC092675.2	lncRNA	0	0	0	0.0000	0.0000	0.0000
ENSG00000227988.1	TDGF1P1	processed_pseudogene	0	0	0	0.0000	0.0000	0.0000
ENSG00000227992.1	AC108463.1	processed_pseudogene	32	23	16	7.8313	2.2939	2.2089
ENSG00000227994.1	AL035417.1	processed_pseudogene	0	0	0	0.0000	0.0000	0.0000
ENSG00000227995.1	RAB11AP1	processed_pseudogene	1	0	1	0.1315	0.0385	0.0371
ENSG00000227999.1	MTND5P1	processed_pseudogene	3	0	5	0.1853	0.0543	0.0523
ENSG00000228000.1	RPL7AP65	processed_pseudogene	0	0	0	0.0000	0.0000	0.0000
ENSG00000228002.2	DHX9P1	processed_pseudogene	6	2	4	0.1656	0.0485	0.0467
ENSG00000228004.1	MYCLP2	processed_pseudogene	0	0	0	0.0000	0.0000	0.0000
ENSG00000228005.1	AC020743.1	lncRNA	0	0	0	0.0000	0.0000	0.0000
ENSG00000228007.1	AC011933.1	processed_pseudogene	1	0	1	0.2645	0.0775	0.0746
ENSG00000228008.1	AC105935.1	lncRNA	2	1	1	0.1844	0.0540	0.0520
ENSG00000228010.6	AC073343.2	lncRNA	7	4	3	0.1703	0.0499	0.0480
ENSG00000228013.1	IL6R-AS1	lncRNA	9	6	4	0.4352	0.1275	0.1228
ENSG00000228014.1	ZNF680P1	processed_pseudogene	0	0	0	0.0000	0.0000	0.0000
ENSG00000228015.1	AC074338.1	processed_pseudogene	0	0	0	0.0000	0.0000	0.0000
ENSG00000228016.1	RAPGEF4-AS1	lncRNA	0	0	0	0.0000	0.0000	0.0000
ENSG00000228019.1	AC006480.1	unprocessed_pseudogene	1	0	1	0.2247	0.0658	0.0634
ENSG00000228020.2	HNRNPA1P46	processed_pseudogene	1	1	0	0.0906	0.0265	0.0256
ENSG00000228021.7	AL158835.1	lncRNA	0	22	24	0.0000	0.0000	0.0000
ENSG00000228022.6	HCG20	lncRNA	3	133	141	0.1619	0.0474	0.0457
ENSG00000228024.1	CYP1D1P	unprocessed_pseudogene	0	0	0	0.0000	0.0000	0.0000
ENSG00000228027.1	AL136369.1	lncRNA	0	0	0	0.0000	0.0000	0.0000
ENSG00000228028.2	AC069257.1	lncRNA	0	0	0	0.0000	0.0000	0.0000
ENSG00000228030.2	AC019084.1	processed_pseudogene	0	0	0	0.0000	0.0000	0.0000
ENSG00000228031.4	AC078842.1	lncRNA	0	0	0	0.0000	0.0000	0.0000
ENSG00000228033.6	AC010967.1	lncRNA	17	8	9	1.7207	0.5040	0.4853
ENSG00000228034.1	HMGN2P21	processed_pseudogene	2	1	1	0.6290	0.1843	0.1774
ENSG00000228035.1	NGF-AS1	lncRNA	0	0	0	0.0000	0.0000	0.0000
ENSG00000228036.1	HSPD1P9	processed_pseudogene	1	1	0	0.0519	0.0152	0.0146
ENSG00000228037.1	AL139246.3	lncRNA	9	4	5	1.2209	0.3576	0.3444
ENSG00000228038.1	VN1R51P	processed_pseudogene	1	0	1	0.0899	0.0263	0.0253
ENSG00000228039.3	AC253536.2	processed_pseudogene	3	3	0	1.0030	0.2938	0.2829
ENSG00000228040.1	AL390729.1	processed_pseudogene	0	0	0	0.0000	0.0000	0.0000
ENSG00000228041.2	EIF3JP1	processed_pseudogene	0	0	0	0.0000	0.0000	0.0000
ENSG00000228042.2	M6PRP1	processed_pseudogene	0	0	0	0.0000	0.0000	0.0000
ENSG00000228043.5	AC114763.1	lncRNA	15	9	8	0.9701	0.2842	0.2736
ENSG00000228044.3	AL160408.1	lncRNA	0	0	0	0.0000	0.0000	0.0000
ENSG00000228045.1	DNAJA1P6	processed_pseudogene	1	0	1	0.2399	0.0703	0.0677
ENSG00000228046.2	MTCO3P40	processed_pseudogene	0	0	0	0.0000	0.0000	0.0000
ENSG00000228048.1	AL355314.2	lncRNA	0	0	0	0.0000	0.0000	0.0000
ENSG00000228049.7	POLR2J2	protein_coding	0	0	0	0.0000	0.0000	0.0000
ENSG00000228050.1	TOP3BP1	processed_pseudogene	0	0	0	0.0000	0.0000	0.0000
ENSG00000228051.1	WBP11P3	processed_pseudogene	2	0	2	0.0890	0.0261	0.0251
ENSG00000228053.1	AL158823.1	processed_pseudogene	6	2	4	1.0659	0.3122	0.3007
ENSG00000228054.2	RANP5	processed_pseudogene	0	0	0	0.0000	0.0000	0.0000
ENSG00000228055.3	FAM245A	lncRNA	0	0	0	0.0000	0.0000	0.0000
ENSG00000228056.3	CFL1P3	processed_pseudogene	5	4	1	0.8665	0.2538	0.2444
ENSG00000228057.1	SEC63P1	processed_pseudogene	41	27	14	2.7677	0.8107	0.7806
ENSG00000228058.2	LINC01736	lncRNA	1	1	0	0.0716	0.0210	0.0202
ENSG00000228060.3	PABPC4-AS1	lncRNA	3	780	700	0.1809	0.0530	0.0510
ENSG00000228061.7	AC131571.1	lncRNA	2	55	71	0.0257	0.0075	0.0073
ENSG00000228063.2	LYPLAL1-DT	lncRNA	26	63	74	0.4004	0.1173	0.1129
ENSG00000228064.1	AC023469.2	lncRNA	0	0	0	0.0000	0.0000	0.0000
ENSG00000228065.11	LINC01515	lncRNA	6	4	2	0.0274	0.0080	0.0077
ENSG00000228067.1	LINC01740	lncRNA	0	0	0	0.0000	0.0000	0.0000
ENSG00000228069.1	MTCO3P29	unprocessed_pseudogene	0	0	0	0.0000	0.0000	0.0000
ENSG00000228071.4	RPL7P47	processed_pseudogene	27	19	14	4.1238	1.2079	1.1632
ENSG00000228072.1	AL139008.2	lncRNA	0	0	0	0.0000	0.0000	0.0000
ENSG00000228073.1	AC133106.1	lncRNA	0	0	0	0.0000	0.0000	0.0000
ENSG00000228074.1	UBBP5	processed_pseudogene	0	0	0	0.0000	0.0000	0.0000
ENSG00000228075.5	BOD1L2	protein_coding	0	0	0	0.0000	0.0000	0.0000
ENSG00000228076.2	AL591719.1	processed_pseudogene	0	0	0	0.0000	0.0000	0.0000
ENSG00000228078.1	HLA-U	unprocessed_pseudogene	4	2	4	1.8262	0.5349	0.5151
ENSG00000228079.2	AC012368.2	lncRNA	1	1	0	0.1516	0.0444	0.0428
ENSG00000228081.2	AC092810.1	processed_pseudogene	0	0	0	0.0000	0.0000	0.0000
ENSG00000228082.1	SIM1-AS1	lncRNA	0	0	0	0.0000	0.0000	0.0000
ENSG00000228083.3	IFNA14	protein_coding	0	0	0	0.0000	0.0000	0.0000
ENSG00000228084.1	AC118553.1	lncRNA	1	5	3	0.1296	0.0380	0.0366
ENSG00000228085.1	AC009296.1	processed_pseudogene	0	0	0	0.0000	0.0000	0.0000
ENSG00000228086.1	AL589990.1	lncRNA	0	15	7	0.0000	0.0000	0.0000
ENSG00000228089.1	PNKDP1	processed_pseudogene	2	2	0	0.3950	0.1157	0.1114
ENSG00000228092.1	COX6CP15	processed_pseudogene	0	0	0	0.0000	0.0000	0.0000
ENSG00000228095.3	AL354692.1	processed_pseudogene	0	0	0	0.0000	0.0000	0.0000
ENSG00000228097.1	MTATP6P11	unprocessed_pseudogene	0	0	0	0.0000	0.0000	0.0000
ENSG00000228098.1	AC110620.1	processed_pseudogene	1	0	1	0.3725	0.1091	0.1051
ENSG00000228100.2	LINC01820	lncRNA	0	0	0	0.0000	0.0000	0.0000
ENSG00000228105.2	LINC01757	lncRNA	0	0	0	0.0000	0.0000	0.0000
ENSG00000228107.1	AP000692.1	lncRNA	6	2	4	0.8549	0.2504	0.2411
ENSG00000228108.1	SPTBN1-AS1	lncRNA	0	0	0	0.0000	0.0000	0.0000
ENSG00000228109.1	MELTF-AS1	lncRNA	67	825	843	4.9953	1.4632	1.4090
ENSG00000228110.4	ST13P19	processed_pseudogene	7	5	2	0.5289	0.1549	0.1492
ENSG00000228111.1	TPT1P2	processed_pseudogene	0	0	0	0.0000	0.0000	0.0000
ENSG00000228112.1	AC112220.1	processed_pseudogene	0	0	0	0.0000	0.0000	0.0000
ENSG00000228113.7	AC003991.1	lncRNA	0	55	59	0.0000	0.0000	0.0000
ENSG00000228115.1	AL161725.2	lncRNA	0	0	0	0.0000	0.0000	0.0000
ENSG00000228118.3	MYL6P5	processed_pseudogene	4	2	2	0.7400	0.2168	0.2087
ENSG00000228120.2	AP001631.1	lncRNA	0	0	0	0.0000	0.0000	0.0000
ENSG00000228121.1	PHBP3	processed_pseudogene	6	5	1	0.6221	0.1822	0.1755
ENSG00000228122.1	MTND1P17	processed_pseudogene	0	0	0	0.0000	0.0000	0.0000
ENSG00000228123.4	AL162726.2	processed_pseudogene	0	0	0	0.0000	0.0000	0.0000
ENSG00000228124.1	AL096678.1	lncRNA	1	22	25	0.1799	0.0527	0.0507
ENSG00000228125.2	AKIRIN1P2	processed_pseudogene	0	0	0	0.0000	0.0000	0.0000
ENSG00000228126.1	FALEC	lncRNA	10	5	5	1.5004	0.4395	0.4232
ENSG00000228127.3	LINC01649	lncRNA	3	2	1	0.1049	0.0307	0.0296
ENSG00000228131.1	IGHD6-6	IG_D_gene	1	1	0	4.7178	1.3819	1.3307
ENSG00000228132.2	AL360221.1	processed_pseudogene	0	0	0	0.0000	0.0000	0.0000
ENSG00000228133.3	AC099684.1	lncRNA	0	1	1	0.0000	0.0000	0.0000
ENSG00000228134.1	UBE2V1P14	processed_pseudogene	0	0	0	0.0000	0.0000	0.0000
ENSG00000228135.1	LINC01494	lncRNA	0	0	0	0.0000	0.0000	0.0000
ENSG00000228136.1	AL773545.1	lncRNA	0	0	0	0.0000	0.0000	0.0000
ENSG00000228137.1	AP001469.2	lncRNA	8	7	6	1.7420	0.5102	0.4913
ENSG00000228139.1	LINC01402	lncRNA	1	0	1	0.3044	0.0892	0.0859
ENSG00000228140.2	AL031283.1	lncRNA	3	1	2	0.0492	0.0144	0.0139
ENSG00000228141.7	AC105339.1	transcribed_unitary_pseudogene	0	0	0	0.0000	0.0000	0.0000
ENSG00000228142.2	AL354861.2	lncRNA	0	0	0	0.0000	0.0000	0.0000
ENSG00000228143.2	AL512649.1	processed_pseudogene	0	0	0	0.0000	0.0000	0.0000
ENSG00000228144.2	AC078927.1	protein_coding	0	0	0	0.0000	0.0000	0.0000
ENSG00000228146.8	CASP16P	transcribed_unitary_pseudogene	2	1	1	0.0480	0.0141	0.0135
ENSG00000228149.1	RPL3P1	processed_pseudogene	11	5	6	0.7714	0.2259	0.2176
ENSG00000228150.1	AL357140.2	lncRNA	14	12	5	2.7020	0.7915	0.7621
ENSG00000228151.1	AC004941.1	lncRNA	0	0	0	0.0000	0.0000	0.0000
ENSG00000228153.1	AL161793.1	lncRNA	0	0	0	0.0000	0.0000	0.0000
ENSG00000228154.3	AC092436.1	processed_pseudogene	0	0	0	0.0000	0.0000	0.0000
ENSG00000228156.1	AL133343.1	lncRNA	0	0	0	0.0000	0.0000	0.0000
ENSG00000228157.4	AC007952.2	lncRNA	1	1	0	0.0274	0.0080	0.0077
ENSG00000228158.2	TLE1P1	processed_pseudogene	37	15	22	5.3346	1.5626	1.5046
ENSG00000228159.2	LINC01674	lncRNA	0	0	0	0.0000	0.0000	0.0000
ENSG00000228160.2	AL158069.1	lncRNA	0	0	0	0.0000	0.0000	0.0000
ENSG00000228161.1	AC245452.2	unprocessed_pseudogene	0	0	0	0.0000	0.0000	0.0000
ENSG00000228162.1	AC097713.1	lncRNA	0	0	0	0.0000	0.0000	0.0000
ENSG00000228165.1	AL158147.1	lncRNA	0	0	0	0.0000	0.0000	0.0000
ENSG00000228166.1	MTND1P11	unprocessed_pseudogene	0	0	0	0.0000	0.0000	0.0000
ENSG00000228167.1	AL353072.1	processed_pseudogene	0	0	0	0.0000	0.0000	0.0000
ENSG00000228168.1	HNRNPA1P21	processed_pseudogene	70	28	42	6.1857	1.8119	1.7447
ENSG00000228169.3	PPIAP19	processed_pseudogene	8	1	7	1.3808	0.4045	0.3895
ENSG00000228170.1	AL031963.1	lncRNA	0	151	156	0.0000	0.0000	0.0000
ENSG00000228171.1	AC121251.1	unprocessed_pseudogene	1	0	1	0.3410	0.0999	0.0962
ENSG00000228172.5	AL020996.1	lncRNA	6	3065	3084	0.1824	0.0534	0.0515
ENSG00000228173.2	AC091770.1	lncRNA	0	0	0	0.0000	0.0000	0.0000
ENSG00000228174.7	AL162385.1	lncRNA	0	0	0	0.0000	0.0000	0.0000
ENSG00000228175.3	GEMIN8P4	processed_pseudogene	70	34	36	8.1542	2.3885	2.2999
ENSG00000228176.1	AC092265.1	lncRNA	0	0	0	0.0000	0.0000	0.0000
ENSG00000228181.1	AL590365.1	processed_pseudogene	3	1	2	1.0484	0.3071	0.2957
ENSG00000228182.1	MTND2P25	processed_pseudogene	0	0	0	0.0000	0.0000	0.0000
ENSG00000228184.1	SNX19P1	processed_pseudogene	0	0	0	0.0000	0.0000	0.0000
ENSG00000228187.1	AC093433.1	processed_pseudogene	1	0	1	0.1487	0.0436	0.0419
ENSG00000228189.5	LINC02843	lncRNA	0	0	0	0.0000	0.0000	0.0000
ENSG00000228190.2	RPL23AP16	processed_pseudogene	0	0	0	0.0000	0.0000	0.0000
ENSG00000228191.1	AL512326.4	processed_pseudogene	0	0	0	0.0000	0.0000	0.0000
ENSG00000228192.8	AL512353.1	lncRNA	168	216	206	3.7782	1.1067	1.0657
ENSG00000228193.1	ELOCP14	processed_pseudogene	0	0	0	0.0000	0.0000	0.0000
ENSG00000228194.1	Z83846.1	processed_pseudogene	0	0	0	0.0000	0.0000	0.0000
ENSG00000228195.2	RPL5P27	processed_pseudogene	0	0	0	0.0000	0.0000	0.0000
ENSG00000228196.1	PTPN2P1	processed_pseudogene	0	0	0	0.0000	0.0000	0.0000
ENSG00000228198.3	OR2M3	protein_coding	0	0	0	0.0000	0.0000	0.0000
ENSG00000228201.1	AL022341.1	lncRNA	1	4	7	0.2183	0.0639	0.0616
ENSG00000228203.7	GRASLND	lncRNA	304	155	149	4.3770	1.2821	1.2346
ENSG00000228204.2	AC004830.2	lncRNA	1	60	55	0.0932	0.0273	0.0263
ENSG00000228205.1	AC131235.1	processed_pseudogene	59	30	30	6.8447	2.0049	1.9306
ENSG00000228206.2	AC016717.1	processed_pseudogene	1	1	0	0.2969	0.0870	0.0837
ENSG00000228207.1	AC007967.2	unprocessed_pseudogene	0	0	0	0.0000	0.0000	0.0000
ENSG00000228208.7	LINC02869	lncRNA	1	0	1	0.0684	0.0200	0.0193
ENSG00000228209.1	PNPP1	processed_pseudogene	0	0	0	0.0000	0.0000	0.0000
ENSG00000228210.1	AL121916.1	processed_pseudogene	0	0	0	0.0000	0.0000	0.0000
ENSG00000228211.2	HYAL6P	unitary_pseudogene	0	0	0	0.0000	0.0000	0.0000
ENSG00000228212.1	OFD1P17	processed_pseudogene	2	2	0	0.0563	0.0165	0.0159
ENSG00000228213.5	NLGN1-AS1	lncRNA	0	0	0	0.0000	0.0000	0.0000
ENSG00000228215.3	LINC02770	lncRNA	0	0	0	0.0000	0.0000	0.0000
ENSG00000228216.1	AL355607.1	lncRNA	0	0	0	0.0000	0.0000	0.0000
ENSG00000228217.1	PNRC2P1	processed_pseudogene	5	2	3	1.0110	0.2961	0.2851
ENSG00000228218.1	ATF4P3	processed_pseudogene	21	15	6	1.6888	0.4947	0.4763
ENSG00000228219.1	NPM1P30	processed_pseudogene	0	0	0	0.0000	0.0000	0.0000
ENSG00000228221.6	LINC00578	lncRNA	3	2	1	0.0404	0.0118	0.0114
ENSG00000228222.1	AC073050.1	lncRNA	21	10	11	3.8600	1.1307	1.0887
ENSG00000228223.3	HCG11	lncRNA	110	55	55	1.6400	0.4804	0.4626
ENSG00000228224.3	NACA4P	transcribed_processed_pseudogene	11	8	3	0.6007	0.1760	0.1694
ENSG00000228225.1	CRLF3P3	processed_pseudogene	0	0	0	0.0000	0.0000	0.0000
ENSG00000228226.1	AC012070.1	lncRNA	0	0	0	0.0000	0.0000	0.0000
ENSG00000228229.2	AC243961.1	lncRNA	0	0	0	0.0000	0.0000	0.0000
ENSG00000228231.2	TINAG-AS1	lncRNA	0	0	0	0.0000	0.0000	0.0000
ENSG00000228232.1	GAPDHP1	processed_pseudogene	324	157	169	27.3773	8.0193	7.7219
ENSG00000228234.1	GLRXP1	processed_pseudogene	0	0	0	0.0000	0.0000	0.0000
ENSG00000228235.1	AP001476.3	lncRNA	0	0	0	0.0000	0.0000	0.0000
ENSG00000228236.2	TXNP5	processed_pseudogene	2	2	0	0.5392	0.1579	0.1521
ENSG00000228237.5	EFCAB14-AS1	lncRNA	0	134	114	0.0000	0.0000	0.0000
ENSG00000228238.1	AL096803.1	processed_pseudogene	0	0	0	0.0000	0.0000	0.0000
ENSG00000228239.1	AL138900.1	lncRNA	0	0	0	0.0000	0.0000	0.0000
ENSG00000228240.1	TTTY17A	lncRNA	0	0	0	0.0000	0.0000	0.0000
ENSG00000228241.1	MOB1AP1	processed_pseudogene	0	0	0	0.0000	0.0000	0.0000
ENSG00000228242.6	XPC-AS1	lncRNA	14	390	390	0.2961	0.0867	0.0835
ENSG00000228247.1	UBBP2	processed_pseudogene	17	11	6	6.2496	1.8306	1.7627
ENSG00000228248.1	NUTF2P3	processed_pseudogene	0	0	0	0.0000	0.0000	0.0000
ENSG00000228251.1	AC012442.1	lncRNA	6	2	4	0.9632	0.2821	0.2717
ENSG00000228252.9	COL6A4P2	transcribed_unitary_pseudogene	10	4	6	0.2162	0.0633	0.0610
ENSG00000228253.1	MT-ATP8	protein_coding	3528	2042	1486	1447.3398	423.9485	408.2307
ENSG00000228255.1	AC096639.1	lncRNA	0	0	0	0.0000	0.0000	0.0000
ENSG00000228257.1	AC010141.1	unprocessed_pseudogene	0	0	0	0.0000	0.0000	0.0000
ENSG00000228259.3	AC136604.1	unprocessed_pseudogene	0	0	0	0.0000	0.0000	0.0000
ENSG00000228261.1	ITPRIP-AS1	lncRNA	0	0	0	0.0000	0.0000	0.0000
ENSG00000228262.10	LINC01320	lncRNA	397	206	194	3.3350	0.9769	0.9407
ENSG00000228264.1	PSMD8P1	processed_pseudogene	2	1	1	0.2209	0.0647	0.0623
ENSG00000228271.2	LINC02048	lncRNA	30	18	12	1.0394	0.3045	0.2932
ENSG00000228272.1	AC106874.1	lncRNA	0	0	0	0.0000	0.0000	0.0000
ENSG00000228274.4	AL021707.2	lncRNA	32	241	255	0.6114	0.1791	0.1724
ENSG00000228275.1	ARMCX3-AS1	lncRNA	0	188	216	0.0000	0.0000	0.0000
ENSG00000228277.1	UMLILO	lncRNA	0	0	0	0.0000	0.0000	0.0000
ENSG00000228278.5	ORM2	protein_coding	0	1	0	0.0000	0.0000	0.0000
ENSG00000228280.1	AL731568.1	lncRNA	6	3	3	1.1740	0.3439	0.3311
ENSG00000228283.3	KATNBL1P6	transcribed_processed_pseudogene	2	2	0	0.1159	0.0339	0.0327
ENSG00000228285.2	LYPLA2P1	processed_pseudogene	11	5	6	1.3421	0.3931	0.3786
ENSG00000228286.3	AP000593.2	processed_pseudogene	10	6	4	0.5926	0.1736	0.1671
ENSG00000228288.7	PCAT6	lncRNA	29	13	16	2.7671	0.8105	0.7805
ENSG00000228289.1	AL355862.1	processed_pseudogene	0	0	0	0.0000	0.0000	0.0000
ENSG00000228290.7	TBX18-AS1	lncRNA	0	0	0	0.0000	0.0000	0.0000
ENSG00000228291.1	ARL4AP3	processed_pseudogene	0	0	0	0.0000	0.0000	0.0000
ENSG00000228292.1	AL512604.1	processed_pseudogene	0	0	0	0.0000	0.0000	0.0000
ENSG00000228293.1	AL049712.1	lncRNA	3	1	2	0.2922	0.0856	0.0824
ENSG00000228294.6	BMS1P17	transcribed_unprocessed_pseudogene	1	0	2	0.0752	0.0220	0.0212
ENSG00000228295.2	LINC00392	lncRNA	0	0	0	0.0000	0.0000	0.0000
ENSG00000228296.1	TTTY4C	lncRNA	0	0	0	0.0000	0.0000	0.0000
ENSG00000228300.14	FAM174C	protein_coding	1594	808	786	64.5817	18.9170	18.2156
ENSG00000228301.1	RPL7P55	processed_pseudogene	0	0	0	0.0000	0.0000	0.0000
ENSG00000228302.2	AL512770.1	lncRNA	13	394	424	0.4398	0.1288	0.1241
ENSG00000228303.1	AC095038.1	unprocessed_pseudogene	0	0	0	0.0000	0.0000	0.0000
ENSG00000228304.1	OR4K6P	unprocessed_pseudogene	0	0	0	0.0000	0.0000	0.0000
ENSG00000228305.2	PRELID1P6	processed_pseudogene	22	4	18	2.8567	0.8368	0.8057
ENSG00000228307.2	OR2S1P	transcribed_unprocessed_pseudogene	1	1	0	0.0457	0.0134	0.0129
ENSG00000228308.2	LINC01209	lncRNA	0	0	0	0.0000	0.0000	0.0000
ENSG00000228309.7	LINC01350	lncRNA	0	0	0	0.0000	0.0000	0.0000
ENSG00000228312.1	GAPDHP45	processed_pseudogene	0	0	0	0.0000	0.0000	0.0000
ENSG00000228314.1	CYP4F29P	transcribed_unprocessed_pseudogene	0	0	0	0.0000	0.0000	0.0000
ENSG00000228315.12	GUSBP11	lncRNA	44	45	41	0.4813	0.1410	0.1357
ENSG00000228316.1	MTATP6P19	processed_pseudogene	0	0	0	0.0000	0.0000	0.0000
ENSG00000228317.2	AL158070.1	lncRNA	0	3	6	0.0000	0.0000	0.0000
ENSG00000228318.3	AP001610.2	lncRNA	12	4895	5046	0.9131	0.2675	0.2576
ENSG00000228319.1	SPATA2P1	processed_pseudogene	0	0	0	0.0000	0.0000	0.0000
ENSG00000228322.1	AL162419.1	lncRNA	0	0	0	0.0000	0.0000	0.0000
ENSG00000228323.2	MYADM-AS1	lncRNA	4	4	0	0.7738	0.2266	0.2182
ENSG00000228325.5	IGKV3D-7	IG_V_gene	7	4	4	1.5480	0.4534	0.4366
ENSG00000228327.3	AL669831.1	transcribed_unprocessed_pseudogene	73	40	37	0.9638	0.2823	0.2718
ENSG00000228328.2	PGK1P1	processed_pseudogene	13	9	4	0.8846	0.2591	0.2495
ENSG00000228329.3	LINC01890	lncRNA	0	34	38	0.0000	0.0000	0.0000
ENSG00000228330.1	AL355355.1	processed_pseudogene	7	4	3	0.7496	0.2196	0.2114
ENSG00000228331.2	RPL17P43	processed_pseudogene	1	0	1	0.1449	0.0424	0.0409
ENSG00000228334.2	AC024028.1	lncRNA	0	0	0	0.0000	0.0000	0.0000
ENSG00000228335.1	AC073063.1	processed_pseudogene	4	8	4	0.5596	0.1639	0.1578
ENSG00000228336.2	OR9H1P	polymorphic_pseudogene	0	0	0	0.0000	0.0000	0.0000
ENSG00000228337.1	PPIAP69	processed_pseudogene	0	0	0	0.0000	0.0000	0.0000
ENSG00000228338.1	LINC01784	lncRNA	0	0	0	0.0000	0.0000	0.0000
ENSG00000228339.1	AMD1P1	processed_pseudogene	1	1	0	0.0921	0.0270	0.0260
ENSG00000228340.6	MIR646HG	lncRNA	9	6	3	0.0304	0.0089	0.0086
ENSG00000228341.1	AC002381.1	processed_pseudogene	0	0	0	0.0000	0.0000	0.0000
ENSG00000228343.1	AC115618.2	lncRNA	0	137	160	0.0000	0.0000	0.0000
ENSG00000228345.2	AC112492.2	processed_pseudogene	0	0	0	0.0000	0.0000	0.0000
ENSG00000228347.1	FTLP17	processed_pseudogene	0	0	0	0.0000	0.0000	0.0000
ENSG00000228348.1	EFCAB14P1	processed_pseudogene	0	0	0	0.0000	0.0000	0.0000
ENSG00000228349.1	RPS26P4	processed_pseudogene	0	0	0	0.0000	0.0000	0.0000
ENSG00000228350.1	LINC02585	lncRNA	0	0	0	0.0000	0.0000	0.0000
ENSG00000228351.3	AC018832.1	lncRNA	0	0	0	0.0000	0.0000	0.0000
ENSG00000228352.2	AL354989.1	lncRNA	2	0	2	0.2675	0.0783	0.0754
ENSG00000228353.1	AL450322.1	lncRNA	0	0	0	0.0000	0.0000	0.0000
ENSG00000228354.1	AL450023.1	processed_pseudogene	0	0	0	0.0000	0.0000	0.0000
ENSG00000228355.1	BX322559.1	lncRNA	0	0	0	0.0000	0.0000	0.0000
ENSG00000228358.6	LINC02263	lncRNA	0	1	0	0.0000	0.0000	0.0000
ENSG00000228360.1	AC009220.1	processed_pseudogene	0	0	0	0.0000	0.0000	0.0000
ENSG00000228361.2	AL606970.2	lncRNA	0	0	0	0.0000	0.0000	0.0000
ENSG00000228363.2	AC015971.1	lncRNA	6	851	835	0.1782	0.0522	0.0502
ENSG00000228364.1	SAR1AP1	processed_pseudogene	1	0	1	0.1425	0.0417	0.0402
ENSG00000228365.1	AL133351.1	lncRNA	0	0	0	0.0000	0.0000	0.0000
ENSG00000228366.1	AL592437.1	processed_pseudogene	0	0	0	0.0000	0.0000	0.0000
ENSG00000228367.3	AC108120.1	processed_pseudogene	2	2	0	0.1714	0.0502	0.0483
ENSG00000228368.1	AC106873.1	lncRNA	0	0	0	0.0000	0.0000	0.0000
ENSG00000228369.2	TXNDC12-AS1	lncRNA	0	0	0	0.0000	0.0000	0.0000
ENSG00000228372.8	SMIM10L2B-AS1	lncRNA	1	0	1	0.0639	0.0187	0.0180
ENSG00000228373.2	AL353752.1	processed_pseudogene	0	0	0	0.0000	0.0000	0.0000
ENSG00000228374.1	RPL9P13	processed_pseudogene	0	0	0	0.0000	0.0000	0.0000
ENSG00000228375.1	RPS20P25	processed_pseudogene	0	0	0	0.0000	0.0000	0.0000
ENSG00000228376.3	GAS2L1P2	transcribed_processed_pseudogene	2	1	1	0.0751	0.0220	0.0212
ENSG00000228379.1	AC010891.1	lncRNA	0	0	0	0.0000	0.0000	0.0000
ENSG00000228380.1	MYL6BP1	processed_pseudogene	0	0	0	0.0000	0.0000	0.0000
ENSG00000228382.1	ITPKB-IT1	lncRNA	0	0	0	0.0000	0.0000	0.0000
ENSG00000228383.7	FAM197Y7	lncRNA	0	0	0	0.0000	0.0000	0.0000
ENSG00000228384.4	AC007040.1	lncRNA	0	53	57	0.0000	0.0000	0.0000
ENSG00000228386.2	AL031668.1	lncRNA	0	3	5	0.0000	0.0000	0.0000
ENSG00000228391.1	AC011995.1	lncRNA	0	0	0	0.0000	0.0000	0.0000
ENSG00000228392.3	AL162391.1	lncRNA	0	0	0	0.0000	0.0000	0.0000
ENSG00000228393.4	LINC01004	lncRNA	70	37	33	4.0084	1.1741	1.1306
ENSG00000228395.2	AL356481.1	lncRNA	22	155	159	0.7338	0.2149	0.2070
ENSG00000228397.3	LINC01635	lncRNA	1	2	1	0.0535	0.0157	0.0151
ENSG00000228398.3	HMGN2P25	processed_pseudogene	2	0	2	0.6337	0.1856	0.1787
ENSG00000228399.1	AL109741.2	processed_pseudogene	7	1	6	1.7331	0.5076	0.4888
ENSG00000228400.2	AC079154.1	lncRNA	0	0	0	0.0000	0.0000	0.0000
ENSG00000228401.5	AL590226.1	lncRNA	4	3	1	0.2494	0.0731	0.0703
ENSG00000228403.1	AC035139.1	lncRNA	0	0	0	0.0000	0.0000	0.0000
ENSG00000228404.1	AP001468.1	lncRNA	0	11	3	0.0000	0.0000	0.0000
ENSG00000228407.2	AL139156.2	processed_pseudogene	15	8	7	3.7465	1.0974	1.0567
ENSG00000228408.6	AL031056.1	lncRNA	2	2	0	0.0595	0.0174	0.0168
ENSG00000228409.6	CCT6P1	transcribed_unprocessed_pseudogene	43	21	30	2.1866	0.6405	0.6167
ENSG00000228410.6	ELOCP24	processed_pseudogene	0	0	0	0.0000	0.0000	0.0000
ENSG00000228410.6_PAR_Y	ELOCP24	processed_pseudogene	0	0	0	0.0000	0.0000	0.0000
ENSG00000228411.1	CDY4P	processed_pseudogene	0	0	0	0.0000	0.0000	0.0000
ENSG00000228412.9	LNC-LBCS	lncRNA	2	1	1	0.0123	0.0036	0.0035
ENSG00000228413.1	AC024937.1	processed_pseudogene	1	0	2	0.2469	0.0723	0.0696
ENSG00000228414.7	LINC01185	lncRNA	2	0	2	0.0415	0.0121	0.0117
ENSG00000228415.3	PTMAP1	processed_pseudogene	3	0	3	0.7839	0.2296	0.2211
ENSG00000228417.1	AL360182.2	lncRNA	0	15	9	0.0000	0.0000	0.0000
ENSG00000228420.1	LINC01768	lncRNA	0	0	0	0.0000	0.0000	0.0000
ENSG00000228421.2	AC005013.1	lncRNA	7	226	227	1.0110	0.2961	0.2851
ENSG00000228422.5	LINC00687	lncRNA	0	0	0	0.0000	0.0000	0.0000
ENSG00000228423.2	AL357552.2	lncRNA	0	0	0	0.0000	0.0000	0.0000
ENSG00000228426.1	AL645634.1	lncRNA	0	0	0	0.0000	0.0000	0.0000
ENSG00000228427.3	AL590764.1	lncRNA	20	14	6	1.8184	0.5326	0.5129
ENSG00000228429.1	AC004910.1	processed_pseudogene	0	0	0	0.0000	0.0000	0.0000
ENSG00000228430.9	AL162726.3	transcribed_unprocessed_pseudogene	9	3	6	0.1726	0.0505	0.0487
ENSG00000228431.1	ARL5AP3	processed_pseudogene	0	0	0	0.0000	0.0000	0.0000
ENSG00000228432.1	DHFRP2	processed_pseudogene	0	0	0	0.0000	0.0000	0.0000
ENSG00000228433.2	OR7E23P	unprocessed_pseudogene	0	0	0	0.0000	0.0000	0.0000
ENSG00000228434.1	AC004951.1	lncRNA	2	0	3	0.0910	0.0267	0.0257
ENSG00000228436.3	AL139260.1	lncRNA	38	60	59	1.6103	0.4717	0.4542
ENSG00000228437.5	LINC02474	lncRNA	4	1	3	0.2487	0.0728	0.0701
ENSG00000228438.1	AL445567.1	processed_pseudogene	0	0	0	0.0000	0.0000	0.0000
ENSG00000228440.1	MTND5P6	unprocessed_pseudogene	0	0	0	0.0000	0.0000	0.0000
ENSG00000228444.2	AL137244.1	lncRNA	2	1	1	0.1963	0.0575	0.0554
ENSG00000228445.1	UGT1A2P	unprocessed_pseudogene	0	0	0	0.0000	0.0000	0.0000
ENSG00000228446.2	ANKRD49P1	processed_pseudogene	1	0	1	0.1189	0.0348	0.0335
ENSG00000228450.2	AL049734.1	processed_pseudogene	0	0	0	0.0000	0.0000	0.0000
ENSG00000228451.4	SDAD1P1	transcribed_processed_pseudogene	68	32	36	1.4484	0.4242	0.4085
ENSG00000228452.1	AC098484.1	lncRNA	0	15	13	0.0000	0.0000	0.0000
ENSG00000228453.1	RPS15AP9	processed_pseudogene	0	0	0	0.0000	0.0000	0.0000
ENSG00000228459.4	LINC01546	lncRNA	3	2	1	0.0564	0.0165	0.0159
ENSG00000228460.1	CYP2C59P	unprocessed_pseudogene	0	0	0	0.0000	0.0000	0.0000
ENSG00000228462.1	RPS19P7	processed_pseudogene	3	1	2	0.6433	0.1884	0.1815
ENSG00000228463.10	AP006222.1	transcribed_processed_pseudogene	5	4	5	0.0516	0.0151	0.0146
ENSG00000228464.1	AC073614.1	processed_pseudogene	0	0	0	0.0000	0.0000	0.0000
ENSG00000228465.1	TRAPPC2P10	unprocessed_pseudogene	0	0	0	0.0000	0.0000	0.0000
ENSG00000228466.1	TUBB4AP1	processed_pseudogene	0	0	0	0.0000	0.0000	0.0000
ENSG00000228467.2	AL845311.1	lncRNA	0	0	0	0.0000	0.0000	0.0000
ENSG00000228470.1	AL929236.1	lncRNA	0	0	0	0.0000	0.0000	0.0000
ENSG00000228471.1	AC018865.1	processed_pseudogene	0	0	0	0.0000	0.0000	0.0000
ENSG00000228473.1	LIN28AP2	processed_pseudogene	0	0	0	0.0000	0.0000	0.0000
ENSG00000228474.6	OST4	protein_coding	2936	2655	2682	415.5441	121.7194	117.2066
ENSG00000228476.2	CSTP1	transcribed_unprocessed_pseudogene	0	0	0	0.0000	0.0000	0.0000
ENSG00000228477.1	AL663070.1	processed_pseudogene	6	2	4	0.7028	0.2059	0.1982
ENSG00000228478.1	AL138885.2	lncRNA	1	0	1	0.1576	0.0461	0.0444
ENSG00000228480.1	AC130464.1	unprocessed_pseudogene	0	0	0	0.0000	0.0000	0.0000
ENSG00000228481.1	PRKCE-AS1	lncRNA	1	1	0	0.2271	0.0665	0.0640
ENSG00000228482.2	LINC01713	lncRNA	0	0	0	0.0000	0.0000	0.0000
ENSG00000228484.3	AL137025.1	lncRNA	7	3	4	0.1957	0.0573	0.0552
ENSG00000228485.1	GRK5-IT1	lncRNA	6	1	5	1.2738	0.3731	0.3593
ENSG00000228486.10	C2orf92	protein_coding	26	8	18	0.3396	0.0995	0.0958
ENSG00000228487.2	AL450263.1	lncRNA	1	1	4	0.1308	0.0383	0.0369
ENSG00000228488.1	AC092168.1	lncRNA	0	0	0	0.0000	0.0000	0.0000
ENSG00000228489.1	RPL21P50	processed_pseudogene	0	0	0	0.0000	0.0000	0.0000
ENSG00000228492.2	RAB11FIP1P1	processed_pseudogene	23	50	37	1.1085	0.3247	0.3127
ENSG00000228495.2	LINC01013	lncRNA	7	5	2	0.0877	0.0257	0.0247
ENSG00000228496.1	AC106875.1	lncRNA	1	0	1	0.0725	0.0212	0.0205
ENSG00000228499.1	TMSB10P1	processed_pseudogene	10	9	1	6.4334	1.8844	1.8146
ENSG00000228501.2	RPL15P18	processed_pseudogene	6	4	2	0.8326	0.2439	0.2348
ENSG00000228502.1	EEF1A1P11	processed_pseudogene	192	88	104	11.7385	3.4384	3.3109
ENSG00000228503.1	AL357558.1	lncRNA	0	0	0	0.0000	0.0000	0.0000
ENSG00000228504.1	LINC01760	lncRNA	0	0	0	0.0000	0.0000	0.0000
ENSG00000228505.5	AC011897.1	lncRNA	0	0	0	0.0000	0.0000	0.0000
ENSG00000228506.2	AL513550.1	lncRNA	120	84	77	3.9376	1.1534	1.1106
ENSG00000228507.1	DAP3P2	processed_pseudogene	2	1	1	0.3330	0.0975	0.0939
ENSG00000228509.6	AC006460.1	lncRNA	39	588	578	0.5747	0.1683	0.1621
ENSG00000228510.2	AL359091.2	processed_pseudogene	3	1	2	0.1469	0.0430	0.0414
ENSG00000228513.1	AC023271.2	processed_pseudogene	0	1	0	0.0000	0.0000	0.0000
ENSG00000228517.3	CT47A7	protein_coding	0	0	0	0.0000	0.0000	0.0000
ENSG00000228518.1	SURF6P1	processed_pseudogene	0	0	0	0.0000	0.0000	0.0000
ENSG00000228519.3	RANBP1P1	processed_pseudogene	33	20	13	4.6244	1.3546	1.3043
ENSG00000228521.2	AC099552.3	lncRNA	0	0	0	0.0000	0.0000	0.0000
ENSG00000228522.2	AL845321.1	transcribed_unprocessed_pseudogene	8	3	5	0.7782	0.2279	0.2195
ENSG00000228523.1	DNAJB6P4	processed_pseudogene	1	0	1	0.1166	0.0342	0.0329
ENSG00000228525.1	AL353689.1	processed_pseudogene	0	0	0	0.0000	0.0000	0.0000
ENSG00000228526.7	MIR34AHG	lncRNA	306	169	164	2.9862	0.8747	0.8423
ENSG00000228527.1	AC016396.1	lncRNA	0	0	0	0.0000	0.0000	0.0000
ENSG00000228528.2	AC068057.1	lncRNA	0	0	0	0.0000	0.0000	0.0000
ENSG00000228530.1	AL445687.1	processed_pseudogene	0	0	0	0.0000	0.0000	0.0000
ENSG00000228532.4	SUMO2P21	processed_pseudogene	16	11	5	4.7178	1.3819	1.3307
ENSG00000228536.3	LYPLAL1-AS1	lncRNA	12	6	6	0.3592	0.1052	0.1013
ENSG00000228538.7	AC009411.1	lncRNA	0	0	0	0.0000	0.0000	0.0000
ENSG00000228539.1	AL157413.1	lncRNA	0	0	0	0.0000	0.0000	0.0000
ENSG00000228540.1	AC073326.1	lncRNA	7	6	1	1.0672	0.3126	0.3010
ENSG00000228541.1	AC093159.1	lncRNA	3	0	3	0.6009	0.1760	0.1695
ENSG00000228543.1	AC003684.1	lncRNA	0	0	0	0.0000	0.0000	0.0000
ENSG00000228544.1	CCDC183-AS1	lncRNA	12	25	13	0.4271	0.1251	0.1205
ENSG00000228546.2	PMS2P12	unprocessed_pseudogene	4	3	2	0.9082	0.2660	0.2562
ENSG00000228547.5	OR7E26P	unprocessed_pseudogene	0	0	0	0.0000	0.0000	0.0000
ENSG00000228548.1	ITPKB-AS1	lncRNA	1	0	1	0.1578	0.0462	0.0445
ENSG00000228549.4	BX284668.2	lncRNA	1	0	1	0.0258	0.0076	0.0073
ENSG00000228550.1	AC073583.1	processed_pseudogene	0	0	0	0.0000	0.0000	0.0000
ENSG00000228551.1	SNRPGP9	processed_pseudogene	0	0	0	0.0000	0.0000	0.0000
ENSG00000228553.1	AL389885.1	lncRNA	0	0	0	0.0000	0.0000	0.0000
ENSG00000228554.1	AC004837.2	lncRNA	3	0	3	0.3485	0.1021	0.0983
ENSG00000228557.1	HSPA8P17	processed_pseudogene	0	0	0	0.0000	0.0000	0.0000
ENSG00000228559.2	AL033519.4	lncRNA	0	0	0	0.0000	0.0000	0.0000
ENSG00000228560.1	AL513323.1	lncRNA	0	0	0	0.0000	0.0000	0.0000
ENSG00000228561.2	AC026355.2	lncRNA	0	0	0	0.0000	0.0000	0.0000
ENSG00000228563.1	AL133247.1	lncRNA	0	0	0	0.0000	0.0000	0.0000
ENSG00000228564.2	LINC01005	lncRNA	0	0	0	0.0000	0.0000	0.0000
ENSG00000228566.2	AC013287.1	lncRNA	2	1	1	0.0577	0.0169	0.0163
ENSG00000228567.3	VN1R4	protein_coding	0	0	0	0.0000	0.0000	0.0000
ENSG00000228568.1	RPS15AP13	processed_pseudogene	0	0	0	0.0000	0.0000	0.0000
ENSG00000228570.7	NUTM2E	protein_coding	2	0	2	0.0469	0.0137	0.0132
ENSG00000228571.1	HSFY7P	unprocessed_pseudogene	0	0	0	0.0000	0.0000	0.0000
ENSG00000228572.7	AL954722.1	unprocessed_pseudogene	0	0	0	0.0000	0.0000	0.0000
ENSG00000228572.7_PAR_Y	AL954722.1	unprocessed_pseudogene	0	0	0	0.0000	0.0000	0.0000
ENSG00000228573.1	AL138962.1	lncRNA	0	0	0	0.0000	0.0000	0.0000
ENSG00000228577.1	AC010731.1	lncRNA	15	6	9	2.8950	0.8480	0.8166
ENSG00000228578.1	TUBB1P2	unprocessed_pseudogene	0	0	0	0.0000	0.0000	0.0000
ENSG00000228585.1	AC073143.1	processed_pseudogene	0	0	0	0.0000	0.0000	0.0000
ENSG00000228586.1	AC005042.1	lncRNA	0	0	0	0.0000	0.0000	0.0000
ENSG00000228587.1	AL049748.1	lncRNA	0	1	0	0.0000	0.0000	0.0000
ENSG00000228589.3	SPCS2P4	processed_pseudogene	106	52	54	13.2182	3.8718	3.7283
ENSG00000228590.2	MIR4432HG	lncRNA	1	0	1	0.0094	0.0028	0.0027
ENSG00000228592.2	D21S2088E	lncRNA	0	0	0	0.0000	0.0000	0.0000
ENSG00000228593.1	CFTRP1	unprocessed_pseudogene	0	0	0	0.0000	0.0000	0.0000
ENSG00000228594.4	FNDC10	protein_coding	119	48	71	4.7578	1.3936	1.3420
ENSG00000228595.1	PAICSP2	processed_pseudogene	0	0	0	0.0000	0.0000	0.0000
ENSG00000228596.1	AC013436.1	lncRNA	0	0	0	0.0000	0.0000	0.0000
ENSG00000228597.1	MTND4P1	processed_pseudogene	0	0	0	0.0000	0.0000	0.0000
ENSG00000228598.1	MACC1-AS1	lncRNA	0	0	0	0.0000	0.0000	0.0000
ENSG00000228599.1	RPL7P52	processed_pseudogene	1	1	0	0.1144	0.0335	0.0323
ENSG00000228600.1	POLR2CP1	processed_pseudogene	6	5	1	0.6660	0.1951	0.1879
ENSG00000228601.1	RPL39P	processed_pseudogene	0	2	4	0.0000	0.0000	0.0000
ENSG00000228604.3	AL121759.1	lncRNA	0	1	2	0.0000	0.0000	0.0000
ENSG00000228606.3	AL139011.1	lncRNA	3	131	144	0.1854	0.0543	0.0523
ENSG00000228607.2	CLDN25	protein_coding	0	0	0	0.0000	0.0000	0.0000
ENSG00000228610.1	PDCL2P1	processed_pseudogene	0	0	0	0.0000	0.0000	0.0000
ENSG00000228611.2	HNF4GP1	processed_pseudogene	0	0	0	0.0000	0.0000	0.0000
ENSG00000228612.2	HK2P1	processed_pseudogene	15	8	7	0.4654	0.1363	0.1313
ENSG00000228613.1	AC141930.1	lncRNA	0	0	0	0.0000	0.0000	0.0000
ENSG00000228615.1	CENPNP2	processed_pseudogene	0	0	0	0.0000	0.0000	0.0000
ENSG00000228618.1	AC012462.2	lncRNA	0	0	0	0.0000	0.0000	0.0000
ENSG00000228620.1	Z97056.1	lncRNA	0	1	0	0.0000	0.0000	0.0000
ENSG00000228622.1	Z82198.1	lncRNA	0	0	0	0.0000	0.0000	0.0000
ENSG00000228623.6	ZNF883	transcribed_unprocessed_pseudogene	1	1	0	0.0151	0.0044	0.0043
ENSG00000228624.7	HDAC2-AS2	lncRNA	33	13	20	0.3476	0.1018	0.0980
ENSG00000228625.1	AL451047.1	lncRNA	0	0	0	0.0000	0.0000	0.0000
ENSG00000228626.1	AC245100.3	unprocessed_pseudogene	0	0	0	0.0000	0.0000	0.0000
ENSG00000228627.2	AC009468.1	lncRNA	0	0	0	0.0000	0.0000	0.0000
ENSG00000228629.2	AC092295.1	lncRNA	1	2	1	0.1957	0.0573	0.0552
ENSG00000228630.5	HOTAIR	lncRNA	25	14	16	0.8159	0.2390	0.2301
ENSG00000228634.1	AL136115.1	lncRNA	0	0	0	0.0000	0.0000	0.0000
ENSG00000228636.3	LINC02663	lncRNA	0	0	0	0.0000	0.0000	0.0000
ENSG00000228638.1	FCF1P2	transcribed_processed_pseudogene	0	0	0	0.0000	0.0000	0.0000
ENSG00000228639.8	ROCR	lncRNA	1	9	16	0.0237	0.0069	0.0067
ENSG00000228643.1	AC079779.2	lncRNA	0	0	0	0.0000	0.0000	0.0000
ENSG00000228645.2	PHKG1P2	processed_pseudogene	0	0	0	0.0000	0.0000	0.0000
ENSG00000228646.3	RPL31P13	processed_pseudogene	0	0	0	0.0000	0.0000	0.0000
ENSG00000228648.1	AL353747.2	lncRNA	0	0	0	0.0000	0.0000	0.0000
ENSG00000228649.9	SNHG26	lncRNA	75	38	40	1.0683	0.3129	0.3013
ENSG00000228650.2	AC008940.1	lncRNA	0	0	0	0.0000	0.0000	0.0000
ENSG00000228653.2	HNRNPCP7	processed_pseudogene	3	0	3	0.2815	0.0825	0.0794
ENSG00000228655.7	AC079793.1	lncRNA	2	1	1	0.0505	0.0148	0.0142
ENSG00000228656.1	MYO5BP3	processed_pseudogene	0	0	0	0.0000	0.0000	0.0000
ENSG00000228657.1	RPL23AP58	processed_pseudogene	1	1	0	0.1811	0.0530	0.0511
ENSG00000228658.1	AL772202.1	lncRNA	0	0	0	0.0000	0.0000	0.0000
ENSG00000228659.1	LINC01201	lncRNA	0	0	0	0.0000	0.0000	0.0000
ENSG00000228660.1	VN1R35P	transcribed_unprocessed_pseudogene	0	0	0	0.0000	0.0000	0.0000
ENSG00000228661.1	STIM1-AS1	lncRNA	3	9	12	0.5157	0.1511	0.1455
ENSG00000228663.1	PSMD10P1	processed_pseudogene	3	2	1	0.3741	0.1096	0.1055
ENSG00000228664.1	AL513480.1	processed_pseudogene	0	0	0	0.0000	0.0000	0.0000
ENSG00000228665.2	BX679664.1	processed_pseudogene	2	1	1	0.6713	0.1966	0.1893
ENSG00000228666.1	KRT18P1	processed_pseudogene	0	0	0	0.0000	0.0000	0.0000
ENSG00000228667.1	AL157385.1	processed_pseudogene	0	0	0	0.0000	0.0000	0.0000
ENSG00000228668.1	TRGV5P	TR_V_pseudogene	7	5	2	1.6792	0.4919	0.4736
ENSG00000228669.2	LINC00448	lncRNA	0	0	0	0.0000	0.0000	0.0000
ENSG00000228670.4	NANOGP2	processed_pseudogene	0	0	0	0.0000	0.0000	0.0000
ENSG00000228672.4	PROB1	protein_coding	30	15	15	0.5645	0.1654	0.1592
ENSG00000228674.4	PPIAP59	processed_pseudogene	1	0	1	0.1723	0.0505	0.0486
ENSG00000228675.1	AC006482.1	lncRNA	0	0	0	0.0000	0.0000	0.0000
ENSG00000228677.1	TTC3-AS1	lncRNA	5	137	136	0.3871	0.1134	0.1092
ENSG00000228679.1	AL034347.1	lncRNA	0	0	0	0.0000	0.0000	0.0000
ENSG00000228680.1	AC004692.2	lncRNA	0	0	1	0.0000	0.0000	0.0000
ENSG00000228681.1	AC008072.1	processed_pseudogene	0	0	0	0.0000	0.0000	0.0000
ENSG00000228683.1	AC016820.1	lncRNA	0	0	0	0.0000	0.0000	0.0000
ENSG00000228685.1	AL365356.2	processed_pseudogene	0	0	0	0.0000	0.0000	0.0000
ENSG00000228686.2	AL590723.1	lncRNA	2	1	1	0.2700	0.0791	0.0762
ENSG00000228687.1	AL035407.2	unprocessed_pseudogene	0	0	0	0.0000	0.0000	0.0000
ENSG00000228688.1	COL11A2P1	unprocessed_pseudogene	0	0	0	0.0000	0.0000	0.0000
ENSG00000228689.8	AL355997.1	lncRNA	0	0	0	0.0000	0.0000	0.0000
ENSG00000228692.2	AL445307.1	lncRNA	0	0	0	0.0000	0.0000	0.0000
ENSG00000228694.1	MTND4P18	processed_pseudogene	0	0	0	0.0000	0.0000	0.0000
ENSG00000228695.10	CES1P1	transcribed_unprocessed_pseudogene	0	0	0	0.0000	0.0000	0.0000
ENSG00000228696.10	ARL17B	protein_coding	3	1	3	0.0247	0.0072	0.0070
ENSG00000228697.4	AL023755.1	lncRNA	0	0	0	0.0000	0.0000	0.0000
ENSG00000228700.1	AC010655.1	processed_pseudogene	0	0	0	0.0000	0.0000	0.0000
ENSG00000228701.2	TNKS2-AS1	lncRNA	18	9	9	1.5332	0.4491	0.4324
ENSG00000228702.1	AL645998.1	processed_pseudogene	2	1	1	0.4923	0.1442	0.1389
ENSG00000228703.1	AL355310.2	lncRNA	0	217	234	0.0000	0.0000	0.0000
ENSG00000228705.2	LINC00659	lncRNA	0	0	0	0.0000	0.0000	0.0000
ENSG00000228707.1	AL691426.1	lncRNA	0	0	0	0.0000	0.0000	0.0000
ENSG00000228708.1	AL109763.1	lncRNA	0	0	0	0.0000	0.0000	0.0000
ENSG00000228709.1	LINC02575	lncRNA	0	0	0	0.0000	0.0000	0.0000
ENSG00000228711.1	AC004006.1	processed_pseudogene	0	0	0	0.0000	0.0000	0.0000
ENSG00000228714.4	AL691420.1	lncRNA	1	0	1	0.0284	0.0083	0.0080
ENSG00000228716.7	DHFR	protein_coding	891	444	475	17.1535	5.0245	4.8382
ENSG00000228717.1	AF013593.1	processed_pseudogene	1	0	1	0.0571	0.0167	0.0161
ENSG00000228718.2	LINC02521	lncRNA	3	2	1	0.1391	0.0408	0.0392
ENSG00000228719.1	AL022313.2	lncRNA	0	0	0	0.0000	0.0000	0.0000
ENSG00000228721.1	AC016909.1	processed_pseudogene	0	0	0	0.0000	0.0000	0.0000
ENSG00000228723.6	SRGAP3-AS2	lncRNA	0	0	0	0.0000	0.0000	0.0000
ENSG00000228725.3	MTND2P12	unprocessed_pseudogene	1	1	0	0.0678	0.0199	0.0191
ENSG00000228727.9	SAPCD1	protein_coding	0	0	0	0.0000	0.0000	0.0000
ENSG00000228728.1	PPIAP91	processed_pseudogene	2	1	1	0.3438	0.1007	0.0970
ENSG00000228729.1	AL627308.1	processed_pseudogene	0	0	0	0.0000	0.0000	0.0000
ENSG00000228730.2	LINC02013	lncRNA	0	0	0	0.0000	0.0000	0.0000
ENSG00000228734.2	AC096543.2	lncRNA	4	1	3	0.3954	0.1158	0.1115
ENSG00000228735.1	AC011228.1	lncRNA	0	0	0	0.0000	0.0000	0.0000
ENSG00000228737.2	AC008781.1	lncRNA	0	233	191	0.0000	0.0000	0.0000
ENSG00000228739.1	AL162384.1	lncRNA	28	16	12	4.7651	1.3958	1.3440
ENSG00000228740.3	GABRG3-AS1	lncRNA	0	0	0	0.0000	0.0000	0.0000
ENSG00000228741.2	AL445985.1	lncRNA	6	2	4	0.2961	0.0867	0.0835
ENSG00000228742.11	LINC02577	lncRNA	17	10	7	0.3201	0.0938	0.0903
ENSG00000228744.1	RPS3AP30	processed_pseudogene	0	0	0	0.0000	0.0000	0.0000
ENSG00000228748.2	AL450306.1	lncRNA	3	290	376	0.0721	0.0211	0.0203
ENSG00000228750.7	LINC01672	lncRNA	1	0	1	0.0388	0.0114	0.0109
ENSG00000228751.1	AC004022.1	processed_pseudogene	0	0	0	0.0000	0.0000	0.0000
ENSG00000228753.1	EIF4BP2	processed_pseudogene	4	3	1	0.1893	0.0555	0.0534
ENSG00000228754.1	RPL13AP19	processed_pseudogene	0	0	0	0.0000	0.0000	0.0000
ENSG00000228755.1	PABPC1P8	processed_pseudogene	0	0	0	0.0000	0.0000	0.0000
ENSG00000228757.1	AC244452.1	unprocessed_pseudogene	0	0	0	0.0000	0.0000	0.0000
ENSG00000228759.1	FAF2P1	processed_pseudogene	0	0	0	0.0000	0.0000	0.0000
ENSG00000228763.1	LIMS1-AS1	lncRNA	4	2	2	0.7121	0.2086	0.2009
ENSG00000228764.1	ZNF885P	processed_pseudogene	0	0	0	0.0000	0.0000	0.0000
ENSG00000228766.3	RPL7L1P8	processed_pseudogene	1	0	1	0.1146	0.0336	0.0323
ENSG00000228767.1	KRT8P18	processed_pseudogene	0	0	0	0.0000	0.0000	0.0000
ENSG00000228768.3	AC003101.1	lncRNA	0	0	0	0.0000	0.0000	0.0000
ENSG00000228769.1	ABCF2P2	unprocessed_pseudogene	0	0	0	0.0000	0.0000	0.0000
ENSG00000228770.1	AC007327.1	processed_pseudogene	0	0	0	0.0000	0.0000	0.0000
ENSG00000228771.1	BX510359.3	unprocessed_pseudogene	0	0	0	0.0000	0.0000	0.0000
ENSG00000228772.2	AL033539.1	lncRNA	0	0	0	0.0000	0.0000	0.0000
ENSG00000228775.8	WEE2-AS1	lncRNA	25	20	31	0.3179	0.0931	0.0897
ENSG00000228776.2	AC114492.1	processed_pseudogene	0	0	0	0.0000	0.0000	0.0000
ENSG00000228777.2	LINC02534	lncRNA	0	0	0	0.0000	0.0000	0.0000
ENSG00000228778.2	AL513542.1	lncRNA	0	0	0	0.0000	0.0000	0.0000
ENSG00000228779.1	Z69666.1	lncRNA	1	0	1	0.1060	0.0311	0.0299
ENSG00000228780.2	Z92545.1	processed_pseudogene	0	0	0	0.0000	0.0000	0.0000
ENSG00000228781.1	AL353705.1	processed_pseudogene	0	0	0	0.0000	0.0000	0.0000
ENSG00000228782.7	MRPL45P2	transcribed_unprocessed_pseudogene	49	21	28	1.9834	0.5810	0.5594
ENSG00000228783.1	H3P29	processed_pseudogene	0	0	0	0.0000	0.0000	0.0000
ENSG00000228784.9	LINC00954	lncRNA	17	8	9	0.2224	0.0651	0.0627
ENSG00000228786.5	LINC00266-4P	lncRNA	0	0	0	0.0000	0.0000	0.0000
ENSG00000228787.1	NLGN4Y-AS1	lncRNA	1	0	1	0.1596	0.0468	0.0450
ENSG00000228789.8	HCG22	transcribed_unitary_pseudogene	7	3	5	0.2723	0.0798	0.0768
ENSG00000228790.1	AC245128.2	unprocessed_pseudogene	0	0	0	0.0000	0.0000	0.0000
ENSG00000228791.8	THRB-AS1	lncRNA	3	1	3	0.0333	0.0097	0.0094
ENSG00000228792.3	AL356310.1	lncRNA	0	0	0	0.0000	0.0000	0.0000
ENSG00000228793.2	AL033523.1	lncRNA	0	0	0	0.0000	0.0000	0.0000
ENSG00000228794.10	LINC01128	lncRNA	602	315	326	3.2599	0.9549	0.9195
ENSG00000228797.2	FAM207BP	processed_pseudogene	19	8	11	3.1950	0.9359	0.9012
ENSG00000228799.6	LINC01939	lncRNA	0	0	0	0.0000	0.0000	0.0000
ENSG00000228800.1	AL590068.1	lncRNA	0	0	0	0.0000	0.0000	0.0000
ENSG00000228801.6	AC064807.1	lncRNA	321	162	159	5.6637	1.6590	1.5975
ENSG00000228802.1	AC073641.1	lncRNA	2	172	149	0.3959	0.1160	0.1117
ENSG00000228803.1	MTCYBP42	processed_pseudogene	0	0	0	0.0000	0.0000	0.0000
ENSG00000228804.5	AC072022.1	lncRNA	1	38	48	0.1184	0.0347	0.0334
ENSG00000228806.1	AC092628.1	unprocessed_pseudogene	0	0	0	0.0000	0.0000	0.0000
ENSG00000228807.1	MRPS18CP6	processed_pseudogene	0	0	0	0.0000	0.0000	0.0000
ENSG00000228808.1	HMGB3P4	processed_pseudogene	0	0	0	0.0000	0.0000	0.0000
ENSG00000228809.2	AL034428.1	lncRNA	0	0	0	0.0000	0.0000	0.0000
ENSG00000228810.1	PABPC1P11	processed_pseudogene	0	0	0	0.0000	0.0000	0.0000
ENSG00000228812.7	LAMA5-AS1	lncRNA	0	15	12	0.0000	0.0000	0.0000
ENSG00000228814.4	AC017007.1	transcribed_processed_pseudogene	0	0	0	0.0000	0.0000	0.0000
ENSG00000228815.1	MARK2P13	processed_pseudogene	0	0	0	0.0000	0.0000	0.0000
ENSG00000228816.1	AK3P5	processed_pseudogene	0	0	0	0.0000	0.0000	0.0000
ENSG00000228817.4	BACH1-IT2	lncRNA	4	3	1	0.2631	0.0771	0.0742
ENSG00000228818.1	AL359918.1	processed_pseudogene	15	5	10	0.4683	0.1372	0.1321
ENSG00000228819.1	AL049792.1	processed_pseudogene	2	2	0	0.1346	0.0394	0.0380
ENSG00000228820.2	RPSAP1	processed_pseudogene	0	0	0	0.0000	0.0000	0.0000
ENSG00000228823.1	AL592309.1	unprocessed_pseudogene	0	0	0	0.0000	0.0000	0.0000
ENSG00000228824.7	MIR4500HG	lncRNA	5	2	3	0.0263	0.0077	0.0074
ENSG00000228825.1	LAMTOR3P1	processed_pseudogene	0	0	0	0.0000	0.0000	0.0000
ENSG00000228826.3	AL592494.1	lncRNA	4	0	4	0.6244	0.1829	0.1761
ENSG00000228827.1	AL929410.1	unprocessed_pseudogene	0	0	0	0.0000	0.0000	0.0000
ENSG00000228828.1	TLK2P2	processed_pseudogene	0	0	0	0.0000	0.0000	0.0000
ENSG00000228829.1	AC005077.3	transcribed_unprocessed_pseudogene	0	0	0	0.0000	0.0000	0.0000
ENSG00000228830.1	AL160408.2	lncRNA	0	774	766	0.0000	0.0000	0.0000
ENSG00000228833.1	AC244098.2	unprocessed_pseudogene	0	0	0	0.0000	0.0000	0.0000
ENSG00000228834.1	ATP5MFP2	processed_pseudogene	0	0	0	0.0000	0.0000	0.0000
ENSG00000228835.1	AC012123.1	lncRNA	0	0	2	0.0000	0.0000	0.0000
ENSG00000228836.8	CT45A5	protein_coding	0	0	0	0.0000	0.0000	0.0000
ENSG00000228837.2	CBX3P6	processed_pseudogene	0	0	0	0.0000	0.0000	0.0000
ENSG00000228838.1	AL355483.1	lncRNA	0	42	55	0.0000	0.0000	0.0000
ENSG00000228839.5	PIK3IP1-DT	lncRNA	2	5	1	0.2731	0.0800	0.0770
ENSG00000228842.3	PCDH9-AS2	lncRNA	0	0	0	0.0000	0.0000	0.0000
ENSG00000228843.2	AL133410.2	lncRNA	0	50	50	0.0000	0.0000	0.0000
ENSG00000228844.1	AL358176.3	processed_pseudogene	0	0	0	0.0000	0.0000	0.0000
ENSG00000228847.1	ATP5MC2P4	processed_pseudogene	3	2	1	0.6066	0.1777	0.1711
ENSG00000228848.3	RPS20P13	processed_pseudogene	0	0	0	0.0000	0.0000	0.0000
ENSG00000228850.1	CDY12P	unprocessed_pseudogene	0	0	0	0.0000	0.0000	0.0000
ENSG00000228851.1	MTCO3P4	unprocessed_pseudogene	0	0	0	0.0000	0.0000	0.0000
ENSG00000228852.6	AC092802.2	lncRNA	4	3	1	0.2395	0.0702	0.0676
ENSG00000228853.1	NEGR1-IT1	lncRNA	0	0	0	0.0000	0.0000	0.0000
ENSG00000228855.1	AL009048.1	processed_pseudogene	0	0	0	0.0000	0.0000	0.0000
ENSG00000228856.3	USP17L30	protein_coding	0	0	0	0.0000	0.0000	0.0000
ENSG00000228857.2	AC104653.1	lncRNA	8	4	5	1.0125	0.2966	0.2856
ENSG00000228860.1	AL731547.1	processed_pseudogene	0	0	0	0.0000	0.0000	0.0000
ENSG00000228861.5	RPL23AP12	processed_pseudogene	2	1	1	0.3591	0.1052	0.1013
ENSG00000228862.4	AC068389.1	lncRNA	0	0	0	0.0000	0.0000	0.0000
ENSG00000228863.8	AL121985.1	lncRNA	2	220	221	0.0412	0.0121	0.0116
ENSG00000228868.3	MYLKP1	unprocessed_pseudogene	2	2	0	0.1075	0.0315	0.0303
ENSG00000228869.1	COX4I1P2	processed_pseudogene	0	0	0	0.0000	0.0000	0.0000
ENSG00000228872.2	CSP1	processed_pseudogene	0	0	0	0.0000	0.0000	0.0000
ENSG00000228873.1	AC012307.1	lncRNA	0	0	0	0.0000	0.0000	0.0000
ENSG00000228874.1	AC090954.1	processed_pseudogene	0	0	0	0.0000	0.0000	0.0000
ENSG00000228876.4	AC010745.2	lncRNA	0	0	0	0.0000	0.0000	0.0000
ENSG00000228877.2	AL669970.3	lncRNA	0	0	0	0.0000	0.0000	0.0000
ENSG00000228878.8	SEPTIN7-DT	lncRNA	61	31	30	1.2601	0.3691	0.3554
ENSG00000228879.1	RPL35AP6	processed_pseudogene	0	0	0	0.0000	0.0000	0.0000
ENSG00000228882.1	CICP9	processed_pseudogene	0	0	0	0.0000	0.0000	0.0000
ENSG00000228884.2	RPL23AP26	processed_pseudogene	0	0	0	0.0000	0.0000	0.0000
ENSG00000228886.1	AL138963.1	lncRNA	0	0	0	0.0000	0.0000	0.0000
ENSG00000228887.3	EEF1DP1	processed_pseudogene	46	26	21	4.3598	1.2770	1.2297
ENSG00000228888.1	LINC01428	lncRNA	0	0	0	0.0000	0.0000	0.0000
ENSG00000228889.7	UBAC2-AS1	lncRNA	39	18	21	1.2602	0.3691	0.3555
ENSG00000228890.1	TTTY21	lncRNA	0	0	0	0.0000	0.0000	0.0000
ENSG00000228897.1	AC012441.2	processed_pseudogene	0	0	0	0.0000	0.0000	0.0000
ENSG00000228898.1	MTCO1P43	unprocessed_pseudogene	1	1	0	0.1740	0.0510	0.0491
ENSG00000228901.3	HMGN2P36	processed_pseudogene	1	1	0	0.2076	0.0608	0.0586
ENSG00000228902.1	ST6GALNAC2P1	processed_pseudogene	0	0	0	0.0000	0.0000	0.0000
ENSG00000228903.7	RASA4CP	transcribed_unprocessed_pseudogene	42	80	73	0.8794	0.2576	0.2480
ENSG00000228906.1	AL353804.1	lncRNA	4	4	0	0.7532	0.2206	0.2124
ENSG00000228909.2	LINC01803	lncRNA	0	0	0	0.0000	0.0000	0.0000
ENSG00000228914.2	OR1H1P	unprocessed_pseudogene	0	0	0	0.0000	0.0000	0.0000
ENSG00000228915.3	OR7E128P	unprocessed_pseudogene	2	1	1	0.1659	0.0486	0.0468
ENSG00000228917.1	NECTIN4-AS1	lncRNA	0	0	0	0.0000	0.0000	0.0000
ENSG00000228918.4	LINC01344	lncRNA	5	2	3	0.0637	0.0187	0.0180
ENSG00000228919.5	AC097381.1	lncRNA	0	8	6	0.0000	0.0000	0.0000
ENSG00000228922.1	AC234771.2	unprocessed_pseudogene	0	0	0	0.0000	0.0000	0.0000
ENSG00000228923.1	AP000355.1	lncRNA	1	1	0	0.1769	0.0518	0.0499
ENSG00000228925.1	AC016722.2	lncRNA	5	282	272	0.2314	0.0678	0.0653
ENSG00000228927.10	TSPY3	protein_coding	0	0	0	0.0000	0.0000	0.0000
ENSG00000228928.1	KPNA2P2	processed_pseudogene	1	1	0	0.0570	0.0167	0.0161
ENSG00000228929.1	RPS13P2	processed_pseudogene	31	20	11	5.7858	1.6947	1.6319
ENSG00000228930.1	MTCO1P3	processed_pseudogene	1	1	0	0.4423	0.1296	0.1248
ENSG00000228933.8	AC107419.1	lncRNA	0	0	0	0.0000	0.0000	0.0000
ENSG00000228935.1	AL353132.1	processed_pseudogene	2	2	0	0.0831	0.0244	0.0234
ENSG00000228937.1	MTA3P1	processed_pseudogene	0	0	0	0.0000	0.0000	0.0000
ENSG00000228938.3	SNRPD2P1	processed_pseudogene	1	0	1	0.2399	0.0703	0.0677
ENSG00000228939.1	AKT3-IT1	lncRNA	1	1	0	0.1643	0.0481	0.0463
ENSG00000228940.1	AL391730.1	unprocessed_pseudogene	0	0	0	0.0000	0.0000	0.0000
ENSG00000228941.1	UBE3AP2	processed_pseudogene	0	0	0	0.0000	0.0000	0.0000
ENSG00000228943.1	AL137792.2	processed_pseudogene	0	0	0	0.0000	0.0000	0.0000
ENSG00000228944.1	AC004485.1	lncRNA	0	0	0	0.0000	0.0000	0.0000
ENSG00000228945.3	CLUHP2	unprocessed_pseudogene	0	0	0	0.0000	0.0000	0.0000
ENSG00000228948.2	SLC25A6P5	processed_pseudogene	0	0	0	0.0000	0.0000	0.0000
ENSG00000228949.1	UGT1A12P	unprocessed_pseudogene	0	0	0	0.0000	0.0000	0.0000
ENSG00000228950.1	AC023137.1	lncRNA	0	0	0	0.0000	0.0000	0.0000
ENSG00000228952.1	LINC02041	lncRNA	81	36	45	27.9616	8.1904	7.8867
ENSG00000228953.1	AC006026.2	processed_pseudogene	0	0	0	0.0000	0.0000	0.0000
ENSG00000228955.2	AL591623.2	processed_pseudogene	2	0	2	0.7650	0.2241	0.2158
ENSG00000228956.8	SATB1-AS1	lncRNA	21	15	6	0.1320	0.0387	0.0372
ENSG00000228957.1	AL512590.1	unprocessed_pseudogene	0	0	0	0.0000	0.0000	0.0000
ENSG00000228958.1	PIGPP3	processed_pseudogene	0	0	0	0.0000	0.0000	0.0000
ENSG00000228959.1	AL049812.3	lncRNA	0	0	0	0.0000	0.0000	0.0000
ENSG00000228960.6	OR2A9P	transcribed_unprocessed_pseudogene	2	2	2	0.0509	0.0149	0.0144
ENSG00000228961.1	LINC01690	lncRNA	0	0	0	0.0000	0.0000	0.0000
ENSG00000228963.3	OR7E93P	unprocessed_pseudogene	0	0	0	0.0000	0.0000	0.0000
ENSG00000228965.1	RPSAP60	processed_pseudogene	0	0	0	0.0000	0.0000	0.0000
ENSG00000228966.2	HOMER2P1	processed_pseudogene	0	0	0	0.0000	0.0000	0.0000
ENSG00000228968.1	AC096554.1	lncRNA	0	0	0	0.0000	0.0000	0.0000
ENSG00000228970.6	UBTFL6	unprocessed_pseudogene	45	19	26	3.7319	1.0931	1.0526
ENSG00000228971.3	LINC02607	lncRNA	0	0	0	0.0000	0.0000	0.0000
ENSG00000228973.1	AC009955.1	lncRNA	0	0	0	0.0000	0.0000	0.0000
ENSG00000228974.5	AC006483.1	processed_pseudogene	10	6	5	2.7131	0.7947	0.7652
ENSG00000228976.1	SUMO2P8	processed_pseudogene	0	0	0	0.0000	0.0000	0.0000
ENSG00000228979.4	PPIAP55	processed_pseudogene	7	4	3	1.2131	0.3554	0.3422
ENSG00000228980.4	LINC01205	lncRNA	0	0	0	0.0000	0.0000	0.0000
ENSG00000228981.3	AC097658.1	processed_pseudogene	42	26	16	4.2309	1.2393	1.1934
ENSG00000228982.1	AL627095.1	unprocessed_pseudogene	0	0	0	0.0000	0.0000	0.0000
ENSG00000228983.9	SLC47A1P1	transcribed_unprocessed_pseudogene	0	0	0	0.0000	0.0000	0.0000
ENSG00000228984.3	AC021451.1	processed_pseudogene	0	0	0	0.0000	0.0000	0.0000
ENSG00000228985.1	TRDD3	TR_D_gene	0	0	0	0.0000	0.0000	0.0000
ENSG00000228986.1	AC234781.3	processed_pseudogene	0	1	0	0.0000	0.0000	0.0000
ENSG00000228988.1	AL353771.1	lncRNA	0	0	0	0.0000	0.0000	0.0000
ENSG00000228992.2	RPL5P32	processed_pseudogene	1	1	0	0.0966	0.0283	0.0272
ENSG00000228995.1	MTND1P9	processed_pseudogene	1	1	0	0.0900	0.0264	0.0254
ENSG00000228997.1	AL136452.1	processed_pseudogene	0	0	0	0.0000	0.0000	0.0000
ENSG00000228998.4	AC091167.1	transcribed_processed_pseudogene	4	2	2	0.5777	0.1692	0.1629
ENSG00000228999.4	AC096570.1	lncRNA	1	1	0	0.0120	0.0035	0.0034
ENSG00000229000.1	SEPTIN7P8	processed_pseudogene	1	0	1	0.1096	0.0321	0.0309
ENSG00000229001.1	ACTBP14	processed_pseudogene	0	0	0	0.0000	0.0000	0.0000
ENSG00000229002.1	AC246785.1	unprocessed_pseudogene	0	0	0	0.0000	0.0000	0.0000
ENSG00000229005.2	HNF4A-AS1	lncRNA	0	0	0	0.0000	0.0000	0.0000
ENSG00000229007.1	EXOSC3P1	processed_pseudogene	1	1	4	0.1698	0.0497	0.0479
ENSG00000229009.7	TMPRSS11GP	transcribed_unprocessed_pseudogene	0	0	0	0.0000	0.0000	0.0000
ENSG00000229010.1	AL161672.1	processed_pseudogene	0	0	0	0.0000	0.0000	0.0000
ENSG00000229011.1	LINC01038	lncRNA	0	0	0	0.0000	0.0000	0.0000
ENSG00000229012.1	AC003685.1	lncRNA	0	0	0	0.0000	0.0000	0.0000
ENSG00000229013.1	AC083939.1	processed_pseudogene	0	0	0	0.0000	0.0000	0.0000
ENSG00000229014.3	RPL30P13	processed_pseudogene	0	0	0	0.0000	0.0000	0.0000
ENSG00000229015.2	AL450472.1	transcribed_unprocessed_pseudogene	0	0	0	0.0000	0.0000	0.0000
ENSG00000229016.1	AC096638.2	processed_pseudogene	0	0	0	0.0000	0.0000	0.0000
ENSG00000229017.7	LINC01277	lncRNA	3	2	1	0.0609	0.0179	0.0172
ENSG00000229018.5	PMS2P7	unprocessed_pseudogene	1	13	16	0.0636	0.0186	0.0179
ENSG00000229019.1	AL161457.1	lncRNA	0	0	0	0.0000	0.0000	0.0000
ENSG00000229020.4	AKR7A2P1	processed_pseudogene	3	2	1	0.2784	0.0816	0.0785
ENSG00000229021.2	AL450992.1	lncRNA	2	1	1	0.0413	0.0121	0.0117
ENSG00000229022.1	AL365366.1	processed_pseudogene	1	1	0	0.0996	0.0292	0.0281
ENSG00000229023.1	RAB1AP1	processed_pseudogene	29	12	17	3.9849	1.1673	1.1240
ENSG00000229025.1	AP001595.1	lncRNA	0	0	0	0.0000	0.0000	0.0000
ENSG00000229027.3	HSFY1P1	transcribed_unprocessed_pseudogene	0	0	0	0.0000	0.0000	0.0000
ENSG00000229028.2	KRT223P	transcribed_unprocessed_pseudogene	0	1	0	0.0000	0.0000	0.0000
ENSG00000229029.2	CDCA4P1	processed_pseudogene	4	3	1	0.5444	0.1595	0.1535
ENSG00000229030.1	BX276092.3	processed_pseudogene	0	0	0	0.0000	0.0000	0.0000
ENSG00000229031.1	MTCO1P25	unprocessed_pseudogene	0	0	0	0.0000	0.0000	0.0000
ENSG00000229032.1	AL445685.2	processed_pseudogene	0	0	0	0.0000	0.0000	0.0000
ENSG00000229035.2	SPRR2C	unprocessed_pseudogene	0	0	0	0.0000	0.0000	0.0000
ENSG00000229036.7	VDAC1P8	transcribed_processed_pseudogene	27	39	59	0.4464	0.1308	0.1259
ENSG00000229037.2	MRPL32P2	processed_pseudogene	3	0	3	0.4834	0.1416	0.1364
ENSG00000229042.2	AL031656.1	lncRNA	0	0	0	0.0000	0.0000	0.0000
ENSG00000229043.3	ZFAND2A-DT	lncRNA	126	63	63	2.3419	0.6860	0.6605
ENSG00000229044.1	AL451070.1	lncRNA	0	564	573	0.0000	0.0000	0.0000
ENSG00000229046.1	HMGN1P2	processed_pseudogene	0	0	0	0.0000	0.0000	0.0000
ENSG00000229047.1	AF127577.1	lncRNA	0	217	262	0.0000	0.0000	0.0000
ENSG00000229048.5	DUTP1	processed_pseudogene	1	1	0	0.1807	0.0529	0.0510
ENSG00000229051.2	LINC01788	lncRNA	4	1	3	0.1384	0.0405	0.0390
ENSG00000229052.2	AL449283.1	transcribed_processed_pseudogene	2	0	2	0.0499	0.0146	0.0141
ENSG00000229054.1	RPS29P14	processed_pseudogene	0	0	0	0.0000	0.0000	0.0000
ENSG00000229056.2	HECW2-AS1	lncRNA	113	60	53	5.9714	1.7491	1.6843
ENSG00000229057.1	RPS3AP54	processed_pseudogene	0	0	0	0.0000	0.0000	0.0000
ENSG00000229060.4	AL451124.1	processed_pseudogene	0	0	0	0.0000	0.0000	0.0000
ENSG00000229063.2	TRBV23OR9-2	TR_V_pseudogene	0	0	0	0.0000	0.0000	0.0000
ENSG00000229064.1	AC104073.1	processed_pseudogene	0	0	0	0.0000	0.0000	0.0000
ENSG00000229065.1	AL354893.2	lncRNA	0	0	0	0.0000	0.0000	0.0000
ENSG00000229066.2	AC093459.1	lncRNA	0	0	0	0.0000	0.0000	0.0000
ENSG00000229067.1	AL714022.1	processed_pseudogene	1	0	1	0.5624	0.1647	0.1586
ENSG00000229068.1	TMPOP1	processed_pseudogene	0	0	0	0.0000	0.0000	0.0000
ENSG00000229072.1	HMGN2P24	processed_pseudogene	0	0	0	0.0000	0.0000	0.0000
ENSG00000229079.1	CR848007.1	processed_pseudogene	0	0	0	0.0000	0.0000	0.0000
ENSG00000229080.1	MTCO3P30	unprocessed_pseudogene	0	0	0	0.0000	0.0000	0.0000
ENSG00000229081.1	LINC01165	lncRNA	5	1	4	0.2616	0.0766	0.0738
ENSG00000229082.2	OR5AW1P	unprocessed_pseudogene	0	0	0	0.0000	0.0000	0.0000
ENSG00000229083.1	PSMA6P2	processed_pseudogene	4	3	1	0.4952	0.1450	0.1397
ENSG00000229086.5	LINC01548	lncRNA	0	0	0	0.0000	0.0000	0.0000
ENSG00000229087.1	RPS26P18	processed_pseudogene	0	0	0	0.0000	0.0000	0.0000
ENSG00000229088.1	MTND1P10	processed_pseudogene	0	0	0	0.0000	0.0000	0.0000
ENSG00000229089.8	ANKRD20A8P	transcribed_unprocessed_pseudogene	0	0	0	0.0000	0.0000	0.0000
ENSG00000229090.2	FO082842.1	processed_pseudogene	0	0	0	0.0000	0.0000	0.0000
ENSG00000229091.3	HSPA8P8	processed_pseudogene	3	13	11	0.1312	0.0384	0.0370
ENSG00000229092.2	IGHV3-47	IG_V_pseudogene	1	0	1	0.2535	0.0743	0.0715
ENSG00000229093.1	OR51AB1P	unprocessed_pseudogene	0	0	0	0.0000	0.0000	0.0000
ENSG00000229097.1	CALM2P2	processed_pseudogene	23	8	15	4.4390	1.3003	1.2521
ENSG00000229101.1	ELOCP20	unprocessed_pseudogene	0	0	0	0.0000	0.0000	0.0000
ENSG00000229102.1	AC076966.2	lncRNA	0	0	0	0.0000	0.0000	0.0000
ENSG00000229104.1	YY1P2	processed_pseudogene	0	0	0	0.0000	0.0000	0.0000
ENSG00000229105.1	ASTN2-AS1	lncRNA	0	0	0	0.0000	0.0000	0.0000
ENSG00000229106.1	BTBD6P1	processed_pseudogene	1	1	0	0.0670	0.0196	0.0189
ENSG00000229107.2	ABHD17AP4	processed_pseudogene	1	0	1	0.0934	0.0274	0.0264
ENSG00000229108.2	LINC02587	lncRNA	10	4	6	0.6805	0.1993	0.1919
ENSG00000229109.2	AL137847.1	lncRNA	36	18	18	0.6319	0.1851	0.1782
ENSG00000229110.1	AC006355.1	processed_pseudogene	0	0	0	0.0000	0.0000	0.0000
ENSG00000229111.1	MED4-AS1	lncRNA	0	236	206	0.0000	0.0000	0.0000
ENSG00000229112.1	AL356583.2	unprocessed_pseudogene	1	1	0	0.3033	0.0888	0.0855
ENSG00000229115.1	AL390774.1	processed_pseudogene	0	0	0	0.0000	0.0000	0.0000
ENSG00000229116.3	AL137026.1	lncRNA	1	3	2	0.0278	0.0082	0.0078
ENSG00000229117.9	RPL41	protein_coding	7078	4182	2900	542.4792	158.9007	153.0094
ENSG00000229118.1	AC068491.1	lncRNA	0	0	0	0.0000	0.0000	0.0000
ENSG00000229119.3	AC026403.1	processed_pseudogene	45	15	30	12.9540	3.7944	3.6537
ENSG00000229120.2	CYCSP4	processed_pseudogene	0	0	0	0.0000	0.0000	0.0000
ENSG00000229122.1	AGBL5-IT1	lncRNA	2	1	1	0.5010	0.1468	0.1413
ENSG00000229124.7	VIM-AS1	lncRNA	80	30925	31231	3.3833	0.9910	0.9543
ENSG00000229127.2	KANSL1L-AS1	lncRNA	6	7	16	0.2109	0.0618	0.0595
ENSG00000229129.1	ACTG1P2	processed_pseudogene	5	3	2	0.3774	0.1106	0.1065
ENSG00000229131.1	AC016710.1	lncRNA	2	1	1	0.3645	0.1068	0.1028
ENSG00000229132.2	EIF4A1P10	processed_pseudogene	101	43	58	7.0534	2.0661	1.9895
ENSG00000229133.1	RPS7P4	processed_pseudogene	8	6	2	1.1673	0.3419	0.3292
ENSG00000229138.1	CDY6P	unprocessed_pseudogene	0	0	0	0.0000	0.0000	0.0000
ENSG00000229140.11	CCDC26	lncRNA	489	253	239	0.8124	0.2380	0.2291
ENSG00000229142.1	HCG4P8	unprocessed_pseudogene	0	69	94	0.0000	0.0000	0.0000
ENSG00000229143.1	AC009480.2	processed_pseudogene	0	0	0	0.0000	0.0000	0.0000
ENSG00000229145.1	ACTBP1	processed_pseudogene	5	4	1	0.3815	0.1117	0.1076
ENSG00000229146.2	SNX18P4	processed_pseudogene	0	0	0	0.0000	0.0000	0.0000
ENSG00000229147.1	SMPD4P2	unprocessed_pseudogene	0	0	0	0.0000	0.0000	0.0000
ENSG00000229150.1	CRYGEP	transcribed_unprocessed_pseudogene	0	0	0	0.0000	0.0000	0.0000
ENSG00000229151.2	AC233976.1	lncRNA	0	0	0	0.0000	0.0000	0.0000
ENSG00000229152.2	ANKRD10-IT1	lncRNA	62	34	28	6.5813	1.9278	1.8563
ENSG00000229153.5	EPHA1-AS1	lncRNA	7	5	2	0.1118	0.0328	0.0315
ENSG00000229154.2	KCNQ5-AS1	lncRNA	0	0	0	0.0000	0.0000	0.0000
ENSG00000229155.1	LINC02038	lncRNA	0	0	0	0.0000	0.0000	0.0000
ENSG00000229156.1	CR769776.2	processed_pseudogene	0	0	0	0.0000	0.0000	0.0000
ENSG00000229159.1	TSPY23P	unprocessed_pseudogene	0	0	0	0.0000	0.0000	0.0000
ENSG00000229160.1	AC009229.2	lncRNA	0	0	0	0.0000	0.0000	0.0000
ENSG00000229161.2	TCP1P1	unprocessed_pseudogene	1	0	1	0.0527	0.0155	0.0149
ENSG00000229162.1	RUNX3-AS1	lncRNA	1	0	1	0.1036	0.0303	0.0292
ENSG00000229163.2	NAP1L1P2	processed_pseudogene	0	0	0	0.0000	0.0000	0.0000
ENSG00000229165.1	GDI2P1	processed_pseudogene	0	0	0	0.0000	0.0000	0.0000
ENSG00000229167.2	AC114488.1	lncRNA	0	0	0	0.0000	0.0000	0.0000
ENSG00000229168.4	RPL19P20	processed_pseudogene	5	5	0	0.7184	0.2104	0.2026
ENSG00000229169.1	AL096701.2	processed_pseudogene	0	0	0	0.0000	0.0000	0.0000
ENSG00000229172.1	AC073065.1	processed_pseudogene	1	0	1	0.0296	0.0087	0.0084
ENSG00000229173.1	SRMP3	processed_pseudogene	0	0	0	0.0000	0.0000	0.0000
ENSG00000229175.2	LINC00382	lncRNA	0	0	0	0.0000	0.0000	0.0000
ENSG00000229177.1	AC008154.1	lncRNA	0	0	0	0.0000	0.0000	0.0000
ENSG00000229178.1	AC233280.1	lncRNA	5	3	2	0.2521	0.0739	0.0711
ENSG00000229180.7	AC006001.3	transcribed_unprocessed_pseudogene	453	213	241	3.8084	1.1155	1.0742
ENSG00000229182.3	MRPS16P1	processed_pseudogene	0	0	0	0.0000	0.0000	0.0000
ENSG00000229183.8	PGA4	protein_coding	0	0	0	0.0000	0.0000	0.0000
ENSG00000229184.2	ATP5PDP2	processed_pseudogene	0	0	0	0.0000	0.0000	0.0000
ENSG00000229186.4	ADAM1A	unitary_pseudogene	0	0	0	0.0000	0.0000	0.0000
ENSG00000229188.2	AL050349.1	lncRNA	0	0	0	0.0000	0.0000	0.0000
ENSG00000229190.1	AC069542.1	lncRNA	0	93	94	0.0000	0.0000	0.0000
ENSG00000229191.1	AL358473.1	lncRNA	0	0	0	0.0000	0.0000	0.0000
ENSG00000229192.6	AC004870.3	lncRNA	0	0	0	0.0000	0.0000	0.0000
ENSG00000229195.1	AC009495.1	lncRNA	14	25	21	3.1959	0.9361	0.9014
ENSG00000229196.4	AC087071.1	lncRNA	0	0	0	0.0000	0.0000	0.0000
ENSG00000229197.1	RPS15AP28	processed_pseudogene	0	0	0	0.0000	0.0000	0.0000
ENSG00000229201.1	LINC02787	lncRNA	0	0	0	0.0000	0.0000	0.0000
ENSG00000229203.1	AC103564.1	lncRNA	1	1	0	0.1511	0.0443	0.0426
ENSG00000229204.3	PTGES3P3	processed_pseudogene	57	27	30	10.0425	2.9416	2.8325
ENSG00000229205.5	LINC00200	lncRNA	1	1	1	0.0146	0.0043	0.0041
ENSG00000229206.3	AL162408.1	lncRNA	0	0	0	0.0000	0.0000	0.0000
ENSG00000229207.1	SERPINH1P1	processed_pseudogene	4	1	3	0.2720	0.0797	0.0767
ENSG00000229208.1	RBMY2NP	unprocessed_pseudogene	0	0	0	0.0000	0.0000	0.0000
ENSG00000229209.1	AC073987.1	lncRNA	0	0	0	0.0000	0.0000	0.0000
ENSG00000229211.3	KCTD9P6	processed_pseudogene	1	0	1	0.0894	0.0262	0.0252
ENSG00000229212.8	AC044860.1	transcribed_unprocessed_pseudogene	1	0	2	0.0286	0.0084	0.0081
ENSG00000229213.1	AL033527.1	unprocessed_pseudogene	0	0	0	0.0000	0.0000	0.0000
ENSG00000229214.2	LINC00242	lncRNA	3	3	1	0.0567	0.0166	0.0160
ENSG00000229217.1	CYCSP11	processed_pseudogene	2	1	1	0.5392	0.1579	0.1521
ENSG00000229220.1	AC096633.1	processed_pseudogene	0	0	0	0.0000	0.0000	0.0000
ENSG00000229221.1	HNRNPA1P66	processed_pseudogene	2	2	0	0.1818	0.0533	0.0513
ENSG00000229222.1	KRT18P4	processed_pseudogene	1	0	1	0.0659	0.0193	0.0186
ENSG00000229224.2	AC105398.1	lncRNA	0	0	0	0.0000	0.0000	0.0000
ENSG00000229225.1	AL162400.2	lncRNA	0	0	0	0.0000	0.0000	0.0000
ENSG00000229226.3	BTF3L4P4	processed_pseudogene	0	0	0	0.0000	0.0000	0.0000
ENSG00000229227.8	AL356056.1	lncRNA	1	4	6	0.0308	0.0090	0.0087
ENSG00000229228.1	LINC00582	lncRNA	5	1	4	0.7112	0.2083	0.2006
ENSG00000229229.1	AC022201.1	lncRNA	0	0	0	0.0000	0.0000	0.0000
ENSG00000229230.3	MT1P3	processed_pseudogene	0	1	0	0.0000	0.0000	0.0000
ENSG00000229231.1	FEM1AP1	processed_pseudogene	0	0	0	0.0000	0.0000	0.0000
ENSG00000229232.6	KRT18P53	processed_pseudogene	0	0	0	0.0000	0.0000	0.0000
ENSG00000229232.6_PAR_Y	KRT18P53	processed_pseudogene	0	0	0	0.0000	0.0000	0.0000
ENSG00000229233.1	AC011891.2	lncRNA	0	0	0	0.0000	0.0000	0.0000
ENSG00000229234.1	RBMY1KP	unprocessed_pseudogene	0	0	0	0.0000	0.0000	0.0000
ENSG00000229235.1	RPL37P18	processed_pseudogene	0	0	0	0.0000	0.0000	0.0000
ENSG00000229236.3	TTTY10	lncRNA	3	1	2	0.0317	0.0093	0.0089
ENSG00000229237.2	HMGN1P37	processed_pseudogene	7	5	2	1.9619	0.5747	0.5534
ENSG00000229238.3	PPP1R12BP1	unprocessed_pseudogene	0	0	0	0.0000	0.0000	0.0000
ENSG00000229239.2	AL451000.1	unprocessed_pseudogene	0	0	0	0.0000	0.0000	0.0000
ENSG00000229240.9	LINC00710	lncRNA	0	0	0	0.0000	0.0000	0.0000
ENSG00000229241.1	PNPT1P1	processed_pseudogene	0	0	0	0.0000	0.0000	0.0000
ENSG00000229242.1	AL358452.1	lncRNA	0	0	0	0.0000	0.0000	0.0000
ENSG00000229243.2	LINC01981	lncRNA	0	0	0	0.0000	0.0000	0.0000
ENSG00000229246.2	LINC00377	lncRNA	1	1	0	0.0610	0.0179	0.0172
ENSG00000229247.2	AL627313.1	processed_pseudogene	0	0	0	0.0000	0.0000	0.0000
ENSG00000229248.1	WBP2P1	processed_pseudogene	0	0	0	0.0000	0.0000	0.0000
ENSG00000229249.7	LINC00446	lncRNA	0	0	0	0.0000	0.0000	0.0000
ENSG00000229250.1	USP9YP31	unprocessed_pseudogene	0	0	0	0.0000	0.0000	0.0000
ENSG00000229251.3	HNRNPA1P8	processed_pseudogene	13	11	2	1.1608	0.3400	0.3274
ENSG00000229254.1	OR8C1P	unprocessed_pseudogene	0	0	0	0.0000	0.0000	0.0000
ENSG00000229255.1	AC138089.1	lncRNA	1	1	0	0.0878	0.0257	0.0248
ENSG00000229256.1	ST13P13	processed_pseudogene	4	2	2	0.3111	0.0911	0.0877
ENSG00000229257.2	AL807752.2	lncRNA	0	18	12	0.0000	0.0000	0.0000
ENSG00000229258.6	LPGAT1-AS1	lncRNA	0	0	0	0.0000	0.0000	0.0000
ENSG00000229259.1	LRRC37A12P	unprocessed_pseudogene	0	0	0	0.0000	0.0000	0.0000
ENSG00000229261.1	AL596223.1	lncRNA	0	0	0	0.0000	0.0000	0.0000
ENSG00000229262.1	AL160411.1	lncRNA	0	0	0	0.0000	0.0000	0.0000
ENSG00000229263.1	AC004691.1	lncRNA	0	0	0	0.0000	0.0000	0.0000
ENSG00000229266.1	POM121L8P	processed_pseudogene	0	0	0	0.0000	0.0000	0.0000
ENSG00000229267.3	SNHG31	lncRNA	27	16	13	0.8981	0.2631	0.2533
ENSG00000229268.1	PES1P2	processed_pseudogene	1	0	1	0.0489	0.0143	0.0138
ENSG00000229269.1	AL451048.1	lncRNA	0	0	0	0.0000	0.0000	0.0000
ENSG00000229271.1	AC091493.1	lncRNA	1	1	0	0.2066	0.0605	0.0583
ENSG00000229272.2	AL157388.1	lncRNA	9	5	4	0.2461	0.0721	0.0694
ENSG00000229273.1	BX664615.1	processed_pseudogene	0	40	46	0.0000	0.0000	0.0000
ENSG00000229274.2	LINC02829	lncRNA	0	0	0	0.0000	0.0000	0.0000
ENSG00000229275.1	BX284656.1	lncRNA	0	0	0	0.0000	0.0000	0.0000
ENSG00000229276.1	REV3L-IT1	lncRNA	0	0	0	0.0000	0.0000	0.0000
ENSG00000229278.2	AL133353.1	lncRNA	0	0	0	0.0000	0.0000	0.0000
ENSG00000229280.1	EEF1DP6	processed_pseudogene	0	0	0	0.0000	0.0000	0.0000
ENSG00000229281.1	GPR53P	unprocessed_pseudogene	0	0	0	0.0000	0.0000	0.0000
ENSG00000229282.2	AL031963.2	lncRNA	0	0	0	0.0000	0.0000	0.0000
ENSG00000229283.1	AL356387.1	lncRNA	0	0	0	0.0000	0.0000	0.0000
ENSG00000229286.1	AP000522.1	unprocessed_pseudogene	0	0	0	0.0000	0.0000	0.0000
ENSG00000229287.1	FABP5P4	processed_pseudogene	0	0	0	0.0000	0.0000	0.0000
ENSG00000229288.1	AL451142.2	processed_pseudogene	0	1	0	0.0000	0.0000	0.0000
ENSG00000229289.1	AP000431.1	lncRNA	0	0	0	0.0000	0.0000	0.0000
ENSG00000229291.1	LINC02768	lncRNA	14	7	7	6.2573	1.8329	1.7649
ENSG00000229292.2	RFPL4AL1	protein_coding	0	0	0	0.0000	0.0000	0.0000
ENSG00000229294.1	AL139294.1	lncRNA	0	0	0	0.0000	0.0000	0.0000
ENSG00000229297.1	AL451140.1	lncRNA	0	0	0	0.0000	0.0000	0.0000
ENSG00000229298.1	TUBB8P1	processed_pseudogene	1	0	1	0.1168	0.0342	0.0329
ENSG00000229299.2	AL121845.1	lncRNA	0	28	22	0.0000	0.0000	0.0000
ENSG00000229301.1	AC006455.4	lncRNA	0	0	0	0.0000	0.0000	0.0000
ENSG00000229302.1	TAF9P2	processed_pseudogene	0	0	0	0.0000	0.0000	0.0000
ENSG00000229303.1	PPIAP25	processed_pseudogene	1	1	0	0.1573	0.0461	0.0444
ENSG00000229305.1	AL358876.1	processed_pseudogene	0	0	0	0.0000	0.0000	0.0000
ENSG00000229306.1	AP001464.1	lncRNA	0	0	0	0.0000	0.0000	0.0000
ENSG00000229307.1	LINC00459	lncRNA	0	0	0	0.0000	0.0000	0.0000
ENSG00000229308.1	AC010737.1	lncRNA	0	0	0	0.0000	0.0000	0.0000
ENSG00000229309.2	AL353633.1	lncRNA	0	0	0	0.0000	0.0000	0.0000
ENSG00000229310.1	RPP40P1	processed_pseudogene	0	0	0	0.0000	0.0000	0.0000
ENSG00000229311.1	BX088651.2	lncRNA	0	0	0	0.0000	0.0000	0.0000
ENSG00000229312.2	AL353693.1	lncRNA	0	0	0	0.0000	0.0000	0.0000
ENSG00000229313.1	AL133268.3	lncRNA	0	1	0	0.0000	0.0000	0.0000
ENSG00000229314.5	ORM1	protein_coding	0	0	0	0.0000	0.0000	0.0000
ENSG00000229315.7	MCHR2-AS1	lncRNA	0	0	0	0.0000	0.0000	0.0000
ENSG00000229316.1	HMGB1P45	processed_pseudogene	0	0	0	0.0000	0.0000	0.0000
ENSG00000229320.3	KRT8P12	transcribed_processed_pseudogene	476	249	227	19.7470	5.7842	5.5698
ENSG00000229321.2	AC008269.1	lncRNA	11	4	8	0.1684	0.0493	0.0475
ENSG00000229322.1	AC244197.1	processed_pseudogene	0	0	0	0.0000	0.0000	0.0000
ENSG00000229324.1	NUTF2P7	processed_pseudogene	1	0	1	0.2265	0.0663	0.0639
ENSG00000229325.1	ACAP2-IT1	lncRNA	15	9	6	1.8461	0.5408	0.5207
ENSG00000229326.3	RPL17P15	processed_pseudogene	0	0	0	0.0000	0.0000	0.0000
ENSG00000229327.1	AL391839.1	lncRNA	0	0	0	0.0000	0.0000	0.0000
ENSG00000229330.2	AC006947.1	lncRNA	0	0	0	0.0000	0.0000	0.0000
ENSG00000229331.1	GK-IT1	lncRNA	0	0	0	0.0000	0.0000	0.0000
ENSG00000229332.2	PGBD4P8	processed_pseudogene	0	0	0	0.0000	0.0000	0.0000
ENSG00000229334.1	AC046143.1	lncRNA	49	163	177	4.2810	1.2540	1.2075
ENSG00000229335.1	DANT1	lncRNA	0	0	0	0.0000	0.0000	0.0000
ENSG00000229336.1	SREK1IP1P1	processed_pseudogene	1	0	1	0.1921	0.0563	0.0542
ENSG00000229337.2	AC079305.2	lncRNA	8	5	3	0.2514	0.0736	0.0709
ENSG00000229338.1	NME2P3	processed_pseudogene	0	0	0	0.0000	0.0000	0.0000
ENSG00000229339.1	AC093414.1	processed_pseudogene	0	0	0	0.0000	0.0000	0.0000
ENSG00000229343.1	CDY22P	unprocessed_pseudogene	0	0	0	0.0000	0.0000	0.0000
ENSG00000229344.1	MTCO2P12	unprocessed_pseudogene	116	94	99	14.4439	4.2309	4.0740
ENSG00000229345.2	AL392185.1	lncRNA	0	0	0	0.0000	0.0000	0.0000
ENSG00000229347.1	AL596268.1	processed_pseudogene	0	0	0	0.0000	0.0000	0.0000
ENSG00000229348.1	HYI-AS1	lncRNA	0	0	0	0.0000	0.0000	0.0000
ENSG00000229349.2	ACTG1P9	processed_pseudogene	11	8	4	0.3514	0.1029	0.0991
ENSG00000229351.1	KRTAP9-11P	unprocessed_pseudogene	0	0	0	0.0000	0.0000	0.0000
ENSG00000229352.1	AC007563.1	lncRNA	0	0	0	0.0000	0.0000	0.0000
ENSG00000229356.1	LRRC3-DT	lncRNA	1	0	1	0.1083	0.0317	0.0306
ENSG00000229357.1	CYCSP51	processed_pseudogene	0	0	0	0.0000	0.0000	0.0000
ENSG00000229358.3	DPY19L1P1	unprocessed_pseudogene	80	92	92	2.6190	0.7671	0.7387
ENSG00000229359.2	PIN1P1	transcribed_processed_pseudogene	1	0	1	0.0853	0.0250	0.0240
ENSG00000229360.1	PPP1R2P5	processed_pseudogene	0	0	0	0.0000	0.0000	0.0000
ENSG00000229361.5	UBTFL7	processed_pseudogene	0	0	0	0.0000	0.0000	0.0000
ENSG00000229365.3	AC006967.1	processed_pseudogene	0	0	0	0.0000	0.0000	0.0000
ENSG00000229367.1	HMGN2P19	processed_pseudogene	2	0	2	0.6409	0.1877	0.1808
ENSG00000229368.1	AC090587.1	lncRNA	3	9	8	0.4834	0.1416	0.1364
ENSG00000229369.1	AL450263.2	processed_pseudogene	0	0	0	0.0000	0.0000	0.0000
ENSG00000229370.1	AC073062.1	lncRNA	0	0	0	0.0000	0.0000	0.0000
ENSG00000229372.1	SZT2-AS1	lncRNA	0	131	143	0.0000	0.0000	0.0000
ENSG00000229373.9	LINC00452	lncRNA	0	0	0	0.0000	0.0000	0.0000
ENSG00000229375.1	USP24P1	unprocessed_pseudogene	0	0	0	0.0000	0.0000	0.0000
ENSG00000229376.3	CICP3	processed_pseudogene	3	3	1	0.1038	0.0304	0.0293
ENSG00000229379.1	AC006041.1	lncRNA	0	0	0	0.0000	0.0000	0.0000
ENSG00000229380.1	PRKAR1B-AS2	lncRNA	0	0	0	0.0000	0.0000	0.0000
ENSG00000229382.1	BX322557.1	lncRNA	0	0	0	0.0000	0.0000	0.0000
ENSG00000229384.2	HMGB1P16	processed_pseudogene	0	0	0	0.0000	0.0000	0.0000
ENSG00000229385.2	CTNNA2-AS1	lncRNA	1	1	0	0.0411	0.0120	0.0116
ENSG00000229386.3	OR8B9P	transcribed_unprocessed_pseudogene	0	0	0	0.0000	0.0000	0.0000
ENSG00000229388.1	LINC01715	lncRNA	21	15	9	1.8234	0.5341	0.5143
ENSG00000229389.2	AC111152.1	transcribed_unprocessed_pseudogene	1	0	1	0.1225	0.0359	0.0346
ENSG00000229390.1	MICD	unprocessed_pseudogene	1	0	1	0.1045	0.0306	0.0295
ENSG00000229391.7	HLA-DRB6	transcribed_unprocessed_pseudogene	1471	718	765	94.2066	27.5946	26.5715
ENSG00000229393.1	AL139246.4	lncRNA	0	0	0	0.0000	0.0000	0.0000
ENSG00000229395.1	AC062039.1	lncRNA	0	0	0	0.0000	0.0000	0.0000
ENSG00000229398.1	AL031667.1	processed_pseudogene	0	0	0	0.0000	0.0000	0.0000
ENSG00000229399.1	AL592148.1	processed_pseudogene	2	2	0	0.3817	0.1118	0.1077
ENSG00000229400.1	CNIH3-AS1	lncRNA	359	504	470	36.4235	10.6690	10.2735
ENSG00000229401.1	MIR5689HG	lncRNA	9	68	55	0.8887	0.2603	0.2507
ENSG00000229402.1	AL162151.1	lncRNA	0	0	0	0.0000	0.0000	0.0000
ENSG00000229403.1	AC005999.1	lncRNA	0	0	0	0.0000	0.0000	0.0000
ENSG00000229404.6	LINC00858	lncRNA	0	0	0	0.0000	0.0000	0.0000
ENSG00000229405.1	AC092580.1	processed_pseudogene	0	0	0	0.0000	0.0000	0.0000
ENSG00000229406.1	OFD1P4Y	unprocessed_pseudogene	0	0	0	0.0000	0.0000	0.0000
ENSG00000229407.5	AL359853.1	lncRNA	386	326	314	54.5413	15.9760	15.3837
ENSG00000229409.1	AL117328.1	processed_pseudogene	0	0	0	0.0000	0.0000	0.0000
ENSG00000229413.2	AC018638.1	processed_pseudogene	8	39	24	2.0587	0.6030	0.5807
ENSG00000229414.2	KCNQ1-AS1	lncRNA	0	0	0	0.0000	0.0000	0.0000
ENSG00000229415.10	SFTA3	lncRNA	0	0	0	0.0000	0.0000	0.0000
ENSG00000229416.1	USP9YP8	unprocessed_pseudogene	0	0	0	0.0000	0.0000	0.0000
ENSG00000229417.1	NPM1P25	processed_pseudogene	0	0	0	0.0000	0.0000	0.0000
ENSG00000229418.2	AL136181.1	lncRNA	0	0	0	0.0000	0.0000	0.0000
ENSG00000229419.1	RALGAPA1P1	processed_pseudogene	109	44	65	1.4853	0.4351	0.4189
ENSG00000229421.1	H3P10	processed_pseudogene	0	0	0	0.0000	0.0000	0.0000
ENSG00000229422.2	AL512625.2	lncRNA	0	0	0	0.0000	0.0000	0.0000
ENSG00000229423.2	RPL27AP8	processed_pseudogene	0	0	0	0.0000	0.0000	0.0000
ENSG00000229424.1	AC007349.1	lncRNA	0	0	0	0.0000	0.0000	0.0000
ENSG00000229425.3	AJ009632.2	lncRNA	7	4	3	0.0291	0.0085	0.0082
ENSG00000229427.1	ANKRD26P4	processed_pseudogene	3	0	3	0.2682	0.0786	0.0756
ENSG00000229431.1	MED8-AS1	lncRNA	15	256	280	1.7426	0.5104	0.4915
ENSG00000229433.2	LINC02069	lncRNA	1	1	0	0.0262	0.0077	0.0074
ENSG00000229434.1	AC017048.1	lncRNA	0	0	0	0.0000	0.0000	0.0000
ENSG00000229435.2	PIP5K1P2	unprocessed_pseudogene	1	1	0	0.0758	0.0222	0.0214
ENSG00000229436.1	AC073850.1	processed_pseudogene	1	1	0	0.3330	0.0975	0.0939
ENSG00000229437.2	LINC00366	lncRNA	0	0	0	0.0000	0.0000	0.0000
ENSG00000229440.1	AL139413.1	processed_pseudogene	0	0	0	0.0000	0.0000	0.0000
ENSG00000229442.2	THEMIS3P	unitary_pseudogene	0	0	0	0.0000	0.0000	0.0000
ENSG00000229443.2	LINC00433	lncRNA	0	0	0	0.0000	0.0000	0.0000
ENSG00000229444.1	ST3GAL3-AS1	lncRNA	0	0	0	0.0000	0.0000	0.0000
ENSG00000229447.2	AC114495.2	processed_pseudogene	6	3	3	1.1660	0.3415	0.3289
ENSG00000229452.1	CPVL-AS1	lncRNA	0	0	0	0.0000	0.0000	0.0000
ENSG00000229453.2	SPINK8	protein_coding	0	0	0	0.0000	0.0000	0.0000
ENSG00000229454.1	AL157882.1	lncRNA	0	0	0	0.0000	0.0000	0.0000
ENSG00000229455.2	RPS10P18	processed_pseudogene	0	0	0	0.0000	0.0000	0.0000
ENSG00000229456.1	RLIMP1	processed_pseudogene	0	0	0	0.0000	0.0000	0.0000
ENSG00000229457.1	LINC01789	lncRNA	0	0	0	0.0000	0.0000	0.0000
ENSG00000229458.2	AC010157.1	lncRNA	0	0	0	0.0000	0.0000	0.0000
ENSG00000229459.1	AC023669.1	lncRNA	0	0	0	0.0000	0.0000	0.0000
ENSG00000229462.1	AC127383.1	unprocessed_pseudogene	0	0	0	0.0000	0.0000	0.0000
ENSG00000229463.2	LYST-AS1	lncRNA	0	0	0	0.0000	0.0000	0.0000
ENSG00000229465.1	ACTG1P11	processed_pseudogene	3	0	3	0.2265	0.0663	0.0639
ENSG00000229466.2	LINC02627	lncRNA	0	0	0	0.0000	0.0000	0.0000
ENSG00000229468.1	RPL39P18	processed_pseudogene	0	0	0	0.0000	0.0000	0.0000
ENSG00000229473.2	RGS17P1	processed_pseudogene	1	0	1	0.1536	0.0450	0.0433
ENSG00000229474.7	PATL2	protein_coding	117	68	49	2.0825	0.6100	0.5874
ENSG00000229478.1	ROBO2P1	processed_pseudogene	0	0	0	0.0000	0.0000	0.0000
ENSG00000229483.2	LINC00362	lncRNA	0	0	0	0.0000	0.0000	0.0000
ENSG00000229484.1	LINC02766	lncRNA	6	3	3	1.1633	0.3407	0.3281
ENSG00000229485.1	KSR1P1	processed_pseudogene	0	0	0	0.0000	0.0000	0.0000
ENSG00000229486.2	AC104454.1	processed_pseudogene	0	0	0	0.0000	0.0000	0.0000
ENSG00000229487.1	ALG13-AS1	lncRNA	2	2	0	0.8710	0.2551	0.2457
ENSG00000229491.5	AC136489.1	lncRNA	0	0	0	0.0000	0.0000	0.0000
ENSG00000229492.1	FO681548.1	processed_pseudogene	1	1	0	0.0750	0.0220	0.0212
ENSG00000229494.2	AC012494.2	lncRNA	0	0	0	0.0000	0.0000	0.0000
ENSG00000229495.1	AL450327.1	lncRNA	0	0	0	0.0000	0.0000	0.0000
ENSG00000229497.1	AC005189.1	processed_pseudogene	0	0	0	0.0000	0.0000	0.0000
ENSG00000229498.1	AC105053.1	lncRNA	1	0	1	0.0496	0.0145	0.0140
ENSG00000229500.1	RPL17P1	processed_pseudogene	0	0	0	0.0000	0.0000	0.0000
ENSG00000229502.5	AL391863.1	lncRNA	0	141	160	0.0000	0.0000	0.0000
ENSG00000229503.1	RPL21P37	processed_pseudogene	6	3	3	1.0682	0.3129	0.3013
ENSG00000229505.1	AC104455.1	processed_pseudogene	0	0	0	0.0000	0.0000	0.0000
ENSG00000229508.2	PHKG1P4	unprocessed_pseudogene	0	0	0	0.0000	0.0000	0.0000
ENSG00000229509.1	AC244023.1	unprocessed_pseudogene	0	0	0	0.0000	0.0000	0.0000
ENSG00000229511.1	GAS2L1P1	processed_pseudogene	0	0	0	0.0000	0.0000	0.0000
ENSG00000229512.1	AC068580.1	lncRNA	0	0	0	0.0000	0.0000	0.0000
ENSG00000229515.1	FLT1P1	processed_pseudogene	0	0	0	0.0000	0.0000	0.0000
ENSG00000229518.1	UBE2V1P3	processed_pseudogene	0	0	0	0.0000	0.0000	0.0000
ENSG00000229519.2	AL591866.1	processed_pseudogene	0	0	0	0.0000	0.0000	0.0000
ENSG00000229520.1	LINC00404	lncRNA	0	0	0	0.0000	0.0000	0.0000
ENSG00000229521.2	MYCBP2-AS2	lncRNA	0	0	0	0.0000	0.0000	0.0000
ENSG00000229522.1	LINC01523	lncRNA	0	0	0	0.0000	0.0000	0.0000
ENSG00000229525.1	AC053503.1	lncRNA	4	4	1	0.2126	0.0623	0.0600
ENSG00000229526.2	KRT16P4	transcribed_processed_pseudogene	0	0	0	0.0000	0.0000	0.0000
ENSG00000229528.1	AC119677.1	lncRNA	0	0	0	0.0000	0.0000	0.0000
ENSG00000229530.1	AL136097.1	processed_pseudogene	0	0	0	0.0000	0.0000	0.0000
ENSG00000229531.6	RABGAP1L-AS1	lncRNA	0	0	0	0.0000	0.0000	0.0000
ENSG00000229532.1	AC105443.1	processed_pseudogene	0	0	0	0.0000	0.0000	0.0000
ENSG00000229533.1	AC003986.1	lncRNA	0	0	0	0.0000	0.0000	0.0000
ENSG00000229534.1	HNRNPA1P53	processed_pseudogene	7	5	2	0.6284	0.1841	0.1772
ENSG00000229536.3	LINC02572	lncRNA	10	5	5	0.2056	0.0602	0.0580
ENSG00000229537.7	LINC01739	lncRNA	17	14	10	0.6984	0.2046	0.1970
ENSG00000229539.1	PANK2-AS1	lncRNA	20	17	10	3.8513	1.1281	1.0863
ENSG00000229541.2	GAPDHP26	processed_pseudogene	0	0	0	0.0000	0.0000	0.0000
ENSG00000229543.1	AC010163.1	lncRNA	1	1	0	0.1633	0.0478	0.0461
ENSG00000229544.9	NKX1-2	protein_coding	0	0	0	0.0000	0.0000	0.0000
ENSG00000229546.1	LINC00428	lncRNA	0	0	0	0.0000	0.0000	0.0000
ENSG00000229547.4	UBE2DNL	transcribed_processed_pseudogene	0	0	0	0.0000	0.0000	0.0000
ENSG00000229549.9	TSPY8	protein_coding	0	0	0	0.0000	0.0000	0.0000
ENSG00000229550.1	AC012445.1	lncRNA	0	0	0	0.0000	0.0000	0.0000
ENSG00000229551.2	GAPDHP17	processed_pseudogene	0	0	0	0.0000	0.0000	0.0000
ENSG00000229553.1	USP9YP17	unprocessed_pseudogene	0	0	0	0.0000	0.0000	0.0000
ENSG00000229554.2	RPL21P24	processed_pseudogene	0	0	0	0.0000	0.0000	0.0000
ENSG00000229557.1	LINC00379	lncRNA	0	0	0	0.0000	0.0000	0.0000
ENSG00000229558.2	SACS-AS1	lncRNA	0	0	0	0.0000	0.0000	0.0000
ENSG00000229559.2	AL353597.2	transcribed_processed_pseudogene	0	0	0	0.0000	0.0000	0.0000
ENSG00000229560.1	LYARP1	processed_pseudogene	0	0	0	0.0000	0.0000	0.0000
ENSG00000229562.1	ZFYVE9P1	processed_pseudogene	3	3	0	0.1478	0.0433	0.0417
ENSG00000229563.7	LINC01204	lncRNA	38	16	22	0.5019	0.1470	0.1416
ENSG00000229565.2	LINC02264	lncRNA	0	0	0	0.0000	0.0000	0.0000
ENSG00000229567.1	AL139421.1	processed_pseudogene	2	2	0	1.0050	0.2944	0.2835
ENSG00000229568.1	SMC4P1	unprocessed_pseudogene	0	0	0	0.0000	0.0000	0.0000
ENSG00000229569.1	AL356753.1	lncRNA	0	0	0	0.0000	0.0000	0.0000
ENSG00000229570.2	GAPDHP58	processed_pseudogene	1	1	0	0.0844	0.0247	0.0238
ENSG00000229571.7	PRAMEF25	protein_coding	0	0	0	0.0000	0.0000	0.0000
ENSG00000229572.1	EIF4BP4	processed_pseudogene	0	0	0	0.0000	0.0000	0.0000
ENSG00000229578.3	LINC00358	lncRNA	0	0	0	0.0000	0.0000	0.0000
ENSG00000229579.5	USP17L26	protein_coding	0	0	0	0.0000	0.0000	0.0000
ENSG00000229582.3	AL358074.1	lncRNA	1	1	0	0.0355	0.0104	0.0100
ENSG00000229585.4	RPL21P44	processed_pseudogene	1	1	0	0.1799	0.0527	0.0507
ENSG00000229586.2	TNPO1P3	processed_pseudogene	0	0	0	0.0000	0.0000	0.0000
ENSG00000229587.2	AL158825.2	lncRNA	2	1	1	0.2535	0.0743	0.0715
ENSG00000229588.2	AL596087.2	lncRNA	24	106	136	2.6888	0.7876	0.7584
ENSG00000229589.1	ACVR2B-AS1	lncRNA	60	32	28	2.0243	0.5930	0.5710
ENSG00000229590.3	MSX2P1	processed_pseudogene	0	0	0	0.0000	0.0000	0.0000
ENSG00000229591.1	AC006017.1	lncRNA	3	314	320	0.3785	0.1109	0.1068
ENSG00000229593.1	SUCLA2P3	processed_pseudogene	0	0	0	0.0000	0.0000	0.0000
ENSG00000229594.1	AL159987.2	unprocessed_pseudogene	0	0	0	0.0000	0.0000	0.0000
ENSG00000229595.1	AL109810.1	processed_pseudogene	2	2	0	0.3431	0.1005	0.0968
ENSG00000229596.3	MYL8P	processed_pseudogene	1	0	1	0.1639	0.0480	0.0462
ENSG00000229598.1	PRDX3P1	processed_pseudogene	5	1	4	0.5565	0.1630	0.1570
ENSG00000229599.2	LINC00411	lncRNA	0	0	0	0.0000	0.0000	0.0000
ENSG00000229600.1	AL391336.1	lncRNA	0	0	0	0.0000	0.0000	0.0000
ENSG00000229601.1	AL590762.1	processed_pseudogene	1	0	1	0.3357	0.0983	0.0947
ENSG00000229603.1	AC004014.1	lncRNA	0	0	0	0.0000	0.0000	0.0000
ENSG00000229604.2	MTATP8P2	processed_pseudogene	14	6	8	5.8856	1.7240	1.6601
ENSG00000229605.5	RPL21P93	processed_pseudogene	8	5	3	1.3893	0.4069	0.3919
ENSG00000229606.2	LINC01718	lncRNA	0	0	0	0.0000	0.0000	0.0000
ENSG00000229607.1	AL137027.1	lncRNA	226	125	101	43.2253	12.6614	12.1919
ENSG00000229608.1	GOLGA2P4	unprocessed_pseudogene	0	0	0	0.0000	0.0000	0.0000
ENSG00000229609.1	LINC01079	lncRNA	0	0	0	0.0000	0.0000	0.0000
ENSG00000229611.2	LINC02851	lncRNA	0	0	0	0.0000	0.0000	0.0000
ENSG00000229612.1	SUMO1P2	processed_pseudogene	0	0	0	0.0000	0.0000	0.0000
ENSG00000229613.2	LINC01501	lncRNA	4	3	1	0.0848	0.0248	0.0239
ENSG00000229616.2	AL356095.1	unprocessed_pseudogene	0	0	0	0.0000	0.0000	0.0000
ENSG00000229618.3	AC011287.1	lncRNA	2	0	2	0.0127	0.0037	0.0036
ENSG00000229619.4	MBNL1-AS1	lncRNA	17	94	85	0.1754	0.0514	0.0495
ENSG00000229621.2	LINC01822	lncRNA	2	1	1	0.0739	0.0216	0.0208
ENSG00000229622.1	MTND5P2	processed_pseudogene	0	0	0	0.0000	0.0000	0.0000
ENSG00000229623.1	METTL21AP1	processed_pseudogene	0	0	0	0.0000	0.0000	0.0000
ENSG00000229625.3	AC016877.1	lncRNA	0	0	0	0.0000	0.0000	0.0000
ENSG00000229626.1	PIGCP2	processed_pseudogene	0	0	0	0.0000	0.0000	0.0000
ENSG00000229627.2	BSNDP4	processed_pseudogene	0	0	0	0.0000	0.0000	0.0000
ENSG00000229628.1	AC073115.1	lncRNA	0	1	0	0.0000	0.0000	0.0000
ENSG00000229629.1	AL500527.2	processed_pseudogene	0	0	0	0.0000	0.0000	0.0000
ENSG00000229630.1	LINC01264	lncRNA	0	0	0	0.0000	0.0000	0.0000
ENSG00000229635.1	AL137159.1	processed_pseudogene	3	1	2	0.4976	0.1457	0.1403
ENSG00000229636.2	KRT8P21	processed_pseudogene	0	0	0	0.0000	0.0000	0.0000
ENSG00000229637.4	PRAC2	protein_coding	0	0	2	0.0000	0.0000	0.0000
ENSG00000229638.1	RPL4P4	processed_pseudogene	214	93	121	14.1534	4.1458	3.9921
ENSG00000229639.1	LINC01758	lncRNA	0	0	0	0.0000	0.0000	0.0000
ENSG00000229641.1	CYP2C56P	processed_pseudogene	0	0	0	0.0000	0.0000	0.0000
ENSG00000229642.1	AC087857.1	lncRNA	0	0	0	0.0000	0.0000	0.0000
ENSG00000229643.2	LINC00280	lncRNA	0	0	0	0.0000	0.0000	0.0000
ENSG00000229644.6	NAMPTP1	processed_pseudogene	856	448	408	28.9148	8.4696	8.1556
ENSG00000229646.2	AL109914.1	lncRNA	1	0	1	0.5816	0.1704	0.1641
ENSG00000229647.2	MYOSLID	lncRNA	24	18	19	0.6415	0.1879	0.1809
ENSG00000229648.1	RPSAP22	processed_pseudogene	0	0	0	0.0000	0.0000	0.0000
ENSG00000229649.1	LINC02681	lncRNA	0	0	0	0.0000	0.0000	0.0000
ENSG00000229652.1	AL359837.1	processed_pseudogene	2	0	2	0.5918	0.1733	0.1669
ENSG00000229654.1	LINC02526	lncRNA	0	0	0	0.0000	0.0000	0.0000
ENSG00000229656.7	ITGB1-DT	lncRNA	3	3	4	0.0700	0.0205	0.0197
ENSG00000229657.2	AL391822.1	processed_pseudogene	1	0	1	0.1511	0.0443	0.0426
ENSG00000229658.1	PABPC1P9	unprocessed_pseudogene	0	0	0	0.0000	0.0000	0.0000
ENSG00000229659.1	RPL26P6	processed_pseudogene	15	6	9	2.9082	0.8519	0.8203
ENSG00000229660.1	AC004975.2	lncRNA	1	1	0	0.1503	0.0440	0.0424
ENSG00000229661.1	BUD31P2	processed_pseudogene	0	0	0	0.0000	0.0000	0.0000
ENSG00000229662.2	AC245047.2	processed_pseudogene	0	0	0	0.0000	0.0000	0.0000
ENSG00000229663.1	DPY19L4P1	processed_pseudogene	0	0	0	0.0000	0.0000	0.0000
ENSG00000229664.1	AL137186.1	lncRNA	4	9	9	0.7077	0.2073	0.1996
ENSG00000229665.8	PRR20C	protein_coding	0	0	0	0.0000	0.0000	0.0000
ENSG00000229666.1	MAST4-AS1	lncRNA	1	0	1	0.1093	0.0320	0.0308
ENSG00000229667.2	UBE2V1P9	processed_pseudogene	1	0	1	0.2308	0.0676	0.0651
ENSG00000229668.1	AL133384.1	processed_pseudogene	0	0	0	0.0000	0.0000	0.0000
ENSG00000229670.2	PKP4P1	unprocessed_pseudogene	0	0	0	0.0000	0.0000	0.0000
ENSG00000229671.3	LINC01150	lncRNA	9	5	4	0.5884	0.1723	0.1660
ENSG00000229672.3	AL450322.2	lncRNA	0	0	0	0.0000	0.0000	0.0000
ENSG00000229673.1	Z73495.1	lncRNA	0	0	0	0.0000	0.0000	0.0000
ENSG00000229674.2	H2AL1RP	protein_coding	0	0	0	0.0000	0.0000	0.0000
ENSG00000229676.3	ZNF492	protein_coding	0	0	1	0.0000	0.0000	0.0000
ENSG00000229677.1	AC018644.1	processed_pseudogene	8	5	3	1.2330	0.3612	0.3478
ENSG00000229679.1	AC007327.2	lncRNA	0	0	0	0.0000	0.0000	0.0000
ENSG00000229682.1	AC114755.1	processed_pseudogene	0	0	0	0.0000	0.0000	0.0000
ENSG00000229686.1	SNORD56	snoRNA	0	0	0	0.0000	0.0000	0.0000
ENSG00000229687.2	AL049745.2	processed_pseudogene	0	0	0	0.0000	0.0000	0.0000
ENSG00000229688.8	CRPPA-AS1	lncRNA	1	1	0	0.0306	0.0090	0.0086
ENSG00000229689.3	AC009237.3	transcribed_unprocessed_pseudogene	134	185	189	2.2859	0.6696	0.6448
ENSG00000229690.1	MTCO2P1	processed_pseudogene	0	0	0	0.0000	0.0000	0.0000
ENSG00000229692.3	SOS1-IT1	lncRNA	96	50	46	6.5011	1.9043	1.8337
ENSG00000229693.2	SKP2P1	processed_pseudogene	0	0	0	0.0000	0.0000	0.0000
ENSG00000229694.7	LINC00484	lncRNA	0	2	1	0.0000	0.0000	0.0000
ENSG00000229695.1	AC011242.1	processed_pseudogene	0	0	0	0.0000	0.0000	0.0000
ENSG00000229696.1	KARS1P1	processed_pseudogene	2	1	1	0.0969	0.0284	0.0273
ENSG00000229697.2	FAM242E	lncRNA	0	0	0	0.0000	0.0000	0.0000
ENSG00000229699.1	AL161636.1	lncRNA	0	0	0	0.0000	0.0000	0.0000
ENSG00000229700.1	AL008627.1	processed_pseudogene	2	1	1	0.3495	0.1024	0.0986
ENSG00000229701.1	MTND2P20	processed_pseudogene	0	0	0	0.0000	0.0000	0.0000
ENSG00000229703.6	LYPD9P	transcribed_unitary_pseudogene	11	8	4	1.0121	0.2964	0.2855
ENSG00000229704.1	EIF2S2P2	processed_pseudogene	1	0	1	0.0865	0.0253	0.0244
ENSG00000229707.1	SKP1P3	processed_pseudogene	0	0	0	0.0000	0.0000	0.0000
ENSG00000229708.1	MARK2P12	processed_pseudogene	0	0	0	0.0000	0.0000	0.0000
ENSG00000229709.1	USP9YP36	unprocessed_pseudogene	0	0	0	0.0000	0.0000	0.0000
ENSG00000229711.1	AL512366.1	lncRNA	0	0	0	0.0000	0.0000	0.0000
ENSG00000229713.1	LCEP2	unprocessed_pseudogene	0	0	0	0.0000	0.0000	0.0000
ENSG00000229715.5	EEF1DP3	transcribed_unprocessed_pseudogene	0	0	0	0.0000	0.0000	0.0000
ENSG00000229716.2	RPL23AP19	processed_pseudogene	0	0	0	0.0000	0.0000	0.0000
ENSG00000229717.3	AC110615.1	lncRNA	0	0	0	0.0000	0.0000	0.0000
ENSG00000229719.5	MIR194-2HG	lncRNA	0	0	0	0.0000	0.0000	0.0000
ENSG00000229720.1	AL109924.1	lncRNA	0	0	0	0.0000	0.0000	0.0000
ENSG00000229721.3	AC104115.1	processed_pseudogene	0	0	0	0.0000	0.0000	0.0000
ENSG00000229722.1	AL078590.1	lncRNA	0	0	0	0.0000	0.0000	0.0000
ENSG00000229723.1	LINC01054	lncRNA	0	0	0	0.0000	0.0000	0.0000
ENSG00000229724.1	OR2AQ1P	unprocessed_pseudogene	0	0	0	0.0000	0.0000	0.0000
ENSG00000229725.1	AC007322.2	unprocessed_pseudogene	0	0	0	0.0000	0.0000	0.0000
ENSG00000229727.7	AC013460.1	lncRNA	1	1	0	0.0087	0.0025	0.0024
ENSG00000229728.1	AL136531.1	lncRNA	2	1	1	0.3538	0.1036	0.0998
ENSG00000229730.2	AC013268.2	processed_pseudogene	0	0	0	0.0000	0.0000	0.0000
ENSG00000229731.1	AC107613.1	processed_pseudogene	0	0	0	0.0000	0.0000	0.0000
ENSG00000229732.1	AC019349.1	lncRNA	0	0	0	0.0000	0.0000	0.0000
ENSG00000229733.1	AL030996.1	processed_pseudogene	0	0	0	0.0000	0.0000	0.0000
ENSG00000229735.1	FTLP16	processed_pseudogene	0	0	0	0.0000	0.0000	0.0000
ENSG00000229738.1	AC010240.1	processed_pseudogene	0	0	0	0.0000	0.0000	0.0000
ENSG00000229739.4	PDC-AS1	lncRNA	10	6	4	0.1214	0.0356	0.0342
ENSG00000229740.3	U91324.1	lncRNA	0	0	0	0.0000	0.0000	0.0000
ENSG00000229742.1	AC092809.1	processed_pseudogene	0	0	0	0.0000	0.0000	0.0000
ENSG00000229743.4	LINC01159	lncRNA	0	0	0	0.0000	0.0000	0.0000
ENSG00000229744.1	SDHDP5	processed_pseudogene	0	0	0	0.0000	0.0000	0.0000
ENSG00000229745.1	BPY2DP	unprocessed_pseudogene	0	0	0	0.0000	0.0000	0.0000
ENSG00000229747.1	AL445687.2	processed_pseudogene	0	0	0	0.0000	0.0000	0.0000
ENSG00000229749.1	COTL1P1	processed_pseudogene	0	0	0	0.0000	0.0000	0.0000
ENSG00000229750.1	AC096649.1	lncRNA	0	52	46	0.0000	0.0000	0.0000
ENSG00000229751.1	AC044781.1	lncRNA	8	4	4	1.1919	0.3491	0.3362
ENSG00000229752.1	RPL7P10	processed_pseudogene	1	0	1	0.1149	0.0337	0.0324
ENSG00000229753.1	RPS27AP15	processed_pseudogene	0	0	0	0.0000	0.0000	0.0000
ENSG00000229754.1	CXCR2P1	transcribed_unprocessed_pseudogene	174	77	99	5.9034	1.7292	1.6651
ENSG00000229755.1	AL121910.1	lncRNA	0	0	0	0.0000	0.0000	0.0000
ENSG00000229756.1	RPL31P20	processed_pseudogene	0	0	0	0.0000	0.0000	0.0000
ENSG00000229757.2	AL031736.2	processed_pseudogene	0	0	0	0.0000	0.0000	0.0000
ENSG00000229758.2	DYNLT3P2	processed_pseudogene	0	0	0	0.0000	0.0000	0.0000
ENSG00000229759.1	MRPS18AP1	processed_pseudogene	1	2	1	0.1442	0.0422	0.0407
ENSG00000229760.1	MTCO1P52	processed_pseudogene	0	0	0	0.0000	0.0000	0.0000
ENSG00000229761.1	RPS20P1	processed_pseudogene	0	0	0	0.0000	0.0000	0.0000
ENSG00000229762.1	AC092647.3	processed_pseudogene	0	0	0	0.0000	0.0000	0.0000
ENSG00000229765.2	AL354868.1	processed_pseudogene	3	2	1	0.5286	0.1548	0.1491
ENSG00000229766.7	AL021396.1	lncRNA	1	207	212	0.0169	0.0049	0.0048
ENSG00000229769.2	TRBV10-2	TR_V_gene	0	0	0	0.0000	0.0000	0.0000
ENSG00000229770.2	AL022337.1	lncRNA	0	0	0	0.0000	0.0000	0.0000
ENSG00000229771.2	AL035665.1	lncRNA	1	1	0	0.0509	0.0149	0.0144
ENSG00000229774.1	AC018866.1	lncRNA	0	0	0	0.0000	0.0000	0.0000
ENSG00000229775.7	LINC02624	lncRNA	0	0	0	0.0000	0.0000	0.0000
ENSG00000229776.1	C4B-AS1	lncRNA	0	0	0	0.0000	0.0000	0.0000
ENSG00000229779.1	AC016751.1	lncRNA	0	0	0	0.0000	0.0000	0.0000
ENSG00000229780.1	UBE2Q1-AS1	lncRNA	3	203	224	0.5897	0.1727	0.1663
ENSG00000229781.1	RRN3P4	processed_pseudogene	0	0	0	0.0000	0.0000	0.0000
ENSG00000229782.1	AC118754.1	lncRNA	0	0	0	0.0000	0.0000	0.0000
ENSG00000229785.1	SLC25A38P1	processed_pseudogene	2	0	2	0.1801	0.0528	0.0508
ENSG00000229786.1	SNRPFP2	processed_pseudogene	0	0	0	0.0000	0.0000	0.0000
ENSG00000229788.1	LINC00388	lncRNA	0	0	0	0.0000	0.0000	0.0000
ENSG00000229791.1	AL356259.1	lncRNA	0	0	0	0.0000	0.0000	0.0000
ENSG00000229792.1	LINC00399	lncRNA	0	0	0	0.0000	0.0000	0.0000
ENSG00000229794.2	MTCYBP32	processed_pseudogene	0	0	0	0.0000	0.0000	0.0000
ENSG00000229795.2	RPS21P1	transcribed_processed_pseudogene	0	0	0	0.0000	0.0000	0.0000
ENSG00000229797.2	AC140481.1	lncRNA	0	0	0	0.0000	0.0000	0.0000
ENSG00000229798.1	KRT18P26	processed_pseudogene	1	1	0	0.0663	0.0194	0.0187
ENSG00000229800.1	ATP8A2P2	processed_pseudogene	1	1	6	0.0542	0.0159	0.0153
ENSG00000229805.1	LINC01813	lncRNA	0	0	0	0.0000	0.0000	0.0000
ENSG00000229806.1	RPS15P5	processed_pseudogene	7	2	5	1.3760	0.4031	0.3881
ENSG00000229807.12	XIST	lncRNA	1	0	1	0.0034	0.0010	0.0009
ENSG00000229808.1	AL391825.1	transcribed_processed_pseudogene	12	6	6	0.7471	0.2188	0.2107
ENSG00000229809.8	ZNF688	protein_coding	519	261	269	14.5795	4.2706	4.1122
ENSG00000229814.1	RPL35AP21	processed_pseudogene	1	1	0	0.2550	0.0747	0.0719
ENSG00000229815.1	CCNB1IP1P1	processed_pseudogene	0	1	3	0.0000	0.0000	0.0000
ENSG00000229816.1	DDX50P1	processed_pseudogene	4	2	2	0.1415	0.0415	0.0399
ENSG00000229817.1	AL133412.1	processed_pseudogene	0	2	1	0.0000	0.0000	0.0000
ENSG00000229820.2	CR391992.1	processed_pseudogene	0	0	0	0.0000	0.0000	0.0000
ENSG00000229821.1	AC103925.1	lncRNA	0	0	0	0.0000	0.0000	0.0000
ENSG00000229822.2	RPS15AP39	processed_pseudogene	0	0	0	0.0000	0.0000	0.0000
ENSG00000229824.1	RPL12P34	processed_pseudogene	0	0	0	0.0000	0.0000	0.0000
ENSG00000229826.2	AC244505.5	processed_pseudogene	0	0	0	0.0000	0.0000	0.0000
ENSG00000229827.1	AC093899.1	processed_pseudogene	0	0	0	0.0000	0.0000	0.0000
ENSG00000229828.2	PDE4DIPP1	unprocessed_pseudogene	0	0	0	0.0000	0.0000	0.0000
ENSG00000229829.1	DUTP4	processed_pseudogene	0	0	0	0.0000	0.0000	0.0000
ENSG00000229830.1	AL589823.1	processed_pseudogene	0	0	0	0.0000	0.0000	0.0000
ENSG00000229831.2	AC108039.2	processed_pseudogene	1	0	1	0.2365	0.0693	0.0667
ENSG00000229832.1	AL360091.1	lncRNA	3	1	2	0.5136	0.1505	0.1449
ENSG00000229833.10	PET100	protein_coding	8	1	8	0.3139	0.0920	0.0885
ENSG00000229834.1	AL354676.1	processed_pseudogene	0	0	0	0.0000	0.0000	0.0000
ENSG00000229835.2	KHSRPP1	processed_pseudogene	3	1	2	0.1441	0.0422	0.0406
ENSG00000229836.1	AL671883.1	unprocessed_pseudogene	0	0	0	0.0000	0.0000	0.0000
ENSG00000229839.6	AC018462.1	lncRNA	7	8	12	0.3238	0.0948	0.0913
ENSG00000229840.2	ISCA1P2	processed_pseudogene	0	0	0	0.0000	0.0000	0.0000
ENSG00000229842.2	MTATP6P13	unprocessed_pseudogene	0	0	0	0.0000	0.0000	0.0000
ENSG00000229846.2	AC099788.1	lncRNA	1	1	0	0.1071	0.0314	0.0302
ENSG00000229847.9	EMX2OS	lncRNA	53	25	31	0.5047	0.1478	0.1423
ENSG00000229848.1	AC139149.1	lncRNA	1	1	0	0.0887	0.0260	0.0250
ENSG00000229849.1	PYHIN5P	unprocessed_pseudogene	0	0	0	0.0000	0.0000	0.0000
ENSG00000229851.1	ARSD-AS1	lncRNA	0	130	149	0.0000	0.0000	0.0000
ENSG00000229852.4	AC019205.1	lncRNA	59	29	31	0.4794	0.1404	0.1352
ENSG00000229853.1	AL034418.1	processed_pseudogene	0	0	0	0.0000	0.0000	0.0000
ENSG00000229854.1	AL357936.1	lncRNA	0	0	0	0.0000	0.0000	0.0000
ENSG00000229855.9	AC008568.1	lncRNA	0	0	0	0.0000	0.0000	0.0000
ENSG00000229857.1	AL353637.1	processed_pseudogene	0	0	0	0.0000	0.0000	0.0000
ENSG00000229858.2	AC016831.2	processed_pseudogene	0	0	0	0.0000	0.0000	0.0000
ENSG00000229859.10	PGA3	protein_coding	0	0	0	0.0000	0.0000	0.0000
ENSG00000229862.5	AL121972.1	lncRNA	2	5	5	0.2112	0.0619	0.0596
ENSG00000229863.1	AC097358.1	processed_pseudogene	2	1	1	0.2918	0.0855	0.0823
ENSG00000229865.1	RPL31P54	processed_pseudogene	0	0	0	0.0000	0.0000	0.0000
ENSG00000229867.2	STEAP3-AS1	lncRNA	0	180	175	0.0000	0.0000	0.0000
ENSG00000229869.1	AL359878.2	lncRNA	0	0	0	0.0000	0.0000	0.0000
ENSG00000229870.1	RPL21P89	processed_pseudogene	5	5	0	0.9092	0.2663	0.2564
ENSG00000229871.1	RPSAP20	processed_pseudogene	0	0	0	0.0000	0.0000	0.0000
ENSG00000229873.1	OGFR-AS1	lncRNA	1	7	6	0.1271	0.0372	0.0359
ENSG00000229875.1	EIF1P1	processed_pseudogene	0	0	0	0.0000	0.0000	0.0000
ENSG00000229876.1	CASC20	lncRNA	0	0	0	0.0000	0.0000	0.0000
ENSG00000229877.1	PAICSP5	processed_pseudogene	0	0	0	0.0000	0.0000	0.0000
ENSG00000229878.1	AL365203.1	processed_pseudogene	0	0	0	0.0000	0.0000	0.0000
ENSG00000229880.1	IMMTP1	processed_pseudogene	3	1	2	0.1148	0.0336	0.0324
ENSG00000229881.1	AC091685.1	lncRNA	0	0	0	0.0000	0.0000	0.0000
ENSG00000229882.1	AL450469.1	lncRNA	0	0	0	0.0000	0.0000	0.0000
ENSG00000229885.1	AC244505.6	processed_pseudogene	0	0	0	0.0000	0.0000	0.0000
ENSG00000229886.1	AC068533.2	processed_pseudogene	0	0	0	0.0000	0.0000	0.0000
ENSG00000229887.4	HNRNPA1P6	transcribed_unprocessed_pseudogene	0	0	0	0.0000	0.0000	0.0000
ENSG00000229890.1	ACTP1	processed_pseudogene	2	1	1	0.4434	0.1299	0.1251
ENSG00000229891.2	LINC01315	lncRNA	49	28	21	3.1405	0.9199	0.8858
ENSG00000229892.1	AL035666.1	processed_pseudogene	0	0	0	0.0000	0.0000	0.0000
ENSG00000229893.2	TAX1BP1-AS1	lncRNA	5	303	275	0.3568	0.1045	0.1006
ENSG00000229894.4	GK3P	protein_coding	4	2	2	0.1818	0.0533	0.0513
ENSG00000229896.2	AL157373.2	lncRNA	1	1	0	0.0993	0.0291	0.0280
ENSG00000229897.2	SEPTIN7P7	processed_pseudogene	4	3	1	0.2611	0.0765	0.0736
ENSG00000229899.1	AC084290.1	processed_pseudogene	0	0	0	0.0000	0.0000	0.0000
ENSG00000229900.1	HSPD1P21	processed_pseudogene	0	0	0	0.0000	0.0000	0.0000
ENSG00000229901.1	FOXO6-AS1	lncRNA	0	0	0	0.0000	0.0000	0.0000
ENSG00000229905.1	AL669831.2	lncRNA	0	0	0	0.0000	0.0000	0.0000
ENSG00000229906.1	SNRPGP11	processed_pseudogene	0	0	0	0.0000	0.0000	0.0000
ENSG00000229907.3	DEFB108A	unprocessed_pseudogene	0	0	0	0.0000	0.0000	0.0000
ENSG00000229909.1	TRIM60P16	processed_pseudogene	0	0	0	0.0000	0.0000	0.0000
ENSG00000229910.1	HNRNPA1P18	processed_pseudogene	0	0	0	0.0000	0.0000	0.0000
ENSG00000229911.2	AL139148.1	processed_pseudogene	0	0	0	0.0000	0.0000	0.0000
ENSG00000229912.1	AC128709.1	lncRNA	5	1	4	0.7077	0.2073	0.1996
ENSG00000229913.1	AL360295.1	lncRNA	0	0	0	0.0000	0.0000	0.0000
ENSG00000229914.1	AL138899.2	processed_pseudogene	1	1	0	0.1702	0.0498	0.0480
ENSG00000229915.1	AC016999.1	lncRNA	2	14	12	0.3758	0.1101	0.1060
ENSG00000229917.2	RPL7P46	processed_pseudogene	1	0	1	0.1148	0.0336	0.0324
ENSG00000229918.1	DOCK9-AS1	lncRNA	0	0	0	0.0000	0.0000	0.0000
ENSG00000229919.3	ELOCP3	processed_pseudogene	0	0	0	0.0000	0.0000	0.0000
ENSG00000229920.2	RPS4XP5	transcribed_processed_pseudogene	2	0	2	0.1072	0.0314	0.0302
ENSG00000229921.7	KIF25-AS1	lncRNA	0	0	0	0.0000	0.0000	0.0000
ENSG00000229922.5	LINC02865	lncRNA	0	0	0	0.0000	0.0000	0.0000
ENSG00000229923.2	AL583803.1	lncRNA	0	0	0	0.0000	0.0000	0.0000
ENSG00000229924.3	FAM90A26	protein_coding	4	1	3	0.1363	0.0399	0.0384
ENSG00000229925.1	AP001043.1	lncRNA	0	0	0	0.0000	0.0000	0.0000
ENSG00000229926.1	IL9RP1	unprocessed_pseudogene	1	1	0	0.0700	0.0205	0.0197
ENSG00000229927.2	RHEBP1	processed_pseudogene	0	0	0	0.0000	0.0000	0.0000
ENSG00000229928.1	LINC00400	lncRNA	0	0	0	0.0000	0.0000	0.0000
ENSG00000229930.1	AC138393.2	unprocessed_pseudogene	0	0	0	0.0000	0.0000	0.0000
ENSG00000229931.1	ATXN1-AS1	lncRNA	5	4	1	0.6083	0.1782	0.1716
ENSG00000229932.3	YWHAZP3	processed_pseudogene	91	36	55	10.4712	3.0672	2.9535
ENSG00000229935.1	MTCYBP9	processed_pseudogene	0	0	0	0.0000	0.0000	0.0000
ENSG00000229937.9	PRPS1L1	protein_coding	1	1	0	0.0788	0.0231	0.0222
ENSG00000229938.1	MYO16-AS2	lncRNA	0	0	0	0.0000	0.0000	0.0000
ENSG00000229939.1	AL589880.1	processed_pseudogene	28	11	17	8.2849	2.4268	2.3368
ENSG00000229940.1	TSPY22P	unprocessed_pseudogene	0	0	0	0.0000	0.0000	0.0000
ENSG00000229941.6	PDE11A-AS1	lncRNA	0	0	0	0.0000	0.0000	0.0000
ENSG00000229943.1	AC133865.1	lncRNA	0	0	0	0.0000	0.0000	0.0000
ENSG00000229944.3	EIF4EP2	processed_pseudogene	10	5	6	1.2985	0.3803	0.3662
ENSG00000229946.2	B3GNT2P1	processed_pseudogene	0	0	0	0.0000	0.0000	0.0000
ENSG00000229948.2	B3GALNT1P1	processed_pseudogene	1	1	0	0.0871	0.0255	0.0246
ENSG00000229949.1	AC005094.1	processed_pseudogene	1	0	1	0.2308	0.0676	0.0651
ENSG00000229950.1	TFAP2A-AS1	lncRNA	16	57	39	0.8030	0.2352	0.2265
ENSG00000229951.5	FLJ31356	lncRNA	1	1	0	0.0283	0.0083	0.0080
ENSG00000229953.1	AL590666.2	lncRNA	71	45	61	7.9543	2.3299	2.2436
ENSG00000229954.1	MTND2P2	processed_pseudogene	0	0	0	0.0000	0.0000	0.0000
ENSG00000229955.1	Z98749.1	lncRNA	0	0	0	0.0000	0.0000	0.0000
ENSG00000229956.11	ZRANB2-AS2	lncRNA	62	39	34	0.3539	0.1037	0.0998
ENSG00000229957.1	AL031687.1	lncRNA	0	0	0	0.0000	0.0000	0.0000
ENSG00000229960.1	AL590483.1	lncRNA	0	0	0	0.0000	0.0000	0.0000
ENSG00000229961.3	AL357143.1	transcribed_unprocessed_pseudogene	3	2	1	0.0438	0.0128	0.0124
ENSG00000229962.2	AP000221.1	lncRNA	3	2	1	0.1780	0.0521	0.0502
ENSG00000229964.1	AC080129.1	lncRNA	0	0	0	0.0000	0.0000	0.0000
ENSG00000229965.1	RPS3AP7	processed_pseudogene	5	2	3	0.5437	0.1592	0.1533
ENSG00000229967.1	MAGEA4-AS1	lncRNA	0	0	0	0.0000	0.0000	0.0000
ENSG00000229968.1	AL022578.1	processed_pseudogene	0	0	0	0.0000	0.0000	0.0000
ENSG00000229969.1	AL136982.2	lncRNA	0	0	0	0.0000	0.0000	0.0000
ENSG00000229970.3	AC007128.1	lncRNA	0	0	0	0.0000	0.0000	0.0000
ENSG00000229971.1	AL022313.3	lncRNA	0	0	0	0.0000	0.0000	0.0000
ENSG00000229972.8	IQCF3	protein_coding	0	0	0	0.0000	0.0000	0.0000
ENSG00000229975.1	LIPT1P1	processed_pseudogene	0	0	0	0.0000	0.0000	0.0000
ENSG00000229976.2	AL118523.1	lncRNA	0	0	0	0.0000	0.0000	0.0000
ENSG00000229977.2	AC073264.1	processed_pseudogene	0	0	1	0.0000	0.0000	0.0000
ENSG00000229978.1	PRAMEF36P	transcribed_unprocessed_pseudogene	0	0	0	0.0000	0.0000	0.0000
ENSG00000229979.1	AC243428.1	processed_pseudogene	0	0	0	0.0000	0.0000	0.0000
ENSG00000229980.5	TOB1-AS1	lncRNA	12	18	16	0.2879	0.0843	0.0812
ENSG00000229981.8	LINC01435	lncRNA	0	0	0	0.0000	0.0000	0.0000
ENSG00000229982.1	GTF3AP6	processed_pseudogene	0	0	0	0.0000	0.0000	0.0000
ENSG00000229983.1	AL606468.1	lncRNA	1	1	0	0.1665	0.0488	0.0470
ENSG00000229985.2	AL590640.2	processed_pseudogene	2	0	2	0.3223	0.0944	0.0909
ENSG00000229986.1	AP001042.2	lncRNA	0	0	0	0.0000	0.0000	0.0000
ENSG00000229988.2	HBBP1	transcribed_unprocessed_pseudogene	0	0	0	0.0000	0.0000	0.0000
ENSG00000229989.4	MIR181A1HG	lncRNA	3	1	2	0.0473	0.0138	0.0133
ENSG00000229990.3	AC022400.2	lncRNA	0	0	0	0.0000	0.0000	0.0000
ENSG00000229991.1	AKR1B1P1	processed_pseudogene	1	1	0	0.0888	0.0260	0.0251
ENSG00000229992.1	HMGB3P9	processed_pseudogene	1	0	1	0.1457	0.0427	0.0411
ENSG00000229994.1	RPL5P4	processed_pseudogene	12	9	3	1.1502	0.3369	0.3244
ENSG00000229996.1	AC093585.1	lncRNA	3	1	2	0.5952	0.1744	0.1679
ENSG00000229999.6	SGSM3-AS1	lncRNA	0	0	0	0.0000	0.0000	0.0000
ENSG00000230000.3	AC006455.5	lncRNA	1	0	1	0.0291	0.0085	0.0082
ENSG00000230001.1	AL359095.1	lncRNA	0	0	0	0.0000	0.0000	0.0000
ENSG00000230002.3	ALMS1-IT1	lncRNA	123	61	62	4.9621	1.4535	1.3996
ENSG00000230003.2	AL445646.1	processed_pseudogene	0	0	0	0.0000	0.0000	0.0000
ENSG00000230005.2	SNAP47-AS1	lncRNA	0	0	0	0.0000	0.0000	0.0000
ENSG00000230006.7	ANKRD36BP2	transcribed_unprocessed_pseudogene	77	36	41	0.8131	0.2382	0.2293
ENSG00000230009.1	MTCO2P3	processed_pseudogene	0	0	0	0.0000	0.0000	0.0000
ENSG00000230010.2	AL049646.1	lncRNA	2	1	5	0.0525	0.0154	0.0148
ENSG00000230011.2	CTSLP4	unprocessed_pseudogene	0	0	0	0.0000	0.0000	0.0000
ENSG00000230013.2	CT70	lncRNA	1	1	0	0.0253	0.0074	0.0071
ENSG00000230014.1	LINC00709	lncRNA	0	0	0	0.0000	0.0000	0.0000
ENSG00000230015.3	AL365184.2	lncRNA	0	0	0	0.0000	0.0000	0.0000
ENSG00000230018.1	PPIAP39	processed_pseudogene	0	0	2	0.0000	0.0000	0.0000
ENSG00000230019.1	YWHAQP9	processed_pseudogene	0	0	0	0.0000	0.0000	0.0000
ENSG00000230020.1	NHS-AS1	lncRNA	0	0	0	0.0000	0.0000	0.0000
ENSG00000230021.10	AL669831.3	transcribed_processed_pseudogene	6	112	113	0.0927	0.0272	0.0262
ENSG00000230022.1	FNTAP2	processed_pseudogene	0	0	0	0.0000	0.0000	0.0000
ENSG00000230023.2	LINC02800	lncRNA	4	2	2	0.1837	0.0538	0.0518
ENSG00000230025.1	AC007967.3	unprocessed_pseudogene	0	0	0	0.0000	0.0000	0.0000
ENSG00000230026.2	AL357556.1	processed_pseudogene	2	1	1	0.1224	0.0358	0.0345
ENSG00000230027.2	AC092813.2	lncRNA	0	0	0	0.0000	0.0000	0.0000
ENSG00000230029.1	CDY11P	unprocessed_pseudogene	0	0	0	0.0000	0.0000	0.0000
ENSG00000230030.1	AL353742.1	lncRNA	0	0	0	0.0000	0.0000	0.0000
ENSG00000230031.10	POTEB2	protein_coding	0	0	0	0.0000	0.0000	0.0000
ENSG00000230033.1	AC006357.1	lncRNA	0	0	0	0.0000	0.0000	0.0000
ENSG00000230035.2	IGSF21-AS1	lncRNA	0	0	0	0.0000	0.0000	0.0000
ENSG00000230037.1	UBBP1	processed_pseudogene	23	14	9	4.1293	1.2095	1.1647
ENSG00000230039.1	CCNYL5	processed_pseudogene	1	0	1	0.0853	0.0250	0.0241
ENSG00000230040.2	LINC00364	lncRNA	0	0	0	0.0000	0.0000	0.0000
ENSG00000230042.1	AK3P3	processed_pseudogene	2	0	2	0.2558	0.0749	0.0721
ENSG00000230043.1	TMSB4XP6	processed_pseudogene	0	6	1	0.0000	0.0000	0.0000
ENSG00000230044.1	CDK8P1	processed_pseudogene	0	0	0	0.0000	0.0000	0.0000
ENSG00000230045.4	FAM90A15P	unprocessed_pseudogene	0	0	0	0.0000	0.0000	0.0000
ENSG00000230046.1	BIRC6-AS1	lncRNA	0	4	4	0.0000	0.0000	0.0000
ENSG00000230047.1	HIGD2AP1	processed_pseudogene	0	0	0	0.0000	0.0000	0.0000
ENSG00000230051.2	AL020994.2	lncRNA	0	0	0	0.0000	0.0000	0.0000
ENSG00000230052.1	MTND3P2	unprocessed_pseudogene	0	0	0	0.0000	0.0000	0.0000
ENSG00000230053.2	AC093578.1	processed_pseudogene	0	0	0	0.0000	0.0000	0.0000
ENSG00000230054.3	TEX53	protein_coding	3	3	0	0.4477	0.1311	0.1263
ENSG00000230056.1	DDX6P1	processed_pseudogene	0	0	0	0.0000	0.0000	0.0000
ENSG00000230061.2	TRPM2-AS	lncRNA	108	60	50	4.0015	1.1721	1.1286
ENSG00000230062.5	ANKRD66	protein_coding	0	0	0	0.0000	0.0000	0.0000
ENSG00000230063.1	AL360091.2	lncRNA	0	0	0	0.0000	0.0000	0.0000
ENSG00000230064.1	AL772161.1	processed_pseudogene	0	1	1	0.0000	0.0000	0.0000
ENSG00000230065.1	AC010974.1	lncRNA	0	0	0	0.0000	0.0000	0.0000
ENSG00000230066.6	FAM197Y3	transcribed_unprocessed_pseudogene	0	0	0	0.0000	0.0000	0.0000
ENSG00000230067.3	HSPD1P6	transcribed_processed_pseudogene	13	5	8	0.5066	0.1484	0.1429
ENSG00000230068.2	CDC42-IT1	lncRNA	0	0	0	0.0000	0.0000	0.0000
ENSG00000230069.3	LRRC37A15P	processed_pseudogene	2	0	2	0.1253	0.0367	0.0354
ENSG00000230071.2	RPL4P6	processed_pseudogene	9	6	3	0.5861	0.1717	0.1653
ENSG00000230073.1	AC009947.1	unprocessed_pseudogene	0	0	0	0.0000	0.0000	0.0000
ENSG00000230074.3	AL162231.2	lncRNA	47	52	56	2.8307	0.8292	0.7984
ENSG00000230076.1	RPL10P6	processed_pseudogene	24	8	16	6.4091	1.8773	1.8077
ENSG00000230077.1	MTAPP2	processed_pseudogene	0	0	0	0.0000	0.0000	0.0000
ENSG00000230079.1	STK24P1	processed_pseudogene	8	5	3	0.5262	0.1541	0.1484
ENSG00000230080.2	AC139143.1	processed_pseudogene	7	7	0	0.4925	0.1443	0.1389
ENSG00000230081.2	HSPE1P28	processed_pseudogene	0	0	0	0.0000	0.0000	0.0000
ENSG00000230082.1	PRRT3-AS1	lncRNA	33	35	36	4.5641	1.3369	1.2873
ENSG00000230083.1	AC009237.4	processed_pseudogene	0	0	0	0.0000	0.0000	0.0000
ENSG00000230084.6	AC006059.1	lncRNA	29	35	30	0.7936	0.2325	0.2239
ENSG00000230086.1	VN1R96P	unitary_pseudogene	0	0	0	0.0000	0.0000	0.0000
ENSG00000230087.1	AC104389.3	processed_pseudogene	0	0	0	0.0000	0.0000	0.0000
ENSG00000230088.1	KRT16P5	processed_pseudogene	0	0	0	0.0000	0.0000	0.0000
ENSG00000230090.5	AC108025.1	lncRNA	0	0	0	0.0000	0.0000	0.0000
ENSG00000230091.6	TMEM254-AS1	lncRNA	37	43	36	1.0013	0.2933	0.2824
ENSG00000230092.7	AL669831.4	transcribed_unprocessed_pseudogene	5	8	7	0.4869	0.1426	0.1373
ENSG00000230096.1	AC022535.1	lncRNA	0	0	0	0.0000	0.0000	0.0000
ENSG00000230097.2	ME2P1	processed_pseudogene	1	0	1	0.0431	0.0126	0.0122
ENSG00000230098.1	TCERG1L-AS1	lncRNA	0	0	0	0.0000	0.0000	0.0000
ENSG00000230099.2	TRBV5-4	TR_V_gene	12	7	5	1.8732	0.5487	0.5284
ENSG00000230100.1	AL606490.3	lncRNA	0	0	1	0.0000	0.0000	0.0000
ENSG00000230101.5	TUBB3P2	processed_pseudogene	0	0	0	0.0000	0.0000	0.0000
ENSG00000230102.8	LINC02028	lncRNA	21	14	7	0.1668	0.0489	0.0470
ENSG00000230104.1	AC018712.1	processed_pseudogene	0	0	0	0.0000	0.0000	0.0000
ENSG00000230105.1	AL354793.1	lncRNA	0	0	0	0.0000	0.0000	0.0000
ENSG00000230106.1	SNRPCP15	processed_pseudogene	0	0	0	0.0000	0.0000	0.0000
ENSG00000230107.1	AL022316.1	lncRNA	4	1	3	0.5938	0.1739	0.1675
ENSG00000230109.1	LINC02643	lncRNA	0	0	0	0.0000	0.0000	0.0000
ENSG00000230111.1	H3P11	processed_pseudogene	0	0	0	0.0000	0.0000	0.0000
ENSG00000230112.1	AL157398.1	processed_pseudogene	0	0	0	0.0000	0.0000	0.0000
ENSG00000230113.1	AC138207.1	lncRNA	3	24	34	0.4675	0.1369	0.1318
ENSG00000230114.1	AGBL4-AS1	lncRNA	0	0	0	0.0000	0.0000	0.0000
ENSG00000230115.1	TPRG1-AS2	lncRNA	0	0	2	0.0000	0.0000	0.0000
ENSG00000230116.1	RPS3AP11	processed_pseudogene	0	0	0	0.0000	0.0000	0.0000
ENSG00000230118.1	AC092569.1	processed_pseudogene	0	0	0	0.0000	0.0000	0.0000
ENSG00000230119.1	AC123900.1	processed_pseudogene	0	0	0	0.0000	0.0000	0.0000
ENSG00000230120.1	AL008723.1	lncRNA	0	0	0	0.0000	0.0000	0.0000
ENSG00000230121.1	AL445070.1	lncRNA	0	0	0	0.0000	0.0000	0.0000
ENSG00000230122.1	ECEL1P3	unprocessed_pseudogene	0	0	0	0.0000	0.0000	0.0000
ENSG00000230123.1	DLEC1P1	unprocessed_pseudogene	0	0	0	0.0000	0.0000	0.0000
ENSG00000230124.8	ACBD6	protein_coding	1272	652	649	14.3795	4.2120	4.0558
ENSG00000230125.1	EEF1A1P39	processed_pseudogene	0	0	0	0.0000	0.0000	0.0000
ENSG00000230126.1	FGF12-AS2	lncRNA	1	0	1	0.1464	0.0429	0.0413
ENSG00000230130.1	MTND2P39	processed_pseudogene	0	0	0	0.0000	0.0000	0.0000
ENSG00000230131.6	LINC02641	lncRNA	0	0	0	0.0000	0.0000	0.0000
ENSG00000230132.1	AC006457.1	processed_pseudogene	0	0	0	0.0000	0.0000	0.0000
ENSG00000230133.2	LINC01721	lncRNA	0	0	0	0.0000	0.0000	0.0000
ENSG00000230137.1	AC004832.2	processed_pseudogene	0	0	0	0.0000	0.0000	0.0000
ENSG00000230138.2	LINC02812	lncRNA	3	2	1	0.2731	0.0800	0.0770
ENSG00000230140.7	NPAS2-AS1	lncRNA	0	9	6	0.0000	0.0000	0.0000
ENSG00000230142.2	LINC01075	lncRNA	0	0	0	0.0000	0.0000	0.0000
ENSG00000230146.1	SEPHS1P4	processed_pseudogene	1	1	0	0.0722	0.0212	0.0204
ENSG00000230147.2	AL158071.1	processed_pseudogene	0	0	0	0.0000	0.0000	0.0000
ENSG00000230148.8	HOXB-AS1	lncRNA	2	30	25	0.1089	0.0319	0.0307
ENSG00000230149.2	AL021707.3	lncRNA	3	174	147	0.4834	0.1416	0.1364
ENSG00000230153.5	AF274573.1	lncRNA	2	2	0	0.3266	0.0957	0.0921
ENSG00000230154.1	AIDAP1	processed_pseudogene	4	2	2	0.3704	0.1085	0.1045
ENSG00000230155.6	CEP250-AS1	lncRNA	1	30	27	0.1012	0.0296	0.0285
ENSG00000230156.3	LINC00443	lncRNA	0	0	0	0.0000	0.0000	0.0000
ENSG00000230157.1	ATP5MC1P1	processed_pseudogene	0	0	0	0.0000	0.0000	0.0000
ENSG00000230158.1	MTND1P28	unprocessed_pseudogene	0	0	0	0.0000	0.0000	0.0000
ENSG00000230159.1	BX119904.1	lncRNA	0	0	0	0.0000	0.0000	0.0000
ENSG00000230160.1	AC004854.1	processed_pseudogene	0	0	0	0.0000	0.0000	0.0000
ENSG00000230161.1	AL162395.1	processed_pseudogene	0	0	0	0.0000	0.0000	0.0000
ENSG00000230162.1	CT45A11P	unprocessed_pseudogene	2	1	1	0.1498	0.0439	0.0422
ENSG00000230163.1	AL122010.1	lncRNA	0	18	23	0.0000	0.0000	0.0000
ENSG00000230164.1	MAS1LP1	unprocessed_pseudogene	0	0	0	0.0000	0.0000	0.0000
ENSG00000230165.1	AURKAP2	processed_pseudogene	0	0	0	0.0000	0.0000	0.0000
ENSG00000230166.1	RPL35AP24	processed_pseudogene	0	0	0	0.0000	0.0000	0.0000
ENSG00000230169.1	RPL30P16	processed_pseudogene	0	0	0	0.0000	0.0000	0.0000
ENSG00000230170.1	HNRNPA1P28	processed_pseudogene	6	2	4	0.5302	0.1553	0.1495
ENSG00000230171.1	RPL22P18	processed_pseudogene	0	0	0	0.0000	0.0000	0.0000
ENSG00000230172.1	AC090957.1	lncRNA	0	0	0	0.0000	0.0000	0.0000
ENSG00000230173.1	LINC01790	lncRNA	0	0	0	0.0000	0.0000	0.0000
ENSG00000230174.1	LINC01149	lncRNA	0	0	0	0.0000	0.0000	0.0000
ENSG00000230175.1	AL451074.3	processed_pseudogene	0	0	0	0.0000	0.0000	0.0000
ENSG00000230176.3	LINC01433	lncRNA	0	0	0	0.0000	0.0000	0.0000
ENSG00000230178.1	OR4F3	protein_coding	0	0	0	0.0000	0.0000	0.0000
ENSG00000230180.1	RPL12P49	processed_pseudogene	0	0	0	0.0000	0.0000	0.0000
ENSG00000230182.1	RNF10P1	processed_pseudogene	0	0	0	0.0000	0.0000	0.0000
ENSG00000230183.4	CNOT6LP1	processed_pseudogene	0	0	0	0.0000	0.0000	0.0000
ENSG00000230184.1	SMYD3-IT1	lncRNA	0	0	0	0.0000	0.0000	0.0000
ENSG00000230185.5	C9orf147	lncRNA	17	14	10	0.6033	0.1767	0.1702
ENSG00000230186.3	AC246680.1	lncRNA	0	1	0	0.0000	0.0000	0.0000
ENSG00000230187.1	AL139109.1	processed_pseudogene	0	0	0	0.0000	0.0000	0.0000
ENSG00000230188.1	AL158156.1	processed_pseudogene	0	0	0	0.0000	0.0000	0.0000
ENSG00000230189.7	AC008267.2	transcribed_unprocessed_pseudogene	3	1	2	0.2597	0.0761	0.0732
ENSG00000230190.1	AC005518.1	lncRNA	0	0	0	0.0000	0.0000	0.0000
ENSG00000230191.1	IFITM3P4	processed_pseudogene	12	2	10	2.6197	0.7673	0.7389
ENSG00000230192.1	AC073387.1	processed_pseudogene	0	0	0	0.0000	0.0000	0.0000
ENSG00000230194.1	AC000081.1	processed_pseudogene	0	0	0	0.0000	0.0000	0.0000
ENSG00000230196.1	DDX43P3	processed_pseudogene	0	0	0	0.0000	0.0000	0.0000
ENSG00000230197.6	AC007952.3	lncRNA	0	0	0	0.0000	0.0000	0.0000
ENSG00000230198.1	RPL37P4	processed_pseudogene	0	0	0	0.0000	0.0000	0.0000
ENSG00000230199.1	AL603825.1	processed_pseudogene	38	11	27	40.3372	11.8154	11.3773
ENSG00000230201.5	ATP6V0CP1	processed_pseudogene	0	0	0	0.0000	0.0000	0.0000
ENSG00000230202.1	AL450405.1	processed_pseudogene	108	41	67	19.3490	5.6676	5.4575
ENSG00000230203.1	Z99714.1	processed_pseudogene	1	0	1	0.1052	0.0308	0.0297
ENSG00000230204.1	FTH1P5	processed_pseudogene	65	31	34	10.1281	2.9667	2.8567
ENSG00000230205.1	AL359382.1	lncRNA	0	0	0	0.0000	0.0000	0.0000
ENSG00000230207.1	RPL4P5	processed_pseudogene	63	28	35	4.1928	1.2281	1.1826
ENSG00000230208.1	IFNNP1	processed_pseudogene	0	0	0	0.0000	0.0000	0.0000
ENSG00000230212.6	AP000688.1	lncRNA	6	1585	1621	0.3941	0.1154	0.1111
ENSG00000230213.1	OR8V1P	unprocessed_pseudogene	0	0	0	0.0000	0.0000	0.0000
ENSG00000230214.1	FTLP18	processed_pseudogene	0	0	0	0.0000	0.0000	0.0000
ENSG00000230215.1	LINC01840	lncRNA	0	0	0	0.0000	0.0000	0.0000
ENSG00000230216.1	HSPB1P2	processed_pseudogene	10	7	4	1.5553	0.4556	0.4387
ENSG00000230219.3	CIBAR1P2	transcribed_processed_pseudogene	1	0	1	0.0346	0.0101	0.0098
ENSG00000230221.2	AL157384.1	processed_pseudogene	2	3	0	0.0687	0.0201	0.0194
ENSG00000230223.8	ATXN8OS	lncRNA	0	0	0	0.0000	0.0000	0.0000
ENSG00000230224.1	PHBP9	processed_pseudogene	7	2	5	0.7205	0.2111	0.2032
ENSG00000230225.1	MTND5P14	unprocessed_pseudogene	0	0	0	0.0000	0.0000	0.0000
ENSG00000230226.1	AL121829.1	lncRNA	0	0	0	0.0000	0.0000	0.0000
ENSG00000230227.4	SIAH1P1	processed_pseudogene	0	0	0	0.0000	0.0000	0.0000
ENSG00000230228.2	H3P1	processed_pseudogene	3	1	2	0.6923	0.2028	0.1953
ENSG00000230229.1	AC010163.2	lncRNA	0	0	0	0.0000	0.0000	0.0000
ENSG00000230231.1	FMO7P	unprocessed_pseudogene	0	3	0	0.0000	0.0000	0.0000
ENSG00000230233.1	AF240627.1	lncRNA	2	1	1	0.1932	0.0566	0.0545
ENSG00000230234.1	AL162582.1	lncRNA	0	0	0	0.0000	0.0000	0.0000
ENSG00000230237.1	GNA13P1	processed_pseudogene	0	0	0	0.0000	0.0000	0.0000
ENSG00000230239.1	BX284668.3	unprocessed_pseudogene	0	0	0	0.0000	0.0000	0.0000
ENSG00000230240.1	RPL34P19	processed_pseudogene	0	0	0	0.0000	0.0000	0.0000
ENSG00000230241.1	AC244636.1	processed_pseudogene	0	0	0	0.0000	0.0000	0.0000
ENSG00000230243.1	FKBP1AP3	processed_pseudogene	1	0	1	0.2662	0.0780	0.0751
ENSG00000230244.1	RAD23BP2	processed_pseudogene	0	0	0	0.0000	0.0000	0.0000
ENSG00000230245.2	BX088651.3	processed_pseudogene	0	0	0	0.0000	0.0000	0.0000
ENSG00000230246.7	SPATA31C1	transcribed_unprocessed_pseudogene	0	0	0	0.0000	0.0000	0.0000
ENSG00000230247.2	HNRNPH3P1	processed_pseudogene	0	0	0	0.0000	0.0000	0.0000
ENSG00000230248.1	Z98742.1	lncRNA	0	0	0	0.0000	0.0000	0.0000
ENSG00000230249.1	RPS24P21	processed_pseudogene	0	0	0	0.0000	0.0000	0.0000
ENSG00000230250.3	LINC01753	lncRNA	0	0	0	0.0000	0.0000	0.0000
ENSG00000230251.1	PHBP4	processed_pseudogene	1	0	1	0.1015	0.0297	0.0286
ENSG00000230252.1	MTND2P4	unprocessed_pseudogene	0	0	0	0.0000	0.0000	0.0000
ENSG00000230256.1	FGFR1OP2P1	processed_pseudogene	0	0	0	0.0000	0.0000	0.0000
ENSG00000230257.5	NFE4	lncRNA	0	0	1	0.0000	0.0000	0.0000
ENSG00000230258.6	AC005208.1	lncRNA	0	0	0	0.0000	0.0000	0.0000
ENSG00000230260.1	AL136322.1	lncRNA	0	0	0	0.0000	0.0000	0.0000
ENSG00000230261.1	OR52J2P	unprocessed_pseudogene	0	0	0	0.0000	0.0000	0.0000
ENSG00000230262.8	LINC02603	lncRNA	2	6	12	0.0643	0.0188	0.0181
ENSG00000230266.1	XXYLT1-AS2	lncRNA	5	1	4	0.5416	0.1586	0.1528
ENSG00000230267.7	HERC2P4	transcribed_unprocessed_pseudogene	9	4	5	0.1264	0.0370	0.0357
ENSG00000230268.3	SSU72P8	protein_coding	0	0	0	0.0000	0.0000	0.0000
ENSG00000230269.7	LINC02525	lncRNA	263	130	133	13.5276	3.9624	3.8155
ENSG00000230271.1	AC023141.5	unprocessed_pseudogene	0	0	0	0.0000	0.0000	0.0000
ENSG00000230273.1	BRI3P3	processed_pseudogene	0	5	1	0.0000	0.0000	0.0000
ENSG00000230274.1	PGAM1P3	processed_pseudogene	0	0	0	0.0000	0.0000	0.0000
ENSG00000230275.2	SERBP1P4	processed_pseudogene	0	0	0	0.0000	0.0000	0.0000
ENSG00000230276.2	AL162388.1	processed_pseudogene	0	0	0	0.0000	0.0000	0.0000
ENSG00000230280.2	HNRNPA1P59	processed_pseudogene	6	2	4	0.5550	0.1626	0.1566
ENSG00000230282.1	RPL7P61	processed_pseudogene	0	0	0	0.0000	0.0000	0.0000
ENSG00000230283.1	RPS12P24	processed_pseudogene	0	0	0	0.0000	0.0000	0.0000
ENSG00000230284.1	AL160275.1	processed_pseudogene	0	0	0	0.0000	0.0000	0.0000
ENSG00000230285.1	AC092807.1	lncRNA	0	0	0	0.0000	0.0000	0.0000
ENSG00000230286.1	AC013472.1	lncRNA	0	0	0	0.0000	0.0000	0.0000
ENSG00000230287.3	AL445928.1	processed_pseudogene	1	1	0	0.3825	0.1120	0.1079
ENSG00000230289.1	AL358781.2	lncRNA	0	45	46	0.0000	0.0000	0.0000
ENSG00000230290.1	ARMC2-AS1	lncRNA	0	0	0	0.0000	0.0000	0.0000
ENSG00000230291.5	AC078817.1	processed_pseudogene	11	6	5	2.1474	0.6290	0.6057
ENSG00000230292.5	NAALADL2-AS3	lncRNA	0	0	0	0.0000	0.0000	0.0000
ENSG00000230294.4	LINC02370	lncRNA	0	0	0	0.0000	0.0000	0.0000
ENSG00000230295.1	GTF2IP23	unprocessed_pseudogene	12	9	3	2.9033	0.8504	0.8189
ENSG00000230298.1	AL590068.2	lncRNA	0	0	0	0.0000	0.0000	0.0000
ENSG00000230299.1	SNRPEP11	processed_pseudogene	0	0	0	0.0000	0.0000	0.0000
ENSG00000230300.1	STARD13-IT1	lncRNA	0	0	0	0.0000	0.0000	0.0000
ENSG00000230301.6	OR5H6	protein_coding	0	0	0	0.0000	0.0000	0.0000
ENSG00000230302.2	MTND3P4	processed_pseudogene	0	0	0	0.0000	0.0000	0.0000
ENSG00000230303.6	AL353743.2	lncRNA	0	0	0	0.0000	0.0000	0.0000
ENSG00000230304.1	CICP6	processed_pseudogene	0	0	0	0.0000	0.0000	0.0000
ENSG00000230305.2	AC004980.3	unprocessed_pseudogene	1	0	1	0.2327	0.0681	0.0656
ENSG00000230306.1	BANF1P2	processed_pseudogene	1	1	0	0.3217	0.0942	0.0907
ENSG00000230307.1	OR6C5P	unprocessed_pseudogene	0	0	0	0.0000	0.0000	0.0000
ENSG00000230309.1	AL121718.1	lncRNA	0	0	0	0.0000	0.0000	0.0000
ENSG00000230310.1	AC010422.1	lncRNA	5	2	3	0.7820	0.2290	0.2206
ENSG00000230311.2	TOMM20P4	processed_pseudogene	6	3	3	1.1713	0.3431	0.3304
ENSG00000230312.2	SLC25A53P1	processed_pseudogene	0	0	0	0.0000	0.0000	0.0000
ENSG00000230313.1	HCG24	lncRNA	0	0	0	0.0000	0.0000	0.0000
ENSG00000230314.7	ELOVL2-AS1	lncRNA	15	10	6	0.4982	0.1459	0.1405
ENSG00000230316.7	FEZF1-AS1	lncRNA	0	0	0	0.0000	0.0000	0.0000
ENSG00000230317.2	LINC01284	lncRNA	1	1	0	0.0150	0.0044	0.0042
ENSG00000230318.2	XRCC6P3	processed_pseudogene	2	1	1	0.1048	0.0307	0.0296
ENSG00000230319.1	TTLL1-AS1	lncRNA	8	147	140	0.3261	0.0955	0.0920
ENSG00000230320.1	BEND7P1	processed_pseudogene	0	0	0	0.0000	0.0000	0.0000
ENSG00000230321.1	MTCO2P27	unprocessed_pseudogene	0	0	0	0.0000	0.0000	0.0000
ENSG00000230322.1	AL136320.1	lncRNA	0	0	0	0.0000	0.0000	0.0000
ENSG00000230323.6	LINC00159	lncRNA	0	0	0	0.0000	0.0000	0.0000
ENSG00000230324.1	LINC01734	lncRNA	0	0	0	0.0000	0.0000	0.0000
ENSG00000230325.1	AL359921.1	lncRNA	2	2	2	0.3438	0.1007	0.0970
ENSG00000230326.1	HMGN1P33	processed_pseudogene	0	0	0	0.0000	0.0000	0.0000
ENSG00000230327.1	MTCO1P42	processed_pseudogene	1	1	0	0.1170	0.0343	0.0330
ENSG00000230328.2	AL359893.1	processed_pseudogene	12	280	276	0.6450	0.1889	0.1819
ENSG00000230330.1	HMGN2P3	processed_pseudogene	11	5	6	3.4217	1.0023	0.9651
ENSG00000230331.1	AL160004.2	processed_pseudogene	0	0	0	0.0000	0.0000	0.0000
ENSG00000230333.6	AC004160.1	lncRNA	5	7	7	0.0750	0.0220	0.0212
ENSG00000230335.1	DNAJB5P1	processed_pseudogene	0	0	0	0.0000	0.0000	0.0000
ENSG00000230337.1	EXOSC10-AS1	lncRNA	7	75	92	1.1090	0.3249	0.3128
ENSG00000230338.1	MTND4P19	processed_pseudogene	0	0	0	0.0000	0.0000	0.0000
ENSG00000230339.2	AC015818.1	processed_pseudogene	0	0	0	0.0000	0.0000	0.0000
ENSG00000230342.2	FANCD2P2	unprocessed_pseudogene	0	0	0	0.0000	0.0000	0.0000
ENSG00000230343.1	AC018892.1	unprocessed_pseudogene	0	0	0	0.0000	0.0000	0.0000
ENSG00000230347.5	CT47A8	protein_coding	0	0	0	0.0000	0.0000	0.0000
ENSG00000230350.1	RPL35AP3	processed_pseudogene	0	0	0	0.0000	0.0000	0.0000
ENSG00000230352.1	AL035250.2	lncRNA	0	0	0	0.0000	0.0000	0.0000
ENSG00000230353.5	RPS21P2	processed_pseudogene	0	0	0	0.0000	0.0000	0.0000
ENSG00000230355.1	AC009474.1	processed_pseudogene	0	0	0	0.0000	0.0000	0.0000
ENSG00000230356.1	NCAPD2P1	processed_pseudogene	0	0	0	0.0000	0.0000	0.0000
ENSG00000230358.4	SPDYE21	protein_coding	11	4	7	0.7219	0.2115	0.2036
ENSG00000230359.5	TPI1P2	transcribed_processed_pseudogene	159	82	81	6.6943	1.9609	1.8882
ENSG00000230360.1	DDX10P2	processed_pseudogene	0	0	0	0.0000	0.0000	0.0000
ENSG00000230361.1	VN1R32P	unitary_pseudogene	0	0	0	0.0000	0.0000	0.0000
ENSG00000230362.1	ACTG1P23	processed_pseudogene	19	15	4	1.5023	0.4401	0.4237
ENSG00000230364.1	RPL4P3	processed_pseudogene	6	4	2	0.3887	0.1138	0.1096
ENSG00000230365.1	AL451129.1	lncRNA	0	0	0	0.0000	0.0000	0.0000
ENSG00000230366.9	DSCR9	lncRNA	6	3	3	0.2680	0.0785	0.0756
ENSG00000230368.2	FAM41C	lncRNA	0	0	0	0.0000	0.0000	0.0000
ENSG00000230370.1	RPL23AP52	processed_pseudogene	2	2	0	0.3553	0.1041	0.1002
ENSG00000230371.1	KARS1P2	processed_pseudogene	0	0	0	0.0000	0.0000	0.0000
ENSG00000230373.8	GOLGA6L5P	transcribed_unprocessed_pseudogene	3	1	2	0.0653	0.0191	0.0184
ENSG00000230375.1	GSTA11P	unprocessed_pseudogene	0	0	0	0.0000	0.0000	0.0000
ENSG00000230376.1	MEMO1P4	processed_pseudogene	1	0	1	0.2200	0.0644	0.0621
ENSG00000230377.1	ELOCP7	processed_pseudogene	0	0	0	0.0000	0.0000	0.0000
ENSG00000230379.5	AP000146.1	lncRNA	0	0	0	0.0000	0.0000	0.0000
ENSG00000230381.2	AL136376.1	lncRNA	5	3	2	0.8245	0.2415	0.2325
ENSG00000230383.1	AC009245.1	processed_pseudogene	16	6	10	1.5762	0.4617	0.4446
ENSG00000230384.1	RPSAP25	processed_pseudogene	0	0	0	0.0000	0.0000	0.0000
ENSG00000230385.1	AC012507.1	lncRNA	0	52	60	0.0000	0.0000	0.0000
ENSG00000230386.5	AC104057.1	unprocessed_pseudogene	0	0	0	0.0000	0.0000	0.0000
ENSG00000230387.4	AL118508.1	lncRNA	1	0	1	0.0160	0.0047	0.0045
ENSG00000230390.1	LINC01048	lncRNA	9	3	6	1.4957	0.4381	0.4219
ENSG00000230391.1	RPSAP23	processed_pseudogene	0	0	0	0.0000	0.0000	0.0000
ENSG00000230392.1	AC004835.1	lncRNA	1	1	0	0.0292	0.0086	0.0082
ENSG00000230393.1	AC092667.1	lncRNA	7	9	6	0.2299	0.0673	0.0648
ENSG00000230395.1	ANAPC1P3	unprocessed_pseudogene	1	1	0	0.2722	0.0797	0.0768
ENSG00000230397.1	SPTLC1P1	transcribed_processed_pseudogene	0	0	0	0.0000	0.0000	0.0000
ENSG00000230398.1	HINT2P1	processed_pseudogene	0	0	0	0.0000	0.0000	0.0000
ENSG00000230399.1	RBBP8P1	processed_pseudogene	2	1	1	0.0921	0.0270	0.0260
ENSG00000230400.3	LINC01747	lncRNA	0	0	0	0.0000	0.0000	0.0000
ENSG00000230401.1	LINC01972	lncRNA	1	2	0	0.1536	0.0450	0.0433
ENSG00000230402.2	LINC01349	lncRNA	0	0	0	0.0000	0.0000	0.0000
ENSG00000230403.1	LINC01066	lncRNA	0	0	0	0.0000	0.0000	0.0000
ENSG00000230404.1	AL161640.1	lncRNA	1	1	0	0.2177	0.0638	0.0614
ENSG00000230405.1	RPS3AP52	processed_pseudogene	0	0	0	0.0000	0.0000	0.0000
ENSG00000230406.2	RPL23P5	processed_pseudogene	2	0	2	0.4034	0.1182	0.1138
ENSG00000230407.1	AC018717.1	processed_pseudogene	0	0	0	0.0000	0.0000	0.0000
ENSG00000230408.3	BZW1-AS1	lncRNA	0	129	118	0.0000	0.0000	0.0000
ENSG00000230409.3	TCEA1P2	processed_pseudogene	173	76	97	16.2155	4.7498	4.5737
ENSG00000230411.1	OR3D1P	unprocessed_pseudogene	0	0	0	0.0000	0.0000	0.0000
ENSG00000230412.1	ELOCP12	processed_pseudogene	0	0	0	0.0000	0.0000	0.0000
ENSG00000230415.1	LINC01786	lncRNA	4	3	1	0.6621	0.1940	0.1868
ENSG00000230416.3	OR5M4P	unprocessed_pseudogene	0	0	0	0.0000	0.0000	0.0000
ENSG00000230417.12	LINC00595	lncRNA	9	4	5	0.0710	0.0208	0.0200
ENSG00000230418.2	ARL2BPP7	processed_pseudogene	0	0	0	0.0000	0.0000	0.0000
ENSG00000230423.3	AL672310.1	lncRNA	0	0	0	0.0000	0.0000	0.0000
ENSG00000230424.1	EMC1-AS1	lncRNA	8	219	189	1.3400	0.3925	0.3779
ENSG00000230425.1	RSU1P1	unprocessed_pseudogene	0	0	0	0.0000	0.0000	0.0000
ENSG00000230426.4	LINC01036	lncRNA	135	73	62	0.9484	0.2778	0.2675
ENSG00000230427.1	ALG14-AS1	lncRNA	0	0	0	0.0000	0.0000	0.0000
ENSG00000230428.1	AL049542.1	transcribed_unprocessed_pseudogene	0	0	0	0.0000	0.0000	0.0000
ENSG00000230430.5	USP17L25	protein_coding	0	0	0	0.0000	0.0000	0.0000
ENSG00000230432.1	AC114803.1	lncRNA	0	3	2	0.0000	0.0000	0.0000
ENSG00000230433.1	AL031770.1	lncRNA	0	0	1	0.0000	0.0000	0.0000
ENSG00000230434.3	LINC01650	lncRNA	0	0	0	0.0000	0.0000	0.0000
ENSG00000230435.1	AC004160.2	lncRNA	0	1	2	0.0000	0.0000	0.0000
ENSG00000230437.1	AL136460.1	lncRNA	0	0	0	0.0000	0.0000	0.0000
ENSG00000230438.7	SERPINB9P1	lncRNA	49	26	23	0.9410	0.2756	0.2654
ENSG00000230440.1	AL391119.1	lncRNA	0	0	0	0.0000	0.0000	0.0000
ENSG00000230442.5	ASB15-AS1	lncRNA	0	0	0	0.0000	0.0000	0.0000
ENSG00000230444.1	TFAMP1	processed_pseudogene	0	0	0	0.0000	0.0000	0.0000
ENSG00000230445.4	LRRC37A6P	transcribed_processed_pseudogene	8	4	7	0.1208	0.0354	0.0341
ENSG00000230447.2	CTF2P	unitary_pseudogene	0	0	0	0.0000	0.0000	0.0000
ENSG00000230448.5	LINC00276	lncRNA	0	0	0	0.0000	0.0000	0.0000
ENSG00000230449.1	RPL7P4	processed_pseudogene	2	1	1	0.2327	0.0681	0.0656
ENSG00000230450.1	NEK2P4	processed_pseudogene	1	1	0	0.0639	0.0187	0.0180
ENSG00000230451.2	RPS29P6	processed_pseudogene	0	0	0	0.0000	0.0000	0.0000
ENSG00000230452.1	LINC01381	lncRNA	0	0	0	0.0000	0.0000	0.0000
ENSG00000230453.9	ANKRD18B	protein_coding	0	0	0	0.0000	0.0000	0.0000
ENSG00000230454.1	U73166.1	lncRNA	2	2	1	0.0647	0.0190	0.0182
ENSG00000230457.3	PA2G4P4	processed_pseudogene	23	11	12	1.6524	0.4840	0.4661
ENSG00000230458.1	GPM6BP1	unprocessed_pseudogene	0	0	0	0.0000	0.0000	0.0000
ENSG00000230459.3	AC060773.1	processed_pseudogene	0	0	0	0.0000	0.0000	0.0000
ENSG00000230461.9	PROX1-AS1	lncRNA	3	1	2	0.0248	0.0072	0.0070
ENSG00000230465.1	VENTXP4	processed_pseudogene	0	0	0	0.0000	0.0000	0.0000
ENSG00000230468.1	CLUHP5	unprocessed_pseudogene	0	0	0	0.0000	0.0000	0.0000
ENSG00000230469.1	RPL5P26	processed_pseudogene	0	0	0	0.0000	0.0000	0.0000
ENSG00000230470.1	AL078645.1	lncRNA	0	0	0	0.0000	0.0000	0.0000
ENSG00000230471.1	AP000532.2	lncRNA	0	0	0	0.0000	0.0000	0.0000
ENSG00000230472.5	AL135908.1	lncRNA	0	0	0	0.0000	0.0000	0.0000
ENSG00000230474.1	ATP6V1G1P7	processed_pseudogene	0	0	0	0.0000	0.0000	0.0000
ENSG00000230476.1	OFD1P9Y	unprocessed_pseudogene	0	0	0	0.0000	0.0000	0.0000
ENSG00000230477.1	AC005034.1	processed_pseudogene	0	0	0	0.0000	0.0000	0.0000
ENSG00000230478.1	Z96811.1	processed_pseudogene	2	0	2	1.5726	0.4606	0.4436
ENSG00000230479.1	AP000695.1	lncRNA	321	164	158	30.5257	8.9415	8.6100
ENSG00000230480.1	AC093142.1	processed_pseudogene	0	0	0	0.0000	0.0000	0.0000
ENSG00000230481.2	IGKV1OR22-5	IG_V_pseudogene	6	1	5	1.4393	0.4216	0.4060
ENSG00000230482.1	ATP5MC2P3	processed_pseudogene	1	0	1	0.1998	0.0585	0.0564
ENSG00000230483.1	AC124057.1	lncRNA	0	0	0	0.0000	0.0000	0.0000
ENSG00000230484.2	OR51A10P	unitary_pseudogene	0	0	0	0.0000	0.0000	0.0000
ENSG00000230485.1	AC000077.1	processed_pseudogene	0	0	0	0.0000	0.0000	0.0000
ENSG00000230487.8	PSMG3-AS1	lncRNA	1268	662	619	16.7308	4.9007	4.7190
ENSG00000230489.1	VAV3-AS1	lncRNA	1	0	1	0.1372	0.0402	0.0387
ENSG00000230490.3	AL139383.1	lncRNA	7	4	4	0.0941	0.0276	0.0265
ENSG00000230491.1	AC234781.4	processed_pseudogene	0	0	0	0.0000	0.0000	0.0000
ENSG00000230492.1	AL049651.1	lncRNA	0	0	0	0.0000	0.0000	0.0000
ENSG00000230495.1	AL132765.1	processed_pseudogene	0	0	0	0.0000	0.0000	0.0000
ENSG00000230496.1	MTCO2P7	unprocessed_pseudogene	0	0	0	0.0000	0.0000	0.0000
ENSG00000230497.2	EEF1B2P8	processed_pseudogene	0	0	0	0.0000	0.0000	0.0000
ENSG00000230498.3	AL035409.1	lncRNA	1	1	0	0.0407	0.0119	0.0115
ENSG00000230499.1	AC108463.2	lncRNA	6	7	6	1.2367	0.3623	0.3488
ENSG00000230500.1	MKX-AS1	lncRNA	0	0	0	0.0000	0.0000	0.0000
ENSG00000230501.1	ANKRD30BP3	unprocessed_pseudogene	2	0	2	0.1587	0.0465	0.0448
ENSG00000230502.1	AL953862.1	processed_pseudogene	0	0	0	0.0000	0.0000	0.0000
ENSG00000230506.2	AL354824.1	lncRNA	0	0	0	0.0000	0.0000	0.0000
ENSG00000230507.5	RPL7AP8	processed_pseudogene	0	0	0	0.0000	0.0000	0.0000
ENSG00000230508.1	RPL19P21	processed_pseudogene	14	7	7	2.0117	0.5892	0.5674
ENSG00000230510.7	PPP5D1	transcribed_unprocessed_pseudogene	8	4	8	0.1051	0.0308	0.0296
ENSG00000230513.2	THAP7-AS1	lncRNA	81	93	116	2.2457	0.6578	0.6334
ENSG00000230515.1	AC092580.2	lncRNA	2	2	0	0.3621	0.1061	0.1021
ENSG00000230516.1	AL589642.2	lncRNA	0	0	0	0.0000	0.0000	0.0000
ENSG00000230519.2	HMGB1P49	processed_pseudogene	2	2	0	0.2985	0.0874	0.0842
ENSG00000230520.1	AC092098.1	processed_pseudogene	0	0	0	0.0000	0.0000	0.0000
ENSG00000230521.1	AL645929.1	unprocessed_pseudogene	3	149	166	0.2613	0.0765	0.0737
ENSG00000230522.5	MBD3L2	protein_coding	0	0	0	0.0000	0.0000	0.0000
ENSG00000230523.1	LINC01756	lncRNA	0	0	0	0.0000	0.0000	0.0000
ENSG00000230524.8	COL6A4P1	transcribed_unprocessed_pseudogene	0	0	0	0.0000	0.0000	0.0000
ENSG00000230525.6	LINC01799	lncRNA	0	0	0	0.0000	0.0000	0.0000
ENSG00000230526.1	AC073370.1	lncRNA	13	8	5	2.1028	0.6159	0.5931
ENSG00000230528.7	NOS2P3	transcribed_unprocessed_pseudogene	0	0	0	0.0000	0.0000	0.0000
ENSG00000230529.1	CEACAMP9	unprocessed_pseudogene	0	0	0	0.0000	0.0000	0.0000
ENSG00000230530.2	LIMD1-AS1	lncRNA	5	942	929	0.0938	0.0275	0.0264
ENSG00000230531.1	MTND5P7	unprocessed_pseudogene	0	0	0	0.0000	0.0000	0.0000
ENSG00000230532.1	AC091133.1	lncRNA	0	819	875	0.0000	0.0000	0.0000
ENSG00000230533.4	AL356234.2	lncRNA	3	2	1	0.0939	0.0275	0.0265
ENSG00000230534.6	AL392046.1	lncRNA	0	2	1	0.0000	0.0000	0.0000
ENSG00000230535.1	BASP1P1	processed_pseudogene	0	0	0	0.0000	0.0000	0.0000
ENSG00000230536.1	AL360268.1	lncRNA	1	1	0	0.1110	0.0325	0.0313
ENSG00000230537.2	AL158071.2	lncRNA	2	1	1	0.0579	0.0170	0.0163
ENSG00000230538.1	Z82209.1	processed_pseudogene	0	0	0	0.0000	0.0000	0.0000
ENSG00000230539.1	AOAH-IT1	lncRNA	0	0	0	0.0000	0.0000	0.0000
ENSG00000230542.6	LINC00102	lncRNA	0	0	0	0.0000	0.0000	0.0000
ENSG00000230542.6_PAR_Y	LINC00102	lncRNA	0	0	0	0.0000	0.0000	0.0000
ENSG00000230543.1	SNX3P1X	processed_pseudogene	0	0	0	0.0000	0.0000	0.0000
ENSG00000230546.1	AL445193.1	unprocessed_pseudogene	0	0	0	0.0000	0.0000	0.0000
ENSG00000230547.1	HMGB1P11	processed_pseudogene	0	0	0	0.0000	0.0000	0.0000
ENSG00000230548.1	MTND4P27	unprocessed_pseudogene	0	0	0	0.0000	0.0000	0.0000
ENSG00000230549.3	USP17L1	protein_coding	0	0	0	0.0000	0.0000	0.0000
ENSG00000230550.2	ERLNC1	lncRNA	7	89	101	0.3870	0.1134	0.1092
ENSG00000230551.4	AC021078.1	lncRNA	316	162	154	3.1073	0.9102	0.8764
ENSG00000230552.6	AC092162.2	lncRNA	0	0	0	0.0000	0.0000	0.0000
ENSG00000230555.2	AL450326.1	lncRNA	179	97	82	20.0010	5.8586	5.6414
ENSG00000230556.1	AC073264.2	processed_pseudogene	0	0	0	0.0000	0.0000	0.0000
ENSG00000230558.2	CEACAMP2	unprocessed_pseudogene	0	0	0	0.0000	0.0000	0.0000
ENSG00000230559.1	RPL17P12	processed_pseudogene	0	0	0	0.0000	0.0000	0.0000
ENSG00000230561.4	CCDC192	protein_coding	5	29	21	0.2234	0.0654	0.0630
ENSG00000230562.3	FAM133DP	processed_pseudogene	3	1	2	0.3687	0.1080	0.1040
ENSG00000230563.4	AL121757.1	lncRNA	0	0	0	0.0000	0.0000	0.0000
ENSG00000230564.1	CALM1P2	processed_pseudogene	0	0	0	0.0000	0.0000	0.0000
ENSG00000230565.1	ZNF32-AS2	lncRNA	1	15	7	0.0938	0.0275	0.0265
ENSG00000230568.1	SF3A3P1	processed_pseudogene	2	2	0	0.1150	0.0337	0.0324
ENSG00000230569.1	AC114763.2	lncRNA	0	0	0	0.0000	0.0000	0.0000
ENSG00000230570.1	AL139095.3	processed_pseudogene	0	0	0	0.0000	0.0000	0.0000
ENSG00000230571.2	AC113347.1	processed_pseudogene	0	0	0	0.0000	0.0000	0.0000
ENSG00000230572.5	AC027612.2	transcribed_unprocessed_pseudogene	0	0	0	0.0000	0.0000	0.0000
ENSG00000230573.1	LINC02639	lncRNA	0	0	0	0.0000	0.0000	0.0000
ENSG00000230575.1	AC013286.1	lncRNA	0	0	0	0.0000	0.0000	0.0000
ENSG00000230576.1	OR6R1P	unprocessed_pseudogene	0	0	0	0.0000	0.0000	0.0000
ENSG00000230578.3	AC234781.5	transcribed_unprocessed_pseudogene	0	0	0	0.0000	0.0000	0.0000
ENSG00000230580.1	RPL19P5	processed_pseudogene	8	6	2	1.3642	0.3996	0.3848
ENSG00000230581.2	ACTG1P14	processed_pseudogene	28	10	18	2.1192	0.6208	0.5977
ENSG00000230583.7	GTF2IRD1P1	transcribed_unprocessed_pseudogene	5	306	300	0.1300	0.0381	0.0367
ENSG00000230584.1	CCT5P2	processed_pseudogene	1	1	0	0.0523	0.0153	0.0147
ENSG00000230585.2	PHBP12	processed_pseudogene	2	2	3	0.2094	0.0613	0.0591
ENSG00000230587.2	LINC02580	lncRNA	24	8	16	0.6591	0.1931	0.1859
ENSG00000230589.1	IMP3P1	processed_pseudogene	0	0	0	0.0000	0.0000	0.0000
ENSG00000230590.11	FTX	lncRNA	382	438	405	0.7846	0.2298	0.2213
ENSG00000230592.2	RPSAP8	processed_pseudogene	3	2	1	0.2866	0.0839	0.0808
ENSG00000230593.3	PPIAP40	processed_pseudogene	1	1	0	0.1733	0.0508	0.0489
ENSG00000230594.3	CT47A4	protein_coding	0	0	0	0.0000	0.0000	0.0000
ENSG00000230595.1	RSL24D1P2	processed_pseudogene	0	0	0	0.0000	0.0000	0.0000
ENSG00000230596.3	GPAA1P2	transcribed_processed_pseudogene	0	0	0	0.0000	0.0000	0.0000
ENSG00000230597.1	AL136164.1	lncRNA	0	0	0	0.0000	0.0000	0.0000
ENSG00000230598.2	AL645937.3	transcribed_unprocessed_pseudogene	0	0	0	0.0000	0.0000	0.0000
ENSG00000230599.2	AC018495.1	lncRNA	0	0	0	0.0000	0.0000	0.0000
ENSG00000230600.1	AC073188.3	lncRNA	0	0	0	0.0000	0.0000	0.0000
ENSG00000230601.7	TEX48	protein_coding	0	0	0	0.0000	0.0000	0.0000
ENSG00000230603.1	AC011753.1	processed_pseudogene	0	0	0	0.0000	0.0000	0.0000
ENSG00000230604.2	TSEN15P2	processed_pseudogene	0	0	0	0.0000	0.0000	0.0000
ENSG00000230605.1	MTCYBP6	processed_pseudogene	0	0	0	0.0000	0.0000	0.0000
ENSG00000230606.11	AC092683.1	lncRNA	8	11	5	0.1010	0.0296	0.0285
ENSG00000230607.3	AC005722.1	processed_pseudogene	1	1	0	0.0881	0.0258	0.0248
ENSG00000230609.1	AL513185.2	processed_pseudogene	0	0	0	0.0000	0.0000	0.0000
ENSG00000230611.1	HMGB1P27	processed_pseudogene	0	0	0	0.0000	0.0000	0.0000
ENSG00000230612.3	AC004039.1	lncRNA	4	4	4	0.1899	0.0556	0.0536
ENSG00000230613.1	HM13-AS1	lncRNA	4	13	16	0.6946	0.2035	0.1959
ENSG00000230614.3	DYNLL1P7	processed_pseudogene	1	1	0	0.3291	0.0964	0.0928
ENSG00000230615.7	AL139220.2	lncRNA	58	33	30	0.4664	0.1366	0.1315
ENSG00000230617.1	AC079987.1	processed_pseudogene	0	0	0	0.0000	0.0000	0.0000
ENSG00000230618.3	H3P12	processed_pseudogene	0	0	0	0.0000	0.0000	0.0000
ENSG00000230621.1	AC068138.1	processed_pseudogene	0	0	0	0.0000	0.0000	0.0000
ENSG00000230622.1	UQCRHP1	processed_pseudogene	0	0	0	0.0000	0.0000	0.0000
ENSG00000230623.6	AC104461.1	lncRNA	0	1	0	0.0000	0.0000	0.0000
ENSG00000230626.4	AC011005.1	protein_coding	62	38	24	4.1687	1.2211	1.1758
ENSG00000230627.1	Z97205.1	lncRNA	0	0	0	0.0000	0.0000	0.0000
ENSG00000230628.1	AL160408.3	lncRNA	1	0	1	0.0238	0.0070	0.0067
ENSG00000230629.2	RPS23P8	processed_pseudogene	52	24	29	13.3814	3.9196	3.7743
ENSG00000230630.5	DNM3OS	lncRNA	40	20	20	1.0632	0.3114	0.2999
ENSG00000230631.1	AL353152.1	lncRNA	0	0	0	0.0000	0.0000	0.0000
ENSG00000230634.1	AL031597.1	processed_pseudogene	0	0	0	0.0000	0.0000	0.0000
ENSG00000230635.2	CYP4F60P	unprocessed_pseudogene	1	1	0	0.1547	0.0453	0.0436
ENSG00000230636.1	RPL36P1	processed_pseudogene	0	0	0	0.0000	0.0000	0.0000
ENSG00000230637.2	AL022324.1	unprocessed_pseudogene	0	0	0	0.0000	0.0000	0.0000
ENSG00000230638.4	AL445933.1	processed_pseudogene	5	4	3	0.1894	0.0555	0.0534
ENSG00000230639.1	VN1R36P	unprocessed_pseudogene	0	0	0	0.0000	0.0000	0.0000
ENSG00000230641.1	USP12-AS2	lncRNA	2	2	0	0.6087	0.1783	0.1717
ENSG00000230643.1	AP000533.3	unprocessed_pseudogene	0	0	0	0.0000	0.0000	0.0000
ENSG00000230645.2	LINC01818	lncRNA	0	0	0	0.0000	0.0000	0.0000
ENSG00000230646.1	KLF2P2	processed_pseudogene	0	0	0	0.0000	0.0000	0.0000
ENSG00000230647.2	AC022816.1	lncRNA	0	0	0	0.0000	0.0000	0.0000
ENSG00000230648.1	AL138831.1	lncRNA	0	0	0	0.0000	0.0000	0.0000
ENSG00000230649.3	AC024084.1	lncRNA	19	9	10	1.0917	0.3198	0.3079
ENSG00000230650.1	AC140479.2	processed_pseudogene	0	0	0	0.0000	0.0000	0.0000
ENSG00000230651.8	RGPD4-AS1	lncRNA	0	0	0	0.0000	0.0000	0.0000
ENSG00000230654.1	MTCO2P25	unprocessed_pseudogene	0	0	0	0.0000	0.0000	0.0000
ENSG00000230655.3	OR7E55P	unprocessed_pseudogene	1	1	0	0.0949	0.0278	0.0268
ENSG00000230657.8	PRB4	protein_coding	0	0	0	0.0000	0.0000	0.0000
ENSG00000230658.2	KLHL7-DT	lncRNA	64	35	29	1.5164	0.4442	0.4277
ENSG00000230659.3	AL451074.4	processed_pseudogene	3	1	2	0.5857	0.1715	0.1652
ENSG00000230661.1	YY1P1	processed_pseudogene	0	0	0	0.0000	0.0000	0.0000
ENSG00000230662.1	TNPO1P2	processed_pseudogene	1	0	2	0.0319	0.0093	0.0090
ENSG00000230663.1	FAM224B	lncRNA	0	0	0	0.0000	0.0000	0.0000
ENSG00000230665.3	THAP12P1	processed_pseudogene	2	2	0	0.0771	0.0226	0.0217
ENSG00000230666.5	CEACAM22P	transcribed_unprocessed_pseudogene	2	0	2	0.0536	0.0157	0.0151
ENSG00000230667.6	SETSIP	protein_coding	8	4	4	0.7474	0.2189	0.2108
ENSG00000230668.2	AL844175.1	lncRNA	0	0	0	0.0000	0.0000	0.0000
ENSG00000230671.2	NDUFS5P5	processed_pseudogene	0	0	0	0.0000	0.0000	0.0000
ENSG00000230673.3	PABPC1P3	processed_pseudogene	0	0	0	0.0000	0.0000	0.0000
ENSG00000230676.1	AL353803.2	lncRNA	2	2	1	0.0827	0.0242	0.0233
ENSG00000230679.1	ENO1-AS1	lncRNA	0	0	0	0.0000	0.0000	0.0000
ENSG00000230680.2	AC004869.1	lncRNA	0	0	0	0.0000	0.0000	0.0000
ENSG00000230681.1	CEACAMP4	unprocessed_pseudogene	0	0	0	0.0000	0.0000	0.0000
ENSG00000230682.1	GRPEL2P3	processed_pseudogene	0	0	0	0.0000	0.0000	0.0000
ENSG00000230683.1	DDTP1	processed_pseudogene	0	0	0	0.0000	0.0000	0.0000
ENSG00000230684.1	AL158207.2	lncRNA	0	0	0	0.0000	0.0000	0.0000
ENSG00000230686.1	AC067945.1	lncRNA	0	0	0	0.0000	0.0000	0.0000
ENSG00000230687.1	AL008626.1	lncRNA	0	0	0	0.0000	0.0000	0.0000
ENSG00000230690.2	AC013402.1	lncRNA	3	2	1	0.1546	0.0453	0.0436
ENSG00000230691.1	MRPL35P4	processed_pseudogene	0	0	0	0.0000	0.0000	0.0000
ENSG00000230694.1	AL450003.1	lncRNA	0	0	0	0.0000	0.0000	0.0000
ENSG00000230695.1	AC012462.3	lncRNA	1	1	0	0.6482	0.1899	0.1828
ENSG00000230696.1	AC011753.2	lncRNA	0	0	0	0.0000	0.0000	0.0000
ENSG00000230697.1	SAP18P3	processed_pseudogene	1	1	0	0.2144	0.0628	0.0605
ENSG00000230698.1	AC105935.2	lncRNA	0	1	10	0.0000	0.0000	0.0000
ENSG00000230699.2	AL645608.2	lncRNA	0	0	0	0.0000	0.0000	0.0000
ENSG00000230701.2	FBXW4P1	processed_pseudogene	17	9	8	0.6448	0.1889	0.1819
ENSG00000230702.1	RPL31P30	processed_pseudogene	1	1	0	0.2352	0.0689	0.0663
ENSG00000230703.1	MYOM3-AS1	lncRNA	0	0	0	0.0000	0.0000	0.0000
ENSG00000230704.1	AL021940.1	lncRNA	0	0	0	0.0000	0.0000	0.0000
ENSG00000230706.2	TMEM184CP1	processed_pseudogene	0	0	0	0.0000	0.0000	0.0000
ENSG00000230707.1	AL589987.1	processed_pseudogene	0	0	0	0.0000	0.0000	0.0000
ENSG00000230709.1	AC104024.1	lncRNA	0	0	0	0.0000	0.0000	0.0000
ENSG00000230710.2	LINC00332	lncRNA	0	0	1	0.0000	0.0000	0.0000
ENSG00000230711.2	CTAGE13P	processed_pseudogene	0	0	0	0.0000	0.0000	0.0000
ENSG00000230712.3	GGTLC4P	unprocessed_pseudogene	0	0	0	0.0000	0.0000	0.0000
ENSG00000230714.1	AL355526.1	lncRNA	0	0	0	0.0000	0.0000	0.0000
ENSG00000230715.3	AC018638.2	processed_pseudogene	82	43	39	17.2791	5.0613	4.8737
ENSG00000230716.3	KRT8P7	processed_pseudogene	0	0	0	0.0000	0.0000	0.0000
ENSG00000230718.1	AC114878.1	processed_pseudogene	0	0	0	0.0000	0.0000	0.0000
ENSG00000230720.1	LINC02644	lncRNA	0	0	0	0.0000	0.0000	0.0000
ENSG00000230721.1	AL049597.1	processed_pseudogene	7	5	2	1.0711	0.3137	0.3021
ENSG00000230724.9	LINC01001	lncRNA	3	1	2	0.0666	0.0195	0.0188
ENSG00000230725.6	AL035252.2	lncRNA	0	0	0	0.0000	0.0000	0.0000
ENSG00000230727.1	RBMY2WP	unprocessed_pseudogene	0	0	0	0.0000	0.0000	0.0000
ENSG00000230728.1	AL590093.1	lncRNA	1	0	1	0.1363	0.0399	0.0384
ENSG00000230729.1	AL160270.1	lncRNA	0	28	29	0.0000	0.0000	0.0000
ENSG00000230730.1	AC074011.1	lncRNA	3	3	2	0.4385	0.1284	0.1237
ENSG00000230731.3	AL589745.1	lncRNA	5	5	5	0.0600	0.0176	0.0169
ENSG00000230732.4	AC016949.1	lncRNA	2	1	1	0.1202	0.0352	0.0339
ENSG00000230733.2	AC092171.2	lncRNA	0	355	272	0.0000	0.0000	0.0000
ENSG00000230734.1	RPL10P3	processed_pseudogene	38	30	8	6.8952	2.0197	1.9448
ENSG00000230735.1	AC093423.2	lncRNA	0	3	2	0.0000	0.0000	0.0000
ENSG00000230736.2	AL021937.1	lncRNA	6	3	3	0.3270	0.0958	0.0922
ENSG00000230737.1	AC106870.2	lncRNA	0	0	0	0.0000	0.0000	0.0000
ENSG00000230739.1	AL392003.2	unprocessed_pseudogene	0	0	0	0.0000	0.0000	0.0000
ENSG00000230741.1	Z82173.1	lncRNA	1	1	0	0.1755	0.0514	0.0495
ENSG00000230746.2	AC006007.1	lncRNA	0	0	0	0.0000	0.0000	0.0000
ENSG00000230747.1	AC021188.1	lncRNA	28	8	20	3.2132	0.9412	0.9063
ENSG00000230748.1	PRELID1P7	processed_pseudogene	0	0	0	0.0000	0.0000	0.0000
ENSG00000230749.5	MEIS1-AS2	lncRNA	0	13	19	0.0000	0.0000	0.0000
ENSG00000230750.1	SDAD1P2	processed_pseudogene	2	0	2	0.0837	0.0245	0.0236
ENSG00000230751.1	AC007036.2	lncRNA	1	1	0	0.1943	0.0569	0.0548
ENSG00000230753.6	ZNF341-AS1	lncRNA	2	3	2	0.2375	0.0696	0.0670
ENSG00000230755.1	MTATP6P23	processed_pseudogene	0	0	0	0.0000	0.0000	0.0000
ENSG00000230756.1	RHOQP3	processed_pseudogene	46	30	17	6.2904	1.8426	1.7742
ENSG00000230757.1	NFU1P1	processed_pseudogene	1	1	0	0.1097	0.0321	0.0309
ENSG00000230758.1	SNAP23P1	processed_pseudogene	0	0	0	0.0000	0.0000	0.0000
ENSG00000230759.1	AC095032.2	lncRNA	0	0	0	0.0000	0.0000	0.0000
ENSG00000230764.1	MTND1P4	unprocessed_pseudogene	0	0	0	0.0000	0.0000	0.0000
ENSG00000230768.9	LINC01676	lncRNA	0	0	0	0.0000	0.0000	0.0000
ENSG00000230769.1	Z98048.1	processed_pseudogene	1	1	0	0.1730	0.0507	0.0488
ENSG00000230772.1	VN1R108P	unprocessed_pseudogene	0	0	0	0.0000	0.0000	0.0000
ENSG00000230773.9	AC092650.1	lncRNA	22	13	9	0.2319	0.0679	0.0654
ENSG00000230777.1	RPS29P5	processed_pseudogene	5	4	2	2.4831	0.7273	0.7004
ENSG00000230778.1	ANKRD63	protein_coding	0	0	0	0.0000	0.0000	0.0000
ENSG00000230779.1	AL161636.2	processed_pseudogene	2	0	2	0.1832	0.0537	0.0517
ENSG00000230781.1	Z83820.1	unitary_pseudogene	0	0	0	0.0000	0.0000	0.0000
ENSG00000230782.1	AL807761.4	lncRNA	0	0	0	0.0000	0.0000	0.0000
ENSG00000230783.1	RPS3AP13	processed_pseudogene	6	5	1	0.6660	0.1951	0.1879
ENSG00000230785.2	AC006326.1	processed_pseudogene	0	0	0	0.0000	0.0000	0.0000
ENSG00000230787.1	PSAT1P3	processed_pseudogene	4	1	3	0.3057	0.0896	0.0862
ENSG00000230788.2	CTDSPL2P2	processed_pseudogene	0	0	0	0.0000	0.0000	0.0000
ENSG00000230789.1	ARHGAP26-IT1	lncRNA	0	0	0	0.0000	0.0000	0.0000
ENSG00000230790.2	AC012456.2	lncRNA	2	2	0	0.3027	0.0887	0.0854
ENSG00000230793.1	SMARCE1P5	processed_pseudogene	5	2	3	0.3466	0.1015	0.0978
ENSG00000230794.1	AF015720.1	lncRNA	0	0	0	0.0000	0.0000	0.0000
ENSG00000230795.3	HLA-K	unprocessed_pseudogene	16	21	22	1.2990	0.3805	0.3664
ENSG00000230796.1	AC064862.1	unprocessed_pseudogene	0	0	0	0.0000	0.0000	0.0000
ENSG00000230797.3	YY2	protein_coding	38	19	19	1.1717	0.3432	0.3305
ENSG00000230798.5	FOXD3-AS1	lncRNA	261	270	278	18.3479	5.3744	5.1751
ENSG00000230799.1	RPS2P16	processed_pseudogene	3	2	1	0.3044	0.0892	0.0859
ENSG00000230801.1	AL160175.1	processed_pseudogene	2	2	0	0.6876	0.2014	0.1939
ENSG00000230803.1	AC097532.1	lncRNA	0	0	0	0.0000	0.0000	0.0000
ENSG00000230804.2	CDRT15P14	unprocessed_pseudogene	0	0	0	0.0000	0.0000	0.0000
ENSG00000230805.8	AL132709.7	lncRNA	0	0	1	0.0000	0.0000	0.0000
ENSG00000230806.1	SRGAP2-AS1	lncRNA	0	0	0	0.0000	0.0000	0.0000
ENSG00000230807.1	AC099535.1	processed_pseudogene	1	0	1	0.2289	0.0670	0.0646
ENSG00000230809.1	RPS6P15	processed_pseudogene	0	0	0	0.0000	0.0000	0.0000
ENSG00000230813.1	AL356583.3	unprocessed_pseudogene	0	0	0	0.0000	0.0000	0.0000
ENSG00000230814.1	USP9YP24	unprocessed_pseudogene	0	0	0	0.0000	0.0000	0.0000
ENSG00000230815.1	AL807757.1	lncRNA	0	0	0	0.0000	0.0000	0.0000
ENSG00000230817.6	LINC01362	lncRNA	1	1	0	0.0394	0.0115	0.0111
ENSG00000230818.1	MTND2P16	processed_pseudogene	1	1	0	0.1063	0.0311	0.0300
ENSG00000230819.1	ZNF736P5Y	processed_pseudogene	0	0	0	0.0000	0.0000	0.0000
ENSG00000230820.2	AC000362.1	processed_pseudogene	0	0	0	0.0000	0.0000	0.0000
ENSG00000230821.1	AC245291.2	processed_pseudogene	0	0	0	0.0000	0.0000	0.0000
ENSG00000230823.3	CBX1P1	processed_pseudogene	1	0	1	0.1989	0.0583	0.0561
ENSG00000230825.2	AC005532.1	lncRNA	2	1	1	0.0522	0.0153	0.0147
ENSG00000230826.1	AL390774.2	lncRNA	0	0	0	0.0000	0.0000	0.0000
ENSG00000230828.1	AL583843.1	processed_pseudogene	0	0	0	0.0000	0.0000	0.0000
ENSG00000230829.3	AC025181.1	processed_pseudogene	2	2	0	0.4083	0.1196	0.1152
ENSG00000230830.1	ARPP21-AS1	lncRNA	0	0	0	0.0000	0.0000	0.0000
ENSG00000230831.1	AC007349.2	lncRNA	0	0	0	0.0000	0.0000	0.0000
ENSG00000230832.3	SSBL4P	processed_pseudogene	0	0	0	0.0000	0.0000	0.0000
ENSG00000230833.1	RPEP3	processed_pseudogene	0	0	0	0.0000	0.0000	0.0000
ENSG00000230834.1	AC068580.2	lncRNA	0	0	0	0.0000	0.0000	0.0000
ENSG00000230835.1	AP001187.1	processed_pseudogene	0	0	0	0.0000	0.0000	0.0000
ENSG00000230836.1	LINC01293	lncRNA	265	140	125	17.7756	5.2068	5.0137
ENSG00000230837.1	RPL31P2	processed_pseudogene	2	2	0	0.4505	0.1320	0.1271
ENSG00000230838.1	LINC01614	lncRNA	82	40	42	10.7461	3.1477	3.0310
ENSG00000230840.1	AC097463.1	processed_pseudogene	0	0	0	0.0000	0.0000	0.0000
ENSG00000230841.2	RPL23AP15	processed_pseudogene	0	0	0	0.0000	0.0000	0.0000
ENSG00000230843.1	AL139824.1	lncRNA	0	0	0	0.0000	0.0000	0.0000
ENSG00000230844.3	ZNF674-AS1	lncRNA	94	47	48	3.1109	0.9112	0.8774
ENSG00000230845.1	GSTA10P	unprocessed_pseudogene	1	1	0	0.1474	0.0432	0.0416
ENSG00000230846.1	AL158154.2	lncRNA	0	0	0	0.0000	0.0000	0.0000
ENSG00000230847.4	OCLNP1	unprocessed_pseudogene	11	4	7	1.3757	0.4030	0.3880
ENSG00000230848.1	AL360268.2	lncRNA	0	0	0	0.0000	0.0000	0.0000
ENSG00000230849.2	GOT2P2	processed_pseudogene	7	3	4	0.4752	0.1392	0.1340
ENSG00000230851.1	AP006294.1	processed_pseudogene	0	0	0	0.0000	0.0000	0.0000
ENSG00000230852.2	LINC02857	lncRNA	0	0	0	0.0000	0.0000	0.0000
ENSG00000230853.1	RPL10P11	processed_pseudogene	1	1	0	0.1379	0.0404	0.0389
ENSG00000230854.1	USP9YP20	unprocessed_pseudogene	0	0	0	0.0000	0.0000	0.0000
ENSG00000230859.1	YRDCP3	processed_pseudogene	0	0	0	0.0000	0.0000	0.0000
ENSG00000230860.1	CCNB1IP1P2	processed_pseudogene	0	0	0	0.0000	0.0000	0.0000
ENSG00000230863.3	AL137803.1	transcribed_processed_pseudogene	4	1	3	0.1573	0.0461	0.0444
ENSG00000230864.1	AC099567.1	lncRNA	0	0	0	0.0000	0.0000	0.0000
ENSG00000230865.1	TSEN15P1	processed_pseudogene	0	0	0	0.0000	0.0000	0.0000
ENSG00000230866.2	LINC02558	lncRNA	0	0	0	0.0000	0.0000	0.0000
ENSG00000230867.1	AL157884.1	processed_pseudogene	0	0	0	0.0000	0.0000	0.0000
ENSG00000230869.1	AGAP10P	unprocessed_pseudogene	3	2	3	0.1054	0.0309	0.0297
ENSG00000230870.2	FBXW11P1	processed_pseudogene	11	6	5	0.6337	0.1856	0.1787
ENSG00000230871.1	RPS6P23	processed_pseudogene	0	0	0	0.0000	0.0000	0.0000
ENSG00000230872.2	MFSD13B	transcribed_unitary_pseudogene	12	5	7	0.7009	0.2053	0.1977
ENSG00000230873.9	STMND1	protein_coding	0	0	0	0.0000	0.0000	0.0000
ENSG00000230876.8	LINC00486	lncRNA	1	1	0	0.0152	0.0045	0.0043
ENSG00000230879.1	RBMX2P4	processed_pseudogene	0	0	0	0.0000	0.0000	0.0000
ENSG00000230881.1	AL445933.2	lncRNA	0	0	0	0.0000	0.0000	0.0000
ENSG00000230882.1	AC005077.4	processed_pseudogene	11	4	7	0.2673	0.0783	0.0754
ENSG00000230886.3	HMGB1P25	processed_pseudogene	0	0	0	0.0000	0.0000	0.0000
ENSG00000230889.2	SHC1P1	processed_pseudogene	1	1	0	0.0487	0.0143	0.0137
ENSG00000230891.7	LINC00692	lncRNA	0	0	0	0.0000	0.0000	0.0000
ENSG00000230894.2	AL133284.1	lncRNA	0	0	0	0.0000	0.0000	0.0000
ENSG00000230896.1	AL604028.1	lncRNA	205	93	113	29.1115	8.5272	8.2111
ENSG00000230897.1	RPS18P12	processed_pseudogene	27	16	11	4.9953	1.4632	1.4090
ENSG00000230898.1	AL596087.3	lncRNA	2	2	0	0.3509	0.1028	0.0990
ENSG00000230899.1	MAGEA8-AS1	lncRNA	0	0	0	0.0000	0.0000	0.0000
ENSG00000230902.1	FAM204CP	processed_pseudogene	0	0	0	0.0000	0.0000	0.0000
ENSG00000230904.1	XKRYP2	unprocessed_pseudogene	0	0	0	0.0000	0.0000	0.0000
ENSG00000230908.2	AL591074.1	lncRNA	0	0	0	0.0000	0.0000	0.0000
ENSG00000230910.4	AL391807.1	lncRNA	0	0	0	0.0000	0.0000	0.0000
ENSG00000230911.1	PPIHP1	processed_pseudogene	0	0	0	0.0000	0.0000	0.0000
ENSG00000230912.1	AL021707.4	lncRNA	5	0	6	1.0356	0.3033	0.2921
ENSG00000230913.1	NPM1P51	processed_pseudogene	2	0	2	0.2283	0.0669	0.0644
ENSG00000230914.3	AC004840.1	transcribed_unitary_pseudogene	0	0	0	0.0000	0.0000	0.0000
ENSG00000230916.2	MTCO1P53	processed_pseudogene	53	31	22	6.4389	1.8861	1.8161
ENSG00000230918.2	DPP4-DT	lncRNA	2	4	3	0.1166	0.0342	0.0329
ENSG00000230920.1	AL513422.1	lncRNA	0	0	0	0.0000	0.0000	0.0000
ENSG00000230921.1	HAO2-IT1	lncRNA	0	0	0	0.0000	0.0000	0.0000
ENSG00000230922.1	AL079301.1	lncRNA	0	0	0	0.0000	0.0000	0.0000
ENSG00000230923.2	LINC00309	lncRNA	0	0	0	0.0000	0.0000	0.0000
ENSG00000230926.1	AC239367.2	unprocessed_pseudogene	0	0	0	0.0000	0.0000	0.0000
ENSG00000230927.3	TMBIM7P	transcribed_unitary_pseudogene	0	3	2	0.0000	0.0000	0.0000
ENSG00000230928.1	AL139241.1	lncRNA	24	868	786	1.7449	0.5111	0.4922
ENSG00000230929.5	AC099513.1	processed_pseudogene	2	2	0	0.5643	0.1653	0.1592
ENSG00000230931.2	GXYLT1P1	processed_pseudogene	0	0	0	0.0000	0.0000	0.0000
ENSG00000230932.2	AL355306.1	processed_pseudogene	0	0	0	0.0000	0.0000	0.0000
ENSG00000230934.1	BX276092.4	processed_pseudogene	0	0	0	0.0000	0.0000	0.0000
ENSG00000230935.1	RPS3P1	processed_pseudogene	1	1	0	0.4423	0.1296	0.1248
ENSG00000230936.1	AC073347.1	processed_pseudogene	0	0	0	0.0000	0.0000	0.0000
ENSG00000230937.12	MIR205HG	lncRNA	0	0	0	0.0000	0.0000	0.0000
ENSG00000230941.1	AC002386.1	lncRNA	0	0	0	0.0000	0.0000	0.0000
ENSG00000230942.1	HMGN1P5	processed_pseudogene	0	0	0	0.0000	0.0000	0.0000
ENSG00000230943.3	LINC02541	lncRNA	9	4	5	0.3173	0.0929	0.0895
ENSG00000230944.1	AC026202.1	lncRNA	0	0	0	0.0000	0.0000	0.0000
ENSG00000230945.1	LINC01507	lncRNA	0	0	0	0.0000	0.0000	0.0000
ENSG00000230946.3	HNRNPA1P68	processed_pseudogene	1	1	0	0.0867	0.0254	0.0245
ENSG00000230947.2	AP000356.1	lncRNA	0	0	0	0.0000	0.0000	0.0000
ENSG00000230948.1	AURKBP1	processed_pseudogene	3	3	0	0.2510	0.0735	0.0708
ENSG00000230950.1	MTND2P21	unprocessed_pseudogene	0	0	0	0.0000	0.0000	0.0000
ENSG00000230951.1	GPS2P2	processed_pseudogene	0	1	0	0.0000	0.0000	0.0000
ENSG00000230952.1	AC099344.1	lncRNA	0	0	0	0.0000	0.0000	0.0000
ENSG00000230953.2	AC099677.1	processed_pseudogene	10	7	3	4.8526	1.4214	1.3687
ENSG00000230955.1	AL929472.2	lncRNA	0	111	98	0.0000	0.0000	0.0000
ENSG00000230956.2	CAPZA1P1	processed_pseudogene	2	2	0	0.2039	0.0597	0.0575
ENSG00000230958.1	AC093166.2	processed_pseudogene	0	0	0	0.0000	0.0000	0.0000
ENSG00000230960.1	AL109910.1	lncRNA	0	0	0	0.0000	0.0000	0.0000
ENSG00000230962.2	LINC01520	lncRNA	0	0	0	0.0000	0.0000	0.0000
ENSG00000230964.1	AC233266.1	processed_pseudogene	0	0	0	0.0000	0.0000	0.0000
ENSG00000230965.1	SNX18P13	processed_pseudogene	5	2	3	0.8027	0.2351	0.2264
ENSG00000230967.2	AL133387.2	lncRNA	0	0	0	0.0000	0.0000	0.0000
ENSG00000230968.1	AC084149.1	lncRNA	0	0	0	0.0000	0.0000	0.0000
ENSG00000230969.2	LINC02090	lncRNA	0	0	0	0.0000	0.0000	0.0000
ENSG00000230970.4	HHATL-AS1	lncRNA	0	0	0	0.0000	0.0000	0.0000
ENSG00000230972.1	AP001116.1	lncRNA	0	0	0	0.0000	0.0000	0.0000
ENSG00000230973.1	AL049734.2	processed_pseudogene	0	0	0	0.0000	0.0000	0.0000
ENSG00000230975.1	AC012355.1	lncRNA	0	0	0	0.0000	0.0000	0.0000
ENSG00000230977.1	AC023274.1	unprocessed_pseudogene	0	0	0	0.0000	0.0000	0.0000
ENSG00000230978.2	LINC00160	lncRNA	0	0	0	0.0000	0.0000	0.0000
ENSG00000230979.3	AC079250.1	processed_pseudogene	47	32	15	7.5165	2.2017	2.1201
ENSG00000230980.1	RPL36AP39	processed_pseudogene	1	0	1	0.2670	0.0782	0.0753
ENSG00000230982.1	DSTNP1	processed_pseudogene	36	23	14	6.5745	1.9258	1.8544
ENSG00000230986.1	DDX3P2	processed_pseudogene	0	0	0	0.0000	0.0000	0.0000
ENSG00000230987.2	AL359976.1	processed_pseudogene	1	1	0	0.0241	0.0071	0.0068
ENSG00000230988.3	RPL23AP11	processed_pseudogene	0	0	0	0.0000	0.0000	0.0000
ENSG00000230989.7	HSBP1	protein_coding	4422	2208	2214	39.9913	11.7141	11.2798
ENSG00000230990.2	AL049649.1	lncRNA	7	5	2	0.1783	0.0522	0.0503
ENSG00000230991.2	AC092625.1	lncRNA	0	0	0	0.0000	0.0000	0.0000
ENSG00000230992.3	FAM201B	processed_pseudogene	0	0	0	0.0000	0.0000	0.0000
ENSG00000230993.1	RPL12P15	processed_pseudogene	4	1	3	0.6807	0.1994	0.1920
ENSG00000230994.1	FGFR3P1	processed_pseudogene	0	0	0	0.0000	0.0000	0.0000
ENSG00000230997.5	RAB42P1	processed_pseudogene	0	0	0	0.0000	0.0000	0.0000
ENSG00000230999.1	MTND5P8	unprocessed_pseudogene	0	0	0	0.0000	0.0000	0.0000
ENSG00000231001.2	CCNB1IP1P3	processed_pseudogene	0	0	0	0.0000	0.0000	0.0000
ENSG00000231004.2	CECR9	TEC	0	0	0	0.0000	0.0000	0.0000
ENSG00000231005.1	RPL39P39	processed_pseudogene	0	0	0	0.0000	0.0000	0.0000
ENSG00000231006.1	RPL7P32	processed_pseudogene	20	14	6	2.2828	0.6687	0.6439
ENSG00000231007.5	CDC20P1	processed_pseudogene	7	13	11	0.3963	0.1161	0.1118
ENSG00000231009.1	CUBNP1	unprocessed_pseudogene	0	0	0	0.0000	0.0000	0.0000
ENSG00000231010.1	AL121672.1	lncRNA	18	10	8	1.2943	0.3791	0.3651
ENSG00000231011.1	AC092832.1	processed_pseudogene	0	0	0	0.0000	0.0000	0.0000
ENSG00000231013.2	SCTR-AS1	lncRNA	0	0	0	0.0000	0.0000	0.0000
ENSG00000231015.1	AL049594.1	lncRNA	0	0	0	0.0000	0.0000	0.0000
ENSG00000231017.1	RPS27P10	processed_pseudogene	2	2	0	0.6821	0.1998	0.1924
ENSG00000231018.1	EIF4A1P3	processed_pseudogene	0	0	0	0.0000	0.0000	0.0000
ENSG00000231019.1	LINC00373	lncRNA	0	0	0	0.0000	0.0000	0.0000
ENSG00000231020.1	AL591043.1	processed_pseudogene	0	0	0	0.0000	0.0000	0.0000
ENSG00000231022.1	RPS3AP9	processed_pseudogene	0	0	0	0.0000	0.0000	0.0000
ENSG00000231023.7	LINC00326	lncRNA	4	2	2	0.0552	0.0162	0.0156
ENSG00000231024.1	AC092431.1	lncRNA	3	2	1	0.6066	0.1777	0.1711
ENSG00000231026.1	XKRYP4	unprocessed_pseudogene	0	0	0	0.0000	0.0000	0.0000
ENSG00000231028.9	LINC00271	lncRNA	8	9	10	0.0468	0.0137	0.0132
ENSG00000231029.2	AL031733.1	processed_pseudogene	2	2	0	0.3733	0.1093	0.1053
ENSG00000231031.6	LINC01804	lncRNA	1	1	0	0.0382	0.0112	0.0108
ENSG00000231032.1	CEP19P1	processed_pseudogene	0	0	0	0.0000	0.0000	0.0000
ENSG00000231034.1	AL118520.1	processed_pseudogene	0	0	0	0.0000	0.0000	0.0000
ENSG00000231035.1	RPL7L1P9	processed_pseudogene	1	1	0	0.1140	0.0334	0.0322
ENSG00000231039.2	AL355303.1	lncRNA	0	0	0	0.0000	0.0000	0.0000
ENSG00000231040.2	LINC01911	lncRNA	0	0	0	0.0000	0.0000	0.0000
ENSG00000231043.3	AC007238.1	processed_pseudogene	20	11	11	0.9755	0.2857	0.2752
ENSG00000231046.1	AL360227.1	lncRNA	0	0	2	0.0000	0.0000	0.0000
ENSG00000231047.1	GCNT1P3	processed_pseudogene	0	0	0	0.0000	0.0000	0.0000
ENSG00000231049.2	OR52B5P	transcribed_unprocessed_pseudogene	0	0	0	0.0000	0.0000	0.0000
ENSG00000231050.1	AL109917.1	lncRNA	4	3	1	0.3749	0.1098	0.1057
ENSG00000231051.3	USP17L28	protein_coding	0	0	0	0.0000	0.0000	0.0000
ENSG00000231052.1	AL353614.1	lncRNA	0	0	0	0.0000	0.0000	0.0000
ENSG00000231053.1	TRAPPC2LP1	processed_pseudogene	0	0	0	0.0000	0.0000	0.0000
ENSG00000231054.1	AC093833.1	lncRNA	0	2	0	0.0000	0.0000	0.0000
ENSG00000231056.1	LINC02522	lncRNA	0	0	0	0.0000	0.0000	0.0000
ENSG00000231057.4	AC096637.2	lncRNA	0	0	0	0.0000	0.0000	0.0000
ENSG00000231058.1	MSANTD2P1	processed_pseudogene	0	0	0	0.0000	0.0000	0.0000
ENSG00000231060.1	FARSBP1	processed_pseudogene	0	0	0	0.0000	0.0000	0.0000
ENSG00000231061.1	LINC00395	lncRNA	0	0	0	0.0000	0.0000	0.0000
ENSG00000231062.1	AC103563.2	lncRNA	2	2	0	0.2845	0.0833	0.0802
ENSG00000231063.1	RPL6P6	processed_pseudogene	0	0	0	0.0000	0.0000	0.0000
ENSG00000231064.7	THBS3-AS1	lncRNA	4	594	613	0.1377	0.0403	0.0389
ENSG00000231066.3	NPM1P9	processed_pseudogene	11	9	2	1.1068	0.3242	0.3122
ENSG00000231068.1	KRTAP21-3	protein_coding	0	0	0	0.0000	0.0000	0.0000
ENSG00000231069.1	BX842568.2	unprocessed_pseudogene	0	0	0	0.0000	0.0000	0.0000
ENSG00000231070.1	OR52Y1P	unprocessed_pseudogene	0	0	0	0.0000	0.0000	0.0000
ENSG00000231071.1	IDI1P3	processed_pseudogene	0	0	0	0.0000	0.0000	0.0000
ENSG00000231072.1	GAPDHP64	processed_pseudogene	3	1	2	0.2540	0.0744	0.0716
ENSG00000231073.1	AL590133.1	lncRNA	2	1	1	0.4615	0.1352	0.1302
ENSG00000231074.9	HCG18	lncRNA	507	316	290	2.4420	0.7153	0.6888
ENSG00000231078.1	AL157414.2	lncRNA	0	0	0	0.0000	0.0000	0.0000
ENSG00000231079.7	KIF5C-AS1	lncRNA	1	0	1	0.0204	0.0060	0.0058
ENSG00000231080.1	AL592161.1	lncRNA	0	2	3	0.0000	0.0000	0.0000
ENSG00000231081.1	AL078587.1	lncRNA	0	2	0	0.0000	0.0000	0.0000
ENSG00000231082.1	LINC02655	lncRNA	0	0	0	0.0000	0.0000	0.0000
ENSG00000231083.1	AC011747.1	lncRNA	0	0	0	0.0000	0.0000	0.0000
ENSG00000231084.2	RPL22P24	processed_pseudogene	24	9	15	5.4205	1.5877	1.5289
ENSG00000231086.1	TSSK1A	unitary_pseudogene	0	0	7	0.0000	0.0000	0.0000
ENSG00000231087.2	FDPSP7	processed_pseudogene	1	2	1	0.0806	0.0236	0.0227
ENSG00000231090.2	MIR4422HG	lncRNA	0	0	0	0.0000	0.0000	0.0000
ENSG00000231092.1	AC012513.1	lncRNA	0	0	0	0.0000	0.0000	0.0000
ENSG00000231093.1	AL391256.1	processed_pseudogene	1	1	0	0.0458	0.0134	0.0129
ENSG00000231095.1	GYG1P3	processed_pseudogene	0	0	0	0.0000	0.0000	0.0000
ENSG00000231096.1	NDUFB4P3	processed_pseudogene	0	0	0	0.0000	0.0000	0.0000
ENSG00000231098.1	AC008154.2	lncRNA	0	0	0	0.0000	0.0000	0.0000
ENSG00000231099.1	BMS1P19	processed_pseudogene	0	0	0	0.0000	0.0000	0.0000
ENSG00000231100.1	AL606752.1	unprocessed_pseudogene	0	0	0	0.0000	0.0000	0.0000
ENSG00000231102.1	AL035588.1	lncRNA	0	1	0	0.0000	0.0000	0.0000
ENSG00000231103.2	PRAMEF30P	unprocessed_pseudogene	0	0	0	0.0000	0.0000	0.0000
ENSG00000231104.8	AC022395.1	lncRNA	2	53	51	0.0815	0.0239	0.0230
ENSG00000231105.2	ECE1-AS1	lncRNA	6	5	6	0.1976	0.0579	0.0557
ENSG00000231106.2	LINC01436	lncRNA	3	0	3	0.2431	0.0712	0.0686
ENSG00000231107.2	LINC01508	lncRNA	0	0	0	0.0000	0.0000	0.0000
ENSG00000231108.2	PRELID3BP11	processed_pseudogene	0	0	0	0.0000	0.0000	0.0000
ENSG00000231110.1	FO393408.1	lncRNA	0	0	0	0.0000	0.0000	0.0000
ENSG00000231112.1	MTHFD2P3	processed_pseudogene	0	0	0	0.0000	0.0000	0.0000
ENSG00000231113.2	AL035587.1	lncRNA	35	22	14	1.9948	0.5843	0.5626
ENSG00000231114.1	AC078842.2	lncRNA	0	0	0	0.0000	0.0000	0.0000
ENSG00000231119.2	AL031666.1	lncRNA	4	2	2	0.1878	0.0550	0.0530
ENSG00000231120.3	BTF3P10	processed_pseudogene	1	1	0	0.1716	0.0503	0.0484
ENSG00000231122.5	FAM25E	transcribed_unprocessed_pseudogene	0	0	0	0.0000	0.0000	0.0000
ENSG00000231123.1	SPATA20P1	processed_pseudogene	16	6	10	3.1021	0.9087	0.8750
ENSG00000231124.1	UBE2V1P11	processed_pseudogene	0	0	0	0.0000	0.0000	0.0000
ENSG00000231125.2	AF129075.1	lncRNA	11	9	2	1.1765	0.3446	0.3318
ENSG00000231128.6	AL137856.1	lncRNA	2	18	13	0.1074	0.0314	0.0303
ENSG00000231130.1	HLA-T	unprocessed_pseudogene	1	1	0	0.1887	0.0553	0.0532
ENSG00000231131.8	LNCAROD	lncRNA	19	6	13	0.4903	0.1436	0.1383
ENSG00000231132.1	AC022537.1	lncRNA	0	0	0	0.0000	0.0000	0.0000
ENSG00000231133.8	HAR1B	lncRNA	6	4	6	0.0989	0.0290	0.0279
ENSG00000231134.1	TCF7L1-IT1	lncRNA	0	0	0	0.0000	0.0000	0.0000
ENSG00000231136.1	AP000705.1	processed_pseudogene	5	2	3	1.2131	0.3554	0.3422
ENSG00000231137.1	RBM22P5	processed_pseudogene	0	0	0	0.0000	0.0000	0.0000
ENSG00000231138.1	AC009987.1	lncRNA	0	0	0	0.0000	0.0000	0.0000
ENSG00000231139.1	AC104843.2	unprocessed_pseudogene	0	0	0	0.0000	0.0000	0.0000
ENSG00000231140.3	BX005214.2	lncRNA	0	0	0	0.0000	0.0000	0.0000
ENSG00000231141.1	TTTY3	lncRNA	0	0	0	0.0000	0.0000	0.0000
ENSG00000231143.1	AL157378.1	lncRNA	0	0	0	0.0000	0.0000	0.0000
ENSG00000231144.1	EEF1A1P40	processed_pseudogene	0	0	0	0.0000	0.0000	0.0000
ENSG00000231147.2	ARHGAP42P2	unprocessed_pseudogene	1	1	0	0.0397	0.0116	0.0112
ENSG00000231148.1	HMGB1P7	processed_pseudogene	0	0	0	0.0000	0.0000	0.0000
ENSG00000231149.2	AL354979.1	lncRNA	0	0	0	0.0000	0.0000	0.0000
ENSG00000231150.5	DNAH8-AS1	lncRNA	0	0	0	0.0000	0.0000	0.0000
ENSG00000231152.1	MTND2P15	processed_pseudogene	0	0	0	0.0000	0.0000	0.0000
ENSG00000231153.1	AC002429.1	processed_pseudogene	0	0	0	0.0000	0.0000	0.0000
ENSG00000231154.1	MORF4L2-AS1	lncRNA	3	66	104	0.1221	0.0358	0.0344
ENSG00000231156.1	AC093702.1	lncRNA	3	3	0	0.6942	0.2033	0.1958
ENSG00000231158.1	PTP4A1P1	processed_pseudogene	4	2	2	0.6596	0.1932	0.1860
ENSG00000231159.1	OFD1P8Y	unprocessed_pseudogene	0	0	0	0.0000	0.0000	0.0000
ENSG00000231160.10	KLF3-AS1	lncRNA	13	22	28	0.1711	0.0501	0.0482
ENSG00000231162.4	COX11P1	processed_pseudogene	0	0	0	0.0000	0.0000	0.0000
ENSG00000231163.6	CSMD2-AS1	lncRNA	0	0	0	0.0000	0.0000	0.0000
ENSG00000231164.1	RPL7P56	processed_pseudogene	1	0	1	0.1184	0.0347	0.0334
ENSG00000231165.3	TRBV26OR9-2	TR_V_pseudogene	1	1	0	0.2898	0.0849	0.0817
ENSG00000231166.2	TUBB4BP6	processed_pseudogene	0	0	0	0.0000	0.0000	0.0000
ENSG00000231167.3	YBX1P2	processed_pseudogene	53	16	37	4.5053	1.3197	1.2707
ENSG00000231169.4	EEF1B2P1	processed_pseudogene	3	3	1	0.3791	0.1110	0.1069
ENSG00000231170.7	AC002451.1	lncRNA	1	0	1	0.0126	0.0037	0.0036
ENSG00000231171.4	LINC01098	lncRNA	0	0	0	0.0000	0.0000	0.0000
ENSG00000231172.2	AC007099.1	lncRNA	1	0	1	0.0717	0.0210	0.0202
ENSG00000231173.1	AC116609.2	lncRNA	0	0	0	0.0000	0.0000	0.0000
ENSG00000231175.1	LINC01720	lncRNA	0	0	0	0.0000	0.0000	0.0000
ENSG00000231177.4	LINC00852	lncRNA	12	8	4	0.7674	0.2248	0.2164
ENSG00000231178.3	AL357832.1	lncRNA	0	0	0	0.0000	0.0000	0.0000
ENSG00000231181.1	AL954705.1	processed_pseudogene	5	1	4	0.7596	0.2225	0.2142
ENSG00000231183.4	AC007003.1	lncRNA	0	0	0	0.0000	0.0000	0.0000
ENSG00000231184.3	CCNQP3	processed_pseudogene	0	0	0	0.0000	0.0000	0.0000
ENSG00000231185.7	SPRY4-AS1	lncRNA	23	10	13	0.6775	0.1984	0.1911
ENSG00000231187.3	AL356056.2	lncRNA	13	16	15	0.3596	0.1053	0.1014
ENSG00000231188.1	AL139819.1	lncRNA	0	0	0	0.0000	0.0000	0.0000
ENSG00000231189.1	AC013448.1	lncRNA	0	0	0	0.0000	0.0000	0.0000
ENSG00000231192.2	OR5H1	protein_coding	0	0	0	0.0000	0.0000	0.0000
ENSG00000231193.1	AL157884.2	lncRNA	1	1	0	0.1541	0.0451	0.0435
ENSG00000231194.1	FARP1-AS1	lncRNA	0	138	145	0.0000	0.0000	0.0000
ENSG00000231195.1	IFNA11P	unprocessed_pseudogene	0	0	0	0.0000	0.0000	0.0000
ENSG00000231198.1	AC004987.1	processed_pseudogene	0	2	1	0.0000	0.0000	0.0000
ENSG00000231199.2	MTND5P19	processed_pseudogene	0	0	0	0.0000	0.0000	0.0000
ENSG00000231201.1	AF127577.2	lncRNA	0	0	0	0.0000	0.0000	0.0000
ENSG00000231202.1	TRGVB	TR_V_pseudogene	2	2	0	0.3606	0.1056	0.1017
ENSG00000231203.1	KRT8P10	processed_pseudogene	0	0	0	0.0000	0.0000	0.0000
ENSG00000231204.7	AC011752.1	lncRNA	0	0	0	0.0000	0.0000	0.0000
ENSG00000231205.11	ZNF826P	transcribed_unprocessed_pseudogene	16	7	9	0.2262	0.0662	0.0638
ENSG00000231206.2	HNRNPA1P25	processed_pseudogene	2	1	1	0.1813	0.0531	0.0511
ENSG00000231207.1	FO393419.1	processed_pseudogene	2	1	1	0.4784	0.1401	0.1349
ENSG00000231208.4	ZBTB46-AS1	lncRNA	0	0	0	0.0000	0.0000	0.0000
ENSG00000231210.3	COMETT	lncRNA	0	0	0	0.0000	0.0000	0.0000
ENSG00000231211.2	RPL17P49	processed_pseudogene	0	0	0	0.0000	0.0000	0.0000
ENSG00000231212.1	AL590399.3	lncRNA	0	0	0	0.0000	0.0000	0.0000
ENSG00000231213.6	PLSCR5	protein_coding	0	0	0	0.0000	0.0000	0.0000
ENSG00000231216.1	GS1-600G8.3	lncRNA	0	0	0	0.0000	0.0000	0.0000
ENSG00000231219.1	PRAMEF32P	unprocessed_pseudogene	0	0	0	0.0000	0.0000	0.0000
ENSG00000231221.1	LINC01593	lncRNA	0	0	0	0.0000	0.0000	0.0000
ENSG00000231222.1	ARF4P4	processed_pseudogene	0	0	0	0.0000	0.0000	0.0000
ENSG00000231226.1	TRIM31-AS1	lncRNA	0	0	0	0.0000	0.0000	0.0000
ENSG00000231227.1	AC006450.1	lncRNA	0	0	0	0.0000	0.0000	0.0000
ENSG00000231228.4	ARPP19P1	processed_pseudogene	1	0	1	0.2505	0.0734	0.0707
ENSG00000231231.5	LINC01423	lncRNA	0	0	0	0.0000	0.0000	0.0000
ENSG00000231232.4	AC023141.6	unprocessed_pseudogene	0	0	0	0.0000	0.0000	0.0000
ENSG00000231233.1	CFAP58-DT	lncRNA	69	30	39	7.3705	2.1589	2.0789
ENSG00000231234.2	SKP1P1	transcribed_processed_pseudogene	0	0	0	0.0000	0.0000	0.0000
ENSG00000231235.1	CTNNBL1P1	processed_pseudogene	0	0	0	0.0000	0.0000	0.0000
ENSG00000231236.2	AP001605.1	lncRNA	22	7	17	0.7177	0.2102	0.2024
ENSG00000231237.1	OR6K1P	unprocessed_pseudogene	0	0	0	0.0000	0.0000	0.0000
ENSG00000231238.2	LINC00349	lncRNA	0	0	0	0.0000	0.0000	0.0000
ENSG00000231240.1	KLF2P1	processed_pseudogene	0	0	0	0.0000	0.0000	0.0000
ENSG00000231241.1	RPS3AP3	processed_pseudogene	0	0	0	0.0000	0.0000	0.0000
ENSG00000231243.1	AC116038.1	lncRNA	0	0	0	0.0000	0.0000	0.0000
ENSG00000231244.1	PSMC1P3	processed_pseudogene	0	0	0	0.0000	0.0000	0.0000
ENSG00000231245.2	C1DP1	processed_pseudogene	0	3	6	0.0000	0.0000	0.0000
ENSG00000231246.2	LINC02884	lncRNA	11	5	6	0.1491	0.0437	0.0420
ENSG00000231248.3	FAM242D	lncRNA	0	0	0	0.0000	0.0000	0.0000
ENSG00000231249.1	ITPR1-DT	lncRNA	11	5	6	1.0887	0.3189	0.3071
ENSG00000231251.1	AL021921.1	processed_pseudogene	0	0	0	0.0000	0.0000	0.0000
ENSG00000231252.3	AC099792.1	lncRNA	15	8	7	0.2964	0.0868	0.0836
ENSG00000231253.2	LINC01640	lncRNA	0	0	0	0.0000	0.0000	0.0000
ENSG00000231254.2	PCED1CP	processed_pseudogene	0	0	0	0.0000	0.0000	0.0000
ENSG00000231255.1	AC005009.1	lncRNA	0	0	0	0.0000	0.0000	0.0000
ENSG00000231256.8	CFAP97D1	protein_coding	1	0	1	0.0226	0.0066	0.0064
ENSG00000231258.2	ZSWIM5P2	unprocessed_pseudogene	1	1	0	0.0417	0.0122	0.0118
ENSG00000231259.5	ANAPC1P2	unprocessed_pseudogene	0	0	0	0.0000	0.0000	0.0000
ENSG00000231261.1	HMGN2P10	processed_pseudogene	0	0	0	0.0000	0.0000	0.0000
ENSG00000231264.1	ARAFP1	processed_pseudogene	0	0	0	0.0000	0.0000	0.0000
ENSG00000231265.1	TRERNA1	lncRNA	0	0	0	0.0000	0.0000	0.0000
ENSG00000231266.1	AC010745.3	lncRNA	0	0	0	0.0000	0.0000	0.0000
ENSG00000231270.1	COBLP1	processed_pseudogene	0	0	0	0.0000	0.0000	0.0000
ENSG00000231271.1	AP000350.3	unprocessed_pseudogene	0	0	0	0.0000	0.0000	0.0000
ENSG00000231272.1	AL122008.1	lncRNA	0	0	0	0.0000	0.0000	0.0000
ENSG00000231274.5	SBK3	protein_coding	0	0	0	0.0000	0.0000	0.0000
ENSG00000231276.2	E2F4P1	processed_pseudogene	0	0	0	0.0000	0.0000	0.0000
ENSG00000231278.1	OR9S24P	unprocessed_pseudogene	0	0	0	0.0000	0.0000	0.0000
ENSG00000231280.1	SALL4P6	processed_pseudogene	0	0	0	0.0000	0.0000	0.0000
ENSG00000231290.6	APCDD1L-DT	lncRNA	18	9	9	0.2388	0.0699	0.0674
ENSG00000231291.3	AC106799.1	lncRNA	0	0	0	0.0000	0.0000	0.0000
ENSG00000231292.6	IGKV1OR2-108	IG_V_gene	265	135	132	63.7505	18.6735	17.9812
ENSG00000231293.1	RPL36AP6	processed_pseudogene	0	0	0	0.0000	0.0000	0.0000
ENSG00000231295.1	AC004888.1	lncRNA	2	2	0	0.3105	0.0909	0.0876
ENSG00000231296.1	AL050341.1	processed_pseudogene	0	2	3	0.0000	0.0000	0.0000
ENSG00000231297.3	AL627443.1	lncRNA	0	0	0	0.0000	0.0000	0.0000
ENSG00000231298.7	MANCR	lncRNA	23	14	10	0.6902	0.2022	0.1947
ENSG00000231299.1	SEPTIN14P24	unprocessed_pseudogene	0	0	0	0.0000	0.0000	0.0000
ENSG00000231300.1	EZH2P1	processed_pseudogene	1	1	0	0.2918	0.0855	0.0823
ENSG00000231301.1	RPL13AP	processed_pseudogene	0	0	0	0.0000	0.0000	0.0000
ENSG00000231302.1	RPL36P2	processed_pseudogene	0	0	0	0.0000	0.0000	0.0000
ENSG00000231304.2	SGO1-AS1	lncRNA	3	45	31	0.0388	0.0114	0.0109
ENSG00000231305.4	AC112484.1	lncRNA	28	21	12	1.1065	0.3241	0.3121
ENSG00000231307.1	RPS3P2	processed_pseudogene	0	0	0	0.0000	0.0000	0.0000
ENSG00000231310.3	TBL1XR1-AS1	lncRNA	0	85	57	0.0000	0.0000	0.0000
ENSG00000231311.1	PRYP2	unprocessed_pseudogene	0	0	0	0.0000	0.0000	0.0000
ENSG00000231312.7	MAP4K3-DT	lncRNA	654	327	329	4.4046	1.2902	1.2424
ENSG00000231313.2	CLIC1P1	processed_pseudogene	5	2	3	0.5865	0.1718	0.1654
ENSG00000231316.1	AL591419.1	processed_pseudogene	0	0	0	0.0000	0.0000	0.0000
ENSG00000231317.1	AC091812.1	unprocessed_pseudogene	0	0	0	0.0000	0.0000	0.0000
ENSG00000231322.5	RPL13AP17	transcribed_processed_pseudogene	0	0	0	0.0000	0.0000	0.0000
ENSG00000231324.1	AP000696.1	lncRNA	0	0	0	0.0000	0.0000	0.0000
ENSG00000231326.7	LINC02662	lncRNA	0	0	0	0.0000	0.0000	0.0000
ENSG00000231327.1	LINC01816	lncRNA	16	11	5	2.0525	0.6012	0.5789
ENSG00000231328.1	TPT1P7	processed_pseudogene	0	0	0	0.0000	0.0000	0.0000
ENSG00000231329.8	AL031772.1	lncRNA	1	46	46	0.0165	0.0048	0.0047
ENSG00000231331.1	AC103563.3	unprocessed_pseudogene	0	0	0	0.0000	0.0000	0.0000
ENSG00000231332.2	OOEP-AS1	lncRNA	0	0	0	0.0000	0.0000	0.0000
ENSG00000231333.2	RPL34P6	processed_pseudogene	2	0	2	0.4923	0.1442	0.1389
ENSG00000231334.2	EML6-AS1	lncRNA	0	0	0	0.0000	0.0000	0.0000
ENSG00000231336.1	AC017006.1	lncRNA	0	0	0	0.0000	0.0000	0.0000
ENSG00000231340.1	ACTG1P10	processed_pseudogene	2	7	1	0.1570	0.0460	0.0443
ENSG00000231341.1	VDAC1P6	processed_pseudogene	1	0	1	0.0993	0.0291	0.0280
ENSG00000231344.1	AL020997.1	processed_pseudogene	1	1	0	0.2433	0.0713	0.0686
ENSG00000231345.3	BEND3P1	transcribed_processed_pseudogene	70	37	33	2.0042	0.5871	0.5653
ENSG00000231346.5	LINC01160	lncRNA	8	6	2	0.4934	0.1445	0.1392
ENSG00000231349.2	AC119749.1	processed_pseudogene	0	0	0	0.0000	0.0000	0.0000
ENSG00000231351.2	WBP1P1	processed_pseudogene	2	1	1	0.3363	0.0985	0.0949
ENSG00000231353.1	AL355994.1	unprocessed_pseudogene	0	0	0	0.0000	0.0000	0.0000
ENSG00000231355.1	AP000302.1	lncRNA	1	1	0	0.1275	0.0373	0.0360
ENSG00000231356.1	MTFR1P1	processed_pseudogene	0	0	0	0.0000	0.0000	0.0000
ENSG00000231357.1	AC006028.1	processed_pseudogene	0	0	0	0.0000	0.0000	0.0000
ENSG00000231358.4	AL355516.1	lncRNA	1	1	0	0.0783	0.0229	0.0221
ENSG00000231359.3	AC072052.1	processed_pseudogene	1	1	0	0.2775	0.0813	0.0783
ENSG00000231361.1	RPS29P23	processed_pseudogene	0	0	0	0.0000	0.0000	0.0000
ENSG00000231362.1	AC069271.1	processed_pseudogene	3	1	2	1.6331	0.4784	0.4606
ENSG00000231364.3	LINC01712	lncRNA	0	0	0	0.0000	0.0000	0.0000
ENSG00000231365.6	WARS2-AS1	lncRNA	184	105	98	1.3624	0.3991	0.3843
ENSG00000231366.1	RPS26P40	processed_pseudogene	2	0	2	0.5777	0.1692	0.1629
ENSG00000231367.6	LINC02613	lncRNA	3	1	2	0.0473	0.0139	0.0133
ENSG00000231368.1	RPSAP40	processed_pseudogene	0	0	0	0.0000	0.0000	0.0000
ENSG00000231369.1	Z97353.1	processed_pseudogene	6	4	2	0.8815	0.2582	0.2486
ENSG00000231371.1	AKR1B1P8	processed_pseudogene	0	0	0	0.0000	0.0000	0.0000
ENSG00000231373.1	GNA14-AS1	lncRNA	2	2	0	0.2807	0.0822	0.0792
ENSG00000231375.1	CDY17P	unprocessed_pseudogene	0	0	0	0.0000	0.0000	0.0000
ENSG00000231376.1	HMGN2P16	processed_pseudogene	0	0	0	0.0000	0.0000	0.0000
ENSG00000231378.1	NDUFAF4P4	processed_pseudogene	0	0	0	0.0000	0.0000	0.0000
ENSG00000231381.2	RNF2P1	processed_pseudogene	0	4	3	0.0000	0.0000	0.0000
ENSG00000231382.1	NBPF21P	unprocessed_pseudogene	0	0	0	0.0000	0.0000	0.0000
ENSG00000231383.2	FGF12-AS1	lncRNA	0	0	0	0.0000	0.0000	0.0000
ENSG00000231384.1	AC007919.2	processed_pseudogene	0	0	0	0.0000	0.0000	0.0000
ENSG00000231386.1	MOB4P1	processed_pseudogene	0	0	0	0.0000	0.0000	0.0000
ENSG00000231388.1	FMN2P1	processed_pseudogene	0	0	0	0.0000	0.0000	0.0000
ENSG00000231389.7	HLA-DPA1	protein_coding	5122	3743	3704	75.6720	22.1655	21.3437
ENSG00000231390.1	SNX18P8	unprocessed_pseudogene	0	0	0	0.0000	0.0000	0.0000
ENSG00000231392.1	AC244157.1	unprocessed_pseudogene	0	0	0	0.0000	0.0000	0.0000
ENSG00000231393.1	AL357874.2	lncRNA	0	0	0	0.0000	0.0000	0.0000
ENSG00000231394.1	AC099681.2	lncRNA	0	0	0	0.0000	0.0000	0.0000
ENSG00000231395.1	ARL4AP4	processed_pseudogene	1	1	0	0.1639	0.0480	0.0462
ENSG00000231396.3	USP17L10	protein_coding	0	0	0	0.0000	0.0000	0.0000
ENSG00000231397.1	AC004941.2	processed_pseudogene	0	0	0	0.0000	0.0000	0.0000
ENSG00000231398.1	AL359385.1	processed_pseudogene	0	0	0	0.0000	0.0000	0.0000
ENSG00000231399.1	SNRPEP8	processed_pseudogene	0	0	0	0.0000	0.0000	0.0000
ENSG00000231401.2	AC023481.1	lncRNA	3	1	2	0.0974	0.0285	0.0275
ENSG00000231402.1	WASF5P	processed_pseudogene	0	0	0	0.0000	0.0000	0.0000
ENSG00000231403.1	AC099344.2	lncRNA	0	0	0	0.0000	0.0000	0.0000
ENSG00000231404.2	RAC1P3	processed_pseudogene	0	0	0	0.0000	0.0000	0.0000
ENSG00000231405.1	AL008638.1	lncRNA	0	0	0	0.0000	0.0000	0.0000
ENSG00000231407.6	GORAB-AS1	lncRNA	30	13	18	0.4511	0.1321	0.1272
ENSG00000231409.3	AC018868.1	processed_pseudogene	11	8	3	2.9655	0.8686	0.8364
ENSG00000231411.1	DUX4L31	unprocessed_pseudogene	0	0	0	0.0000	0.0000	0.0000
ENSG00000231412.2	AC005392.2	lncRNA	2	0	2	0.5643	0.1653	0.1592
ENSG00000231413.1	AL356289.1	lncRNA	0	0	0	0.0000	0.0000	0.0000
ENSG00000231414.1	RPL39P15	processed_pseudogene	11	5	6	5.9880	1.7540	1.6889
ENSG00000231416.1	AL358472.1	processed_pseudogene	0	0	0	0.0000	0.0000	0.0000
ENSG00000231417.2	IRX1P1	unprocessed_pseudogene	0	0	0	0.0000	0.0000	0.0000
ENSG00000231418.2	AC005090.1	lncRNA	0	0	0	0.0000	0.0000	0.0000
ENSG00000231419.6	LINC00689	lncRNA	1	6	5	0.0093	0.0027	0.0026
ENSG00000231420.1	LINC01817	lncRNA	0	0	0	0.0000	0.0000	0.0000
ENSG00000231421.8	AC011840.1	lncRNA	0	0	0	0.0000	0.0000	0.0000
ENSG00000231422.2	LINC01516	lncRNA	0	0	0	0.0000	0.0000	0.0000
ENSG00000231423.1	RAB9AP5	unprocessed_pseudogene	0	0	0	0.0000	0.0000	0.0000
ENSG00000231424.3	BX284613.2	lncRNA	1	1	0	0.0108	0.0032	0.0030
ENSG00000231426.7	FILNC1	lncRNA	0	0	0	0.0000	0.0000	0.0000
ENSG00000231427.6	LINC01445	lncRNA	0	0	0	0.0000	0.0000	0.0000
ENSG00000231428.2	LINC00396	lncRNA	0	0	0	0.0000	0.0000	0.0000
ENSG00000231431.7	FAR2P4	transcribed_unprocessed_pseudogene	0	1	0	0.0000	0.0000	0.0000
ENSG00000231434.1	HSP90AA3P	processed_pseudogene	31	15	16	1.2148	0.3558	0.3426
ENSG00000231436.1	RBMY3AP	unprocessed_pseudogene	0	0	0	0.0000	0.0000	0.0000
ENSG00000231437.3	LINC01750	lncRNA	3	1	2	0.0710	0.0208	0.0200
ENSG00000231439.4	WASIR2	lncRNA	2	1	1	0.1611	0.0472	0.0455
ENSG00000231440.1	AL358176.4	lncRNA	0	0	0	0.0000	0.0000	0.0000
ENSG00000231441.2	DST-AS1	lncRNA	4	2	2	0.3088	0.0905	0.0871
ENSG00000231442.3	LARP1BP1	processed_pseudogene	0	0	0	0.0000	0.0000	0.0000
ENSG00000231443.2	AC124944.1	processed_pseudogene	2	1	1	0.1367	0.0401	0.0386
ENSG00000231445.1	TIMM8AP1	processed_pseudogene	0	1	0	0.0000	0.0000	0.0000
ENSG00000231447.1	AC244102.1	lncRNA	0	0	0	0.0000	0.0000	0.0000
ENSG00000231449.1	AC097359.1	processed_pseudogene	0	0	0	0.0000	0.0000	0.0000
ENSG00000231453.1	LINC01305	lncRNA	0	0	0	0.0000	0.0000	0.0000
ENSG00000231454.2	AL935212.2	processed_pseudogene	0	0	0	0.0000	0.0000	0.0000
ENSG00000231458.2	RNASEH1P2	processed_pseudogene	0	0	1	0.0000	0.0000	0.0000
ENSG00000231460.2	AL365204.1	lncRNA	0	0	0	0.0000	0.0000	0.0000
ENSG00000231461.1	HLA-DPA2	unprocessed_pseudogene	0	0	0	0.0000	0.0000	0.0000
ENSG00000231464.1	AC024937.2	processed_pseudogene	1	1	0	0.0684	0.0200	0.0193
ENSG00000231466.2	AL022324.2	processed_pseudogene	4	2	2	0.4355	0.1276	0.1228
ENSG00000231467.2	AL022314.1	lncRNA	0	0	0	0.0000	0.0000	0.0000
ENSG00000231468.2	PRDX3P2	processed_pseudogene	1	2	0	0.1390	0.0407	0.0392
ENSG00000231470.1	HMGB3P2	processed_pseudogene	0	0	0	0.0000	0.0000	0.0000
ENSG00000231471.1	HMGN2P34	processed_pseudogene	0	0	0	0.0000	0.0000	0.0000
ENSG00000231473.3	RB1-DT	lncRNA	8	2	6	0.3708	0.1086	0.1046
ENSG00000231475.3	IGHV4-31	IG_V_gene	606	298	308	120.2378	35.2195	33.9138
ENSG00000231476.1	AC074389.2	lncRNA	2	0	2	0.3887	0.1138	0.1096
ENSG00000231477.2	AC004448.1	lncRNA	0	0	0	0.0000	0.0000	0.0000
ENSG00000231478.1	FCF1P9	transcribed_processed_pseudogene	0	0	0	0.0000	0.0000	0.0000
ENSG00000231480.1	SNRPGP13	processed_pseudogene	0	0	0	0.0000	0.0000	0.0000
ENSG00000231482.3	AC105450.1	lncRNA	3	3	1	0.0992	0.0290	0.0280
ENSG00000231484.1	AC023141.7	unprocessed_pseudogene	0	0	0	0.0000	0.0000	0.0000
ENSG00000231487.1	AP006285.1	lncRNA	0	0	0	0.0000	0.0000	0.0000
ENSG00000231489.1	AL606490.4	processed_pseudogene	0	0	0	0.0000	0.0000	0.0000
ENSG00000231490.1	RPL7L1P2	processed_pseudogene	0	0	0	0.0000	0.0000	0.0000
ENSG00000231491.2	JKAMPP1	processed_pseudogene	0	0	0	0.0000	0.0000	0.0000
ENSG00000231492.3	AP003774.1	lncRNA	0	0	0	0.0000	0.0000	0.0000
ENSG00000231494.1	RPL21P35	processed_pseudogene	21	10	11	3.8600	1.1307	1.0887
ENSG00000231495.1	AL121885.3	lncRNA	0	0	0	0.0000	0.0000	0.0000
ENSG00000231496.2	AL136369.2	lncRNA	1	1	0	0.1573	0.0461	0.0444
ENSG00000231500.7	RPS18	protein_coding	23244	11860	11384	1076.2764	315.2582	303.5701
ENSG00000231501.1	MTND4LP1	processed_pseudogene	1	1	0	0.5409	0.1584	0.1526
ENSG00000231503.4	PTMAP4	processed_pseudogene	22	27	29	5.3996	1.5816	1.5230
ENSG00000231504.1	NMD3P2	processed_pseudogene	0	0	0	0.0000	0.0000	0.0000
ENSG00000231505.1	AC108868.1	lncRNA	0	0	0	0.0000	0.0000	0.0000
ENSG00000231507.2	LINC01353	lncRNA	1	1	0	0.0536	0.0157	0.0151
ENSG00000231508.1	RPL34P20	processed_pseudogene	0	0	0	0.0000	0.0000	0.0000
ENSG00000231509.1	AL162253.1	lncRNA	1	0	1	0.1120	0.0328	0.0316
ENSG00000231510.1	LINC02782	lncRNA	0	0	0	0.0000	0.0000	0.0000
ENSG00000231512.6	SEPTIN14P21	transcribed_unprocessed_pseudogene	0	0	0	0.0000	0.0000	0.0000
ENSG00000231513.3	E2F6P4	processed_pseudogene	0	0	0	0.0000	0.0000	0.0000
ENSG00000231514.1	CCNQP2	processed_pseudogene	0	0	0	0.0000	0.0000	0.0000
ENSG00000231515.1	AC006003.1	lncRNA	0	0	0	0.0000	0.0000	0.0000
ENSG00000231516.3	CBX1P5	processed_pseudogene	0	0	0	0.0000	0.0000	0.0000
ENSG00000231519.1	AC007285.1	lncRNA	0	0	0	0.0000	0.0000	0.0000
ENSG00000231521.1	AL162385.2	lncRNA	0	0	0	0.0000	0.0000	0.0000
ENSG00000231523.1	SEPTIN14P1	unprocessed_pseudogene	0	0	0	0.0000	0.0000	0.0000
ENSG00000231525.1	AC002486.2	processed_pseudogene	0	0	0	0.0000	0.0000	0.0000
ENSG00000231527.7	FAM27C	lncRNA	95	50	45	0.5330	0.1561	0.1503
ENSG00000231528.3	FAM225A	lncRNA	49	29	20	0.6787	0.1988	0.1914
ENSG00000231529.2	LINC02779	lncRNA	0	0	0	0.0000	0.0000	0.0000
ENSG00000231530.1	AL157932.1	lncRNA	3	2	1	0.7018	0.2056	0.1980
ENSG00000231531.5	HINT1P1	processed_pseudogene	2	1	1	0.4493	0.1316	0.1267
ENSG00000231532.6	LINC01249	lncRNA	0	0	0	0.0000	0.0000	0.0000
ENSG00000231533.2	AL391840.1	lncRNA	2	1	1	0.0144	0.0042	0.0040
ENSG00000231534.1	FBXO36-IT1	lncRNA	0	0	0	0.0000	0.0000	0.0000
ENSG00000231535.7	LINC00278	lncRNA	3	2	1	0.0609	0.0178	0.0172
ENSG00000231536.1	AC226101.1	lncRNA	0	0	0	0.0000	0.0000	0.0000
ENSG00000231537.1	MTCO3P10	unprocessed_pseudogene	0	0	0	0.0000	0.0000	0.0000
ENSG00000231538.1	DPP10-AS3	lncRNA	0	0	0	0.0000	0.0000	0.0000
ENSG00000231539.1	AC010132.1	lncRNA	0	0	0	0.0000	0.0000	0.0000
ENSG00000231540.1	ELOCP9	processed_pseudogene	0	0	0	0.0000	0.0000	0.0000
ENSG00000231541.1	RPS6P2	processed_pseudogene	0	0	0	0.0000	0.0000	0.0000
ENSG00000231542.1	TAB3-AS1	lncRNA	0	1	1	0.0000	0.0000	0.0000
ENSG00000231544.3	RSL24D1P11	processed_pseudogene	0	0	0	0.0000	0.0000	0.0000
ENSG00000231546.1	RPL3P5	transcribed_processed_pseudogene	1	1	0	0.0689	0.0202	0.0194
ENSG00000231547.1	AC096632.1	unprocessed_pseudogene	0	0	0	0.0000	0.0000	0.0000
ENSG00000231548.2	OR55B1P	transcribed_unitary_pseudogene	0	0	0	0.0000	0.0000	0.0000
ENSG00000231549.1	ATP5MDP1	processed_pseudogene	2	0	2	0.9596	0.2811	0.2706
ENSG00000231550.1	PTCHD3P2	processed_pseudogene	0	0	0	0.0000	0.0000	0.0000
ENSG00000231551.8	AC245100.4	transcribed_unprocessed_pseudogene	24	14	11	0.6120	0.1793	0.1726
ENSG00000231552.1	IGBP1P3	processed_pseudogene	0	0	0	0.0000	0.0000	0.0000
ENSG00000231553.1	RNMTL1P1	processed_pseudogene	0	0	0	0.0000	0.0000	0.0000
ENSG00000231556.1	RSL24D1P3	processed_pseudogene	0	0	0	0.0000	0.0000	0.0000
ENSG00000231557.1	AC020718.1	lncRNA	0	0	0	0.0000	0.0000	0.0000
ENSG00000231559.1	Z95118.1	processed_pseudogene	0	0	0	0.0000	0.0000	0.0000
ENSG00000231560.1	CLEC12A-AS1	lncRNA	1	1	0	0.0215	0.0063	0.0061
ENSG00000231561.2	CEACAMP5	unprocessed_pseudogene	1	1	0	0.0884	0.0259	0.0249
ENSG00000231562.1	AL512593.1	processed_pseudogene	0	0	0	0.0000	0.0000	0.0000
ENSG00000231563.2	AL139288.1	lncRNA	2	2	0	0.3502	0.1026	0.0988
ENSG00000231564.1	EIF4A1P11	processed_pseudogene	1	1	0	0.3825	0.1120	0.1079
ENSG00000231565.1	NEK2P2	processed_pseudogene	0	0	0	0.0000	0.0000	0.0000
ENSG00000231566.2	LINC02595	lncRNA	3	2	1	0.1136	0.0333	0.0320
ENSG00000231567.1	MTND2P19	unprocessed_pseudogene	0	0	0	0.0000	0.0000	0.0000
ENSG00000231568.1	S100A11P7	processed_pseudogene	0	0	0	0.0000	0.0000	0.0000
ENSG00000231569.1	AL355334.1	processed_pseudogene	0	0	0	0.0000	0.0000	0.0000
ENSG00000231570.1	PPIAP63	processed_pseudogene	0	0	0	0.0000	0.0000	0.0000
ENSG00000231574.6	LINC02015	lncRNA	0	0	0	0.0000	0.0000	0.0000
ENSG00000231575.1	AL139118.1	lncRNA	0	0	0	0.0000	0.0000	0.0000
ENSG00000231576.1	MTCO2P20	processed_pseudogene	0	0	0	0.0000	0.0000	0.0000
ENSG00000231579.3	RPL7P21	processed_pseudogene	2	2	0	0.2675	0.0783	0.0754
ENSG00000231582.2	MTND4LP21	processed_pseudogene	0	0	0	0.0000	0.0000	0.0000
ENSG00000231583.1	AC108938.1	unprocessed_pseudogene	0	0	0	0.0000	0.0000	0.0000
ENSG00000231584.8	FAHD2CP	transcribed_unprocessed_pseudogene	179	2432	2404	7.1032	2.0806	2.0035
ENSG00000231585.1	AC034228.1	lncRNA	0	0	0	0.0000	0.0000	0.0000
ENSG00000231586.2	RPS23P9	unprocessed_pseudogene	0	0	1	0.0000	0.0000	0.0000
ENSG00000231587.1	SNORD62B	snoRNA	1	0	1	0.9874	0.2892	0.2785
ENSG00000231588.1	SHQ1P1	processed_pseudogene	0	18	17	0.0000	0.0000	0.0000
ENSG00000231589.1	AC009110.1	lncRNA	0	0	0	0.0000	0.0000	0.0000
ENSG00000231590.2	AC235565.1	unitary_pseudogene	0	0	0	0.0000	0.0000	0.0000
ENSG00000231593.1	BX510359.4	unprocessed_pseudogene	0	0	0	0.0000	0.0000	0.0000
ENSG00000231597.1	AC007557.2	lncRNA	0	0	0	0.0000	0.0000	0.0000
ENSG00000231600.1	AC236972.1	unprocessed_pseudogene	0	0	0	0.0000	0.0000	0.0000
ENSG00000231601.1	AL157709.1	lncRNA	0	0	0	0.0000	0.0000	0.0000
ENSG00000231603.1	AL606490.5	processed_pseudogene	0	0	0	0.0000	0.0000	0.0000
ENSG00000231604.2	AL133232.1	lncRNA	0	0	0	0.0000	0.0000	0.0000
ENSG00000231605.6	LINC01363	lncRNA	0	0	0	0.0000	0.0000	0.0000
ENSG00000231606.2	AL357873.1	lncRNA	0	0	0	0.0000	0.0000	0.0000
ENSG00000231607.12	DLEU2	lncRNA	117	133	118	0.8534	0.2500	0.2407
ENSG00000231609.7	AC007098.1	lncRNA	11	438	409	0.2819	0.0826	0.0795
ENSG00000231610.1	PIK3CDP1	processed_pseudogene	0	0	0	0.0000	0.0000	0.0000
ENSG00000231612.1	AC104462.1	lncRNA	0	0	0	0.0000	0.0000	0.0000
ENSG00000231613.1	AC099568.1	lncRNA	1	0	1	0.1668	0.0489	0.0471
ENSG00000231615.2	AL645568.1	processed_pseudogene	0	0	0	0.0000	0.0000	0.0000
ENSG00000231616.9	AL354733.2	lncRNA	0	0	4	0.0000	0.0000	0.0000
ENSG00000231619.1	ANAPC15P1	processed_pseudogene	0	0	0	0.0000	0.0000	0.0000
ENSG00000231620.1	AP000855.1	lncRNA	0	0	0	0.0000	0.0000	0.0000
ENSG00000231621.1	ANKRD44-AS1	lncRNA	3	1	3	0.5599	0.1640	0.1579
ENSG00000231622.1	RPS29P7	processed_pseudogene	0	0	0	0.0000	0.0000	0.0000
ENSG00000231625.4	SLC47A1P2	transcribed_unprocessed_pseudogene	3	3	0	0.1718	0.0503	0.0485
ENSG00000231626.1	AC013402.2	lncRNA	0	0	0	0.0000	0.0000	0.0000
ENSG00000231628.1	AL133406.2	lncRNA	10	82	64	0.7089	0.2076	0.1999
ENSG00000231630.1	AL592464.1	lncRNA	0	0	0	0.0000	0.0000	0.0000
ENSG00000231633.1	LINC00283	lncRNA	0	0	0	0.0000	0.0000	0.0000
ENSG00000231635.1	ATP5F1BP1	processed_pseudogene	0	0	0	0.0000	0.0000	0.0000
ENSG00000231636.1	AGBL5-AS1	lncRNA	6	4	2	1.2519	0.3667	0.3531
ENSG00000231637.3	USP17L29	protein_coding	0	0	0	0.0000	0.0000	0.0000
ENSG00000231638.1	LUARIS	lncRNA	0	0	0	0.0000	0.0000	0.0000
ENSG00000231643.4	YWHAQP8	processed_pseudogene	0	0	0	0.0000	0.0000	0.0000
ENSG00000231645.3	KRT17P6	transcribed_unprocessed_pseudogene	0	0	0	0.0000	0.0000	0.0000
ENSG00000231646.6	FSIP2-AS1	lncRNA	0	0	0	0.0000	0.0000	0.0000
ENSG00000231648.2	LINC01698	lncRNA	0	0	0	0.0000	0.0000	0.0000
ENSG00000231649.3	SPATA31B1P	unprocessed_pseudogene	1	0	1	0.0211	0.0062	0.0060
ENSG00000231650.1	RFESDP1	processed_pseudogene	0	0	0	0.0000	0.0000	0.0000
ENSG00000231651.1	DLG3-AS1	lncRNA	2	3	2	0.3524	0.1032	0.0994
ENSG00000231652.2	AL590428.1	lncRNA	23	18	30	0.9899	0.2900	0.2792
ENSG00000231653.1	AC010731.2	lncRNA	0	0	0	0.0000	0.0000	0.0000
ENSG00000231654.1	RPS6KA2-AS1	lncRNA	0	0	0	0.0000	0.0000	0.0000
ENSG00000231655.1	EMP2P1	processed_pseudogene	0	0	0	0.0000	0.0000	0.0000
ENSG00000231660.1	RPS8P6	processed_pseudogene	0	0	0	0.0000	0.0000	0.0000
ENSG00000231662.1	AL357052.1	lncRNA	0	0	0	0.0000	0.0000	0.0000
ENSG00000231663.1	COA6-AS1	lncRNA	19	141	144	2.8061	0.8219	0.7915
ENSG00000231665.1	OGFOD1P1	processed_pseudogene	3	1	2	0.1600	0.0469	0.0451
ENSG00000231666.7	LINC01704	lncRNA	4	3	1	0.1640	0.0480	0.0463
ENSG00000231667.2	OR7E111P	unprocessed_pseudogene	0	0	0	0.0000	0.0000	0.0000
ENSG00000231668.2	PPP2R2DP1	processed_pseudogene	0	0	0	0.0000	0.0000	0.0000
ENSG00000231671.1	LINC01307	lncRNA	0	0	0	0.0000	0.0000	0.0000
ENSG00000231672.8	DIRC3	lncRNA	7	6	7	0.0720	0.0211	0.0203
ENSG00000231674.1	LINC00410	lncRNA	0	0	0	0.0000	0.0000	0.0000
ENSG00000231675.1	AC005042.2	processed_pseudogene	0	0	0	0.0000	0.0000	0.0000
ENSG00000231678.2	AL358779.1	lncRNA	0	0	0	0.0000	0.0000	0.0000
ENSG00000231680.1	LINC02723	lncRNA	2	2	0	0.1724	0.0505	0.0486
ENSG00000231681.2	AC020743.2	lncRNA	0	0	0	0.0000	0.0000	0.0000
ENSG00000231682.1	LINC01891	lncRNA	0	0	0	0.0000	0.0000	0.0000
ENSG00000231683.6	AL033397.1	lncRNA	0	0	0	0.0000	0.0000	0.0000
ENSG00000231684.3	EIF1P3	processed_pseudogene	17	12	5	4.3223	1.2661	1.2191
ENSG00000231686.1	ANKRD11P2	processed_pseudogene	4	3	2	0.3438	0.1007	0.0970
ENSG00000231688.1	RPL21P43	processed_pseudogene	0	0	0	0.0000	0.0000	0.0000
ENSG00000231689.2	LINC01090	lncRNA	0	0	0	0.0000	0.0000	0.0000
ENSG00000231690.3	LINC00574	lncRNA	0	0	1	0.0000	0.0000	0.0000
ENSG00000231691.2	AL592114.3	lncRNA	0	0	0	0.0000	0.0000	0.0000
ENSG00000231694.1	AC244098.3	unprocessed_pseudogene	1	1	0	0.8846	0.2591	0.2495
ENSG00000231697.3	NANOGP5	transcribed_processed_pseudogene	0	0	0	0.0000	0.0000	0.0000
ENSG00000231698.2	AP002856.2	lncRNA	0	0	0	0.0000	0.0000	0.0000
ENSG00000231699.1	AC020550.1	processed_pseudogene	0	0	0	0.0000	0.0000	0.0000
ENSG00000231700.3	AL356276.2	processed_pseudogene	1	1	0	0.1522	0.0446	0.0429
ENSG00000231701.1	BMS1P13	unprocessed_pseudogene	0	0	0	0.0000	0.0000	0.0000
ENSG00000231702.2	AL645608.3	processed_pseudogene	0	0	1	0.0000	0.0000	0.0000
ENSG00000231703.2	AL354993.1	lncRNA	0	0	0	0.0000	0.0000	0.0000
ENSG00000231704.6	AC004895.1	lncRNA	0	0	0	0.0000	0.0000	0.0000
ENSG00000231705.1	AL451069.2	lncRNA	0	0	0	0.0000	0.0000	0.0000
ENSG00000231706.2	CYCSP43	processed_pseudogene	0	0	0	0.0000	0.0000	0.0000
ENSG00000231707.4	PABPC1P1	processed_pseudogene	4	3	2	0.5748	0.1684	0.1621
ENSG00000231711.2	LINC00899	lncRNA	20	12	8	0.3433	0.1006	0.0968
ENSG00000231712.1	H3P5	processed_pseudogene	0	0	0	0.0000	0.0000	0.0000
ENSG00000231713.2	AF064860.2	lncRNA	0	0	0	0.0000	0.0000	0.0000
ENSG00000231714.1	AL513348.1	lncRNA	0	0	0	0.0000	0.0000	0.0000
ENSG00000231715.1	COX6CP2	processed_pseudogene	0	0	0	0.0000	0.0000	0.0000
ENSG00000231716.1	CDY23P	unprocessed_pseudogene	0	0	0	0.0000	0.0000	0.0000
ENSG00000231718.1	LINC02789	lncRNA	0	0	0	0.0000	0.0000	0.0000
ENSG00000231720.1	AL353747.3	lncRNA	0	0	0	0.0000	0.0000	0.0000
ENSG00000231721.7	LINC-PINT	lncRNA	132	61	73	1.2414	0.3636	0.3501
ENSG00000231722.1	CHMP4AP1	processed_pseudogene	0	0	0	0.0000	0.0000	0.0000
ENSG00000231723.1	CAPZBP1	processed_pseudogene	0	0	0	0.0000	0.0000	0.0000
ENSG00000231724.1	AC112907.1	lncRNA	0	0	0	0.0000	0.0000	0.0000
ENSG00000231725.1	VN1R110P	processed_pseudogene	1	1	0	0.0875	0.0256	0.0247
ENSG00000231726.2	HMGN2P38	processed_pseudogene	0	0	0	0.0000	0.0000	0.0000
ENSG00000231728.5	TMSB15B-AS1	lncRNA	11	5	7	0.2033	0.0596	0.0574
ENSG00000231729.1	ARHGEF9-IT1	lncRNA	0	0	0	0.0000	0.0000	0.0000
ENSG00000231731.7	AC010976.1	lncRNA	17	133	142	0.2620	0.0767	0.0739
ENSG00000231735.1	RPS2P18	processed_pseudogene	0	0	0	0.0000	0.0000	0.0000
ENSG00000231738.11	TSPAN19	protein_coding	1	0	1	0.0208	0.0061	0.0059
ENSG00000231739.2	GAPDHP59	processed_pseudogene	3	1	2	0.9542	0.2795	0.2691
ENSG00000231740.1	AL136985.1	lncRNA	0	0	0	0.0000	0.0000	0.0000
ENSG00000231741.2	AL353743.3	processed_pseudogene	0	0	0	0.0000	0.0000	0.0000
ENSG00000231742.6	LINC01273	lncRNA	0	0	0	0.0000	0.0000	0.0000
ENSG00000231743.1	AC026396.1	processed_pseudogene	0	0	0	0.0000	0.0000	0.0000
ENSG00000231744.1	AL669818.1	processed_pseudogene	0	0	0	0.0000	0.0000	0.0000
ENSG00000231747.1	AC079922.1	processed_pseudogene	44	29	15	10.4081	3.0487	2.9357
ENSG00000231748.1	AL596223.2	lncRNA	0	10	11	0.0000	0.0000	0.0000
ENSG00000231749.3	ABCA9-AS1	lncRNA	0	16	18	0.0000	0.0000	0.0000
ENSG00000231750.3	NANOGP10	processed_pseudogene	0	0	0	0.0000	0.0000	0.0000
ENSG00000231752.6	EMBP1	transcribed_unprocessed_pseudogene	88	37	51	1.3008	0.3810	0.3669
ENSG00000231754.2	AL512380.1	lncRNA	0	0	0	0.0000	0.0000	0.0000
ENSG00000231755.1	CHODL-AS1	lncRNA	0	0	0	0.0000	0.0000	0.0000
ENSG00000231756.1	AL449983.1	lncRNA	0	0	0	0.0000	0.0000	0.0000
ENSG00000231758.3	ARHGAP15-AS1	lncRNA	0	0	0	0.0000	0.0000	0.0000
ENSG00000231760.5	AL355312.2	lncRNA	0	374	397	0.0000	0.0000	0.0000
ENSG00000231762.1	AL590426.1	processed_pseudogene	0	0	0	0.0000	0.0000	0.0000
ENSG00000231763.1	PQLC1P1	processed_pseudogene	0	0	0	0.0000	0.0000	0.0000
ENSG00000231764.10	DLX6-AS1	lncRNA	27	17	13	0.1356	0.0397	0.0383
ENSG00000231765.1	PPP1R11P2	processed_pseudogene	0	0	0	0.0000	0.0000	0.0000
ENSG00000231766.1	MTCO2P5	processed_pseudogene	0	0	0	0.0000	0.0000	0.0000
ENSG00000231767.4	RPS27AP5	protein_coding	9	4	5	1.4641	0.4289	0.4130
ENSG00000231768.2	LINC01354	lncRNA	4	4	0	0.1047	0.0307	0.0295
ENSG00000231769.3	AL035701.1	lncRNA	5	2	3	0.2146	0.0628	0.0605
ENSG00000231770.6	TMEM44-AS1	lncRNA	102	53	69	5.4615	1.5997	1.5404
ENSG00000231772.5	Z93403.1	lncRNA	0	0	0	0.0000	0.0000	0.0000
ENSG00000231776.5	LINC01611	lncRNA	0	0	0	0.0000	0.0000	0.0000
ENSG00000231777.1	MTND4P21	unprocessed_pseudogene	0	0	0	0.0000	0.0000	0.0000
ENSG00000231780.1	AC090960.1	processed_pseudogene	0	0	0	0.0000	0.0000	0.0000
ENSG00000231781.1	AC079896.1	lncRNA	0	0	0	0.0000	0.0000	0.0000
ENSG00000231782.7	LINC00575	lncRNA	0	0	0	0.0000	0.0000	0.0000
ENSG00000231784.8	DBIL5P	transcribed_unitary_pseudogene	22	22	10	0.6979	0.2044	0.1968
ENSG00000231787.4	H2BP9	processed_pseudogene	0	0	0	0.0000	0.0000	0.0000
ENSG00000231788.4	RPL31P50	processed_pseudogene	1	0	1	0.2869	0.0840	0.0809
ENSG00000231789.2	PIK3CD-AS2	lncRNA	614	287	327	55.5284	16.2651	15.6621
ENSG00000231791.1	AL445228.1	lncRNA	0	0	0	0.0000	0.0000	0.0000
ENSG00000231793.5	DOC2GP	transcribed_unitary_pseudogene	14	4	10	0.3779	0.1107	0.1066
ENSG00000231794.5	AC009542.1	lncRNA	0	181	173	0.0000	0.0000	0.0000
ENSG00000231795.1	ITCH-IT1	lncRNA	0	0	0	0.0000	0.0000	0.0000
ENSG00000231799.2	PA2G4P6	processed_pseudogene	9	2	7	0.6385	0.1870	0.1801
ENSG00000231801.2	ANP32BP2	processed_pseudogene	1	1	0	0.1558	0.0456	0.0439
ENSG00000231802.1	DNAJB6P3	processed_pseudogene	0	0	0	0.0000	0.0000	0.0000
ENSG00000231804.1	AL353748.1	processed_pseudogene	0	0	0	0.0000	0.0000	0.0000
ENSG00000231806.3	PCAT7	lncRNA	117	191	189	1.6829	0.4929	0.4747
ENSG00000231808.2	LINC01388	lncRNA	1	0	1	0.2041	0.0598	0.0576
ENSG00000231809.4	NANOGP9	processed_pseudogene	0	0	0	0.0000	0.0000	0.0000
ENSG00000231810.1	RPL36AP35	processed_pseudogene	0	0	0	0.0000	0.0000	0.0000
ENSG00000231811.3	AL159166.1	lncRNA	1	0	1	0.0228	0.0067	0.0064
ENSG00000231812.1	SNRPCP9	processed_pseudogene	0	0	0	0.0000	0.0000	0.0000
ENSG00000231814.3	LINC00210	lncRNA	0	0	0	0.0000	0.0000	0.0000
ENSG00000231815.2	AC007179.1	lncRNA	0	0	0	0.0000	0.0000	0.0000
ENSG00000231817.9	LINC01198	lncRNA	46	43	38	0.6865	0.2011	0.1936
ENSG00000231821.1	NPM1P48	processed_pseudogene	4	3	1	0.3982	0.1166	0.1123
ENSG00000231822.1	SMC3P1	processed_pseudogene	13	10	3	1.5020	0.4400	0.4236
ENSG00000231824.4	AKAIN1	protein_coding	0	0	0	0.0000	0.0000	0.0000
ENSG00000231826.6	LINC01819	lncRNA	2	0	2	0.0408	0.0119	0.0115
ENSG00000231827.3	AL513523.2	transcribed_unprocessed_pseudogene	0	0	2	0.0000	0.0000	0.0000
ENSG00000231829.4	AL157834.1	lncRNA	0	0	0	0.0000	0.0000	0.0000
ENSG00000231830.1	AC245140.1	lncRNA	1	1	0	0.2490	0.0729	0.0702
ENSG00000231831.1	MTHFD1P1	processed_pseudogene	7	4	3	0.2151	0.0630	0.0607
ENSG00000231837.2	RPS7P2	processed_pseudogene	0	0	0	0.0000	0.0000	0.0000
ENSG00000231839.1	DPY19L4P2	processed_pseudogene	0	0	0	0.0000	0.0000	0.0000
ENSG00000231840.2	TMEM139-AS1	lncRNA	3	13	12	0.1262	0.0370	0.0356
ENSG00000231841.1	FAM192BP	processed_pseudogene	3	1	2	0.3343	0.0979	0.0943
ENSG00000231845.3	HMGB3P14	processed_pseudogene	1	0	1	0.1418	0.0415	0.0400
ENSG00000231846.1	AC092832.2	lncRNA	0	0	0	0.0000	0.0000	0.0000
ENSG00000231848.1	KRTCAP2P1	processed_pseudogene	3	0	3	0.5526	0.1619	0.1559
ENSG00000231849.1	UBE2V2P4	processed_pseudogene	0	0	0	0.0000	0.0000	0.0000
ENSG00000231851.6	MRPS9-AS1	lncRNA	4	346	331	0.2891	0.0847	0.0815
ENSG00000231852.9	CYP21A2	protein_coding	0	0	0	0.0000	0.0000	0.0000
ENSG00000231855.1	AL161935.2	unprocessed_pseudogene	0	0	0	0.0000	0.0000	0.0000
ENSG00000231856.2	AL162377.1	lncRNA	34	35	31	1.1694	0.3425	0.3298
ENSG00000231857.1	MORF4L1P5	processed_pseudogene	1	0	1	0.0884	0.0259	0.0249
ENSG00000231858.5	AC067945.2	lncRNA	3	20	28	0.4899	0.1435	0.1382
ENSG00000231859.1	AC079781.1	processed_pseudogene	0	0	0	0.0000	0.0000	0.0000
ENSG00000231861.2	OR5K2	protein_coding	1	1	0	0.0801	0.0235	0.0226
ENSG00000231863.2	AL139393.1	lncRNA	0	0	0	0.0000	0.0000	0.0000
ENSG00000231864.2	AL807752.3	lncRNA	0	38	31	0.0000	0.0000	0.0000
ENSG00000231866.2	AC099677.2	processed_pseudogene	0	0	0	0.0000	0.0000	0.0000
ENSG00000231867.1	AP001625.1	lncRNA	0	0	0	0.0000	0.0000	0.0000
ENSG00000231868.1	AL031848.1	lncRNA	0	0	0	0.0000	0.0000	0.0000
ENSG00000231870.4	KRT17P3	unprocessed_pseudogene	0	0	0	0.0000	0.0000	0.0000
ENSG00000231871.5	IPO9-AS1	lncRNA	1	301	290	0.0667	0.0195	0.0188
ENSG00000231873.2	AC099560.1	lncRNA	0	0	0	0.0000	0.0000	0.0000
ENSG00000231874.3	TSPY18P	unprocessed_pseudogene	0	0	0	0.0000	0.0000	0.0000
ENSG00000231875.1	AL359885.1	processed_pseudogene	0	0	0	0.0000	0.0000	0.0000
ENSG00000231876.8	AC009158.1	lncRNA	1	1	0	0.0395	0.0116	0.0111
ENSG00000231877.1	AL359551.1	lncRNA	0	0	0	0.0000	0.0000	0.0000
ENSG00000231878.1	SNRPFP1	processed_pseudogene	0	0	0	0.0000	0.0000	0.0000
ENSG00000231879.1	TXNL1P1	processed_pseudogene	0	0	0	0.0000	0.0000	0.0000
ENSG00000231880.2	KF459542.1	lncRNA	0	94	93	0.0000	0.0000	0.0000
ENSG00000231881.2	AL109615.2	lncRNA	0	1	0	0.0000	0.0000	0.0000
ENSG00000231882.1	F10-AS1	lncRNA	0	0	0	0.0000	0.0000	0.0000
ENSG00000231883.1	AL138733.2	lncRNA	0	0	0	0.0000	0.0000	0.0000
ENSG00000231884.1	NDUFB1P1	processed_pseudogene	4	1	3	1.8871	0.5528	0.5323
ENSG00000231887.7	PRH1	protein_coding	7	26	22	0.1891	0.0554	0.0533
ENSG00000231888.1	MTND5P15	processed_pseudogene	0	0	0	0.0000	0.0000	0.0000
ENSG00000231889.7	TRAF3IP2-AS1	lncRNA	51	27	34	0.8987	0.2632	0.2535
ENSG00000231890.8	DARS-AS1	lncRNA	8	151	162	0.1035	0.0303	0.0292
ENSG00000231892.1	AC073316.2	lncRNA	0	0	0	0.0000	0.0000	0.0000
ENSG00000231894.2	WDR95P	unitary_pseudogene	0	0	0	0.0000	0.0000	0.0000
ENSG00000231896.1	AC019185.1	lncRNA	1	1	0	0.1633	0.0478	0.0461
ENSG00000231897.1	MARK2P14	unprocessed_pseudogene	0	0	0	0.0000	0.0000	0.0000
ENSG00000231898.9	MYO3B-AS1	lncRNA	22	12	10	0.3021	0.0885	0.0852
ENSG00000231900.3	GOT2P1	processed_pseudogene	0	0	0	0.0000	0.0000	0.0000
ENSG00000231901.1	AL354754.1	lncRNA	0	0	0	0.0000	0.0000	0.0000
ENSG00000231902.2	AL135923.2	lncRNA	0	0	0	0.0000	0.0000	0.0000
ENSG00000231903.1	AC079354.1	lncRNA	0	0	0	0.0000	0.0000	0.0000
ENSG00000231905.2	SETP10	processed_pseudogene	0	0	0	0.0000	0.0000	0.0000
ENSG00000231906.1	AC016397.1	processed_pseudogene	0	0	0	0.0000	0.0000	0.0000
ENSG00000231907.2	GAPDHP37	processed_pseudogene	1	1	0	0.0877	0.0257	0.0247
ENSG00000231908.1	IDH1-AS1	lncRNA	14	9	7	1.8151	0.5317	0.5120
ENSG00000231909.7	MAP1LC3BP1	transcribed_processed_pseudogene	0	0	0	0.0000	0.0000	0.0000
ENSG00000231910.1	GAMTP2	processed_pseudogene	0	0	0	0.0000	0.0000	0.0000
ENSG00000231911.1	TPRKBP1	processed_pseudogene	0	0	0	0.0000	0.0000	0.0000
ENSG00000231912.2	FO393415.2	lncRNA	0	0	0	0.0000	0.0000	0.0000
ENSG00000231913.1	RARRES2P3	processed_pseudogene	0	0	0	0.0000	0.0000	0.0000
ENSG00000231914.1	LINC00387	lncRNA	0	0	0	0.0000	0.0000	0.0000
ENSG00000231915.2	SALL4P5	unprocessed_pseudogene	0	0	0	0.0000	0.0000	0.0000
ENSG00000231916.1	AC006033.1	processed_pseudogene	3	2	1	0.5980	0.1752	0.1687
ENSG00000231918.1	AC007402.1	lncRNA	0	0	0	0.0000	0.0000	0.0000
ENSG00000231920.1	NEBL-AS1	lncRNA	0	0	0	0.0000	0.0000	0.0000
ENSG00000231922.1	AL138479.1	processed_pseudogene	0	0	0	0.0000	0.0000	0.0000
ENSG00000231923.1	AC024082.1	processed_pseudogene	0	0	0	0.0000	0.0000	0.0000
ENSG00000231924.10	PSG1	protein_coding	0	0	0	0.0000	0.0000	0.0000
ENSG00000231925.12	TAPBP	protein_coding	11733	6008	5726	197.0672	57.7241	55.5840
ENSG00000231926.1	SEPHS1P7	processed_pseudogene	0	0	0	0.0000	0.0000	0.0000
ENSG00000231927.1	AC093734.1	lncRNA	0	0	0	0.0000	0.0000	0.0000
ENSG00000231929.2	HMGB3P31	processed_pseudogene	0	0	0	0.0000	0.0000	0.0000
ENSG00000231930.1	AF228730.1	processed_pseudogene	0	0	0	0.0000	0.0000	0.0000
ENSG00000231931.1	AC024082.2	processed_pseudogene	0	0	0	0.0000	0.0000	0.0000
ENSG00000231933.7	MYO18B-AS1	lncRNA	0	0	0	0.0000	0.0000	0.0000
ENSG00000231934.2	FAM242A	lncRNA	0	0	0	0.0000	0.0000	0.0000
ENSG00000231937.1	AC116666.1	lncRNA	0	0	0	0.0000	0.0000	0.0000
ENSG00000231940.1	RPS7P3	processed_pseudogene	3	3	0	0.4392	0.1287	0.1239
ENSG00000231942.3	HNRNPA1P36	processed_pseudogene	6	11	1	0.5335	0.1563	0.1505
ENSG00000231943.9	PGM5P4-AS1	lncRNA	0	0	0	0.0000	0.0000	0.0000
ENSG00000231944.1	PHKA1-AS1	lncRNA	0	0	0	0.0000	0.0000	0.0000
ENSG00000231947.1	MTND2P24	processed_pseudogene	0	0	0	0.0000	0.0000	0.0000
ENSG00000231948.2	HS1BP3-IT1	lncRNA	3	2	1	0.4246	0.1244	0.1198
ENSG00000231949.1	AL161638.1	lncRNA	0	0	0	0.0000	0.0000	0.0000
ENSG00000231951.1	AC004837.3	lncRNA	0	0	0	0.0000	0.0000	0.0000
ENSG00000231952.3	DPY19L1P2	unprocessed_pseudogene	11	9	2	1.0209	0.2990	0.2880
ENSG00000231953.2	AL031432.1	lncRNA	0	0	0	0.0000	0.0000	0.0000
ENSG00000231954.1	MTND2P22	unprocessed_pseudogene	0	0	0	0.0000	0.0000	0.0000
ENSG00000231955.1	AC007383.2	lncRNA	0	220	222	0.0000	0.0000	0.0000
ENSG00000231956.1	HNRNPA1P9	processed_pseudogene	3	3	0	0.2682	0.0786	0.0756
ENSG00000231957.2	GNAI2P2	processed_pseudogene	0	0	0	0.0000	0.0000	0.0000
ENSG00000231961.1	AL035461.1	processed_pseudogene	0	0	0	0.0000	0.0000	0.0000
ENSG00000231963.1	AL662864.1	lncRNA	0	0	0	0.0000	0.0000	0.0000
ENSG00000231964.1	AL731567.1	lncRNA	6	3	3	1.1029	0.3230	0.3111
ENSG00000231965.4	AF131215.1	processed_pseudogene	0	0	0	0.0000	0.0000	0.0000
ENSG00000231966.1	LINC02818	lncRNA	2	1	1	0.4811	0.1409	0.1357
ENSG00000231967.1	AL135786.1	processed_pseudogene	0	0	0	0.0000	0.0000	0.0000
ENSG00000231969.2	MMADHC-DT	lncRNA	7	137	130	0.0832	0.0244	0.0235
ENSG00000231970.1	AL355490.2	lncRNA	0	72	114	0.0000	0.0000	0.0000
ENSG00000231971.6	CT69	lncRNA	12	5	7	0.2936	0.0860	0.0828
ENSG00000231976.8	FAM238B	transcribed_unprocessed_pseudogene	1	1	0	0.0660	0.0193	0.0186
ENSG00000231977.1	AL096828.1	lncRNA	0	0	0	0.0000	0.0000	0.0000
ENSG00000231978.2	AL590103.1	processed_pseudogene	0	0	0	0.0000	0.0000	0.0000
ENSG00000231979.1	AL356361.2	lncRNA	0	0	0	0.0000	0.0000	0.0000
ENSG00000231980.1	AC011899.1	lncRNA	0	0	0	0.0000	0.0000	0.0000
ENSG00000231981.3	RPL7L1P12	processed_pseudogene	0	0	0	0.0000	0.0000	0.0000
ENSG00000231982.1	AC112907.2	unprocessed_pseudogene	10	7	3	2.5733	0.7538	0.7258
ENSG00000231983.1	LINC00415	lncRNA	0	0	0	0.0000	0.0000	0.0000
ENSG00000231984.1	AL596266.1	processed_pseudogene	0	0	0	0.0000	0.0000	0.0000
ENSG00000231985.1	AL354949.1	lncRNA	0	0	0	0.0000	0.0000	0.0000
ENSG00000231986.1	AP000474.1	lncRNA	0	0	0	0.0000	0.0000	0.0000
ENSG00000231987.1	LINC01787	lncRNA	0	0	0	0.0000	0.0000	0.0000
ENSG00000231988.1	OFD1P3Y	unprocessed_pseudogene	0	0	0	0.0000	0.0000	0.0000
ENSG00000231989.5	PPP1R2B	protein_coding	6	3	3	0.2281	0.0668	0.0643
ENSG00000231990.2	AL442224.1	lncRNA	1	0	1	0.0527	0.0154	0.0149
ENSG00000231991.4	ANXA2P2	processed_pseudogene	566	244	322	47.1225	13.8029	13.2912
ENSG00000231992.1	AC092802.3	lncRNA	0	0	0	0.0000	0.0000	0.0000
ENSG00000231993.1	EP300-AS1	lncRNA	12	6	6	2.2299	0.6532	0.6289
ENSG00000231995.2	AL590399.4	processed_pseudogene	0	0	0	0.0000	0.0000	0.0000
ENSG00000231996.1	AC096949.1	processed_pseudogene	0	0	0	0.0000	0.0000	0.0000
ENSG00000231999.7	LRRC8C-DT	lncRNA	219	228	245	1.5530	0.4549	0.4380
ENSG00000232000.3	CLCN3P1	transcribed_unprocessed_pseudogene	14	4	10	0.1057	0.0309	0.0298
ENSG00000232001.2	AC108868.2	lncRNA	0	0	0	0.0000	0.0000	0.0000
ENSG00000232002.2	LINC01880	lncRNA	3	2	1	0.1626	0.0476	0.0459
ENSG00000232003.2	ZNF736P12Y	processed_pseudogene	0	0	0	0.0000	0.0000	0.0000
ENSG00000232004.1	CAP1P2	processed_pseudogene	44	23	21	2.6519	0.7768	0.7480
ENSG00000232006.9	AC005537.1	lncRNA	0	0	0	0.0000	0.0000	0.0000
ENSG00000232009.1	AL591503.2	processed_pseudogene	0	0	0	0.0000	0.0000	0.0000
ENSG00000232010.1	DNMT3L-AS1	lncRNA	0	0	0	0.0000	0.0000	0.0000
ENSG00000232015.2	HSPE1P25	processed_pseudogene	0	0	0	0.0000	0.0000	0.0000
ENSG00000232019.1	AC074183.1	lncRNA	0	0	0	0.0000	0.0000	0.0000
ENSG00000232021.7	LEF1-AS1	lncRNA	392	667	658	5.4751	1.6038	1.5443
ENSG00000232022.7	FAAHP1	transcribed_unprocessed_pseudogene	81	35	47	2.7781	0.8137	0.7836
ENSG00000232023.3	LINC01807	lncRNA	0	0	1	0.0000	0.0000	0.0000
ENSG00000232024.2	LSM12P1	processed_pseudogene	114	61	53	16.4642	4.8226	4.6438
ENSG00000232027.2	AL671986.1	processed_pseudogene	15	5	13	1.3338	0.3907	0.3762
ENSG00000232028.1	AC007391.1	lncRNA	2	2	0	0.3370	0.0987	0.0950
ENSG00000232029.1	ELOCP15	processed_pseudogene	0	0	0	0.0000	0.0000	0.0000
ENSG00000232030.3	MAGEB6B	protein_coding	0	0	0	0.0000	0.0000	0.0000
ENSG00000232031.1	AL078599.2	lncRNA	0	0	0	0.0000	0.0000	0.0000
ENSG00000232032.1	AC079781.2	processed_pseudogene	1	0	1	0.5025	0.1472	0.1417
ENSG00000232034.1	AC092168.2	lncRNA	0	0	0	0.0000	0.0000	0.0000
ENSG00000232035.1	AL135790.1	lncRNA	0	0	0	0.0000	0.0000	0.0000
ENSG00000232036.2	AL078645.2	processed_pseudogene	2	1	1	0.1282	0.0375	0.0362
ENSG00000232037.3	AL590556.1	processed_pseudogene	2	2	0	0.3516	0.1030	0.0992
ENSG00000232039.2	DEFT1P2	unprocessed_pseudogene	0	0	0	0.0000	0.0000	0.0000
ENSG00000232040.4	ZBED9	protein_coding	1	1	0	0.0104	0.0030	0.0029
ENSG00000232041.1	PSMD10P3	processed_pseudogene	0	0	0	0.0000	0.0000	0.0000
ENSG00000232042.1	AL512286.1	processed_pseudogene	0	0	0	0.0000	0.0000	0.0000
ENSG00000232043.1	AL133230.1	lncRNA	10	223	231	0.1851	0.0542	0.0522
ENSG00000232044.7	SILC1	lncRNA	0	0	0	0.0000	0.0000	0.0000
ENSG00000232046.7	LINC01798	lncRNA	3	2	1	0.0651	0.0191	0.0184
ENSG00000232048.2	HNRNPCP9	processed_pseudogene	0	0	0	0.0000	0.0000	0.0000
ENSG00000232050.1	Z98949.1	processed_pseudogene	0	0	0	0.0000	0.0000	0.0000
ENSG00000232053.7	AC078845.1	lncRNA	897	455	442	23.2733	6.8171	6.5644
ENSG00000232054.1	NPM1P34	processed_pseudogene	4	3	1	0.3804	0.1114	0.1073
ENSG00000232056.1	AC092687.1	lncRNA	0	0	0	0.0000	0.0000	0.0000
ENSG00000232057.1	AC093390.1	lncRNA	0	0	0	0.0000	0.0000	0.0000
ENSG00000232058.1	AC005772.1	lncRNA	0	0	0	0.0000	0.0000	0.0000
ENSG00000232059.3	AL451007.1	processed_pseudogene	1	1	0	0.2938	0.0861	0.0829
ENSG00000232060.3	SLC4A1APP1	processed_pseudogene	7	5	2	0.9874	0.2892	0.2785
ENSG00000232063.2	AL691447.2	lncRNA	3	2	1	0.0600	0.0176	0.0169
ENSG00000232064.1	USP9YP33	unprocessed_pseudogene	0	0	0	0.0000	0.0000	0.0000
ENSG00000232065.1	LINC01063	lncRNA	19	12	7	4.6365	1.3581	1.3077
ENSG00000232068.1	AF003529.1	unprocessed_pseudogene	0	0	0	0.0000	0.0000	0.0000
ENSG00000232069.1	RPS29P28	processed_pseudogene	0	0	0	0.0000	0.0000	0.0000
ENSG00000232070.9	TMEM253	protein_coding	2	36	30	0.0787	0.0230	0.0222
ENSG00000232072.1	AC004870.4	lncRNA	0	0	0	0.0000	0.0000	0.0000
ENSG00000232073.1	Z82198.2	lncRNA	0	0	0	0.0000	0.0000	0.0000
ENSG00000232075.1	MRPL35P2	processed_pseudogene	6	4	3	0.9971	0.2921	0.2812
ENSG00000232077.2	LINC01031	lncRNA	0	0	0	0.0000	0.0000	0.0000
ENSG00000232079.7	LINC01697	lncRNA	0	0	0	0.0000	0.0000	0.0000
ENSG00000232080.5	AL662789.1	lncRNA	0	0	8	0.0000	0.0000	0.0000
ENSG00000232081.1	LARGE-IT1	lncRNA	0	0	0	0.0000	0.0000	0.0000
ENSG00000232082.1	RPS6KA2-IT1	lncRNA	2	1	1	0.2933	0.0859	0.0827
ENSG00000232083.3	RPL31P7	processed_pseudogene	2	0	2	0.4493	0.1316	0.1267
ENSG00000232084.5	LINC01104	lncRNA	0	0	0	0.0000	0.0000	0.0000
ENSG00000232085.1	AL606534.2	lncRNA	0	243	210	0.0000	0.0000	0.0000
ENSG00000232086.1	AL159990.2	lncRNA	0	0	0	0.0000	0.0000	0.0000
ENSG00000232087.1	HCFC2P1	processed_pseudogene	0	0	0	0.0000	0.0000	0.0000
ENSG00000232089.1	AC011233.1	processed_pseudogene	0	0	0	0.0000	0.0000	0.0000
ENSG00000232090.2	POLR2DP1	processed_pseudogene	0	0	0	0.0000	0.0000	0.0000
ENSG00000232091.1	PNLIPP1	unprocessed_pseudogene	0	0	0	0.0000	0.0000	0.0000
ENSG00000232093.1	DCST1-AS1	lncRNA	4	3	2	0.4132	0.1210	0.1166
ENSG00000232096.1	YPEL5P1	processed_pseudogene	0	0	0	0.0000	0.0000	0.0000
ENSG00000232097.1	AC079781.3	processed_pseudogene	0	0	0	0.0000	0.0000	0.0000
ENSG00000232098.3	AC012313.1	lncRNA	155	71	84	3.8521	1.1283	1.0865
ENSG00000232100.1	LINC01653	lncRNA	0	0	0	0.0000	0.0000	0.0000
ENSG00000232101.1	AC108059.1	processed_pseudogene	0	0	0	0.0000	0.0000	0.0000
ENSG00000232102.1	MTCO3P2	processed_pseudogene	2	0	2	0.9932	0.2909	0.2801
ENSG00000232104.3	RFX3-AS1	lncRNA	4	3	1	0.2175	0.0637	0.0613
ENSG00000232105.1	RPL32P28	processed_pseudogene	0	0	0	0.0000	0.0000	0.0000
ENSG00000232109.1	VN1R54P	processed_pseudogene	1	0	1	0.0810	0.0237	0.0228
ENSG00000232110.8	AL353751.1	lncRNA	2	1	2	0.0691	0.0202	0.0195
ENSG00000232111.2	AC073488.1	processed_pseudogene	0	0	0	0.0000	0.0000	0.0000
ENSG00000232112.3	TMA7	protein_coding	153	673	612	11.4072	3.3414	3.2175
ENSG00000232113.3	TEX50	protein_coding	0	0	0	0.0000	0.0000	0.0000
ENSG00000232114.1	NPLP1	processed_pseudogene	0	0	0	0.0000	0.0000	0.0000
ENSG00000232115.1	AC026884.1	processed_pseudogene	0	0	0	0.0000	0.0000	0.0000
ENSG00000232117.2	LINC00384	lncRNA	0	0	0	0.0000	0.0000	0.0000
ENSG00000232118.2	BACH1-AS1	lncRNA	8	2	6	0.7729	0.2264	0.2180
ENSG00000232119.8	MCTS1	protein_coding	1703	824	880	13.4355	3.9355	3.7896
ENSG00000232120.1	AL357375.1	lncRNA	0	0	0	0.0000	0.0000	0.0000
ENSG00000232121.1	AL450469.2	lncRNA	0	0	0	0.0000	0.0000	0.0000
ENSG00000232124.3	AP001057.1	lncRNA	1	0	1	0.0402	0.0118	0.0113
ENSG00000232125.5	DYTN	protein_coding	0	0	0	0.0000	0.0000	0.0000
ENSG00000232128.1	MTCO3P45	processed_pseudogene	0	0	0	0.0000	0.0000	0.0000
ENSG00000232130.1	AC092966.1	lncRNA	0	0	0	0.0000	0.0000	0.0000
ENSG00000232131.1	NCOA7-AS1	lncRNA	0	0	0	0.0000	0.0000	0.0000
ENSG00000232132.1	NDFIP2-AS1	lncRNA	0	0	0	0.0000	0.0000	0.0000
ENSG00000232133.1	IMPDH1P10	processed_pseudogene	0	75	85	0.0000	0.0000	0.0000
ENSG00000232134.1	RPS15AP12	processed_pseudogene	11	3	8	2.4075	0.7052	0.6791
ENSG00000232135.1	AL031663.1	processed_pseudogene	0	0	0	0.0000	0.0000	0.0000
ENSG00000232136.2	DUXAP7	processed_pseudogene	0	0	0	0.0000	0.0000	0.0000
ENSG00000232138.1	IFNWP5	unprocessed_pseudogene	0	0	0	0.0000	0.0000	0.0000
ENSG00000232139.6	LINC00867	lncRNA	0	69	68	0.0000	0.0000	0.0000
ENSG00000232140.2	AC073257.1	lncRNA	5	2	3	0.2473	0.0724	0.0698
ENSG00000232142.1	RPS25P9	processed_pseudogene	0	0	0	0.0000	0.0000	0.0000
ENSG00000232144.1	PSAT1P2	processed_pseudogene	1	1	0	0.0874	0.0256	0.0246
ENSG00000232145.1	AC099548.1	processed_pseudogene	0	1	0	0.0000	0.0000	0.0000
ENSG00000232148.1	FMO11P	unprocessed_pseudogene	0	0	0	0.0000	0.0000	0.0000
ENSG00000232149.1	FERP1	processed_pseudogene	1	131	114	0.1071	0.0314	0.0302
ENSG00000232150.3	ST13P4	processed_pseudogene	22	10	12	1.7093	0.5007	0.4821
ENSG00000232153.3	AC012593.2	lncRNA	3	2	3	0.2128	0.0623	0.0600
ENSG00000232154.2	MTCYBP15	processed_pseudogene	0	0	0	0.0000	0.0000	0.0000
ENSG00000232155.1	AC244090.1	processed_pseudogene	0	0	0	0.0000	0.0000	0.0000
ENSG00000232158.1	C11orf98P1	processed_pseudogene	0	0	0	0.0000	0.0000	0.0000
ENSG00000232159.3	RAB9BP1	processed_pseudogene	0	0	0	0.0000	0.0000	0.0000
ENSG00000232160.7	RAP2C-AS1	lncRNA	219	167	193	3.1742	0.9298	0.8953
ENSG00000232161.1	AC023141.8	unprocessed_pseudogene	0	0	0	0.0000	0.0000	0.0000
ENSG00000232162.1	USP12-AS1	lncRNA	0	0	0	0.0000	0.0000	0.0000
ENSG00000232163.2	RPLP1P13	processed_pseudogene	0	0	0	0.0000	0.0000	0.0000
ENSG00000232164.1	LINC01873	lncRNA	4	3	1	0.2023	0.0593	0.0571
ENSG00000232165.1	AC006455.6	processed_pseudogene	0	0	0	0.0000	0.0000	0.0000
ENSG00000232166.1	AL122008.2	processed_pseudogene	0	0	0	0.0000	0.0000	0.0000
ENSG00000232167.1	AC137675.1	processed_pseudogene	0	0	0	0.0000	0.0000	0.0000
ENSG00000232168.2	P2RY10BP	unitary_pseudogene	0	0	0	0.0000	0.0000	0.0000
ENSG00000232170.6	LINC00708	lncRNA	0	0	0	0.0000	0.0000	0.0000
ENSG00000232172.1	AL359092.2	processed_pseudogene	1	0	1	0.1452	0.0425	0.0409
ENSG00000232173.2	OR2H5P	unprocessed_pseudogene	0	0	0	0.0000	0.0000	0.0000
ENSG00000232174.3	AC113340.1	processed_pseudogene	0	0	0	0.0000	0.0000	0.0000
ENSG00000232175.1	AL122003.1	processed_pseudogene	0	0	0	0.0000	0.0000	0.0000
ENSG00000232176.1	AL161909.1	processed_pseudogene	6	5	1	0.7156	0.2096	0.2018
ENSG00000232177.1	MTND4P24	processed_pseudogene	7	6	1	1.4973	0.4386	0.4223
ENSG00000232179.1	MTATP6P29	unprocessed_pseudogene	0	0	0	0.0000	0.0000	0.0000
ENSG00000232183.1	AL031386.1	lncRNA	0	0	0	0.0000	0.0000	0.0000
ENSG00000232184.1	AL662889.1	lncRNA	0	0	0	0.0000	0.0000	0.0000
ENSG00000232185.1	CNOT7P2	processed_pseudogene	0	0	0	0.0000	0.0000	0.0000
ENSG00000232186.1	TERF1P7	processed_pseudogene	7	5	2	0.4841	0.1418	0.1365
ENSG00000232187.1	FTH1P7	processed_pseudogene	169	74	95	25.9992	7.6156	7.3332
ENSG00000232188.1	AL354714.3	lncRNA	0	0	0	0.0000	0.0000	0.0000
ENSG00000232190.3	LINC02181	lncRNA	1	0	1	0.0194	0.0057	0.0055
ENSG00000232192.1	KIF26B-AS1	lncRNA	0	0	0	0.0000	0.0000	0.0000
ENSG00000232193.1	AL157359.2	lncRNA	0	0	0	0.0000	0.0000	0.0000
ENSG00000232194.1	Z99943.1	lncRNA	1	0	1	0.1183	0.0346	0.0334
ENSG00000232195.1	TOMM22P2	processed_pseudogene	0	0	0	0.0000	0.0000	0.0000
ENSG00000232196.4	MTRNR2L4	protein_coding	2	1	1	0.1005	0.0294	0.0283
ENSG00000232197.3	AL596442.1	lncRNA	0	0	0	0.0000	0.0000	0.0000
ENSG00000232198.2	MTCO2P34	processed_pseudogene	0	0	0	0.0000	0.0000	0.0000
ENSG00000232199.1	RPL3P8	processed_pseudogene	1	0	1	0.0713	0.0209	0.0201
ENSG00000232200.2	AL158090.1	lncRNA	0	0	0	0.0000	0.0000	0.0000
ENSG00000232202.1	CHORDC1P1	processed_pseudogene	6	3	3	0.5199	0.1523	0.1466
ENSG00000232203.3	SLC25A6P2	processed_pseudogene	4	2	2	0.3873	0.1135	0.1092
ENSG00000232204.1	TET1P1	processed_pseudogene	0	0	0	0.0000	0.0000	0.0000
ENSG00000232205.1	CDY18P	unprocessed_pseudogene	0	0	0	0.0000	0.0000	0.0000
ENSG00000232208.2	AL139415.1	processed_pseudogene	0	0	0	0.0000	0.0000	0.0000
ENSG00000232211.1	AL353613.1	lncRNA	0	0	0	0.0000	0.0000	0.0000
ENSG00000232212.1	LINC01701	lncRNA	0	0	0	0.0000	0.0000	0.0000
ENSG00000232215.2	OR2L6P	unprocessed_pseudogene	0	0	0	0.0000	0.0000	0.0000
ENSG00000232216.1	IGHV3-43	IG_V_gene	7	4	3	1.3697	0.4012	0.3863
ENSG00000232217.1	FTLP8	processed_pseudogene	0	0	0	0.0000	0.0000	0.0000
ENSG00000232218.1	AL021937.2	unprocessed_pseudogene	7	5	2	2.9574	0.8663	0.8342
ENSG00000232220.2	AC008440.1	lncRNA	0	738	809	0.0000	0.0000	0.0000
ENSG00000232223.1	CNN2P10	processed_pseudogene	0	0	0	0.0000	0.0000	0.0000
ENSG00000232225.6	LINC01047	lncRNA	0	0	0	0.0000	0.0000	0.0000
ENSG00000232226.2	ARSFP1	transcribed_unprocessed_pseudogene	0	0	0	0.0000	0.0000	0.0000
ENSG00000232227.5	AC013401.1	lncRNA	0	0	0	0.0000	0.0000	0.0000
ENSG00000232228.1	RPL36AP16	processed_pseudogene	1	0	1	0.2670	0.0782	0.0753
ENSG00000232229.6	LINC00865	lncRNA	7	3	5	0.1006	0.0295	0.0284
ENSG00000232230.1	TPM4P1	processed_pseudogene	1	0	1	0.1052	0.0308	0.0297
ENSG00000232233.1	LINC02043	lncRNA	3	1	2	0.1391	0.0407	0.0392
ENSG00000232234.4	AL355499.1	lncRNA	0	0	1	0.0000	0.0000	0.0000
ENSG00000232235.1	CDY3P	processed_pseudogene	0	0	0	0.0000	0.0000	0.0000
ENSG00000232237.3	ASCL5	protein_coding	0	0	0	0.0000	0.0000	0.0000
ENSG00000232238.1	RPS29P8	processed_pseudogene	0	0	0	0.0000	0.0000	0.0000
ENSG00000232239.2	RBPJP5	processed_pseudogene	0	0	0	0.0000	0.0000	0.0000
ENSG00000232240.2	AL356387.2	processed_pseudogene	0	0	0	0.0000	0.0000	0.0000
ENSG00000232241.1	DYNLT3P1	processed_pseudogene	0	0	0	0.0000	0.0000	0.0000
ENSG00000232242.2	ZYG11AP1	processed_pseudogene	0	0	0	0.0000	0.0000	0.0000
ENSG00000232245.1	AL035415.1	lncRNA	0	0	0	0.0000	0.0000	0.0000
ENSG00000232249.1	AC152007.1	unprocessed_pseudogene	1	1	0	0.3791	0.1110	0.1069
ENSG00000232252.1	AL354994.1	lncRNA	0	0	0	0.0000	0.0000	0.0000
ENSG00000232254.1	CSF2RBP1	unprocessed_pseudogene	0	0	1	0.0000	0.0000	0.0000
ENSG00000232258.6	TMEM114	protein_coding	0	0	0	0.0000	0.0000	0.0000
ENSG00000232259.1	AL158166.2	lncRNA	0	0	0	0.0000	0.0000	0.0000
ENSG00000232260.2	BTF3L4P1	processed_pseudogene	0	0	0	0.0000	0.0000	0.0000
ENSG00000232261.1	Z98751.1	unprocessed_pseudogene	0	0	0	0.0000	0.0000	0.0000
ENSG00000232263.1	KRTAP25-1	protein_coding	0	0	0	0.0000	0.0000	0.0000
ENSG00000232264.5	USP17L24	protein_coding	0	0	0	0.0000	0.0000	0.0000
ENSG00000232265.8	LINC02805	lncRNA	0	0	0	0.0000	0.0000	0.0000
ENSG00000232267.1	ACTR3P2	processed_pseudogene	2	2	0	0.1351	0.0396	0.0381
ENSG00000232268.6	OR52I1	protein_coding	0	0	0	0.0000	0.0000	0.0000
ENSG00000232271.1	AL096799.1	lncRNA	0	0	0	0.0000	0.0000	0.0000
ENSG00000232273.1	FTH1P1	processed_pseudogene	13	8	5	2.0751	0.6078	0.5853
ENSG00000232277.1	SLC30A6P1	processed_pseudogene	0	0	0	0.0000	0.0000	0.0000
ENSG00000232281.2	IFNWP15	unprocessed_pseudogene	0	0	0	0.0000	0.0000	0.0000
ENSG00000232282.1	MTND1P32	processed_pseudogene	1	1	0	0.0905	0.0265	0.0255
ENSG00000232283.1	HSD17B3-AS1	lncRNA	0	1	1	0.0000	0.0000	0.0000
ENSG00000232284.7	GNG12-AS1	lncRNA	55	87	83	1.3479	0.3948	0.3802
ENSG00000232285.1	ELOBP3	processed_pseudogene	0	0	0	0.0000	0.0000	0.0000
ENSG00000232286.1	AL121902.1	lncRNA	0	0	0	0.0000	0.0000	0.0000
ENSG00000232287.2	SLC6A1-AS1	lncRNA	2	2	0	0.2908	0.0852	0.0820
ENSG00000232290.1	AL133260.2	lncRNA	0	0	0	0.0000	0.0000	0.0000
ENSG00000232292.1	ALDH7A1P2	processed_pseudogene	0	0	0	0.0000	0.0000	0.0000
ENSG00000232293.2	PAICSP7	processed_pseudogene	0	0	0	0.0000	0.0000	0.0000
ENSG00000232294.6	AL031674.1	lncRNA	9	5	4	0.2321	0.0680	0.0655
ENSG00000232295.7	AL589935.1	lncRNA	3	27	20	0.0493	0.0144	0.0139
ENSG00000232296.1	AL691482.1	processed_pseudogene	0	0	0	0.0000	0.0000	0.0000
ENSG00000232298.2	GRHL3-AS1	lncRNA	2	1	1	0.1984	0.0581	0.0560
ENSG00000232299.1	AL357514.1	lncRNA	0	0	0	0.0000	0.0000	0.0000
ENSG00000232300.1	FAM215B	lncRNA	2	1	1	0.0778	0.0228	0.0219
ENSG00000232301.2	LNCPRESS1	lncRNA	0	0	0	0.0000	0.0000	0.0000
ENSG00000232303.2	DFFBP1	processed_pseudogene	0	10	8	0.0000	0.0000	0.0000
ENSG00000232305.1	CLCP1	processed_pseudogene	0	0	0	0.0000	0.0000	0.0000
ENSG00000232306.2	AC012485.2	lncRNA	0	0	0	0.0000	0.0000	0.0000
ENSG00000232307.1	DAOA-AS1	lncRNA	0	0	0	0.0000	0.0000	0.0000
ENSG00000232309.2	AL390856.1	lncRNA	0	0	0	0.0000	0.0000	0.0000
ENSG00000232310.8	AL078590.2	lncRNA	2676	1344	1332	49.9664	14.6359	14.0933
ENSG00000232314.1	PSMC1P13	processed_pseudogene	0	0	0	0.0000	0.0000	0.0000
ENSG00000232316.2	LINC02518	lncRNA	0	0	0	0.0000	0.0000	0.0000
ENSG00000232320.6	MXRA7P1	processed_pseudogene	12	1	11	1.9942	0.5841	0.5625
ENSG00000232325.4	AC093627.1	lncRNA	0	0	0	0.0000	0.0000	0.0000
ENSG00000232327.4	AC105917.1	processed_pseudogene	0	0	0	0.0000	0.0000	0.0000
ENSG00000232328.3	AC084030.1	lncRNA	0	0	0	0.0000	0.0000	0.0000
ENSG00000232332.1	ARL5AP5	processed_pseudogene	1	0	1	0.1948	0.0571	0.0549
ENSG00000232333.1	RPS27AP2	processed_pseudogene	2	2	0	0.3652	0.1070	0.1030
ENSG00000232334.1	AL683842.1	processed_pseudogene	0	0	0	0.0000	0.0000	0.0000
ENSG00000232335.1	AL354864.1	lncRNA	0	41	41	0.0000	0.0000	0.0000
ENSG00000232337.1	AC009313.1	processed_pseudogene	0	0	0	0.0000	0.0000	0.0000
ENSG00000232341.2	RPL4P2	processed_pseudogene	4	1	3	0.2650	0.0776	0.0747
ENSG00000232342.7	AC022540.1	lncRNA	3	4	7	0.2071	0.0607	0.0584
ENSG00000232344.2	AC087163.1	processed_pseudogene	4	0	4	0.3982	0.1166	0.1123
ENSG00000232346.1	Z74021.1	processed_pseudogene	38	22	16	7.9287	2.3224	2.2363
ENSG00000232347.1	AL390728.5	lncRNA	0	0	0	0.0000	0.0000	0.0000
ENSG00000232349.2	YBX1P7	processed_pseudogene	0	0	0	0.0000	0.0000	0.0000
ENSG00000232350.1	AC244250.2	unprocessed_pseudogene	1	0	1	0.5738	0.1681	0.1618
ENSG00000232352.1	SEMA3B-AS1	lncRNA	0	0	0	0.0000	0.0000	0.0000
ENSG00000232353.5	AC026320.1	lncRNA	11	8	3	1.0345	0.3030	0.2918
ENSG00000232354.8	VIPR1-AS1	lncRNA	0	0	1	0.0000	0.0000	0.0000
ENSG00000232355.2	AL603650.1	unprocessed_pseudogene	0	0	0	0.0000	0.0000	0.0000
ENSG00000232358.1	AL050404.1	lncRNA	0	11	5	0.0000	0.0000	0.0000
ENSG00000232359.1	AC104777.1	lncRNA	0	0	0	0.0000	0.0000	0.0000
ENSG00000232360.1	AP000281.2	lncRNA	0	0	0	0.0000	0.0000	0.0000
ENSG00000232361.3	AC069304.1	processed_pseudogene	0	0	0	0.0000	0.0000	0.0000
ENSG00000232362.1	ATP5MGP2	processed_pseudogene	2	1	1	0.5461	0.1600	0.1540
ENSG00000232363.1	AL021391.1	lncRNA	5	1	4	0.7791	0.2282	0.2197
ENSG00000232366.1	VDAC1P9	processed_pseudogene	2	1	1	0.2020	0.0592	0.0570
ENSG00000232368.1	FTLP2	processed_pseudogene	45	24	21	7.2375	2.1200	2.0414
ENSG00000232369.1	PPIAP35	processed_pseudogene	10	10	10	1.7260	0.5056	0.4868
ENSG00000232370.1	BAG1P1	processed_pseudogene	0	0	0	0.0000	0.0000	0.0000
ENSG00000232373.2	MTCYBP3	processed_pseudogene	0	0	0	0.0000	0.0000	0.0000
ENSG00000232374.5	GPR79	processed_pseudogene	0	0	0	0.0000	0.0000	0.0000
ENSG00000232375.1	AC092042.2	unprocessed_pseudogene	0	0	0	0.0000	0.0000	0.0000
ENSG00000232377.1	AC016910.1	lncRNA	0	1	3	0.0000	0.0000	0.0000
ENSG00000232378.1	RPL29P28	processed_pseudogene	0	0	0	0.0000	0.0000	0.0000
ENSG00000232379.1	RPL22P23	processed_pseudogene	0	0	0	0.0000	0.0000	0.0000
ENSG00000232380.1	ZDHHC20P4	processed_pseudogene	1	1	0	0.0843	0.0247	0.0238
ENSG00000232381.1	OR52U1P	unprocessed_pseudogene	0	0	0	0.0000	0.0000	0.0000
ENSG00000232382.2	OR5K1	protein_coding	0	0	0	0.0000	0.0000	0.0000
ENSG00000232383.1	AC010677.1	processed_pseudogene	1	0	1	0.2061	0.0604	0.0581
ENSG00000232385.2	RPS3AP25	processed_pseudogene	12	10	2	1.2851	0.3764	0.3625
ENSG00000232386.9	AC015712.1	lncRNA	8	3	5	0.4593	0.1345	0.1296
ENSG00000232387.2	SKA2P1	processed_pseudogene	12	8	4	2.6129	0.7654	0.7370
ENSG00000232388.5	SMIM26	protein_coding	310	164	146	23.9757	7.0229	6.7625
ENSG00000232389.1	AL583856.1	processed_pseudogene	5	4	1	0.3857	0.1130	0.1088
ENSG00000232390.3	NDUFA5P1	processed_pseudogene	0	0	0	0.0000	0.0000	0.0000
ENSG00000232391.1	RANP2	processed_pseudogene	2	1	1	0.7417	0.2172	0.2092
ENSG00000232392.1	GOT2P7	processed_pseudogene	0	0	0	0.0000	0.0000	0.0000
ENSG00000232393.1	RPL5P6	processed_pseudogene	0	0	0	0.0000	0.0000	0.0000
ENSG00000232394.1	AC090696.1	lncRNA	0	0	0	0.0000	0.0000	0.0000
ENSG00000232395.1	AL138830.2	lncRNA	0	0	0	0.0000	0.0000	0.0000
ENSG00000232396.2	AC004882.1	lncRNA	0	0	0	0.0000	0.0000	0.0000
ENSG00000232398.1	TMPRSS11CP	unprocessed_pseudogene	4	1	3	0.4973	0.1457	0.1403
ENSG00000232399.4	USP17L13	protein_coding	0	0	0	0.0000	0.0000	0.0000
ENSG00000232400.1	RAD17P1	processed_pseudogene	1	0	1	0.0416	0.0122	0.0117
ENSG00000232401.2	LINC00112	lncRNA	0	0	0	0.0000	0.0000	0.0000
ENSG00000232403.1	RPL27P5	processed_pseudogene	0	0	0	0.0000	0.0000	0.0000
ENSG00000232406.7	AL121895.1	lncRNA	1	0	1	0.0200	0.0059	0.0056
ENSG00000232407.3	PPIAP70	processed_pseudogene	3	2	1	0.5147	0.1508	0.1452
ENSG00000232408.1	AC140481.2	lncRNA	0	0	0	0.0000	0.0000	0.0000
ENSG00000232409.1	AC019185.2	processed_pseudogene	0	0	0	0.0000	0.0000	0.0000
ENSG00000232411.1	AC009495.2	lncRNA	29	9	20	4.8670	1.4256	1.3728
ENSG00000232412.1	AL121601.1	lncRNA	1	1	1	0.2605	0.0763	0.0735
ENSG00000232413.1	AL589923.1	lncRNA	0	0	0	0.0000	0.0000	0.0000
ENSG00000232415.1	ELN-AS1	lncRNA	3	34	35	0.4789	0.1403	0.1351
ENSG00000232416.3	BPESC1	lncRNA	0	0	0	0.0000	0.0000	0.0000
ENSG00000232418.1	AC074348.1	processed_pseudogene	0	0	0	0.0000	0.0000	0.0000
ENSG00000232419.1	TTTY19	lncRNA	0	0	0	0.0000	0.0000	0.0000
ENSG00000232420.2	IL9RP2	unprocessed_pseudogene	0	0	0	0.0000	0.0000	0.0000
ENSG00000232422.1	KNOP1P4	processed_pseudogene	0	0	0	0.0000	0.0000	0.0000
ENSG00000232423.6	PRAMEF6	protein_coding	0	0	0	0.0000	0.0000	0.0000
ENSG00000232424.1	USP9YP29	unprocessed_pseudogene	0	0	0	0.0000	0.0000	0.0000
ENSG00000232429.3	RPL21P131	processed_pseudogene	1	0	1	0.1758	0.0515	0.0496
ENSG00000232430.1	RPL31P15	processed_pseudogene	0	0	0	0.0000	0.0000	0.0000
ENSG00000232431.3	AC055876.1	transcribed_unprocessed_pseudogene	0	0	0	0.0000	0.0000	0.0000
ENSG00000232433.2	GXYLT1P3	processed_pseudogene	0	0	0	0.0000	0.0000	0.0000
ENSG00000232434.2	AJM1	protein_coding	338	180	158	6.5428	1.9165	1.8454
ENSG00000232436.1	AL360013.2	lncRNA	0	0	0	0.0000	0.0000	0.0000
ENSG00000232437.1	RPS26P42	processed_pseudogene	0	0	0	0.0000	0.0000	0.0000
ENSG00000232439.1	RPL18AP7	processed_pseudogene	3	3	0	0.4862	0.1424	0.1371
ENSG00000232442.1	MHENCR	lncRNA	53	26	27	5.6190	1.6459	1.5849
ENSG00000232444.1	AC010745.4	lncRNA	0	0	0	0.0000	0.0000	0.0000
ENSG00000232445.2	EMSLR	lncRNA	3	78	66	0.0545	0.0160	0.0154
ENSG00000232446.1	AC129850.1	unprocessed_pseudogene	0	0	0	0.0000	0.0000	0.0000
ENSG00000232447.1	MTND5P3	processed_pseudogene	0	0	0	0.0000	0.0000	0.0000
ENSG00000232448.2	AL354824.2	lncRNA	0	0	0	0.0000	0.0000	0.0000
ENSG00000232450.1	AL133517.1	transcribed_processed_pseudogene	7	3	4	0.7947	0.2328	0.2242
ENSG00000232451.2	AC018467.1	lncRNA	0	0	0	0.0000	0.0000	0.0000
ENSG00000232453.7	LINC02777	lncRNA	53	21	32	2.1764	0.6375	0.6139
ENSG00000232454.2	AL138752.1	processed_pseudogene	3	1	2	0.7258	0.2126	0.2047
ENSG00000232455.2	LARS2-AS1	lncRNA	0	0	1	0.0000	0.0000	0.0000
ENSG00000232456.1	AL355994.2	unprocessed_pseudogene	0	0	0	0.0000	0.0000	0.0000
ENSG00000232457.4	SLC16A6P1	transcribed_unprocessed_pseudogene	0	0	0	0.0000	0.0000	0.0000
ENSG00000232458.1	LINC01450	lncRNA	0	0	0	0.0000	0.0000	0.0000
ENSG00000232459.1	OR4F14P	unprocessed_pseudogene	0	0	0	0.0000	0.0000	0.0000
ENSG00000232460.4	BMPR1AP2	processed_pseudogene	7	6	1	0.5874	0.1721	0.1657
ENSG00000232463.1	AL359265.2	processed_pseudogene	1	0	1	0.1346	0.0394	0.0380
ENSG00000232464.1	Z98949.2	lncRNA	0	0	0	0.0000	0.0000	0.0000
ENSG00000232465.1	AL049765.1	lncRNA	0	0	0	0.0000	0.0000	0.0000
ENSG00000232466.1	H3P31	processed_pseudogene	0	0	0	0.0000	0.0000	0.0000
ENSG00000232467.2	TMA16P2	processed_pseudogene	0	0	0	0.0000	0.0000	0.0000
ENSG00000232470.1	AL136368.1	lncRNA	2	8	7	0.4235	0.1241	0.1195
ENSG00000232471.3	AC119751.1	unprocessed_pseudogene	6	1	6	0.6660	0.1951	0.1879
ENSG00000232472.1	EEF1B2P3	processed_pseudogene	72	40	32	9.0181	2.6415	2.5436
ENSG00000232474.1	NCKAP5-IT1	lncRNA	0	0	0	0.0000	0.0000	0.0000
ENSG00000232475.1	HSFY5P	unprocessed_pseudogene	0	0	0	0.0000	0.0000	0.0000
ENSG00000232479.2	KRT8P52	processed_pseudogene	4	3	2	0.2621	0.0768	0.0739
ENSG00000232480.1	TGFB2-AS1	lncRNA	0	1	0	0.0000	0.0000	0.0000
ENSG00000232482.2	AL357134.1	processed_pseudogene	0	0	0	0.0000	0.0000	0.0000
ENSG00000232485.3	RPL37A-DT	lncRNA	57	36	29	2.6052	0.7631	0.7348
ENSG00000232486.1	DEPDC1P2	processed_pseudogene	0	0	0	0.0000	0.0000	0.0000
ENSG00000232487.1	RASA3-IT1	lncRNA	0	0	0	0.0000	0.0000	0.0000
ENSG00000232489.1	MFAP1P1	processed_pseudogene	2	0	2	0.1353	0.0396	0.0382
ENSG00000232490.6	OSBPL10-AS1	lncRNA	0	0	0	0.0000	0.0000	0.0000
ENSG00000232491.1	SAPCD2P3	processed_pseudogene	0	0	0	0.0000	0.0000	0.0000
ENSG00000232492.1	NPM1P13	processed_pseudogene	0	0	0	0.0000	0.0000	0.0000
ENSG00000232493.2	RPL12P11	processed_pseudogene	2	2	0	0.3390	0.0993	0.0956
ENSG00000232494.1	AL161912.1	lncRNA	0	0	0	0.0000	0.0000	0.0000
ENSG00000232496.2	RPL3P12	processed_pseudogene	3	2	1	0.2109	0.0618	0.0595
ENSG00000232497.1	ADIPOR1P1	processed_pseudogene	0	0	0	0.0000	0.0000	0.0000
ENSG00000232499.2	AL391058.1	processed_pseudogene	8	4	4	0.6602	0.1934	0.1862
ENSG00000232500.2	AP005273.1	lncRNA	0	0	0	0.0000	0.0000	0.0000
ENSG00000232502.1	AC073464.1	processed_pseudogene	0	0	0	0.0000	0.0000	0.0000
ENSG00000232503.1	CYCSP8	processed_pseudogene	0	0	0	0.0000	0.0000	0.0000
ENSG00000232504.5	ST3GAL5-AS1	lncRNA	34	23	11	2.7035	0.7919	0.7625
ENSG00000232508.1	MRPL45P1	processed_pseudogene	0	0	0	0.0000	0.0000	0.0000
ENSG00000232511.4	OR2AH1P	transcribed_unprocessed_pseudogene	0	0	0	0.0000	0.0000	0.0000
ENSG00000232512.6	AP000233.2	lncRNA	0	0	0	0.0000	0.0000	0.0000
ENSG00000232514.1	AL356968.1	processed_pseudogene	0	0	0	0.0000	0.0000	0.0000
ENSG00000232515.1	AC245060.1	unprocessed_pseudogene	0	0	0	0.0000	0.0000	0.0000
ENSG00000232517.2	CSPG4BP	unitary_pseudogene	5	2	3	0.0607	0.0178	0.0171
ENSG00000232518.3	AC074366.1	lncRNA	0	0	0	0.0000	0.0000	0.0000
ENSG00000232519.2	AL353807.2	lncRNA	2	1	2	0.7720	0.2261	0.2177
ENSG00000232520.2	GCSIR	lncRNA	45	30	29	0.9064	0.2655	0.2557
ENSG00000232522.1	ZNF886P	unprocessed_pseudogene	0	0	0	0.0000	0.0000	0.0000
ENSG00000232524.1	AC073323.1	lncRNA	0	0	0	0.0000	0.0000	0.0000
ENSG00000232525.1	SS18L2P1	processed_pseudogene	0	0	0	0.0000	0.0000	0.0000
ENSG00000232526.1	VDAC1P13	processed_pseudogene	0	0	0	0.0000	0.0000	0.0000
ENSG00000232527.8	LINC02802	lncRNA	2	2	0	0.1934	0.0567	0.0546
ENSG00000232528.3	AL109809.1	transcribed_unitary_pseudogene	2	2	0	0.1086	0.0318	0.0306
ENSG00000232529.1	AL031773.1	lncRNA	0	0	0	0.0000	0.0000	0.0000
ENSG00000232530.1	LIF-AS1	lncRNA	1	16	12	0.1051	0.0308	0.0296
ENSG00000232531.3	KMT5AP2	processed_pseudogene	1	0	1	0.0811	0.0238	0.0229
ENSG00000232533.1	AC093673.1	lncRNA	293	146	147	38.3977	11.2473	10.8303
ENSG00000232535.2	OR5H8	polymorphic_pseudogene	0	0	0	0.0000	0.0000	0.0000
ENSG00000232536.1	AL365436.2	lncRNA	2	0	2	0.3229	0.0946	0.0911
ENSG00000232537.2	AC092810.2	lncRNA	0	0	0	0.0000	0.0000	0.0000
ENSG00000232539.1	LINC00945	lncRNA	9	4	5	1.0150	0.2973	0.2863
ENSG00000232540.1	RPL36P19	processed_pseudogene	0	0	0	0.0000	0.0000	0.0000
ENSG00000232542.1	DPYD-IT1	lncRNA	0	0	0	0.0000	0.0000	0.0000
ENSG00000232543.2	IGHD4-11	IG_D_gene	0	0	0	0.0000	0.0000	0.0000
ENSG00000232545.1	AC253536.3	lncRNA	13	8	5	1.9784	0.5795	0.5580
ENSG00000232546.1	AC027644.1	unprocessed_pseudogene	6	2	4	1.7098	0.5008	0.4823
ENSG00000232548.1	LINC01809	lncRNA	0	0	0	0.0000	0.0000	0.0000
ENSG00000232549.1	SRD5A1P1	processed_pseudogene	0	0	0	0.0000	0.0000	0.0000
ENSG00000232551.2	MTCO1P14	processed_pseudogene	1	1	0	0.0545	0.0160	0.0154
ENSG00000232553.3	CLK2P1	processed_pseudogene	3	1	2	0.1969	0.0577	0.0555
ENSG00000232554.9	RSU1P2	transcribed_unprocessed_pseudogene	0	0	0	0.0000	0.0000	0.0000
ENSG00000232555.2	AC104088.1	lncRNA	0	0	0	0.0000	0.0000	0.0000
ENSG00000232556.1	PRCPP1	processed_pseudogene	0	0	0	0.0000	0.0000	0.0000
ENSG00000232557.3	AL590609.2	lncRNA	0	0	0	0.0000	0.0000	0.0000
ENSG00000232558.1	KCND3-IT1	lncRNA	0	0	0	0.0000	0.0000	0.0000
ENSG00000232560.7	LINC01549	lncRNA	8	1	7	0.3992	0.1169	0.1126
ENSG00000232562.1	TPMTP3	processed_pseudogene	0	0	0	0.0000	0.0000	0.0000
ENSG00000232563.1	CRB3P1	processed_pseudogene	0	0	0	0.0000	0.0000	0.0000
ENSG00000232564.3	MRTFA-AS1	lncRNA	0	0	1	0.0000	0.0000	0.0000
ENSG00000232568.2	RPL23AP35	processed_pseudogene	1	1	0	0.1695	0.0496	0.0478
ENSG00000232573.1	RPL3P4	processed_pseudogene	854	414	448	171.4470	50.2195	48.3576
ENSG00000232576.2	AL645638.1	processed_pseudogene	0	0	0	0.0000	0.0000	0.0000
ENSG00000232578.4	AC093311.1	processed_pseudogene	1	1	0	0.0420	0.0123	0.0119
ENSG00000232579.1	MTCO1P27	unprocessed_pseudogene	0	0	0	0.0000	0.0000	0.0000
ENSG00000232581.1	AC079742.1	lncRNA	0	312	338	0.0000	0.0000	0.0000
ENSG00000232582.1	AC234771.3	processed_pseudogene	0	0	0	0.0000	0.0000	0.0000
ENSG00000232583.1	GPR143P	unprocessed_pseudogene	0	0	0	0.0000	0.0000	0.0000
ENSG00000232585.1	OFD1P12Y	unprocessed_pseudogene	0	0	0	0.0000	0.0000	0.0000
ENSG00000232586.1	KIAA1614-AS1	lncRNA	4	53	51	0.2359	0.0691	0.0665
ENSG00000232587.1	EEF1A1P3	processed_pseudogene	20	12	8	1.2263	0.3592	0.3459
ENSG00000232590.1	AL451127.1	lncRNA	0	0	0	0.0000	0.0000	0.0000
ENSG00000232591.2	LINC02642	lncRNA	1	0	1	0.0284	0.0083	0.0080
ENSG00000232593.7	KANTR	protein_coding	231	126	113	1.9761	0.5788	0.5574
ENSG00000232594.1	AC103563.4	unprocessed_pseudogene	1	0	1	0.2308	0.0676	0.0651
ENSG00000232595.1	CST2P1	unprocessed_pseudogene	0	0	0	0.0000	0.0000	0.0000
ENSG00000232596.3	LINC01646	lncRNA	0	0	0	0.0000	0.0000	0.0000
ENSG00000232597.6	AC013727.1	lncRNA	0	0	0	0.0000	0.0000	0.0000
ENSG00000232598.2	AL122034.1	lncRNA	0	0	0	0.0000	0.0000	0.0000
ENSG00000232599.1	AL008707.1	processed_pseudogene	0	0	0	0.0000	0.0000	0.0000
ENSG00000232600.3	TONSL-AS1	lncRNA	1	35	33	0.1984	0.0581	0.0560
ENSG00000232601.1	ANAPC15P2	processed_pseudogene	0	0	0	0.0000	0.0000	0.0000
ENSG00000232603.1	AC245291.3	unprocessed_pseudogene	0	0	0	0.0000	0.0000	0.0000
ENSG00000232604.1	AC010967.2	lncRNA	0	0	0	0.0000	0.0000	0.0000
ENSG00000232605.2	HMGN2P11	processed_pseudogene	1	0	1	0.2107	0.0617	0.0594
ENSG00000232606.2	LINC01412	lncRNA	1	0	1	0.1420	0.0416	0.0401
ENSG00000232608.1	TIMM9P2	processed_pseudogene	1	1	0	0.3192	0.0935	0.0900
ENSG00000232610.1	CCT6P4	processed_pseudogene	1	1	0	0.0534	0.0157	0.0151
ENSG00000232611.1	AL683813.1	lncRNA	23	14	10	0.6472	0.1896	0.1825
ENSG00000232612.1	RPL31P35	processed_pseudogene	2	2	0	0.4505	0.1320	0.1271
ENSG00000232613.6	LINC02576	lncRNA	5	1	4	0.3748	0.1098	0.1057
ENSG00000232614.1	USP9YP9	unprocessed_pseudogene	0	0	0	0.0000	0.0000	0.0000
ENSG00000232615.4	AC026412.2	processed_pseudogene	3	1	2	0.2370	0.0694	0.0668
ENSG00000232617.1	AC017019.1	unprocessed_pseudogene	0	0	0	0.0000	0.0000	0.0000
ENSG00000232618.2	AL355304.1	lncRNA	1	1	0	0.0260	0.0076	0.0073
ENSG00000232620.1	TSPY17P	unprocessed_pseudogene	0	0	0	0.0000	0.0000	0.0000
ENSG00000232621.1	C4BPAP2	unprocessed_pseudogene	3	0	3	0.5330	0.1561	0.1503
ENSG00000232622.1	AC114482.1	processed_pseudogene	0	0	0	0.0000	0.0000	0.0000
ENSG00000232623.1	MRAP-AS1	lncRNA	2	2	0	0.2918	0.0855	0.0823
ENSG00000232624.8	LINC01517	lncRNA	12	7	5	0.1176	0.0344	0.0332
ENSG00000232625.1	RPL23AP31	processed_pseudogene	9	6	3	1.6366	0.4794	0.4616
ENSG00000232626.3	AC099336.1	transcribed_processed_pseudogene	2	1	1	0.1087	0.0318	0.0307
ENSG00000232627.1	AC021876.1	processed_pseudogene	0	0	0	0.0000	0.0000	0.0000
ENSG00000232628.6	AC092809.2	lncRNA	0	0	0	0.0000	0.0000	0.0000
ENSG00000232629.9	HLA-DQB2	protein_coding	864	412	452	36.2148	10.6079	10.2146
ENSG00000232630.1	PRPS1P2	processed_pseudogene	8	5	4	0.7250	0.2124	0.2045
ENSG00000232631.1	MTND2P23	processed_pseudogene	0	0	0	0.0000	0.0000	0.0000
ENSG00000232633.4	AC079465.1	lncRNA	1	1	1	0.0202	0.0059	0.0057
ENSG00000232634.1	NEFLP1	processed_pseudogene	0	0	0	0.0000	0.0000	0.0000
ENSG00000232636.2	AL360267.1	lncRNA	0	0	0	0.0000	0.0000	0.0000
ENSG00000232638.1	AL390294.1	lncRNA	0	1	1	0.0000	0.0000	0.0000
ENSG00000232640.1	AL354892.2	lncRNA	8	2	6	1.6858	0.4938	0.4755
ENSG00000232642.2	AC008073.2	lncRNA	3	2	1	0.2141	0.0627	0.0604
ENSG00000232643.2	LINC00385	lncRNA	0	0	0	0.0000	0.0000	0.0000
ENSG00000232644.1	AC005297.2	unprocessed_pseudogene	0	0	0	0.0000	0.0000	0.0000
ENSG00000232645.5	LINC01431	lncRNA	3	2	1	0.3029	0.0887	0.0854
ENSG00000232646.1	AL731563.1	processed_pseudogene	0	0	0	0.0000	0.0000	0.0000
ENSG00000232647.1	POLR3KP1	processed_pseudogene	0	0	0	0.0000	0.0000	0.0000
ENSG00000232648.4	AC107214.1	lncRNA	11	6	5	0.5099	0.1494	0.1438
ENSG00000232650.6	LINC01780	lncRNA	9	3	7	0.5002	0.1465	0.1411
ENSG00000232653.8	GOLGA8N	protein_coding	10	5	10	0.1117	0.0327	0.0315
ENSG00000232654.1	FAM136BP	processed_pseudogene	3	2	1	0.6109	0.1790	0.1723
ENSG00000232655.1	LINC01656	lncRNA	0	0	0	0.0000	0.0000	0.0000
ENSG00000232656.8	IDI2-AS1	lncRNA	144	604	588	3.6525	1.0699	1.0302
ENSG00000232658.1	SLC44A3P1	processed_pseudogene	0	0	0	0.0000	0.0000	0.0000
ENSG00000232661.1	CFTR-AS1	lncRNA	0	0	0	0.0000	0.0000	0.0000
ENSG00000232662.2	LDHBP1	processed_pseudogene	1	0	1	0.0759	0.0222	0.0214
ENSG00000232663.2	AL139415.2	processed_pseudogene	0	0	0	0.0000	0.0000	0.0000
ENSG00000232664.2	LARP1BP3	processed_pseudogene	0	0	0	0.0000	0.0000	0.0000
ENSG00000232665.2	PHBP10	processed_pseudogene	2	0	2	0.2166	0.0635	0.0611
ENSG00000232667.10	AC004862.1	lncRNA	0	0	0	0.0000	0.0000	0.0000
ENSG00000232668.1	AC010967.3	processed_pseudogene	0	0	0	0.0000	0.0000	0.0000
ENSG00000232671.6	ZNF687-AS1	lncRNA	3	9	10	0.2576	0.0755	0.0727
ENSG00000232672.1	ACTG1P21	processed_pseudogene	2	2	0	0.1698	0.0497	0.0479
ENSG00000232675.7	AL121830.1	lncRNA	0	1	2	0.0000	0.0000	0.0000
ENSG00000232676.1	ADH5P2	processed_pseudogene	0	0	0	0.0000	0.0000	0.0000
ENSG00000232677.9	LINC00665	lncRNA	219	106	113	1.5285	0.4477	0.4311
ENSG00000232678.2	SPTLC1P4	processed_pseudogene	0	0	0	0.0000	0.0000	0.0000
ENSG00000232679.2	LINC01705	lncRNA	4263	2120	2144	190.9366	55.9283	53.8548
ENSG00000232680.2	AC002511.1	lncRNA	0	0	0	0.0000	0.0000	0.0000
ENSG00000232682.2	AL592430.1	lncRNA	1	1	2	0.0528	0.0155	0.0149
ENSG00000232684.1	ATP11A-AS1	lncRNA	0	0	0	0.0000	0.0000	0.0000
ENSG00000232685.5	LINC00442	lncRNA	0	0	0	0.0000	0.0000	0.0000
ENSG00000232687.1	RPL12P9	processed_pseudogene	0	0	0	0.0000	0.0000	0.0000
ENSG00000232688.2	LINC01628	lncRNA	0	0	0	0.0000	0.0000	0.0000
ENSG00000232690.1	HSPE1P9	unprocessed_pseudogene	0	0	0	0.0000	0.0000	0.0000
ENSG00000232692.1	AP001596.1	lncRNA	0	0	0	0.0000	0.0000	0.0000
ENSG00000232693.2	AC012370.1	lncRNA	1	1	0	0.1602	0.0469	0.0452
ENSG00000232695.1	ELOCP17	processed_pseudogene	0	0	0	0.0000	0.0000	0.0000
ENSG00000232696.1	AC017006.2	lncRNA	0	0	0	0.0000	0.0000	0.0000
ENSG00000232699.3	BDH2P1	processed_pseudogene	0	0	0	0.0000	0.0000	0.0000
ENSG00000232701.1	RPL21P108	processed_pseudogene	0	0	0	0.0000	0.0000	0.0000
ENSG00000232702.3	AL158050.1	processed_pseudogene	4	1	3	0.7433	0.2177	0.2096
ENSG00000232706.3	NUTM2HP	unprocessed_pseudogene	0	0	0	0.0000	0.0000	0.0000
ENSG00000232707.1	AP1B1P2	unprocessed_pseudogene	0	0	0	0.0000	0.0000	0.0000
ENSG00000232709.1	MARK2P9	processed_pseudogene	2	1	1	0.0983	0.0288	0.0277
ENSG00000232710.1	AC254562.2	lncRNA	0	1	0	0.0000	0.0000	0.0000
ENSG00000232712.6	KIZ-AS1	lncRNA	0	0	0	0.0000	0.0000	0.0000
ENSG00000232713.2	RPS12P3	processed_pseudogene	6	2	4	1.2706	0.3722	0.3584
ENSG00000232714.1	MTND3P8	processed_pseudogene	0	0	0	0.0000	0.0000	0.0000
ENSG00000232715.1	LINC01022	lncRNA	0	0	0	0.0000	0.0000	0.0000
ENSG00000232716.2	AC016831.3	processed_pseudogene	1	0	1	0.0493	0.0144	0.0139
ENSG00000232717.2	TRIM51JP	unprocessed_pseudogene	0	0	0	0.0000	0.0000	0.0000
ENSG00000232718.1	GAPDHP48	processed_pseudogene	0	0	0	0.0000	0.0000	0.0000
ENSG00000232719.1	AC007272.1	lncRNA	2	1	1	0.1338	0.0392	0.0377
ENSG00000232721.2	AC239800.2	lncRNA	0	0	0	0.0000	0.0000	0.0000
ENSG00000232722.3	MROH4P	transcribed_unitary_pseudogene	0	0	0	0.0000	0.0000	0.0000
ENSG00000232723.1	RPS17P7	processed_pseudogene	0	0	0	0.0000	0.0000	0.0000
ENSG00000232724.1	TRIM80P	unitary_pseudogene	0	1	0	0.0000	0.0000	0.0000
ENSG00000232725.1	U52111.1	lncRNA	70	44	50	5.4687	1.6019	1.5425
ENSG00000232727.2	YWHAEP1	processed_pseudogene	4	3	2	0.4452	0.1304	0.1256
ENSG00000232728.1	PHB2P1	processed_pseudogene	0	0	0	0.0000	0.0000	0.0000
ENSG00000232729.8	AC211433.1	lncRNA	3	743	766	0.0872	0.0255	0.0246
ENSG00000232730.1	FAM8A4P	processed_pseudogene	0	0	0	0.0000	0.0000	0.0000
ENSG00000232732.11	AC097717.1	lncRNA	1	1	1	0.0124	0.0036	0.0035
ENSG00000232734.1	ATP5MC1P7	processed_pseudogene	2	1	1	0.4246	0.1244	0.1198
ENSG00000232735.2	ATG4AP1	processed_pseudogene	0	0	0	0.0000	0.0000	0.0000
ENSG00000232736.1	AC007551.1	processed_pseudogene	1	1	0	0.1636	0.0479	0.0462
ENSG00000232738.1	AL353612.1	lncRNA	0	0	0	0.0000	0.0000	0.0000
ENSG00000232739.1	AL607028.1	lncRNA	0	0	0	0.0000	0.0000	0.0000
ENSG00000232740.1	LINC01826	lncRNA	0	0	0	0.0000	0.0000	0.0000
ENSG00000232742.3	RHOQP2	processed_pseudogene	135	60	84	19.8001	5.7998	5.5847
ENSG00000232743.2	ELF2P3	processed_pseudogene	0	0	0	0.0000	0.0000	0.0000
ENSG00000232744.1	USP9YP16	unprocessed_pseudogene	0	0	0	0.0000	0.0000	0.0000
ENSG00000232746.1	LINC02022	lncRNA	0	0	0	0.0000	0.0000	0.0000
ENSG00000232747.2	IGKV1D-35	IG_V_pseudogene	0	0	0	0.0000	0.0000	0.0000
ENSG00000232748.3	AC135050.1	lncRNA	14	293	327	0.3309	0.0969	0.0933
ENSG00000232749.2	AL162726.4	lncRNA	0	0	0	0.0000	0.0000	0.0000
ENSG00000232750.2	AL139132.1	processed_pseudogene	2	1	1	0.4937	0.1446	0.1393
ENSG00000232751.1	AL645568.2	processed_pseudogene	0	0	0	0.0000	0.0000	0.0000
ENSG00000232752.1	MTCO3P21	unprocessed_pseudogene	0	0	0	0.0000	0.0000	0.0000
ENSG00000232754.1	AL035658.1	lncRNA	1	53	72	0.2379	0.0697	0.0671
ENSG00000232756.1	AC004990.1	lncRNA	16	4	12	0.5913	0.1732	0.1668
ENSG00000232757.1	ETF1P1	processed_pseudogene	3	3	0	0.2589	0.0758	0.0730
ENSG00000232759.1	AC002480.1	lncRNA	10	15	13	0.3492	0.1023	0.0985
ENSG00000232760.1	AC103564.2	unprocessed_pseudogene	2	1	1	0.1307	0.0383	0.0369
ENSG00000232762.1	AL355483.2	lncRNA	1	0	1	0.1129	0.0331	0.0319
ENSG00000232764.1	TRIM60P8Y	processed_pseudogene	0	0	0	0.0000	0.0000	0.0000
ENSG00000232765.6	AL158819.1	transcribed_unprocessed_pseudogene	0	0	0	0.0000	0.0000	0.0000
ENSG00000232766.1	KIAA1143P2	processed_pseudogene	0	0	0	0.0000	0.0000	0.0000
ENSG00000232767.2	AC016825.1	lncRNA	0	312	327	0.0000	0.0000	0.0000
ENSG00000232768.1	AL356320.1	processed_pseudogene	0	0	0	0.0000	0.0000	0.0000
ENSG00000232771.2	PPP1R26P5	processed_pseudogene	0	0	0	0.0000	0.0000	0.0000
ENSG00000232772.1	MTND4P22	processed_pseudogene	0	0	0	0.0000	0.0000	0.0000
ENSG00000232773.2	DEFB130D	unprocessed_pseudogene	0	0	0	0.0000	0.0000	0.0000
ENSG00000232774.8	AL355916.1	lncRNA	11	7	6	0.3265	0.0956	0.0921
ENSG00000232775.6	BMS1P22	transcribed_unprocessed_pseudogene	4	2	2	0.2161	0.0633	0.0609
ENSG00000232777.1	MRPL51P2	processed_pseudogene	0	0	0	0.0000	0.0000	0.0000
ENSG00000232778.1	RPL23AP50	processed_pseudogene	0	0	0	0.0000	0.0000	0.0000
ENSG00000232780.2	GAPDHP74	transcribed_processed_pseudogene	0	0	0	0.0000	0.0000	0.0000
ENSG00000232783.5	FRG2FP	transcribed_unprocessed_pseudogene	0	0	0	0.0000	0.0000	0.0000
ENSG00000232786.1	TIMM9P3	processed_pseudogene	0	0	0	0.0000	0.0000	0.0000
ENSG00000232787.2	OR7L1P	unprocessed_pseudogene	0	0	0	0.0000	0.0000	0.0000
ENSG00000232788.1	ITGA6-AS1	lncRNA	5	243	248	0.3942	0.1155	0.1112
ENSG00000232789.1	AC053503.2	unprocessed_pseudogene	0	0	0	0.0000	0.0000	0.0000
ENSG00000232790.3	LINC01162	lncRNA	0	0	0	0.0000	0.0000	0.0000
ENSG00000232791.4	OR11I1P	unitary_pseudogene	0	0	0	0.0000	0.0000	0.0000
ENSG00000232792.2	FTH1P25	processed_pseudogene	1	1	2	0.1811	0.0530	0.0511
ENSG00000232793.2	DNAJC19P8	processed_pseudogene	0	0	0	0.0000	0.0000	0.0000
ENSG00000232794.1	HNRNPDP1	processed_pseudogene	1	1	0	0.1126	0.0330	0.0318
ENSG00000232795.1	SCAND3P1	processed_pseudogene	0	0	0	0.0000	0.0000	0.0000
ENSG00000232797.1	FAM207CP	processed_pseudogene	0	0	0	0.0000	0.0000	0.0000
ENSG00000232798.1	CR769767.1	processed_pseudogene	0	0	0	0.0000	0.0000	0.0000
ENSG00000232799.1	CRYGFP	unprocessed_pseudogene	0	0	0	0.0000	0.0000	0.0000
ENSG00000232800.1	SLC7A15P	unitary_pseudogene	0	0	0	0.0000	0.0000	0.0000
ENSG00000232801.1	SDCBPP3	processed_pseudogene	29	16	13	2.7640	0.8096	0.7796
ENSG00000232803.1	SLCO4A1-AS1	lncRNA	59	105	93	3.2662	0.9567	0.9212
ENSG00000232805.1	NIP7P1	processed_pseudogene	0	0	0	0.0000	0.0000	0.0000
ENSG00000232806.1	AP001610.3	lncRNA	0	0	0	0.0000	0.0000	0.0000
ENSG00000232807.2	AL137186.2	lncRNA	29	393	428	0.6295	0.1844	0.1776
ENSG00000232808.1	TTTY20	lncRNA	0	0	0	0.0000	0.0000	0.0000
ENSG00000232809.1	VDAC1P10	processed_pseudogene	4	3	1	0.3812	0.1117	0.1075
ENSG00000232810.4	TNF	protein_coding	30	16	14	1.5182	0.4447	0.4282
ENSG00000232811.1	AL360270.1	lncRNA	18	48	40	0.6480	0.1898	0.1828
ENSG00000232812.2	LINC01717	lncRNA	0	0	0	0.0000	0.0000	0.0000
ENSG00000232813.1	S100A11P6	processed_pseudogene	0	0	0	0.0000	0.0000	0.0000
ENSG00000232814.2	COL4A2-AS1	lncRNA	0	195	204	0.0000	0.0000	0.0000
ENSG00000232815.1	DUX4L50	unprocessed_pseudogene	11	7	4	1.3065	0.3827	0.3685
ENSG00000232817.1	AC073188.4	lncRNA	0	0	0	0.0000	0.0000	0.0000
ENSG00000232818.2	RPS2P32	processed_pseudogene	26	14	12	2.4753	0.7250	0.6982
ENSG00000232821.1	AC003986.2	lncRNA	2	0	2	0.0993	0.0291	0.0280
ENSG00000232823.2	TXNP1	processed_pseudogene	3	0	3	0.6867	0.2011	0.1937
ENSG00000232824.1	PRR13P1	processed_pseudogene	1	0	1	0.2081	0.0610	0.0587
ENSG00000232825.3	AL445433.2	lncRNA	0	0	0	0.0000	0.0000	0.0000
ENSG00000232827.3	LINC01189	lncRNA	0	0	0	0.0000	0.0000	0.0000
ENSG00000232828.1	AC231533.1	lncRNA	1	67	51	0.0918	0.0269	0.0259
ENSG00000232829.3	GSTO3P	processed_pseudogene	1	1	0	0.1183	0.0346	0.0334
ENSG00000232830.5	AC110994.1	processed_pseudogene	0	0	0	0.0000	0.0000	0.0000
ENSG00000232832.1	LMLN-AS1	lncRNA	0	74	85	0.0000	0.0000	0.0000
ENSG00000232834.1	AC112492.3	processed_pseudogene	0	0	0	0.0000	0.0000	0.0000
ENSG00000232835.1	AC107057.1	lncRNA	0	0	0	0.0000	0.0000	0.0000
ENSG00000232837.1	LINC01700	lncRNA	0	0	0	0.0000	0.0000	0.0000
ENSG00000232838.4	PET117	protein_coding	15	11	4	1.1067	0.3242	0.3122
ENSG00000232841.1	BRWD1P3	processed_pseudogene	0	0	0	0.0000	0.0000	0.0000
ENSG00000232842.2	KAT7P1	processed_pseudogene	3	3	0	0.2579	0.0755	0.0727
ENSG00000232843.2	SNX18P2	processed_pseudogene	5	4	1	0.5255	0.1539	0.1482
ENSG00000232845.1	TRAPPC2P9	unprocessed_pseudogene	0	0	0	0.0000	0.0000	0.0000
ENSG00000232846.1	SLC25A6P3	processed_pseudogene	0	0	0	0.0000	0.0000	0.0000
ENSG00000232848.1	AL034417.1	processed_pseudogene	0	0	0	0.0000	0.0000	0.0000
ENSG00000232849.2	LINC00363	lncRNA	0	0	0	0.0000	0.0000	0.0000
ENSG00000232850.3	PTGES2-AS1	lncRNA	0	0	0	0.0000	0.0000	0.0000
ENSG00000232851.3	ATP5MFP3	processed_pseudogene	0	0	0	0.0000	0.0000	0.0000
ENSG00000232852.1	CICP4	processed_pseudogene	0	0	0	0.0000	0.0000	0.0000
ENSG00000232853.1	LUZP4P1	processed_pseudogene	0	0	0	0.0000	0.0000	0.0000
ENSG00000232855.7	AF165147.1	lncRNA	6	2	4	0.0540	0.0158	0.0152
ENSG00000232857.2	KATNBL1P2	processed_pseudogene	0	0	0	0.0000	0.0000	0.0000
ENSG00000232858.1	RPL34P27	processed_pseudogene	6	5	1	1.4600	0.4276	0.4118
ENSG00000232859.10	LYRM9	protein_coding	194	153	157	3.0622	0.8970	0.8637
ENSG00000232860.8	SMG7-AS1	lncRNA	19	14	14	0.4769	0.1397	0.1345
ENSG00000232862.5	AL138787.1	transcribed_processed_pseudogene	1	0	1	0.0507	0.0149	0.0143
ENSG00000232864.1	NUCKS1P1	processed_pseudogene	0	0	1	0.0000	0.0000	0.0000
ENSG00000232867.1	AL355433.1	processed_pseudogene	0	0	0	0.0000	0.0000	0.0000
ENSG00000232869.2	TRBV29-1	TR_V_gene	20	12	8	4.2249	1.2375	1.1917
ENSG00000232871.8	SEC1P	transcribed_unitary_pseudogene	8	78	82	0.2579	0.0755	0.0727
ENSG00000232872.2	CTAGE3P	processed_pseudogene	2	0	2	0.0706	0.0207	0.0199
ENSG00000232873.1	RPL23AP93	processed_pseudogene	0	0	0	0.0000	0.0000	0.0000
ENSG00000232874.1	AC080129.2	lncRNA	0	0	0	0.0000	0.0000	0.0000
ENSG00000232875.1	HMGN2P35	processed_pseudogene	0	0	0	0.0000	0.0000	0.0000
ENSG00000232876.1	AL353596.1	lncRNA	2	1	1	0.2150	0.0630	0.0606
ENSG00000232878.3	DPYD-AS1	lncRNA	0	15	12	0.0000	0.0000	0.0000
ENSG00000232879.2	GLRX5P2	processed_pseudogene	0	0	0	0.0000	0.0000	0.0000
ENSG00000232880.1	NDUFB4P10	processed_pseudogene	0	0	0	0.0000	0.0000	0.0000
ENSG00000232881.2	RPS10P21	processed_pseudogene	0	0	0	0.0000	0.0000	0.0000
ENSG00000232882.1	PHKA1P1	processed_pseudogene	8	4	4	1.0940	0.3204	0.3086
ENSG00000232883.1	AL451081.2	processed_pseudogene	9	3	6	0.8192	0.2399	0.2311
ENSG00000232884.9	AF127936.1	lncRNA	16	11	5	0.2539	0.0744	0.0716
ENSG00000232885.2	GPC5-AS2	lncRNA	0	0	0	0.0000	0.0000	0.0000
ENSG00000232886.1	AF212831.1	lncRNA	0	0	0	0.0000	0.0000	0.0000
ENSG00000232887.1	AC006466.1	processed_pseudogene	0	0	0	0.0000	0.0000	0.0000
ENSG00000232888.4	RPS11P5	processed_pseudogene	54	22	32	9.4746	2.7753	2.6724
ENSG00000232889.2	AC087499.3	processed_pseudogene	0	0	0	0.0000	0.0000	0.0000
ENSG00000232891.1	AL450344.3	lncRNA	1	0	1	0.2247	0.0658	0.0634
ENSG00000232892.1	RGS5-AS1	lncRNA	1	1	0	0.0323	0.0094	0.0091
ENSG00000232893.1	IQCA1-AS1	lncRNA	0	0	1	0.0000	0.0000	0.0000
ENSG00000232894.1	MRPS31P2	unprocessed_pseudogene	1	0	1	0.1639	0.0480	0.0462
ENSG00000232895.2	AL121999.1	lncRNA	0	0	0	0.0000	0.0000	0.0000
ENSG00000232896.1	AL592463.1	lncRNA	0	0	0	0.0000	0.0000	0.0000
ENSG00000232897.2	AL117329.2	processed_pseudogene	0	0	0	0.0000	0.0000	0.0000
ENSG00000232899.1	CDY9P	unprocessed_pseudogene	0	0	0	0.0000	0.0000	0.0000
ENSG00000232900.2	AL050403.1	lncRNA	0	2	1	0.0000	0.0000	0.0000
ENSG00000232901.1	CYCSP10	processed_pseudogene	1	0	1	0.2888	0.0846	0.0815
ENSG00000232903.2	LINC01166	lncRNA	0	0	0	0.0000	0.0000	0.0000
ENSG00000232905.2	AL162393.1	processed_pseudogene	0	0	0	0.0000	0.0000	0.0000
ENSG00000232906.1	AC092685.1	processed_pseudogene	0	0	0	0.0000	0.0000	0.0000
ENSG00000232907.8	DLGAP4-AS1	lncRNA	8	1225	1290	0.2591	0.0759	0.0731
ENSG00000232908.3	HSD17B7P1	processed_pseudogene	0	0	0	0.0000	0.0000	0.0000
ENSG00000232909.1	AL157823.2	lncRNA	0	0	0	0.0000	0.0000	0.0000
ENSG00000232910.1	RAB9AP1	unprocessed_pseudogene	0	0	0	0.0000	0.0000	0.0000
ENSG00000232912.6	RERE-AS1	lncRNA	3	1	4	0.2163	0.0633	0.0610
ENSG00000232913.8	PLCE1-AS2	lncRNA	0	0	0	0.0000	0.0000	0.0000
ENSG00000232914.1	TRAPPC2P4	unprocessed_pseudogene	0	0	0	0.0000	0.0000	0.0000
ENSG00000232915.1	RNF14P1	processed_pseudogene	0	0	0	0.0000	0.0000	0.0000
ENSG00000232916.1	HMGN2P27	processed_pseudogene	0	0	0	0.0000	0.0000	0.0000
ENSG00000232917.5	HSPE1P6	processed_pseudogene	5	3	2	1.4591	0.4274	0.4116
ENSG00000232918.2	AC118469.1	processed_pseudogene	0	0	0	0.0000	0.0000	0.0000
ENSG00000232920.1	LINC01400	lncRNA	0	0	0	0.0000	0.0000	0.0000
ENSG00000232922.1	MTND6P24	unprocessed_pseudogene	0	0	0	0.0000	0.0000	0.0000
ENSG00000232924.1	ELOCP4	processed_pseudogene	0	0	0	0.0000	0.0000	0.0000
ENSG00000232925.2	MRPS16P2	processed_pseudogene	0	0	0	0.0000	0.0000	0.0000
ENSG00000232926.1	AC000078.1	processed_pseudogene	5	3	2	0.6226	0.1824	0.1756
ENSG00000232927.1	USP12PY	processed_pseudogene	0	0	0	0.0000	0.0000	0.0000
ENSG00000232928.2	DDX3P1	processed_pseudogene	0	0	0	0.0000	0.0000	0.0000
ENSG00000232930.2	AC083864.2	lncRNA	0	0	0	0.0000	0.0000	0.0000
ENSG00000232931.6	LINC00342	lncRNA	597	310	287	5.8957	1.7270	1.6629
ENSG00000232934.8	AL157786.1	lncRNA	4	15	20	0.1043	0.0306	0.0294
ENSG00000232935.2	AL359094.2	lncRNA	0	0	0	0.0000	0.0000	0.0000
ENSG00000232936.6	AL157400.2	lncRNA	1	1	1	0.0406	0.0119	0.0114
ENSG00000232937.1	AL589765.2	lncRNA	0	0	0	0.0000	0.0000	0.0000
ENSG00000232938.2	RPL23AP87	transcribed_processed_pseudogene	5	2	3	0.1882	0.0551	0.0531
ENSG00000232939.1	AL158829.1	lncRNA	0	0	0	0.0000	0.0000	0.0000
ENSG00000232940.6	HCG25	lncRNA	14	320	327	0.2704	0.0792	0.0763
ENSG00000232943.1	GGCTP2	processed_pseudogene	0	0	0	0.0000	0.0000	0.0000
ENSG00000232944.1	AC092423.1	processed_pseudogene	0	0	0	0.0000	0.0000	0.0000
ENSG00000232946.1	RPL35AP20	processed_pseudogene	2	1	1	0.5131	0.1503	0.1447
ENSG00000232947.1	LINC02543	lncRNA	0	0	0	0.0000	0.0000	0.0000
ENSG00000232948.1	DEFB130A	protein_coding	0	0	0	0.0000	0.0000	0.0000
ENSG00000232949.2	AC002480.2	lncRNA	5	3	2	0.1983	0.0581	0.0559
ENSG00000232950.1	ZNF519P1	processed_pseudogene	0	0	0	0.0000	0.0000	0.0000
ENSG00000232951.1	IPO7P1	processed_pseudogene	1	1	0	0.1335	0.0391	0.0377
ENSG00000232952.1	AL512844.1	processed_pseudogene	7	6	1	0.3341	0.0979	0.0942
ENSG00000232953.1	HSPA8P18	processed_pseudogene	1	0	1	0.0440	0.0129	0.0124
ENSG00000232954.2	LINC00374	lncRNA	0	0	0	0.0000	0.0000	0.0000
ENSG00000232956.9	SNHG15	lncRNA	306	143	163	6.5970	1.9324	1.8607
ENSG00000232958.1	AC027119.1	unprocessed_pseudogene	0	0	0	0.0000	0.0000	0.0000
ENSG00000232959.1	AL356475.1	lncRNA	0	75	87	0.0000	0.0000	0.0000
ENSG00000232963.1	HMGN2P20	processed_pseudogene	2	0	2	0.6221	0.1822	0.1755
ENSG00000232964.2	LINC01737	lncRNA	0	0	0	0.0000	0.0000	0.0000
ENSG00000232965.1	RPS12P18	processed_pseudogene	0	0	0	0.0000	0.0000	0.0000
ENSG00000232968.1	EIF4EP4	processed_pseudogene	0	0	0	0.0000	0.0000	0.0000
ENSG00000232969.1	AP001062.2	lncRNA	0	2	0	0.0000	0.0000	0.0000
ENSG00000232970.1	POLHP1	processed_pseudogene	0	0	0	0.0000	0.0000	0.0000
ENSG00000232971.2	AL591719.2	lncRNA	0	0	0	0.0000	0.0000	0.0000
ENSG00000232973.13	CYP1B1-AS1	lncRNA	20	60	56	0.1616	0.0473	0.0456
ENSG00000232975.1	MTCO1P57	unprocessed_pseudogene	0	0	0	0.0000	0.0000	0.0000
ENSG00000232976.1	TRIM60P10Y	processed_pseudogene	0	0	0	0.0000	0.0000	0.0000
ENSG00000232977.7	LINC00327	lncRNA	324	165	159	5.2841	1.5478	1.4904
ENSG00000232978.2	AL161909.2	lncRNA	0	0	0	0.0000	0.0000	0.0000
ENSG00000232979.1	AC092580.3	processed_pseudogene	1	0	1	0.6109	0.1790	0.1723
ENSG00000232981.1	MTCO1P51	unprocessed_pseudogene	0	0	0	0.0000	0.0000	0.0000
ENSG00000232982.1	MTCO1P45	processed_pseudogene	0	0	0	0.0000	0.0000	0.0000
ENSG00000232983.2	AL160270.2	processed_pseudogene	0	0	0	0.0000	0.0000	0.0000
ENSG00000232985.1	AL355537.1	lncRNA	0	0	0	0.0000	0.0000	0.0000
ENSG00000232986.1	AL139081.1	lncRNA	0	0	0	0.0000	0.0000	0.0000
ENSG00000232987.2	LINC01219	lncRNA	0	0	0	0.0000	0.0000	0.0000
ENSG00000232989.1	AL356010.1	processed_pseudogene	0	0	0	0.0000	0.0000	0.0000
ENSG00000232990.2	MTATP6P7	unprocessed_pseudogene	0	0	0	0.0000	0.0000	0.0000
ENSG00000232991.5	GACAT1	lncRNA	0	0	0	0.0000	0.0000	0.0000
ENSG00000232992.2	AHCYP4	processed_pseudogene	1	0	1	0.0646	0.0189	0.0182
ENSG00000232993.1	AL445183.1	lncRNA	0	202	201	0.0000	0.0000	0.0000
ENSG00000232994.1	RPL7P14	processed_pseudogene	0	0	0	0.0000	0.0000	0.0000
ENSG00000232995.7	RGS5	lncRNA	54	18	36	1.2647	0.3704	0.3567
ENSG00000232998.3	VPS13A-AS1	lncRNA	0	0	1	0.0000	0.0000	0.0000
ENSG00000232999.1	AL133351.2	unprocessed_pseudogene	0	0	0	0.0000	0.0000	0.0000
ENSG00000233002.2	TBC1D26-AS1	lncRNA	1	0	1	0.0537	0.0157	0.0151
ENSG00000233003.4	CICP26	unprocessed_pseudogene	0	0	0	0.0000	0.0000	0.0000
ENSG00000233005.2	AC018742.1	lncRNA	0	0	0	0.0000	0.0000	0.0000
ENSG00000233006.8	MIR3936HG	lncRNA	35	55	58	0.6281	0.1840	0.1772
ENSG00000233007.1	UBTFL11	processed_pseudogene	0	0	0	0.0000	0.0000	0.0000
ENSG00000233008.6	LINC01725	lncRNA	20	8	13	0.1366	0.0400	0.0385
ENSG00000233009.1	NALCN-AS1	lncRNA	0	5	2	0.0000	0.0000	0.0000
ENSG00000233010.1	RPEP4	processed_pseudogene	0	0	0	0.0000	0.0000	0.0000
ENSG00000233011.1	SLC9A3P1	processed_pseudogene	0	0	0	0.0000	0.0000	0.0000
ENSG00000233012.2	HDAC1P2	transcribed_processed_pseudogene	0	0	0	0.0000	0.0000	0.0000
ENSG00000233013.10	FAM157B	transcribed_unprocessed_pseudogene	0	0	0	0.0000	0.0000	0.0000
ENSG00000233014.1	TBC1D3P7	unprocessed_pseudogene	0	0	0	0.0000	0.0000	0.0000
ENSG00000233015.1	SLC25A6P1	processed_pseudogene	0	0	0	0.0000	0.0000	0.0000
ENSG00000233016.7	SNHG7	lncRNA	70	157	147	1.2154	0.3560	0.3428
ENSG00000233017.3	AL121832.1	lncRNA	0	0	0	0.0000	0.0000	0.0000
ENSG00000233018.1	AL732292.1	processed_pseudogene	0	0	0	0.0000	0.0000	0.0000
ENSG00000233020.1	CHORDC1P5	processed_pseudogene	1	1	0	0.0878	0.0257	0.0248
ENSG00000233021.2	AL669841.1	lncRNA	0	17	13	0.0000	0.0000	0.0000
ENSG00000233024.7	NPIPA9	protein_coding	0	0	0	0.0000	0.0000	0.0000
ENSG00000233025.1	CRYZP1	processed_pseudogene	5	5	0	0.4484	0.1313	0.1265
ENSG00000233026.1	MTCO1P5	processed_pseudogene	0	0	0	0.0000	0.0000	0.0000
ENSG00000233028.1	AC006970.1	processed_pseudogene	0	0	0	0.0000	0.0000	0.0000
ENSG00000233029.3	AC244453.2	lncRNA	2	2	1	0.0479	0.0140	0.0135
ENSG00000233030.2	AC243772.2	lncRNA	0	0	3	0.0000	0.0000	0.0000
ENSG00000233031.1	AC125238.1	processed_pseudogene	0	0	0	0.0000	0.0000	0.0000
ENSG00000233033.1	CASK-AS1	lncRNA	1	155	145	0.1649	0.0483	0.0465
ENSG00000233036.1	KRTAP8-2P	unprocessed_pseudogene	0	0	0	0.0000	0.0000	0.0000
ENSG00000233037.2	AC009237.5	processed_pseudogene	0	0	0	0.0000	0.0000	0.0000
ENSG00000233038.6	PTPRN2-AS1	lncRNA	11	4	7	0.5908	0.1731	0.1667
ENSG00000233039.1	MTND5P30	processed_pseudogene	0	0	0	0.0000	0.0000	0.0000
ENSG00000233040.2	FAM204BP	processed_pseudogene	3	2	1	0.3634	0.1065	0.1025
ENSG00000233041.8	PHGR1	protein_coding	1	0	1	0.0902	0.0264	0.0255
ENSG00000233044.1	AL049820.1	lncRNA	0	0	0	0.0000	0.0000	0.0000
ENSG00000233045.1	RPL15P5	processed_pseudogene	16	10	8	2.1330	0.6248	0.6016
ENSG00000233047.7	LINC01677	lncRNA	0	0	0	0.0000	0.0000	0.0000
ENSG00000233048.1	LINC01722	lncRNA	0	0	0	0.0000	0.0000	0.0000
ENSG00000233050.1	DEFB130B	protein_coding	0	0	0	0.0000	0.0000	0.0000
ENSG00000233052.1	AL513304.1	lncRNA	0	0	0	0.0000	0.0000	0.0000
ENSG00000233055.1	AL353621.1	processed_pseudogene	1	1	0	0.3495	0.1024	0.0986
ENSG00000233056.3	ERVH48-1	protein_coding	2	2	0	0.0609	0.0178	0.0172
ENSG00000233057.1	EEF1A1P14	processed_pseudogene	22	12	10	1.3577	0.3977	0.3830
ENSG00000233058.2	LINC00884	lncRNA	20	10	11	0.1802	0.0528	0.0508
ENSG00000233060.1	AC016700.1	lncRNA	2	2	2	0.3791	0.1110	0.1069
ENSG00000233061.1	TTLL7-IT1	lncRNA	0	0	1	0.0000	0.0000	0.0000
ENSG00000233063.2	SAR1AP4	processed_pseudogene	0	0	0	0.0000	0.0000	0.0000
ENSG00000233064.2	AL136307.1	lncRNA	0	0	0	0.0000	0.0000	0.0000
ENSG00000233067.4	PTCHD1-AS	lncRNA	1	12	22	0.0588	0.0172	0.0166
ENSG00000233068.3	AL391422.2	lncRNA	0	0	0	0.0000	0.0000	0.0000
ENSG00000233069.1	AL663074.1	lncRNA	0	0	0	0.0000	0.0000	0.0000
ENSG00000233070.1	ZFY-AS1	lncRNA	0	3	3	0.0000	0.0000	0.0000
ENSG00000233071.3	RPSAP59	processed_pseudogene	0	0	0	0.0000	0.0000	0.0000
ENSG00000233072.1	RPS15AP6	processed_pseudogene	1	1	0	0.2206	0.0646	0.0622
ENSG00000233073.2	GRM3-AS1	lncRNA	1	0	2	0.0225	0.0066	0.0063
ENSG00000233077.1	LINC01271	lncRNA	0	26	34	0.0000	0.0000	0.0000
ENSG00000233078.1	AL355994.3	lncRNA	0	0	0	0.0000	0.0000	0.0000
ENSG00000233079.3	LINC01755	lncRNA	0	0	0	0.0000	0.0000	0.0000
ENSG00000233080.3	LINC01399	transcribed_processed_pseudogene	0	0	0	0.0000	0.0000	0.0000
ENSG00000233081.1	AL353764.1	lncRNA	1	0	1	0.1792	0.0525	0.0505
ENSG00000233082.1	AC073094.1	lncRNA	0	0	0	0.0000	0.0000	0.0000
ENSG00000233083.1	FTH1P6	processed_pseudogene	0	0	0	0.0000	0.0000	0.0000
ENSG00000233084.2	RPL23AP25	processed_pseudogene	2	1	1	0.3668	0.1074	0.1035
ENSG00000233085.5	BX322234.2	lncRNA	3	2	1	0.3415	0.1000	0.0963
ENSG00000233086.8	LNCARSR	lncRNA	1	1	0	0.0199	0.0058	0.0056
ENSG00000233087.7	RAB6D	protein_coding	2	1	5	0.0560	0.0164	0.0158
ENSG00000233090.1	AC015922.1	unprocessed_pseudogene	0	1	0	0.0000	0.0000	0.0000
ENSG00000233093.6	LINC00892	lncRNA	14	8	6	0.6186	0.1812	0.1745
ENSG00000233096.1	AC099541.1	lncRNA	0	0	0	0.0000	0.0000	0.0000
ENSG00000233098.9	CCDC144NL-AS1	lncRNA	9	612	649	0.0574	0.0168	0.0162
ENSG00000233099.1	AC095030.1	lncRNA	0	0	0	0.0000	0.0000	0.0000
ENSG00000233101.10	HOXB-AS3	lncRNA	35	58	49	1.5537	0.4551	0.4382
ENSG00000233103.1	AL133329.1	lncRNA	0	0	0	0.0000	0.0000	0.0000
ENSG00000233105.1	AC103563.5	unprocessed_pseudogene	0	0	0	0.0000	0.0000	0.0000
ENSG00000233106.1	RPL12P3	processed_pseudogene	0	0	0	0.0000	0.0000	0.0000
ENSG00000233107.1	SUCLA2P2	processed_pseudogene	0	0	0	0.0000	0.0000	0.0000
ENSG00000233108.1	GLCCI1-DT	lncRNA	2	13	7	0.2990	0.0876	0.0843
ENSG00000233109.4	AC013701.1	processed_pseudogene	0	0	0	0.0000	0.0000	0.0000
ENSG00000233110.1	AC093797.1	lncRNA	21	80	84	0.9968	0.2920	0.2812
ENSG00000233111.1	RAB1C	processed_pseudogene	3	2	1	0.4204	0.1231	0.1186
ENSG00000233114.2	AL358075.3	processed_pseudogene	0	0	0	0.0000	0.0000	0.0000
ENSG00000233115.4	FAM90A11P	unprocessed_pseudogene	0	0	0	0.0000	0.0000	0.0000
ENSG00000233117.4	LINC00702	lncRNA	96	43	53	0.6584	0.1929	0.1857
ENSG00000233118.2	UBE2V1P8	processed_pseudogene	0	0	0	0.0000	0.0000	0.0000
ENSG00000233120.1	USP9YP15	unprocessed_pseudogene	0	0	0	0.0000	0.0000	0.0000
ENSG00000233121.1	VN1R20P	unitary_pseudogene	3	1	2	0.2637	0.0773	0.0744
ENSG00000233122.2	CTAGE7P	processed_pseudogene	3	0	3	0.1046	0.0306	0.0295
ENSG00000233123.1	LINC01007	lncRNA	0	1	0	0.0000	0.0000	0.0000
ENSG00000233124.2	LINC00456	lncRNA	42	21	21	0.7600	0.2226	0.2144
ENSG00000233125.3	ACTBP12	processed_pseudogene	2	1	1	0.4063	0.1190	0.1146
ENSG00000233126.3	ZNF736P3Y	processed_pseudogene	0	0	0	0.0000	0.0000	0.0000
ENSG00000233128.2	LINC01794	lncRNA	0	0	0	0.0000	0.0000	0.0000
ENSG00000233129.1	AL117351.1	processed_pseudogene	0	0	0	0.0000	0.0000	0.0000
ENSG00000233131.1	RPS15AP14	processed_pseudogene	8	3	5	1.7287	0.5064	0.4876
ENSG00000233132.4	FAM90A3P	unprocessed_pseudogene	0	0	0	0.0000	0.0000	0.0000
ENSG00000233133.1	AC104451.1	unprocessed_pseudogene	0	0	0	0.0000	0.0000	0.0000
ENSG00000233134.1	MTND3P17	unprocessed_pseudogene	0	0	0	0.0000	0.0000	0.0000
ENSG00000233135.1	RPS27P18	unprocessed_pseudogene	0	0	0	0.0000	0.0000	0.0000
ENSG00000233136.3	USP17L11	protein_coding	0	0	0	0.0000	0.0000	0.0000
ENSG00000233138.1	AL023584.1	lncRNA	0	55	45	0.0000	0.0000	0.0000
ENSG00000233139.1	AC244636.2	processed_pseudogene	0	0	0	0.0000	0.0000	0.0000
ENSG00000233143.2	DIRC3-AS1	lncRNA	14	13	7	0.1344	0.0394	0.0379
ENSG00000233144.1	AL512656.1	lncRNA	1	570	572	0.2118	0.0620	0.0597
ENSG00000233145.1	AL589987.2	lncRNA	0	0	0	0.0000	0.0000	0.0000
ENSG00000233146.1	BPIFB5P	unitary_pseudogene	0	0	0	0.0000	0.0000	0.0000
ENSG00000233148.2	SYF2P2	processed_pseudogene	0	0	0	0.0000	0.0000	0.0000
ENSG00000233153.6	UBE2E2-AS1	lncRNA	0	0	0	0.0000	0.0000	0.0000
ENSG00000233154.6	LINC01762	lncRNA	123	71	54	5.9382	1.7394	1.6749
ENSG00000233155.1	HMGA1P8	processed_pseudogene	1	0	1	0.2645	0.0775	0.0746
ENSG00000233156.1	HSFY8P	unprocessed_pseudogene	0	0	0	0.0000	0.0000	0.0000
ENSG00000233157.1	Z97055.1	processed_pseudogene	0	0	0	0.0000	0.0000	0.0000
ENSG00000233158.1	RPS24P6	processed_pseudogene	0	0	0	0.0000	0.0000	0.0000
ENSG00000233159.1	RPL31P16	processed_pseudogene	0	0	0	0.0000	0.0000	0.0000
ENSG00000233162.1	MORF4L1P6	processed_pseudogene	0	0	0	0.0000	0.0000	0.0000
ENSG00000233163.1	RPS12P17	processed_pseudogene	0	0	0	0.0000	0.0000	0.0000
ENSG00000233167.1	EEF1A1P26	processed_pseudogene	1	0	1	0.0623	0.0182	0.0176
ENSG00000233170.4	AC138356.2	processed_pseudogene	30	15	15	3.8195	1.1188	1.0773
ENSG00000233173.1	VN1R34P	unitary_pseudogene	0	0	0	0.0000	0.0000	0.0000
ENSG00000233175.2	AC008105.1	lncRNA	2	118	123	0.0741	0.0217	0.0209
ENSG00000233176.3	OR7E157P	unprocessed_pseudogene	0	0	0	0.0000	0.0000	0.0000
ENSG00000233178.7	AL161457.2	lncRNA	5	5	2	0.1060	0.0310	0.0299
ENSG00000233179.1	Z82249.1	lncRNA	0	0	0	0.0000	0.0000	0.0000
ENSG00000233183.3	AL138889.1	lncRNA	1	0	1	0.0058	0.0017	0.0016
ENSG00000233184.7	AC093157.1	lncRNA	128	78	70	1.1015	0.3227	0.3107
ENSG00000233186.2	KLF4P1	processed_pseudogene	0	0	0	0.0000	0.0000	0.0000
ENSG00000233189.1	RPL12P29	processed_pseudogene	0	0	0	0.0000	0.0000	0.0000
ENSG00000233190.1	RPS24P13	processed_pseudogene	0	0	0	0.0000	0.0000	0.0000
ENSG00000233191.2	AC006372.2	lncRNA	0	0	0	0.0000	0.0000	0.0000
ENSG00000233193.1	AC005324.1	lncRNA	0	0	0	0.0000	0.0000	0.0000
ENSG00000233196.2	AL096803.2	processed_pseudogene	0	0	0	0.0000	0.0000	0.0000
ENSG00000233197.1	TMEM256P1	processed_pseudogene	0	0	0	0.0000	0.0000	0.0000
ENSG00000233198.4	RNF224	protein_coding	0	0	0	0.0000	0.0000	0.0000
ENSG00000233200.1	LINC02634	lncRNA	0	0	0	0.0000	0.0000	0.0000
ENSG00000233203.6	DHCR24-DT	lncRNA	6	3	3	0.6660	0.1951	0.1879
ENSG00000233204.1	MAPRE1P3	processed_pseudogene	0	0	0	0.0000	0.0000	0.0000
ENSG00000233205.1	WBP1P2	processed_pseudogene	3	1	2	0.5966	0.1748	0.1683
ENSG00000233206.1	RPS3AP1	processed_pseudogene	0	0	0	0.0000	0.0000	0.0000
ENSG00000233208.6	LINC00642	lncRNA	0	0	0	0.0000	0.0000	0.0000
ENSG00000233211.2	GRPEL2P1	processed_pseudogene	0	0	0	0.0000	0.0000	0.0000
ENSG00000233213.1	KCNJ6-AS1	lncRNA	0	0	0	0.0000	0.0000	0.0000
ENSG00000233214.1	AC002511.2	lncRNA	0	0	0	0.0000	0.0000	0.0000
ENSG00000233215.6	LINC01687	lncRNA	46	29	21	1.0615	0.3109	0.2994
ENSG00000233216.1	AL357373.1	processed_pseudogene	0	0	0	0.0000	0.0000	0.0000
ENSG00000233217.2	MROH3P	transcribed_unitary_pseudogene	0	0	0	0.0000	0.0000	0.0000
ENSG00000233219.1	AC008080.3	lncRNA	0	0	0	0.0000	0.0000	0.0000
ENSG00000233220.3	LINC00167	lncRNA	0	0	0	0.0000	0.0000	0.0000
ENSG00000233221.7	AC133785.1	lncRNA	0	0	0	0.0000	0.0000	0.0000
ENSG00000233222.2	AL513523.3	lncRNA	0	26	27	0.0000	0.0000	0.0000
ENSG00000233223.3	AC016876.1	lncRNA	101	541	559	6.2152	1.8205	1.7530
ENSG00000233225.3	SSBL3P1	processed_pseudogene	13	5	11	0.9616	0.2817	0.2712
ENSG00000233228.1	LPCAT2BP	unitary_pseudogene	0	0	0	0.0000	0.0000	0.0000
ENSG00000233229.1	CNOT7P1	processed_pseudogene	5	1	4	0.4984	0.1460	0.1406
ENSG00000233230.1	AC079807.1	lncRNA	26	23	42	2.5794	0.7555	0.7275
ENSG00000233231.1	HNRNPA1P49	processed_pseudogene	0	0	0	0.0000	0.0000	0.0000
ENSG00000233232.7	NPIPB7	protein_coding	0	0	0	0.0000	0.0000	0.0000
ENSG00000233234.1	AL592464.2	lncRNA	0	0	0	0.0000	0.0000	0.0000
ENSG00000233235.1	BX119321.1	unprocessed_pseudogene	0	0	0	0.0000	0.0000	0.0000
ENSG00000233236.1	LINC02573	lncRNA	0	0	0	0.0000	0.0000	0.0000
ENSG00000233237.8	LINC00472	lncRNA	13	10	3	0.0555	0.0163	0.0157
ENSG00000233238.1	DEFA9P	unprocessed_pseudogene	0	0	0	0.0000	0.0000	0.0000
ENSG00000233242.3	AL512604.2	lncRNA	0	0	0	0.0000	0.0000	0.0000
ENSG00000233243.1	VKORC1P1	processed_pseudogene	0	0	0	0.0000	0.0000	0.0000
ENSG00000233246.1	PHC2-AS1	lncRNA	5	2	3	0.8665	0.2538	0.2444
ENSG00000233247.3	UBE2E4P	processed_pseudogene	26	15	11	4.0364	1.1823	1.1385
ENSG00000233248.1	MTND6P9	processed_pseudogene	0	0	0	0.0000	0.0000	0.0000
ENSG00000233250.1	AC233728.1	lncRNA	0	0	0	0.0000	0.0000	0.0000
ENSG00000233251.8	AC007743.1	lncRNA	3	1	4	0.0583	0.0171	0.0164
ENSG00000233252.1	CRIP1P1	processed_pseudogene	0	0	0	0.0000	0.0000	0.0000
ENSG00000233254.1	RPL21P134	processed_pseudogene	0	0	0	0.0000	0.0000	0.0000
ENSG00000233256.1	AL355870.1	lncRNA	0	0	0	0.0000	0.0000	0.0000
ENSG00000233258.1	AL390786.1	lncRNA	0	0	0	0.0000	0.0000	0.0000
ENSG00000233259.4	FABP3P2	processed_pseudogene	0	0	0	0.0000	0.0000	0.0000
ENSG00000233260.1	RPSAP63	processed_pseudogene	0	0	0	0.0000	0.0000	0.0000
ENSG00000233261.3	FAM238A	transcribed_unprocessed_pseudogene	0	0	0	0.0000	0.0000	0.0000
ENSG00000233262.1	AL356134.1	lncRNA	0	0	0	0.0000	0.0000	0.0000
ENSG00000233263.1	CAPZA1P4	processed_pseudogene	0	0	0	0.0000	0.0000	0.0000
ENSG00000233264.2	AC006042.2	processed_pseudogene	7	7	0	0.4047	0.1185	0.1141
ENSG00000233266.1	HMGB1P31	processed_pseudogene	8	4	4	1.5910	0.4660	0.4488
ENSG00000233268.3	AL691449.1	processed_pseudogene	0	0	0	0.0000	0.0000	0.0000
ENSG00000233270.1	SNRPEP4	processed_pseudogene	6	6	0	1.8262	0.5349	0.5151
ENSG00000233271.1	AL590440.1	lncRNA	0	2	0	0.0000	0.0000	0.0000
ENSG00000233272.1	PNPT1P2	processed_pseudogene	0	0	0	0.0000	0.0000	0.0000
ENSG00000233273.1	AMMECR1LP1	processed_pseudogene	0	0	0	0.0000	0.0000	0.0000
ENSG00000233275.1	AC009238.2	processed_pseudogene	0	0	0	0.0000	0.0000	0.0000
ENSG00000233276.7	GPX1	protein_coding	7266	3718	3548	521.5824	152.7797	147.1154
ENSG00000233277.1	LINC01728	lncRNA	0	0	0	0.0000	0.0000	0.0000
ENSG00000233278.1	RPS26P2	processed_pseudogene	2	0	2	0.4880	0.1430	0.1377
ENSG00000233285.1	MTCYBP10	unprocessed_pseudogene	0	0	0	0.0000	0.0000	0.0000
ENSG00000233286.1	MTND3P10	processed_pseudogene	0	0	0	0.0000	0.0000	0.0000
ENSG00000233287.1	AC009362.1	processed_pseudogene	3	3	0	0.6275	0.1838	0.1770
ENSG00000233288.2	AC092447.5	lncRNA	0	0	0	0.0000	0.0000	0.0000
ENSG00000233290.3	AL157944.1	lncRNA	0	0	0	0.0000	0.0000	0.0000
ENSG00000233291.1	RPL7AP61	processed_pseudogene	0	0	0	0.0000	0.0000	0.0000
ENSG00000233292.1	AL513533.1	processed_pseudogene	0	0	0	0.0000	0.0000	0.0000
ENSG00000233293.1	AL133343.2	lncRNA	0	0	0	0.0000	0.0000	0.0000
ENSG00000233295.3	FAM90A20P	unprocessed_pseudogene	0	0	0	0.0000	0.0000	0.0000
ENSG00000233296.2	TMEM18-DT	lncRNA	0	39	39	0.0000	0.0000	0.0000
ENSG00000233297.4	RASA4DP	unprocessed_pseudogene	19	13	6	1.3457	0.3942	0.3796
ENSG00000233299.1	HIGD1AP4	processed_pseudogene	0	0	0	0.0000	0.0000	0.0000
ENSG00000233300.1	EIF4A1P1	processed_pseudogene	6	1	5	0.5455	0.1598	0.1539
ENSG00000233301.1	OR4C14P	unprocessed_pseudogene	0	0	0	0.0000	0.0000	0.0000
ENSG00000233303.1	XXYLT1-AS1	lncRNA	1	0	1	0.1970	0.0577	0.0556
ENSG00000233304.7	LINC01346	lncRNA	0	0	0	0.0000	0.0000	0.0000
ENSG00000233306.2	TRGV2	TR_V_gene	5	3	2	0.7805	0.2286	0.2201
ENSG00000233307.1	SRSF3P6	processed_pseudogene	0	0	0	0.0000	0.0000	0.0000
ENSG00000233308.2	OSTN-AS1	lncRNA	58	39	35	5.6941	1.6679	1.6061
ENSG00000233309.1	RPS6P12	processed_pseudogene	0	0	0	0.0000	0.0000	0.0000
ENSG00000233311.1	MTCO1P54	processed_pseudogene	0	0	0	0.0000	0.0000	0.0000
ENSG00000233313.2	HMGA1P5	processed_pseudogene	0	0	0	0.0000	0.0000	0.0000
ENSG00000233316.4	DSCR10	lncRNA	4	1	3	0.3950	0.1157	0.1114
ENSG00000233318.2	RPL31P45	processed_pseudogene	0	0	0	0.0000	0.0000	0.0000
ENSG00000233319.1	PPIAP32	processed_pseudogene	0	0	0	0.0000	0.0000	0.0000
ENSG00000233321.2	LINC02669	lncRNA	9	6	3	0.1166	0.0341	0.0329
ENSG00000233324.1	EEF1A1P34	processed_pseudogene	0	0	0	0.0000	0.0000	0.0000
ENSG00000233325.3	MIPEPP3	transcribed_unprocessed_pseudogene	24	10	15	3.3032	0.9676	0.9317
ENSG00000233327.11	USP32P2	transcribed_unprocessed_pseudogene	11	6	5	0.1544	0.0452	0.0436
ENSG00000233328.3	PFN1P1	processed_pseudogene	22	10	12	4.4167	1.2937	1.2457
ENSG00000233329.1	RPS16P3	processed_pseudogene	0	0	0	0.0000	0.0000	0.0000
ENSG00000233330.1	AL078581.2	lncRNA	4	3	5	0.9991	0.2926	0.2818
ENSG00000233332.1	AL122008.3	lncRNA	0	0	0	0.0000	0.0000	0.0000
ENSG00000233333.2	RNFT1P2	processed_pseudogene	0	0	0	0.0000	0.0000	0.0000
ENSG00000233334.3	FAM53B-AS1	lncRNA	0	0	0	0.0000	0.0000	0.0000
ENSG00000233335.1	RPL36AP14	processed_pseudogene	0	0	0	0.0000	0.0000	0.0000
ENSG00000233336.1	AC245056.1	lncRNA	0	0	0	0.0000	0.0000	0.0000
ENSG00000233337.1	UBE2FP3	processed_pseudogene	1	1	0	0.1621	0.0475	0.0457
ENSG00000233338.1	TLR8-AS1	lncRNA	3	2	1	0.1889	0.0553	0.0533
ENSG00000233339.1	AC018878.1	lncRNA	0	0	0	0.0000	0.0000	0.0000
ENSG00000233340.1	AL139120.1	lncRNA	0	0	0	0.0000	0.0000	0.0000
ENSG00000233342.2	AL139393.2	lncRNA	0	0	0	0.0000	0.0000	0.0000
ENSG00000233343.1	ATP6V1G1P4	processed_pseudogene	0	0	0	0.0000	0.0000	0.0000
ENSG00000233347.1	ERP29P1	processed_pseudogene	1	1	0	0.1203	0.0352	0.0339
ENSG00000233349.1	LINC00333	lncRNA	0	0	0	0.0000	0.0000	0.0000
ENSG00000233351.1	AL356124.2	lncRNA	0	11	15	0.0000	0.0000	0.0000
ENSG00000233352.1	AL035660.1	unprocessed_pseudogene	0	0	0	0.0000	0.0000	0.0000
ENSG00000233353.1	RPS7P9	processed_pseudogene	0	0	0	0.0000	0.0000	0.0000
ENSG00000233354.1	LINC00028	lncRNA	25	17	8	3.6167	1.0594	1.0201
ENSG00000233355.7	CHRM3-AS2	lncRNA	7	2	5	0.0633	0.0185	0.0179
ENSG00000233357.2	RPL30P15	processed_pseudogene	1	0	1	0.2645	0.0775	0.0746
ENSG00000233358.2	AL035401.1	lncRNA	2	2	0	0.1950	0.0571	0.0550
ENSG00000233359.2	AC114485.1	lncRNA	0	0	0	0.0000	0.0000	0.0000
ENSG00000233360.4	PDXP-DT	lncRNA	1	568	546	0.0437	0.0128	0.0123
ENSG00000233363.1	AC006019.2	lncRNA	0	0	0	0.0000	0.0000	0.0000
ENSG00000233365.2	AL121956.1	lncRNA	0	0	0	0.0000	0.0000	0.0000
ENSG00000233366.1	ZNF90P2	processed_pseudogene	0	0	0	0.0000	0.0000	0.0000
ENSG00000233367.1	AL133480.1	lncRNA	0	0	0	0.0000	0.0000	0.0000
ENSG00000233369.7	GTF2IP4	transcribed_processed_pseudogene	203	91	113	4.7766	1.3991	1.3473
ENSG00000233370.1	ACTR1AP1	processed_pseudogene	2	0	2	0.1508	0.0442	0.0425
ENSG00000233372.1	AL137076.1	lncRNA	0	0	0	0.0000	0.0000	0.0000
ENSG00000233376.1	AL117382.2	lncRNA	0	0	0	0.0000	0.0000	0.0000
ENSG00000233377.1	MTND4P20	processed_pseudogene	0	0	0	0.0000	0.0000	0.0000
ENSG00000233378.1	USP9YP34	unprocessed_pseudogene	0	0	0	0.0000	0.0000	0.0000
ENSG00000233379.2	AL139002.1	lncRNA	0	0	0	0.0000	0.0000	0.0000
ENSG00000233380.1	RPS2P48	processed_pseudogene	11	3	8	1.0591	0.3102	0.2987
ENSG00000233381.3	AK4P3	processed_pseudogene	3	2	1	0.3808	0.1115	0.1074
ENSG00000233382.7	NKAPP1	transcribed_processed_pseudogene	6	1	5	0.1324	0.0388	0.0373
ENSG00000233383.1	AC073089.1	processed_pseudogene	0	0	0	0.0000	0.0000	0.0000
ENSG00000233384.3	CNIH3-AS2	lncRNA	184	110	84	3.7788	1.1069	1.0658
ENSG00000233385.1	MTCO3P8	unprocessed_pseudogene	0	0	0	0.0000	0.0000	0.0000
ENSG00000233387.1	IATPR	lncRNA	1	1	0	0.1538	0.0451	0.0434
ENSG00000233388.2	AL022334.1	processed_pseudogene	2	2	0	0.0984	0.0288	0.0278
ENSG00000233392.5	UICLM	lncRNA	0	1	0	0.0000	0.0000	0.0000
ENSG00000233393.1	AP000688.2	lncRNA	0	0	0	0.0000	0.0000	0.0000
ENSG00000233395.2	LINC00841	lncRNA	8	3	5	0.1360	0.0398	0.0384
ENSG00000233396.8	LINC01719	lncRNA	122	54	68	2.2454	0.6577	0.6333
ENSG00000233397.3	AC008063.1	lncRNA	30	16	14	2.2057	0.6461	0.6221
ENSG00000233399.2	LINC01648	lncRNA	0	0	0	0.0000	0.0000	0.0000
ENSG00000233401.1	PRKAR1AP1	processed_pseudogene	0	0	0	0.0000	0.0000	0.0000
ENSG00000233402.1	TARDBPP1	processed_pseudogene	0	0	0	0.0000	0.0000	0.0000
ENSG00000233403.1	AC121342.1	lncRNA	0	0	0	0.0000	0.0000	0.0000
ENSG00000233405.2	LINC01046	lncRNA	0	0	1	0.0000	0.0000	0.0000
ENSG00000233406.5	AL162430.1	processed_pseudogene	13	15	12	1.2689	0.3717	0.3579
ENSG00000233407.1	AL592182.1	lncRNA	0	0	0	0.0000	0.0000	0.0000
ENSG00000233408.1	AP000534.1	lncRNA	0	0	0	0.0000	0.0000	0.0000
ENSG00000233409.1	FANK1-AS1	lncRNA	0	0	0	0.0000	0.0000	0.0000
ENSG00000233410.1	LINC01222	lncRNA	0	0	0	0.0000	0.0000	0.0000
ENSG00000233411.1	AL359962.1	lncRNA	0	9	8	0.0000	0.0000	0.0000
ENSG00000233412.5	OR5H15	protein_coding	0	0	0	0.0000	0.0000	0.0000
ENSG00000233415.1	AL133419.1	lncRNA	0	0	0	0.0000	0.0000	0.0000
ENSG00000233416.1	RPS25P3	processed_pseudogene	5	2	3	1.1323	0.3317	0.3194
ENSG00000233417.2	AC004946.1	lncRNA	0	0	0	0.0000	0.0000	0.0000
ENSG00000233419.3	IFITM3P7	processed_pseudogene	8	5	3	1.6900	0.4950	0.4767
ENSG00000233420.2	AC002069.2	lncRNA	0	0	0	0.0000	0.0000	0.0000
ENSG00000233421.4	LINC01783	lncRNA	0	0	0	0.0000	0.0000	0.0000
ENSG00000233423.1	AC005482.1	lncRNA	0	0	0	0.0000	0.0000	0.0000
ENSG00000233424.2	BX664718.1	lncRNA	0	0	0	0.0000	0.0000	0.0000
ENSG00000233425.1	KRT18P67	processed_pseudogene	0	0	0	0.0000	0.0000	0.0000
ENSG00000233426.3	EIF3FP3	processed_pseudogene	61	36	25	4.7699	1.3972	1.3454
ENSG00000233427.1	AL009181.1	lncRNA	0	45	35	0.0000	0.0000	0.0000
ENSG00000233428.1	PPIAP65	processed_pseudogene	15	6	9	2.5890	0.7584	0.7303
ENSG00000233429.9	HOTAIRM1	lncRNA	40	28	33	2.2706	0.6651	0.6404
ENSG00000233430.3	AC239798.1	unprocessed_pseudogene	0	0	0	0.0000	0.0000	0.0000
ENSG00000233431.1	LINC02596	lncRNA	0	0	0	0.0000	0.0000	0.0000
ENSG00000233432.2	MTIF2P1	processed_pseudogene	4	3	1	0.2194	0.0643	0.0619
ENSG00000233433.1	AC006144.1	processed_pseudogene	4	3	1	0.2123	0.0622	0.0599
ENSG00000233435.2	AGGF1P2	processed_pseudogene	17	8	9	0.6855	0.2008	0.1933
ENSG00000233436.7	BTBD18	protein_coding	2	4	2	0.0533	0.0156	0.0150
ENSG00000233437.1	AC118758.1	transcribed_unprocessed_pseudogene	0	0	0	0.0000	0.0000	0.0000
ENSG00000233440.2	HMGA1P6	processed_pseudogene	1	0	1	0.2172	0.0636	0.0613
ENSG00000233441.6	CYP2AB1P	transcribed_unitary_pseudogene	0	0	0	0.0000	0.0000	0.0000
ENSG00000233442.2	PPP6R2P1	unprocessed_pseudogene	0	0	0	0.0000	0.0000	0.0000
ENSG00000233444.1	AC013262.1	processed_pseudogene	0	0	0	0.0000	0.0000	0.0000
ENSG00000233445.1	RPL17P11	processed_pseudogene	0	0	0	0.0000	0.0000	0.0000
ENSG00000233446.2	PDK1P2	processed_pseudogene	0	0	0	0.0000	0.0000	0.0000
ENSG00000233447.1	AC103563.6	unprocessed_pseudogene	0	0	0	0.0000	0.0000	0.0000
ENSG00000233448.2	PMS2P9	transcribed_unprocessed_pseudogene	0	0	0	0.0000	0.0000	0.0000
ENSG00000233449.1	MTATP6P14	processed_pseudogene	2	0	2	0.2524	0.0739	0.0712
ENSG00000233451.1	AL513128.1	lncRNA	0	0	0	0.0000	0.0000	0.0000
ENSG00000233452.7	STXBP5-AS1	lncRNA	52	61	59	0.3403	0.0997	0.0960
ENSG00000233454.1	AC069285.3	unprocessed_pseudogene	0	0	0	0.0000	0.0000	0.0000
ENSG00000233455.2	AL035414.1	processed_pseudogene	0	0	0	0.0000	0.0000	0.0000
ENSG00000233456.1	LINC01077	lncRNA	0	0	0	0.0000	0.0000	0.0000
ENSG00000233457.1	AL353705.2	processed_pseudogene	0	0	0	0.0000	0.0000	0.0000
ENSG00000233459.1	AC125238.2	processed_pseudogene	1	1	0	0.0590	0.0173	0.0166
ENSG00000233460.1	RPL35AP31	processed_pseudogene	0	0	0	0.0000	0.0000	0.0000
ENSG00000233461.6	AL445524.1	lncRNA	635	309	326	12.0582	3.5320	3.4011
ENSG00000233464.2	NANOGP11	lncRNA	0	0	0	0.0000	0.0000	0.0000
ENSG00000233467.2	U40455.1	processed_pseudogene	6	5	1	0.5890	0.1725	0.1661
ENSG00000233469.1	ST6GALNAC4P1	processed_pseudogene	2	2	0	0.3404	0.0997	0.0960
ENSG00000233470.1	AL360175.1	lncRNA	0	0	0	0.0000	0.0000	0.0000
ENSG00000233471.2	KRT18P62	processed_pseudogene	0	0	0	0.0000	0.0000	0.0000
ENSG00000233472.1	AL390866.1	lncRNA	0	0	0	0.0000	0.0000	0.0000
ENSG00000233473.2	RAD1P2	processed_pseudogene	2	1	1	0.2562	0.0750	0.0723
ENSG00000233476.3	EEF1A1P6	processed_pseudogene	531	310	223	32.5815	9.5436	9.1898
ENSG00000233477.1	PPIAP38	processed_pseudogene	0	0	0	0.0000	0.0000	0.0000
ENSG00000233478.1	AL031280.1	lncRNA	3	2	2	0.1146	0.0336	0.0323
ENSG00000233479.1	AC017074.2	lncRNA	0	0	0	0.0000	0.0000	0.0000
ENSG00000233480.2	LINC01683	lncRNA	0	0	0	0.0000	0.0000	0.0000
ENSG00000233482.1	AC093579.1	lncRNA	0	0	0	0.0000	0.0000	0.0000
ENSG00000233483.3	AC008105.2	transcribed_unitary_pseudogene	10	77	78	0.5150	0.1508	0.1453
ENSG00000233484.2	AL450471.1	transcribed_processed_pseudogene	0	0	0	0.0000	0.0000	0.0000
ENSG00000233485.1	FHAD1-AS1	lncRNA	1	20	45	0.0273	0.0080	0.0077
ENSG00000233487.6	RPSAP69	transcribed_processed_pseudogene	0	0	0	0.0000	0.0000	0.0000
ENSG00000233489.1	PAXBP1P1	processed_pseudogene	0	0	0	0.0000	0.0000	0.0000
ENSG00000233491.8	AC008163.1	transcribed_unitary_pseudogene	0	0	0	0.0000	0.0000	0.0000
ENSG00000233492.2	AL133325.2	lncRNA	0	0	0	0.0000	0.0000	0.0000
ENSG00000233493.4	TMEM238	protein_coding	30	12	18	3.6656	1.0737	1.0339
ENSG00000233494.1	AC009963.2	processed_pseudogene	0	0	0	0.0000	0.0000	0.0000
ENSG00000233496.1	SYNJ2-IT1	lncRNA	1	0	1	0.1418	0.0415	0.0400
ENSG00000233497.4	HNRNPA1P60	processed_pseudogene	2	0	2	0.1786	0.0523	0.0504
ENSG00000233499.1	OR5B1P	unprocessed_pseudogene	0	0	0	0.0000	0.0000	0.0000
ENSG00000233502.1	AC104794.2	lncRNA	0	0	0	0.0000	0.0000	0.0000
ENSG00000233503.1	HNRNPLP1	processed_pseudogene	1	1	0	0.0566	0.0166	0.0160
ENSG00000233508.3	AL021395.1	lncRNA	0	0	0	0.0000	0.0000	0.0000
ENSG00000233509.2	ZNF197-AS1	lncRNA	3	3	1	0.4089	0.1198	0.1153
ENSG00000233511.1	Z98742.2	processed_pseudogene	0	0	0	0.0000	0.0000	0.0000
ENSG00000233514.1	AL356653.1	processed_pseudogene	4	2	2	0.9436	0.2764	0.2661
ENSG00000233515.2	LINC01518	lncRNA	51	24	27	1.7338	0.5078	0.4890
ENSG00000233516.1	AL445644.1	lncRNA	0	0	0	0.0000	0.0000	0.0000
ENSG00000233517.1	AC005162.1	lncRNA	0	0	0	0.0000	0.0000	0.0000
ENSG00000233518.1	RPL7P35	processed_pseudogene	0	0	0	0.0000	0.0000	0.0000
ENSG00000233519.1	AL590490.1	lncRNA	0	0	0	0.0000	0.0000	0.0000
ENSG00000233521.7	LINC01638	lncRNA	7	4	3	0.4677	0.1370	0.1319
ENSG00000233522.1	FAM224A	lncRNA	0	0	0	0.0000	0.0000	0.0000
ENSG00000233523.1	PHBP5	processed_pseudogene	0	0	0	0.0000	0.0000	0.0000
ENSG00000233524.1	RANP8	processed_pseudogene	0	0	0	0.0000	0.0000	0.0000
ENSG00000233526.1	RFC5P1	processed_pseudogene	0	0	0	0.0000	0.0000	0.0000
ENSG00000233527.9	ZNF529-AS1	lncRNA	33	40	32	0.7663	0.2245	0.2161
ENSG00000233528.4	LINC00430	lncRNA	0	0	0	0.0000	0.0000	0.0000
ENSG00000233529.1	HCG21	lncRNA	0	0	0	0.0000	0.0000	0.0000
ENSG00000233531.1	DEFA10P	unprocessed_pseudogene	0	0	0	0.0000	0.0000	0.0000
ENSG00000233532.6	LINC00460	lncRNA	1	0	1	0.0201	0.0059	0.0057
ENSG00000233533.1	MKNK2P1	processed_pseudogene	0	0	0	0.0000	0.0000	0.0000
ENSG00000233534.3	AL035604.1	lncRNA	0	0	0	0.0000	0.0000	0.0000
ENSG00000233535.1	AC003035.2	lncRNA	34	15	19	4.1484	1.2151	1.1701
ENSG00000233536.2	AP000943.1	lncRNA	0	0	0	0.0000	0.0000	0.0000
ENSG00000233537.1	TEDDM2P	unitary_pseudogene	0	0	0	0.0000	0.0000	0.0000
ENSG00000233538.1	AC017104.2	lncRNA	0	0	0	0.0000	0.0000	0.0000
ENSG00000233539.5	AC011294.1	lncRNA	1935	942	993	58.8753	17.2455	16.6061
ENSG00000233540.1	DNM3-IT1	lncRNA	0	0	0	0.0000	0.0000	0.0000
ENSG00000233541.4	RPL31P47	processed_pseudogene	0	0	0	0.0000	0.0000	0.0000
ENSG00000233542.2	AL391845.2	lncRNA	2	2	0	0.0823	0.0241	0.0232
ENSG00000233543.1	CHTF8P1	processed_pseudogene	0	0	0	0.0000	0.0000	0.0000
ENSG00000233544.1	EIF3KP2	processed_pseudogene	0	0	0	0.0000	0.0000	0.0000
ENSG00000233545.1	CYCSP33	processed_pseudogene	0	0	0	0.0000	0.0000	0.0000
ENSG00000233546.1	PRYP5	unprocessed_pseudogene	0	0	0	0.0000	0.0000	0.0000
ENSG00000233547.1	AL158212.2	lncRNA	0	42	30	0.0000	0.0000	0.0000
ENSG00000233548.1	CYCSP44	processed_pseudogene	0	0	0	0.0000	0.0000	0.0000
ENSG00000233549.2	CYCSP35	processed_pseudogene	0	0	0	0.0000	0.0000	0.0000
ENSG00000233550.1	MTCYBP8	unprocessed_pseudogene	0	0	0	0.0000	0.0000	0.0000
ENSG00000233551.2	LSM1P1	processed_pseudogene	0	0	0	0.0000	0.0000	0.0000
ENSG00000233553.1	AC108462.1	lncRNA	0	0	0	0.0000	0.0000	0.0000
ENSG00000233554.6	B4GALT1-AS1	lncRNA	13	16	22	0.2879	0.0843	0.0812
ENSG00000233555.2	AL591438.1	processed_pseudogene	0	0	0	0.0000	0.0000	0.0000
ENSG00000233557.2	NFU1P2	processed_pseudogene	0	0	0	0.0000	0.0000	0.0000
ENSG00000233558.1	AL050331.1	processed_pseudogene	0	5	5	0.0000	0.0000	0.0000
ENSG00000233559.2	LINC00513	lncRNA	5	4	2	0.1781	0.0522	0.0502
ENSG00000233560.2	KRT8P39	processed_pseudogene	1	1	0	0.0593	0.0174	0.0167
ENSG00000233562.1	RPS3AP8	processed_pseudogene	0	0	0	0.0000	0.0000	0.0000
ENSG00000233563.1	OR52E7P	unprocessed_pseudogene	0	0	0	0.0000	0.0000	0.0000
ENSG00000233565.1	AC007690.1	processed_pseudogene	1	0	1	0.1815	0.0532	0.0512
ENSG00000233569.2	AL161630.1	lncRNA	0	0	0	0.0000	0.0000	0.0000
ENSG00000233570.2	LINC00690	lncRNA	0	0	0	0.0000	0.0000	0.0000
ENSG00000233571.1	AL592043.1	lncRNA	0	0	0	0.0000	0.0000	0.0000
ENSG00000233574.1	AL020994.3	lncRNA	0	0	0	0.0000	0.0000	0.0000
ENSG00000233575.2	AL358934.1	processed_pseudogene	0	0	0	0.0000	0.0000	0.0000
ENSG00000233576.1	HTR3C2P	unprocessed_pseudogene	0	0	0	0.0000	0.0000	0.0000
ENSG00000233577.6	AL022332.1	lncRNA	0	0	0	0.0000	0.0000	0.0000
ENSG00000233578.1	EIF4EP1	processed_pseudogene	4	1	3	0.5291	0.1550	0.1492
ENSG00000233579.1	KRT8P15	processed_pseudogene	0	0	0	0.0000	0.0000	0.0000
ENSG00000233581.1	AC069155.1	lncRNA	0	0	0	0.0000	0.0000	0.0000
ENSG00000233583.1	AL356273.1	processed_pseudogene	0	0	0	0.0000	0.0000	0.0000
ENSG00000233585.2	AC231533.2	transcribed_processed_pseudogene	2	1	1	0.1280	0.0375	0.0361
ENSG00000233586.1	AC246785.2	processed_pseudogene	0	1	1	0.0000	0.0000	0.0000
ENSG00000233587.2	LINC01884	lncRNA	0	0	0	0.0000	0.0000	0.0000
ENSG00000233588.1	CYP51A1P2	processed_pseudogene	20	11	9	1.1330	0.3319	0.3196
ENSG00000233589.1	AL138789.1	lncRNA	0	29	36	0.0000	0.0000	0.0000
ENSG00000233590.1	LINC02640	lncRNA	0	0	0	0.0000	0.0000	0.0000
ENSG00000233593.10	LINC02609	lncRNA	104	49	56	0.6153	0.1802	0.1735
ENSG00000233594.2	BTF3P5	processed_pseudogene	5	4	1	0.9092	0.2663	0.2564
ENSG00000233595.2	MTND2P29	processed_pseudogene	1	1	0	0.2061	0.0604	0.0581
ENSG00000233597.3	AC133435.1	processed_pseudogene	11	7	5	1.6217	0.4750	0.4574
ENSG00000233601.1	NCOR1P3	unprocessed_pseudogene	0	0	0	0.0000	0.0000	0.0000
ENSG00000233602.1	ERI3-IT1	lncRNA	0	0	0	0.0000	0.0000	0.0000
ENSG00000233603.1	JTBP1	processed_pseudogene	0	0	0	0.0000	0.0000	0.0000
ENSG00000233605.3	LINC01851	lncRNA	0	0	0	0.0000	0.0000	0.0000
ENSG00000233606.2	OR6C66P	transcribed_unprocessed_pseudogene	0	0	0	0.0000	0.0000	0.0000
ENSG00000233607.1	LINC01392	lncRNA	0	0	0	0.0000	0.0000	0.0000
ENSG00000233608.4	TWIST2	protein_coding	84	38	46	3.8166	1.1180	1.0765
ENSG00000233609.3	RPL10P19	transcribed_processed_pseudogene	9	3	6	0.5300	0.1553	0.1495
ENSG00000233610.1	LINC00462	lncRNA	62	34	28	5.4730	1.6031	1.5437
ENSG00000233611.3	AC019068.1	lncRNA	0	2	3	0.0000	0.0000	0.0000
ENSG00000233613.5	DCUN1D2-AS	lncRNA	1	0	1	0.2277	0.0667	0.0642
ENSG00000233614.6	DDX11L10	transcribed_unprocessed_pseudogene	0	0	0	0.0000	0.0000	0.0000
ENSG00000233615.1	HNRNPA1P42	processed_pseudogene	2	2	0	0.1775	0.0520	0.0501
ENSG00000233616.2	AL359636.1	lncRNA	0	0	0	0.0000	0.0000	0.0000
ENSG00000233619.1	AC006328.1	processed_pseudogene	0	0	0	0.0000	0.0000	0.0000
ENSG00000233620.5	USH2A-AS2	lncRNA	0	0	1	0.0000	0.0000	0.0000
ENSG00000233621.2	LINC01137	lncRNA	209	109	100	5.8789	1.7220	1.6582
ENSG00000233622.3	CYP2T1P	transcribed_unitary_pseudogene	38	22	18	1.1240	0.3292	0.3170
ENSG00000233623.2	PGAM1P11	processed_pseudogene	0	0	0	0.0000	0.0000	0.0000
ENSG00000233625.1	AL035045.1	lncRNA	0	0	0	0.0000	0.0000	0.0000
ENSG00000233626.2	AC092814.2	processed_pseudogene	6	2	4	1.3200	0.3867	0.3723
ENSG00000233627.2	C4A-AS1	lncRNA	0	0	0	0.0000	0.0000	0.0000
ENSG00000233632.1	Z82198.3	processed_pseudogene	0	0	0	0.0000	0.0000	0.0000
ENSG00000233633.2	AC093326.1	lncRNA	2	0	2	0.0475	0.0139	0.0134
ENSG00000233634.1	GOT2P5	processed_pseudogene	0	0	0	0.0000	0.0000	0.0000
ENSG00000233635.2	AC015923.1	lncRNA	0	19	22	0.0000	0.0000	0.0000
ENSG00000233639.7	PANTR1	lncRNA	90	46	44	0.8280	0.2425	0.2335
ENSG00000233640.2	KRTAP13-5P	unprocessed_pseudogene	0	0	0	0.0000	0.0000	0.0000
ENSG00000233642.1	GPR158-AS1	lncRNA	0	14	6	0.0000	0.0000	0.0000
ENSG00000233643.2	LINC02625	lncRNA	0	0	0	0.0000	0.0000	0.0000
ENSG00000233644.1	ARHGEF7-IT1	lncRNA	0	0	0	0.0000	0.0000	0.0000
ENSG00000233645.1	AL358876.2	lncRNA	0	0	0	0.0000	0.0000	0.0000
ENSG00000233646.1	OR52T1P	unprocessed_pseudogene	0	0	0	0.0000	0.0000	0.0000
ENSG00000233647.2	NENFP1	processed_pseudogene	0	0	0	0.0000	0.0000	0.0000
ENSG00000233648.1	AC010095.1	processed_pseudogene	0	0	0	0.0000	0.0000	0.0000
ENSG00000233651.2	AL590399.5	lncRNA	0	0	0	0.0000	0.0000	0.0000
ENSG00000233652.1	CICP1	processed_pseudogene	0	0	0	0.0000	0.0000	0.0000
ENSG00000233653.3	CICP7	processed_pseudogene	0	0	0	0.0000	0.0000	0.0000
ENSG00000233654.2	AC108047.1	lncRNA	94	50	44	3.8414	1.1252	1.0835
ENSG00000233655.1	IGHD4-4	IG_D_gene	0	0	0	0.0000	0.0000	0.0000
ENSG00000233656.2	AL445430.1	lncRNA	0	0	0	0.0000	0.0000	0.0000
ENSG00000233659.1	NDUFA5P4	processed_pseudogene	0	0	0	0.0000	0.0000	0.0000
ENSG00000233661.1	SPIN4-AS1	lncRNA	0	4	8	0.0000	0.0000	0.0000
ENSG00000233662.1	CALM2P4	processed_pseudogene	1	1	0	0.1993	0.0584	0.0562
ENSG00000233663.1	AL161722.1	processed_pseudogene	0	0	0	0.0000	0.0000	0.0000
ENSG00000233664.1	NDUFS5P3	processed_pseudogene	1	1	0	0.2645	0.0775	0.0746
ENSG00000233665.8	AC060234.2	lncRNA	0	33	28	0.0000	0.0000	0.0000
ENSG00000233668.1	AL353662.1	processed_pseudogene	4	2	2	0.5266	0.1543	0.1485
ENSG00000233670.7	PIRT	protein_coding	0	0	0	0.0000	0.0000	0.0000
ENSG00000233671.1	CENPNP1	processed_pseudogene	0	0	0	0.0000	0.0000	0.0000
ENSG00000233672.9	RNASEH2B-AS1	lncRNA	6	7	6	0.0524	0.0154	0.0148
ENSG00000233673.7	ANAPC1P1	transcribed_unprocessed_pseudogene	3	14	9	0.0998	0.0292	0.0281
ENSG00000233674.2	AL451062.1	processed_pseudogene	0	0	0	0.0000	0.0000	0.0000
ENSG00000233676.2	FDPSP6	processed_pseudogene	1	1	0	0.1659	0.0486	0.0468
ENSG00000233677.1	DDX39BP1	unprocessed_pseudogene	0	0	0	0.0000	0.0000	0.0000
ENSG00000233680.4	HNRNPA1P27	processed_pseudogene	0	0	0	0.0000	0.0000	0.0000
ENSG00000233681.1	CEACAMP1	unprocessed_pseudogene	0	0	0	0.0000	0.0000	0.0000
ENSG00000233682.3	AL356417.2	lncRNA	4	2	2	0.4132	0.1210	0.1166
ENSG00000233683.1	AC004965.1	processed_pseudogene	0	0	0	0.0000	0.0000	0.0000
ENSG00000233684.2	LINC01865	lncRNA	0	0	0	0.0000	0.0000	0.0000
ENSG00000233685.1	OR6L1P	unprocessed_pseudogene	0	0	0	0.0000	0.0000	0.0000
ENSG00000233686.3	PIEZO1P1	processed_pseudogene	0	0	0	0.0000	0.0000	0.0000
ENSG00000233688.1	BX842559.2	processed_pseudogene	0	0	0	0.0000	0.0000	0.0000
ENSG00000233689.2	AC104688.1	lncRNA	0	0	0	0.0000	0.0000	0.0000
ENSG00000233690.1	EBAG9P1	processed_pseudogene	1	1	0	0.1564	0.0458	0.0441
ENSG00000233691.2	AL354714.4	processed_pseudogene	0	0	0	0.0000	0.0000	0.0000
ENSG00000233693.1	PBX1-AS1	lncRNA	0	0	0	0.0000	0.0000	0.0000
ENSG00000233694.6	LINC02579	lncRNA	0	0	0	0.0000	0.0000	0.0000
ENSG00000233695.2	GAS6-AS1	lncRNA	262	244	274	3.1035	0.9091	0.8754
ENSG00000233699.2	TTTY18	lncRNA	0	0	0	0.0000	0.0000	0.0000
ENSG00000233701.3	PRR23C	protein_coding	0	0	0	0.0000	0.0000	0.0000
ENSG00000233702.1	RPL37P13	processed_pseudogene	0	0	0	0.0000	0.0000	0.0000
ENSG00000233703.1	AC027673.1	processed_pseudogene	0	0	0	0.0000	0.0000	0.0000
ENSG00000233705.7	SLC26A4-AS1	lncRNA	62	34	47	0.6057	0.1774	0.1708
ENSG00000233706.1	AL353689.2	lncRNA	0	246	254	0.0000	0.0000	0.0000
ENSG00000233707.3	RPL22P11	processed_pseudogene	0	0	1	0.0000	0.0000	0.0000
ENSG00000233708.1	AL512353.2	processed_pseudogene	2	2	0	0.0866	0.0254	0.0244
ENSG00000233709.1	MTND4P28	processed_pseudogene	0	0	0	0.0000	0.0000	0.0000
ENSG00000233710.1	AL049564.1	processed_pseudogene	0	0	0	0.0000	0.0000	0.0000
ENSG00000233711.1	EIF4EBP2P1	processed_pseudogene	0	0	0	0.0000	0.0000	0.0000
ENSG00000233712.1	AL135929.1	unprocessed_pseudogene	0	0	0	0.0000	0.0000	0.0000
ENSG00000233713.2	AL161447.1	processed_pseudogene	0	0	0	0.0000	0.0000	0.0000
ENSG00000233714.1	AC012506.3	lncRNA	0	0	0	0.0000	0.0000	0.0000
ENSG00000233716.1	MTFR2P1	processed_pseudogene	1	1	0	0.0755	0.0221	0.0213
ENSG00000233717.1	RPS29P29	processed_pseudogene	0	0	0	0.0000	0.0000	0.0000
ENSG00000233718.8	MYCNOS	lncRNA	0	1	0	0.0000	0.0000	0.0000
ENSG00000233719.4	GOT2P3	transcribed_processed_pseudogene	3	1	2	0.1976	0.0579	0.0557
ENSG00000233720.1	AC245517.3	unprocessed_pseudogene	0	0	0	0.0000	0.0000	0.0000
ENSG00000233721.1	AL356309.2	lncRNA	0	0	0	0.0000	0.0000	0.0000
ENSG00000233723.9	LINC01122	lncRNA	2	1	3	0.0141	0.0041	0.0040
ENSG00000233724.1	AL513321.1	processed_pseudogene	0	0	0	0.0000	0.0000	0.0000
ENSG00000233725.7	NRAD1	lncRNA	0	0	0	0.0000	0.0000	0.0000
ENSG00000233727.1	AL162389.1	processed_pseudogene	0	0	0	0.0000	0.0000	0.0000
ENSG00000233728.1	AL929472.3	lncRNA	0	11	5	0.0000	0.0000	0.0000
ENSG00000233729.1	NCKAP5-AS1	lncRNA	2	0	2	0.0993	0.0291	0.0280
ENSG00000233730.1	LINC01765	lncRNA	0	0	0	0.0000	0.0000	0.0000
ENSG00000233732.5	IGHV3OR16-10	IG_V_gene	2	2	1	0.4853	0.1421	0.1369
ENSG00000233733.1	H2AZP6	processed_pseudogene	1	0	2	0.2155	0.0631	0.0608
ENSG00000233735.5	AL359918.2	lncRNA	0	0	0	0.0000	0.0000	0.0000
ENSG00000233737.3	AP003072.1	processed_pseudogene	0	0	0	0.0000	0.0000	0.0000
ENSG00000233739.1	AL031587.2	lncRNA	0	53	54	0.0000	0.0000	0.0000
ENSG00000233740.1	CICP2	processed_pseudogene	0	0	0	0.0000	0.0000	0.0000
ENSG00000233741.1	RPL27P7	processed_pseudogene	1	1	0	0.2056	0.0602	0.0580
ENSG00000233746.2	LINC00656	lncRNA	0	0	0	0.0000	0.0000	0.0000
ENSG00000233747.1	RPL36AP13	processed_pseudogene	1	0	1	0.2679	0.0785	0.0756
ENSG00000233750.3	CICP27	processed_pseudogene	0	0	0	0.0000	0.0000	0.0000
ENSG00000233751.1	RRAS2P2	processed_pseudogene	0	0	0	0.0000	0.0000	0.0000
ENSG00000233752.1	RPL21P36	processed_pseudogene	0	0	0	0.0000	0.0000	0.0000
ENSG00000233754.2	AP001628.2	lncRNA	0	0	0	0.0000	0.0000	0.0000
ENSG00000233755.1	AL050344.1	lncRNA	3	1	2	0.2952	0.0865	0.0833
ENSG00000233756.5	DSCAM-IT1	lncRNA	0	0	0	0.0000	0.0000	0.0000
ENSG00000233757.6	AC092835.1	protein_coding	23	15	8	0.8477	0.2483	0.2391
ENSG00000233760.2	AC004947.1	lncRNA	0	1	0	0.0000	0.0000	0.0000
ENSG00000233762.3	RPS15P4	processed_pseudogene	154	74	80	29.2567	8.5697	8.2520
ENSG00000233764.1	MTCO1P20	processed_pseudogene	0	0	0	0.0000	0.0000	0.0000
ENSG00000233765.1	CDRT15P12	unprocessed_pseudogene	1	1	0	0.1337	0.0392	0.0377
ENSG00000233766.7	CAVIN2-AS1	lncRNA	0	7	11	0.0000	0.0000	0.0000
ENSG00000233767.1	PSMA6P3	processed_pseudogene	0	0	0	0.0000	0.0000	0.0000
ENSG00000233771.2	CICP5	unprocessed_pseudogene	1	1	1	0.0383	0.0112	0.0108
ENSG00000233774.1	MED14P1	unprocessed_pseudogene	0	0	0	0.0000	0.0000	0.0000
ENSG00000233775.1	AL109945.1	lncRNA	2	1	1	0.2472	0.0724	0.0697
ENSG00000233776.5	LINC01251	lncRNA	0	0	0	0.0000	0.0000	0.0000
ENSG00000233778.3	AC104339.1	processed_pseudogene	12	8	4	2.9283	0.8577	0.8259
ENSG00000233780.3	HNRNPA1P30	transcribed_processed_pseudogene	1	0	1	0.0523	0.0153	0.0147
ENSG00000233782.1	ZNF90P3	processed_pseudogene	0	0	0	0.0000	0.0000	0.0000
ENSG00000233783.8	AP001442.1	lncRNA	2	1	1	0.0497	0.0146	0.0140
ENSG00000233785.1	AC131011.1	lncRNA	0	0	0	0.0000	0.0000	0.0000
ENSG00000233786.1	CDC27P1	processed_pseudogene	0	0	0	0.0000	0.0000	0.0000
ENSG00000233787.3	AC010374.1	processed_pseudogene	0	0	0	0.0000	0.0000	0.0000
ENSG00000233791.5	LINC01136	lncRNA	3	2	1	0.0935	0.0274	0.0264
ENSG00000233792.3	PUDPP2	transcribed_processed_pseudogene	0	0	0	0.0000	0.0000	0.0000
ENSG00000233797.2	UFL1-AS1	lncRNA	1	0	1	0.0129	0.0038	0.0036
ENSG00000233799.1	AC139887.1	lncRNA	10	28	24	2.9692	0.8697	0.8375
ENSG00000233802.8	TRIM49D2	protein_coding	0	0	0	0.0000	0.0000	0.0000
ENSG00000233803.9	TSPY4	protein_coding	0	0	0	0.0000	0.0000	0.0000
ENSG00000233805.1	AL365496.1	processed_pseudogene	0	0	0	0.0000	0.0000	0.0000
ENSG00000233806.7	LINC01237	lncRNA	10	4	6	0.5304	0.1554	0.1496
ENSG00000233807.1	AMZ2P3	processed_pseudogene	0	0	0	0.0000	0.0000	0.0000
ENSG00000233810.1	MOB1AP2	processed_pseudogene	0	0	0	0.0000	0.0000	0.0000
ENSG00000233814.1	H3P32	processed_pseudogene	0	0	0	0.0000	0.0000	0.0000
ENSG00000233816.3	IFNA13	protein_coding	0	0	0	0.0000	0.0000	0.0000
ENSG00000233817.1	AL162727.1	lncRNA	1	1	0	0.0279	0.0082	0.0079
ENSG00000233818.1	AP000695.2	lncRNA	159	81	92	11.4621	3.3574	3.2330
ENSG00000233819.1	LCEP1	unprocessed_pseudogene	0	0	0	0.0000	0.0000	0.0000
ENSG00000233820.2	AL589843.2	transcribed_processed_pseudogene	7	3	4	0.3995	0.1170	0.1127
ENSG00000233821.1	ENOX1-AS1	lncRNA	0	0	0	0.0000	0.0000	0.0000
ENSG00000233822.4	H2BC15	protein_coding	35	11	26	0.5427	0.1590	0.1531
ENSG00000233823.1	AL356311.1	lncRNA	0	0	0	0.0000	0.0000	0.0000
ENSG00000233824.2	AC003985.1	lncRNA	0	0	0	0.0000	0.0000	0.0000
ENSG00000233825.1	AL391839.2	lncRNA	0	33	31	0.0000	0.0000	0.0000
ENSG00000233827.2	CCNQP1	processed_pseudogene	0	0	0	0.0000	0.0000	0.0000
ENSG00000233828.5	MIR4280HG	lncRNA	3	1	2	0.0406	0.0119	0.0114
ENSG00000233829.1	RPL26P15	processed_pseudogene	0	0	0	0.0000	0.0000	0.0000
ENSG00000233830.2	EIF4HP1	processed_pseudogene	28	14	14	3.4611	1.0138	0.9762
ENSG00000233832.1	AL590623.1	processed_pseudogene	0	0	0	0.0000	0.0000	0.0000
ENSG00000233833.1	ETF1P3	processed_pseudogene	0	0	0	0.0000	0.0000	0.0000
ENSG00000233834.6	AC005083.1	lncRNA	5	3	2	0.4713	0.1380	0.1329
ENSG00000233835.1	AL132875.2	lncRNA	0	0	0	0.0000	0.0000	0.0000
ENSG00000233836.7	AC139769.1	transcribed_unprocessed_pseudogene	3	2	1	0.0786	0.0230	0.0222
ENSG00000233837.1	EIF3LP2	processed_pseudogene	13	7	6	1.3680	0.4007	0.3858
ENSG00000233838.5	DPH3P1	processed_pseudogene	0	5	5	0.0000	0.0000	0.0000
ENSG00000233839.1	AL357055.1	processed_pseudogene	1	0	1	0.2071	0.0607	0.0584
ENSG00000233840.1	PCDH9-AS4	lncRNA	0	0	0	0.0000	0.0000	0.0000
ENSG00000233842.2	AC079248.1	lncRNA	1	0	1	0.0473	0.0139	0.0134
ENSG00000233843.1	CYCSP48	processed_pseudogene	0	0	0	0.0000	0.0000	0.0000
ENSG00000233845.1	AC093732.1	lncRNA	0	0	0	0.0000	0.0000	0.0000
ENSG00000233846.2	SELENOTP1	processed_pseudogene	9	5	4	1.5694	0.4597	0.4427
ENSG00000233847.1	ERCC8-AS1	lncRNA	0	29	20	0.0000	0.0000	0.0000
ENSG00000233848.1	AL513188.1	lncRNA	0	0	0	0.0000	0.0000	0.0000
ENSG00000233849.1	AC022201.2	lncRNA	0	42	38	0.0000	0.0000	0.0000
ENSG00000233850.1	AC103563.7	lncRNA	0	0	0	0.0000	0.0000	0.0000
ENSG00000233851.1	LATS2-AS1	lncRNA	0	0	0	0.0000	0.0000	0.0000
ENSG00000233852.1	AC005304.1	lncRNA	0	0	0	0.0000	0.0000	0.0000
ENSG00000233854.2	POU6F2-AS2	lncRNA	0	0	0	0.0000	0.0000	0.0000
ENSG00000233858.4	LINC02599	lncRNA	1	1	0	0.0239	0.0070	0.0067
ENSG00000233859.2	ADH5P4	processed_pseudogene	8	4	4	0.6120	0.1793	0.1726
ENSG00000233860.2	SHROOM3-AS1	lncRNA	3	7	9	0.0586	0.0172	0.0165
ENSG00000233861.1	MGAT2P1	processed_pseudogene	0	0	0	0.0000	0.0000	0.0000
ENSG00000233862.7	AC016907.2	lncRNA	9	7	3	0.1812	0.0531	0.0511
ENSG00000233866.1	AC145543.1	lncRNA	0	0	0	0.0000	0.0000	0.0000
ENSG00000233867.2	SLC9B1P3	unprocessed_pseudogene	0	0	0	0.0000	0.0000	0.0000
ENSG00000233868.1	LLPHP3	processed_pseudogene	4	1	3	0.8710	0.2551	0.2457
ENSG00000233869.1	RPSAP27	processed_pseudogene	0	0	0	0.0000	0.0000	0.0000
ENSG00000233870.1	AC007881.1	unprocessed_pseudogene	0	0	0	0.0000	0.0000	0.0000
ENSG00000233871.2	DLG5-AS1	lncRNA	12	9	5	0.4168	0.1221	0.1176
ENSG00000233872.1	TOR1BP1	processed_pseudogene	0	0	0	0.0000	0.0000	0.0000
ENSG00000233873.1	RPL7P44	processed_pseudogene	4	2	2	0.4578	0.1341	0.1291
ENSG00000233874.2	MFN1P1	processed_pseudogene	1	0	1	0.0469	0.0137	0.0132
ENSG00000233875.1	AL592078.1	lncRNA	0	0	0	0.0000	0.0000	0.0000
ENSG00000233876.2	GAPDHP68	processed_pseudogene	15	7	8	1.2637	0.3702	0.3564
ENSG00000233877.2	AL606517.1	processed_pseudogene	0	0	0	0.0000	0.0000	0.0000
ENSG00000233880.1	NFYCP1	processed_pseudogene	0	0	0	0.0000	0.0000	0.0000
ENSG00000233882.2	LINC01680	lncRNA	0	0	0	0.0000	0.0000	0.0000
ENSG00000233884.2	AL772337.2	lncRNA	0	0	0	0.0000	0.0000	0.0000
ENSG00000233885.7	YEATS2-AS1	lncRNA	11	289	299	0.2856	0.0837	0.0805
ENSG00000233887.1	AL354685.1	processed_pseudogene	0	0	0	0.0000	0.0000	0.0000
ENSG00000233888.2	MTCO2P17	unprocessed_pseudogene	0	0	0	0.0000	0.0000	0.0000
ENSG00000233891.8	AC007179.2	lncRNA	0	0	0	0.0000	0.0000	0.0000
ENSG00000233892.1	PAIP1P1	processed_pseudogene	3	1	2	0.2118	0.0620	0.0597
ENSG00000233893.2	EZR-AS1	lncRNA	2	300	288	0.4692	0.1374	0.1323
ENSG00000233894.1	AC105271.1	lncRNA	1	0	1	0.0938	0.0275	0.0265
ENSG00000233896.2	PDYN-AS1	lncRNA	0	0	0	0.0000	0.0000	0.0000
ENSG00000233900.1	RPL17P35	processed_pseudogene	0	0	0	0.0000	0.0000	0.0000
ENSG00000233901.6	LINC01503	lncRNA	19	9	10	0.3458	0.1013	0.0975
ENSG00000233902.1	AL645933.1	unprocessed_pseudogene	0	3	5	0.0000	0.0000	0.0000
ENSG00000233905.1	LONRF2P2	processed_pseudogene	0	0	0	0.0000	0.0000	0.0000
ENSG00000233906.1	AL445623.1	lncRNA	0	0	0	0.0000	0.0000	0.0000
ENSG00000233907.1	LINC01761	lncRNA	0	0	0	0.0000	0.0000	0.0000
ENSG00000233908.1	AL359711.1	processed_pseudogene	0	0	0	0.0000	0.0000	0.0000
ENSG00000233909.1	UBE2V1P4	processed_pseudogene	0	0	0	0.0000	0.0000	0.0000
ENSG00000233910.1	GTF2F2P2	processed_pseudogene	0	0	0	0.0000	0.0000	0.0000
ENSG00000233912.1	AC026202.2	lncRNA	19	11	8	2.4010	0.7033	0.6772
ENSG00000233913.7	RPL10P9	processed_pseudogene	201	93	108	26.4636	7.7516	7.4642
ENSG00000233915.4	UBE2Q2P10	processed_pseudogene	0	0	0	0.0000	0.0000	0.0000
ENSG00000233916.1	ZDHHC20P1	processed_pseudogene	3	0	3	0.6023	0.1764	0.1699
ENSG00000233917.9	POTEB	protein_coding	0	0	0	0.0000	0.0000	0.0000
ENSG00000233918.1	AC128676.1	processed_pseudogene	0	0	0	0.0000	0.0000	0.0000
ENSG00000233919.1	AC009743.1	lncRNA	0	0	0	0.0000	0.0000	0.0000
ENSG00000233920.2	AL162595.2	lncRNA	0	0	0	0.0000	0.0000	0.0000
ENSG00000233921.2	RPS15AP40	processed_pseudogene	3	3	0	0.6516	0.1909	0.1838
ENSG00000233922.3	LINC01694	lncRNA	2	1	1	0.0239	0.0070	0.0067
ENSG00000233924.1	RPSAP13	processed_pseudogene	3	2	1	0.2912	0.0853	0.0821
ENSG00000233926.1	AL591368.1	lncRNA	2	0	2	0.0901	0.0264	0.0254
ENSG00000233927.5	RPS28	protein_coding	6119	3263	3349	245.2233	71.8298	69.1667
ENSG00000233928.6	AL591501.1	lncRNA	1	1	0	0.0059	0.0017	0.0017
ENSG00000233929.1	MT1XP1	processed_pseudogene	3	2	1	1.3697	0.4012	0.3863
ENSG00000233930.4	KRTAP5-AS1	lncRNA	0	3	1	0.0000	0.0000	0.0000
ENSG00000233932.6	CTXN2	protein_coding	0	10	13	0.0000	0.0000	0.0000
ENSG00000233933.2	AL135924.1	processed_pseudogene	0	0	0	0.0000	0.0000	0.0000
ENSG00000233934.2	RPL21P38	processed_pseudogene	0	0	0	0.0000	0.0000	0.0000
ENSG00000233936.1	AL390778.2	lncRNA	0	0	0	0.0000	0.0000	0.0000
ENSG00000233937.7	CTC-338M12.4	lncRNA	20	152	145	0.5103	0.1495	0.1439
ENSG00000233939.1	RPL27AP4	processed_pseudogene	0	0	0	0.0000	0.0000	0.0000
ENSG00000233940.1	RPL12P45	processed_pseudogene	0	0	0	0.0000	0.0000	0.0000
ENSG00000233941.1	AL356859.1	lncRNA	0	0	0	0.0000	0.0000	0.0000
ENSG00000233942.1	AC004012.1	lncRNA	0	0	0	0.0000	0.0000	0.0000
ENSG00000233943.1	AC114973.1	processed_pseudogene	0	0	0	0.0000	0.0000	0.0000
ENSG00000233944.1	LINC00265-3P	processed_pseudogene	0	0	0	0.0000	0.0000	0.0000
ENSG00000233945.2	LINC02650	lncRNA	0	0	0	0.0000	0.0000	0.0000
ENSG00000233946.2	RPS29P4	processed_pseudogene	0	0	0	0.0000	0.0000	0.0000
ENSG00000233947.1	ASS1P3	processed_pseudogene	0	0	0	0.0000	0.0000	0.0000
ENSG00000233951.3	RCC2P3	processed_pseudogene	0	0	0	0.0000	0.0000	0.0000
ENSG00000233952.1	FTLP15	processed_pseudogene	0	0	0	0.0000	0.0000	0.0000
ENSG00000233953.1	AC009970.1	lncRNA	0	0	0	0.0000	0.0000	0.0000
ENSG00000233954.6	UQCRHL	protein_coding	92	55	37	3.5838	1.0498	1.0108
ENSG00000233955.1	AHCYP3	processed_pseudogene	0	0	0	0.0000	0.0000	0.0000
ENSG00000233956.1	BTF3P6	processed_pseudogene	0	0	0	0.0000	0.0000	0.0000
ENSG00000233960.1	AC079763.1	lncRNA	0	0	0	0.0000	0.0000	0.0000
ENSG00000233962.1	AC064862.2	unprocessed_pseudogene	0	0	0	0.0000	0.0000	0.0000
ENSG00000233963.2	ATP8A2P3	unprocessed_pseudogene	0	0	0	0.0000	0.0000	0.0000
ENSG00000233966.1	UBE2SP1	processed_pseudogene	46	24	23	5.8391	1.7104	1.6469
ENSG00000233967.7	AL359715.1	lncRNA	9	5	4	0.1219	0.0357	0.0344
ENSG00000233968.7	AL157895.1	lncRNA	3	2	1	0.0545	0.0160	0.0154
ENSG00000233969.2	AC004946.2	lncRNA	0	0	0	0.0000	0.0000	0.0000
ENSG00000233970.1	AC092159.2	lncRNA	0	0	0	0.0000	0.0000	0.0000
ENSG00000233971.1	RPS20P10	processed_pseudogene	5	2	3	1.6783	0.4916	0.4734
ENSG00000233973.7	LINC01360	lncRNA	0	0	0	0.0000	0.0000	0.0000
ENSG00000233974.3	AC138951.1	processed_pseudogene	2	1	1	0.0633	0.0185	0.0178
ENSG00000233975.1	LINC02574	lncRNA	8	2	6	1.5405	0.4512	0.4345
ENSG00000233977.1	AC099681.3	lncRNA	0	0	0	0.0000	0.0000	0.0000
ENSG00000233978.1	LINC02590	lncRNA	1	1	0	0.1492	0.0437	0.0421
ENSG00000233979.1	RPL22P21	processed_pseudogene	0	0	0	0.0000	0.0000	0.0000
ENSG00000233980.1	FDPSP2	processed_pseudogene	0	1	1	0.0000	0.0000	0.0000
ENSG00000233981.1	AL022396.1	lncRNA	1	0	1	0.2200	0.0644	0.0621
ENSG00000233983.2	AL365220.1	processed_pseudogene	0	0	0	0.0000	0.0000	0.0000
ENSG00000233984.1	RPSAP14	processed_pseudogene	0	1	0	0.0000	0.0000	0.0000
ENSG00000233985.2	LINC01681	lncRNA	0	0	0	0.0000	0.0000	0.0000
ENSG00000233987.2	AC106706.1	lncRNA	0	0	0	0.0000	0.0000	0.0000
ENSG00000233990.1	AL353754.1	processed_pseudogene	2	0	2	0.4995	0.1463	0.1409
ENSG00000233993.1	DTD1-AS1	lncRNA	0	0	0	0.0000	0.0000	0.0000
ENSG00000233994.2	GDI2P2	processed_pseudogene	9	5	4	1.2570	0.3682	0.3546
ENSG00000233995.1	AP000547.1	unprocessed_pseudogene	0	0	0	0.0000	0.0000	0.0000
ENSG00000233996.1	KDM3AP1	processed_pseudogene	2	2	0	0.1371	0.0402	0.0387
ENSG00000233997.5	LINC01425	lncRNA	2	1	1	0.2200	0.0644	0.0621
ENSG00000233998.1	SETP5	processed_pseudogene	0	1	0	0.0000	0.0000	0.0000
ENSG00000233999.3	IGKV3OR2-268	IG_V_gene	47	25	22	11.4036	3.3403	3.2165
ENSG00000234001.1	AC000111.1	processed_pseudogene	0	0	0	0.0000	0.0000	0.0000
ENSG00000234003.1	MTATP6P27	unprocessed_pseudogene	0	0	0	0.0000	0.0000	0.0000
ENSG00000234004.4	AC092017.1	processed_pseudogene	2	2	0	0.4692	0.1374	0.1323
ENSG00000234005.3	GAPDHP22	processed_pseudogene	0	0	0	0.0000	0.0000	0.0000
ENSG00000234006.1	DDX39B-AS1	lncRNA	2	3	2	0.3223	0.0944	0.0909
ENSG00000234008.5	PPP1R2P2	processed_pseudogene	0	0	0	0.0000	0.0000	0.0000
ENSG00000234009.1	RPL5P34	processed_pseudogene	11	5	6	1.0484	0.3071	0.2957
ENSG00000234015.1	LINC02530	lncRNA	0	0	0	0.0000	0.0000	0.0000
ENSG00000234016.1	GNG10P1	processed_pseudogene	0	0	0	0.0000	0.0000	0.0000
ENSG00000234017.1	AC022018.1	processed_pseudogene	11	5	6	3.8760	1.1354	1.0933
ENSG00000234019.1	AL591212.1	lncRNA	1	1	0	0.1381	0.0404	0.0389
ENSG00000234020.1	CHIAP3	unprocessed_pseudogene	0	0	0	0.0000	0.0000	0.0000
ENSG00000234021.1	AL596451.1	lncRNA	0	0	0	0.0000	0.0000	0.0000
ENSG00000234022.1	AC008278.2	lncRNA	0	0	0	0.0000	0.0000	0.0000
ENSG00000234025.1	RBPMS2P1	processed_pseudogene	0	0	0	0.0000	0.0000	0.0000
ENSG00000234026.1	AL157834.2	lncRNA	0	1	0	0.0000	0.0000	0.0000
ENSG00000234028.3	EIF2AK3-DT	lncRNA	49	26	26	0.9715	0.2846	0.2740
ENSG00000234030.1	TMEM97P1	processed_pseudogene	0	0	0	0.0000	0.0000	0.0000
ENSG00000234031.1	RPS3AP44	processed_pseudogene	5	4	1	0.5375	0.1574	0.1516
ENSG00000234033.1	RAC1P8	processed_pseudogene	0	0	0	0.0000	0.0000	0.0000
ENSG00000234034.1	AP000959.1	lncRNA	0	0	0	0.0000	0.0000	0.0000
ENSG00000234036.4	TXNP6	processed_pseudogene	1	1	0	0.2739	0.0802	0.0773
ENSG00000234039.2	NDUFA5P7	processed_pseudogene	0	0	0	0.0000	0.0000	0.0000
ENSG00000234040.3	RPL10P12	processed_pseudogene	5	2	3	1.3352	0.3911	0.3766
ENSG00000234041.1	AL512326.5	processed_pseudogene	0	0	0	0.0000	0.0000	0.0000
ENSG00000234042.1	AL591438.2	processed_pseudogene	24	15	9	2.9495	0.8639	0.8319
ENSG00000234043.3	NUDT9P1	processed_pseudogene	15	7	8	1.7098	0.5008	0.4823
ENSG00000234044.1	AC108059.2	processed_pseudogene	0	0	0	0.0000	0.0000	0.0000
ENSG00000234048.1	FAM96AP1	processed_pseudogene	0	0	0	0.0000	0.0000	0.0000
ENSG00000234050.1	Z95624.1	lncRNA	0	0	0	0.0000	0.0000	0.0000
ENSG00000234052.2	LINC01673	lncRNA	8	3	5	0.3277	0.0960	0.0924
ENSG00000234055.1	AL158151.2	lncRNA	0	39	60	0.0000	0.0000	0.0000
ENSG00000234056.2	LINC00463	lncRNA	0	0	0	0.0000	0.0000	0.0000
ENSG00000234059.1	CASKP1	unprocessed_pseudogene	0	0	0	0.0000	0.0000	0.0000
ENSG00000234060.1	EDDM3CP	processed_pseudogene	0	0	0	0.0000	0.0000	0.0000
ENSG00000234061.1	AC007969.1	processed_pseudogene	1	1	0	0.4446	0.1302	0.1254
ENSG00000234062.8	AL390879.1	transcribed_unprocessed_pseudogene	34	23	11	0.7351	0.2153	0.2073
ENSG00000234064.1	PRAMEF29P	unprocessed_pseudogene	0	0	0	0.0000	0.0000	0.0000
ENSG00000234065.2	MTND4P26	processed_pseudogene	0	0	0	0.0000	0.0000	0.0000
ENSG00000234066.1	TAS2R62P	unitary_pseudogene	0	0	0	0.0000	0.0000	0.0000
ENSG00000234067.1	RPL5P10	processed_pseudogene	0	0	0	0.0000	0.0000	0.0000
ENSG00000234068.7	PAGE2	protein_coding	0	0	0	0.0000	0.0000	0.0000
ENSG00000234069.1	GAPDHP53	processed_pseudogene	0	0	0	0.0000	0.0000	0.0000
ENSG00000234070.1	SPATA17-AS1	lncRNA	0	11	14	0.0000	0.0000	0.0000
ENSG00000234071.1	AC010099.2	processed_pseudogene	0	0	0	0.0000	0.0000	0.0000
ENSG00000234072.1	AC074117.1	lncRNA	53	228	209	1.3191	0.3864	0.3721
ENSG00000234073.1	AC011816.1	processed_pseudogene	0	0	0	0.0000	0.0000	0.0000
ENSG00000234075.1	RPL35AP	processed_pseudogene	0	0	0	0.0000	0.0000	0.0000
ENSG00000234076.1	TPRG1-AS1	lncRNA	7	8	9	0.8529	0.2498	0.2406
ENSG00000234080.3	AL596275.1	processed_pseudogene	10	11	11	0.9683	0.2836	0.2731
ENSG00000234081.1	ELOCP10	processed_pseudogene	0	0	0	0.0000	0.0000	0.0000
ENSG00000234083.1	AJ006995.1	lncRNA	0	0	0	0.0000	0.0000	0.0000
ENSG00000234084.1	AL049552.1	lncRNA	4	4	1	0.5887	0.1724	0.1660
ENSG00000234085.1	AC064862.3	unprocessed_pseudogene	0	0	0	0.0000	0.0000	0.0000
ENSG00000234087.1	AL356299.1	processed_pseudogene	0	0	0	0.0000	0.0000	0.0000
ENSG00000234088.1	RPS15AP7	processed_pseudogene	0	0	0	0.0000	0.0000	0.0000
ENSG00000234089.2	AC099654.1	lncRNA	0	0	0	0.0000	0.0000	0.0000
ENSG00000234091.1	AL157392.2	lncRNA	2	1	1	0.3583	0.1050	0.1011
ENSG00000234093.3	RPS15AP11	processed_pseudogene	13	11	2	2.8674	0.8399	0.8088
ENSG00000234099.1	MTND4P11	unprocessed_pseudogene	0	0	0	0.0000	0.0000	0.0000
ENSG00000234102.1	KRT19P4	processed_pseudogene	0	0	0	0.0000	0.0000	0.0000
ENSG00000234104.1	AL133465.1	lncRNA	0	0	0	0.0000	0.0000	0.0000
ENSG00000234105.1	AC009468.2	lncRNA	0	0	0	0.0000	0.0000	0.0000
ENSG00000234106.3	SRP14P2	processed_pseudogene	28	8	20	6.8131	1.9957	1.9217
ENSG00000234107.1	TPT1P1	processed_pseudogene	2	0	2	0.3279	0.0960	0.0925
ENSG00000234108.1	AL596276.2	processed_pseudogene	1	0	1	0.2566	0.0751	0.0724
ENSG00000234109.1	RPL7P36	processed_pseudogene	1	0	1	0.1247	0.0365	0.0352
ENSG00000234110.1	TSPY25P	unprocessed_pseudogene	0	0	0	0.0000	0.0000	0.0000
ENSG00000234111.6	LINC02433	lncRNA	0	1	0	0.0000	0.0000	0.0000
ENSG00000234112.2	AC099066.3	processed_pseudogene	0	0	0	0.0000	0.0000	0.0000
ENSG00000234115.2	AL138878.2	processed_pseudogene	0	0	0	0.0000	0.0000	0.0000
ENSG00000234116.1	AL606534.3	lncRNA	0	0	0	0.0000	0.0000	0.0000
ENSG00000234117.2	AL445224.1	lncRNA	0	0	0	0.0000	0.0000	0.0000
ENSG00000234118.1	RPL13AP6	processed_pseudogene	11	5	6	1.5263	0.4471	0.4305
ENSG00000234119.1	METAP2P1	processed_pseudogene	0	0	0	0.0000	0.0000	0.0000
ENSG00000234120.1	AF228730.2	processed_pseudogene	0	0	0	0.0000	0.0000	0.0000
ENSG00000234121.1	GPM6BP3	processed_pseudogene	0	0	0	0.0000	0.0000	0.0000
ENSG00000234122.1	TRBV22OR9-2	TR_V_pseudogene	0	0	0	0.0000	0.0000	0.0000
ENSG00000234123.1	RHBDF1P1	processed_pseudogene	1	0	1	0.0438	0.0128	0.0123
ENSG00000234124.6	CSN1S2AP	transcribed_unitary_pseudogene	0	0	0	0.0000	0.0000	0.0000
ENSG00000234125.5	EEF1GP8	processed_pseudogene	4	1	3	0.2944	0.0862	0.0830
ENSG00000234127.9	TRIM26	protein_coding	2101	1051	1050	40.7626	11.9400	11.4973
ENSG00000234129.8	AC073529.1	lncRNA	10	4	6	0.2424	0.0710	0.0684
ENSG00000234130.2	AP2B1P1	processed_pseudogene	12	9	3	0.3645	0.1068	0.1028
ENSG00000234131.1	ELOCP8	processed_pseudogene	0	0	0	0.0000	0.0000	0.0000
ENSG00000234132.2	AL358473.2	lncRNA	0	0	0	0.0000	0.0000	0.0000
ENSG00000234134.1	AL158835.2	lncRNA	4	2	2	1.1323	0.3317	0.3194
ENSG00000234135.2	RPL23AP83	processed_pseudogene	1	2	0	0.1795	0.0526	0.0506
ENSG00000234136.1	AC055764.1	lncRNA	0	52	47	0.0000	0.0000	0.0000
ENSG00000234139.4	AL035420.1	lncRNA	0	0	0	0.0000	0.0000	0.0000
ENSG00000234141.1	AC006042.3	lncRNA	5	4	1	0.6136	0.1797	0.1731
ENSG00000234142.2	LINC01675	lncRNA	2	0	5	0.0837	0.0245	0.0236
ENSG00000234143.1	UGT1A13P	unprocessed_pseudogene	0	0	0	0.0000	0.0000	0.0000
ENSG00000234144.1	COX6CP13	processed_pseudogene	0	0	0	0.0000	0.0000	0.0000
ENSG00000234145.1	NAP1L4P3	processed_pseudogene	5	5	0	0.3702	0.1084	0.1044
ENSG00000234146.1	AKAP8P1	processed_pseudogene	0	0	0	0.0000	0.0000	0.0000
ENSG00000234147.1	AL035446.1	lncRNA	1	1	0	0.1875	0.0549	0.0529
ENSG00000234148.3	LINC01961	lncRNA	0	0	0	0.0000	0.0000	0.0000
ENSG00000234149.1	AC018511.2	lncRNA	1	31	31	0.4493	0.1316	0.1267
ENSG00000234152.1	ELOBP1	processed_pseudogene	2	2	0	0.4757	0.1394	0.1342
ENSG00000234155.1	LINC02535	lncRNA	6	2	4	0.2028	0.0594	0.0572
ENSG00000234156.3	AL359636.2	lncRNA	25	15	10	0.3532	0.1035	0.0996
ENSG00000234158.1	RPEP2	processed_pseudogene	0	0	0	0.0000	0.0000	0.0000
ENSG00000234159.1	RBPMSLP	processed_pseudogene	0	0	0	0.0000	0.0000	0.0000
ENSG00000234160.1	AL513165.1	lncRNA	37	17	20	10.8722	3.1846	3.0666
ENSG00000234161.1	PABPC5-AS1	lncRNA	1	0	1	0.1993	0.0584	0.0562
ENSG00000234162.3	AC009505.1	lncRNA	0	0	0	0.0000	0.0000	0.0000
ENSG00000234163.1	MTND4LP11	processed_pseudogene	0	0	0	0.0000	0.0000	0.0000
ENSG00000234166.1	ARHGEF19-AS1	lncRNA	0	9	16	0.0000	0.0000	0.0000
ENSG00000234167.1	ELOBP4	processed_pseudogene	0	0	0	0.0000	0.0000	0.0000
ENSG00000234168.2	LINC01039	lncRNA	0	0	0	0.0000	0.0000	0.0000
ENSG00000234169.1	LINC01868	lncRNA	0	0	0	0.0000	0.0000	0.0000
ENSG00000234170.6	LINC02645	lncRNA	0	0	0	0.0000	0.0000	0.0000
ENSG00000234171.3	RNASEH1-AS1	lncRNA	234	106	129	4.5400	1.3298	1.2805
ENSG00000234172.1	AC093639.1	lncRNA	0	0	0	0.0000	0.0000	0.0000
ENSG00000234173.1	AL353784.1	lncRNA	0	0	0	0.0000	0.0000	0.0000
ENSG00000234174.1	AC016683.1	lncRNA	0	3	2	0.0000	0.0000	0.0000
ENSG00000234175.1	AL355355.2	processed_pseudogene	23	13	10	5.7786	1.6926	1.6299
ENSG00000234176.1	HSPA8P1	processed_pseudogene	61	30	31	2.8260	0.8278	0.7971
ENSG00000234177.5	LINC01114	lncRNA	0	0	0	0.0000	0.0000	0.0000
ENSG00000234178.1	DEFA11P	unprocessed_pseudogene	0	0	0	0.0000	0.0000	0.0000
ENSG00000234179.1	MTCYBP1	processed_pseudogene	0	0	0	0.0000	0.0000	0.0000
ENSG00000234181.1	AL353795.2	lncRNA	0	0	0	0.0000	0.0000	0.0000
ENSG00000234182.2	AL731533.1	lncRNA	0	0	0	0.0000	0.0000	0.0000
ENSG00000234183.1	LINC01952	lncRNA	1	1	0	0.2346	0.0687	0.0662
ENSG00000234184.6	LINC01781	lncRNA	2	0	2	0.1765	0.0517	0.0498
ENSG00000234185.2	AC068533.3	lncRNA	0	0	0	0.0000	0.0000	0.0000
ENSG00000234186.4	C16orf82	protein_coding	0	0	0	0.0000	0.0000	0.0000
ENSG00000234187.1	AIMP1P1	processed_pseudogene	0	0	0	0.0000	0.0000	0.0000
ENSG00000234189.1	AC099799.1	processed_pseudogene	0	0	0	0.0000	0.0000	0.0000
ENSG00000234190.1	AC241644.2	lncRNA	0	0	0	0.0000	0.0000	0.0000
ENSG00000234191.1	LINC01283	lncRNA	5	3	2	0.5402	0.1582	0.1524
ENSG00000234192.1	RPS26P38	processed_pseudogene	5	4	1	1.2201	0.3574	0.3441
ENSG00000234193.1	ACSL3-AS1	lncRNA	14	5	10	2.2139	0.6485	0.6245
ENSG00000234197.1	ETV5-AS1	lncRNA	7	5	5	1.0615	0.3109	0.2994
ENSG00000234199.3	LINC01191	lncRNA	4	3	1	0.1156	0.0339	0.0326
ENSG00000234200.2	AC243591.1	unprocessed_pseudogene	0	0	0	0.0000	0.0000	0.0000
ENSG00000234201.1	BMI1P1	processed_pseudogene	0	0	0	0.0000	0.0000	0.0000
ENSG00000234202.2	H3P3	processed_pseudogene	0	0	0	0.0000	0.0000	0.0000
ENSG00000234203.1	AC004771.1	lncRNA	0	292	325	0.0000	0.0000	0.0000
ENSG00000234204.1	PIGPP2	processed_pseudogene	0	0	0	0.0000	0.0000	0.0000
ENSG00000234206.5	AL121957.1	lncRNA	0	0	0	0.0000	0.0000	0.0000
ENSG00000234207.1	LINC01830	lncRNA	0	0	0	0.0000	0.0000	0.0000
ENSG00000234208.1	AC005529.1	lncRNA	0	0	0	0.0000	0.0000	0.0000
ENSG00000234210.1	AC006372.3	lncRNA	0	0	0	0.0000	0.0000	0.0000
ENSG00000234211.2	AL451067.1	lncRNA	1	7	3	0.0837	0.0245	0.0236
ENSG00000234213.1	FHP1	processed_pseudogene	3	0	3	0.3624	0.1062	0.1022
ENSG00000234215.3	CT66	lncRNA	2	2	0	0.0893	0.0262	0.0252
ENSG00000234217.2	RBPJP7	processed_pseudogene	0	0	0	0.0000	0.0000	0.0000
ENSG00000234219.1	CDCA4P4	unprocessed_pseudogene	0	1	0	0.0000	0.0000	0.0000
ENSG00000234222.6	LIX1L-AS1	lncRNA	11	771	936	0.2876	0.0842	0.0811
ENSG00000234223.2	AC003988.1	lncRNA	0	0	0	0.0000	0.0000	0.0000
ENSG00000234224.3	TMEM229A	protein_coding	11	7	7	0.4351	0.1274	0.1227
ENSG00000234225.2	AC244394.3	lncRNA	1	1	0	0.0961	0.0281	0.0271
ENSG00000234226.5	NDUFS5P2	processed_pseudogene	0	0	0	0.0000	0.0000	0.0000
ENSG00000234227.1	RPL7L1P1	processed_pseudogene	0	0	0	0.0000	0.0000	0.0000
ENSG00000234228.1	NCLP2	processed_pseudogene	0	0	0	0.0000	0.0000	0.0000
ENSG00000234230.1	ZFX-AS1	lncRNA	0	0	2	0.0000	0.0000	0.0000
ENSG00000234231.4	ANAPC1P4	transcribed_unprocessed_pseudogene	0	0	0	0.0000	0.0000	0.0000
ENSG00000234232.7	AC243772.3	transcribed_unprocessed_pseudogene	0	3	2	0.0000	0.0000	0.0000
ENSG00000234233.1	KCNH1-IT1	lncRNA	4	2	2	0.5426	0.1589	0.1530
ENSG00000234234.1	MTCO2P8	unprocessed_pseudogene	0	0	0	0.0000	0.0000	0.0000
ENSG00000234235.1	BOK-AS1	lncRNA	1	1	1	0.1321	0.0387	0.0373
ENSG00000234238.2	AC022498.1	lncRNA	2	0	2	0.1175	0.0344	0.0332
ENSG00000234239.1	CFL1P8	processed_pseudogene	0	0	0	0.0000	0.0000	0.0000
ENSG00000234241.1	AL109618.1	processed_pseudogene	3	1	2	0.1514	0.0443	0.0427
ENSG00000234244.2	AL512641.1	lncRNA	0	0	0	0.0000	0.0000	0.0000
ENSG00000234247.1	DNAJB6P6	processed_pseudogene	2	1	2	0.2379	0.0697	0.0671
ENSG00000234253.1	RPL7P13	processed_pseudogene	1	1	0	0.1146	0.0336	0.0323
ENSG00000234255.9	AC012370.2	lncRNA	1	1	0	0.0310	0.0091	0.0088
ENSG00000234256.2	PTCD2P2	processed_pseudogene	1	1	0	0.0776	0.0227	0.0219
ENSG00000234257.1	SOD2P1	processed_pseudogene	0	0	0	0.0000	0.0000	0.0000
ENSG00000234259.3	AC008550.1	processed_pseudogene	1	1	0	0.0961	0.0281	0.0271
ENSG00000234261.4	AL138720.1	lncRNA	9	4	5	0.2092	0.0613	0.0590
ENSG00000234262.1	AL356867.1	unprocessed_pseudogene	0	0	0	0.0000	0.0000	0.0000
ENSG00000234263.2	MAP3K5-AS1	lncRNA	4	0	4	0.4194	0.1228	0.1183
ENSG00000234264.1	DEPDC1-AS1	lncRNA	2	2	0	0.1362	0.0399	0.0384
ENSG00000234265.2	LINC01723	lncRNA	0	0	0	0.0000	0.0000	0.0000
ENSG00000234267.3	TULP3P1	transcribed_processed_pseudogene	0	0	0	0.0000	0.0000	0.0000
ENSG00000234268.1	AP000936.3	processed_pseudogene	14	5	9	4.6623	1.3657	1.3150
ENSG00000234269.2	AL365396.1	processed_pseudogene	0	0	0	0.0000	0.0000	0.0000
ENSG00000234270.1	RPL36P20	processed_pseudogene	0	0	0	0.0000	0.0000	0.0000
ENSG00000234271.1	Z98752.2	processed_pseudogene	0	0	0	0.0000	0.0000	0.0000
ENSG00000234272.1	RPL30P2	processed_pseudogene	0	0	0	0.0000	0.0000	0.0000
ENSG00000234273.1	AC073071.1	lncRNA	0	0	0	0.0000	0.0000	0.0000
ENSG00000234274.1	COX7BP2	processed_pseudogene	0	0	0	0.0000	0.0000	0.0000
ENSG00000234275.4	AC017053.1	lncRNA	0	0	0	0.0000	0.0000	0.0000
ENSG00000234276.1	SDR42E1P3	processed_pseudogene	0	0	0	0.0000	0.0000	0.0000
ENSG00000234277.3	LINC01641	lncRNA	0	0	0	0.0000	0.0000	0.0000
ENSG00000234278.3	PRR20E	protein_coding	0	0	0	0.0000	0.0000	0.0000
ENSG00000234279.2	LINC01937	lncRNA	0	0	0	0.0000	0.0000	0.0000
ENSG00000234281.5	LANCL1-AS1	lncRNA	141	71	70	7.1828	2.1040	2.0260
ENSG00000234282.1	AL109809.2	unprocessed_pseudogene	0	0	0	0.0000	0.0000	0.0000
ENSG00000234283.1	LINC01731	lncRNA	0	0	0	0.0000	0.0000	0.0000
ENSG00000234284.7	ZNF879	protein_coding	21	10	11	0.4655	0.1364	0.1313
ENSG00000234285.1	GAPDHP49	processed_pseudogene	0	0	0	0.0000	0.0000	0.0000
ENSG00000234286.1	AC006026.3	lncRNA	3	8	4	1.7815	0.5218	0.5025
ENSG00000234287.1	AC099560.2	processed_pseudogene	30	10	20	9.9906	2.9264	2.8179
ENSG00000234288.2	OR1AA1P	unprocessed_pseudogene	0	0	0	0.0000	0.0000	0.0000
ENSG00000234289.6	H2BS1	protein_coding	0	0	0	0.0000	0.0000	0.0000
ENSG00000234290.2	AC116366.1	lncRNA	37	29	30	0.8424	0.2467	0.2376
ENSG00000234292.3	AC123595.1	lncRNA	0	0	1	0.0000	0.0000	0.0000
ENSG00000234293.1	BACH1-IT3	lncRNA	0	0	0	0.0000	0.0000	0.0000
ENSG00000234296.1	AL390961.1	lncRNA	0	0	0	0.0000	0.0000	0.0000
ENSG00000234297.2	PSIP1P1	processed_pseudogene	3	1	3	0.2558	0.0749	0.0721
ENSG00000234300.1	LINC00229	lncRNA	0	0	0	0.0000	0.0000	0.0000
ENSG00000234303.3	CLYBL-AS1	lncRNA	0	0	0	0.0000	0.0000	0.0000
ENSG00000234304.2	SGO1P2	processed_pseudogene	0	0	0	0.0000	0.0000	0.0000
ENSG00000234306.1	AL583859.1	lncRNA	0	0	0	0.0000	0.0000	0.0000
ENSG00000234308.3	LINC01878	lncRNA	0	0	0	0.0000	0.0000	0.0000
ENSG00000234309.1	SLC25A18P1	processed_pseudogene	0	0	0	0.0000	0.0000	0.0000
ENSG00000234311.1	AL451069.3	lncRNA	3	1	2	0.2515	0.0737	0.0709
ENSG00000234312.1	SAPCD2P4	processed_pseudogene	0	0	0	0.0000	0.0000	0.0000
ENSG00000234315.1	OSTCP5	processed_pseudogene	1	1	0	0.1875	0.0549	0.0529
ENSG00000234318.1	AC099794.1	lncRNA	0	0	0	0.0000	0.0000	0.0000
ENSG00000234319.1	RPS12P2	processed_pseudogene	0	0	0	0.0000	0.0000	0.0000
ENSG00000234322.1	ST13P18	processed_pseudogene	16	9	7	1.3230	0.3875	0.3732
ENSG00000234323.8	LINC01505	lncRNA	174	86	88	1.1490	0.3366	0.3241
ENSG00000234324.1	RPL9P2	processed_pseudogene	6	2	4	0.9214	0.2699	0.2599
ENSG00000234325.1	MRPS10P2	processed_pseudogene	0	0	0	0.0000	0.0000	0.0000
ENSG00000234327.8	ZNF232-AS1	lncRNA	22	20	27	0.9313	0.2728	0.2627
ENSG00000234329.1	AL604028.2	processed_pseudogene	2	0	2	0.2155	0.0631	0.0608
ENSG00000234332.1	BCAS2P2	processed_pseudogene	2	0	2	0.2520	0.0738	0.0711
ENSG00000234333.2	CYCSP53	processed_pseudogene	0	0	0	0.0000	0.0000	0.0000
ENSG00000234335.1	RPS4XP11	processed_pseudogene	4	3	1	0.4400	0.1289	0.1241
ENSG00000234336.7	JAZF1-AS1	lncRNA	22	66	59	0.4402	0.1289	0.1242
ENSG00000234337.4	AC026462.1	processed_pseudogene	19	7	12	2.1833	0.6395	0.6158
ENSG00000234338.1	AC073349.2	processed_pseudogene	6	3	3	0.3179	0.0931	0.0897
ENSG00000234340.1	AP000705.2	processed_pseudogene	0	0	0	0.0000	0.0000	0.0000
ENSG00000234345.2	ELF2P1	processed_pseudogene	3	2	1	0.2431	0.0712	0.0686
ENSG00000234349.1	GLUD1P9	processed_pseudogene	0	0	0	0.0000	0.0000	0.0000
ENSG00000234350.5	AC007405.1	lncRNA	16	10	7	0.2000	0.0586	0.0564
ENSG00000234352.9	AC009264.1	lncRNA	1	1	1	0.0123	0.0036	0.0035
ENSG00000234353.2	AP000346.2	transcribed_unprocessed_pseudogene	3	2	1	0.2812	0.0824	0.0793
ENSG00000234354.3	RPS26P47	processed_pseudogene	4	3	1	0.9761	0.2859	0.2753
ENSG00000234355.3	FTH1P27	unprocessed_pseudogene	0	0	0	0.0000	0.0000	0.0000
ENSG00000234356.1	AC009945.1	processed_pseudogene	1	1	0	0.2850	0.0835	0.0804
ENSG00000234358.1	AC003080.1	processed_pseudogene	0	0	0	0.0000	0.0000	0.0000
ENSG00000234359.3	ELK1P1	processed_pseudogene	0	0	0	0.0000	0.0000	0.0000
ENSG00000234360.1	AL135790.2	processed_pseudogene	0	0	0	0.0000	0.0000	0.0000
ENSG00000234361.1	AL391863.2	lncRNA	0	0	0	0.0000	0.0000	0.0000
ENSG00000234362.6	LINC01914	lncRNA	25	10	15	1.9585	0.5737	0.5524
ENSG00000234363.1	PPIAP27	processed_pseudogene	0	0	0	0.0000	0.0000	0.0000
ENSG00000234367.1	PFN1P3	processed_pseudogene	1	0	1	0.2112	0.0619	0.0596
ENSG00000234369.1	TATDN1P1	processed_pseudogene	2	2	0	0.1906	0.0558	0.0538
ENSG00000234371.6	RPSAP31	transcribed_processed_pseudogene	1	0	1	0.0720	0.0211	0.0203
ENSG00000234373.1	SNX18P7	processed_pseudogene	0	0	0	0.0000	0.0000	0.0000
ENSG00000234376.4	UBTFL2	processed_pseudogene	0	0	0	0.0000	0.0000	0.0000
ENSG00000234377.7	OBI1-AS1	lncRNA	0	120	121	0.0000	0.0000	0.0000
ENSG00000234378.1	AC098828.1	lncRNA	0	0	0	0.0000	0.0000	0.0000
ENSG00000234379.1	HMGB1P48	unprocessed_pseudogene	0	0	0	0.0000	0.0000	0.0000
ENSG00000234380.2	LINC01426	lncRNA	20	9	11	0.3148	0.0922	0.0888
ENSG00000234381.1	MED15P7	unprocessed_pseudogene	0	0	0	0.0000	0.0000	0.0000
ENSG00000234382.2	AL513174.1	unprocessed_pseudogene	1	1	0	0.1350	0.0395	0.0381
ENSG00000234383.1	CTBP2P8	processed_pseudogene	7	2	5	0.4469	0.1309	0.1261
ENSG00000234384.1	LINC01049	lncRNA	0	0	0	0.0000	0.0000	0.0000
ENSG00000234385.1	RCC2P1	processed_pseudogene	0	0	0	0.0000	0.0000	0.0000
ENSG00000234386.4	OR7E162P	unprocessed_pseudogene	0	0	0	0.0000	0.0000	0.0000
ENSG00000234387.1	AC073188.5	lncRNA	0	0	0	0.0000	0.0000	0.0000
ENSG00000234388.2	TXNP3	processed_pseudogene	0	0	0	0.0000	0.0000	0.0000
ENSG00000234389.1	AC007278.1	lncRNA	3	2	1	0.1920	0.0562	0.0541
ENSG00000234390.4	USP27X-AS1	lncRNA	41	30	11	1.6008	0.4689	0.4515
ENSG00000234391.1	AL606490.6	processed_pseudogene	0	0	0	0.0000	0.0000	0.0000
ENSG00000234393.1	AL592546.2	lncRNA	1	2	0	0.1227	0.0359	0.0346
ENSG00000234394.8	AL353608.3	lncRNA	0	0	0	0.0000	0.0000	0.0000
ENSG00000234396.3	AL590822.1	lncRNA	0	5	3	0.0000	0.0000	0.0000
ENSG00000234397.3	PPIAP34	processed_pseudogene	8	2	6	1.3808	0.4045	0.3895
ENSG00000234398.1	AC134915.1	unprocessed_pseudogene	0	0	0	0.0000	0.0000	0.0000
ENSG00000234399.1	RBMY2XP	unprocessed_pseudogene	0	0	0	0.0000	0.0000	0.0000
ENSG00000234402.1	ELK2BP	unprocessed_pseudogene	0	0	0	0.0000	0.0000	0.0000
ENSG00000234404.2	SPRYD7P1	processed_pseudogene	0	0	0	0.0000	0.0000	0.0000
ENSG00000234405.2	Z69733.1	lncRNA	9	15	4	0.3950	0.1157	0.1114
ENSG00000234406.1	AC004129.2	processed_pseudogene	0	0	0	0.0000	0.0000	0.0000
ENSG00000234409.7	CCDC188	protein_coding	263	140	124	13.9675	4.0913	3.9396
ENSG00000234413.1	MPV17L2P1	processed_pseudogene	0	0	0	0.0000	0.0000	0.0000
ENSG00000234414.7	RBMY1A1	protein_coding	0	0	0	0.0000	0.0000	0.0000
ENSG00000234415.1	RPL5P7	processed_pseudogene	0	0	0	0.0000	0.0000	0.0000
ENSG00000234418.2	AC015983.2	lncRNA	0	0	0	0.0000	0.0000	0.0000
ENSG00000234419.1	CICP13	processed_pseudogene	0	0	0	0.0000	0.0000	0.0000
ENSG00000234420.7	ZNF37BP	transcribed_processed_pseudogene	267	129	138	2.2108	0.6476	0.6236
ENSG00000234421.2	SLC25A5P4	processed_pseudogene	1	0	1	0.0977	0.0286	0.0276
ENSG00000234422.1	UBE2WP1	processed_pseudogene	0	0	0	0.0000	0.0000	0.0000
ENSG00000234423.2	LINC01250	lncRNA	0	0	0	0.0000	0.0000	0.0000
ENSG00000234424.2	AL353743.4	unprocessed_pseudogene	0	0	0	0.0000	0.0000	0.0000
ENSG00000234425.1	AL138930.1	lncRNA	0	0	0	0.0000	0.0000	0.0000
ENSG00000234426.3	AL139042.1	lncRNA	1	1	0	0.0247	0.0072	0.0070
ENSG00000234427.1	AL022724.2	lncRNA	0	0	0	0.0000	0.0000	0.0000
ENSG00000234428.2	AC023051.1	lncRNA	5	3	3	0.4847	0.1420	0.1367
ENSG00000234429.1	ANKRD11P1	processed_pseudogene	0	0	0	0.0000	0.0000	0.0000
ENSG00000234431.2	AC007283.1	lncRNA	0	0	0	0.0000	0.0000	0.0000
ENSG00000234432.4	AC092171.3	lncRNA	3	2	2	0.0961	0.0281	0.0271
ENSG00000234435.3	LINC01432	lncRNA	0	0	0	0.0000	0.0000	0.0000
ENSG00000234436.1	AC245884.2	unprocessed_pseudogene	0	0	0	0.0000	0.0000	0.0000
ENSG00000234438.5	KBTBD13	protein_coding	0	0	0	0.0000	0.0000	0.0000
ENSG00000234439.1	KRT18P2	processed_pseudogene	1	0	1	0.0675	0.0198	0.0190
ENSG00000234441.1	AC105272.1	unprocessed_pseudogene	0	0	0	0.0000	0.0000	0.0000
ENSG00000234442.4	BX276092.5	transcribed_unprocessed_pseudogene	0	0	0	0.0000	0.0000	0.0000
ENSG00000234444.10	ZNF736	protein_coding	59	21	38	0.4480	0.1312	0.1264
ENSG00000234445.1	FGF14-AS1	lncRNA	0	0	0	0.0000	0.0000	0.0000
ENSG00000234446.3	AC068489.1	lncRNA	221	116	105	13.5309	3.9634	3.8165
ENSG00000234448.1	AL606490.7	processed_pseudogene	0	0	0	0.0000	0.0000	0.0000
ENSG00000234450.1	AC005534.1	processed_pseudogene	0	0	0	0.0000	0.0000	0.0000
ENSG00000234451.1	BX005266.3	processed_pseudogene	0	0	0	0.0000	0.0000	0.0000
ENSG00000234452.5	SLC16A12-AS1	lncRNA	0	0	0	0.0000	0.0000	0.0000
ENSG00000234455.1	AC067960.1	lncRNA	0	0	0	0.0000	0.0000	0.0000
ENSG00000234456.8	MAGI2-AS3	lncRNA	1215	630	651	5.8021	1.6995	1.6365
ENSG00000234457.1	AC006960.1	processed_pseudogene	1	1	0	0.5550	0.1626	0.1566
ENSG00000234458.4	OR7E130P	unprocessed_pseudogene	0	0	0	0.0000	0.0000	0.0000
ENSG00000234459.1	AC002064.2	lncRNA	0	0	0	0.0000	0.0000	0.0000
ENSG00000234460.2	AL772337.3	transcribed_unprocessed_pseudogene	0	0	0	0.0000	0.0000	0.0000
ENSG00000234463.1	COX6CP12	processed_pseudogene	0	0	0	0.0000	0.0000	0.0000
ENSG00000234464.2	AL356010.2	lncRNA	5	2	3	0.5147	0.1508	0.1452
ENSG00000234465.11	PINLYP	protein_coding	23	12	12	0.4275	0.1252	0.1206
ENSG00000234466.1	HDGFL3P1	processed_pseudogene	1	0	1	0.0950	0.0278	0.0268
ENSG00000234467.1	SLC25A1P2	processed_pseudogene	0	0	0	0.0000	0.0000	0.0000
ENSG00000234469.4	CLDN34	protein_coding	2	1	1	0.1707	0.0500	0.0481
ENSG00000234471.1	AC147651.1	lncRNA	0	0	0	0.0000	0.0000	0.0000
ENSG00000234473.1	ZNF101P2	processed_pseudogene	0	0	0	0.0000	0.0000	0.0000
ENSG00000234474.3	MIR3663HG	lncRNA	0	0	0	0.0000	0.0000	0.0000
ENSG00000234476.3	LINC02765	lncRNA	7	3	5	0.2623	0.0768	0.0740
ENSG00000234477.1	AC004231.1	lncRNA	1	1	0	0.1042	0.0305	0.0294
ENSG00000234478.1	ACBD3-AS1	lncRNA	9	279	241	1.4286	0.4185	0.4029
ENSG00000234479.2	AP1B1P1	transcribed_unprocessed_pseudogene	1	0	1	0.1027	0.0301	0.0290
ENSG00000234480.1	MTCO2P18	unprocessed_pseudogene	0	0	0	0.0000	0.0000	0.0000
ENSG00000234481.2	AC117945.1	lncRNA	0	0	0	0.0000	0.0000	0.0000
ENSG00000234484.1	AL032821.1	lncRNA	0	1	5	0.0000	0.0000	0.0000
ENSG00000234485.5	OR7E46P	unprocessed_pseudogene	0	0	0	0.0000	0.0000	0.0000
ENSG00000234488.1	RPL27P6	processed_pseudogene	1	1	0	0.2092	0.0613	0.0590
ENSG00000234489.1	ALDH7A1P4	processed_pseudogene	0	0	0	0.0000	0.0000	0.0000
ENSG00000234491.1	HNRNPA1P51	processed_pseudogene	4	2	2	0.3587	0.1051	0.1012
ENSG00000234492.4	RPL34-DT	lncRNA	49	30	20	0.9105	0.2667	0.2568
ENSG00000234493.4	RHOXF1P1	transcribed_unprocessed_pseudogene	0	0	0	0.0000	0.0000	0.0000
ENSG00000234494.7	SP2-AS1	lncRNA	176	91	85	5.9052	1.7297	1.6656
ENSG00000234496.2	MRPS21P1	processed_pseudogene	0	0	0	0.0000	0.0000	0.0000
ENSG00000234497.5	ERICH3-AS1	lncRNA	0	0	0	0.0000	0.0000	0.0000
ENSG00000234498.3	RPL13AP20	processed_pseudogene	57	32	25	7.9482	2.3282	2.2418
ENSG00000234500.1	AC008267.3	unprocessed_pseudogene	11	6	5	1.3120	0.3843	0.3700
ENSG00000234502.2	FYTTD1P1	processed_pseudogene	6	3	3	0.5532	0.1620	0.1560
ENSG00000234503.1	AP000550.2	lncRNA	0	0	0	0.0000	0.0000	0.0000
ENSG00000234504.2	AL353801.2	lncRNA	0	0	0	0.0000	0.0000	0.0000
ENSG00000234506.5	LINC01506	lncRNA	0	0	0	0.0000	0.0000	0.0000
ENSG00000234509.1	AP000253.1	lncRNA	2	1	1	0.0761	0.0223	0.0215
ENSG00000234511.10	C5orf58	protein_coding	9	99	105	0.2400	0.0703	0.0677
ENSG00000234512.1	TLR12P	unitary_pseudogene	1	1	0	0.0314	0.0092	0.0089
ENSG00000234513.1	AC073072.1	processed_pseudogene	14	8	6	3.4163	1.0007	0.9636
ENSG00000234515.1	PPP1R2P1	transcribed_processed_pseudogene	4	0	4	0.5010	0.1468	0.1413
ENSG00000234518.2	PTGES3P1	processed_pseudogene	115	69	46	20.2192	5.9225	5.7029
ENSG00000234519.2	AL109924.2	lncRNA	3	0	3	0.3287	0.0963	0.0927
ENSG00000234520.6	HRAT17	lncRNA	0	0	0	0.0000	0.0000	0.0000
ENSG00000234521.2	AC005041.2	transcribed_unitary_pseudogene	0	0	0	0.0000	0.0000	0.0000
ENSG00000234522.1	AC073587.1	unprocessed_pseudogene	0	0	0	0.0000	0.0000	0.0000
ENSG00000234523.1	NDUFB1P2	processed_pseudogene	0	0	0	0.0000	0.0000	0.0000
ENSG00000234524.1	RPL12P43	processed_pseudogene	0	0	0	0.0000	0.0000	0.0000
ENSG00000234527.1	PCDH9-AS1	lncRNA	0	1	2	0.0000	0.0000	0.0000
ENSG00000234529.2	GAPDHP19	processed_pseudogene	0	0	0	0.0000	0.0000	0.0000
ENSG00000234534.1	CSNK1G2P1	processed_pseudogene	2	1	1	0.1778	0.0521	0.0502
ENSG00000234535.1	AL161719.1	lncRNA	0	0	1	0.0000	0.0000	0.0000
ENSG00000234537.1	AL354751.1	unprocessed_pseudogene	0	0	0	0.0000	0.0000	0.0000
ENSG00000234538.1	ZNF114P1	processed_pseudogene	0	0	0	0.0000	0.0000	0.0000
ENSG00000234540.1	AL080313.1	lncRNA	0	0	0	0.0000	0.0000	0.0000
ENSG00000234541.2	CHEK2P5	unprocessed_pseudogene	0	0	0	0.0000	0.0000	0.0000
ENSG00000234542.1	AL357127.1	lncRNA	0	0	0	0.0000	0.0000	0.0000
ENSG00000234544.2	PTGES3P5	processed_pseudogene	0	0	0	0.0000	0.0000	0.0000
ENSG00000234545.8	FAM133B	protein_coding	241	127	114	4.5520	1.3334	1.2839
ENSG00000234546.4	LNCTAM34A	lncRNA	46	30	44	1.8245	0.5344	0.5146
ENSG00000234548.7	LINC02020	lncRNA	0	2	0	0.0000	0.0000	0.0000
ENSG00000234551.2	LINC01309	lncRNA	0	0	0	0.0000	0.0000	0.0000
ENSG00000234553.1	AC022431.1	lncRNA	1	0	1	0.1584	0.0464	0.0447
ENSG00000234556.1	LINC00701	lncRNA	0	0	0	0.0000	0.0000	0.0000
ENSG00000234557.2	PPIAP90	processed_pseudogene	1	0	1	0.2139	0.0627	0.0603
ENSG00000234558.1	API5P1	processed_pseudogene	3	3	0	0.1687	0.0494	0.0476
ENSG00000234559.1	RPL22P7	processed_pseudogene	1	1	0	0.2295	0.0672	0.0647
ENSG00000234560.4	OR10G8	protein_coding	0	0	0	0.0000	0.0000	0.0000
ENSG00000234562.1	TPMTP2	processed_pseudogene	0	0	0	0.0000	0.0000	0.0000
ENSG00000234564.1	HSPA8P20	processed_pseudogene	0	0	0	0.0000	0.0000	0.0000
ENSG00000234565.1	COX6B1P1	processed_pseudogene	0	0	0	0.0000	0.0000	0.0000
ENSG00000234566.1	RPL7AP71	processed_pseudogene	0	0	0	0.0000	0.0000	0.0000
ENSG00000234567.1	AL024497.2	lncRNA	0	0	1	0.0000	0.0000	0.0000
ENSG00000234568.3	BIN2P1	processed_pseudogene	0	0	0	0.0000	0.0000	0.0000
ENSG00000234569.1	RAD1P1	processed_pseudogene	1	1	0	0.1045	0.0306	0.0295
ENSG00000234570.1	ZFRP1	processed_pseudogene	0	0	0	0.0000	0.0000	0.0000
ENSG00000234571.2	H2BP2	transcribed_unprocessed_pseudogene	0	0	0	0.0000	0.0000	0.0000
ENSG00000234572.1	LINC01800	lncRNA	1	1	0	0.0430	0.0126	0.0121
ENSG00000234573.1	AL121890.1	processed_pseudogene	0	0	0	0.0000	0.0000	0.0000
ENSG00000234575.2	CTSLP8	unprocessed_pseudogene	0	0	0	0.0000	0.0000	0.0000
ENSG00000234576.2	MTND1P26	unprocessed_pseudogene	0	0	0	0.0000	0.0000	0.0000
ENSG00000234577.1	SYNE1-AS1	lncRNA	0	12	3	0.0000	0.0000	0.0000
ENSG00000234578.1	AL355483.3	lncRNA	0	0	0	0.0000	0.0000	0.0000
ENSG00000234579.1	AC009305.1	lncRNA	0	0	0	0.0000	0.0000	0.0000
ENSG00000234580.1	AL356157.1	lncRNA	0	0	0	0.0000	0.0000	0.0000
ENSG00000234583.1	TSPY19P	unprocessed_pseudogene	0	0	0	0.0000	0.0000	0.0000
ENSG00000234584.1	AC019186.1	lncRNA	3	3	0	0.4675	0.1369	0.1318
ENSG00000234585.6	CCT6P3	transcribed_unprocessed_pseudogene	42	21	21	0.9099	0.2665	0.2566
ENSG00000234586.2	AL161449.1	processed_pseudogene	0	0	0	0.0000	0.0000	0.0000
ENSG00000234587.1	MRPL50P1	processed_pseudogene	0	0	0	0.0000	0.0000	0.0000
ENSG00000234588.1	FABP5P14	processed_pseudogene	0	0	0	0.0000	0.0000	0.0000
ENSG00000234589.4	AC125807.1	processed_pseudogene	12	7	5	1.6597	0.4861	0.4681
ENSG00000234590.1	GNG5P5	processed_pseudogene	0	0	0	0.0000	0.0000	0.0000
ENSG00000234592.1	AL359845.1	processed_pseudogene	0	0	0	0.0000	0.0000	0.0000
ENSG00000234593.3	KAZN-AS1	lncRNA	0	0	0	0.0000	0.0000	0.0000
ENSG00000234594.1	AC008134.1	processed_pseudogene	0	0	0	0.0000	0.0000	0.0000
ENSG00000234595.1	AC013733.2	lncRNA	0	0	0	0.0000	0.0000	0.0000
ENSG00000234597.2	AC010096.1	lncRNA	0	0	0	0.0000	0.0000	0.0000
ENSG00000234601.1	CHRM3-AS1	lncRNA	0	0	0	0.0000	0.0000	0.0000
ENSG00000234602.9	MCIDAS	protein_coding	5	3	2	0.1983	0.0581	0.0559
ENSG00000234604.2	AL021068.1	processed_pseudogene	2	1	1	1.6984	0.4975	0.4790
ENSG00000234607.2	AL355994.4	processed_pseudogene	0	0	0	0.0000	0.0000	0.0000
ENSG00000234608.8	MAPKAPK5-AS1	lncRNA	184	93	113	4.9778	1.4581	1.4040
ENSG00000234611.1	OR2AT2P	transcribed_unitary_pseudogene	0	0	0	0.0000	0.0000	0.0000
ENSG00000234612.1	H2AZP5	processed_pseudogene	0	0	0	0.0000	0.0000	0.0000
ENSG00000234613.1	AL031584.2	lncRNA	0	1	0	0.0000	0.0000	0.0000
ENSG00000234614.1	C2CD4D-AS1	lncRNA	48	36	30	8.0557	2.3596	2.2722
ENSG00000234616.9	JRK	protein_coding	911	784	759	6.8895	2.0181	1.9432
ENSG00000234617.2	SNRK-AS1	lncRNA	3	317	328	0.1096	0.0321	0.0309
ENSG00000234618.1	RPSAP9	processed_pseudogene	22	11	11	2.1039	0.6163	0.5934
ENSG00000234619.1	RPL7P11	processed_pseudogene	3	2	2	0.3872	0.1134	0.1092
ENSG00000234620.1	PUDPP1	unprocessed_pseudogene	0	0	0	0.0000	0.0000	0.0000
ENSG00000234622.6	AL683807.2	lncRNA	0	0	0	0.0000	0.0000	0.0000
ENSG00000234622.6_PAR_Y	AL683807.2	lncRNA	0	0	0	0.0000	0.0000	0.0000
ENSG00000234624.2	AC016894.1	processed_pseudogene	1	0	1	0.2731	0.0800	0.0770
ENSG00000234625.1	LINC00380	lncRNA	0	0	0	0.0000	0.0000	0.0000
ENSG00000234626.2	AL021937.3	lncRNA	0	0	0	0.0000	0.0000	0.0000
ENSG00000234627.3	NUS1P3	processed_pseudogene	0	0	0	0.0000	0.0000	0.0000
ENSG00000234629.1	WDR82P1	processed_pseudogene	0	0	0	0.0000	0.0000	0.0000
ENSG00000234630.1	AC245060.2	lncRNA	10	4	6	1.6206	0.4747	0.4571
ENSG00000234632.1	NECAP1P2	processed_pseudogene	0	0	0	0.0000	0.0000	0.0000
ENSG00000234634.2	LINC02093	lncRNA	0	0	0	0.0000	0.0000	0.0000
ENSG00000234636.2	MED14OS	lncRNA	9	21	16	0.8492	0.2487	0.2395
ENSG00000234637.1	RPS19P6	processed_pseudogene	0	0	0	0.0000	0.0000	0.0000
ENSG00000234638.1	AC053503.3	lncRNA	0	1	0	0.0000	0.0000	0.0000
ENSG00000234639.1	AC009263.1	processed_pseudogene	0	0	0	0.0000	0.0000	0.0000
ENSG00000234640.1	AL390763.1	lncRNA	0	0	0	0.0000	0.0000	0.0000
ENSG00000234644.2	OTX2P1	processed_pseudogene	0	0	0	0.0000	0.0000	0.0000
ENSG00000234645.3	YWHAEP5	processed_pseudogene	17	7	10	1.8871	0.5528	0.5323
ENSG00000234646.7	AL049651.2	lncRNA	0	0	0	0.0000	0.0000	0.0000
ENSG00000234647.2	AL606970.3	lncRNA	0	0	0	0.0000	0.0000	0.0000
ENSG00000234648.1	AL162151.2	processed_pseudogene	110	67	50	59.1218	17.3177	16.6757
ENSG00000234650.6	PCCA-AS1	lncRNA	0	0	0	0.0000	0.0000	0.0000
ENSG00000234652.1	AGPAT5P1	processed_pseudogene	0	0	0	0.0000	0.0000	0.0000
ENSG00000234653.1	LRRTM4-AS1	lncRNA	0	0	0	0.0000	0.0000	0.0000
ENSG00000234655.3	OR7E155P	unprocessed_pseudogene	0	0	0	0.0000	0.0000	0.0000
ENSG00000234658.1	AC013429.1	processed_pseudogene	0	0	0	0.0000	0.0000	0.0000
ENSG00000234660.2	LINC00440	lncRNA	0	0	0	0.0000	0.0000	0.0000
ENSG00000234661.2	CHL1-AS1	lncRNA	17	347	342	1.2564	0.3680	0.3544
ENSG00000234663.7	LINC01934	lncRNA	21	14	7	0.1185	0.0347	0.0334
ENSG00000234664.1	HMGN2P5	processed_pseudogene	17	10	7	5.2881	1.5490	1.4915
ENSG00000234665.9	LERFS	lncRNA	0	7	3	0.0000	0.0000	0.0000
ENSG00000234667.2	ACTBP13	unitary_pseudogene	0	0	0	0.0000	0.0000	0.0000
ENSG00000234670.1	OR6C64P	unprocessed_pseudogene	0	0	0	0.0000	0.0000	0.0000
ENSG00000234671.1	MTCYBP5	unprocessed_pseudogene	0	0	0	0.0000	0.0000	0.0000
ENSG00000234675.1	AL445123.1	lncRNA	0	0	0	0.0000	0.0000	0.0000
ENSG00000234676.1	IFT74-AS1	lncRNA	2	0	2	0.4194	0.1228	0.1183
ENSG00000234677.1	AC068058.1	lncRNA	0	0	0	0.0000	0.0000	0.0000
ENSG00000234678.2	ELF3-AS1	lncRNA	11	311	321	0.1677	0.0491	0.0473
ENSG00000234680.1	VN2R3P	unitary_pseudogene	0	0	0	0.0000	0.0000	0.0000
ENSG00000234682.1	VDAC2P4	processed_pseudogene	0	0	0	0.0000	0.0000	0.0000
ENSG00000234683.1	AL138799.2	processed_pseudogene	1	0	1	0.2426	0.0711	0.0684
ENSG00000234684.7	SDCBP2-AS1	lncRNA	108	105	84	1.7278	0.5061	0.4873
ENSG00000234685.1	NUS1P2	processed_pseudogene	0	0	0	0.0000	0.0000	0.0000
ENSG00000234686.1	AC091730.1	lncRNA	0	0	0	0.0000	0.0000	0.0000
ENSG00000234688.1	AL049749.1	lncRNA	0	0	0	0.0000	0.0000	0.0000
ENSG00000234690.7	EPCAM-DT	lncRNA	1	0	1	0.0236	0.0069	0.0067
ENSG00000234692.1	AL355601.1	lncRNA	0	0	0	0.0000	0.0000	0.0000
ENSG00000234693.1	RIPOR3-AS1	lncRNA	0	0	0	0.0000	0.0000	0.0000
ENSG00000234694.1	AL139289.1	lncRNA	21	12	9	2.6979	0.7903	0.7610
ENSG00000234695.1	TFPI2-DT	lncRNA	1	1	0	0.1611	0.0472	0.0455
ENSG00000234696.1	GPR50-AS1	lncRNA	0	0	0	0.0000	0.0000	0.0000
ENSG00000234698.1	AL161937.1	lncRNA	0	0	0	0.0000	0.0000	0.0000
ENSG00000234699.1	AL139339.1	lncRNA	10	5	5	1.2925	0.3786	0.3646
ENSG00000234700.1	MTCO1P8	unprocessed_pseudogene	0	0	0	0.0000	0.0000	0.0000
ENSG00000234701.1	PRDX3P3	processed_pseudogene	0	0	0	0.0000	0.0000	0.0000
ENSG00000234702.1	VDAC1P3	processed_pseudogene	0	0	0	0.0000	0.0000	0.0000
ENSG00000234703.1	AF015262.1	lncRNA	0	0	0	0.0000	0.0000	0.0000
ENSG00000234705.2	HMGA1P4	lncRNA	14	9	5	2.6657	0.7808	0.7519
ENSG00000234706.1	PRUNEP1	processed_pseudogene	0	0	0	0.0000	0.0000	0.0000
ENSG00000234707.3	SEC61G-DT	lncRNA	1	1	0	0.0586	0.0172	0.0165
ENSG00000234709.2	UPF3AP3	transcribed_processed_pseudogene	6	3	3	0.6626	0.1941	0.1869
ENSG00000234710.2	AC060834.2	lncRNA	0	0	0	0.0000	0.0000	0.0000
ENSG00000234711.1	TUBB8P11	unprocessed_pseudogene	0	0	0	0.0000	0.0000	0.0000
ENSG00000234712.1	AL713923.1	lncRNA	0	0	0	0.0000	0.0000	0.0000
ENSG00000234713.3	AC022616.1	processed_pseudogene	46	19	27	7.0512	2.0654	1.9888
ENSG00000234714.1	AC009965.1	lncRNA	0	0	0	0.0000	0.0000	0.0000
ENSG00000234715.2	AC005064.1	lncRNA	0	0	0	0.0000	0.0000	0.0000
ENSG00000234716.1	AC092447.6	processed_pseudogene	0	0	0	0.0000	0.0000	0.0000
ENSG00000234717.2	TMEM212-AS1	lncRNA	0	0	0	0.0000	0.0000	0.0000
ENSG00000234718.7	AC007161.1	transcribed_processed_pseudogene	0	0	0	0.0000	0.0000	0.0000
ENSG00000234719.9	NPIPB2	protein_coding	24	15	9	0.7194	0.2107	0.2029
ENSG00000234720.3	ATP5F1AP8	processed_pseudogene	0	0	0	0.0000	0.0000	0.0000
ENSG00000234721.3	LINC02092	lncRNA	0	0	0	0.0000	0.0000	0.0000
ENSG00000234722.5	LINC01287	lncRNA	2	0	2	0.0168	0.0049	0.0047
ENSG00000234723.1	AC092421.1	unprocessed_pseudogene	0	0	0	0.0000	0.0000	0.0000
ENSG00000234724.1	HDAC1P1	processed_pseudogene	0	0	0	0.0000	0.0000	0.0000
ENSG00000234726.1	AC245060.3	processed_pseudogene	0	0	1	0.0000	0.0000	0.0000
ENSG00000234730.1	AP001117.1	lncRNA	0	0	0	0.0000	0.0000	0.0000
ENSG00000234731.2	MTND4LP16	unprocessed_pseudogene	0	0	0	0.0000	0.0000	0.0000
ENSG00000234732.1	RPEP5	processed_pseudogene	0	0	0	0.0000	0.0000	0.0000
ENSG00000234735.1	AL022237.1	processed_pseudogene	0	0	0	0.0000	0.0000	0.0000
ENSG00000234736.6	FAM170B-AS1	lncRNA	1	1	0	0.0371	0.0109	0.0105
ENSG00000234737.1	KRT18P15	processed_pseudogene	0	0	0	0.0000	0.0000	0.0000
ENSG00000234740.1	AL162386.2	lncRNA	1	1	0	0.1858	0.0544	0.0524
ENSG00000234741.8	GAS5	lncRNA	3146	1750	1690	55.1755	16.1618	15.5626
ENSG00000234742.1	AC144530.1	processed_pseudogene	28	17	12	4.2843	1.2549	1.2084
ENSG00000234743.1	EIF5AP4	processed_pseudogene	35	26	14	6.3919	1.8723	1.8029
ENSG00000234744.1	USP9YP26	unprocessed_pseudogene	0	0	0	0.0000	0.0000	0.0000
ENSG00000234745.12	HLA-B	protein_coding	94909	64959	58992	2672.3192	782.7642	753.7433
ENSG00000234748.1	AL109913.1	processed_pseudogene	0	0	0	0.0000	0.0000	0.0000
ENSG00000234749.5	FAM90A21P	unprocessed_pseudogene	0	0	0	0.0000	0.0000	0.0000
ENSG00000234750.1	AC012618.2	processed_pseudogene	2	0	2	0.2000	0.0586	0.0564
ENSG00000234751.1	AP002381.1	processed_pseudogene	0	0	0	0.0000	0.0000	0.0000
ENSG00000234752.1	LINC02676	lncRNA	0	0	0	0.0000	0.0000	0.0000
ENSG00000234753.5	FOXP4-AS1	lncRNA	5	5	0	0.4546	0.1332	0.1282
ENSG00000234754.2	LINC02817	lncRNA	1	0	1	0.0187	0.0055	0.0053
ENSG00000234756.1	LINC02621	lncRNA	141	71	70	16.9600	4.9679	4.7837
ENSG00000234758.1	AC034228.2	lncRNA	1	1	4	0.1511	0.0443	0.0426
ENSG00000234761.1	MGAT4FP	transcribed_unprocessed_pseudogene	0	0	0	0.0000	0.0000	0.0000
ENSG00000234763.3	AL359378.1	lncRNA	2	3	0	0.1189	0.0348	0.0335
ENSG00000234764.2	E2F6P1	processed_pseudogene	0	0	0	0.0000	0.0000	0.0000
ENSG00000234765.1	ELL2P3	processed_pseudogene	0	0	0	0.0000	0.0000	0.0000
ENSG00000234766.2	LINC01496	lncRNA	0	0	0	0.0000	0.0000	0.0000
ENSG00000234767.2	LINC01052	lncRNA	0	0	0	0.0000	0.0000	0.0000
ENSG00000234768.1	AL611929.1	lncRNA	0	0	0	0.0000	0.0000	0.0000
ENSG00000234769.7	WASH4P	unprocessed_pseudogene	16	10	6	1.0905	0.3194	0.3076
ENSG00000234770.1	GULOP	unitary_pseudogene	2	0	2	0.2271	0.0665	0.0640
ENSG00000234771.3	SLC25A25-AS1	lncRNA	35	101	80	0.4651	0.1362	0.1312
ENSG00000234772.2	LINC00412	lncRNA	1	0	1	0.1306	0.0383	0.0368
ENSG00000234773.7	AC012618.3	transcribed_unprocessed_pseudogene	5	3	5	0.1352	0.0396	0.0381
ENSG00000234775.2	AC105940.2	lncRNA	0	2	4	0.0000	0.0000	0.0000
ENSG00000234776.5	C11orf94	protein_coding	2	2	0	0.2235	0.0655	0.0630
ENSG00000234777.3	LINC02529	lncRNA	0	0	0	0.0000	0.0000	0.0000
ENSG00000234779.1	BNC2-AS1	lncRNA	13	9	4	2.5794	0.7555	0.7275
ENSG00000234780.1	AC245047.3	processed_pseudogene	0	0	0	0.0000	0.0000	0.0000
ENSG00000234781.2	LINC01103	lncRNA	9	3	6	0.5246	0.1537	0.1480
ENSG00000234782.3	TPT1P9	processed_pseudogene	32	15	17	5.2869	1.5486	1.4912
ENSG00000234784.2	AL606517.2	processed_pseudogene	0	0	0	0.0000	0.0000	0.0000
ENSG00000234785.1	EEF1GP5	processed_pseudogene	11	7	4	0.7131	0.2089	0.2011
ENSG00000234787.8	LINC00458	lncRNA	0	0	0	0.0000	0.0000	0.0000
ENSG00000234788.1	HSPA8P3	processed_pseudogene	1	1	0	0.1089	0.0319	0.0307
ENSG00000234789.1	AL590369.1	lncRNA	0	33	29	0.0000	0.0000	0.0000
ENSG00000234790.1	NUTF2P4	processed_pseudogene	0	0	0	0.0000	0.0000	0.0000
ENSG00000234791.1	AC108448.1	lncRNA	0	0	0	0.0000	0.0000	0.0000
ENSG00000234792.1	AL450023.2	processed_pseudogene	0	0	0	0.0000	0.0000	0.0000
ENSG00000234793.1	AC114730.2	lncRNA	1	7	4	0.1271	0.0372	0.0359
ENSG00000234795.10	RFTN1P1	transcribed_unprocessed_pseudogene	0	0	0	0.0000	0.0000	0.0000
ENSG00000234796.1	AC113607.1	lncRNA	0	0	0	0.0000	0.0000	0.0000
ENSG00000234797.5	RPS3AP6	processed_pseudogene	89	37	52	9.5068	2.7847	2.6815
ENSG00000234800.2	PCMTD1P3	processed_pseudogene	0	0	0	0.0000	0.0000	0.0000
ENSG00000234801.3	MORF4	processed_pseudogene	10	5	5	0.8746	0.2562	0.2467
ENSG00000234803.8	FAM197Y2	transcribed_unprocessed_pseudogene	0	0	0	0.0000	0.0000	0.0000
ENSG00000234805.1	AC090505.1	processed_pseudogene	2	2	0	0.0926	0.0271	0.0261
ENSG00000234806.1	RPL26P29	processed_pseudogene	0	0	0	0.0000	0.0000	0.0000
ENSG00000234807.7	LINC01135	lncRNA	35	18	17	0.5924	0.1735	0.1671
ENSG00000234810.4	AL603840.1	lncRNA	31	15	16	0.3104	0.0909	0.0876
ENSG00000234811.1	AL161932.1	processed_pseudogene	0	0	0	0.0000	0.0000	0.0000
ENSG00000234812.1	BX664727.2	processed_pseudogene	0	0	0	0.0000	0.0000	0.0000
ENSG00000234813.1	AL357520.1	processed_pseudogene	0	0	0	0.0000	0.0000	0.0000
ENSG00000234814.8	SVIL2P	transcribed_unprocessed_pseudogene	19	8	11	0.4992	0.1462	0.1408
ENSG00000234816.2	H2AC5P	unprocessed_pseudogene	0	0	0	0.0000	0.0000	0.0000
ENSG00000234817.2	ECI2-DT	lncRNA	5	2	3	0.1865	0.0546	0.0526
ENSG00000234818.1	AC007314.1	lncRNA	0	192	187	0.0000	0.0000	0.0000
ENSG00000234819.1	AL353705.3	processed_pseudogene	3	3	0	1.0704	0.3135	0.3019
ENSG00000234821.1	MRPS33P4	processed_pseudogene	0	0	0	0.0000	0.0000	0.0000
ENSG00000234825.3	XRCC6P2	processed_pseudogene	44	23	21	2.0508	0.6007	0.5784
ENSG00000234826.1	AC003084.1	lncRNA	0	0	0	0.0000	0.0000	0.0000
ENSG00000234828.9	IQCM	protein_coding	0	0	0	0.0000	0.0000	0.0000
ENSG00000234829.4	IFNA17	protein_coding	0	0	0	0.0000	0.0000	0.0000
ENSG00000234830.8	FAM197Y9	transcribed_unprocessed_pseudogene	0	0	0	0.0000	0.0000	0.0000
ENSG00000234832.1	NXT1-AS1	lncRNA	3	0	4	0.3130	0.0917	0.0883
ENSG00000234835.1	PHBP13	processed_pseudogene	6	3	3	0.6704	0.1964	0.1891
ENSG00000234837.1	AC073464.2	processed_pseudogene	0	0	0	0.0000	0.0000	0.0000
ENSG00000234838.3	PPIAP78	processed_pseudogene	7	4	3	1.2131	0.3554	0.3422
ENSG00000234839.1	RPS26P30	processed_pseudogene	0	0	0	0.0000	0.0000	0.0000
ENSG00000234840.2	LINC01239	lncRNA	365	185	180	8.6823	2.5432	2.4489
ENSG00000234841.4	AC017007.2	processed_pseudogene	2	1	1	0.1305	0.0382	0.0368
ENSG00000234842.1	MTCO2P16	unprocessed_pseudogene	23	13	10	2.8850	0.8451	0.8137
ENSG00000234844.1	CDC42P2	processed_pseudogene	1	1	0	0.1492	0.0437	0.0421
ENSG00000234848.1	AC008758.2	lncRNA	0	0	0	0.0000	0.0000	0.0000
ENSG00000234850.1	MTND2P3	processed_pseudogene	0	0	0	0.0000	0.0000	0.0000
ENSG00000234851.4	RPL23AP42	processed_pseudogene	4	94	101	0.7212	0.2112	0.2034
ENSG00000234853.2	NDUFA5P3	processed_pseudogene	0	0	0	0.0000	0.0000	0.0000
ENSG00000234854.1	LINC00676	lncRNA	0	0	0	0.0000	0.0000	0.0000
ENSG00000234855.2	SLIT1-AS1	lncRNA	0	0	0	0.0000	0.0000	0.0000
ENSG00000234857.2	HNRNPUL2-BSCL2	protein_coding	0	0	0	0.0000	0.0000	0.0000
ENSG00000234859.5	AC003958.2	lncRNA	0	0	0	0.0000	0.0000	0.0000
ENSG00000234860.2	AL162394.1	lncRNA	0	0	0	0.0000	0.0000	0.0000
ENSG00000234861.2	ATP5F1AP1	processed_pseudogene	0	0	0	0.0000	0.0000	0.0000
ENSG00000234862.1	AL035258.1	lncRNA	0	0	0	0.0000	0.0000	0.0000
ENSG00000234863.1	AC096644.1	processed_pseudogene	0	0	0	0.0000	0.0000	0.0000
ENSG00000234864.2	LINC02632	lncRNA	0	0	0	0.0000	0.0000	0.0000
ENSG00000234865.3	ADH5P5	transcribed_processed_pseudogene	0	0	0	0.0000	0.0000	0.0000
ENSG00000234869.1	AL021392.1	lncRNA	72	35	40	2.0733	0.6073	0.5848
ENSG00000234872.2	AL358176.5	processed_pseudogene	0	0	0	0.0000	0.0000	0.0000
ENSG00000234877.2	AC092660.1	lncRNA	0	0	0	0.0000	0.0000	0.0000
ENSG00000234878.1	HSPE1P1	processed_pseudogene	0	0	0	0.0000	0.0000	0.0000
ENSG00000234880.1	LINC00163	lncRNA	0	0	0	0.0000	0.0000	0.0000
ENSG00000234881.1	PIGFP2	processed_pseudogene	0	0	0	0.0000	0.0000	0.0000
ENSG00000234882.1	EIF3EP1	processed_pseudogene	0	0	0	0.0000	0.0000	0.0000
ENSG00000234883.6	MIR155HG	lncRNA	73	41	32	3.8672	1.1328	1.0908
ENSG00000234884.2	AL022329.1	lncRNA	2	1	1	0.0917	0.0268	0.0259
ENSG00000234886.1	MTND5P26	processed_pseudogene	0	0	0	0.0000	0.0000	0.0000
ENSG00000234888.1	OFD1P15Y	unprocessed_pseudogene	0	0	0	0.0000	0.0000	0.0000
ENSG00000234889.2	KPNB1P1	processed_pseudogene	0	0	0	0.0000	0.0000	0.0000
ENSG00000234890.1	HNRNPDLP2	unprocessed_pseudogene	0	0	0	0.0000	0.0000	0.0000
ENSG00000234891.1	Z82196.1	lncRNA	0	0	0	0.0000	0.0000	0.0000
ENSG00000234892.1	Z82214.1	lncRNA	0	0	0	0.0000	0.0000	0.0000
ENSG00000234894.1	AL139327.2	unprocessed_pseudogene	0	0	0	0.0000	0.0000	0.0000
ENSG00000234895.1	OR52X1P	unitary_pseudogene	0	0	0	0.0000	0.0000	0.0000
ENSG00000234896.1	OR7E62P	unprocessed_pseudogene	0	0	0	0.0000	0.0000	0.0000
ENSG00000234898.1	CHEK2P3	unprocessed_pseudogene	0	0	0	0.0000	0.0000	0.0000
ENSG00000234899.11	SOX9-AS1	lncRNA	7	3	4	0.0375	0.0110	0.0106
ENSG00000234900.1	AL135937.1	lncRNA	0	0	1	0.0000	0.0000	0.0000
ENSG00000234901.1	MTND6P13	processed_pseudogene	0	0	0	0.0000	0.0000	0.0000
ENSG00000234902.6	AC007879.3	lncRNA	3	3	0	0.2327	0.0681	0.0656
ENSG00000234903.1	AC133104.1	unprocessed_pseudogene	0	0	0	0.0000	0.0000	0.0000
ENSG00000234906.11	APOC2	protein_coding	0	0	0	0.0000	0.0000	0.0000
ENSG00000234907.1	AL593851.1	processed_pseudogene	0	0	0	0.0000	0.0000	0.0000
ENSG00000234910.2	IL6RP1	processed_pseudogene	0	0	0	0.0000	0.0000	0.0000
ENSG00000234911.2	TEX21P	transcribed_unitary_pseudogene	22	9	13	0.5908	0.1731	0.1667
ENSG00000234912.12	SNHG20	lncRNA	88	38	51	1.2277	0.3596	0.3463
ENSG00000234913.1	AC016027.2	lncRNA	3	1	2	0.1022	0.0299	0.0288
ENSG00000234915.1	AL360091.3	lncRNA	0	0	0	0.0000	0.0000	0.0000
ENSG00000234917.2	AC098484.2	lncRNA	0	2	0	0.0000	0.0000	0.0000
ENSG00000234918.1	AL157387.1	lncRNA	0	0	0	0.0000	0.0000	0.0000
ENSG00000234919.1	LINC01827	lncRNA	0	0	0	0.0000	0.0000	0.0000
ENSG00000234921.1	AC006450.2	lncRNA	0	14	13	0.0000	0.0000	0.0000
ENSG00000234922.1	TSEN15P3	processed_pseudogene	0	0	0	0.0000	0.0000	0.0000
ENSG00000234925.2	ATP5PDP4	processed_pseudogene	11	3	8	1.9666	0.5760	0.5547
ENSG00000234927.1	HMGN1P18	processed_pseudogene	0	0	0	0.0000	0.0000	0.0000
ENSG00000234928.1	LINC01659	lncRNA	1	0	1	0.0784	0.0230	0.0221
ENSG00000234929.2	AC018685.2	lncRNA	0	0	0	0.0000	0.0000	0.0000
ENSG00000234931.1	MARK2P15	processed_pseudogene	0	0	0	0.0000	0.0000	0.0000
ENSG00000234932.2	AC009969.1	processed_pseudogene	0	0	0	0.0000	0.0000	0.0000
ENSG00000234933.1	CDC42P1	processed_pseudogene	1	0	1	0.1550	0.0454	0.0437
ENSG00000234934.1	MTND5P29	unprocessed_pseudogene	0	0	0	0.0000	0.0000	0.0000
ENSG00000234936.1	AC010883.1	lncRNA	0	80	96	0.0000	0.0000	0.0000
ENSG00000234937.1	AL139128.1	processed_pseudogene	2	1	1	0.1805	0.0529	0.0509
ENSG00000234938.2	AC012668.2	lncRNA	0	0	0	0.0000	0.0000	0.0000
ENSG00000234939.1	MTND2P18	unprocessed_pseudogene	0	0	0	0.0000	0.0000	0.0000
ENSG00000234940.1	AC023128.1	lncRNA	0	0	0	0.0000	0.0000	0.0000
ENSG00000234941.1	AL117339.2	processed_pseudogene	0	0	0	0.0000	0.0000	0.0000
ENSG00000234942.3	GRID1-AS1	lncRNA	0	0	0	0.0000	0.0000	0.0000
ENSG00000234943.2	AC092839.1	lncRNA	0	0	0	0.0000	0.0000	0.0000
ENSG00000234944.1	LINC02623	lncRNA	0	0	0	0.0000	0.0000	0.0000
ENSG00000234945.8	GTF3C2-AS1	lncRNA	1	426	388	0.0255	0.0075	0.0072
ENSG00000234946.1	SDHCP3	processed_pseudogene	0	0	0	0.0000	0.0000	0.0000
ENSG00000234948.2	LINC01524	lncRNA	0	0	2	0.0000	0.0000	0.0000
ENSG00000234949.2	AC104667.2	lncRNA	47	51	47	2.4102	0.7060	0.6798
ENSG00000234950.1	RBMY2OP	unprocessed_pseudogene	0	0	0	0.0000	0.0000	0.0000
ENSG00000234952.2	LINC02674	lncRNA	0	0	0	0.0000	0.0000	0.0000
ENSG00000234953.2	AL138799.3	lncRNA	0	0	0	0.0000	0.0000	0.0000
ENSG00000234956.7	LINC02539	lncRNA	0	0	0	0.0000	0.0000	0.0000
ENSG00000234958.6	FABP5P13	processed_pseudogene	0	0	0	0.0000	0.0000	0.0000
ENSG00000234958.6_PAR_Y	FABP5P13	processed_pseudogene	0	0	0	0.0000	0.0000	0.0000
ENSG00000234961.1	AL133415.1	lncRNA	0	58350	56310	0.0000	0.0000	0.0000
ENSG00000234962.6	LINC00700	lncRNA	0	0	0	0.0000	0.0000	0.0000
ENSG00000234964.4	FABP5P7	processed_pseudogene	172	89	83	36.0650	10.5640	10.1723
ENSG00000234965.2	SHISA8	protein_coding	2	1	2	0.1209	0.0354	0.0341
ENSG00000234967.2	AL357558.2	lncRNA	0	0	0	0.0000	0.0000	0.0000
ENSG00000234969.1	AARSD1P1	processed_pseudogene	0	0	0	0.0000	0.0000	0.0000
ENSG00000234973.5	LINC02658	lncRNA	0	0	0	0.0000	0.0000	0.0000
ENSG00000234975.6	FTH1P2	processed_pseudogene	107	39	69	22.0546	6.4601	6.2206
ENSG00000234977.1	AC074389.3	lncRNA	1	2	0	0.1870	0.0548	0.0528
ENSG00000234979.1	Z82185.1	lncRNA	0	0	0	0.0000	0.0000	0.0000
ENSG00000234981.1	AC244034.1	processed_pseudogene	6	4	2	0.6433	0.1884	0.1815
ENSG00000234982.1	AL441963.1	processed_pseudogene	3	2	1	0.3217	0.0942	0.0907
ENSG00000234983.1	AC010132.2	processed_pseudogene	0	3	2	0.0000	0.0000	0.0000
ENSG00000234984.1	FMO10P	unprocessed_pseudogene	0	0	0	0.0000	0.0000	0.0000
ENSG00000234985.2	AC074085.2	processed_pseudogene	3	1	2	0.5952	0.1744	0.1679
ENSG00000234986.1	AL731661.1	lncRNA	0	0	0	0.0000	0.0000	0.0000
ENSG00000234988.2	LINC01849	lncRNA	1	1	0	0.0279	0.0082	0.0079
ENSG00000234993.1	CUBNP2	unprocessed_pseudogene	0	0	0	0.0000	0.0000	0.0000
ENSG00000234995.1	RPS3AP28	processed_pseudogene	0	0	0	0.0000	0.0000	0.0000
ENSG00000234996.4	ACTG1P25	transcribed_processed_pseudogene	11	5	6	0.4025	0.1179	0.1135
ENSG00000234997.2	AC016745.1	lncRNA	1	0	1	0.0838	0.0246	0.0236
ENSG00000234998.1	AC244453.3	lncRNA	0	1	0	0.0000	0.0000	0.0000
ENSG00000234999.1	SNRPCP19	processed_pseudogene	0	0	0	0.0000	0.0000	0.0000
ENSG00000235001.3	EIF4A1P2	processed_pseudogene	31	19	12	2.1578	0.6321	0.6086
ENSG00000235002.1	AL513331.1	processed_pseudogene	0	0	0	0.0000	0.0000	0.0000
ENSG00000235004.1	USP9YP30	unprocessed_pseudogene	0	0	0	0.0000	0.0000	0.0000
ENSG00000235005.1	AL450468.1	lncRNA	0	0	0	0.0000	0.0000	0.0000
ENSG00000235007.3	AL158151.3	protein_coding	0	0	0	0.0000	0.0000	0.0000
ENSG00000235008.1	AL023775.1	processed_pseudogene	4	0	4	0.1945	0.0570	0.0549
ENSG00000235009.1	LINC01883	lncRNA	0	0	0	0.0000	0.0000	0.0000
ENSG00000235010.1	AL512622.1	lncRNA	0	0	0	0.0000	0.0000	0.0000
ENSG00000235011.2	AL353651.1	lncRNA	0	0	0	0.0000	0.0000	0.0000
ENSG00000235012.1	JCADP1	processed_pseudogene	0	0	0	0.0000	0.0000	0.0000
ENSG00000235013.1	COX20P2	processed_pseudogene	1	1	0	0.2372	0.0695	0.0669
ENSG00000235014.1	REREP2Y	unprocessed_pseudogene	0	0	0	0.0000	0.0000	0.0000
ENSG00000235015.1	GEMIN2P1	processed_pseudogene	0	0	0	0.0000	0.0000	0.0000
ENSG00000235016.1	SEMA3F-AS1	lncRNA	5	223	218	0.1440	0.0422	0.0406
ENSG00000235018.1	AL137077.1	processed_pseudogene	0	0	0	0.0000	0.0000	0.0000
ENSG00000235020.5	AL390783.1	lncRNA	0	0	0	0.0000	0.0000	0.0000
ENSG00000235021.1	AL591848.1	lncRNA	0	0	0	0.0000	0.0000	0.0000
ENSG00000235023.1	AP001626.1	lncRNA	0	0	0	0.0000	0.0000	0.0000
ENSG00000235024.1	AC097468.2	lncRNA	1	2	1	0.1536	0.0450	0.0433
ENSG00000235026.6	DPP10-AS1	lncRNA	0	0	0	0.0000	0.0000	0.0000
ENSG00000235027.1	AC068580.3	lncRNA	4	3530	3402	0.1686	0.0494	0.0475
ENSG00000235028.3	HMGN1P30	processed_pseudogene	0	0	0	0.0000	0.0000	0.0000
ENSG00000235029.1	MNX1-AS2	lncRNA	0	0	0	0.0000	0.0000	0.0000
ENSG00000235032.1	BMP7-AS1	lncRNA	0	0	0	0.0000	0.0000	0.0000
ENSG00000235033.7	DAAM2-AS1	lncRNA	5	599	603	0.0619	0.0181	0.0175
ENSG00000235034.7	C19orf81	protein_coding	7	6	6	0.6694	0.1961	0.1888
ENSG00000235035.1	AC005234.1	lncRNA	0	0	0	0.0000	0.0000	0.0000
ENSG00000235036.4	AL035456.1	processed_pseudogene	11	7	4	0.6823	0.1999	0.1925
ENSG00000235038.1	AL445193.2	lncRNA	0	0	0	0.0000	0.0000	0.0000
ENSG00000235039.1	MTND6P12	processed_pseudogene	0	0	0	0.0000	0.0000	0.0000
ENSG00000235040.1	MTCO3P1	unprocessed_pseudogene	0	0	0	0.0000	0.0000	0.0000
ENSG00000235042.1	SMARCAL1-AS1	lncRNA	0	30	21	0.0000	0.0000	0.0000
ENSG00000235043.3	TECRP1	processed_pseudogene	48	21	27	9.1600	2.6831	2.5836
ENSG00000235044.1	PPIAP3	processed_pseudogene	7	4	3	1.1771	0.3448	0.3320
ENSG00000235045.2	RPL7P8	processed_pseudogene	4	3	1	0.4653	0.1363	0.1312
ENSG00000235047.1	AC016751.2	lncRNA	0	0	0	0.0000	0.0000	0.0000
ENSG00000235049.1	LINC00940	lncRNA	0	0	0	0.0000	0.0000	0.0000
ENSG00000235050.6	MLIP-AS1	lncRNA	0	0	0	0.0000	0.0000	0.0000
ENSG00000235051.3	AL357497.1	lncRNA	0	0	0	0.0000	0.0000	0.0000
ENSG00000235052.1	AL021154.1	lncRNA	2	0	2	0.3725	0.1091	0.1051
ENSG00000235054.4	LINC01777	lncRNA	2	1	1	0.0660	0.0193	0.0186
ENSG00000235055.3	AL157407.1	processed_pseudogene	1	0	1	0.0939	0.0275	0.0265
ENSG00000235056.1	AC010983.1	lncRNA	0	0	0	0.0000	0.0000	0.0000
ENSG00000235058.1	ZMYND10-AS1	lncRNA	0	1	2	0.0000	0.0000	0.0000
ENSG00000235059.5	AC008175.1	lncRNA	0	0	0	0.0000	0.0000	0.0000
ENSG00000235060.1	VDAC1P4	processed_pseudogene	1	1	0	0.1017	0.0298	0.0287
ENSG00000235061.3	UBE2V1P7	processed_pseudogene	0	0	0	0.0000	0.0000	0.0000
ENSG00000235062.4	BCRP5	unprocessed_pseudogene	0	0	0	0.0000	0.0000	0.0000
ENSG00000235064.1	SLC25A5P2	processed_pseudogene	6	3	3	0.5680	0.1664	0.1602
ENSG00000235065.1	RPL24P2	processed_pseudogene	39	20	19	6.9724	2.0423	1.9666
ENSG00000235066.7	AC009303.2	lncRNA	1	51	47	0.0198	0.0058	0.0056
ENSG00000235069.2	AL627082.1	processed_pseudogene	0	0	0	0.0000	0.0000	0.0000
ENSG00000235070.3	AC062015.1	lncRNA	0	0	0	0.0000	0.0000	0.0000
ENSG00000235071.1	AC073909.1	processed_pseudogene	1	0	1	0.0850	0.0249	0.0240
ENSG00000235072.2	ARNILA	lncRNA	0	0	0	0.0000	0.0000	0.0000
ENSG00000235076.2	GAPDHP52	processed_pseudogene	1	0	1	0.0901	0.0264	0.0254
ENSG00000235077.1	AC073842.1	lncRNA	0	0	0	0.0000	0.0000	0.0000
ENSG00000235078.1	AC231981.1	lncRNA	16	127	143	1.3950	0.4086	0.3935
ENSG00000235079.1	ZRANB2-AS1	lncRNA	2	174	174	0.1756	0.0514	0.0495
ENSG00000235080.2	MTND5P23	unprocessed_pseudogene	0	0	0	0.0000	0.0000	0.0000
ENSG00000235081.1	AC245052.3	processed_pseudogene	0	0	0	0.0000	0.0000	0.0000
ENSG00000235082.2	SUMO1P3	processed_pseudogene	16	7	9	4.4695	1.3092	1.2606
ENSG00000235083.1	AL929288.2	processed_pseudogene	3	1	2	0.6259	0.1834	0.1766
ENSG00000235084.3	CHCHD2P6	processed_pseudogene	23	10	13	4.3695	1.2799	1.2324
ENSG00000235085.3	AC091153.2	lncRNA	1	3	0	0.1984	0.0581	0.0560
ENSG00000235086.1	FNDC1-IT1	lncRNA	0	0	0	0.0000	0.0000	0.0000
ENSG00000235088.1	AL031667.2	processed_pseudogene	0	0	0	0.0000	0.0000	0.0000
ENSG00000235089.1	AL357632.1	processed_pseudogene	0	0	0	0.0000	0.0000	0.0000
ENSG00000235090.1	RPL7L1P3	processed_pseudogene	0	0	0	0.0000	0.0000	0.0000
ENSG00000235091.2	BX324167.1	lncRNA	0	0	0	0.0000	0.0000	0.0000
ENSG00000235092.6	ID2-AS1	lncRNA	11	8	4	0.1319	0.0386	0.0372
ENSG00000235094.3	AC006335.1	unprocessed_pseudogene	0	0	0	0.0000	0.0000	0.0000
ENSG00000235095.1	AC099654.2	unprocessed_pseudogene	1	0	1	0.0429	0.0126	0.0121
ENSG00000235096.2	AC118555.1	lncRNA	0	0	0	0.0000	0.0000	0.0000
ENSG00000235097.1	LINC00330	lncRNA	0	0	0	0.0000	0.0000	0.0000
ENSG00000235098.8	ANKRD65	protein_coding	27	16	16	0.8672	0.2540	0.2446
ENSG00000235099.1	AL138731.1	lncRNA	0	0	0	0.0000	0.0000	0.0000
ENSG00000235100.4	AL157400.3	lncRNA	28	7	21	0.7341	0.2150	0.2071
ENSG00000235101.1	SETP9	transcribed_processed_pseudogene	0	0	0	0.0000	0.0000	0.0000
ENSG00000235102.1	ADI1P1	processed_pseudogene	0	0	0	0.0000	0.0000	0.0000
ENSG00000235105.1	AL356968.2	processed_pseudogene	10	5	12	0.6756	0.1979	0.1906
ENSG00000235106.10	BRD3OS	protein_coding	370	304	274	5.2772	1.5458	1.4885
ENSG00000235108.1	IFNA12P	unprocessed_pseudogene	0	0	0	0.0000	0.0000	0.0000
ENSG00000235109.7	ZSCAN31	protein_coding	47	23	24	0.8052	0.2358	0.2271
ENSG00000235110.5	AC107421.1	processed_pseudogene	0	0	0	0.0000	0.0000	0.0000
ENSG00000235111.1	Z97192.3	lncRNA	2	1	1	0.0571	0.0167	0.0161
ENSG00000235112.1	HSPE1P27	processed_pseudogene	0	0	0	0.0000	0.0000	0.0000
ENSG00000235113.1	AL161932.2	processed_pseudogene	0	0	0	0.0000	0.0000	0.0000
ENSG00000235115.3	CHCHD2P8	processed_pseudogene	0	0	0	0.0000	0.0000	0.0000
ENSG00000235118.8	FAM237A	protein_coding	1	0	1	0.0875	0.0256	0.0247
ENSG00000235119.1	AL138895.1	lncRNA	0	0	0	0.0000	0.0000	0.0000
ENSG00000235120.1	BSN-AS1	lncRNA	0	0	0	0.0000	0.0000	0.0000
ENSG00000235121.1	AL645504.1	lncRNA	3	1	2	0.1408	0.0413	0.0397
ENSG00000235122.4	AL121974.1	lncRNA	0	0	0	0.0000	0.0000	0.0000
ENSG00000235123.5	DSCAM-AS1	lncRNA	0	0	0	0.0000	0.0000	0.0000
ENSG00000235124.1	KRT8P17	processed_pseudogene	0	0	0	0.0000	0.0000	0.0000
ENSG00000235126.1	AC128709.2	lncRNA	0	0	0	0.0000	0.0000	0.0000
ENSG00000235127.1	AC068286.1	lncRNA	0	0	0	0.0000	0.0000	0.0000
ENSG00000235128.1	AC013474.1	processed_pseudogene	2	2	0	0.2126	0.0623	0.0600
ENSG00000235129.1	FABP7P2	processed_pseudogene	0	0	0	0.0000	0.0000	0.0000
ENSG00000235131.1	TP73-AS2	lncRNA	0	0	0	0.0000	0.0000	0.0000
ENSG00000235133.1	RPL35AP22	processed_pseudogene	0	0	0	0.0000	0.0000	0.0000
ENSG00000235136.1	PSMA5P1	processed_pseudogene	0	0	0	0.0000	0.0000	0.0000
ENSG00000235137.2	HSP90AB6P	processed_pseudogene	0	0	0	0.0000	0.0000	0.0000
ENSG00000235138.1	AL445931.1	lncRNA	5	2	3	0.2010	0.0589	0.0567
ENSG00000235139.2	AC003984.1	lncRNA	0	0	0	0.0000	0.0000	0.0000
ENSG00000235140.2	AC026391.1	lncRNA	0	0	0	0.0000	0.0000	0.0000
ENSG00000235141.1	COX6CP17	processed_pseudogene	0	0	0	0.0000	0.0000	0.0000
ENSG00000235142.10	LINC02532	lncRNA	0	0	0	0.0000	0.0000	0.0000
ENSG00000235143.1	AL445235.1	lncRNA	1	0	1	0.0486	0.0142	0.0137
ENSG00000235145.2	RPSAP16	processed_pseudogene	0	0	0	0.0000	0.0000	0.0000
ENSG00000235146.2	AC114498.1	lncRNA	0	0	0	0.0000	0.0000	0.0000
ENSG00000235147.1	AC128677.1	processed_pseudogene	0	0	0	0.0000	0.0000	0.0000
ENSG00000235148.2	HMGB3P23	processed_pseudogene	0	0	0	0.0000	0.0000	0.0000
ENSG00000235149.1	AC096659.1	lncRNA	1	1	0	0.1547	0.0453	0.0436
ENSG00000235150.1	RCBTB2P1	processed_pseudogene	0	0	0	0.0000	0.0000	0.0000
ENSG00000235151.1	AC131097.3	lncRNA	4	0	4	0.5949	0.1743	0.1678
ENSG00000235152.1	AL353052.1	lncRNA	8	4	4	0.8305	0.2433	0.2343
ENSG00000235154.1	FP325330.1	lncRNA	0	0	0	0.0000	0.0000	0.0000
ENSG00000235156.5	TMEM30CP	transcribed_unitary_pseudogene	0	0	0	0.0000	0.0000	0.0000
ENSG00000235158.1	AC087430.1	lncRNA	0	0	0	0.0000	0.0000	0.0000
ENSG00000235159.1	AL121672.2	lncRNA	10	3	7	0.9795	0.2869	0.2763
ENSG00000235160.2	LINC02248	lncRNA	0	0	0	0.0000	0.0000	0.0000
ENSG00000235162.9	C12orf75	protein_coding	313	169	144	9.8701	2.8911	2.7839
ENSG00000235163.2	AC096644.2	processed_pseudogene	0	0	0	0.0000	0.0000	0.0000
ENSG00000235165.2	CDK5P1	processed_pseudogene	0	0	0	0.0000	0.0000	0.0000
ENSG00000235166.8	LINC01440	lncRNA	0	0	0	0.0000	0.0000	0.0000
ENSG00000235168.1	AL078581.3	lncRNA	0	0	0	0.0000	0.0000	0.0000
ENSG00000235169.11	SMIM1	protein_coding	170	89	81	14.5382	4.2585	4.1006
ENSG00000235170.1	MTND1P31	processed_pseudogene	0	0	0	0.0000	0.0000	0.0000
ENSG00000235172.8	LINC01366	lncRNA	131	67	64	3.7008	1.0840	1.0438
ENSG00000235173.7	HGH1	protein_coding	2066	996	1071	62.2810	18.2431	17.5667
ENSG00000235174.1	RPL39P3	processed_pseudogene	245	144	101	133.3687	39.0658	37.6174
ENSG00000235175.1	RPL26P37	processed_pseudogene	2	2	0	0.3878	0.1136	0.1094
ENSG00000235180.1	LINC00601	lncRNA	16	8	8	1.1633	0.3407	0.3281
ENSG00000235181.1	AC245036.2	unprocessed_pseudogene	0	0	0	0.0000	0.0000	0.0000
ENSG00000235182.1	AC104333.1	processed_pseudogene	0	4	0	0.0000	0.0000	0.0000
ENSG00000235183.3	SRP14P3	processed_pseudogene	3	3	0	0.7791	0.2282	0.2197
ENSG00000235185.1	AL031727.2	lncRNA	0	0	1	0.0000	0.0000	0.0000
ENSG00000235186.1	AC103563.8	unprocessed_pseudogene	0	0	0	0.0000	0.0000	0.0000
ENSG00000235189.2	AL034405.1	lncRNA	0	54	71	0.0000	0.0000	0.0000
ENSG00000235190.1	AL008629.1	processed_pseudogene	0	0	0	0.0000	0.0000	0.0000
ENSG00000235191.1	NUCB1-AS1	lncRNA	0	1739	1905	0.0000	0.0000	0.0000
ENSG00000235192.1	AC009495.3	lncRNA	6	18	22	0.6541	0.1916	0.1845
ENSG00000235194.9	PPP1R3E	protein_coding	259	133	164	3.9630	1.1608	1.1178
ENSG00000235196.3	Z68868.1	processed_pseudogene	0	0	0	0.0000	0.0000	0.0000
ENSG00000235197.1	ZNF33CP	processed_pseudogene	0	0	0	0.0000	0.0000	0.0000
ENSG00000235198.1	AC005871.1	lncRNA	0	0	0	0.0000	0.0000	0.0000
ENSG00000235199.1	CYP2C58P	processed_pseudogene	0	0	0	0.0000	0.0000	0.0000
ENSG00000235200.3	LINC01702	lncRNA	0	0	0	0.0000	0.0000	0.0000
ENSG00000235201.1	LINC02578	lncRNA	0	0	0	0.0000	0.0000	0.0000
ENSG00000235202.2	LINC01525	lncRNA	0	0	0	0.0000	0.0000	0.0000
ENSG00000235203.2	TBC1D3P3	unprocessed_pseudogene	0	0	0	0.0000	0.0000	0.0000
ENSG00000235204.1	AL162724.2	lncRNA	2	1	1	0.5514	0.1615	0.1555
ENSG00000235205.1	TATDN2P3	processed_pseudogene	0	0	0	0.0000	0.0000	0.0000
ENSG00000235207.1	TUBBP6	processed_pseudogene	2	1	1	0.1275	0.0373	0.0360
ENSG00000235208.2	AL135938.1	processed_pseudogene	0	0	0	0.0000	0.0000	0.0000
ENSG00000235209.1	AL022318.1	lncRNA	0	0	0	0.0000	0.0000	0.0000
ENSG00000235211.4	TMSB10P2	processed_pseudogene	1	1	0	0.6482	0.1899	0.1828
ENSG00000235213.1	OR6E1P	unprocessed_pseudogene	0	9	10	0.0000	0.0000	0.0000
ENSG00000235214.1	FAM83C-AS1	lncRNA	0	0	0	0.0000	0.0000	0.0000
ENSG00000235215.2	AL592431.1	lncRNA	0	0	0	0.0000	0.0000	0.0000
ENSG00000235217.6	TSPY26P	transcribed_processed_pseudogene	43	24	19	0.9014	0.2640	0.2542
ENSG00000235218.2	DNAJC17P1	processed_pseudogene	0	0	0	0.0000	0.0000	0.0000
ENSG00000235219.1	AC236972.2	unprocessed_pseudogene	0	0	0	0.0000	0.0000	0.0000
ENSG00000235221.3	LINC00383	lncRNA	0	0	0	0.0000	0.0000	0.0000
ENSG00000235224.1	AL591212.2	processed_pseudogene	0	0	0	0.0000	0.0000	0.0000
ENSG00000235225.1	RPL31P17	processed_pseudogene	6	3	3	1.3479	0.3948	0.3802
ENSG00000235226.1	AL445528.1	processed_pseudogene	0	0	0	0.0000	0.0000	0.0000
ENSG00000235227.1	VN1R38P	unitary_pseudogene	0	0	0	0.0000	0.0000	0.0000
ENSG00000235232.1	MRPS18BP2	processed_pseudogene	0	0	0	0.0000	0.0000	0.0000
ENSG00000235235.6	IGKV1OR2-1	IG_V_pseudogene	0	0	0	0.0000	0.0000	0.0000
ENSG00000235236.1	AC137630.2	lncRNA	2	81	72	0.2573	0.0754	0.0726
ENSG00000235237.1	Z82188.2	lncRNA	0	110	91	0.0000	0.0000	0.0000
ENSG00000235238.1	SUMO2P1	processed_pseudogene	10	3	7	2.9902	0.8759	0.8434
ENSG00000235239.1	Z74696.1	processed_pseudogene	0	0	0	0.0000	0.0000	0.0000
ENSG00000235240.1	AC026185.1	unprocessed_pseudogene	0	0	0	0.0000	0.0000	0.0000
ENSG00000235241.1	BX284668.4	processed_pseudogene	0	143	142	0.0000	0.0000	0.0000
ENSG00000235242.1	AC010982.1	lncRNA	0	0	0	0.0000	0.0000	0.0000
ENSG00000235243.1	AC093716.1	processed_pseudogene	0	0	0	0.0000	0.0000	0.0000
ENSG00000235244.4	DANT2	lncRNA	1	1	0	0.0194	0.0057	0.0055
ENSG00000235245.1	AL360181.2	lncRNA	9	3	6	1.2209	0.3576	0.3444
ENSG00000235246.1	AL020993.1	lncRNA	0	129	123	0.0000	0.0000	0.0000
ENSG00000235248.3	OR13C1P	transcribed_unprocessed_pseudogene	0	0	0	0.0000	0.0000	0.0000
ENSG00000235251.2	AC093155.2	processed_pseudogene	3	3	0	0.2719	0.0796	0.0767
ENSG00000235253.1	AC010240.2	processed_pseudogene	5	2	4	0.3524	0.1032	0.0994
ENSG00000235254.3	TMEM185AP1	unprocessed_pseudogene	0	1	1	0.0000	0.0000	0.0000
ENSG00000235256.1	FKBP4P7	processed_pseudogene	0	0	0	0.0000	0.0000	0.0000
ENSG00000235257.9	ITGA9-AS1	lncRNA	68	82	89	0.3031	0.0888	0.0855
ENSG00000235258.1	NDUFB4P6	processed_pseudogene	0	0	0	0.0000	0.0000	0.0000
ENSG00000235262.1	KDM5C-IT1	lncRNA	0	0	0	0.0000	0.0000	0.0000
ENSG00000235263.1	AL928921.1	lncRNA	0	1	0	0.0000	0.0000	0.0000
ENSG00000235264.1	RPL5P28	processed_pseudogene	0	0	0	0.0000	0.0000	0.0000
ENSG00000235266.1	RPL22P17	processed_pseudogene	0	0	0	0.0000	0.0000	0.0000
ENSG00000235267.1	AC074117.2	processed_pseudogene	1	1	0	0.2139	0.0627	0.0603
ENSG00000235268.2	KDM4E	protein_coding	5	5	0	0.1815	0.0532	0.0512
ENSG00000235269.2	LINC02331	lncRNA	0	0	0	0.0000	0.0000	0.0000
ENSG00000235271.6	Z97353.2	lncRNA	1	1	0	0.0795	0.0233	0.0224
ENSG00000235272.2	RAMACL	protein_coding	6	3	3	0.2559	0.0750	0.0722
ENSG00000235274.1	Z75741.2	processed_pseudogene	0	0	0	0.0000	0.0000	0.0000
ENSG00000235275.3	KRT18P16	processed_pseudogene	0	0	0	0.0000	0.0000	0.0000
ENSG00000235277.1	AF127577.3	lncRNA	0	0	0	0.0000	0.0000	0.0000
ENSG00000235278.2	ZNF652P1	processed_pseudogene	0	0	0	0.0000	0.0000	0.0000
ENSG00000235279.1	AC069079.1	lncRNA	0	0	0	0.0000	0.0000	0.0000
ENSG00000235280.2	MCF2L-AS1	lncRNA	0	0	0	0.0000	0.0000	0.0000
ENSG00000235281.2	AL713851.1	lncRNA	0	0	0	0.0000	0.0000	0.0000
ENSG00000235282.3	DYNLL1P3	processed_pseudogene	0	0	0	0.0000	0.0000	0.0000
ENSG00000235284.1	SNORD62A	snoRNA	0	0	0	0.0000	0.0000	0.0000
ENSG00000235285.1	SMIM2-IT1	lncRNA	0	0	0	0.0000	0.0000	0.0000
ENSG00000235286.1	AP000925.1	processed_pseudogene	0	0	0	0.0000	0.0000	0.0000
ENSG00000235288.3	AC099329.1	lncRNA	0	0	0	0.0000	0.0000	0.0000
ENSG00000235289.1	BRD7P6	processed_pseudogene	0	0	0	0.0000	0.0000	0.0000
ENSG00000235290.1	HLA-W	unprocessed_pseudogene	4	3	1	0.4406	0.1291	0.1243
ENSG00000235292.2	AL109838.1	lncRNA	0	0	0	0.0000	0.0000	0.0000
ENSG00000235293.1	AC114814.2	lncRNA	0	0	0	0.0000	0.0000	0.0000
ENSG00000235294.1	RPL7AP25	processed_pseudogene	0	0	0	0.0000	0.0000	0.0000
ENSG00000235295.1	LINC01634	lncRNA	0	0	0	0.0000	0.0000	0.0000
ENSG00000235296.1	AC145207.1	lncRNA	0	0	0	0.0000	0.0000	0.0000
ENSG00000235297.3	FAUP1	processed_pseudogene	12	5	7	2.4615	0.7210	0.6943
ENSG00000235298.1	AL354733.3	lncRNA	2	926	935	0.4355	0.1276	0.1228
ENSG00000235299.2	MRPL53P1	processed_pseudogene	0	0	0	0.0000	0.0000	0.0000
ENSG00000235300.4	THRA1/BTR	lncRNA	0	0	0	0.0000	0.0000	0.0000
ENSG00000235301.1	HLA-Z	unprocessed_pseudogene	0	0	0	0.0000	0.0000	0.0000
ENSG00000235303.1	AL023495.1	lncRNA	0	0	0	0.0000	0.0000	0.0000
ENSG00000235304.2	LINC01281	lncRNA	12	6	6	0.4377	0.1282	0.1235
ENSG00000235306.2	GAPDHP34	processed_pseudogene	0	0	0	0.0000	0.0000	0.0000
ENSG00000235308.1	AL445991.1	processed_pseudogene	2	0	2	0.3576	0.1047	0.1009
ENSG00000235310.1	GXYLT1P6	processed_pseudogene	0	0	0	0.0000	0.0000	0.0000
ENSG00000235312.1	KRTAP19-10P	unprocessed_pseudogene	0	0	0	0.0000	0.0000	0.0000
ENSG00000235313.1	HM13-IT1	lncRNA	6	1	5	1.4312	0.4192	0.4037
ENSG00000235314.1	LINC00957	lncRNA	230	164	176	7.2259	2.1166	2.0381
ENSG00000235315.2	RPL23AP69	processed_pseudogene	3	3	0	0.5562	0.1629	0.1569
ENSG00000235316.1	DUSP8P5	processed_pseudogene	23	14	9	1.0761	0.3152	0.3035
ENSG00000235318.3	MTND4LP13	unprocessed_pseudogene	0	0	0	0.0000	0.0000	0.0000
ENSG00000235319.1	AC012360.1	lncRNA	22	16	6	2.7719	0.8119	0.7818
ENSG00000235321.1	AC007556.1	lncRNA	0	0	0	0.0000	0.0000	0.0000
ENSG00000235323.2	COTL1P2	processed_pseudogene	1	1	0	0.2413	0.0707	0.0680
ENSG00000235325.1	SRSF3P5	processed_pseudogene	1	1	0	0.1747	0.0512	0.0493
ENSG00000235328.1	AC006946.1	processed_pseudogene	0	0	0	0.0000	0.0000	0.0000
ENSG00000235329.2	AL031183.1	processed_pseudogene	0	0	0	0.0000	0.0000	0.0000
ENSG00000235330.2	RPL12P25	transcribed_processed_pseudogene	0	0	0	0.0000	0.0000	0.0000
ENSG00000235332.2	RPSAP76	processed_pseudogene	3	0	4	0.2987	0.0875	0.0842
ENSG00000235333.3	PVRIG2P	transcribed_unprocessed_pseudogene	0	0	0	0.0000	0.0000	0.0000
ENSG00000235334.1	BTG3P1	processed_pseudogene	0	0	0	0.0000	0.0000	0.0000
ENSG00000235335.3	B3GALT1-AS1	lncRNA	1	66	60	0.0624	0.0183	0.0176
ENSG00000235337.1	AC093083.1	lncRNA	0	0	0	0.0000	0.0000	0.0000
ENSG00000235338.1	DUSP5P2	processed_pseudogene	0	0	0	0.0000	0.0000	0.0000
ENSG00000235339.1	GEMIN2P2	processed_pseudogene	0	0	0	0.0000	0.0000	0.0000
ENSG00000235343.2	LINC01665	lncRNA	1	4	3	0.0573	0.0168	0.0162
ENSG00000235347.1	Z84478.1	processed_pseudogene	3	1	2	0.2090	0.0612	0.0589
ENSG00000235349.1	AC016769.3	processed_pseudogene	0	0	0	0.0000	0.0000	0.0000
ENSG00000235350.1	AL606490.8	unprocessed_pseudogene	0	0	0	0.0000	0.0000	0.0000
ENSG00000235351.1	AC114730.3	lncRNA	1	47	39	0.1454	0.0426	0.0410
ENSG00000235352.1	SGCEP1	processed_pseudogene	0	0	0	0.0000	0.0000	0.0000
ENSG00000235354.1	RPS29P16	processed_pseudogene	3	1	2	1.4898	0.4364	0.4202
ENSG00000235356.2	AL592466.1	lncRNA	0	0	0	0.0000	0.0000	0.0000
ENSG00000235357.2	LINC01621	lncRNA	0	0	0	0.0000	0.0000	0.0000
ENSG00000235358.2	AC093151.2	lncRNA	1	0	1	0.0377	0.0110	0.0106
ENSG00000235361.1	AC016292.1	lncRNA	0	0	0	0.0000	0.0000	0.0000
ENSG00000235363.1	SNRPGP10	processed_pseudogene	11	2	9	4.1517	1.2161	1.1710
ENSG00000235366.2	LINC01055	lncRNA	0	0	0	0.0000	0.0000	0.0000
ENSG00000235368.1	SAPCD2P2	processed_pseudogene	0	0	0	0.0000	0.0000	0.0000
ENSG00000235369.1	RPL36AP15	processed_pseudogene	1	0	1	0.3192	0.0935	0.0900
ENSG00000235370.6	DNM1P51	transcribed_unprocessed_pseudogene	91	41	51	0.8786	0.2573	0.2478
ENSG00000235371.1	AL122018.1	processed_pseudogene	10	3	7	0.3676	0.1077	0.1037
ENSG00000235374.2	SSR4P1	transcribed_processed_pseudogene	147	77	86	4.7357	1.3872	1.3357
ENSG00000235376.5	RPEL1	protein_coding	3	1	2	0.1196	0.0350	0.0337
ENSG00000235377.1	AL158047.1	processed_pseudogene	1	0	1	0.0964	0.0282	0.0272
ENSG00000235378.2	MRPS10P1	processed_pseudogene	5	1	4	3.2662	0.9567	0.9212
ENSG00000235379.1	RPL7P31	processed_pseudogene	0	0	0	0.0000	0.0000	0.0000
ENSG00000235381.1	AL596202.1	lncRNA	18	13	6	0.4950	0.1450	0.1396
ENSG00000235382.1	MTND4P31	processed_pseudogene	0	0	0	0.0000	0.0000	0.0000
ENSG00000235385.2	LINC02154	lncRNA	82	42	40	4.4724	1.3100	1.2615
ENSG00000235386.1	AC113174.1	unprocessed_pseudogene	0	0	0	0.0000	0.0000	0.0000
ENSG00000235387.5	SPAAR	protein_coding	12	4	8	0.3512	0.1029	0.0990
ENSG00000235389.2	AL583805.2	lncRNA	0	0	0	0.0000	0.0000	0.0000
ENSG00000235390.4	AC051619.1	processed_pseudogene	0	0	0	0.0000	0.0000	0.0000
ENSG00000235397.1	EPN2-AS1	lncRNA	1	1	0	0.0714	0.0209	0.0201
ENSG00000235399.1	AL135902.1	lncRNA	0	0	0	0.0000	0.0000	0.0000
ENSG00000235400.1	AC104837.1	processed_pseudogene	10	5	5	0.5351	0.1567	0.1509
ENSG00000235403.1	AC114808.1	lncRNA	0	0	0	0.0000	0.0000	0.0000
ENSG00000235407.1	CYMP-AS1	lncRNA	0	0	0	0.0000	0.0000	0.0000
ENSG00000235408.6	SNORA71B	snoRNA	5	1	4	1.5610	0.4573	0.4403
ENSG00000235410.1	AL157896.1	lncRNA	1	1	0	0.1075	0.0315	0.0303
ENSG00000235411.1	DRG1P1	processed_pseudogene	4	1	3	0.2941	0.0861	0.0830
ENSG00000235412.1	TTTY4B	lncRNA	0	0	0	0.0000	0.0000	0.0000
ENSG00000235413.3	KRT18P63	processed_pseudogene	2	0	2	0.1735	0.0508	0.0489
ENSG00000235414.3	RPSAP24	processed_pseudogene	0	0	0	0.0000	0.0000	0.0000
ENSG00000235415.1	AC005808.1	lncRNA	0	0	0	0.0000	0.0000	0.0000
ENSG00000235416.1	TIPINP1	processed_pseudogene	0	0	0	0.0000	0.0000	0.0000
ENSG00000235419.5	AC010149.1	lncRNA	4	2	2	0.4909	0.1438	0.1385
ENSG00000235420.7	RPL29P30	transcribed_processed_pseudogene	0	0	0	0.0000	0.0000	0.0000
ENSG00000235421.1	AC114501.2	unprocessed_pseudogene	0	0	0	0.0000	0.0000	0.0000
ENSG00000235422.1	KATNBL1P3	processed_pseudogene	0	0	0	0.0000	0.0000	0.0000
ENSG00000235424.1	SUMO2P10	processed_pseudogene	1	1	3	0.2949	0.0864	0.0832
ENSG00000235425.2	RPS7P13	processed_pseudogene	0	0	0	0.0000	0.0000	0.0000
ENSG00000235426.2	AL133481.1	lncRNA	1	468	419	0.1662	0.0487	0.0469
ENSG00000235427.1	AC006159.1	lncRNA	1	3	2	0.2200	0.0644	0.0621
ENSG00000235429.1	AC083875.1	processed_pseudogene	0	0	0	0.0000	0.0000	0.0000
ENSG00000235430.1	ZSWIM5P1	processed_pseudogene	1	1	0	0.0431	0.0126	0.0122
ENSG00000235431.2	AC010991.1	lncRNA	0	0	0	0.0000	0.0000	0.0000
ENSG00000235432.1	AL663074.2	unprocessed_pseudogene	0	0	0	0.0000	0.0000	0.0000
ENSG00000235433.1	MTATP6P17	unprocessed_pseudogene	0	0	0	0.0000	0.0000	0.0000
ENSG00000235434.1	AL391883.1	lncRNA	0	0	0	0.0000	0.0000	0.0000
ENSG00000235435.1	AC096666.1	lncRNA	0	0	0	0.0000	0.0000	0.0000
ENSG00000235436.10	DPY19L2P4	transcribed_unprocessed_pseudogene	0	0	0	0.0000	0.0000	0.0000
ENSG00000235437.8	LINC01278	lncRNA	571	293	278	3.4278	1.0041	0.9668
ENSG00000235438.7	ESRRAP2	transcribed_processed_pseudogene	3	3	2	0.0835	0.0245	0.0236
ENSG00000235440.1	RPS2P15	processed_pseudogene	1	0	1	0.1036	0.0303	0.0292
ENSG00000235444.2	PSMB3P2	processed_pseudogene	0	0	1	0.0000	0.0000	0.0000
ENSG00000235445.1	AC016027.3	lncRNA	0	0	0	0.0000	0.0000	0.0000
ENSG00000235446.2	LINC02791	lncRNA	0	0	0	0.0000	0.0000	0.0000
ENSG00000235447.2	TRAPPC13P1	processed_pseudogene	0	0	0	0.0000	0.0000	0.0000
ENSG00000235448.3	LURAP1L-AS1	lncRNA	23	33	33	0.6377	0.1868	0.1799
ENSG00000235449.2	AC098934.1	processed_pseudogene	10	7	3	4.4695	1.3092	1.2606
ENSG00000235450.1	AC079760.1	lncRNA	1	0	1	0.4204	0.1231	0.1186
ENSG00000235451.1	PNPLA4P1	unprocessed_pseudogene	0	0	0	0.0000	0.0000	0.0000
ENSG00000235453.10	SMIM27	protein_coding	53	57	52	1.1761	0.3445	0.3317
ENSG00000235454.1	HAUS6P3	processed_pseudogene	0	0	0	0.0000	0.0000	0.0000
ENSG00000235455.1	IQCF5-AS1	lncRNA	0	0	0	0.0000	0.0000	0.0000
ENSG00000235459.5	RPS26P31	processed_pseudogene	21	2	19	5.1245	1.5010	1.4454
ENSG00000235461.2	AC003001.1	lncRNA	0	0	0	0.0000	0.0000	0.0000
ENSG00000235462.1	TAB3P1	transcribed_unprocessed_pseudogene	0	0	0	0.0000	0.0000	0.0000
ENSG00000235463.1	AC078974.1	processed_pseudogene	0	0	0	0.0000	0.0000	0.0000
ENSG00000235464.1	AC007652.1	lncRNA	0	0	0	0.0000	0.0000	0.0000
ENSG00000235467.1	RPL10AP5	processed_pseudogene	0	0	0	0.0000	0.0000	0.0000
ENSG00000235469.1	MRPL50P4	processed_pseudogene	0	0	0	0.0000	0.0000	0.0000
ENSG00000235470.5	NEURL1-AS1	lncRNA	0	0	0	0.0000	0.0000	0.0000
ENSG00000235472.1	EIF4A1P7	processed_pseudogene	10	6	4	0.6961	0.2039	0.1963
ENSG00000235478.5	LINC01664	lncRNA	0	0	0	0.0000	0.0000	0.0000
ENSG00000235479.1	RAB9AP4	unprocessed_pseudogene	0	0	0	0.0000	0.0000	0.0000
ENSG00000235480.1	AC013270.1	lncRNA	5	1	4	0.9650	0.2827	0.2722
ENSG00000235481.3	UBE2R2-AS1	lncRNA	0	0	0	0.0000	0.0000	0.0000
ENSG00000235482.1	RPL21P135	processed_pseudogene	0	0	0	0.0000	0.0000	0.0000
ENSG00000235483.1	GYG2-AS1	lncRNA	0	0	0	0.0000	0.0000	0.0000
ENSG00000235485.1	AL021877.1	processed_pseudogene	4	2	2	0.1548	0.0454	0.0437
ENSG00000235486.1	ANAPC1P6	unprocessed_pseudogene	0	0	0	0.0000	0.0000	0.0000
ENSG00000235488.1	JARID2-AS1	lncRNA	0	0	0	0.0000	0.0000	0.0000
ENSG00000235489.4	DBF4P1	processed_pseudogene	13	8	5	0.5835	0.1709	0.1646
ENSG00000235491.1	LINC01889	lncRNA	0	0	0	0.0000	0.0000	0.0000
ENSG00000235492.1	LINC01221	lncRNA	0	0	0	0.0000	0.0000	0.0000
ENSG00000235493.2	LINC01967	lncRNA	0	0	0	0.0000	0.0000	0.0000
ENSG00000235494.2	AL590705.2	lncRNA	0	0	0	0.0000	0.0000	0.0000
ENSG00000235495.1	AC007422.1	lncRNA	15	7	9	7.6276	2.2342	2.1514
ENSG00000235497.5	AC012506.4	lncRNA	0	0	0	0.0000	0.0000	0.0000
ENSG00000235499.1	AC073046.1	lncRNA	8	6	2	1.7420	0.5102	0.4913
ENSG00000235500.2	SNX19P2	processed_pseudogene	7	3	4	0.2001	0.0586	0.0564
ENSG00000235501.6	AC105942.1	lncRNA	66	34	32	2.2268	0.6523	0.6281
ENSG00000235503.2	AC079799.1	lncRNA	0	0	0	0.0000	0.0000	0.0000
ENSG00000235505.7	CASP4LP	transcribed_unprocessed_pseudogene	30	13	17	0.5915	0.1733	0.1668
ENSG00000235508.3	RPS2P7	processed_pseudogene	65	35	32	6.2371	1.8269	1.7592
ENSG00000235510.1	BX842568.3	unprocessed_pseudogene	0	0	0	0.0000	0.0000	0.0000
ENSG00000235511.1	OFD1P18Y	unprocessed_pseudogene	0	0	0	0.0000	0.0000	0.0000
ENSG00000235512.1	TAB3-AS2	lncRNA	0	41	43	0.0000	0.0000	0.0000
ENSG00000235513.2	L3MBTL2-AS1	lncRNA	94	321	344	1.7583	0.5150	0.4959
ENSG00000235514.1	LLPHP2	processed_pseudogene	2	1	1	0.4289	0.1256	0.1210
ENSG00000235518.2	AC011196.1	lncRNA	0	0	0	0.0000	0.0000	0.0000
ENSG00000235519.3	LINC01815	lncRNA	0	0	0	0.0000	0.0000	0.0000
ENSG00000235521.1	USP9YP27	unprocessed_pseudogene	0	0	0	0.0000	0.0000	0.0000
ENSG00000235522.6	AC010978.1	lncRNA	2	494	462	0.0784	0.0230	0.0221
ENSG00000235523.1	AL135924.2	lncRNA	0	0	0	0.0000	0.0000	0.0000
ENSG00000235524.1	MTCO1P23	processed_pseudogene	0	0	0	0.0000	0.0000	0.0000
ENSG00000235525.1	FTLP1	processed_pseudogene	1	0	1	0.1614	0.0473	0.0455
ENSG00000235526.1	AL355990.1	lncRNA	4	4	0	0.6687	0.1959	0.1886
ENSG00000235527.7	HIPK1-AS1	lncRNA	2	0	2	0.0550	0.0161	0.0155
ENSG00000235529.1	AGAP1-IT1	lncRNA	11	7	4	1.4068	0.4121	0.3968
ENSG00000235530.7	AC087294.1	lncRNA	8	1	7	0.3290	0.0964	0.0928
ENSG00000235531.11	MSC-AS1	lncRNA	1622	1691	1722	11.9764	3.5081	3.3780
ENSG00000235532.1	LINC00402	lncRNA	4	0	4	0.1017	0.0298	0.0287
ENSG00000235533.1	AL360089.1	lncRNA	0	0	0	0.0000	0.0000	0.0000
ENSG00000235534.1	FECHP1	processed_pseudogene	0	0	0	0.0000	0.0000	0.0000
ENSG00000235535.8	TRDN-AS1	lncRNA	2	1	1	0.0234	0.0068	0.0066
ENSG00000235537.3	AC009411.2	lncRNA	1	1	0	0.0453	0.0133	0.0128
ENSG00000235538.4	AL078602.1	lncRNA	3	0	3	0.0412	0.0121	0.0116
ENSG00000235539.1	MTND1P33	processed_pseudogene	0	0	0	0.0000	0.0000	0.0000
ENSG00000235544.1	RPS11P1	processed_pseudogene	0	0	0	0.0000	0.0000	0.0000
ENSG00000235545.1	AC103923.1	lncRNA	17	7	10	1.1756	0.3444	0.3316
ENSG00000235546.2	AC087499.4	processed_pseudogene	1	1	0	0.0633	0.0185	0.0178
ENSG00000235547.3	NDUFB11P1	processed_pseudogene	0	0	0	0.0000	0.0000	0.0000
ENSG00000235548.1	HEBP2P1	processed_pseudogene	2	2	0	0.2036	0.0597	0.0574
ENSG00000235549.1	EIF1P2	processed_pseudogene	0	0	0	0.0000	0.0000	0.0000
ENSG00000235550.1	ANKRD26P2	unprocessed_pseudogene	0	0	0	0.0000	0.0000	0.0000
ENSG00000235552.4	RPL6P27	transcribed_processed_pseudogene	161	81	80	15.6791	4.5927	4.4224
ENSG00000235554.1	SRSF6P2	processed_pseudogene	4	2	2	0.3285	0.0962	0.0927
ENSG00000235555.1	SUMO1P4	processed_pseudogene	1	0	1	0.2812	0.0824	0.0793
ENSG00000235558.3	GUSBP17	unprocessed_pseudogene	0	0	0	0.0000	0.0000	0.0000
ENSG00000235559.1	NOP56P1	processed_pseudogene	1	1	0	0.2283	0.0669	0.0644
ENSG00000235560.4	AC002310.1	lncRNA	6	20	18	0.2781	0.0815	0.0784
ENSG00000235563.1	AL445183.2	lncRNA	0	0	0	0.0000	0.0000	0.0000
ENSG00000235564.2	AP000477.2	lncRNA	0	0	0	0.0000	0.0000	0.0000
ENSG00000235568.7	NFAM1	protein_coding	398	171	229	5.7993	1.6987	1.6357
ENSG00000235570.1	LINC00533	lncRNA	0	0	0	0.0000	0.0000	0.0000
ENSG00000235571.1	SNX18P14	processed_pseudogene	3	2	1	0.4438	0.1300	0.1252
ENSG00000235572.3	AL353615.1	lncRNA	0	0	0	0.0000	0.0000	0.0000
ENSG00000235573.2	AC005005.2	processed_pseudogene	0	0	0	0.0000	0.0000	0.0000
ENSG00000235574.1	AC073150.1	processed_pseudogene	1	1	0	0.0783	0.0229	0.0221
ENSG00000235575.1	Z99758.1	lncRNA	0	0	0	0.0000	0.0000	0.0000
ENSG00000235576.1	LINC01871	lncRNA	22	9	13	7.6883	2.2520	2.1685
ENSG00000235578.1	AC007731.2	lncRNA	2	0	2	0.3808	0.1115	0.1074
ENSG00000235579.1	RPL38P5	processed_pseudogene	1	1	0	0.4311	0.1263	0.1216
ENSG00000235581.1	AC005011.1	processed_pseudogene	0	0	0	0.0000	0.0000	0.0000
ENSG00000235582.2	AL365258.2	processed_pseudogene	2	19	15	0.3598	0.1054	0.1015
ENSG00000235583.2	AC007562.1	unprocessed_pseudogene	0	0	0	0.0000	0.0000	0.0000
ENSG00000235584.3	AC008268.1	lncRNA	1	1	0	0.0413	0.0121	0.0116
ENSG00000235586.1	AC011247.1	lncRNA	4	0	4	1.4579	0.4270	0.4112
ENSG00000235587.2	GAPDHP65	processed_pseudogene	118	57	61	9.9608	2.9177	2.8095
ENSG00000235590.7	GNAS-AS1	lncRNA	3	7	8	0.0697	0.0204	0.0196
ENSG00000235592.1	AC004674.1	unprocessed_pseudogene	0	0	0	0.0000	0.0000	0.0000
ENSG00000235593.1	RBMS3-AS1	lncRNA	0	0	0	0.0000	0.0000	0.0000
ENSG00000235594.1	AL139824.2	processed_pseudogene	0	0	0	0.0000	0.0000	0.0000
ENSG00000235595.1	GAPDHP23	processed_pseudogene	0	0	0	0.0000	0.0000	0.0000
ENSG00000235597.2	LINC01102	lncRNA	149	77	72	1.7692	0.5182	0.4990
ENSG00000235598.1	RRM2P4	processed_pseudogene	0	0	0	0.0000	0.0000	0.0000
ENSG00000235601.1	BARX1-DT	lncRNA	0	0	0	0.0000	0.0000	0.0000
ENSG00000235602.5	POU5F1P3	processed_pseudogene	2	1	1	0.1576	0.0461	0.0444
ENSG00000235605.1	AL355472.1	processed_pseudogene	5	7	15	0.9694	0.2840	0.2734
ENSG00000235606.3	AK4P6	processed_pseudogene	0	0	0	0.0000	0.0000	0.0000
ENSG00000235608.2	NKX1-1	protein_coding	0	0	0	0.0000	0.0000	0.0000
ENSG00000235609.7	AF127577.4	lncRNA	82	33	49	1.1745	0.3440	0.3313
ENSG00000235610.1	AC013448.2	lncRNA	0	0	0	0.0000	0.0000	0.0000
ENSG00000235612.1	AL353681.1	lncRNA	0	1	2	0.0000	0.0000	0.0000
ENSG00000235613.2	NSRP1P1	processed_pseudogene	3	1	2	0.1505	0.0441	0.0424
ENSG00000235615.2	AJ239322.1	lncRNA	26	16	16	0.9995	0.2928	0.2819
ENSG00000235616.1	ST13P2	processed_pseudogene	2	1	1	0.1531	0.0449	0.0432
ENSG00000235617.1	AC016027.4	unprocessed_pseudogene	0	0	0	0.0000	0.0000	0.0000
ENSG00000235618.8	FAM21EP	transcribed_unprocessed_pseudogene	14	10	11	0.4664	0.1366	0.1316
ENSG00000235619.1	RPL36AP33	processed_pseudogene	1	1	0	0.2739	0.0802	0.0773
ENSG00000235620.1	AC020743.3	lncRNA	0	0	0	0.0000	0.0000	0.0000
ENSG00000235621.9	LINC00494	lncRNA	5	3	2	0.0721	0.0211	0.0203
ENSG00000235623.2	OR7E110P	unprocessed_pseudogene	0	0	0	0.0000	0.0000	0.0000
ENSG00000235625.1	AL138957.1	lncRNA	0	0	0	0.0000	0.0000	0.0000
ENSG00000235626.2	KRT18P66	processed_pseudogene	0	0	0	0.0000	0.0000	0.0000
ENSG00000235627.1	SNRPFP4	processed_pseudogene	0	0	0	0.0000	0.0000	0.0000
ENSG00000235628.1	TNR-IT1	lncRNA	0	0	0	0.0000	0.0000	0.0000
ENSG00000235629.1	AC090952.1	lncRNA	0	0	0	0.0000	0.0000	0.0000
ENSG00000235631.2	RNF148	protein_coding	0	0	0	0.0000	0.0000	0.0000
ENSG00000235635.1	AC016644.1	lncRNA	0	9	11	0.0000	0.0000	0.0000
ENSG00000235636.1	NUS1P1	processed_pseudogene	54	26	28	5.1992	1.5229	1.4665
ENSG00000235637.1	AC069023.1	lncRNA	0	0	0	0.0000	0.0000	0.0000
ENSG00000235638.1	MTND6P14	processed_pseudogene	0	0	0	0.0000	0.0000	0.0000
ENSG00000235639.1	AC002069.3	processed_pseudogene	0	0	0	0.0000	0.0000	0.0000
ENSG00000235640.1	ELOAP1	processed_pseudogene	0	0	0	0.0000	0.0000	0.0000
ENSG00000235641.5	LINC00484	lncRNA	0	0	0	0.0000	0.0000	0.0000
ENSG00000235642.1	PTP4A1P5	processed_pseudogene	0	0	0	0.0000	0.0000	0.0000
ENSG00000235643.2	LINC01647	lncRNA	2	0	2	0.1257	0.0368	0.0355
ENSG00000235644.1	RPL10P5	processed_pseudogene	5	3	2	0.6645	0.1946	0.1874
ENSG00000235645.2	LINC02651	lncRNA	0	0	0	0.0000	0.0000	0.0000
ENSG00000235646.1	MTND1P2	unprocessed_pseudogene	0	0	0	0.0000	0.0000	0.0000
ENSG00000235647.1	MTFR2P2	processed_pseudogene	46	18	29	3.3473	0.9805	0.9441
ENSG00000235649.2	MXRA5Y	unprocessed_pseudogene	94	51	43	0.9978	0.2923	0.2814
ENSG00000235651.1	G3BP1P1	processed_pseudogene	4	2	2	0.2430	0.0712	0.0685
ENSG00000235652.9	FBXO30-DT	lncRNA	63	96	99	0.6162	0.1805	0.1738
ENSG00000235653.1	AC007253.1	processed_pseudogene	0	0	0	0.0000	0.0000	0.0000
ENSG00000235655.3	H3P6	processed_pseudogene	54	24	30	11.1574	3.2682	3.1470
ENSG00000235656.1	RPL36P18	processed_pseudogene	0	0	0	0.0000	0.0000	0.0000
ENSG00000235659.1	AL391987.4	lncRNA	1	1	0	0.1934	0.0567	0.0546
ENSG00000235660.2	LINC00345	lncRNA	5	5	0	0.2160	0.0633	0.0609
ENSG00000235661.3	MIR670HG	lncRNA	0	0	0	0.0000	0.0000	0.0000
ENSG00000235663.1	SAPCD1-AS1	lncRNA	1	13	13	0.1842	0.0540	0.0520
ENSG00000235665.6	LINC00298	lncRNA	0	0	0	0.0000	0.0000	0.0000
ENSG00000235669.1	CHN2-AS1	lncRNA	20	9	11	2.1283	0.6234	0.6003
ENSG00000235670.1	RPL21P40	processed_pseudogene	1	1	0	0.1758	0.0515	0.0496
ENSG00000235672.1	AC090286.3	transcribed_processed_pseudogene	0	0	0	0.0000	0.0000	0.0000
ENSG00000235673.1	AL929472.4	processed_pseudogene	0	0	0	0.0000	0.0000	0.0000
ENSG00000235674.2	LDHAP2	processed_pseudogene	2	80	86	0.1724	0.0505	0.0486
ENSG00000235677.1	NPM1P26	processed_pseudogene	5	8	4	0.5753	0.1685	0.1623
ENSG00000235678.3	OR5AN2P	unprocessed_pseudogene	0	0	0	0.0000	0.0000	0.0000
ENSG00000235679.1	AL161651.1	processed_pseudogene	0	0	0	0.0000	0.0000	0.0000
ENSG00000235681.1	AC245884.3	processed_pseudogene	3	2	1	1.1686	0.3423	0.3296
ENSG00000235683.1	AC018442.1	processed_pseudogene	1	1	0	0.0412	0.0121	0.0116
ENSG00000235685.2	AC092473.1	processed_pseudogene	0	0	0	0.0000	0.0000	0.0000
ENSG00000235686.1	PPIAP20	processed_pseudogene	0	0	0	0.0000	0.0000	0.0000
ENSG00000235687.9	LINC00993	transcribed_unprocessed_pseudogene	0	0	0	0.0000	0.0000	0.0000
ENSG00000235688.2	SNTG2-AS1	lncRNA	0	0	0	0.0000	0.0000	0.0000
ENSG00000235689.1	AC253536.4	unprocessed_pseudogene	0	0	0	0.0000	0.0000	0.0000
ENSG00000235690.2	CUBNP3	unprocessed_pseudogene	0	0	0	0.0000	0.0000	0.0000
ENSG00000235695.1	HIGD2AP2	processed_pseudogene	1	1	0	0.2748	0.0805	0.0775
ENSG00000235698.1	PA2G4P2	processed_pseudogene	7	4	3	0.4954	0.1451	0.1397
ENSG00000235699.3	CXorf51B	protein_coding	0	0	1	0.0000	0.0000	0.0000
ENSG00000235700.1	CYCSP52	processed_pseudogene	0	0	0	0.0000	0.0000	0.0000
ENSG00000235701.1	PCBP2P1	processed_pseudogene	1	1	0	0.0869	0.0255	0.0245
ENSG00000235703.6	LINC00894	lncRNA	13	7	8	0.1224	0.0359	0.0345
ENSG00000235705.6	AL133481.2	transcribed_processed_pseudogene	2	0	2	0.2126	0.0623	0.0600
ENSG00000235706.8	DICER1-AS1	lncRNA	42	21	27	0.6776	0.1985	0.1911
ENSG00000235707.2	AL158073.1	processed_pseudogene	0	0	0	0.0000	0.0000	0.0000
ENSG00000235710.6	TRIM67-AS1	lncRNA	0	0	0	0.0000	0.0000	0.0000
ENSG00000235711.4	ANKRD34C	protein_coding	12	8	4	0.2058	0.0603	0.0581
ENSG00000235713.1	AC004522.2	unprocessed_pseudogene	0	0	0	0.0000	0.0000	0.0000
ENSG00000235716.1	KRT18P46	processed_pseudogene	0	0	0	0.0000	0.0000	0.0000
ENSG00000235717.1	DPP10-AS2	lncRNA	0	0	0	0.0000	0.0000	0.0000
ENSG00000235718.9	MFRP	protein_coding	1	0	1	0.0207	0.0061	0.0058
ENSG00000235720.1	GABPAP	processed_pseudogene	3	0	4	0.1879	0.0550	0.0530
ENSG00000235721.1	AC013268.3	processed_pseudogene	1	0	1	0.0365	0.0107	0.0103
ENSG00000235724.10	AC009299.2	lncRNA	6	3	8	0.1440	0.0422	0.0406
ENSG00000235725.1	AC007389.2	lncRNA	0	0	0	0.0000	0.0000	0.0000
ENSG00000235726.7	AC010148.1	lncRNA	36	18	18	0.7123	0.2086	0.2009
ENSG00000235728.1	AC007349.3	lncRNA	0	0	0	0.0000	0.0000	0.0000
ENSG00000235729.1	AL500522.2	processed_pseudogene	0	0	0	0.0000	0.0000	0.0000
ENSG00000235730.2	OR2AF1P	unprocessed_pseudogene	0	0	0	0.0000	0.0000	0.0000
ENSG00000235731.3	LINC02250	lncRNA	0	0	0	0.0000	0.0000	0.0000
ENSG00000235734.4	HMGN1P36	processed_pseudogene	15	3	13	4.2745	1.2521	1.2057
ENSG00000235735.1	RPL7AP72	processed_pseudogene	0	0	0	0.0000	0.0000	0.0000
ENSG00000235736.1	AL031275.1	lncRNA	0	0	0	0.0000	0.0000	0.0000
ENSG00000235737.1	TRIM60P19	processed_pseudogene	0	0	0	0.0000	0.0000	0.0000
ENSG00000235738.1	AC092647.4	processed_pseudogene	0	0	0	0.0000	0.0000	0.0000
ENSG00000235740.2	PHACTR2-AS1	lncRNA	0	0	0	0.0000	0.0000	0.0000
ENSG00000235741.1	LINC02784	lncRNA	0	0	0	0.0000	0.0000	0.0000
ENSG00000235742.1	AC012308.1	processed_pseudogene	0	0	0	0.0000	0.0000	0.0000
ENSG00000235743.2	AL139231.1	lncRNA	0	0	0	0.0000	0.0000	0.0000
ENSG00000235746.1	CTBP2P2	processed_pseudogene	0	0	0	0.0000	0.0000	0.0000
ENSG00000235748.1	SEPTIN14P12	processed_pseudogene	0	0	0	0.0000	0.0000	0.0000
ENSG00000235749.3	AL390860.1	lncRNA	0	0	0	0.0000	0.0000	0.0000
ENSG00000235750.10	KIAA0040	protein_coding	574	294	280	10.2254	2.9952	2.8841
ENSG00000235756.2	AC098657.1	processed_pseudogene	0	0	0	0.0000	0.0000	0.0000
ENSG00000235759.1	ARHGAP42P3	processed_pseudogene	0	0	0	0.0000	0.0000	0.0000
ENSG00000235760.4	MSH2-OT1	lncRNA	0	0	0	0.0000	0.0000	0.0000
ENSG00000235761.2	MTCO3P46	processed_pseudogene	0	0	0	0.0000	0.0000	0.0000
ENSG00000235763.1	SNRPGP5	processed_pseudogene	0	0	0	0.0000	0.0000	0.0000
ENSG00000235768.1	BRD7P5	processed_pseudogene	1	1	0	0.0466	0.0137	0.0131
ENSG00000235770.6	LINC00607	lncRNA	4	1	3	0.0488	0.0143	0.0138
ENSG00000235772.1	AP001625.2	lncRNA	2	0	2	0.2954	0.0865	0.0833
ENSG00000235774.2	AC023347.1	lncRNA	0	0	0	0.0000	0.0000	0.0000
ENSG00000235775.1	AC063976.4	unprocessed_pseudogene	0	0	0	0.0000	0.0000	0.0000
ENSG00000235776.2	AC000089.1	processed_pseudogene	26	8	18	2.7565	0.8074	0.7775
ENSG00000235777.1	DPYD-AS2	lncRNA	0	0	0	0.0000	0.0000	0.0000
ENSG00000235778.1	AC130360.1	unprocessed_pseudogene	0	0	0	0.0000	0.0000	0.0000
ENSG00000235779.8	AC079779.3	lncRNA	0	0	0	0.0000	0.0000	0.0000
ENSG00000235780.3	USP17L27	protein_coding	0	0	0	0.0000	0.0000	0.0000
ENSG00000235781.1	LINC02569	lncRNA	1	0	2	0.0998	0.0292	0.0281
ENSG00000235782.1	AL031429.1	lncRNA	1029	532	497	116.6664	34.1734	32.9064
ENSG00000235784.2	HNRNPA1P29	processed_pseudogene	0	0	0	0.0000	0.0000	0.0000
ENSG00000235785.1	AL109767.1	lncRNA	0	0	0	0.0000	0.0000	0.0000
ENSG00000235786.1	ZNRF3-IT1	lncRNA	0	0	0	0.0000	0.0000	0.0000
ENSG00000235787.1	RPL35AP8	processed_pseudogene	0	0	0	0.0000	0.0000	0.0000
ENSG00000235790.7	PEF1-AS1	lncRNA	5	78	66	0.1916	0.0561	0.0540
ENSG00000235794.1	MTND3P21	unprocessed_pseudogene	0	0	0	0.0000	0.0000	0.0000
ENSG00000235795.1	AC093157.2	lncRNA	7	2	5	0.8859	0.2595	0.2499
ENSG00000235797.2	AL160275.2	processed_pseudogene	0	0	0	0.0000	0.0000	0.0000
ENSG00000235802.1	HCFC1-AS1	lncRNA	2	2	0	0.4853	0.1421	0.1369
ENSG00000235803.1	MTCO2P23	processed_pseudogene	0	0	0	0.0000	0.0000	0.0000
ENSG00000235804.2	AL357078.1	processed_pseudogene	0	0	0	0.0000	0.0000	0.0000
ENSG00000235805.1	SOCS5P3	processed_pseudogene	0	0	0	0.0000	0.0000	0.0000
ENSG00000235806.1	AF241728.1	lncRNA	3	1	2	0.2159	0.0632	0.0609
ENSG00000235808.1	MYL6P2	processed_pseudogene	1	0	1	0.1957	0.0573	0.0552
ENSG00000235810.1	AL731534.1	processed_pseudogene	0	0	0	0.0000	0.0000	0.0000
ENSG00000235811.1	AL691482.2	processed_pseudogene	0	0	0	0.0000	0.0000	0.0000
ENSG00000235812.4	ADAM21P1	transcribed_processed_pseudogene	1	1	0	0.0367	0.0108	0.0104
ENSG00000235813.1	AL672032.1	lncRNA	1	0	1	0.0905	0.0265	0.0255
ENSG00000235815.1	AL136099.1	lncRNA	0	0	0	0.0000	0.0000	0.0000
ENSG00000235816.3	PRELID1P3	processed_pseudogene	0	0	0	0.0000	0.0000	0.0000
ENSG00000235817.2	AL158214.1	processed_pseudogene	0	0	0	0.0000	0.0000	0.0000
ENSG00000235818.3	VN1R17P	processed_pseudogene	0	0	0	0.0000	0.0000	0.0000
ENSG00000235819.2	AL158828.1	lncRNA	1	1	1	0.0702	0.0206	0.0198
ENSG00000235820.1	AL109935.1	lncRNA	0	0	0	0.0000	0.0000	0.0000
ENSG00000235821.1	IFITM4P	processed_pseudogene	2	2	1	0.4044	0.1185	0.1141
ENSG00000235823.3	OLMALINC	lncRNA	149	79	71	0.9298	0.2723	0.2622
ENSG00000235824.5	LINC00837	lncRNA	0	0	0	0.0000	0.0000	0.0000
ENSG00000235827.2	TUBB8P9	unprocessed_pseudogene	0	0	0	0.0000	0.0000	0.0000
ENSG00000235828.5	RPL36AP26	processed_pseudogene	6	3	3	1.6023	0.4693	0.4519
ENSG00000235829.1	TBCAP2	processed_pseudogene	0	0	0	0.0000	0.0000	0.0000
ENSG00000235830.2	SRGAP3-AS4	lncRNA	0	0	0	0.0000	0.0000	0.0000
ENSG00000235831.7	BHLHE40-AS1	lncRNA	26	414	405	0.4114	0.1205	0.1160
ENSG00000235832.2	CNN2P3	processed_pseudogene	0	0	0	0.0000	0.0000	0.0000
ENSG00000235833.1	AC017099.1	processed_pseudogene	0	0	0	0.0000	0.0000	0.0000
ENSG00000235834.1	Z93022.1	lncRNA	0	0	0	0.0000	0.0000	0.0000
ENSG00000235836.1	KIF3AP1	processed_pseudogene	0	0	0	0.0000	0.0000	0.0000
ENSG00000235837.1	AC073333.1	lncRNA	4	392	440	0.5242	0.1535	0.1479
ENSG00000235838.1	HSP90AB7P	processed_pseudogene	0	0	0	0.0000	0.0000	0.0000
ENSG00000235840.1	AC012363.2	lncRNA	1	0	1	0.1530	0.0448	0.0432
ENSG00000235843.1	AL390961.2	lncRNA	0	0	0	0.0000	0.0000	0.0000
ENSG00000235845.1	AC098649.1	lncRNA	0	0	0	0.0000	0.0000	0.0000
ENSG00000235847.2	LDHAP7	processed_pseudogene	85	40	45	7.4800	2.1910	2.1098
ENSG00000235848.4	RMDN2-AS1	lncRNA	0	0	0	0.0000	0.0000	0.0000
ENSG00000235849.1	HS6ST2-AS1	lncRNA	0	0	0	0.0000	0.0000	0.0000
ENSG00000235852.1	AC005540.1	lncRNA	0	95	84	0.0000	0.0000	0.0000
ENSG00000235855.3	OR7E145P	unprocessed_pseudogene	0	0	0	0.0000	0.0000	0.0000
ENSG00000235857.1	CTBP2P1	processed_pseudogene	1	1	0	0.3466	0.1015	0.0978
ENSG00000235858.1	AL359195.1	lncRNA	0	0	0	0.0000	0.0000	0.0000
ENSG00000235859.5	AC006978.1	processed_pseudogene	106	51	55	7.2946	2.1367	2.0575
ENSG00000235861.1	AC005237.1	processed_pseudogene	0	0	0	0.0000	0.0000	0.0000
ENSG00000235862.2	AL590648.2	lncRNA	0	0	0	0.0000	0.0000	0.0000
ENSG00000235863.4	B3GALT4	protein_coding	326	161	166	11.7057	3.4288	3.3017
ENSG00000235864.1	HSPA8P6	processed_pseudogene	0	0	0	0.0000	0.0000	0.0000
ENSG00000235865.2	GSN-AS1	lncRNA	28	974	938	0.4992	0.1462	0.1408
ENSG00000235868.3	GAPDHP31	processed_pseudogene	1	0	1	0.0837	0.0245	0.0236
ENSG00000235869.1	Z99127.1	processed_pseudogene	0	0	0	0.0000	0.0000	0.0000
ENSG00000235871.1	AC062016.2	processed_pseudogene	0	0	0	0.0000	0.0000	0.0000
ENSG00000235872.2	AC078777.1	lncRNA	43	334	329	4.6996	1.3766	1.3255
ENSG00000235875.3	ARHGEF7-AS2	lncRNA	0	1	0	0.0000	0.0000	0.0000
ENSG00000235876.2	FEM1AP4	processed_pseudogene	0	0	0	0.0000	0.0000	0.0000
ENSG00000235879.1	FAR1P1	processed_pseudogene	0	0	0	0.0000	0.0000	0.0000
ENSG00000235880.1	AL158832.1	lncRNA	0	0	0	0.0000	0.0000	0.0000
ENSG00000235881.2	AC114776.1	lncRNA	0	0	0	0.0000	0.0000	0.0000
ENSG00000235884.4	LINC00941	lncRNA	0	0	0	0.0000	0.0000	0.0000
ENSG00000235885.8	LINC01828	lncRNA	1	0	1	0.0103	0.0030	0.0029
ENSG00000235886.1	AC006055.1	lncRNA	0	0	0	0.0000	0.0000	0.0000
ENSG00000235887.2	LINC02799	lncRNA	0	0	0	0.0000	0.0000	0.0000
ENSG00000235888.3	AF064858.1	lncRNA	3	1	2	0.0365	0.0107	0.0103
ENSG00000235890.2	TSPEAR-AS1	lncRNA	44	31	27	1.5866	0.4647	0.4475
ENSG00000235892.1	PKMP2	processed_pseudogene	3	2	1	0.1519	0.0445	0.0428
ENSG00000235893.5	BX284632.1	processed_pseudogene	0	0	0	0.0000	0.0000	0.0000
ENSG00000235895.1	AC010154.1	unprocessed_pseudogene	0	0	0	0.0000	0.0000	0.0000
ENSG00000235897.1	TM4SF19-AS1	lncRNA	6	43	52	0.2385	0.0699	0.0673
ENSG00000235899.2	LINC01564	lncRNA	0	0	0	0.0000	0.0000	0.0000
ENSG00000235901.2	AL442644.1	processed_pseudogene	0	0	0	0.0000	0.0000	0.0000
ENSG00000235902.1	AC108472.1	lncRNA	8	3	8	1.0993	0.3220	0.3101
ENSG00000235903.9	CPB2-AS1	lncRNA	136	280	245	0.6026	0.1765	0.1700
ENSG00000235904.3	RBMS3-AS3	lncRNA	9	5	4	0.1291	0.0378	0.0364
ENSG00000235907.2	AC115285.1	processed_pseudogene	4	3	1	0.4615	0.1352	0.1302
ENSG00000235908.1	RHOA-IT1	lncRNA	6	1	5	0.9855	0.2887	0.2780
ENSG00000235910.2	APOA1-AS	lncRNA	3	3	1	0.2535	0.0743	0.0715
ENSG00000235911.1	AC019055.1	lncRNA	0	0	0	0.0000	0.0000	0.0000
ENSG00000235912.1	AL031729.1	processed_pseudogene	5	3	2	2.2115	0.6478	0.6238
ENSG00000235914.2	MACROD2-AS1	lncRNA	0	0	0	0.0000	0.0000	0.0000
ENSG00000235916.1	MRPS18CP7	processed_pseudogene	3	2	2	0.6023	0.1764	0.1699
ENSG00000235917.1	MTCO2P11	unprocessed_pseudogene	0	0	0	0.0000	0.0000	0.0000
ENSG00000235919.4	ASH1L-AS1	lncRNA	15	12	19	1.0536	0.3086	0.2972
ENSG00000235920.1	THRAP3P3	processed_pseudogene	0	0	0	0.0000	0.0000	0.0000
ENSG00000235922.1	AL354766.1	processed_pseudogene	0	0	0	0.0000	0.0000	0.0000
ENSG00000235924.1	ZNRF2P3	processed_pseudogene	0	0	0	0.0000	0.0000	0.0000
ENSG00000235926.1	RPS29P15	processed_pseudogene	1	0	1	0.4966	0.1455	0.1401
ENSG00000235927.4	NEXN-AS1	lncRNA	0	2	1	0.0000	0.0000	0.0000
ENSG00000235929.1	TPT1P14	processed_pseudogene	0	0	0	0.0000	0.0000	0.0000
ENSG00000235930.3	HSPE1P12	processed_pseudogene	0	0	0	0.0000	0.0000	0.0000
ENSG00000235931.2	LINC01553	lncRNA	0	0	0	0.0000	0.0000	0.0000
ENSG00000235932.2	AL359955.2	processed_pseudogene	0	0	0	0.0000	0.0000	0.0000
ENSG00000235933.1	LINC01779	lncRNA	0	0	0	0.0000	0.0000	0.0000
ENSG00000235934.2	AC007405.2	lncRNA	0	2	3	0.0000	0.0000	0.0000
ENSG00000235937.1	RPL21P30	processed_pseudogene	2	0	2	0.4122	0.1208	0.1163
ENSG00000235939.1	AL138760.1	lncRNA	0	0	0	0.0000	0.0000	0.0000
ENSG00000235940.1	MTND1P21	processed_pseudogene	0	0	0	0.0000	0.0000	0.0000
ENSG00000235942.3	LCE6A	protein_coding	0	0	0	0.0000	0.0000	0.0000
ENSG00000235943.1	TMEM212-IT1	lncRNA	0	0	0	0.0000	0.0000	0.0000
ENSG00000235944.8	ZNF815P	transcribed_unprocessed_pseudogene	55	23	32	2.0289	0.5943	0.5723
ENSG00000235945.1	AC002543.1	processed_pseudogene	0	1	0	0.0000	0.0000	0.0000
ENSG00000235946.1	H2BW3P	processed_pseudogene	0	0	0	0.0000	0.0000	0.0000
ENSG00000235947.1	EGOT	lncRNA	1	1	0	0.0580	0.0170	0.0164
ENSG00000235951.1	AC009965.2	processed_pseudogene	0	0	0	0.0000	0.0000	0.0000
ENSG00000235954.7	TTC28-AS1	lncRNA	203	172	184	1.2141	0.3556	0.3424
ENSG00000235955.1	CICP20	processed_pseudogene	3	2	1	0.0910	0.0266	0.0257
ENSG00000235957.1	COX7CP1	processed_pseudogene	12	7	5	5.3075	1.5547	1.4970
ENSG00000235958.5	UBOX5-AS1	lncRNA	9	55	54	0.3771	0.1104	0.1063
ENSG00000235959.1	AC009237.6	processed_pseudogene	0	0	0	0.0000	0.0000	0.0000
ENSG00000235961.6	PNMA6A	protein_coding	416	215	201	15.7850	4.6237	4.4523
ENSG00000235962.5	RPL7AP53	processed_pseudogene	9	7	2	0.9638	0.2823	0.2718
ENSG00000235963.1	MCCD1P1	unprocessed_pseudogene	0	2	0	0.0000	0.0000	0.0000
ENSG00000235964.1	FXYD6P2	processed_pseudogene	8	3	5	2.3589	0.6910	0.6653
ENSG00000235965.2	AP000431.2	lncRNA	0	0	0	0.0000	0.0000	0.0000
ENSG00000235967.1	COX5BP3	processed_pseudogene	2	2	0	0.4628	0.1356	0.1305
ENSG00000235968.1	FBXL12P1	processed_pseudogene	0	0	0	0.0000	0.0000	0.0000
ENSG00000235969.1	CHEK2P4	unprocessed_pseudogene	0	0	0	0.0000	0.0000	0.0000
ENSG00000235972.1	AL355497.2	lncRNA	0	0	0	0.0000	0.0000	0.0000
ENSG00000235974.1	VN2R19P	unitary_pseudogene	0	0	0	0.0000	0.0000	0.0000
ENSG00000235975.1	Z83313.1	processed_pseudogene	0	0	0	0.0000	0.0000	0.0000
ENSG00000235976.2	H2BP8	processed_pseudogene	0	0	0	0.0000	0.0000	0.0000
ENSG00000235978.6	AC018816.1	lncRNA	0	131	131	0.0000	0.0000	0.0000
ENSG00000235979.9	AC004448.2	lncRNA	1	0	1	0.0176	0.0051	0.0050
ENSG00000235981.2	AC023274.2	unprocessed_pseudogene	0	0	0	0.0000	0.0000	0.0000
ENSG00000235984.5	GPC5-AS1	lncRNA	0	0	0	0.0000	0.0000	0.0000
ENSG00000235988.1	AC245100.5	processed_pseudogene	0	0	0	0.0000	0.0000	0.0000
ENSG00000235989.4	MORC2-AS1	lncRNA	5	263	248	0.1559	0.0457	0.0440
ENSG00000235990.2	RPL23AP20	processed_pseudogene	1	0	1	0.2017	0.0591	0.0569
ENSG00000235991.4	BX293995.1	unprocessed_pseudogene	0	0	0	0.0000	0.0000	0.0000
ENSG00000235992.1	GRAMD4P2	processed_pseudogene	0	0	0	0.0000	0.0000	0.0000
ENSG00000235993.1	AC007559.1	processed_pseudogene	0	0	0	0.0000	0.0000	0.0000
ENSG00000235994.4	HGC6.3	lncRNA	0	0	0	0.0000	0.0000	0.0000
ENSG00000235995.1	UBE2V1P6	processed_pseudogene	0	0	0	0.0000	0.0000	0.0000
ENSG00000235996.1	AL136090.1	lncRNA	0	0	1	0.0000	0.0000	0.0000
ENSG00000235997.3	LINC01936	lncRNA	4	1	3	0.0730	0.0214	0.0206
ENSG00000235998.1	TAAR7P	unprocessed_pseudogene	0	0	0	0.0000	0.0000	0.0000
ENSG00000236003.1	AC007731.3	lncRNA	0	22	16	0.0000	0.0000	0.0000
ENSG00000236004.2	AL139156.3	processed_pseudogene	0	0	0	0.0000	0.0000	0.0000
ENSG00000236005.1	AL389915.1	processed_pseudogene	0	0	0	0.0000	0.0000	0.0000
ENSG00000236007.1	MTCO1P46	processed_pseudogene	0	0	0	0.0000	0.0000	0.0000
ENSG00000236008.3	LINC01814	lncRNA	0	0	0	0.0000	0.0000	0.0000
ENSG00000236009.1	AL592309.2	lncRNA	0	0	0	0.0000	0.0000	0.0000
ENSG00000236012.2	HIGD1AP12	processed_pseudogene	0	0	0	0.0000	0.0000	0.0000
ENSG00000236013.7	AL357146.1	lncRNA	164	84	87	3.9331	1.1521	1.1093
ENSG00000236015.1	AC011290.2	processed_pseudogene	4	3	2	0.4127	0.1209	0.1164
ENSG00000236017.8	ASMTL-AS1	lncRNA	7	150	158	0.4453	0.1304	0.1256
ENSG00000236017.8_PAR_Y	ASMTL-AS1	lncRNA	0	0	0	0.0000	0.0000	0.0000
ENSG00000236018.2	AC004898.1	processed_pseudogene	0	0	0	0.0000	0.0000	0.0000
ENSG00000236021.2	AL591043.2	lncRNA	11	7	4	0.2788	0.0817	0.0786
ENSG00000236022.6	AC106017.1	lncRNA	1	0	1	0.1215	0.0356	0.0343
ENSG00000236024.1	PRRX2-AS1	lncRNA	0	0	0	0.0000	0.0000	0.0000
ENSG00000236025.1	AL139135.1	processed_pseudogene	0	0	0	0.0000	0.0000	0.0000
ENSG00000236026.1	AC009237.7	processed_pseudogene	0	0	0	0.0000	0.0000	0.0000
ENSG00000236027.3	PATE3	protein_coding	0	0	0	0.0000	0.0000	0.0000
ENSG00000236028.1	AL354766.2	lncRNA	2	0	2	0.4015	0.1176	0.1132
ENSG00000236031.1	AL591721.1	lncRNA	1	143	155	0.1131	0.0331	0.0319
ENSG00000236032.3	OR5H14	protein_coding	0	0	0	0.0000	0.0000	0.0000
ENSG00000236035.2	NSA2P1	processed_pseudogene	1	0	1	0.1072	0.0314	0.0302
ENSG00000236036.2	LINC00445	lncRNA	0	0	0	0.0000	0.0000	0.0000
ENSG00000236039.3	AC019117.1	lncRNA	2	1	1	0.0484	0.0142	0.0137
ENSG00000236040.1	CHIAP1	unprocessed_pseudogene	1	1	0	0.0853	0.0250	0.0241
ENSG00000236041.1	COX6CP18	processed_pseudogene	0	0	0	0.0000	0.0000	0.0000
ENSG00000236042.2	Z74696.2	processed_pseudogene	0	0	0	0.0000	0.0000	0.0000
ENSG00000236044.1	FABP5P2	processed_pseudogene	7	5	2	1.4570	0.4268	0.4109
ENSG00000236045.1	AL031283.2	lncRNA	7	5	2	0.8177	0.2395	0.2306
ENSG00000236046.1	AC004920.1	lncRNA	0	0	0	0.0000	0.0000	0.0000
ENSG00000236047.1	RPL13AP12	processed_pseudogene	1	0	1	0.1442	0.0422	0.0407
ENSG00000236048.2	SSBL5P	processed_pseudogene	1	1	0	0.0711	0.0208	0.0201
ENSG00000236049.1	LINC01920	lncRNA	2	2	0	0.0672	0.0197	0.0189
ENSG00000236051.7	MYCBP2-AS1	lncRNA	3	122	135	0.0623	0.0183	0.0176
ENSG00000236052.2	LINC01643	lncRNA	0	0	0	0.0000	0.0000	0.0000
ENSG00000236053.1	LINC01067	lncRNA	0	0	0	0.0000	0.0000	0.0000
ENSG00000236054.1	SYN3-AS1	lncRNA	4	2	2	0.7433	0.2177	0.2096
ENSG00000236056.1	GAPDHP14	processed_pseudogene	19	10	9	1.7220	0.5044	0.4857
ENSG00000236058.3	RPL17P36	processed_pseudogene	16	7	9	2.4749	0.7249	0.6981
ENSG00000236060.2	HSPB1P1	processed_pseudogene	115	34	81	38.1479	11.1741	10.7598
ENSG00000236062.1	GSTM5P1	processed_pseudogene	0	0	0	0.0000	0.0000	0.0000
ENSG00000236064.2	AL109946.1	lncRNA	0	0	0	0.0000	0.0000	0.0000
ENSG00000236065.2	AL020995.1	lncRNA	0	24	17	0.0000	0.0000	0.0000
ENSG00000236068.2	AC091862.1	unitary_pseudogene	0	0	0	0.0000	0.0000	0.0000
ENSG00000236069.2	AL136987.1	lncRNA	0	0	0	0.0000	0.0000	0.0000
ENSG00000236072.1	SRSF2P1	processed_pseudogene	0	0	0	0.0000	0.0000	0.0000
ENSG00000236073.2	AL627311.1	processed_pseudogene	0	0	0	0.0000	0.0000	0.0000
ENSG00000236075.1	AL359475.1	lncRNA	0	0	0	0.0000	0.0000	0.0000
ENSG00000236076.1	LINC01072	lncRNA	0	0	0	0.0000	0.0000	0.0000
ENSG00000236077.2	SLC6A14P1	unprocessed_pseudogene	0	0	0	0.0000	0.0000	0.0000
ENSG00000236078.2	LINC01447	lncRNA	1660	848	813	46.6164	13.6547	13.1484
ENSG00000236079.1	Z85994.2	processed_pseudogene	0	0	0	0.0000	0.0000	0.0000
ENSG00000236080.2	YAP1P2	processed_pseudogene	2	1	1	0.2784	0.0816	0.0785
ENSG00000236081.1	ELFN1-AS1	lncRNA	6	3	3	0.5152	0.1509	0.1453
ENSG00000236083.2	OR13E1P	unitary_pseudogene	0	1	1	0.0000	0.0000	0.0000
ENSG00000236085.1	ACTG1P4	processed_pseudogene	0	0	0	0.0000	0.0000	0.0000
ENSG00000236086.4	HMGN2P28	processed_pseudogene	2	2	0	0.6482	0.1899	0.1828
ENSG00000236088.10	COX10-AS1	lncRNA	180	80	100	1.2890	0.3776	0.3636
ENSG00000236090.2	LDHAP3	processed_pseudogene	32	14	18	2.6959	0.7897	0.7604
ENSG00000236091.1	LINC02243	lncRNA	0	0	0	0.0000	0.0000	0.0000
ENSG00000236094.2	LINC00545	lncRNA	0	1	0	0.0000	0.0000	0.0000
ENSG00000236095.1	AL807757.2	lncRNA	1	1	0	0.1090	0.0319	0.0307
ENSG00000236097.1	BNIP3P2	processed_pseudogene	0	0	0	0.0000	0.0000	0.0000
ENSG00000236098.1	AC097059.1	lncRNA	0	0	0	0.0000	0.0000	0.0000
ENSG00000236099.1	AC013403.1	unprocessed_pseudogene	0	0	0	0.0000	0.0000	0.0000
ENSG00000236101.1	RAC1P7	processed_pseudogene	0	0	0	0.0000	0.0000	0.0000
ENSG00000236102.2	AC006967.2	lncRNA	0	0	0	0.0000	0.0000	0.0000
ENSG00000236104.3	ZBTB22	protein_coding	545	260	286	16.9096	4.9531	4.7695
ENSG00000236105.1	PRELID3BP10	processed_pseudogene	1	0	1	0.1454	0.0426	0.0410
ENSG00000236106.2	AC010729.1	lncRNA	0	0	0	0.0000	0.0000	0.0000
ENSG00000236107.10	SCN1A-AS1	lncRNA	0	0	1	0.0000	0.0000	0.0000
ENSG00000236108.1	AC093422.2	processed_pseudogene	0	0	0	0.0000	0.0000	0.0000
ENSG00000236109.2	AC013402.3	lncRNA	0	0	0	0.0000	0.0000	0.0000
ENSG00000236110.1	OR2AM1P	unprocessed_pseudogene	0	0	0	0.0000	0.0000	0.0000
ENSG00000236111.5	AL603882.1	processed_pseudogene	6	1	5	0.7482	0.2192	0.2110
ENSG00000236114.1	AL450326.2	unprocessed_pseudogene	0	0	0	0.0000	0.0000	0.0000
ENSG00000236115.1	AL136097.2	lncRNA	0	0	0	0.0000	0.0000	0.0000
ENSG00000236116.1	AC064853.1	lncRNA	0	0	0	0.0000	0.0000	0.0000
ENSG00000236117.1	LINC01639	lncRNA	0	0	0	0.0000	0.0000	0.0000
ENSG00000236118.1	AC245517.4	unprocessed_pseudogene	0	0	0	0.0000	0.0000	0.0000
ENSG00000236119.1	AP000688.3	lncRNA	0	0	0	0.0000	0.0000	0.0000
ENSG00000236120.7	AC110995.1	lncRNA	39	19	20	1.7214	0.5042	0.4855
ENSG00000236121.1	HAUS6P2	processed_pseudogene	0	0	0	0.0000	0.0000	0.0000
ENSG00000236123.1	CEACAMP11	unprocessed_pseudogene	0	0	0	0.0000	0.0000	0.0000
ENSG00000236124.1	HMGN2P23	processed_pseudogene	0	0	0	0.0000	0.0000	0.0000
ENSG00000236125.3	USP17L4	protein_coding	0	0	0	0.0000	0.0000	0.0000
ENSG00000236126.3	CT47A3	protein_coding	0	0	0	0.0000	0.0000	0.0000
ENSG00000236129.1	AP002856.3	lncRNA	0	0	0	0.0000	0.0000	0.0000
ENSG00000236130.2	PTCSC2	lncRNA	0	0	0	0.0000	0.0000	0.0000
ENSG00000236131.1	MED13P1	processed_pseudogene	0	0	0	0.0000	0.0000	0.0000
ENSG00000236132.1	AL022331.1	processed_pseudogene	0	0	0	0.0000	0.0000	0.0000
ENSG00000236133.2	LINC01069	lncRNA	0	0	0	0.0000	0.0000	0.0000
ENSG00000236136.1	ADORA2BP1	processed_pseudogene	0	0	0	0.0000	0.0000	0.0000
ENSG00000236137.1	AL445231.1	lncRNA	5	12	9	0.2182	0.0639	0.0615
ENSG00000236138.4	DUX4L26	processed_pseudogene	0	0	0	0.0000	0.0000	0.0000
ENSG00000236140.1	AC245014.1	lncRNA	0	0	0	0.0000	0.0000	0.0000
ENSG00000236141.2	AC013727.2	lncRNA	0	0	0	0.0000	0.0000	0.0000
ENSG00000236144.8	TMEM147-AS1	lncRNA	43	966	984	0.7423	0.2174	0.2094
ENSG00000236145.1	AC079988.1	lncRNA	0	0	0	0.0000	0.0000	0.0000
ENSG00000236146.2	AL353803.3	processed_pseudogene	0	0	0	0.0000	0.0000	0.0000
ENSG00000236148.5	RPL23AP37	processed_pseudogene	4	1	3	0.6187	0.1812	0.1745
ENSG00000236151.1	AL110503.1	lncRNA	0	0	0	0.0000	0.0000	0.0000
ENSG00000236152.1	MRPS36P1	processed_pseudogene	2	1	1	0.5532	0.1620	0.1560
ENSG00000236153.1	AC104076.1	lncRNA	1	0	1	0.3205	0.0939	0.0904
ENSG00000236154.1	AL450311.1	lncRNA	0	0	0	0.0000	0.0000	0.0000
ENSG00000236155.6	ZPLD2P	transcribed_unprocessed_pseudogene	0	0	0	0.0000	0.0000	0.0000
ENSG00000236156.2	CHCHD4P3	processed_pseudogene	0	0	0	0.0000	0.0000	0.0000
ENSG00000236158.1	RFC3P1	processed_pseudogene	0	0	0	0.0000	0.0000	0.0000
ENSG00000236159.1	AL031659.1	processed_pseudogene	0	0	0	0.0000	0.0000	0.0000
ENSG00000236160.1	AC005345.1	processed_pseudogene	0	0	0	0.0000	0.0000	0.0000
ENSG00000236162.1	AC092687.2	lncRNA	0	0	0	0.0000	0.0000	0.0000
ENSG00000236164.1	AL161618.1	lncRNA	0	0	0	0.0000	0.0000	0.0000
ENSG00000236165.1	PRADC1P1	processed_pseudogene	5	3	3	0.8088	0.2369	0.2281
ENSG00000236166.1	AL021408.1	lncRNA	2	1	1	0.2277	0.0667	0.0642
ENSG00000236167.1	GAPDHP57	processed_pseudogene	0	0	0	0.0000	0.0000	0.0000
ENSG00000236168.1	AL133466.1	unprocessed_pseudogene	0	0	0	0.0000	0.0000	0.0000
ENSG00000236170.1	IGHD1-1	IG_D_gene	0	0	0	0.0000	0.0000	0.0000
ENSG00000236171.1	RPL12P26	processed_pseudogene	0	0	0	0.0000	0.0000	0.0000
ENSG00000236172.7	MIR7515HG	lncRNA	0	0	0	0.0000	0.0000	0.0000
ENSG00000236173.1	AL049612.1	lncRNA	0	0	0	0.0000	0.0000	0.0000
ENSG00000236175.3	SSU72P6	processed_pseudogene	0	0	0	0.0000	0.0000	0.0000
ENSG00000236176.2	LINC00353	lncRNA	0	0	0	0.0000	0.0000	0.0000
ENSG00000236179.1	PRAMEF35P	unprocessed_pseudogene	0	0	0	0.0000	0.0000	0.0000
ENSG00000236180.2	AL445669.1	processed_pseudogene	0	0	0	0.0000	0.0000	0.0000
ENSG00000236182.1	AC009319.1	processed_pseudogene	1	0	1	0.1126	0.0330	0.0318
ENSG00000236184.1	TCEA1P4	processed_pseudogene	5	4	1	0.5031	0.1474	0.1419
ENSG00000236185.1	HNRNPDLP3	processed_pseudogene	0	0	0	0.0000	0.0000	0.0000
ENSG00000236187.1	GJA6P	processed_pseudogene	0	0	0	0.0000	0.0000	0.0000
ENSG00000236188.1	PRKX-AS1	lncRNA	0	0	0	0.0000	0.0000	0.0000
ENSG00000236189.2	RPL18AP15	processed_pseudogene	0	0	0	0.0000	0.0000	0.0000
ENSG00000236190.1	Z82210.1	processed_pseudogene	0	0	0	0.0000	0.0000	0.0000
ENSG00000236191.3	RPS15AP25	processed_pseudogene	0	0	0	0.0000	0.0000	0.0000
ENSG00000236193.3	LINC01953	lncRNA	0	0	0	0.0000	0.0000	0.0000
ENSG00000236194.3	AC099811.1	lncRNA	1	1	0	0.0568	0.0166	0.0160
ENSG00000236195.1	RNMTL1P2	processed_pseudogene	0	0	0	0.0000	0.0000	0.0000
ENSG00000236197.4	PPP1R9A-AS1	lncRNA	4	2	2	0.0843	0.0247	0.0238
ENSG00000236199.1	AL359076.1	lncRNA	0	13	19	0.0000	0.0000	0.0000
ENSG00000236200.6	KDM4A-AS1	lncRNA	31	462	467	0.6243	0.1829	0.1761
ENSG00000236202.1	GRM7-AS1	lncRNA	0	0	0	0.0000	0.0000	0.0000
ENSG00000236204.6	LINC01376	lncRNA	58	24	34	1.6186	0.4741	0.4565
ENSG00000236205.1	AL023773.2	unprocessed_pseudogene	0	0	0	0.0000	0.0000	0.0000
ENSG00000236206.2	AL356441.1	lncRNA	9	4	5	0.3804	0.1114	0.1073
ENSG00000236208.1	C10orf71-AS1	lncRNA	0	0	0	0.0000	0.0000	0.0000
ENSG00000236209.1	AC104135.1	lncRNA	0	0	0	0.0000	0.0000	0.0000
ENSG00000236211.1	MTCO1P7	unprocessed_pseudogene	0	0	0	0.0000	0.0000	0.0000
ENSG00000236212.2	AC009262.1	lncRNA	0	0	0	0.0000	0.0000	0.0000
ENSG00000236213.2	AC006369.1	lncRNA	19	475	503	0.9257	0.2712	0.2611
ENSG00000236216.5	PPP1R11P1	processed_pseudogene	0	0	0	0.0000	0.0000	0.0000
ENSG00000236217.4	C1DP2	processed_pseudogene	0	0	0	0.0000	0.0000	0.0000
ENSG00000236226.1	AC073127.1	lncRNA	0	0	0	0.0000	0.0000	0.0000
ENSG00000236229.1	VEZF1P1	processed_pseudogene	0	0	0	0.0000	0.0000	0.0000
ENSG00000236230.2	AL356108.1	lncRNA	267	118	149	13.4085	3.9276	3.7819
ENSG00000236231.1	AC017048.2	lncRNA	0	0	0	0.0000	0.0000	0.0000
ENSG00000236232.1	MTCYBP24	unprocessed_pseudogene	0	0	0	0.0000	0.0000	0.0000
ENSG00000236234.1	AC091132.2	lncRNA	1	1	0	0.1104	0.0323	0.0311
ENSG00000236235.1	AP000542.1	unprocessed_pseudogene	0	0	0	0.0000	0.0000	0.0000
ENSG00000236238.2	AC093106.1	processed_pseudogene	0	0	0	0.0000	0.0000	0.0000
ENSG00000236240.1	GPC5-IT1	lncRNA	0	0	0	0.0000	0.0000	0.0000
ENSG00000236241.1	AC119744.1	processed_pseudogene	0	0	0	0.0000	0.0000	0.0000
ENSG00000236242.1	MYO16-AS1	lncRNA	0	0	0	0.0000	0.0000	0.0000
ENSG00000236243.2	RPL6P29	processed_pseudogene	0	0	0	0.0000	0.0000	0.0000
ENSG00000236244.1	SLC35F3-AS1	lncRNA	0	0	0	0.0000	0.0000	0.0000
ENSG00000236246.2	AC073135.1	unprocessed_pseudogene	0	0	0	0.0000	0.0000	0.0000
ENSG00000236248.1	AC104389.4	processed_pseudogene	0	0	0	0.0000	0.0000	0.0000
ENSG00000236252.2	AL512605.1	transcribed_processed_pseudogene	0	0	0	0.0000	0.0000	0.0000
ENSG00000236253.7	SLC25A3P1	transcribed_processed_pseudogene	0	0	0	0.0000	0.0000	0.0000
ENSG00000236254.1	MTND4P14	unprocessed_pseudogene	0	0	0	0.0000	0.0000	0.0000
ENSG00000236255.2	AC009404.1	lncRNA	38	18	20	0.6104	0.1788	0.1722
ENSG00000236256.9	DIAPH2-AS1	lncRNA	4	37	42	0.1471	0.0431	0.0415
ENSG00000236257.1	EI24P2	processed_pseudogene	8	4	4	0.6314	0.1849	0.1781
ENSG00000236258.1	TIMM8BP1	processed_pseudogene	1	0	1	0.4025	0.1179	0.1135
ENSG00000236259.1	PPIAP64	processed_pseudogene	10	6	4	1.7582	0.5150	0.4959
ENSG00000236261.1	AC064862.4	unprocessed_pseudogene	0	0	0	0.0000	0.0000	0.0000
ENSG00000236262.1	SHANK2-AS2	lncRNA	0	0	0	0.0000	0.0000	0.0000
ENSG00000236263.1	AC234582.1	lncRNA	0	4	2	0.0000	0.0000	0.0000
ENSG00000236264.5	RPL26P30	transcribed_processed_pseudogene	7	0	7	0.5046	0.1478	0.1423
ENSG00000236266.1	Z98884.1	lncRNA	2	51	43	0.2046	0.0599	0.0577
ENSG00000236267.1	AP006216.2	lncRNA	0	0	0	0.0000	0.0000	0.0000
ENSG00000236268.6	LINC01361	lncRNA	0	0	0	0.0000	0.0000	0.0000
ENSG00000236272.1	SCUBE1-AS2	lncRNA	0	0	0	0.0000	0.0000	0.0000
ENSG00000236274.1	AC004865.1	processed_pseudogene	0	0	0	0.0000	0.0000	0.0000
ENSG00000236276.2	NDP-AS1	lncRNA	0	0	0	0.0000	0.0000	0.0000
ENSG00000236277.1	NIPA2P5	processed_pseudogene	0	0	0	0.0000	0.0000	0.0000
ENSG00000236278.2	PEBP1P3	processed_pseudogene	2	2	0	0.3099	0.0908	0.0874
ENSG00000236279.7	CLEC2L	protein_coding	1	1	0	0.0315	0.0092	0.0089
ENSG00000236281.1	NDUFB9P2	processed_pseudogene	0	0	0	0.0000	0.0000	0.0000
ENSG00000236283.5	AC019197.1	lncRNA	64	55	47	0.5297	0.1551	0.1494
ENSG00000236284.1	VN1R31P	processed_pseudogene	0	0	0	0.0000	0.0000	0.0000
ENSG00000236285.1	NPM1P8	processed_pseudogene	4	4	0	0.4058	0.1189	0.1145
ENSG00000236287.8	ZBED5	protein_coding	895	491	472	8.4177	2.4657	2.3743
ENSG00000236289.4	GACAT3	lncRNA	1	1	0	0.0226	0.0066	0.0064
ENSG00000236290.1	EEF1GP7	processed_pseudogene	0	0	0	0.0000	0.0000	0.0000
ENSG00000236292.1	USH2A-AS1	lncRNA	0	0	0	0.0000	0.0000	0.0000
ENSG00000236295.1	AC007557.3	lncRNA	0	0	0	0.0000	0.0000	0.0000
ENSG00000236296.8	GUSBP5	transcribed_processed_pseudogene	1	1	0	0.0427	0.0125	0.0120
ENSG00000236297.1	AC048351.1	transcribed_processed_pseudogene	3	0	3	0.2757	0.0808	0.0778
ENSG00000236299.8	AC092634.4	lncRNA	0	1	0	0.0000	0.0000	0.0000
ENSG00000236300.2	MTND4LP12	processed_pseudogene	0	0	0	0.0000	0.0000	0.0000
ENSG00000236301.5	MRGPRG-AS1	lncRNA	1	0	1	0.0422	0.0124	0.0119
ENSG00000236303.4	LINC02646	lncRNA	0	0	0	0.0000	0.0000	0.0000
ENSG00000236304.1	AP001189.1	lncRNA	22	185	185	1.3101	0.3838	0.3695
ENSG00000236305.1	SLC12A9-AS1	lncRNA	20	11	9	4.6027	1.3482	1.2982
ENSG00000236306.3	LINC01241	lncRNA	0	0	0	0.0000	0.0000	0.0000
ENSG00000236307.2	EEF1E1P1	processed_pseudogene	2	4	2	0.3950	0.1157	0.1114
ENSG00000236308.1	AL138921.2	lncRNA	7	7	5	1.0284	0.3012	0.2901
ENSG00000236311.6	TLX1NB	lncRNA	0	0	0	0.0000	0.0000	0.0000
ENSG00000236312.3	RPL34P34	processed_pseudogene	3	3	2	0.7197	0.2108	0.2030
ENSG00000236313.1	VN1R53P	processed_pseudogene	0	0	0	0.0000	0.0000	0.0000
ENSG00000236316.2	OR7E109P	unprocessed_pseudogene	0	0	0	0.0000	0.0000	0.0000
ENSG00000236317.1	AC104333.2	processed_pseudogene	2	0	2	0.8846	0.2591	0.2495
ENSG00000236318.2	AC019117.2	lncRNA	0	0	0	0.0000	0.0000	0.0000
ENSG00000236319.2	AC105021.1	transcribed_processed_pseudogene	1	0	1	0.0756	0.0221	0.0213
ENSG00000236320.4	SLFN14	protein_coding	2	2	0	0.0237	0.0069	0.0067
ENSG00000236323.1	BMP6P1	processed_pseudogene	0	0	0	0.0000	0.0000	0.0000
ENSG00000236324.1	SNX9-AS1	lncRNA	0	0	0	0.0000	0.0000	0.0000
ENSG00000236325.1	AC005300.1	processed_pseudogene	2	1	1	0.4553	0.1334	0.1284
ENSG00000236326.1	AL050331.2	lncRNA	0	34	31	0.0000	0.0000	0.0000
ENSG00000236327.2	AL831737.1	processed_pseudogene	0	0	0	0.0000	0.0000	0.0000
ENSG00000236330.1	RPL5P9	processed_pseudogene	4	3	1	0.3834	0.1123	0.1081
ENSG00000236332.2	AP001604.1	lncRNA	1	3	0	0.0700	0.0205	0.0197
ENSG00000236333.4	TRHDE-AS1	lncRNA	0	0	0	0.0000	0.0000	0.0000
ENSG00000236334.3	PPIAL4G	protein_coding	2	1	1	0.2250	0.0659	0.0634
ENSG00000236335.1	AL161638.2	lncRNA	0	0	0	0.0000	0.0000	0.0000
ENSG00000236336.1	CDYL-AS1	lncRNA	0	0	0	0.0000	0.0000	0.0000
ENSG00000236337.1	FMR1-IT1	lncRNA	6	3	3	1.4855	0.4351	0.4190
ENSG00000236339.1	POM121L13P	processed_pseudogene	0	0	0	0.0000	0.0000	0.0000
ENSG00000236340.6	GRM8-AS1	lncRNA	0	0	0	0.0000	0.0000	0.0000
ENSG00000236341.1	AL161740.1	lncRNA	0	0	0	0.0000	0.0000	0.0000
ENSG00000236343.1	EI24P4	processed_pseudogene	0	0	0	0.0000	0.0000	0.0000
ENSG00000236345.1	SCAT8	lncRNA	1	0	1	0.0584	0.0171	0.0165
ENSG00000236347.1	AL513123.1	lncRNA	0	0	0	0.0000	0.0000	0.0000
ENSG00000236348.1	PSMC1P10	processed_pseudogene	2	2	0	0.1280	0.0375	0.0361
ENSG00000236349.1	SUCLG2P2	processed_pseudogene	15	10	5	0.9829	0.2879	0.2772
ENSG00000236352.1	AC005220.1	lncRNA	3	4	6	0.2882	0.0844	0.0813
ENSG00000236354.1	LINC00437	lncRNA	0	0	0	0.0000	0.0000	0.0000
ENSG00000236355.2	AL391415.1	lncRNA	0	0	0	0.0000	0.0000	0.0000
ENSG00000236356.1	AC079584.1	lncRNA	0	0	0	0.0000	0.0000	0.0000
ENSG00000236357.1	EI24P1	processed_pseudogene	0	0	0	0.0000	0.0000	0.0000
ENSG00000236358.1	AL355472.2	lncRNA	1	12	6	0.2071	0.0607	0.0584
ENSG00000236359.1	OR51B8P	unprocessed_pseudogene	0	0	0	0.0000	0.0000	0.0000
ENSG00000236360.2	RRAS2P1	processed_pseudogene	6	8	19	1.0150	0.2973	0.2863
ENSG00000236362.8	GAGE12F	protein_coding	0	0	0	0.0000	0.0000	0.0000
ENSG00000236364.4	AL358115.1	lncRNA	11	294	287	0.3164	0.0927	0.0893
ENSG00000236365.1	EIF3MP1	processed_pseudogene	0	0	0	0.0000	0.0000	0.0000
ENSG00000236366.3	AL359313.1	lncRNA	19	12	7	0.6313	0.1849	0.1780
ENSG00000236371.5	CT47A1	protein_coding	0	0	0	0.0000	0.0000	0.0000
ENSG00000236372.1	AL353052.2	lncRNA	0	0	0	0.0000	0.0000	0.0000
ENSG00000236373.2	LINC02653	lncRNA	0	0	0	0.0000	0.0000	0.0000
ENSG00000236375.3	POU5F1P5	processed_pseudogene	0	0	0	0.0000	0.0000	0.0000
ENSG00000236376.1	AL353780.1	lncRNA	0	0	0	0.0000	0.0000	0.0000
ENSG00000236377.1	AC084809.2	lncRNA	7	4	3	1.1610	0.3401	0.3275
ENSG00000236378.1	AL133319.1	lncRNA	0	0	0	0.0000	0.0000	0.0000
ENSG00000236379.2	ZNF736P4Y	processed_pseudogene	0	0	0	0.0000	0.0000	0.0000
ENSG00000236380.5	VENTXP7	processed_pseudogene	0	0	0	0.0000	0.0000	0.0000
ENSG00000236382.1	KRTAP10-13P	unprocessed_pseudogene	0	0	0	0.0000	0.0000	0.0000
ENSG00000236383.8	CCDC200	protein_coding	31	95	80	0.8021	0.2350	0.2262
ENSG00000236384.7	LINC00479	lncRNA	1	1	0	0.0402	0.0118	0.0113
ENSG00000236385.1	AC026355.3	lncRNA	2468	1271	1197	289.8806	84.9106	81.7625
ENSG00000236386.1	AC009518.2	processed_pseudogene	0	0	0	0.0000	0.0000	0.0000
ENSG00000236387.2	AL139350.1	lncRNA	0	0	0	0.0000	0.0000	0.0000
ENSG00000236388.1	ITCH-AS1	lncRNA	0	0	0	0.0000	0.0000	0.0000
ENSG00000236389.1	AL121970.1	lncRNA	0	0	0	0.0000	0.0000	0.0000
ENSG00000236390.1	AC092800.1	lncRNA	0	0	0	0.0000	0.0000	0.0000
ENSG00000236391.3	AC092573.1	transcribed_processed_pseudogene	0	0	0	0.0000	0.0000	0.0000
ENSG00000236393.2	AC091806.1	lncRNA	1	0	1	0.0257	0.0075	0.0073
ENSG00000236394.2	AL807752.4	lncRNA	0	0	0	0.0000	0.0000	0.0000
ENSG00000236395.1	AC093106.2	processed_pseudogene	0	0	0	0.0000	0.0000	0.0000
ENSG00000236396.8	SLC35G4	protein_coding	0	0	0	0.0000	0.0000	0.0000
ENSG00000236397.3	DDX11L2	unprocessed_pseudogene	2	0	2	0.1215	0.0356	0.0343
ENSG00000236398.2	TAS2R39	protein_coding	0	0	0	0.0000	0.0000	0.0000
ENSG00000236400.1	KRTAP21-4P	unprocessed_pseudogene	0	0	0	0.0000	0.0000	0.0000
ENSG00000236401.1	SLC4A1APP2	unprocessed_pseudogene	0	0	0	0.0000	0.0000	0.0000
ENSG00000236403.2	AL353611.1	lncRNA	0	0	0	0.0000	0.0000	0.0000
ENSG00000236404.10	VLDLR-AS1	lncRNA	40	134	150	0.5012	0.1468	0.1414
ENSG00000236405.1	UBQLN1P1	processed_pseudogene	0	0	0	0.0000	0.0000	0.0000
ENSG00000236407.1	HMGB1P18	processed_pseudogene	0	0	0	0.0000	0.0000	0.0000
ENSG00000236408.1	AC073336.1	lncRNA	0	0	0	0.0000	0.0000	0.0000
ENSG00000236409.2	NRADDP	transcribed_unitary_pseudogene	3	1	2	0.1474	0.0432	0.0416
ENSG00000236411.1	NDUFAF4P3	processed_pseudogene	5	5	0	0.8088	0.2369	0.2281
ENSG00000236412.1	AC092941.2	lncRNA	0	0	0	0.0000	0.0000	0.0000
ENSG00000236413.2	AL662874.1	processed_pseudogene	0	0	0	0.0000	0.0000	0.0000
ENSG00000236414.1	AC004415.1	lncRNA	0	0	0	0.0000	0.0000	0.0000
ENSG00000236417.2	CTSLP1	unprocessed_pseudogene	0	0	0	0.0000	0.0000	0.0000
ENSG00000236420.1	CHCHD3P1	processed_pseudogene	0	0	0	0.0000	0.0000	0.0000
ENSG00000236423.6	LINC01134	lncRNA	10	6	4	0.2079	0.0609	0.0586
ENSG00000236424.7	TSPY10	protein_coding	0	0	0	0.0000	0.0000	0.0000
ENSG00000236425.1	AC069213.2	processed_pseudogene	0	0	0	0.0000	0.0000	0.0000
ENSG00000236426.5	AL583824.1	lncRNA	0	0	0	0.0000	0.0000	0.0000
ENSG00000236427.1	AL589986.2	lncRNA	0	0	0	0.0000	0.0000	0.0000
ENSG00000236429.1	GPM6BP2	unprocessed_pseudogene	0	0	0	0.0000	0.0000	0.0000
ENSG00000236430.1	KRT8P29	processed_pseudogene	0	0	0	0.0000	0.0000	0.0000
ENSG00000236431.1	AC009237.8	processed_pseudogene	51	26	25	11.4273	3.3472	3.2231
ENSG00000236432.8	MFF-DT	lncRNA	80	148	156	0.4418	0.1294	0.1246
ENSG00000236433.1	RPL37P21	processed_pseudogene	0	0	0	0.0000	0.0000	0.0000
ENSG00000236434.2	AL162430.2	lncRNA	0	1	0	0.0000	0.0000	0.0000
ENSG00000236435.1	TSPY12P	unprocessed_pseudogene	0	0	0	0.0000	0.0000	0.0000
ENSG00000236436.1	LINC02850	lncRNA	0	0	0	0.0000	0.0000	0.0000
ENSG00000236437.1	LINC02151	lncRNA	0	0	0	0.0000	0.0000	0.0000
ENSG00000236438.7	FAM157A	transcribed_unprocessed_pseudogene	1	0	1	0.0120	0.0035	0.0034
ENSG00000236439.4	AC099336.2	processed_pseudogene	55	33	24	18.3883	5.3862	5.1865
ENSG00000236440.1	COPRSP1	processed_pseudogene	0	0	0	0.0000	0.0000	0.0000
ENSG00000236442.1	ANKRD54P1	processed_pseudogene	0	0	0	0.0000	0.0000	0.0000
ENSG00000236444.5	UBE2L5	protein_coding	15	7	8	0.3839	0.1125	0.1083
ENSG00000236445.5	LINC00608	lncRNA	0	0	0	0.0000	0.0000	0.0000
ENSG00000236446.3	CT47B1	protein_coding	0	0	0	0.0000	0.0000	0.0000
ENSG00000236447.2	ATG10-IT1	lncRNA	0	0	0	0.0000	0.0000	0.0000
ENSG00000236449.2	AC010894.2	lncRNA	125	68	57	1.7583	0.5150	0.4959
ENSG00000236450.1	AL590399.6	processed_pseudogene	0	0	0	0.0000	0.0000	0.0000
ENSG00000236451.3	AC067956.1	lncRNA	0	0	0	0.0000	0.0000	0.0000
ENSG00000236452.1	AC123023.1	lncRNA	0	0	0	0.0000	0.0000	0.0000
ENSG00000236453.5	AC003092.1	lncRNA	17	9	8	1.3568	0.3974	0.3827
ENSG00000236456.1	AL035458.1	processed_pseudogene	11	5	6	1.5968	0.4677	0.4504
ENSG00000236457.1	AC090617.1	lncRNA	0	0	0	0.0000	0.0000	0.0000
ENSG00000236459.1	HNRNPA1P22	processed_pseudogene	6	3	3	0.5386	0.1578	0.1519
ENSG00000236460.1	SNX2P2	processed_pseudogene	0	0	0	0.0000	0.0000	0.0000
ENSG00000236461.1	AL162425.1	lncRNA	0	0	0	0.0000	0.0000	0.0000
ENSG00000236463.1	LINC00427	lncRNA	0	0	0	0.0000	0.0000	0.0000
ENSG00000236464.1	LINC02559	lncRNA	0	0	0	0.0000	0.0000	0.0000
ENSG00000236466.2	AL035670.1	lncRNA	2	2	0	0.0313	0.0092	0.0088
ENSG00000236467.8	KCNMA1-AS1	lncRNA	1	35	40	0.0120	0.0035	0.0034
ENSG00000236468.1	AC099335.1	processed_pseudogene	13	4	9	0.8269	0.2422	0.2332
ENSG00000236469.1	AC007881.2	lncRNA	0	0	0	0.0000	0.0000	0.0000
ENSG00000236471.1	AF127577.5	lncRNA	1	0	1	0.1904	0.0558	0.0537
ENSG00000236472.1	AC002401.1	lncRNA	0	412	413	0.0000	0.0000	0.0000
ENSG00000236473.1	KRT43P	unprocessed_pseudogene	0	0	1	0.0000	0.0000	0.0000
ENSG00000236474.1	GCNT1P1	processed_pseudogene	0	0	0	0.0000	0.0000	0.0000
ENSG00000236475.1	TRIM26BP	unprocessed_pseudogene	0	1	0	0.0000	0.0000	0.0000
ENSG00000236476.2	AL593856.1	processed_pseudogene	0	0	0	0.0000	0.0000	0.0000
ENSG00000236477.1	RPS24P1	processed_pseudogene	0	0	0	0.0000	0.0000	0.0000
ENSG00000236478.2	AC012513.2	processed_pseudogene	0	0	0	0.0000	0.0000	0.0000
ENSG00000236480.1	PKMP1	processed_pseudogene	27	13	15	1.5055	0.4410	0.4246
ENSG00000236481.1	LINC02195	lncRNA	3	0	3	0.8665	0.2538	0.2444
ENSG00000236483.1	MTND2P40	unprocessed_pseudogene	0	0	0	0.0000	0.0000	0.0000
ENSG00000236484.2	RRM2P2	processed_pseudogene	1	1	0	0.1302	0.0382	0.0367
ENSG00000236485.1	LINC01945	lncRNA	39	18	21	3.9427	1.1549	1.1121
ENSG00000236487.2	AC079168.1	processed_pseudogene	0	0	0	0.0000	0.0000	0.0000
ENSG00000236489.1	AC133473.1	processed_pseudogene	0	0	0	0.0000	0.0000	0.0000
ENSG00000236491.1	AC234771.4	unprocessed_pseudogene	0	0	0	0.0000	0.0000	0.0000
ENSG00000236493.2	EIF2S2P3	processed_pseudogene	3	1	2	0.2550	0.0747	0.0719
ENSG00000236494.2	AC008080.4	lncRNA	3	1	2	0.0900	0.0264	0.0254
ENSG00000236495.2	AL158168.1	lncRNA	0	0	0	0.0000	0.0000	0.0000
ENSG00000236496.2	GPS2P1	processed_pseudogene	19	11	8	1.6364	0.4793	0.4616
ENSG00000236497.2	LINC01744	lncRNA	0	0	0	0.0000	0.0000	0.0000
ENSG00000236498.1	AC107081.1	lncRNA	4	720	734	0.4235	0.1241	0.1195
ENSG00000236499.2	LINC00896	lncRNA	3	1	2	0.1197	0.0351	0.0338
ENSG00000236500.1	CD24P1	processed_pseudogene	0	0	0	0.0000	0.0000	0.0000
ENSG00000236501.6	AC074286.1	lncRNA	0	0	0	0.0000	0.0000	0.0000
ENSG00000236502.1	SIX3-AS1	lncRNA	2	2	1	0.1476	0.0432	0.0416
ENSG00000236503.1	AC009784.1	processed_pseudogene	1	1	0	0.1846	0.0541	0.0521
ENSG00000236504.2	AC087499.5	unprocessed_pseudogene	1	0	1	0.1017	0.0298	0.0287
ENSG00000236505.1	AL356379.1	unprocessed_pseudogene	0	0	0	0.0000	0.0000	0.0000
ENSG00000236507.2	BX470209.2	lncRNA	0	0	0	0.0000	0.0000	0.0000
ENSG00000236508.1	ATP13A5-AS1	lncRNA	0	0	0	0.0000	0.0000	0.0000
ENSG00000236509.2	RPL21P133	processed_pseudogene	0	0	0	0.0000	0.0000	0.0000
ENSG00000236510.1	AC011284.1	lncRNA	0	0	0	0.0000	0.0000	0.0000
ENSG00000236511.2	LINC01231	lncRNA	0	0	0	0.0000	0.0000	0.0000
ENSG00000236512.1	AL390026.1	processed_pseudogene	0	0	0	0.0000	0.0000	0.0000
ENSG00000236513.1	AC074035.1	lncRNA	0	0	0	0.0000	0.0000	0.0000
ENSG00000236514.1	AL135791.1	lncRNA	2	3	2	0.2056	0.0602	0.0580
ENSG00000236516.1	KLF2P4	processed_pseudogene	0	0	1	0.0000	0.0000	0.0000
ENSG00000236519.1	LINC01424	lncRNA	7	5	3	0.5766	0.1689	0.1626
ENSG00000236520.2	GPC6-AS1	lncRNA	0	0	0	0.0000	0.0000	0.0000
ENSG00000236521.1	NPAP1P4	processed_pseudogene	0	0	0	0.0000	0.0000	0.0000
ENSG00000236523.2	NPM1P40	processed_pseudogene	2	1	1	0.2317	0.0679	0.0654
ENSG00000236525.1	AC007278.2	lncRNA	0	0	0	0.0000	0.0000	0.0000
ENSG00000236526.1	AL035448.1	lncRNA	6	88	97	0.2783	0.0815	0.0785
ENSG00000236527.1	ARF4P2	processed_pseudogene	0	0	0	0.0000	0.0000	0.0000
ENSG00000236528.1	AL033528.2	lncRNA	1	186	205	0.1000	0.0293	0.0282
ENSG00000236529.2	AC093582.1	lncRNA	22	10	12	0.7977	0.2337	0.2250
ENSG00000236530.2	KPNA2P1	processed_pseudogene	0	0	0	0.0000	0.0000	0.0000
ENSG00000236531.2	AC006013.1	lncRNA	0	0	0	0.0000	0.0000	0.0000
ENSG00000236532.6	LINC01695	lncRNA	0	0	0	0.0000	0.0000	0.0000
ENSG00000236533.1	RPS12P4	processed_pseudogene	0	0	0	0.0000	0.0000	0.0000
ENSG00000236534.1	H3P36	processed_pseudogene	6	5	1	1.2643	0.3703	0.3566
ENSG00000236535.1	RC3H1-IT1	lncRNA	2	0	2	0.3791	0.1110	0.1069
ENSG00000236536.1	AC003986.3	lncRNA	0	0	0	0.0000	0.0000	0.0000
ENSG00000236538.1	ZNF863P	processed_pseudogene	0	0	0	0.0000	0.0000	0.0000
ENSG00000236539.3	HNRNPA1P54	processed_pseudogene	3	1	2	0.0262	0.0077	0.0074
ENSG00000236540.7	AC006547.1	lncRNA	21	179	165	0.7866	0.2304	0.2219
ENSG00000236541.1	VN2R9P	unitary_pseudogene	0	0	0	0.0000	0.0000	0.0000
ENSG00000236542.1	MED28P7	processed_pseudogene	0	0	0	0.0000	0.0000	0.0000
ENSG00000236543.3	AL354761.1	protein_coding	0	0	0	0.0000	0.0000	0.0000
ENSG00000236544.1	AC008060.3	lncRNA	0	0	0	0.0000	0.0000	0.0000
ENSG00000236545.1	AP001619.2	lncRNA	1	1	0	0.1447	0.0424	0.0408
ENSG00000236546.1	MYCL-AS1	lncRNA	0	3	5	0.0000	0.0000	0.0000
ENSG00000236548.2	RNF217-AS1	lncRNA	2	1	1	0.0140	0.0041	0.0039
ENSG00000236549.1	RPS27AP7	processed_pseudogene	0	0	0	0.0000	0.0000	0.0000
ENSG00000236550.1	AL109809.3	unprocessed_pseudogene	0	0	0	0.0000	0.0000	0.0000
ENSG00000236552.2	RPL13AP5	processed_pseudogene	607	257	350	84.2267	24.6713	23.7566
ENSG00000236554.1	ASNSP3	processed_pseudogene	0	0	0	0.0000	0.0000	0.0000
ENSG00000236555.1	AC115115.1	processed_pseudogene	0	0	0	0.0000	0.0000	0.0000
ENSG00000236556.1	AC025038.1	lncRNA	0	0	0	0.0000	0.0000	0.0000
ENSG00000236559.1	BCL2L1-AS1	lncRNA	3	3	0	0.6812	0.1995	0.1921
ENSG00000236562.4	IFITM3P1	processed_pseudogene	5	2	3	1.1029	0.3230	0.3111
ENSG00000236564.1	YWHAQP5	processed_pseudogene	0	0	0	0.0000	0.0000	0.0000
ENSG00000236565.3	HNRNPA3P5	processed_pseudogene	16	13	3	1.6311	0.4778	0.4601
ENSG00000236567.2	TCF3P1	processed_pseudogene	3	3	1	0.1315	0.0385	0.0371
ENSG00000236569.3	HNRNPA1P73	processed_pseudogene	0	0	0	0.0000	0.0000	0.0000
ENSG00000236570.1	RAD23BP1	processed_pseudogene	1	1	0	0.0692	0.0203	0.0195
ENSG00000236571.1	AC245102.1	processed_pseudogene	0	0	0	0.0000	0.0000	0.0000
ENSG00000236572.1	AC006369.2	lncRNA	0	0	0	0.0000	0.0000	0.0000
ENSG00000236574.1	AC092634.5	processed_pseudogene	0	0	0	0.0000	0.0000	0.0000
ENSG00000236576.1	AC241520.1	processed_pseudogene	0	0	0	0.0000	0.0000	0.0000
ENSG00000236577.1	SNRPGP14	processed_pseudogene	1	0	1	0.3878	0.1136	0.1094
ENSG00000236580.1	AC073626.2	processed_pseudogene	0	0	0	0.0000	0.0000	0.0000
ENSG00000236581.9	STARD13-AS	lncRNA	3	1	3	0.0439	0.0129	0.0124
ENSG00000236582.1	PRPF38AP2	processed_pseudogene	2	1	2	0.1996	0.0585	0.0563
ENSG00000236583.1	AP004290.1	processed_pseudogene	1	1	0	0.0601	0.0176	0.0170
ENSG00000236590.1	MTATP6P4	unprocessed_pseudogene	0	0	0	0.0000	0.0000	0.0000
ENSG00000236591.1	UST-AS2	lncRNA	0	0	0	0.0000	0.0000	0.0000
ENSG00000236592.5	S100A11P2	processed_pseudogene	0	0	0	0.0000	0.0000	0.0000
ENSG00000236594.2	RPS27AP14	processed_pseudogene	0	0	0	0.0000	0.0000	0.0000
ENSG00000236595.1	MED15P5	processed_pseudogene	0	0	0	0.0000	0.0000	0.0000
ENSG00000236596.1	CRLF3P1	processed_pseudogene	0	0	0	0.0000	0.0000	0.0000
ENSG00000236597.1	IGHD7-27	IG_D_gene	0	0	0	0.0000	0.0000	0.0000
ENSG00000236599.1	ELOCP26	processed_pseudogene	0	0	0	0.0000	0.0000	0.0000
ENSG00000236601.2	AL732372.1	lncRNA	0	0	0	0.0000	0.0000	0.0000
ENSG00000236603.2	RANP1	processed_pseudogene	14	7	7	1.8262	0.5349	0.5151
ENSG00000236604.1	LYPLA2P3	processed_pseudogene	0	0	0	0.0000	0.0000	0.0000
ENSG00000236605.1	AC023115.1	lncRNA	0	0	0	0.0000	0.0000	0.0000
ENSG00000236606.1	AC022028.1	processed_pseudogene	0	0	0	0.0000	0.0000	0.0000
ENSG00000236607.3	EEF1DP8	processed_pseudogene	0	0	0	0.0000	0.0000	0.0000
ENSG00000236608.1	EIF4A1P6	processed_pseudogene	2	2	0	0.1404	0.0411	0.0396
ENSG00000236609.4	ZNF853	protein_coding	47	30	18	1.0329	0.3026	0.2913
ENSG00000236610.1	SOCS5P1	processed_pseudogene	0	0	0	0.0000	0.0000	0.0000
ENSG00000236611.1	LINC02556	lncRNA	0	0	0	0.0000	0.0000	0.0000
ENSG00000236612.1	KRTAP19-11P	unprocessed_pseudogene	0	0	0	0.0000	0.0000	0.0000
ENSG00000236615.1	AC010086.2	unprocessed_pseudogene	0	0	0	0.0000	0.0000	0.0000
ENSG00000236616.3	BAK1P2	processed_pseudogene	2	2	0	0.2692	0.0788	0.0759
ENSG00000236617.2	AC127070.1	lncRNA	0	0	0	0.0000	0.0000	0.0000
ENSG00000236618.2	PITPNA-AS1	lncRNA	10	157	137	1.5668	0.4589	0.4419
ENSG00000236620.1	XKRYP3	unprocessed_pseudogene	0	0	0	0.0000	0.0000	0.0000
ENSG00000236626.1	MTND5P17	processed_pseudogene	0	0	0	0.0000	0.0000	0.0000
ENSG00000236627.1	AL590302.2	lncRNA	0	0	0	0.0000	0.0000	0.0000
ENSG00000236634.1	AC016903.1	lncRNA	0	0	0	0.0000	0.0000	0.0000
ENSG00000236635.3	LINC02540	lncRNA	0	0	0	0.0000	0.0000	0.0000
ENSG00000236636.2	AL627308.2	processed_pseudogene	0	0	0	0.0000	0.0000	0.0000
ENSG00000236637.4	IFNA4	protein_coding	0	0	0	0.0000	0.0000	0.0000
ENSG00000236638.1	AC006455.7	processed_pseudogene	0	0	0	0.0000	0.0000	0.0000
ENSG00000236641.2	Z99916.1	lncRNA	0	0	0	0.0000	0.0000	0.0000
ENSG00000236643.1	AL354928.1	lncRNA	5	3	2	0.6882	0.2016	0.1941
ENSG00000236646.1	LAMTOR5P1	processed_pseudogene	1	1	0	0.3145	0.0921	0.0887
ENSG00000236647.1	AC009947.2	unprocessed_pseudogene	0	0	0	0.0000	0.0000	0.0000
ENSG00000236648.2	LINC02810	lncRNA	0	0	0	0.0000	0.0000	0.0000
ENSG00000236651.1	DLX2-DT	lncRNA	3	1	2	0.2682	0.0786	0.0756
ENSG00000236653.3	LINC01923	lncRNA	0	0	0	0.0000	0.0000	0.0000
ENSG00000236654.2	AC079780.1	processed_pseudogene	0	0	0	0.0000	0.0000	0.0000
ENSG00000236655.1	SLC6A14P3	processed_pseudogene	0	0	0	0.0000	0.0000	0.0000
ENSG00000236656.1	AL365440.1	lncRNA	0	0	0	0.0000	0.0000	0.0000
ENSG00000236658.1	AL161733.1	lncRNA	0	0	0	0.0000	0.0000	0.0000
ENSG00000236662.1	AL133215.1	lncRNA	1	15	17	0.2483	0.0727	0.0700
ENSG00000236663.1	FRGCA	lncRNA	0	0	0	0.0000	0.0000	0.0000
ENSG00000236664.1	AC011998.2	lncRNA	0	0	0	0.0000	0.0000	0.0000
ENSG00000236665.1	AC114808.2	lncRNA	1	1	0	0.1584	0.0464	0.0447
ENSG00000236666.1	POTEH-AS1	lncRNA	0	0	0	0.0000	0.0000	0.0000
ENSG00000236667.1	RPL27AP3	processed_pseudogene	0	0	0	0.0000	0.0000	0.0000
ENSG00000236668.2	AC006450.3	lncRNA	2	0	2	0.0791	0.0232	0.0223
ENSG00000236670.1	KRT18P5	processed_pseudogene	6	5	1	0.3947	0.1156	0.1113
ENSG00000236671.9	PRKG1-AS1	lncRNA	7	106	121	0.0943	0.0276	0.0266
ENSG00000236673.5	AL117378.1	lncRNA	0	0	0	0.0000	0.0000	0.0000
ENSG00000236674.1	AL049636.1	processed_pseudogene	1	0	1	0.0626	0.0183	0.0177
ENSG00000236675.1	MTX1P1	unprocessed_pseudogene	517	263	254	52.3913	15.3462	14.7773
ENSG00000236676.1	AC117944.1	lncRNA	0	0	0	0.0000	0.0000	0.0000
ENSG00000236677.1	SETD4-AS1	lncRNA	0	18	13	0.0000	0.0000	0.0000
ENSG00000236678.8	LINC00347	lncRNA	0	0	0	0.0000	0.0000	0.0000
ENSG00000236679.2	RPL23AP24	processed_pseudogene	0	0	0	0.0000	0.0000	0.0000
ENSG00000236680.1	AL356000.1	processed_pseudogene	5	2	3	0.3430	0.1005	0.0967
ENSG00000236681.1	DSTNP5	processed_pseudogene	0	0	0	0.0000	0.0000	0.0000
ENSG00000236682.2	MAP3K2-DT	lncRNA	144	73	83	3.7580	1.1008	1.0600
ENSG00000236683.3	HMGA1P1	processed_pseudogene	9	5	4	0.7197	0.2108	0.2030
ENSG00000236686.1	BZW1P1	processed_pseudogene	1	1	0	0.0685	0.0201	0.0193
ENSG00000236687.1	AL160271.2	lncRNA	0	0	0	0.0000	0.0000	0.0000
ENSG00000236689.1	MTCO2P21	unprocessed_pseudogene	0	0	0	0.0000	0.0000	0.0000
ENSG00000236690.2	AC007274.2	unprocessed_pseudogene	0	0	0	0.0000	0.0000	0.0000
ENSG00000236691.3	NDUFA4P2	processed_pseudogene	0	0	0	0.0000	0.0000	0.0000
ENSG00000236692.2	MTCO1P10	unprocessed_pseudogene	0	0	0	0.0000	0.0000	0.0000
ENSG00000236695.1	HNRNPA1P47	processed_pseudogene	2	2	0	0.1824	0.0534	0.0515
ENSG00000236698.1	EIF1AXP1	processed_pseudogene	21	10	11	4.0996	1.2008	1.1563
ENSG00000236699.9	ARHGEF38	protein_coding	8	244	291	0.0896	0.0263	0.0253
ENSG00000236700.6	LINC01010	lncRNA	79	48	31	1.5185	0.4448	0.4283
ENSG00000236701.3	AL512594.1	processed_pseudogene	0	0	0	0.0000	0.0000	0.0000
ENSG00000236703.1	MYB-AS1	lncRNA	0	2	3	0.0000	0.0000	0.0000
ENSG00000236704.1	CNOT4P1	processed_pseudogene	0	0	0	0.0000	0.0000	0.0000
ENSG00000236708.1	SDK1-AS1	lncRNA	0	0	0	0.0000	0.0000	0.0000
ENSG00000236709.1	DAPK1-IT1	lncRNA	0	0	0	0.0000	0.0000	0.0000
ENSG00000236710.1	AC108448.2	processed_pseudogene	0	0	0	0.0000	0.0000	0.0000
ENSG00000236711.2	SMAD9-IT1	lncRNA	0	0	0	0.0000	0.0000	0.0000
ENSG00000236712.1	AC079448.1	processed_pseudogene	0	0	0	0.0000	0.0000	0.0000
ENSG00000236713.1	AL356292.1	processed_pseudogene	0	0	1	0.0000	0.0000	0.0000
ENSG00000236714.3	LINC01844	lncRNA	4	2	2	0.0943	0.0276	0.0266
ENSG00000236716.1	AL355376.1	lncRNA	0	0	0	0.0000	0.0000	0.0000
ENSG00000236717.2	AL354751.2	unprocessed_pseudogene	1	1	0	0.4044	0.1185	0.1141
ENSG00000236718.4	RBMY2QP	transcribed_unprocessed_pseudogene	0	0	0	0.0000	0.0000	0.0000
ENSG00000236719.5	OVAAL	lncRNA	6185	3070	3115	237.3398	69.5205	66.9431
ENSG00000236720.2	LINC01741	lncRNA	0	0	0	0.0000	0.0000	0.0000
ENSG00000236722.1	AC116036.1	processed_pseudogene	0	0	0	0.0000	0.0000	0.0000
ENSG00000236723.2	AL606760.2	lncRNA	2	415	425	0.1384	0.0405	0.0390
ENSG00000236724.1	AL137071.1	lncRNA	0	0	0	0.0000	0.0000	0.0000
ENSG00000236731.1	AL135929.2	unprocessed_pseudogene	0	0	0	0.0000	0.0000	0.0000
ENSG00000236732.1	AC094019.2	unprocessed_pseudogene	2	0	2	0.3598	0.1054	0.1015
ENSG00000236733.1	AL354794.1	lncRNA	0	1	0	0.0000	0.0000	0.0000
ENSG00000236735.3	RPL31P63	processed_pseudogene	10	5	5	2.2645	0.6633	0.6387
ENSG00000236736.1	UQCRC2P1	processed_pseudogene	0	0	0	0.0000	0.0000	0.0000
ENSG00000236737.1	GAGE12B	protein_coding	0	0	0	0.0000	0.0000	0.0000
ENSG00000236739.3	CLIC4P1	processed_pseudogene	4	2	2	0.6349	0.1860	0.1791
ENSG00000236740.6	AL033384.1	lncRNA	0	0	0	0.0000	0.0000	0.0000
ENSG00000236741.4	Z98751.2	processed_pseudogene	0	0	0	0.0000	0.0000	0.0000
ENSG00000236744.2	AC016822.1	lncRNA	0	0	0	0.0000	0.0000	0.0000
ENSG00000236745.2	YRDCP2	processed_pseudogene	0	0	0	0.0000	0.0000	0.0000
ENSG00000236747.3	LINC01282	lncRNA	1	0	1	0.0596	0.0174	0.0168
ENSG00000236748.1	AC009500.1	processed_pseudogene	0	0	0	0.0000	0.0000	0.0000
ENSG00000236750.1	AC009237.9	processed_pseudogene	0	0	0	0.0000	0.0000	0.0000
ENSG00000236751.2	LINC01186	lncRNA	0	0	0	0.0000	0.0000	0.0000
ENSG00000236753.7	MKLN1-AS	lncRNA	457	307	289	4.4928	1.3160	1.2672
ENSG00000236754.5	AC007666.1	lncRNA	4	5	2	0.1733	0.0508	0.0489
ENSG00000236756.4	DNAJC9-AS1	lncRNA	16	446	457	0.4168	0.1221	0.1176
ENSG00000236758.5	MTUS2-AS2	lncRNA	0	0	0	0.0000	0.0000	0.0000
ENSG00000236760.1	AC019118.2	lncRNA	1	0	1	0.0892	0.0261	0.0252
ENSG00000236761.6	CTAGE9	protein_coding	0	0	0	0.0000	0.0000	0.0000
ENSG00000236762.1	RPL19P16	processed_pseudogene	21	9	12	3.0329	0.8884	0.8554
ENSG00000236763.2	TRMT112P4	processed_pseudogene	1	0	1	0.2241	0.0656	0.0632
ENSG00000236764.4	COX7A2P2	processed_pseudogene	1	1	0	0.3397	0.0995	0.0958
ENSG00000236768.1	AC124916.1	processed_pseudogene	2	2	0	0.3105	0.0909	0.0876
ENSG00000236769.3	LINC02659	lncRNA	0	0	0	0.0000	0.0000	0.0000
ENSG00000236770.1	AC079325.1	unprocessed_pseudogene	0	0	0	0.0000	0.0000	0.0000
ENSG00000236772.1	AL034550.1	lncRNA	8	49	42	0.6890	0.2018	0.1943
ENSG00000236773.1	AC092809.3	processed_pseudogene	16	6	13	5.8819	1.7229	1.6590
ENSG00000236775.1	AL512637.2	processed_pseudogene	0	0	0	0.0000	0.0000	0.0000
ENSG00000236776.1	RPL21P23	processed_pseudogene	1	0	1	0.1846	0.0541	0.0521
ENSG00000236777.1	AL157831.1	processed_pseudogene	0	0	0	0.0000	0.0000	0.0000
ENSG00000236778.8	INTS6-AS1	lncRNA	39	40	29	0.2186	0.0640	0.0617
ENSG00000236779.1	AL512306.1	processed_pseudogene	0	0	0	0.0000	0.0000	0.0000
ENSG00000236780.7	LINC01829	lncRNA	7	2	5	0.1373	0.0402	0.0387
ENSG00000236782.7	AL391650.1	protein_coding	6	604	568	0.2458	0.0720	0.0693
ENSG00000236783.1	RPS15AP27	processed_pseudogene	0	0	0	0.0000	0.0000	0.0000
ENSG00000236785.1	SDR42E1P5	processed_pseudogene	0	0	0	0.0000	0.0000	0.0000
ENSG00000236786.1	TSPY15P	unprocessed_pseudogene	0	0	0	0.0000	0.0000	0.0000
ENSG00000236790.6	LINC00299	lncRNA	15	9	6	0.0571	0.0167	0.0161
ENSG00000236791.2	OR2AI1P	unprocessed_pseudogene	0	0	0	0.0000	0.0000	0.0000
ENSG00000236792.1	AL513175.2	processed_pseudogene	2	1	1	0.3834	0.1123	0.1081
ENSG00000236794.5	BCRP8	processed_pseudogene	2	0	2	0.6660	0.1951	0.1879
ENSG00000236795.1	CNTNAP2-AS1	lncRNA	0	0	0	0.0000	0.0000	0.0000
ENSG00000236796.1	AL157884.3	unprocessed_pseudogene	4	3	1	0.2869	0.0840	0.0809
ENSG00000236797.1	SPA17P1	transcribed_processed_pseudogene	1	0	1	0.1879	0.0550	0.0530
ENSG00000236799.1	LINC02626	lncRNA	0	0	0	0.0000	0.0000	0.0000
ENSG00000236800.1	AC068898.1	lncRNA	2	1	1	0.5070	0.1485	0.1430
ENSG00000236801.1	RPL24P8	processed_pseudogene	33	25	8	5.9122	1.7318	1.6676
ENSG00000236803.1	SDAD1P4	processed_pseudogene	0	0	0	0.0000	0.0000	0.0000
ENSG00000236804.1	RPS3AP12	processed_pseudogene	2	1	1	0.2256	0.0661	0.0636
ENSG00000236806.1	RPL7AP15	processed_pseudogene	1	1	0	0.1068	0.0313	0.0301
ENSG00000236807.1	AC092066.1	processed_pseudogene	0	0	0	0.0000	0.0000	0.0000
ENSG00000236809.2	SNX25P1	unprocessed_pseudogene	59	34	25	6.0076	1.7597	1.6945
ENSG00000236810.6	ELOA-AS1	lncRNA	21	436	420	0.5779	0.1693	0.1630
ENSG00000236811.1	GAPDHP2	processed_pseudogene	12	5	7	1.0211	0.2991	0.2880
ENSG00000236813.1	BTF3P8	processed_pseudogene	4	2	2	0.6458	0.1892	0.1821
ENSG00000236814.1	AC046176.1	processed_pseudogene	29	19	10	2.1049	0.6165	0.5937
ENSG00000236816.3	ANKRD20A7P	transcribed_unprocessed_pseudogene	0	0	0	0.0000	0.0000	0.0000
ENSG00000236817.5	AL606804.1	lncRNA	0	0	0	0.0000	0.0000	0.0000
ENSG00000236818.1	ARL5AP2	processed_pseudogene	0	0	0	0.0000	0.0000	0.0000
ENSG00000236819.2	LINC01563	lncRNA	315	149	166	7.8932	2.3120	2.2263
ENSG00000236822.1	NMBR-AS1	lncRNA	0	0	0	0.0000	0.0000	0.0000
ENSG00000236823.2	AL035691.1	lncRNA	0	0	0	0.0000	0.0000	0.0000
ENSG00000236824.2	BCYRN1	scRNA	10	2	8	4.2460	1.2437	1.1976
ENSG00000236825.2	RAB28P2	processed_pseudogene	0	0	0	0.0000	0.0000	0.0000
ENSG00000236827.1	LINC00529	lncRNA	0	0	0	0.0000	0.0000	0.0000
ENSG00000236828.1	DMD-AS3	lncRNA	0	0	0	0.0000	0.0000	0.0000
ENSG00000236829.9	Z97634.1	transcribed_processed_pseudogene	29	24	29	1.0749	0.3149	0.3032
ENSG00000236830.7	CBR3-AS1	lncRNA	59	1305	1337	0.5631	0.1650	0.1588
ENSG00000236831.1	YME1L1P1	unprocessed_pseudogene	0	0	0	0.0000	0.0000	0.0000
ENSG00000236832.1	CBY1P1	processed_pseudogene	0	0	0	0.0000	0.0000	0.0000
ENSG00000236833.1	AC024560.1	lncRNA	0	0	0	0.0000	0.0000	0.0000
ENSG00000236834.1	LINC00421	lncRNA	0	0	0	0.0000	0.0000	0.0000
ENSG00000236836.1	PCYT1B-AS1	lncRNA	0	0	0	0.0000	0.0000	0.0000
ENSG00000236837.1	AC139712.1	lncRNA	0	0	0	0.0000	0.0000	0.0000
ENSG00000236838.2	AC090617.2	lncRNA	0	0	1	0.0000	0.0000	0.0000
ENSG00000236839.1	AC069280.1	lncRNA	0	0	0	0.0000	0.0000	0.0000
ENSG00000236841.8	AC007750.1	lncRNA	11	260	267	0.2247	0.0658	0.0634
ENSG00000236842.1	AC010997.2	lncRNA	1	1	0	0.3266	0.0957	0.0921
ENSG00000236844.1	AC069213.3	processed_pseudogene	4	3	1	0.7166	0.2099	0.2021
ENSG00000236846.1	AL359979.2	lncRNA	1	0	1	0.1385	0.0406	0.0391
ENSG00000236847.1	AC018892.2	unprocessed_pseudogene	0	0	0	0.0000	0.0000	0.0000
ENSG00000236848.2	RPL23AP95	processed_pseudogene	1	0	1	0.3205	0.0939	0.0904
ENSG00000236849.6	LINC01474	lncRNA	12183	6184	5999	818.5014	239.7519	230.8631
ENSG00000236852.1	SSBL2P	processed_pseudogene	6	4	2	0.4731	0.1386	0.1334
ENSG00000236853.2	OR2R1P	unitary_pseudogene	0	0	0	0.0000	0.0000	0.0000
ENSG00000236854.2	LINC00486	lncRNA	0	0	0	0.0000	0.0000	0.0000
ENSG00000236856.1	AC105393.2	lncRNA	0	0	0	0.0000	0.0000	0.0000
ENSG00000236857.3	RAP1BP1	processed_pseudogene	1	0	1	0.1536	0.0450	0.0433
ENSG00000236858.2	AL008638.2	lncRNA	0	0	0	0.0000	0.0000	0.0000
ENSG00000236859.7	NIFK-AS1	lncRNA	111	476	519	1.8439	0.5401	0.5201
ENSG00000236860.1	RPL39P29	processed_pseudogene	1	1	0	0.5409	0.1584	0.1526
ENSG00000236861.6	BET1-AS1	lncRNA	10	8	2	1.3352	0.3911	0.3766
ENSG00000236862.1	RPS20P24	processed_pseudogene	4	4	0	0.9409	0.2756	0.2654
ENSG00000236863.2	RPL23AP23	processed_pseudogene	0	0	0	0.0000	0.0000	0.0000
ENSG00000236864.1	AC068295.1	lncRNA	0	0	0	0.0000	0.0000	0.0000
ENSG00000236866.5	AL157902.1	lncRNA	0	0	0	0.0000	0.0000	0.0000
ENSG00000236867.1	Z98885.1	processed_pseudogene	0	0	0	0.0000	0.0000	0.0000
ENSG00000236869.1	ZKSCAN7-AS1	lncRNA	1	9	7	0.1862	0.0545	0.0525
ENSG00000236870.2	POMPP1	processed_pseudogene	0	0	0	0.0000	0.0000	0.0000
ENSG00000236871.7	LINC00106	lncRNA	4	4	1	0.5738	0.1681	0.1618
ENSG00000236871.7_PAR_Y	LINC00106	lncRNA	0	0	0	0.0000	0.0000	0.0000
ENSG00000236872.1	PPIAP36	processed_pseudogene	1	7	4	0.2613	0.0765	0.0737
ENSG00000236874.1	AL137078.1	lncRNA	0	0	0	0.0000	0.0000	0.0000
ENSG00000236875.3	DDX11L5	unprocessed_pseudogene	0	0	0	0.0000	0.0000	0.0000
ENSG00000236876.3	TMSB4XP1	processed_pseudogene	5	4	1	3.1452	0.9213	0.8871
ENSG00000236877.2	SETD6P1	processed_pseudogene	0	0	0	0.0000	0.0000	0.0000
ENSG00000236878.1	MTATP6P26	processed_pseudogene	1	1	0	0.1283	0.0376	0.0362
ENSG00000236880.1	Z85995.1	processed_pseudogene	0	0	0	0.0000	0.0000	0.0000
ENSG00000236882.8	LINC01554	lncRNA	2	1	1	0.0752	0.0220	0.0212
ENSG00000236883.1	AP001615.1	lncRNA	0	190	243	0.0000	0.0000	0.0000
ENSG00000236885.2	AC018731.1	lncRNA	19	9	11	0.8860	0.2595	0.2499
ENSG00000236886.2	AC007563.2	lncRNA	0	72	90	0.0000	0.0000	0.0000
ENSG00000236887.1	AL357055.2	processed_pseudogene	3	2	1	0.5870	0.1719	0.1656
ENSG00000236888.1	RPS20P5	processed_pseudogene	1	1	0	0.2359	0.0691	0.0665
ENSG00000236889.1	AC244035.2	lncRNA	0	0	0	0.0000	0.0000	0.0000
ENSG00000236890.2	AC016027.5	processed_pseudogene	1	0	1	0.4044	0.1185	0.1141
ENSG00000236892.2	AL357833.1	lncRNA	1	0	1	0.0632	0.0185	0.0178
ENSG00000236893.1	ASS1P7	processed_pseudogene	0	0	0	0.0000	0.0000	0.0000
ENSG00000236894.3	AL160287.1	transcribed_unprocessed_pseudogene	0	0	0	0.0000	0.0000	0.0000
ENSG00000236896.1	AL354726.1	lncRNA	0	0	0	0.0000	0.0000	0.0000
ENSG00000236897.1	AC113331.1	lncRNA	0	0	0	0.0000	0.0000	0.0000
ENSG00000236900.1	TIMM9P1	processed_pseudogene	0	0	0	0.0000	0.0000	0.0000
ENSG00000236901.6	MIR600HG	lncRNA	37	18	19	0.5251	0.1538	0.1481
ENSG00000236905.2	AC104333.3	processed_pseudogene	6	6	3	1.0637	0.3116	0.3000
ENSG00000236907.1	AC023141.9	unprocessed_pseudogene	0	0	0	0.0000	0.0000	0.0000
ENSG00000236908.2	LINC02827	lncRNA	0	0	0	0.0000	0.0000	0.0000
ENSG00000236909.1	OR2P1P	unprocessed_pseudogene	0	0	0	0.0000	0.0000	0.0000
ENSG00000236911.6	AL137789.1	lncRNA	1	1	0	0.0564	0.0165	0.0159
ENSG00000236913.1	RPS13P3	processed_pseudogene	0	0	0	0.0000	0.0000	0.0000
ENSG00000236914.4	LINC01852	lncRNA	29	16	13	0.8929	0.2616	0.2519
ENSG00000236915.2	CLCA4-AS1	lncRNA	2	1	1	0.0620	0.0182	0.0175
ENSG00000236917.1	DNAJA1P2	processed_pseudogene	0	0	0	0.0000	0.0000	0.0000
ENSG00000236919.3	PHKG1P3	unprocessed_pseudogene	0	0	0	0.0000	0.0000	0.0000
ENSG00000236920.2	AL590727.1	lncRNA	0	0	0	0.0000	0.0000	0.0000
ENSG00000236921.1	AL157937.1	lncRNA	82	45	37	15.7189	4.6043	4.4336
ENSG00000236922.10	LINC01378	lncRNA	0	0	0	0.0000	0.0000	0.0000
ENSG00000236924.1	AL162411.1	lncRNA	6	7	5	0.9687	0.2837	0.2732
ENSG00000236928.3	AC008267.4	processed_pseudogene	1	1	0	0.1630	0.0477	0.0460
ENSG00000236929.2	RPL35AP37	processed_pseudogene	0	0	0	0.0000	0.0000	0.0000
ENSG00000236930.1	SDHDP4	processed_pseudogene	0	0	0	0.0000	0.0000	0.0000
ENSG00000236932.2	CEACAMP8	unprocessed_pseudogene	0	0	0	0.0000	0.0000	0.0000
ENSG00000236935.1	AP003774.2	lncRNA	6	1	5	0.7582	0.2221	0.2139
ENSG00000236936.1	AL031005.1	lncRNA	0	0	0	0.0000	0.0000	0.0000
ENSG00000236937.2	PTGES3P4	processed_pseudogene	0	1	2	0.0000	0.0000	0.0000
ENSG00000236938.1	AC003092.2	lncRNA	0	0	0	0.0000	0.0000	0.0000
ENSG00000236939.2	BAALC-AS2	lncRNA	54	29	29	8.9390	2.6184	2.5213
ENSG00000236940.1	AL589765.3	processed_pseudogene	0	0	0	0.0000	0.0000	0.0000
ENSG00000236941.6	AC106872.1	processed_pseudogene	0	0	0	0.0000	0.0000	0.0000
ENSG00000236942.1	AC096533.1	processed_pseudogene	8	4	5	1.9245	0.5637	0.5428
ENSG00000236944.1	CCDC58P2	processed_pseudogene	0	0	0	0.0000	0.0000	0.0000
ENSG00000236946.2	HNRNPA1P70	transcribed_processed_pseudogene	0	0	0	0.0000	0.0000	0.0000
ENSG00000236948.2	AL365255.1	lncRNA	0	0	0	0.0000	0.0000	0.0000
ENSG00000236950.1	LINC01774	lncRNA	0	0	0	0.0000	0.0000	0.0000
ENSG00000236951.5	AC007359.1	lncRNA	0	0	0	0.0000	0.0000	0.0000
ENSG00000236953.1	ZDHHC20-IT1	lncRNA	0	0	0	0.0000	0.0000	0.0000
ENSG00000236956.2	NF1P8	unprocessed_pseudogene	0	0	0	0.0000	0.0000	0.0000
ENSG00000236957.7	AL139010.1	transcribed_unprocessed_pseudogene	0	0	0	0.0000	0.0000	0.0000
ENSG00000236958.1	AC051618.1	lncRNA	1	0	1	0.4102	0.1202	0.1157
ENSG00000236959.1	SULT1D1P	transcribed_unitary_pseudogene	0	0	0	0.0000	0.0000	0.0000
ENSG00000236960.1	AL354695.1	processed_pseudogene	0	0	0	0.0000	0.0000	0.0000
ENSG00000236961.1	AL136131.2	lncRNA	0	0	0	0.0000	0.0000	0.0000
ENSG00000236963.7	LINC01141	lncRNA	6	4	2	0.1184	0.0347	0.0334
ENSG00000236965.4	OR52N3P	unprocessed_pseudogene	0	0	0	0.0000	0.0000	0.0000
ENSG00000236966.1	AL773545.2	processed_pseudogene	0	0	0	0.0000	0.0000	0.0000
ENSG00000236968.1	AL451164.1	lncRNA	5	3	2	0.7112	0.2083	0.2006
ENSG00000236969.2	GGT8P	unprocessed_pseudogene	0	0	0	0.0000	0.0000	0.0000
ENSG00000236972.2	FABP5P1	processed_pseudogene	52	25	27	10.7442	3.1471	3.0305
ENSG00000236973.2	GAPDHP51	processed_pseudogene	0	0	1	0.0000	0.0000	0.0000
ENSG00000236975.2	LINC02814	lncRNA	0	0	0	0.0000	0.0000	0.0000
ENSG00000236976.1	AC091685.2	processed_pseudogene	1	1	0	0.0983	0.0288	0.0277
ENSG00000236977.1	ANKRD44-IT1	lncRNA	3	1	2	0.2383	0.0698	0.0672
ENSG00000236978.1	AC073873.1	processed_pseudogene	0	0	0	0.0000	0.0000	0.0000
ENSG00000236980.10	C3orf84	protein_coding	0	0	0	0.0000	0.0000	0.0000
ENSG00000236981.1	OR10G9	protein_coding	0	0	0	0.0000	0.0000	0.0000
ENSG00000236982.1	BLOC1S2P1	processed_pseudogene	0	0	0	0.0000	0.0000	0.0000
ENSG00000236985.1	AL121892.1	lncRNA	33	22	11	3.3642	0.9854	0.9489
ENSG00000236986.6	AL157938.2	lncRNA	1	144	147	0.0280	0.0082	0.0079
ENSG00000236987.2	NDUFA5P8	processed_pseudogene	0	0	0	0.0000	0.0000	0.0000
ENSG00000236988.2	CTDSPL2P1	processed_pseudogene	0	0	0	0.0000	0.0000	0.0000
ENSG00000236989.5	AC130710.1	lncRNA	0	0	0	0.0000	0.0000	0.0000
ENSG00000236990.1	AC025822.2	lncRNA	7	5	2	0.2599	0.0761	0.0733
ENSG00000236991.6	EDRF1-AS1	lncRNA	2	62	73	0.0854	0.0250	0.0241
ENSG00000236992.2	RPL12P12	processed_pseudogene	13	7	6	2.2035	0.6454	0.6215
ENSG00000236993.2	GAPDHP21	processed_pseudogene	5	3	2	0.4204	0.1231	0.1186
ENSG00000236994.1	YBX1P9	processed_pseudogene	1	0	1	0.1251	0.0366	0.0353
ENSG00000236996.1	MLIP-IT1	lncRNA	1	1	0	0.1321	0.0387	0.0373
ENSG00000236998.2	AL354794.2	processed_pseudogene	0	0	0	0.0000	0.0000	0.0000
ENSG00000236999.1	ATP2B2-IT1	lncRNA	0	0	0	0.0000	0.0000	0.0000
ENSG00000237000.1	PTMAP6	processed_pseudogene	1	1	0	0.2597	0.0761	0.0732
ENSG00000237001.7	WASF3-AS1	lncRNA	0	0	0	0.0000	0.0000	0.0000
ENSG00000237002.6	AL590730.1	lncRNA	0	0	0	0.0000	0.0000	0.0000
ENSG00000237003.1	AC126124.2	processed_pseudogene	0	0	0	0.0000	0.0000	0.0000
ENSG00000237004.4	ZNRF2P1	transcribed_processed_pseudogene	63	29	36	5.4481	1.5958	1.5367
ENSG00000237005.1	HIGD1AP15	processed_pseudogene	0	0	0	0.0000	0.0000	0.0000
ENSG00000237007.4	KRT18P52	processed_pseudogene	0	0	0	0.0000	0.0000	0.0000
ENSG00000237008.2	LAPTM4BP1	processed_pseudogene	0	0	0	0.0000	0.0000	0.0000
ENSG00000237009.2	GLIS3-AS1	lncRNA	0	0	0	0.0000	0.0000	0.0000
ENSG00000237011.1	AL357793.2	lncRNA	0	0	0	0.0000	0.0000	0.0000
ENSG00000237013.1	LINC01812	lncRNA	11	7	4	1.2884	0.3774	0.3634
ENSG00000237014.1	LRRFIP2P1	processed_pseudogene	0	0	0	0.0000	0.0000	0.0000
ENSG00000237015.1	AL031186.1	lncRNA	14	10	10	3.0880	0.9045	0.8710
ENSG00000237016.1	AC013410.1	processed_pseudogene	0	0	0	0.0000	0.0000	0.0000
ENSG00000237017.1	AC245052.4	lncRNA	6	801	826	0.1225	0.0359	0.0346
ENSG00000237019.1	AC004470.1	lncRNA	0	0	0	0.0000	0.0000	0.0000
ENSG00000237020.1	IGHD1-20	IG_D_gene	0	0	0	0.0000	0.0000	0.0000
ENSG00000237023.1	USP9YP3	unprocessed_pseudogene	0	0	0	0.0000	0.0000	0.0000
ENSG00000237024.1	RPL21P33	processed_pseudogene	0	0	0	0.0000	0.0000	0.0000
ENSG00000237025.1	AL121601.2	processed_pseudogene	1	0	1	0.1201	0.0352	0.0339
ENSG00000237026.1	AC104073.2	processed_pseudogene	0	0	0	0.0000	0.0000	0.0000
ENSG00000237027.1	AL159174.1	lncRNA	0	9	18	0.0000	0.0000	0.0000
ENSG00000237031.7	AC008067.1	lncRNA	0	8	14	0.0000	0.0000	0.0000
ENSG00000237032.1	RPSAP7	processed_pseudogene	2	1	1	0.1919	0.0562	0.0541
ENSG00000237033.2	CASP3P1	processed_pseudogene	0	0	0	0.0000	0.0000	0.0000
ENSG00000237035.1	AC020719.1	lncRNA	1	1	0	0.1374	0.0403	0.0388
ENSG00000237036.5	ZEB1-AS1	lncRNA	74	43	43	1.6276	0.4767	0.4591
ENSG00000237037.9	NDUFA6-DT	lncRNA	59	29	35	0.9624	0.2819	0.2715
ENSG00000237038.5	USP17L8	protein_coding	0	0	0	0.0000	0.0000	0.0000
ENSG00000237039.1	RPS28P4	processed_pseudogene	199	93	106	80.4722	23.5716	22.6977
ENSG00000237040.6	DPH3P2	processed_pseudogene	0	0	0	0.0000	0.0000	0.0000
ENSG00000237040.6_PAR_Y	DPH3P2	processed_pseudogene	0	0	0	0.0000	0.0000	0.0000
ENSG00000237041.1	RPL27P8	processed_pseudogene	0	0	0	0.0000	0.0000	0.0000
ENSG00000237042.1	MICG	unprocessed_pseudogene	0	0	0	0.0000	0.0000	0.0000
ENSG00000237048.4	TTTY12	lncRNA	0	0	0	0.0000	0.0000	0.0000
ENSG00000237049.1	RPL34P1	processed_pseudogene	0	0	0	0.0000	0.0000	0.0000
ENSG00000237053.1	FUCA1P1	processed_pseudogene	0	0	0	0.0000	0.0000	0.0000
ENSG00000237054.9	PRMT5-AS1	lncRNA	4	1357	1385	0.1063	0.0312	0.0300
ENSG00000237055.1	MTCO1P48	processed_pseudogene	0	0	0	0.0000	0.0000	0.0000
ENSG00000237057.3	LINC02087	lncRNA	0	0	0	0.0000	0.0000	0.0000
ENSG00000237058.1	MMEL1-AS1	lncRNA	0	2	0	0.0000	0.0000	0.0000
ENSG00000237061.1	AC100823.1	lncRNA	0	0	0	0.0000	0.0000	0.0000
ENSG00000237062.2	AL512649.2	lncRNA	1	1	0	0.1097	0.0321	0.0309
ENSG00000237063.1	AL035420.2	lncRNA	0	0	0	0.0000	0.0000	0.0000
ENSG00000237064.1	EIF3IP1	processed_pseudogene	2	0	2	0.1756	0.0514	0.0495
ENSG00000237065.2	NANOGP4	transcribed_processed_pseudogene	0	0	0	0.0000	0.0000	0.0000
ENSG00000237068.1	RPL5P2	processed_pseudogene	0	0	0	0.0000	0.0000	0.0000
ENSG00000237070.1	AC005550.2	lncRNA	10	4	6	0.2269	0.0665	0.0640
ENSG00000237072.1	AL161727.1	processed_pseudogene	0	0	0	0.0000	0.0000	0.0000
ENSG00000237073.1	AL162727.2	lncRNA	1	0	1	0.2150	0.0630	0.0606
ENSG00000237074.2	AL596218.1	lncRNA	49	26	23	3.2920	0.9643	0.9285
ENSG00000237076.1	AL035706.1	lncRNA	0	0	0	0.0000	0.0000	0.0000
ENSG00000237077.1	RPL38P2	transcribed_processed_pseudogene	2	1	1	0.4063	0.1190	0.1146
ENSG00000237080.3	EHMT2-AS1	lncRNA	0	379	424	0.0000	0.0000	0.0000
ENSG00000237082.1	COX5BP6	processed_pseudogene	1	1	0	0.4025	0.1179	0.1135
ENSG00000237083.1	AL162725.1	processed_pseudogene	0	0	0	0.0000	0.0000	0.0000
ENSG00000237085.2	AC127391.1	processed_pseudogene	0	0	0	0.0000	0.0000	0.0000
ENSG00000237087.1	AC068134.2	lncRNA	0	0	0	0.0000	0.0000	0.0000
ENSG00000237088.1	AL163193.1	processed_pseudogene	1	0	1	0.1078	0.0316	0.0304
ENSG00000237089.2	PCNPP4	processed_pseudogene	0	0	0	0.0000	0.0000	0.0000
ENSG00000237090.1	MKRN8P	processed_pseudogene	0	0	0	0.0000	0.0000	0.0000
ENSG00000237092.2	LINC01065	lncRNA	0	0	0	0.0000	0.0000	0.0000
ENSG00000237094.12	AL732372.2	transcribed_unprocessed_pseudogene	3	5	0	0.0411	0.0120	0.0116
ENSG00000237099.1	GYG1P2	processed_pseudogene	0	0	0	0.0000	0.0000	0.0000
ENSG00000237101.1	AC092809.4	lncRNA	0	61	78	0.0000	0.0000	0.0000
ENSG00000237106.2	FABP5P15	processed_pseudogene	0	0	0	0.0000	0.0000	0.0000
ENSG00000237107.3	AL591473.1	processed_pseudogene	1	0	1	0.2713	0.0795	0.0765
ENSG00000237109.1	RPL21P111	processed_pseudogene	0	0	0	0.0000	0.0000	0.0000
ENSG00000237110.2	TAAR9	protein_coding	0	0	0	0.0000	0.0000	0.0000
ENSG00000237111.1	IGHJ3P	IG_J_pseudogene	20	8	12	33.9682	9.9498	9.5809
ENSG00000237115.2	AL139805.1	processed_pseudogene	3	3	0	0.1047	0.0307	0.0295
ENSG00000237118.3	CYP2F2P	transcribed_processed_pseudogene	13	6	8	0.7136	0.2090	0.2013
ENSG00000237119.1	LINC01056	lncRNA	0	0	0	0.0000	0.0000	0.0000
ENSG00000237121.1	PIEZO1P2	unprocessed_pseudogene	0	0	0	0.0000	0.0000	0.0000
ENSG00000237124.1	MTND2P11	unprocessed_pseudogene	0	0	0	0.0000	0.0000	0.0000
ENSG00000237125.11	HAND2-AS1	lncRNA	1	1	0	0.0040	0.0012	0.0011
ENSG00000237126.8	AC073254.1	lncRNA	25	367	366	0.5699	0.1669	0.1608
ENSG00000237127.1	AC245028.2	unprocessed_pseudogene	0	0	0	0.0000	0.0000	0.0000
ENSG00000237128.1	LINC02652	lncRNA	0	0	0	0.0000	0.0000	0.0000
ENSG00000237129.1	MTCYBP34	processed_pseudogene	0	0	0	0.0000	0.0000	0.0000
ENSG00000237130.1	MRPS6P2	processed_pseudogene	0	0	0	0.0000	0.0000	0.0000
ENSG00000237131.1	AL021397.1	processed_pseudogene	0	0	0	0.0000	0.0000	0.0000
ENSG00000237133.1	RASGRP3-AS1	lncRNA	2	9	11	0.5025	0.1472	0.1417
ENSG00000237135.1	DDX10P1	processed_pseudogene	1	1	0	0.0439	0.0129	0.0124
ENSG00000237136.8	C4orf51	protein_coding	0	0	0	0.0000	0.0000	0.0000
ENSG00000237137.1	AL159169.1	processed_pseudogene	0	0	0	0.0000	0.0000	0.0000
ENSG00000237138.1	HUNK-AS1	lncRNA	0	0	0	0.0000	0.0000	0.0000
ENSG00000237139.1	RPS26P41	processed_pseudogene	1	1	0	0.2990	0.0876	0.0843
ENSG00000237140.2	HSPE1P16	processed_pseudogene	0	0	0	0.0000	0.0000	0.0000
ENSG00000237141.1	DNAJC19P1	processed_pseudogene	0	0	0	0.0000	0.0000	0.0000
ENSG00000237148.1	HIGD1AP2	processed_pseudogene	0	0	0	0.0000	0.0000	0.0000
ENSG00000237149.5	ZNF503-AS2	lncRNA	361	182	192	9.1566	2.6821	2.5827
ENSG00000237153.4	AL162725.2	lncRNA	115	55	60	2.3618	0.6918	0.6661
ENSG00000237154.2	MCFD2P1	processed_pseudogene	0	0	0	0.0000	0.0000	0.0000
ENSG00000237158.1	AL353718.1	processed_pseudogene	1	1	0	0.1643	0.0481	0.0463
ENSG00000237159.6	CNTFR-AS1	lncRNA	0	0	0	0.0000	0.0000	0.0000
ENSG00000237160.2	AC004022.2	processed_pseudogene	0	0	0	0.0000	0.0000	0.0000
ENSG00000237161.4	AC068446.1	processed_pseudogene	2	0	2	0.1096	0.0321	0.0309
ENSG00000237162.1	RPS20P9	processed_pseudogene	1	1	0	0.2314	0.0678	0.0653
ENSG00000237163.1	AC099794.2	processed_pseudogene	0	0	0	0.0000	0.0000	0.0000
ENSG00000237164.1	SLC25A15P2	unprocessed_pseudogene	0	0	0	0.0000	0.0000	0.0000
ENSG00000237166.2	LINC01792	lncRNA	0	0	0	0.0000	0.0000	0.0000
ENSG00000237167.1	AC128709.3	lncRNA	0	0	0	0.0000	0.0000	0.0000
ENSG00000237169.1	RPL12P27	processed_pseudogene	1	0	1	0.1712	0.0502	0.0483
ENSG00000237170.3	RPS7P15	processed_pseudogene	0	0	0	0.0000	0.0000	0.0000
ENSG00000237171.1	AC005297.3	unprocessed_pseudogene	0	0	0	0.0000	0.0000	0.0000
ENSG00000237172.4	B3GNT9	protein_coding	939	777	772	29.5116	8.6444	8.3239
ENSG00000237173.1	AC099796.1	processed_pseudogene	0	0	0	0.0000	0.0000	0.0000
ENSG00000237174.7	AL445465.1	lncRNA	0	2	3	0.0000	0.0000	0.0000
ENSG00000237175.1	NME1P1	processed_pseudogene	0	0	0	0.0000	0.0000	0.0000
ENSG00000237176.4	AC079905.1	processed_pseudogene	3	0	3	0.5363	0.1571	0.1513
ENSG00000237178.2	H3P7	processed_pseudogene	0	0	0	0.0000	0.0000	0.0000
ENSG00000237179.6	LINC01797	lncRNA	0	0	0	0.0000	0.0000	0.0000
ENSG00000237180.1	CYP46A4P	processed_pseudogene	0	0	0	0.0000	0.0000	0.0000
ENSG00000237181.1	PRKAR1B-AS1	lncRNA	19	12	7	2.2072	0.6465	0.6226
ENSG00000237182.1	BX276092.6	processed_pseudogene	0	0	0	0.0000	0.0000	0.0000
ENSG00000237183.1	KRTAP9-10P	unprocessed_pseudogene	0	0	0	0.0000	0.0000	0.0000
ENSG00000237185.1	VN1R66P	unprocessed_pseudogene	0	0	0	0.0000	0.0000	0.0000
ENSG00000237186.1	AC092418.1	processed_pseudogene	0	0	0	0.0000	0.0000	0.0000
ENSG00000237187.9	NR2F1-AS1	lncRNA	483	266	280	1.8049	0.5287	0.5091
ENSG00000237188.5	AC242426.2	lncRNA	5	3	2	0.1026	0.0300	0.0289
ENSG00000237190.4	CDKN2AIPNL	protein_coding	1156	584	574	55.7140	16.3195	15.7145
ENSG00000237193.1	AL451054.2	processed_pseudogene	0	0	0	0.0000	0.0000	0.0000
ENSG00000237194.1	SNAI1P1	processed_pseudogene	1	0	1	0.1093	0.0320	0.0308
ENSG00000237195.1	DLGAP5P1	processed_pseudogene	0	0	0	0.0000	0.0000	0.0000
ENSG00000237197.1	IGHD1-7	IG_D_gene	0	0	0	0.0000	0.0000	0.0000
ENSG00000237200.1	ZBTB40-IT1	lncRNA	4	1	3	1.2443	0.3645	0.3509
ENSG00000237202.1	AJ239321.1	processed_pseudogene	0	0	0	0.0000	0.0000	0.0000
ENSG00000237205.1	RPL7P34	processed_pseudogene	0	0	0	0.0000	0.0000	0.0000
ENSG00000237206.1	IMPDH1P4	processed_pseudogene	1	1	0	0.0554	0.0162	0.0156
ENSG00000237207.2	RBM17P3	processed_pseudogene	0	0	0	0.0000	0.0000	0.0000
ENSG00000237208.1	AL445072.1	lncRNA	0	0	0	0.0000	0.0000	0.0000
ENSG00000237210.1	AC073324.1	processed_pseudogene	0	0	0	0.0000	0.0000	0.0000
ENSG00000237211.2	SETP4	processed_pseudogene	0	0	0	0.0000	0.0000	0.0000
ENSG00000237212.2	AL449403.1	lncRNA	103	52	51	3.9382	1.1536	1.1108
ENSG00000237213.2	RPL23AP22	processed_pseudogene	0	0	0	0.0000	0.0000	0.0000
ENSG00000237214.3	AL080243.2	processed_pseudogene	46	32	16	6.7119	1.9660	1.8931
ENSG00000237215.3	DEFB131D	unprocessed_pseudogene	0	0	0	0.0000	0.0000	0.0000
ENSG00000237217.1	AC008074.1	processed_pseudogene	0	0	0	0.0000	0.0000	0.0000
ENSG00000237220.1	AC104777.2	lncRNA	1	1	0	0.1558	0.0456	0.0439
ENSG00000237221.1	PPEF1-AS1	lncRNA	0	0	0	0.0000	0.0000	0.0000
ENSG00000237222.4	LINC01968	lncRNA	9	4	6	0.0755	0.0221	0.0213
ENSG00000237223.6	SULT1C2P1	transcribed_unprocessed_pseudogene	0	0	0	0.0000	0.0000	0.0000
ENSG00000237224.4	AL157832.2	lncRNA	0	0	0	0.0000	0.0000	0.0000
ENSG00000237225.2	OR13K1P	unprocessed_pseudogene	0	0	0	0.0000	0.0000	0.0000
ENSG00000237226.1	RPS3AP39	processed_pseudogene	3	2	1	0.3287	0.0963	0.0927
ENSG00000237227.1	AL162739.1	processed_pseudogene	0	0	0	0.0000	0.0000	0.0000
ENSG00000237230.1	KRTAP2-5P	unprocessed_pseudogene	0	0	0	0.0000	0.0000	0.0000
ENSG00000237232.9	ZNF295-AS1	lncRNA	43	40	46	0.5055	0.1481	0.1426
ENSG00000237233.2	TMEM26-AS1	lncRNA	0	1	2	0.0000	0.0000	0.0000
ENSG00000237234.7	Z99289.1	lncRNA	5	500	486	0.2814	0.0824	0.0794
ENSG00000237235.2	TRDD2	TR_D_gene	0	0	0	0.0000	0.0000	0.0000
ENSG00000237236.1	AC023141.10	unprocessed_pseudogene	0	0	0	0.0000	0.0000	0.0000
ENSG00000237238.3	BMS1P10	transcribed_unprocessed_pseudogene	2	1	1	0.1064	0.0312	0.0300
ENSG00000237242.1	BTF3P15	processed_pseudogene	0	0	0	0.0000	0.0000	0.0000
ENSG00000237243.1	CREB3L2-AS1	lncRNA	0	0	0	0.0000	0.0000	0.0000
ENSG00000237247.6	MBD3L5	protein_coding	0	0	0	0.0000	0.0000	0.0000
ENSG00000237248.5	LINC00987	lncRNA	7	20	26	0.2205	0.0646	0.0622
ENSG00000237249.1	Z99127.2	processed_pseudogene	0	0	0	0.0000	0.0000	0.0000
ENSG00000237250.3	AL359924.1	lncRNA	0	0	0	0.0000	0.0000	0.0000
ENSG00000237251.2	AC004987.2	unprocessed_pseudogene	0	0	0	0.0000	0.0000	0.0000
ENSG00000237252.1	MMADHCP1	processed_pseudogene	1	1	0	0.1842	0.0540	0.0520
ENSG00000237254.2	TRBV30	TR_V_gene	8	4	4	1.5198	0.4452	0.4287
ENSG00000237256.1	PGAM3P	processed_pseudogene	0	0	0	0.0000	0.0000	0.0000
ENSG00000237257.1	MTND2P8	unprocessed_pseudogene	0	0	0	0.0000	0.0000	0.0000
ENSG00000237259.1	ZNF133-AS1	lncRNA	0	15	22	0.0000	0.0000	0.0000
ENSG00000237260.1	PPIAP67	processed_pseudogene	0	0	0	0.0000	0.0000	0.0000
ENSG00000237261.2	Metazoa_SRP	misc_RNA	0	0	0	0.0000	0.0000	0.0000
ENSG00000237262.1	AC068492.1	lncRNA	0	0	0	0.0000	0.0000	0.0000
ENSG00000237263.1	MAPK6P3	processed_pseudogene	2	1	1	0.0786	0.0230	0.0222
ENSG00000237264.4	FTH1P11	processed_pseudogene	35	63	28	5.3942	1.5801	1.5215
ENSG00000237265.6	BX276092.7	transcribed_unprocessed_pseudogene	1	1	0	0.0426	0.0125	0.0120
ENSG00000237266.2	LINC01810	lncRNA	0	0	0	0.0000	0.0000	0.0000
ENSG00000237267.1	LINC01519	lncRNA	0	0	0	0.0000	0.0000	0.0000
ENSG00000237268.2	AC092447.7	transcribed_unprocessed_pseudogene	0	0	0	0.0000	0.0000	0.0000
ENSG00000237269.1	RBMY2TP	unprocessed_pseudogene	0	0	0	0.0000	0.0000	0.0000
ENSG00000237271.2	AC009498.1	lncRNA	12	4	8	0.9533	0.2792	0.2689
ENSG00000237272.2	OR51R1P	unitary_pseudogene	0	0	0	0.0000	0.0000	0.0000
ENSG00000237273.1	RSL24D1P8	processed_pseudogene	1	0	1	0.1726	0.0506	0.0487
ENSG00000237274.2	GTF3AP1	processed_pseudogene	0	0	0	0.0000	0.0000	0.0000
ENSG00000237275.1	S100A11P10	processed_pseudogene	0	0	0	0.0000	0.0000	0.0000
ENSG00000237276.8	ANO7L1	transcribed_unprocessed_pseudogene	181	99	82	7.7239	2.2625	2.1786
ENSG00000237278.2	RLIMP2	processed_pseudogene	0	22	23	0.0000	0.0000	0.0000
ENSG00000237279.2	H3P2	processed_pseudogene	0	0	0	0.0000	0.0000	0.0000
ENSG00000237280.1	AL136982.3	lncRNA	0	0	0	0.0000	0.0000	0.0000
ENSG00000237281.1	CATIP-AS2	lncRNA	1	1	0	0.1587	0.0465	0.0448
ENSG00000237282.3	LINC00851	lncRNA	0	0	0	0.0000	0.0000	0.0000
ENSG00000237283.2	AL691515.1	lncRNA	0	0	0	0.0000	0.0000	0.0000
ENSG00000237285.1	HNRNPA1P2	processed_pseudogene	3	1	5	0.2654	0.0777	0.0749
ENSG00000237286.1	CARD11-AS1	lncRNA	1	12	19	0.0876	0.0257	0.0247
ENSG00000237289.10	CKMT1B	protein_coding	0	0	0	0.0000	0.0000	0.0000
ENSG00000237290.2	LINC01343	lncRNA	0	0	0	0.0000	0.0000	0.0000
ENSG00000237292.1	LINC01732	lncRNA	4	3	1	0.5093	0.1492	0.1436
ENSG00000237293.1	AC007099.2	lncRNA	1	0	1	0.2527	0.0740	0.0713
ENSG00000237294.1	EIF4BP9	processed_pseudogene	3	1	2	0.1684	0.0493	0.0475
ENSG00000237296.9	SMG1P1	transcribed_unprocessed_pseudogene	7	12	9	0.0844	0.0247	0.0238
ENSG00000237297.1	AL713922.1	unprocessed_pseudogene	0	0	0	0.0000	0.0000	0.0000
ENSG00000237298.10	TTN-AS1	lncRNA	87	276	245	0.2896	0.0848	0.0817
ENSG00000237299.1	AP000534.2	unprocessed_pseudogene	0	0	0	0.0000	0.0000	0.0000
ENSG00000237300.2	MTCO1P19	processed_pseudogene	0	0	0	0.0000	0.0000	0.0000
ENSG00000237301.1	AL121992.1	lncRNA	4	2	2	0.1194	0.0350	0.0337
ENSG00000237302.1	OFD1P11Y	unprocessed_pseudogene	0	0	0	0.0000	0.0000	0.0000
ENSG00000237303.2	HIGD1AP8	processed_pseudogene	0	0	0	0.0000	0.0000	0.0000
ENSG00000237306.1	HSPE1P22	processed_pseudogene	0	0	0	0.0000	0.0000	0.0000
ENSG00000237307.2	SRRM1P3	processed_pseudogene	0	0	0	0.0000	0.0000	0.0000
ENSG00000237308.1	AC009237.10	processed_pseudogene	0	0	0	0.0000	0.0000	0.0000
ENSG00000237309.1	MTND2P6	unprocessed_pseudogene	0	0	0	0.0000	0.0000	0.0000
ENSG00000237310.2	GS1-124K5.4	lncRNA	71	37	34	4.7776	1.3994	1.3476
ENSG00000237311.3	AL034397.1	lncRNA	0	0	0	0.0000	0.0000	0.0000
ENSG00000237312.2	AL358134.1	lncRNA	0	0	0	0.0000	0.0000	0.0000
ENSG00000237314.2	RPL12P39	transcribed_processed_pseudogene	0	0	0	0.0000	0.0000	0.0000
ENSG00000237316.1	Z82196.2	lncRNA	0	0	0	0.0000	0.0000	0.0000
ENSG00000237317.2	AL022400.1	processed_pseudogene	0	0	0	0.0000	0.0000	0.0000
ENSG00000237319.1	AL118496.1	processed_pseudogene	0	0	0	0.0000	0.0000	0.0000
ENSG00000237320.2	AC019064.1	lncRNA	0	0	0	0.0000	0.0000	0.0000
ENSG00000237321.1	AL354936.1	lncRNA	0	0	0	0.0000	0.0000	0.0000
ENSG00000237322.1	RPL7L1P10	processed_pseudogene	0	0	0	0.0000	0.0000	0.0000
ENSG00000237323.1	AC245036.3	unprocessed_pseudogene	0	0	0	0.0000	0.0000	0.0000
ENSG00000237324.3	AC093158.1	lncRNA	4	8	14	0.2413	0.0707	0.0680
ENSG00000237325.3	AP000563.1	processed_pseudogene	0	0	0	0.0000	0.0000	0.0000
ENSG00000237326.1	AC113608.1	lncRNA	0	0	0	0.0000	0.0000	0.0000
ENSG00000237327.1	UPP2-IT1	lncRNA	0	0	0	0.0000	0.0000	0.0000
ENSG00000237328.1	RAI1-AS1	lncRNA	0	0	0	0.0000	0.0000	0.0000
ENSG00000237329.2	AL356320.2	processed_pseudogene	0	0	0	0.0000	0.0000	0.0000
ENSG00000237330.3	RNF223	protein_coding	0	0	0	0.0000	0.0000	0.0000
ENSG00000237331.1	XIAP-AS1	lncRNA	0	0	0	0.0000	0.0000	0.0000
ENSG00000237336.1	AL445489.1	lncRNA	0	0	0	0.0000	0.0000	0.0000
ENSG00000237337.1	ELAVL4-AS1	lncRNA	0	0	0	0.0000	0.0000	0.0000
ENSG00000237338.1	FTCD-AS1	lncRNA	0	0	1	0.0000	0.0000	0.0000
ENSG00000237339.5	LINC01502	lncRNA	8	4	4	0.2474	0.0725	0.0698
ENSG00000237341.1	SYP-AS1	lncRNA	0	4	2	0.0000	0.0000	0.0000
ENSG00000237342.1	AL132796.1	lncRNA	0	0	0	0.0000	0.0000	0.0000
ENSG00000237343.1	AC246785.3	lncRNA	0	1	1	0.0000	0.0000	0.0000
ENSG00000237345.1	AC245047.4	processed_pseudogene	0	0	0	0.0000	0.0000	0.0000
ENSG00000237346.2	AL080313.2	lncRNA	2	1	1	0.2115	0.0620	0.0597
ENSG00000237347.2	AC004461.1	processed_pseudogene	11	6	5	2.3179	0.6790	0.6538
ENSG00000237349.1	BX679664.2	processed_pseudogene	0	0	0	0.0000	0.0000	0.0000
ENSG00000237350.1	CDC42P6	processed_pseudogene	36	17	19	5.3075	1.5547	1.4970
ENSG00000237351.1	ITPK1P1	processed_pseudogene	0	0	0	0.0000	0.0000	0.0000
ENSG00000237352.4	LINC01358	lncRNA	44	18	26	0.4416	0.1293	0.1245
ENSG00000237353.7	PATE4	protein_coding	1	1	0	0.0294	0.0086	0.0083
ENSG00000237354.1	OR52S1P	unprocessed_pseudogene	0	0	0	0.0000	0.0000	0.0000
ENSG00000237356.7	AL365295.1	lncRNA	72	36	36	0.4229	0.1239	0.1193
ENSG00000237357.2	BX088651.4	lncRNA	0	0	2	0.0000	0.0000	0.0000
ENSG00000237358.1	AC007064.1	processed_pseudogene	0	0	0	0.0000	0.0000	0.0000
ENSG00000237359.2	AL354977.2	lncRNA	0	0	0	0.0000	0.0000	0.0000
ENSG00000237360.2	CHCHD4P2	processed_pseudogene	0	0	0	0.0000	0.0000	0.0000
ENSG00000237361.3	TUSC8	lncRNA	0	0	0	0.0000	0.0000	0.0000
ENSG00000237363.1	AP006288.1	unprocessed_pseudogene	0	0	0	0.0000	0.0000	0.0000
ENSG00000237365.1	AL512330.1	lncRNA	0	0	0	0.0000	0.0000	0.0000
ENSG00000237370.1	AC010907.2	lncRNA	0	0	0	0.0000	0.0000	0.0000
ENSG00000237371.1	AL355803.1	lncRNA	1	0	1	0.4517	0.1323	0.1274
ENSG00000237372.4	UNQ6494	lncRNA	6	3	3	0.1523	0.0446	0.0430
ENSG00000237373.1	BRWD1-IT1	lncRNA	0	0	0	0.0000	0.0000	0.0000
ENSG00000237377.2	AC005703.1	lncRNA	0	0	0	0.0000	0.0000	0.0000
ENSG00000237378.3	AL445989.1	protein_coding	0	0	0	0.0000	0.0000	0.0000
ENSG00000237379.1	CBX1P3	processed_pseudogene	1	0	1	0.1611	0.0472	0.0455
ENSG00000237380.7	HOXD-AS2	lncRNA	42	113	112	1.7222	0.5045	0.4858
ENSG00000237381.2	NT5DC1P1	processed_pseudogene	0	0	0	0.0000	0.0000	0.0000
ENSG00000237382.2	RPL21P121	processed_pseudogene	0	0	0	0.0000	0.0000	0.0000
ENSG00000237383.1	CNN2P11	processed_pseudogene	0	0	0	0.0000	0.0000	0.0000
ENSG00000237385.1	AL583839.1	lncRNA	0	0	0	0.0000	0.0000	0.0000
ENSG00000237387.1	AL022329.2	lncRNA	0	0	0	0.0000	0.0000	0.0000
ENSG00000237388.2	OR4A47	protein_coding	0	0	0	0.0000	0.0000	0.0000
ENSG00000237389.1	AL645634.2	lncRNA	0	0	0	0.0000	0.0000	0.0000
ENSG00000237390.1	AL139130.1	lncRNA	0	0	0	0.0000	0.0000	0.0000
ENSG00000237396.1	LNCNEF	lncRNA	0	0	0	0.0000	0.0000	0.0000
ENSG00000237398.1	HLA-DPA3	unprocessed_pseudogene	2	2	0	0.7417	0.2172	0.2092
ENSG00000237399.7	PITRM1-AS1	lncRNA	12	819	849	0.2332	0.0683	0.0658
ENSG00000237400.1	AC006960.2	lncRNA	1	0	1	0.1599	0.0468	0.0451
ENSG00000237401.8	LINC01304	lncRNA	0	0	0	0.0000	0.0000	0.0000
ENSG00000237402.1	CAMTA1-IT1	lncRNA	0	0	0	0.0000	0.0000	0.0000
ENSG00000237406.1	NDUFA9P1	processed_pseudogene	3	2	1	0.2245	0.0657	0.0633
ENSG00000237407.1	AP000552.2	lncRNA	0	0	0	0.0000	0.0000	0.0000
ENSG00000237408.1	ART2BP	unprocessed_pseudogene	0	0	0	0.0000	0.0000	0.0000
ENSG00000237409.2	AL513302.1	processed_pseudogene	0	0	0	0.0000	0.0000	0.0000
ENSG00000237410.1	NRXN2-AS1	lncRNA	0	0	0	0.0000	0.0000	0.0000
ENSG00000237412.7	PRSS56	protein_coding	0	0	0	0.0000	0.0000	0.0000
ENSG00000237413.5	MGC27382	lncRNA	0	0	0	0.0000	0.0000	0.0000
ENSG00000237414.2	AL365204.2	lncRNA	0	0	0	0.0000	0.0000	0.0000
ENSG00000237415.2	NRBF2P3	processed_pseudogene	2	0	2	0.1963	0.0575	0.0554
ENSG00000237417.1	XRCC6P1	processed_pseudogene	6	5	1	0.2823	0.0827	0.0796
ENSG00000237418.1	AC069257.2	processed_pseudogene	1	0	1	0.5479	0.1605	0.1545
ENSG00000237419.1	AL954642.1	lncRNA	5	4	1	0.7892	0.2312	0.2226
ENSG00000237422.2	AL158071.3	lncRNA	0	2	2	0.0000	0.0000	0.0000
ENSG00000237423.3	LINC01522	lncRNA	1	2	1	0.0211	0.0062	0.0060
ENSG00000237424.1	FOXD2-AS1	lncRNA	280	137	143	9.4770	2.7760	2.6730
ENSG00000237425.1	RPSAP2	processed_pseudogene	0	0	0	0.0000	0.0000	0.0000
ENSG00000237426.1	ZIK1P1	processed_pseudogene	0	0	0	0.0000	0.0000	0.0000
ENSG00000237427.1	TOMM22P1	processed_pseudogene	0	0	0	0.0000	0.0000	0.0000
ENSG00000237428.1	ASH2LP2	processed_pseudogene	0	0	0	0.0000	0.0000	0.0000
ENSG00000237429.1	BX293535.1	lncRNA	1	1	0	0.3001	0.0879	0.0846
ENSG00000237432.2	RPS7P12	processed_pseudogene	2	2	0	0.2918	0.0855	0.0823
ENSG00000237433.1	RPSAP11	processed_pseudogene	1	0	1	0.0964	0.0282	0.0272
ENSG00000237434.1	AL512635.1	processed_pseudogene	0	0	0	0.0000	0.0000	0.0000
ENSG00000237435.10	LINC02790	lncRNA	0	0	0	0.0000	0.0000	0.0000
ENSG00000237436.1	CAMTA1-DT	lncRNA	1	0	1	0.2046	0.0599	0.0577
ENSG00000237437.1	ASS1P12	processed_pseudogene	0	5	7	0.0000	0.0000	0.0000
ENSG00000237438.7	CECR7	transcribed_unprocessed_pseudogene	817	399	418	15.5805	4.5638	4.3946
ENSG00000237439.1	Z83839.1	transcribed_unprocessed_pseudogene	0	0	0	0.0000	0.0000	0.0000
ENSG00000237440.9	ZNF737	protein_coding	49	29	21	0.4635	0.1358	0.1307
ENSG00000237441.10	RGL2	protein_coding	854	472	454	17.4374	5.1077	4.9183
ENSG00000237442.3	HNRNPA1P57	transcribed_processed_pseudogene	1	0	1	0.0668	0.0196	0.0188
ENSG00000237443.1	OR13D2P	unprocessed_pseudogene	0	0	0	0.0000	0.0000	0.0000
ENSG00000237444.1	AP001342.1	processed_pseudogene	0	0	0	0.0000	0.0000	0.0000
ENSG00000237445.2	AL359771.1	lncRNA	0	0	0	0.0000	0.0000	0.0000
ENSG00000237446.1	RHEBP3	processed_pseudogene	0	0	0	0.0000	0.0000	0.0000
ENSG00000237447.1	CDC27P2	processed_pseudogene	0	0	0	0.0000	0.0000	0.0000
ENSG00000237449.1	TAAR4P	unprocessed_pseudogene	0	0	0	0.0000	0.0000	0.0000
ENSG00000237450.5	RPL23AP71	processed_pseudogene	1	1	0	0.1811	0.0530	0.0511
ENSG00000237451.3	CDK2AP2P2	processed_pseudogene	0	0	0	0.0000	0.0000	0.0000
ENSG00000237452.3	BHMG1	protein_coding	38	22	16	1.2566	0.3681	0.3544
ENSG00000237453.1	AC096536.1	lncRNA	0	0	0	0.0000	0.0000	0.0000
ENSG00000237456.3	ID2B	processed_pseudogene	0	0	0	0.0000	0.0000	0.0000
ENSG00000237457.6	LINC01351	lncRNA	0	0	0	0.0000	0.0000	0.0000
ENSG00000237458.1	TUBB4BP3	processed_pseudogene	0	0	0	0.0000	0.0000	0.0000
ENSG00000237460.3	LINC01661	lncRNA	0	0	0	0.0000	0.0000	0.0000
ENSG00000237461.2	AL359710.1	lncRNA	0	0	0	0.0000	0.0000	0.0000
ENSG00000237463.6	LRRC52-AS1	lncRNA	6	4	3	0.1172	0.0343	0.0331
ENSG00000237464.1	AL031663.2	lncRNA	0	0	0	0.0000	0.0000	0.0000
ENSG00000237466.1	MTCO3P41	unprocessed_pseudogene	0	0	0	0.0000	0.0000	0.0000
ENSG00000237467.1	USP9YP35	unprocessed_pseudogene	0	0	0	0.0000	0.0000	0.0000
ENSG00000237468.2	AL359547.1	lncRNA	0	0	0	0.0000	0.0000	0.0000
ENSG00000237469.2	TUBB8P10	unprocessed_pseudogene	0	0	0	0.0000	0.0000	0.0000
ENSG00000237470.3	DCLRE1CP1	unprocessed_pseudogene	3	2	1	0.5420	0.1588	0.1529
ENSG00000237471.2	AC073115.2	lncRNA	0	0	0	0.0000	0.0000	0.0000
ENSG00000237472.1	AC245054.2	processed_pseudogene	0	0	0	0.0000	0.0000	0.0000
ENSG00000237473.2	AC068759.1	lncRNA	2	0	2	0.1390	0.0407	0.0392
ENSG00000237475.2	RPL7P53	processed_pseudogene	0	0	0	0.0000	0.0000	0.0000
ENSG00000237476.1	LINC01637	lncRNA	56	26	30	6.9526	2.0365	1.9610
ENSG00000237477.1	AC093911.1	lncRNA	0	0	0	0.0000	0.0000	0.0000
ENSG00000237478.2	AL390023.1	processed_pseudogene	0	0	0	0.0000	0.0000	0.0000
ENSG00000237479.1	AC007557.4	lncRNA	0	0	0	0.0000	0.0000	0.0000
ENSG00000237480.3	AL355306.2	lncRNA	0	0	0	0.0000	0.0000	0.0000
ENSG00000237481.1	AL117350.1	lncRNA	1	40	18	0.1327	0.0389	0.0374
ENSG00000237483.1	RPS27AP8	processed_pseudogene	1	1	0	0.1908	0.0559	0.0538
ENSG00000237484.6	LINC01684	lncRNA	12	5	7	0.1071	0.0314	0.0302
ENSG00000237487.1	VN1R48P	processed_pseudogene	0	0	0	0.0000	0.0000	0.0000
ENSG00000237489.5	C10orf143	protein_coding	45	21	24	0.5611	0.1643	0.1583
ENSG00000237490.3	RPS27AP17	processed_pseudogene	0	0	0	0.0000	0.0000	0.0000
ENSG00000237491.10	LINC01409	lncRNA	22	15	15	0.2221	0.0650	0.0626
ENSG00000237492.1	OR2L9P	unprocessed_pseudogene	0	0	0	0.0000	0.0000	0.0000
ENSG00000237493.3	AC034102.1	processed_pseudogene	36	20	27	5.0615	1.4826	1.4276
ENSG00000237494.1	AL360007.1	lncRNA	0	0	0	0.0000	0.0000	0.0000
ENSG00000237498.3	AC010105.1	lncRNA	0	0	0	0.0000	0.0000	0.0000
ENSG00000237499.7	WAKMAR2	lncRNA	52	30	22	1.0641	0.3117	0.3001
ENSG00000237500.1	AL713851.2	lncRNA	0	0	0	0.0000	0.0000	0.0000
ENSG00000237501.1	AC108667.1	processed_pseudogene	0	0	0	0.0000	0.0000	0.0000
ENSG00000237503.2	AC239798.2	processed_pseudogene	0	0	0	0.0000	0.0000	0.0000
ENSG00000237505.8	PKN2-AS1	lncRNA	2	1	1	0.0102	0.0030	0.0029
ENSG00000237506.3	RPSAP15	processed_pseudogene	14	8	6	1.3808	0.4045	0.3895
ENSG00000237510.7	GPAT2P1	transcribed_unprocessed_pseudogene	988	474	523	37.3726	10.9470	10.5412
ENSG00000237512.6	UNC5B-AS1	lncRNA	0	0	0	0.0000	0.0000	0.0000
ENSG00000237513.2	AC007384.1	lncRNA	16	7	9	0.5314	0.1556	0.1499
ENSG00000237514.3	PTP4A1P7	processed_pseudogene	1	1	0	0.1652	0.0484	0.0466
ENSG00000237515.9	SHISA9	protein_coding	1	0	1	0.0083	0.0024	0.0024
ENSG00000237517.10	DGCR5	transcribed_unprocessed_pseudogene	0	0	0	0.0000	0.0000	0.0000
ENSG00000237520.1	AL391832.1	lncRNA	0	15	15	0.0000	0.0000	0.0000
ENSG00000237521.3	OR7E24	protein_coding	0	0	0	0.0000	0.0000	0.0000
ENSG00000237522.1	NONOP2	processed_pseudogene	19	11	8	1.3107	0.3839	0.3697
ENSG00000237523.2	LINC00857	lncRNA	107	49	58	3.6216	1.0608	1.0215
ENSG00000237524.10	TEX51	protein_coding	0	0	0	0.0000	0.0000	0.0000
ENSG00000237525.7	AC012668.3	lncRNA	1	1	0	0.0271	0.0079	0.0076
ENSG00000237527.1	AF241725.1	lncRNA	1	1	0	0.1769	0.0518	0.0499
ENSG00000237528.1	UQCR10P1	processed_pseudogene	0	0	0	0.0000	0.0000	0.0000
ENSG00000237529.2	AL137847.2	lncRNA	9	5	4	0.5048	0.1479	0.1424
ENSG00000237530.2	AL136140.1	lncRNA	1	1	0	0.0466	0.0137	0.0131
ENSG00000237531.6	AL672277.1	lncRNA	0	0	0	0.0000	0.0000	0.0000
ENSG00000237531.6_PAR_Y	AL672277.1	lncRNA	0	0	0	0.0000	0.0000	0.0000
ENSG00000237532.1	AC012451.1	lncRNA	0	0	0	0.0000	0.0000	0.0000
ENSG00000237539.1	AC003669.1	processed_pseudogene	0	0	0	0.0000	0.0000	0.0000
ENSG00000237540.1	RPL36AP36	processed_pseudogene	5	4	1	1.4106	0.4132	0.3979
ENSG00000237541.4	HLA-DQA2	protein_coding	940	474	469	54.7498	16.0371	15.4425
ENSG00000237542.1	MTCO3P17	unprocessed_pseudogene	0	0	0	0.0000	0.0000	0.0000
ENSG00000237546.1	XKRYP6	unprocessed_pseudogene	0	0	0	0.0000	0.0000	0.0000
ENSG00000237547.1	IGHJ2P	IG_J_pseudogene	1	0	1	1.4153	0.4146	0.3992
ENSG00000237548.1	TTLL11-IT1	lncRNA	0	0	0	0.0000	0.0000	0.0000
ENSG00000237549.1	RPS6P3	processed_pseudogene	0	0	0	0.0000	0.0000	0.0000
ENSG00000237550.5	AC243919.1	transcribed_processed_pseudogene	2331	1284	1048	276.0803	80.8682	77.8701
ENSG00000237551.1	AC096775.1	processed_pseudogene	0	0	0	0.0000	0.0000	0.0000
ENSG00000237552.1	LINC02567	lncRNA	0	0	0	0.0000	0.0000	0.0000
ENSG00000237553.1	AL133547.1	processed_pseudogene	0	0	0	0.0000	0.0000	0.0000
ENSG00000237555.1	AL031681.1	processed_pseudogene	0	0	0	0.0000	0.0000	0.0000
ENSG00000237556.1	KCND3-AS1	lncRNA	0	0	0	0.0000	0.0000	0.0000
ENSG00000237557.1	YWHABP1	processed_pseudogene	0	0	0	0.0000	0.0000	0.0000
ENSG00000237558.1	CDY7P	unprocessed_pseudogene	0	0	0	0.0000	0.0000	0.0000
ENSG00000237560.7	LINC01497	lncRNA	0	0	0	0.0000	0.0000	0.0000
ENSG00000237563.2	TTTY21B	lncRNA	0	0	0	0.0000	0.0000	0.0000
ENSG00000237566.1	AC090955.1	processed_pseudogene	0	0	0	0.0000	0.0000	0.0000
ENSG00000237567.2	LINC02836	lncRNA	0	0	0	0.0000	0.0000	0.0000
ENSG00000237568.1	AC099063.1	lncRNA	0	68	69	0.0000	0.0000	0.0000
ENSG00000237569.1	TUBAP1	processed_pseudogene	1	0	1	0.0628	0.0184	0.0177
ENSG00000237571.1	LINC02862	lncRNA	0	0	0	0.0000	0.0000	0.0000
ENSG00000237572.1	AC092001.1	unprocessed_pseudogene	0	0	0	0.0000	0.0000	0.0000
ENSG00000237574.1	LINC01856	lncRNA	0	0	0	0.0000	0.0000	0.0000
ENSG00000237575.4	PYY2	transcribed_unprocessed_pseudogene	33	20	13	2.6044	0.7629	0.7346
ENSG00000237576.2	LINC01888	lncRNA	0	0	0	0.0000	0.0000	0.0000
ENSG00000237579.3	LINC01514	lncRNA	0	0	0	0.0000	0.0000	0.0000
ENSG00000237580.1	GCSHP3	processed_pseudogene	0	0	0	0.0000	0.0000	0.0000
ENSG00000237581.1	AC005538.1	lncRNA	1	80	74	0.1430	0.0419	0.0403
ENSG00000237583.1	RPL34P8	processed_pseudogene	0	0	0	0.0000	0.0000	0.0000
ENSG00000237584.1	RAC1P4	processed_pseudogene	1	1	0	0.1467	0.0430	0.0414
ENSG00000237585.1	LINC00407	lncRNA	0	0	0	0.0000	0.0000	0.0000
ENSG00000237586.3	AC090192.1	processed_pseudogene	2	1	1	0.3466	0.1015	0.0978
ENSG00000237588.2	AL590666.3	lncRNA	0	0	0	0.0000	0.0000	0.0000
ENSG00000237589.1	HMGN1P32	processed_pseudogene	0	0	0	0.0000	0.0000	0.0000
ENSG00000237590.1	AL137026.2	lncRNA	0	0	0	0.0000	0.0000	0.0000
ENSG00000237592.2	IGKV1OR10-1	IG_V_pseudogene	3	1	2	0.7744	0.2268	0.2184
ENSG00000237593.1	AL445220.1	processed_pseudogene	0	0	0	0.0000	0.0000	0.0000
ENSG00000237594.2	AP000251.1	lncRNA	6	3	3	0.6199	0.1816	0.1748
ENSG00000237595.5	LINC01275	lncRNA	35	17	18	2.1648	0.6341	0.6106
ENSG00000237596.7	AL138828.1	lncRNA	27	14	22	0.2856	0.0836	0.0805
ENSG00000237601.1	AP000358.1	processed_pseudogene	0	0	0	0.0000	0.0000	0.0000
ENSG00000237603.1	HMGB3P12	processed_pseudogene	0	0	0	0.0000	0.0000	0.0000
ENSG00000237604.1	AP001056.1	lncRNA	0	0	0	0.0000	0.0000	0.0000
ENSG00000237605.2	DYRK3-AS1	lncRNA	11	7	12	0.9959	0.2917	0.2809
ENSG00000237606.2	AC091286.1	processed_pseudogene	0	0	0	0.0000	0.0000	0.0000
ENSG00000237609.1	AF064858.2	lncRNA	0	0	0	0.0000	0.0000	0.0000
ENSG00000237610.1	OR4C50P	unprocessed_pseudogene	0	0	0	0.0000	0.0000	0.0000
ENSG00000237611.2	Metazoa_SRP	misc_RNA	0	0	0	0.0000	0.0000	0.0000
ENSG00000237612.1	AP002856.4	lncRNA	0	0	0	0.0000	0.0000	0.0000
ENSG00000237613.2	FAM138A	lncRNA	0	0	0	0.0000	0.0000	0.0000
ENSG00000237614.3	AC073257.2	lncRNA	6	4	2	0.2693	0.0789	0.0760
ENSG00000237616.1	USP9YP32	unprocessed_pseudogene	0	0	0	0.0000	0.0000	0.0000
ENSG00000237617.1	AC013410.2	processed_pseudogene	0	0	0	0.0000	0.0000	0.0000
ENSG00000237618.1	BTBD7P2	processed_pseudogene	0	0	0	0.0000	0.0000	0.0000
ENSG00000237619.2	OR3B1P	unprocessed_pseudogene	0	0	0	0.0000	0.0000	0.0000
ENSG00000237620.1	GCNT1P5	processed_pseudogene	0	0	0	0.0000	0.0000	0.0000
ENSG00000237621.4	OR9A1P	polymorphic_pseudogene	0	0	0	0.0000	0.0000	0.0000
ENSG00000237622.1	ELOCP18	processed_pseudogene	0	0	0	0.0000	0.0000	0.0000
ENSG00000237623.1	NICN2P	processed_pseudogene	0	0	0	0.0000	0.0000	0.0000
ENSG00000237624.1	OXCT2P1	unprocessed_pseudogene	6	2	4	0.3319	0.0972	0.0936
ENSG00000237626.2	AL161629.1	lncRNA	0	0	0	0.0000	0.0000	0.0000
ENSG00000237628.2	MTCO2P19	processed_pseudogene	0	0	0	0.0000	0.0000	0.0000
ENSG00000237629.1	UQCRHP2	processed_pseudogene	1	1	0	0.2949	0.0864	0.0832
ENSG00000237630.1	NIFKP9	processed_pseudogene	0	0	0	0.0000	0.0000	0.0000
ENSG00000237631.2	AL161454.1	processed_pseudogene	0	0	0	0.0000	0.0000	0.0000
ENSG00000237632.3	S100A11P1	processed_pseudogene	3	0	3	0.8165	0.2392	0.2303
ENSG00000237633.4	AC104623.1	lncRNA	0	2	5	0.0000	0.0000	0.0000
ENSG00000237635.2	DUX4L29	unprocessed_pseudogene	0	0	0	0.0000	0.0000	0.0000
ENSG00000237636.3	ANKRD26P3	unprocessed_pseudogene	0	0	0	0.0000	0.0000	0.0000
ENSG00000237637.1	FRY-AS1	lncRNA	0	0	0	0.0000	0.0000	0.0000
ENSG00000237638.2	LINC02245	lncRNA	42	21	22	0.5793	0.1697	0.1634
ENSG00000237639.2	AC064862.5	unprocessed_pseudogene	0	0	0	0.0000	0.0000	0.0000
ENSG00000237640.1	AC004522.3	lncRNA	2	10	10	0.2498	0.0732	0.0704
ENSG00000237641.1	RPL28P2	processed_pseudogene	0	2	3	0.0000	0.0000	0.0000
ENSG00000237642.1	HMGB3P5	processed_pseudogene	0	0	0	0.0000	0.0000	0.0000
ENSG00000237643.2	AL365226.1	lncRNA	1	1	0	0.0738	0.0216	0.0208
ENSG00000237645.1	AC092967.1	processed_pseudogene	2	1	1	0.3531	0.1034	0.0996
ENSG00000237646.1	HLCS-IT1	lncRNA	1	1	0	0.1599	0.0468	0.0451
ENSG00000237649.8	KIFC1	protein_coding	580	302	289	16.2554	4.7615	4.5849
ENSG00000237650.2	OR11Q1P	unprocessed_pseudogene	0	0	0	0.0000	0.0000	0.0000
ENSG00000237651.6	C2orf74	protein_coding	16	5	12	0.8968	0.2627	0.2530
ENSG00000237653.2	AC026320.2	processed_pseudogene	12	7	5	2.1319	0.6245	0.6013
ENSG00000237654.6	AP003025.1	lncRNA	0	0	0	0.0000	0.0000	0.0000
ENSG00000237655.1	AC073834.1	lncRNA	0	38	54	0.0000	0.0000	0.0000
ENSG00000237659.1	RNASEH2CP1	processed_pseudogene	2	1	1	0.3383	0.0991	0.0954
ENSG00000237661.1	TNIP2P1	processed_pseudogene	0	0	0	0.0000	0.0000	0.0000
ENSG00000237662.1	SOCS2P1	processed_pseudogene	0	0	0	0.0000	0.0000	0.0000
ENSG00000237663.2	DNAJC19P7	processed_pseudogene	0	0	0	0.0000	0.0000	0.0000
ENSG00000237664.1	LINC00316	lncRNA	0	0	0	0.0000	0.0000	0.0000
ENSG00000237665.1	GRM7-AS2	lncRNA	0	0	0	0.0000	0.0000	0.0000
ENSG00000237666.2	AC097527.1	unprocessed_pseudogene	0	0	0	0.0000	0.0000	0.0000
ENSG00000237667.7	LINC01115	lncRNA	0	0	0	0.0000	0.0000	0.0000
ENSG00000237668.1	RPS15AP38	processed_pseudogene	3	1	2	0.6848	0.2006	0.1932
ENSG00000237669.1	AL671277.2	unprocessed_pseudogene	8	23	13	0.6821	0.1998	0.1924
ENSG00000237670.1	LINC01866	lncRNA	0	0	0	0.0000	0.0000	0.0000
ENSG00000237671.3	GAGE12C	protein_coding	0	0	0	0.0000	0.0000	0.0000
ENSG00000237672.1	KRR1P1	processed_pseudogene	1	1	0	0.1058	0.0310	0.0298
ENSG00000237674.1	GSTA7P	unprocessed_pseudogene	1	1	0	0.1896	0.0555	0.0535
ENSG00000237675.5	TEX36-AS1	lncRNA	0	0	0	0.0000	0.0000	0.0000
ENSG00000237676.1	RPL30P4	processed_pseudogene	4	2	2	1.0201	0.2988	0.2877
ENSG00000237679.2	VDAC1P11	processed_pseudogene	2	0	2	0.1993	0.0584	0.0562
ENSG00000237682.2	PRKCIP1	processed_pseudogene	0	0	0	0.0000	0.0000	0.0000
ENSG00000237684.1	RPSAP35	processed_pseudogene	0	0	0	0.0000	0.0000	0.0000
ENSG00000237685.1	AL139039.3	lncRNA	3	3	3	0.1727	0.0506	0.0487
ENSG00000237686.7	AL109615.3	lncRNA	0	1	0	0.0000	0.0000	0.0000
ENSG00000237687.2	LINC00686	lncRNA	0	0	0	0.0000	0.0000	0.0000
ENSG00000237689.1	AC007064.2	lncRNA	0	0	0	0.0000	0.0000	0.0000
ENSG00000237691.1	IFNWP2	unprocessed_pseudogene	0	0	0	0.0000	0.0000	0.0000
ENSG00000237693.4	IRGM	protein_coding	1	1	1	0.0374	0.0110	0.0105
ENSG00000237699.2	BX072579.1	lncRNA	0	0	0	0.0000	0.0000	0.0000
ENSG00000237700.2	PRAMEF33	protein_coding	0	0	0	0.0000	0.0000	0.0000
ENSG00000237701.1	ATP5PFP1	processed_pseudogene	0	0	0	0.0000	0.0000	0.0000
ENSG00000237702.2	TRBV3-1	TR_V_gene	8	4	4	1.7375	0.5089	0.4901
ENSG00000237704.1	AP004289.2	processed_pseudogene	0	0	0	0.0000	0.0000	0.0000
ENSG00000237705.1	AC008937.2	lncRNA	0	30	35	0.0000	0.0000	0.0000
ENSG00000237706.4	TRIM51EP	unprocessed_pseudogene	0	0	0	0.0000	0.0000	0.0000
ENSG00000237707.1	AL031726.1	lncRNA	0	0	0	0.0000	0.0000	0.0000
ENSG00000237708.1	SPIN2P1	processed_pseudogene	2	0	2	0.2200	0.0644	0.0621
ENSG00000237709.1	EEF1A1P28	processed_pseudogene	3	0	3	0.1816	0.0532	0.0512
ENSG00000237711.1	MTCO3P11	unprocessed_pseudogene	0	0	0	0.0000	0.0000	0.0000
ENSG00000237713.1	AC011287.2	lncRNA	0	0	0	0.0000	0.0000	0.0000
ENSG00000237714.1	P4HA2-AS1	lncRNA	7	785	865	0.7085	0.2075	0.1998
ENSG00000237716.2	AL136309.2	lncRNA	0	0	0	0.0000	0.0000	0.0000
ENSG00000237717.1	BX276092.8	processed_pseudogene	0	0	0	0.0000	0.0000	0.0000
ENSG00000237718.2	AC009095.1	lncRNA	0	5	2	0.0000	0.0000	0.0000
ENSG00000237719.1	Z95152.1	processed_pseudogene	1	2	0	0.1295	0.0379	0.0365
ENSG00000237720.2	AC011995.2	lncRNA	0	0	0	0.0000	0.0000	0.0000
ENSG00000237722.2	MTND1P29	unprocessed_pseudogene	0	0	0	0.0000	0.0000	0.0000
ENSG00000237728.2	CAMTA1-AS2	lncRNA	0	0	0	0.0000	0.0000	0.0000
ENSG00000237729.2	AC002075.2	processed_pseudogene	10	6	4	3.3699	0.9871	0.9505
ENSG00000237730.1	RPS5P8	processed_pseudogene	3	1	2	0.4176	0.1223	0.1178
ENSG00000237731.1	RNGTTP1	processed_pseudogene	0	0	0	0.0000	0.0000	0.0000
ENSG00000237732.9	CT75	transcribed_unprocessed_pseudogene	7	24	22	0.2316	0.0678	0.0653
ENSG00000237734.1	AL163192.1	lncRNA	0	0	0	0.0000	0.0000	0.0000
ENSG00000237735.2	AF130359.1	lncRNA	0	0	0	0.0000	0.0000	0.0000
ENSG00000237737.6	DCTN1-AS1	lncRNA	3	120	98	0.0587	0.0172	0.0166
ENSG00000237738.1	RNF216-IT1	lncRNA	0	0	0	0.0000	0.0000	0.0000
ENSG00000237740.1	NPAP1P3	processed_pseudogene	0	0	0	0.0000	0.0000	0.0000
ENSG00000237741.1	AC002368.1	lncRNA	0	0	0	0.0000	0.0000	0.0000
ENSG00000237742.7	AL365259.1	lncRNA	6	0	6	0.1239	0.0363	0.0350
ENSG00000237743.3	FBP2P1	transcribed_unprocessed_pseudogene	0	0	0	0.0000	0.0000	0.0000
ENSG00000237745.1	RPL22P8	processed_pseudogene	0	0	0	0.0000	0.0000	0.0000
ENSG00000237746.1	ZNF101P1	processed_pseudogene	0	0	0	0.0000	0.0000	0.0000
ENSG00000237747.1	AL160279.1	processed_pseudogene	1	0	1	0.1178	0.0345	0.0332
ENSG00000237748.1	UQCRBP1	processed_pseudogene	5	3	2	1.2637	0.3702	0.3564
ENSG00000237749.4	AL034379.1	processed_pseudogene	5	3	2	1.6783	0.4916	0.4734
ENSG00000237750.2	KCNH7-AS1	lncRNA	0	0	0	0.0000	0.0000	0.0000
ENSG00000237751.2	LINC01143	lncRNA	1	2	0	0.1359	0.0398	0.0383
ENSG00000237752.2	NCKAP1P1	processed_pseudogene	0	0	0	0.0000	0.0000	0.0000
ENSG00000237753.2	AC079922.2	lncRNA	740	365	375	19.4917	5.7094	5.4977
ENSG00000237754.1	AC093655.2	processed_pseudogene	0	0	0	0.0000	0.0000	0.0000
ENSG00000237756.1	AL592435.1	lncRNA	0	0	0	0.0000	0.0000	0.0000
ENSG00000237757.2	EEF1A1P30	processed_pseudogene	9	8	1	0.5812	0.1702	0.1639
ENSG00000237758.1	BANF1P3	processed_pseudogene	13	9	4	4.2298	1.2390	1.1930
ENSG00000237759.1	AL590483.2	lncRNA	0	0	0	0.0000	0.0000	0.0000
ENSG00000237760.1	AC023669.2	lncRNA	0	0	0	0.0000	0.0000	0.0000
ENSG00000237761.3	AL161646.1	lncRNA	0	0	0	0.0000	0.0000	0.0000
ENSG00000237763.9	AMY1A	protein_coding	0	0	0	0.0000	0.0000	0.0000
ENSG00000237765.8	FAM200B	protein_coding	255	117	138	4.5436	1.3309	1.2815
ENSG00000237766.2	GGTA2P	processed_pseudogene	2	1	1	0.1510	0.0442	0.0426
ENSG00000237767.2	LINC01370	lncRNA	0	0	0	0.0000	0.0000	0.0000
ENSG00000237768.2	AL731563.2	lncRNA	0	205	232	0.0000	0.0000	0.0000
ENSG00000237770.2	SPATA31D2P	unprocessed_pseudogene	0	0	0	0.0000	0.0000	0.0000
ENSG00000237772.2	LINC02631	lncRNA	0	0	0	0.0000	0.0000	0.0000
ENSG00000237773.7	AC073332.1	lncRNA	58	76	91	0.4807	0.1408	0.1356
ENSG00000237774.3	AC126615.1	processed_pseudogene	7	3	4	0.9436	0.2764	0.2661
ENSG00000237775.1	DDR1-DT	lncRNA	3	2	2	0.0638	0.0187	0.0180
ENSG00000237781.3	ADAMTSL4-AS2	lncRNA	4	12	21	0.5108	0.1496	0.1441
ENSG00000237782.3	PLLPP1	processed_pseudogene	0	0	0	0.0000	0.0000	0.0000
ENSG00000237783.2	AL356441.2	processed_pseudogene	0	0	1	0.0000	0.0000	0.0000
ENSG00000237784.1	RPS20P12	processed_pseudogene	0	0	0	0.0000	0.0000	0.0000
ENSG00000237786.1	GFOD1-AS1	lncRNA	0	8	3	0.0000	0.0000	0.0000
ENSG00000237787.5	LINC02877	lncRNA	1	1	0	0.0662	0.0194	0.0187
ENSG00000237788.1	AL162615.1	processed_pseudogene	0	0	0	0.0000	0.0000	0.0000
ENSG00000237790.1	LINC01318	lncRNA	2	2	0	0.2845	0.0833	0.0802
ENSG00000237793.3	RPL18AP16	processed_pseudogene	4	3	1	0.6397	0.1874	0.1804
ENSG00000237797.1	MACORIS	lncRNA	670	316	354	163.9674	48.0286	46.2480
ENSG00000237798.1	AC010894.3	lncRNA	3	611	679	0.5575	0.1633	0.1572
ENSG00000237799.2	CICP11	processed_pseudogene	1	0	1	0.0300	0.0088	0.0085
ENSG00000237801.6	AMD1P2	processed_pseudogene	0	0	0	0.0000	0.0000	0.0000
ENSG00000237801.6_PAR_Y	AMD1P2	processed_pseudogene	0	0	0	0.0000	0.0000	0.0000
ENSG00000237802.7	FAM197Y6	lncRNA	0	0	0	0.0000	0.0000	0.0000
ENSG00000237803.6	LINC00211	lncRNA	1	1	2	0.0223	0.0065	0.0063
ENSG00000237804.1	HNRNPA1P39	processed_pseudogene	5	3	2	0.4423	0.1296	0.1248
ENSG00000237806.1	FAUP2	processed_pseudogene	0	0	0	0.0000	0.0000	0.0000
ENSG00000237807.4	AC022034.1	lncRNA	284	162	158	3.2041	0.9385	0.9037
ENSG00000237810.3	AC104852.1	processed_pseudogene	6	2	4	0.3492	0.1023	0.0985
ENSG00000237813.4	AC002066.1	lncRNA	21	11	12	1.2559	0.3679	0.3542
ENSG00000237816.1	RPL21P109	processed_pseudogene	0	0	0	0.0000	0.0000	0.0000
ENSG00000237818.1	RPS3AP29	processed_pseudogene	1	1	0	0.1104	0.0323	0.0311
ENSG00000237819.5	CDK6-AS1	lncRNA	12	13	13	1.5278	0.4475	0.4309
ENSG00000237821.1	ST13P7	processed_pseudogene	22	9	13	1.7000	0.4979	0.4795
ENSG00000237823.1	CDY19P	unprocessed_pseudogene	0	0	0	0.0000	0.0000	0.0000
ENSG00000237824.2	RPL23AP33	processed_pseudogene	1	1	0	0.1879	0.0550	0.0530
ENSG00000237827.1	RPS15AP29	processed_pseudogene	0	0	0	0.0000	0.0000	0.0000
ENSG00000237828.1	PA2G4P1	processed_pseudogene	4	2	2	0.2838	0.0831	0.0800
ENSG00000237832.1	AL138808.1	lncRNA	0	0	0	0.0000	0.0000	0.0000
ENSG00000237833.1	AL391380.1	processed_pseudogene	0	0	0	0.0000	0.0000	0.0000
ENSG00000237835.1	AC007064.3	processed_pseudogene	0	0	0	0.0000	0.0000	0.0000
ENSG00000237836.6	PHKA2-AS1	lncRNA	35	322	311	1.5448	0.4525	0.4357
ENSG00000237837.1	AC159540.1	lncRNA	0	0	0	0.0000	0.0000	0.0000
ENSG00000237838.1	AC092422.1	lncRNA	0	0	0	0.0000	0.0000	0.0000
ENSG00000237840.6	FAM21FP	transcribed_unprocessed_pseudogene	33	24	17	1.3428	0.3933	0.3787
ENSG00000237841.1	KRTAP19-9P	unprocessed_pseudogene	0	0	0	0.0000	0.0000	0.0000
ENSG00000237842.2	SMU1P1	processed_pseudogene	5	0	5	0.2773	0.0812	0.0782
ENSG00000237843.2	AC016903.2	lncRNA	0	0	0	0.0000	0.0000	0.0000
ENSG00000237844.2	AC016766.1	lncRNA	0	0	0	0.0000	0.0000	0.0000
ENSG00000237845.1	AL139161.1	lncRNA	0	0	0	0.0000	0.0000	0.0000
ENSG00000237846.1	AL773545.3	processed_pseudogene	2	10	10	0.2406	0.0705	0.0679
ENSG00000237848.1	AL606489.2	processed_pseudogene	0	0	0	0.0000	0.0000	0.0000
ENSG00000237849.1	NFYAP1	processed_pseudogene	0	0	0	0.0000	0.0000	0.0000
ENSG00000237850.7	AC091304.1	transcribed_unprocessed_pseudogene	0	0	0	0.0000	0.0000	0.0000
ENSG00000237851.1	AL023584.2	lncRNA	0	0	0	0.0000	0.0000	0.0000
ENSG00000237852.1	AC119800.1	lncRNA	1	1	0	0.2008	0.0588	0.0566
ENSG00000237853.6	NFIA-AS1	lncRNA	0	0	0	0.0000	0.0000	0.0000
ENSG00000237854.3	LINC00674	transcribed_unprocessed_pseudogene	116	62	56	13.4207	3.9311	3.7854
ENSG00000237856.1	AC062020.1	lncRNA	0	0	0	0.0000	0.0000	0.0000
ENSG00000237859.2	EEF1A1P31	unprocessed_pseudogene	0	0	0	0.0000	0.0000	0.0000
ENSG00000237860.1	SLC6A14P2	unprocessed_pseudogene	0	0	0	0.0000	0.0000	0.0000
ENSG00000237861.1	AL513325.1	processed_pseudogene	0	0	0	0.0000	0.0000	0.0000
ENSG00000237862.2	Z94160.1	lncRNA	0	0	1	0.0000	0.0000	0.0000
ENSG00000237863.3	AL035425.1	lncRNA	2	0	2	0.0884	0.0259	0.0249
ENSG00000237864.1	LINC00322	lncRNA	0	0	0	0.0000	0.0000	0.0000
ENSG00000237868.1	AC097533.1	processed_pseudogene	4	2	2	0.7091	0.2077	0.2000
ENSG00000237870.6	AC073130.1	lncRNA	8	6	2	0.2654	0.0777	0.0749
ENSG00000237872.4	POU5F1P4	processed_pseudogene	0	0	0	0.0000	0.0000	0.0000
ENSG00000237873.1	DLGAP5P2	processed_pseudogene	0	0	0	0.0000	0.0000	0.0000
ENSG00000237874.2	AL136972.1	lncRNA	0	0	0	0.0000	0.0000	0.0000
ENSG00000237875.1	AL353691.1	processed_pseudogene	1	0	1	1.4393	0.4216	0.4060
ENSG00000237876.1	AKR1B1P4	processed_pseudogene	0	0	0	0.0000	0.0000	0.0000
ENSG00000237877.7	LINC01473	lncRNA	18	10	8	0.3929	0.1151	0.1108
ENSG00000237879.1	LINC00398	lncRNA	2	1	1	0.1875	0.0549	0.0529
ENSG00000237880.2	LINC01885	lncRNA	0	0	0	0.0000	0.0000	0.0000
ENSG00000237882.1	PPIAP13	processed_pseudogene	7	4	3	1.2436	0.3643	0.3508
ENSG00000237883.2	DGUOK-AS1	lncRNA	17	569	558	1.2183	0.3568	0.3436
ENSG00000237885.1	AL359672.1	processed_pseudogene	0	0	0	0.0000	0.0000	0.0000
ENSG00000237886.1	NALT1	lncRNA	4	3	1	0.3122	0.0915	0.0881
ENSG00000237887.1	RPL23AP32	processed_pseudogene	2	1	1	0.3700	0.1084	0.1044
ENSG00000237888.1	AC087650.1	processed_pseudogene	2	2	0	0.3629	0.1063	0.1024
ENSG00000237891.1	AL441985.1	processed_pseudogene	0	0	0	0.0000	0.0000	0.0000
ENSG00000237892.1	KLF7-IT1	lncRNA	3	2	1	0.3889	0.1139	0.1097
ENSG00000237896.6	AC005008.2	lncRNA	4	3	1	0.3606	0.1056	0.1017
ENSG00000237897.2	AL512844.2	processed_pseudogene	2	2	0	0.2864	0.0839	0.0808
ENSG00000237899.1	AL031289.1	lncRNA	3	2	1	0.5409	0.1584	0.1526
ENSG00000237901.1	AC009161.1	processed_pseudogene	0	0	0	0.0000	0.0000	0.0000
ENSG00000237902.1	TSPY21P	unprocessed_pseudogene	0	0	0	0.0000	0.0000	0.0000
ENSG00000237903.1	AC004000.1	lncRNA	6	3	4	1.1767	0.3447	0.3319
ENSG00000237904.2	BX284632.2	processed_pseudogene	0	0	0	0.0000	0.0000	0.0000
ENSG00000237906.1	MUPP	transcribed_unprocessed_pseudogene	0	0	0	0.0000	0.0000	0.0000
ENSG00000237910.1	MTCO1P18	unprocessed_pseudogene	0	0	0	0.0000	0.0000	0.0000
ENSG00000237911.2	SRP68P3	unprocessed_pseudogene	0	1	1	0.0000	0.0000	0.0000
ENSG00000237913.1	FTLP19	processed_pseudogene	0	0	0	0.0000	0.0000	0.0000
ENSG00000237914.5	SIRPG-AS1	lncRNA	1	1	0	0.0286	0.0084	0.0081
ENSG00000237916.1	RPL37P12	processed_pseudogene	1	1	0	0.2731	0.0800	0.0770
ENSG00000237917.1	PARP4P1	unprocessed_pseudogene	13	11	2	0.4724	0.1384	0.1332
ENSG00000237919.5	LRRC7-AS1	lncRNA	0	0	0	0.0000	0.0000	0.0000
ENSG00000237920.2	AL162591.1	unprocessed_pseudogene	0	0	1	0.0000	0.0000	0.0000
ENSG00000237921.2	AC004543.1	lncRNA	2	1	1	0.4603	0.1348	0.1298
ENSG00000237922.1	AL450309.1	processed_pseudogene	0	0	0	0.0000	0.0000	0.0000
ENSG00000237923.1	LINC02570	lncRNA	0	0	0	0.0000	0.0000	0.0000
ENSG00000237924.1	RPL21P112	processed_pseudogene	0	0	0	0.0000	0.0000	0.0000
ENSG00000237926.1	AC239367.3	unprocessed_pseudogene	0	0	0	0.0000	0.0000	0.0000
ENSG00000237927.1	AL078604.2	lncRNA	2	2	0	0.0848	0.0248	0.0239
ENSG00000237928.6	NFIA-AS2	lncRNA	93	52	41	1.2709	0.3723	0.3585
ENSG00000237929.1	RPL31P3	processed_pseudogene	0	0	0	0.0000	0.0000	0.0000
ENSG00000237930.1	RPL31P14	processed_pseudogene	1	0	1	0.2289	0.0670	0.0646
ENSG00000237931.1	CLIC4P3	processed_pseudogene	0	0	0	0.0000	0.0000	0.0000
ENSG00000237934.1	AL590729.1	lncRNA	2	2	0	0.2964	0.0868	0.0836
ENSG00000237936.1	AL353093.1	processed_pseudogene	0	0	0	0.0000	0.0000	0.0000
ENSG00000237937.6	LINC02702	lncRNA	0	0	0	0.0000	0.0000	0.0000
ENSG00000237938.5	AL450998.2	lncRNA	12	628	580	0.6647	0.1947	0.1875
ENSG00000237939.1	IDI1P1	processed_pseudogene	1	1	0	0.1302	0.0382	0.0367
ENSG00000237940.3	LINC01238	lncRNA	12	9	3	0.3571	0.1046	0.1007
ENSG00000237941.2	KCNQ1DN	lncRNA	1	1	0	0.0777	0.0228	0.0219
ENSG00000237943.7	PRKCQ-AS1	lncRNA	41	23	18	0.5968	0.1748	0.1683
ENSG00000237945.7	LINC00649	lncRNA	657	905	975	3.8918	1.1400	1.0977
ENSG00000237947.1	AL583854.1	lncRNA	0	0	0	0.0000	0.0000	0.0000
ENSG00000237948.1	MTATP6P20	processed_pseudogene	0	0	0	0.0000	0.0000	0.0000
ENSG00000237949.2	LINC00844	lncRNA	3	2	1	0.0356	0.0104	0.0100
ENSG00000237950.3	AL357079.1	lncRNA	17	8	9	0.6491	0.1901	0.1831
ENSG00000237951.1	PPIL1P1	processed_pseudogene	1	1	0	0.1702	0.0498	0.0480
ENSG00000237952.1	RPL7AP73	processed_pseudogene	0	0	0	0.0000	0.0000	0.0000
ENSG00000237953.1	RPS13P5	processed_pseudogene	0	0	0	0.0000	0.0000	0.0000
ENSG00000237954.7	AL445218.1	lncRNA	0	0	0	0.0000	0.0000	0.0000
ENSG00000237955.1	AC245884.4	processed_pseudogene	0	0	0	0.0000	0.0000	0.0000
ENSG00000237956.1	TRIAP1P1	processed_pseudogene	0	0	0	0.0000	0.0000	0.0000
ENSG00000237957.6	CT47A5	protein_coding	0	0	0	0.0000	0.0000	0.0000
ENSG00000237959.1	RPL36AP10	processed_pseudogene	0	0	0	0.0000	0.0000	0.0000
ENSG00000237961.4	AC118282.1	processed_pseudogene	17	5	12	1.8871	0.5528	0.5323
ENSG00000237963.1	PRXL2CP1	processed_pseudogene	0	0	0	0.0000	0.0000	0.0000
ENSG00000237964.3	RAD52P1	processed_pseudogene	0	0	0	0.0000	0.0000	0.0000
ENSG00000237968.1	AC007322.3	unprocessed_pseudogene	0	0	0	0.0000	0.0000	0.0000
ENSG00000237970.1	TMEM161BP1	processed_pseudogene	0	0	0	0.0000	0.0000	0.0000
ENSG00000237971.1	AL445523.1	processed_pseudogene	0	0	1	0.0000	0.0000	0.0000
ENSG00000237972.1	TUBG1P	processed_pseudogene	0	0	0	0.0000	0.0000	0.0000
ENSG00000237973.1	MTCO1P12	unprocessed_pseudogene	2268	1248	1269	124.8215	36.5622	35.2066
ENSG00000237974.1	AC000111.2	processed_pseudogene	0	0	0	0.0000	0.0000	0.0000
ENSG00000237975.7	FLG-AS1	lncRNA	110	71	69	0.6236	0.1827	0.1759
ENSG00000237976.1	RFX5-AS1	lncRNA	6	8	14	0.8245	0.2415	0.2325
ENSG00000237977.1	EIF4HP2	processed_pseudogene	39	26	13	5.8826	1.7231	1.6592
ENSG00000237978.6	KCNMB2-AS1	lncRNA	1	1	0	0.0179	0.0052	0.0050
ENSG00000237979.1	DNAJB12P1	processed_pseudogene	17	14	25	1.8205	0.5332	0.5135
ENSG00000237980.2	LINC02773	lncRNA	7	4	3	0.4283	0.1254	0.1208
ENSG00000237982.1	AP006193.1	processed_pseudogene	0	0	0	0.0000	0.0000	0.0000
ENSG00000237984.3	PTENP1	transcribed_processed_pseudogene	122	63	62	2.5927	0.7594	0.7313
ENSG00000237986.4	CELF2-AS2	lncRNA	0	0	0	0.0000	0.0000	0.0000
ENSG00000237987.1	AL606970.4	lncRNA	0	0	0	0.0000	0.0000	0.0000
ENSG00000237988.5	OR2I1P	protein_coding	629	1077	1130	9.9562	2.9163	2.8082
ENSG00000237989.1	LINC01679	lncRNA	999	507	492	30.3201	8.8812	8.5520
ENSG00000237990.3	CNTN4-AS1	lncRNA	0	4	2	0.0000	0.0000	0.0000
ENSG00000237991.3	RPL35P1	processed_pseudogene	20	8	12	4.5903	1.3446	1.2947
ENSG00000237992.3	LINC01808	lncRNA	0	0	0	0.0000	0.0000	0.0000
ENSG00000237993.1	AL365318.1	lncRNA	0	0	0	0.0000	0.0000	0.0000
ENSG00000237994.1	AC003659.1	lncRNA	0	0	0	0.0000	0.0000	0.0000
ENSG00000237997.1	RCC2P2	processed_pseudogene	0	0	0	0.0000	0.0000	0.0000
ENSG00000237999.2	ACTG1P19	processed_pseudogene	5	3	2	0.3805	0.1114	0.1073
ENSG00000238000.1	PSME2P1	processed_pseudogene	83	41	42	9.7894	2.8675	2.7612
ENSG00000238001.2	SNRPCP1	processed_pseudogene	0	0	0	0.0000	0.0000	0.0000
ENSG00000238002.3	NPAP1P6	processed_pseudogene	0	0	0	0.0000	0.0000	0.0000
ENSG00000238003.1	RPL10P4	processed_pseudogene	4	2	3	1.1029	0.3230	0.3111
ENSG00000238004.1	AC009227.2	lncRNA	0	0	0	0.0000	0.0000	0.0000
ENSG00000238005.4	AL391832.2	lncRNA	17	22	21	0.3922	0.1149	0.1106
ENSG00000238007.1	AC024619.1	lncRNA	0	0	0	0.0000	0.0000	0.0000
ENSG00000238008.1	COX6CP10	processed_pseudogene	0	0	0	0.0000	0.0000	0.0000
ENSG00000238009.6	AL627309.1	lncRNA	0	0	0	0.0000	0.0000	0.0000
ENSG00000238010.1	AL161908.2	lncRNA	0	0	0	0.0000	0.0000	0.0000
ENSG00000238012.2	AC114752.1	lncRNA	0	0	0	0.0000	0.0000	0.0000
ENSG00000238013.1	AC109583.2	processed_pseudogene	0	0	0	0.0000	0.0000	0.0000
ENSG00000238015.2	AC104837.2	processed_pseudogene	4	1	3	0.8011	0.2347	0.2260
ENSG00000238018.2	AC093110.1	lncRNA	19	1106	1045	1.3054	0.3824	0.3682
ENSG00000238019.1	AL360169.1	lncRNA	0	0	0	0.0000	0.0000	0.0000
ENSG00000238020.1	HTR3E-AS1	lncRNA	0	0	0	0.0000	0.0000	0.0000
ENSG00000238021.6	ARMC4P1	transcribed_unprocessed_pseudogene	0	0	0	0.0000	0.0000	0.0000
ENSG00000238022.2	LMX1A-AS1	lncRNA	0	0	0	0.0000	0.0000	0.0000
ENSG00000238024.1	DDX39BP2	unprocessed_pseudogene	5	3	2	1.6457	0.4821	0.4642
ENSG00000238025.1	ZDHHC4P1	processed_pseudogene	0	0	0	0.0000	0.0000	0.0000
ENSG00000238026.1	AC117434.1	processed_pseudogene	0	0	0	0.0000	0.0000	0.0000
ENSG00000238029.1	RALBP1P2	processed_pseudogene	0	0	0	0.0000	0.0000	0.0000
ENSG00000238031.1	AC090505.2	lncRNA	0	0	0	0.0000	0.0000	0.0000
ENSG00000238032.1	S100A11P5	processed_pseudogene	0	0	0	0.0000	0.0000	0.0000
ENSG00000238034.1	AL109807.1	lncRNA	0	0	0	0.0000	0.0000	0.0000
ENSG00000238035.8	AC138035.1	lncRNA	1	2	0	0.0462	0.0135	0.0130
ENSG00000238037.1	OOSP1P1	processed_pseudogene	0	0	0	0.0000	0.0000	0.0000
ENSG00000238038.1	ATP6V0E1P3	processed_pseudogene	0	0	0	0.0000	0.0000	0.0000
ENSG00000238039.1	AC244197.2	lncRNA	0	1	0	0.0000	0.0000	0.0000
ENSG00000238040.1	SALL4P2	processed_pseudogene	0	0	0	0.0000	0.0000	0.0000
ENSG00000238041.3	TMEM230P2	processed_pseudogene	6	1	5	1.9673	0.5762	0.5549
ENSG00000238042.5	LINC02257	lncRNA	133	74	59	11.3171	3.3149	3.1920
ENSG00000238043.1	AC024559.1	lncRNA	5	3	4	0.7502	0.2197	0.2116
ENSG00000238045.9	AC009133.1	lncRNA	25	1971	2004	0.5256	0.1540	0.1483
ENSG00000238046.1	MTND5P22	processed_pseudogene	0	0	0	0.0000	0.0000	0.0000
ENSG00000238047.1	MTND1P30	processed_pseudogene	0	0	0	0.0000	0.0000	0.0000
ENSG00000238048.1	ART2P	unprocessed_pseudogene	1	1	0	0.1033	0.0303	0.0291
ENSG00000238049.2	Z92846.1	processed_pseudogene	1	0	1	0.3169	0.0928	0.0894
ENSG00000238051.1	ISCUP1	processed_pseudogene	0	0	1	0.0000	0.0000	0.0000
ENSG00000238054.3	AL691515.2	lncRNA	0	0	0	0.0000	0.0000	0.0000
ENSG00000238055.1	Z98742.3	processed_pseudogene	0	0	0	0.0000	0.0000	0.0000
ENSG00000238057.10	ZEB2-AS1	lncRNA	4	68	74	0.1082	0.0317	0.0305
ENSG00000238058.2	AL355574.1	lncRNA	7	4	3	0.7085	0.2075	0.1998
ENSG00000238059.1	HSPE1P21	processed_pseudogene	0	0	0	0.0000	0.0000	0.0000
ENSG00000238061.2	AL356273.2	processed_pseudogene	3	3	0	0.2618	0.0767	0.0739
ENSG00000238062.6	SPATA3-AS1	lncRNA	17	8	10	0.3735	0.1094	0.1054
ENSG00000238063.3	LINC01685	lncRNA	1	1	0	0.0231	0.0068	0.0065
ENSG00000238065.1	LRRC57P1	processed_pseudogene	0	0	0	0.0000	0.0000	0.0000
ENSG00000238066.1	AC005002.1	processed_pseudogene	0	0	0	0.0000	0.0000	0.0000
ENSG00000238067.1	XKRYP1	unprocessed_pseudogene	0	0	0	0.0000	0.0000	0.0000
ENSG00000238069.1	RPLP0P7	processed_pseudogene	0	0	0	0.0000	0.0000	0.0000
ENSG00000238072.1	CDC26P1	processed_pseudogene	4	3	1	1.3166	0.3857	0.3714
ENSG00000238073.1	RBMY2HP	unprocessed_pseudogene	0	0	0	0.0000	0.0000	0.0000
ENSG00000238074.5	TSPY9P	protein_coding	0	0	0	0.0000	0.0000	0.0000
ENSG00000238075.1	RPSAP32	processed_pseudogene	0	0	0	0.0000	0.0000	0.0000
ENSG00000238076.1	MRPL48P1	processed_pseudogene	0	0	0	0.0000	0.0000	0.0000
ENSG00000238077.1	NMNAT1P3	processed_pseudogene	0	0	0	0.0000	0.0000	0.0000
ENSG00000238078.1	LINC01352	lncRNA	1	0	1	0.0883	0.0259	0.0249
ENSG00000238079.1	AL356121.1	processed_pseudogene	0	0	0	0.0000	0.0000	0.0000
ENSG00000238081.1	AC099063.2	processed_pseudogene	0	0	0	0.0000	0.0000	0.0000
ENSG00000238082.1	NUDCP2	processed_pseudogene	7	1	7	0.8337	0.2442	0.2352
ENSG00000238083.8	LRRC37A2	protein_coding	62	39	38	0.7793	0.2283	0.2198
ENSG00000238084.4	AL031284.1	processed_pseudogene	1	1	0	0.1777	0.0520	0.0501
ENSG00000238085.1	AL590682.1	processed_pseudogene	17	14	3	4.1966	1.2293	1.1837
ENSG00000238086.5	PPP1R26P1	processed_pseudogene	1	0	1	0.0235	0.0069	0.0066
ENSG00000238087.3	FMO8P	unprocessed_pseudogene	2	1	1	0.1062	0.0311	0.0299
ENSG00000238088.1	OFD1P7Y	unprocessed_pseudogene	0	0	0	0.0000	0.0000	0.0000
ENSG00000238090.1	AC006195.1	processed_pseudogene	0	0	0	0.0000	0.0000	0.0000
ENSG00000238092.1	CEACAMP6	unprocessed_pseudogene	0	0	0	0.0000	0.0000	0.0000
ENSG00000238094.1	AC245036.4	unprocessed_pseudogene	0	0	0	0.0000	0.0000	0.0000
ENSG00000238097.2	LINC02037	lncRNA	2	1	1	0.0637	0.0187	0.0180
ENSG00000238098.9	ABCA17P	transcribed_unitary_pseudogene	23	15	12	0.2971	0.0870	0.0838
ENSG00000238099.3	LINC01625	lncRNA	3	0	4	0.0357	0.0105	0.0101
ENSG00000238102.2	AL080248.1	lncRNA	0	0	0	0.0000	0.0000	0.0000
ENSG00000238103.4	RPL9P7	processed_pseudogene	19	10	9	2.7819	0.8149	0.7846
ENSG00000238105.7	GOLGA2P5	transcribed_unprocessed_pseudogene	27	13	14	0.2093	0.0613	0.0590
ENSG00000238107.1	LINC02806	lncRNA	0	0	0	0.0000	0.0000	0.0000
ENSG00000238108.1	AL139135.2	processed_pseudogene	0	0	0	0.0000	0.0000	0.0000
ENSG00000238109.1	RNF14P3	processed_pseudogene	1	1	0	0.0610	0.0179	0.0172
ENSG00000238110.1	AL353572.2	processed_pseudogene	1	0	1	0.1135	0.0333	0.0320
ENSG00000238111.1	RPS13P4	processed_pseudogene	0	0	0	0.0000	0.0000	0.0000
ENSG00000238113.7	LINC01410	lncRNA	11	12	11	0.2266	0.0664	0.0639
ENSG00000238116.2	RAD21P1	processed_pseudogene	1	0	1	0.0453	0.0133	0.0128
ENSG00000238117.1	AP000844.2	lncRNA	0	0	0	0.0000	0.0000	0.0000
ENSG00000238118.1	SLC25A24P2	unprocessed_pseudogene	0	0	0	0.0000	0.0000	0.0000
ENSG00000238120.1	LINC01589	lncRNA	0	0	0	0.0000	0.0000	0.0000
ENSG00000238121.6	LINC00426	lncRNA	51	27	24	0.8888	0.2603	0.2507
ENSG00000238122.1	AL359258.1	lncRNA	0	1	0	0.0000	0.0000	0.0000
ENSG00000238123.1	MID1IP1-AS1	lncRNA	0	91	116	0.0000	0.0000	0.0000
ENSG00000238124.1	AC114501.3	lncRNA	0	0	0	0.0000	0.0000	0.0000
ENSG00000238125.1	SLC9A3P2	processed_pseudogene	0	0	0	0.0000	0.0000	0.0000
ENSG00000238129.5	AL121904.1	lncRNA	0	0	0	0.0000	0.0000	0.0000
ENSG00000238131.2	LINC02854	lncRNA	0	0	0	0.0000	0.0000	0.0000
ENSG00000238132.2	CASC4P1	processed_pseudogene	4	3	2	0.2589	0.0758	0.0730
ENSG00000238133.6	MAP3K20-AS1	lncRNA	9	88	68	0.2507	0.0734	0.0707
ENSG00000238135.1	USP9YP10	unprocessed_pseudogene	0	0	0	0.0000	0.0000	0.0000
ENSG00000238137.2	ARPC3P2	processed_pseudogene	3	1	2	0.4780	0.1400	0.1348
ENSG00000238138.1	AC027124.2	processed_pseudogene	0	0	0	0.0000	0.0000	0.0000
ENSG00000238139.2	AL590559.1	processed_pseudogene	0	0	0	0.0000	0.0000	0.0000
ENSG00000238140.1	AC104170.1	lncRNA	7	4	3	0.8768	0.2568	0.2473
ENSG00000238141.2	BRWD1-AS1	lncRNA	1	1	0	0.1229	0.0360	0.0347
ENSG00000238142.2	BX284668.5	lncRNA	57	171	171	2.2725	0.6657	0.6410
ENSG00000238143.1	AL161631.1	processed_pseudogene	0	0	0	0.0000	0.0000	0.0000
ENSG00000238145.2	TUBAP8	processed_pseudogene	0	0	0	0.0000	0.0000	0.0000
ENSG00000238149.1	AC104978.1	processed_pseudogene	0	0	0	0.0000	0.0000	0.0000
ENSG00000238150.1	AC008753.1	processed_pseudogene	6	1	5	1.7941	0.5255	0.5060
ENSG00000238151.1	MLLT10P1	processed_pseudogene	4	2	2	1.2965	0.3798	0.3657
ENSG00000238152.2	OR7E140P	unprocessed_pseudogene	0	0	0	0.0000	0.0000	0.0000
ENSG00000238153.1	Z99755.1	processed_pseudogene	0	0	0	0.0000	0.0000	0.0000
ENSG00000238154.1	USP9YP4	unprocessed_pseudogene	0	0	0	0.0000	0.0000	0.0000
ENSG00000238156.1	AL445465.2	lncRNA	0	0	0	0.0000	0.0000	0.0000
ENSG00000238158.6	AL391422.3	lncRNA	0	0	0	0.0000	0.0000	0.0000
ENSG00000238160.1	LINC02863	lncRNA	4	1	3	0.3400	0.0996	0.0959
ENSG00000238161.1	OR7E117P	unprocessed_pseudogene	0	0	0	0.0000	0.0000	0.0000
ENSG00000238162.1	AC009237.11	processed_pseudogene	0	0	0	0.0000	0.0000	0.0000
ENSG00000238164.6	TNFRSF14-AS1	lncRNA	59	486	465	0.8164	0.2391	0.2303
ENSG00000238165.1	AC007560.1	processed_pseudogene	3	2	1	1.0749	0.3149	0.3032
ENSG00000238166.2	AC022748.1	transcribed_unprocessed_pseudogene	0	0	0	0.0000	0.0000	0.0000
ENSG00000238168.5	IFITM3P5	processed_pseudogene	0	0	0	0.0000	0.0000	0.0000
ENSG00000238169.2	LINC01053	lncRNA	0	0	0	0.0000	0.0000	0.0000
ENSG00000238171.1	AC068196.1	lncRNA	0	4	2	0.0000	0.0000	0.0000
ENSG00000238172.2	RPS2P35	processed_pseudogene	7	1	6	0.6627	0.1941	0.1869
ENSG00000238173.1	RPL39P6	processed_pseudogene	0	0	0	0.0000	0.0000	0.0000
ENSG00000238176.1	AL390061.1	lncRNA	0	0	0	0.0000	0.0000	0.0000
ENSG00000238178.7	AC078993.1	lncRNA	18	18	19	1.0037	0.2940	0.2831
ENSG00000238180.1	RPL21P34	processed_pseudogene	0	0	0	0.0000	0.0000	0.0000
ENSG00000238181.2	AHCYP2	processed_pseudogene	2	1	1	0.1306	0.0383	0.0368
ENSG00000238183.2	RPS27P5	processed_pseudogene	0	0	0	0.0000	0.0000	0.0000
ENSG00000238184.1	CD81-AS1	lncRNA	2	179	332	0.1101	0.0323	0.0311
ENSG00000238185.1	AL353680.1	lncRNA	0	0	0	0.0000	0.0000	0.0000
ENSG00000238186.1	AL603839.2	lncRNA	6	33	32	0.9332	0.2733	0.2632
ENSG00000238188.1	AL049733.1	processed_pseudogene	0	0	0	0.0000	0.0000	0.0000
ENSG00000238189.2	ENOX1-AS2	lncRNA	0	0	0	0.0000	0.0000	0.0000
ENSG00000238190.1	HMGB1P15	processed_pseudogene	0	0	0	0.0000	0.0000	0.0000
ENSG00000238191.3	CLUHP1	unprocessed_pseudogene	0	0	0	0.0000	0.0000	0.0000
ENSG00000238192.1	BX284656.2	lncRNA	0	0	0	0.0000	0.0000	0.0000
ENSG00000238193.1	HADHBP1	processed_pseudogene	1	1	0	0.0600	0.0176	0.0169
ENSG00000238194.2	PHACTR3-AS1	lncRNA	0	0	0	0.0000	0.0000	0.0000
ENSG00000238195.1	AL021153.1	lncRNA	0	0	0	0.0000	0.0000	0.0000
ENSG00000238197.6	PAXBP1-AS1	lncRNA	115	153	163	0.9492	0.2780	0.2677
ENSG00000238198.2	LRIG2-DT	lncRNA	14	7	7	0.4819	0.1412	0.1359
ENSG00000238199.1	UBE2V2P3	processed_pseudogene	2	2	0	0.3887	0.1138	0.1096
ENSG00000238200.1	MGAT2P2	processed_pseudogene	0	0	0	0.0000	0.0000	0.0000
ENSG00000238201.1	AC114752.2	lncRNA	0	0	0	0.0000	0.0000	0.0000
ENSG00000238205.3	MPC1L	protein_coding	1	1	0	0.1487	0.0436	0.0419
ENSG00000238207.2	AC009312.1	lncRNA	0	0	0	0.0000	0.0000	0.0000
ENSG00000238210.4	ETDA	protein_coding	0	0	0	0.0000	0.0000	0.0000
ENSG00000238211.1	POLR2LP1	processed_pseudogene	0	0	0	0.0000	0.0000	0.0000
ENSG00000238212.3	LINC02096	lncRNA	0	0	0	0.0000	0.0000	0.0000
ENSG00000238213.1	TARDBPP2	processed_pseudogene	0	0	0	0.0000	0.0000	0.0000
ENSG00000238215.1	AL513185.3	processed_pseudogene	0	1	0	0.0000	0.0000	0.0000
ENSG00000238217.6	LINC01877	lncRNA	16	9	7	0.1261	0.0369	0.0356
ENSG00000238220.1	AP000275.1	processed_pseudogene	0	0	0	0.0000	0.0000	0.0000
ENSG00000238221.1	AL139095.4	lncRNA	0	450	428	0.0000	0.0000	0.0000
ENSG00000238222.3	MKRN4P	processed_pseudogene	5	1	4	0.2792	0.0818	0.0787
ENSG00000238223.1	AL121878.1	processed_pseudogene	1	1	0	0.0989	0.0290	0.0279
ENSG00000238224.1	AC104462.2	lncRNA	0	0	0	0.0000	0.0000	0.0000
ENSG00000238225.1	CRIP1P2	processed_pseudogene	0	0	0	0.0000	0.0000	0.0000
ENSG00000238227.8	TMEM250	protein_coding	839	473	366	20.9062	6.1237	5.8967
ENSG00000238228.1	OR7E7P	unprocessed_pseudogene	25	15	10	2.0978	0.6145	0.5917
ENSG00000238230.2	LINC00391	lncRNA	0	0	0	0.0000	0.0000	0.0000
ENSG00000238231.2	AL512288.2	processed_pseudogene	7	1	6	1.6197	0.4744	0.4569
ENSG00000238232.1	AL356364.1	lncRNA	0	0	0	0.0000	0.0000	0.0000
ENSG00000238235.1	TSPY11P	unprocessed_pseudogene	0	0	0	0.0000	0.0000	0.0000
ENSG00000238236.1	MTCYBP14	processed_pseudogene	0	0	0	0.0000	0.0000	0.0000
ENSG00000238241.2	CCR12P	transcribed_unprocessed_pseudogene	0	0	1	0.0000	0.0000	0.0000
ENSG00000238242.2	LINC02778	lncRNA	0	0	0	0.0000	0.0000	0.0000
ENSG00000238243.3	OR2W3	protein_coding	3	2	1	0.2696	0.0790	0.0760
ENSG00000238244.3	GABARAPL3	processed_pseudogene	0	0	0	0.0000	0.0000	0.0000
ENSG00000238245.2	MYO5BP2	processed_pseudogene	0	0	1	0.0000	0.0000	0.0000
ENSG00000238246.1	AC069549.1	lncRNA	0	0	0	0.0000	0.0000	0.0000
ENSG00000238247.2	RDXP3	processed_pseudogene	3	2	1	0.1649	0.0483	0.0465
ENSG00000238249.2	HMGN2P17	processed_pseudogene	26	8	18	2.9716	0.8704	0.8382
ENSG00000238250.1	ST6GAL2-IT1	lncRNA	0	0	0	0.0000	0.0000	0.0000
ENSG00000238251.2	NSA2P7	processed_pseudogene	6	5	1	0.9913	0.2904	0.2796
ENSG00000238254.3	AC008496.1	processed_pseudogene	0	0	0	0.0000	0.0000	0.0000
ENSG00000238256.1	MTND5P20	processed_pseudogene	0	0	0	0.0000	0.0000	0.0000
ENSG00000238257.1	AP000244.1	unprocessed_pseudogene	0	0	0	0.0000	0.0000	0.0000
ENSG00000238258.1	AL121748.1	lncRNA	0	67	65	0.0000	0.0000	0.0000
ENSG00000238259.1	PHF5GP	processed_pseudogene	0	0	0	0.0000	0.0000	0.0000
ENSG00000238260.1	AL513320.1	lncRNA	3	2	1	0.4096	0.1200	0.1155
ENSG00000238262.1	NTM-IT	lncRNA	0	0	0	0.0000	0.0000	0.0000
ENSG00000238263.1	RPL21P88	processed_pseudogene	0	0	0	0.0000	0.0000	0.0000
ENSG00000238265.1	LINC00317	lncRNA	0	0	0	0.0000	0.0000	0.0000
ENSG00000238266.2	LINC00707	lncRNA	2	1	1	0.0173	0.0051	0.0049
ENSG00000238267.1	AC104850.1	processed_pseudogene	0	0	0	0.0000	0.0000	0.0000
ENSG00000238269.9	PAGE2B	protein_coding	0	0	0	0.0000	0.0000	0.0000
ENSG00000238270.1	AL591504.1	lncRNA	0	0	0	0.0000	0.0000	0.0000
ENSG00000238271.2	IFNWP19	unprocessed_pseudogene	0	1	1	0.0000	0.0000	0.0000
ENSG00000238272.1	AL139142.1	lncRNA	0	0	0	0.0000	0.0000	0.0000
ENSG00000238273.3	AC108058.1	lncRNA	4	3	2	0.1302	0.0381	0.0367
ENSG00000238275.2	HOMER2P2	processed_pseudogene	0	0	0	0.0000	0.0000	0.0000
ENSG00000238276.6	AL354863.1	lncRNA	0	0	0	0.0000	0.0000	0.0000
ENSG00000238277.1	AC068483.1	lncRNA	0	0	0	0.0000	0.0000	0.0000
ENSG00000238278.3	ALG1L6P	unprocessed_pseudogene	34	39	51	3.8091	1.1157	1.0744
ENSG00000238279.1	BX470102.1	lncRNA	14	17	23	2.2390	0.6558	0.6315
ENSG00000238280.2	AC067751.1	lncRNA	3	184	157	0.2035	0.0596	0.0574
ENSG00000238282.1	AL121781.1	lncRNA	0	0	0	0.0000	0.0000	0.0000
ENSG00000238283.3	TBC1D3P1	transcribed_unprocessed_pseudogene	0	0	0	0.0000	0.0000	0.0000
ENSG00000238284.2	LINC01448	lncRNA	0	0	0	0.0000	0.0000	0.0000
ENSG00000238285.1	MRPL50P2	processed_pseudogene	0	1	0	0.0000	0.0000	0.0000
ENSG00000238286.1	SLC35E1P1	processed_pseudogene	2	0	2	0.1966	0.0576	0.0554
ENSG00000238287.1	AL603839.3	lncRNA	15	9	6	2.1055	0.6167	0.5939
ENSG00000238288.1	MTND3P23	unprocessed_pseudogene	0	0	0	0.0000	0.0000	0.0000
ENSG00000238290.1	AL034417.2	lncRNA	0	0	0	0.0000	0.0000	0.0000
ENSG00000238291.1	AL391704.2	lncRNA	0	0	0	0.0000	0.0000	0.0000
ENSG00000238295.1	AC019080.2	snoRNA	0	0	0	0.0000	0.0000	0.0000
ENSG00000238297.2	U3	snoRNA	0	0	0	0.0000	0.0000	0.0000
ENSG00000238300.1	SNORD121B	snoRNA	0	0	0	0.0000	0.0000	0.0000
ENSG00000238302.1	RNU7-120P	snRNA	0	0	0	0.0000	0.0000	0.0000
ENSG00000238304.1	RNU7-50P	snRNA	0	0	0	0.0000	0.0000	0.0000
ENSG00000238311.1	SNORD13E	snoRNA	0	0	0	0.0000	0.0000	0.0000
ENSG00000238316.1	AL627082.2	snoRNA	0	0	0	0.0000	0.0000	0.0000
ENSG00000238317.2	SNORD11	snoRNA	1	0	1	1.0110	0.2961	0.2851
ENSG00000238324.1	RN7SKP198	misc_RNA	0	0	0	0.0000	0.0000	0.0000
ENSG00000238326.1	AC016596.1	snoRNA	0	0	0	0.0000	0.0000	0.0000
ENSG00000238344.1	SNORD126	snoRNA	0	0	0	0.0000	0.0000	0.0000
ENSG00000238357.1	RNU7-148P	snRNA	0	0	0	0.0000	0.0000	0.0000
ENSG00000238358.2	AC004969.1	lncRNA	0	0	0	0.0000	0.0000	0.0000
ENSG00000238363.1	SNORA13	snoRNA	0	0	0	0.0000	0.0000	0.0000
ENSG00000238364.1	RNU7-140P	snRNA	1	1	0	1.4153	0.4146	0.3992
ENSG00000238365.3	RNU7-57P	snRNA	2	1	1	2.8307	0.8292	0.7984
ENSG00000238366.1	Y_RNA	misc_RNA	1	0	1	0.8408	0.2463	0.2372
ENSG00000238367.1	MIR2113	miRNA	0	0	0	0.0000	0.0000	0.0000
ENSG00000238370.1	RNU7-103P	snRNA	0	0	0	0.0000	0.0000	0.0000
ENSG00000238371.1	AC010145.2	snoRNA	0	0	0	0.0000	0.0000	0.0000
ENSG00000238372.1	AP001329.1	snoRNA	0	0	0	0.0000	0.0000	0.0000
ENSG00000238374.1	RNU7-180P	snRNA	0	0	0	0.0000	0.0000	0.0000
ENSG00000238379.1	RNA5SP103	rRNA_pseudogene	0	0	0	0.0000	0.0000	0.0000
ENSG00000238380.1	RNU7-165P	snRNA	0	0	0	0.0000	0.0000	0.0000
ENSG00000238382.1	RNU6-1211P	snRNA	0	0	0	0.0000	0.0000	0.0000
ENSG00000238386.1	RNU7-48P	snRNA	0	0	0	0.0000	0.0000	0.0000
ENSG00000238387.1	AC122179.1	snoRNA	0	0	0	0.0000	0.0000	0.0000
ENSG00000238390.1	AP000254.1	snoRNA	0	0	0	0.0000	0.0000	0.0000
ENSG00000238391.1	RNA5SP233	rRNA_pseudogene	0	0	0	0.0000	0.0000	0.0000
ENSG00000238399.1	MIR2053	miRNA	0	0	0	0.0000	0.0000	0.0000
ENSG00000238405.1	RNA5SP311	rRNA_pseudogene	0	0	0	0.0000	0.0000	0.0000
ENSG00000238406.1	RNU7-171P	snRNA	3	1	2	4.1091	1.2036	1.1590
ENSG00000238410.1	AC007099.3	snoRNA	0	0	0	0.0000	0.0000	0.0000
ENSG00000238417.1	RNU7-63P	snRNA	0	0	0	0.0000	0.0000	0.0000
ENSG00000238419.1	RNU7-186P	snRNA	1	0	1	1.3479	0.3948	0.3802
ENSG00000238420.1	RNU6-437P	snRNA	0	0	0	0.0000	0.0000	0.0000
ENSG00000238423.1	SNORD42B	snoRNA	0	0	0	0.0000	0.0000	0.0000
ENSG00000238426.1	Y_RNA	misc_RNA	0	0	0	0.0000	0.0000	0.0000
ENSG00000238427.1	RNU7-136P	snRNA	0	0	0	0.0000	0.0000	0.0000
ENSG00000238431.1	RNU7-157P	snRNA	0	0	0	0.0000	0.0000	0.0000
ENSG00000238440.1	AC135279.1	snoRNA	0	0	0	0.0000	0.0000	0.0000
ENSG00000238441.1	RNU7-130P	snRNA	0	0	0	0.0000	0.0000	0.0000
ENSG00000238443.1	Y_RNA	misc_RNA	0	0	0	0.0000	0.0000	0.0000
ENSG00000238444.1	RNU6-893P	snRNA	0	0	0	0.0000	0.0000	0.0000
ENSG00000238446.1	RNU7-38P	snRNA	0	0	0	0.0000	0.0000	0.0000
ENSG00000238447.1	RNU7-134P	snRNA	0	0	0	0.0000	0.0000	0.0000
ENSG00000238452.1	RNU7-144P	snRNA	0	0	0	0.0000	0.0000	0.0000
ENSG00000238456.1	RNU6-1014P	snRNA	0	0	0	0.0000	0.0000	0.0000
ENSG00000238457.1	RNU7-169P	snRNA	0	0	0	0.0000	0.0000	0.0000
ENSG00000238468.1	RNU7-14P	snRNA	0	0	0	0.0000	0.0000	0.0000
ENSG00000238478.1	RNU6-498P	snRNA	0	0	0	0.0000	0.0000	0.0000
ENSG00000238482.1	RNU6-1208P	snRNA	0	0	0	0.0000	0.0000	0.0000
ENSG00000238485.1	AL161777.1	snoRNA	0	0	0	0.0000	0.0000	0.0000
ENSG00000238489.1	RNU6-749P	snRNA	0	0	0	0.0000	0.0000	0.0000
ENSG00000238490.1	Y_RNA	misc_RNA	0	0	0	0.0000	0.0000	0.0000
ENSG00000238493.1	RNU6-221P	snRNA	0	0	0	0.0000	0.0000	0.0000
ENSG00000238498.1	SNORD13P1	snoRNA	1	0	1	0.8165	0.2392	0.2303
ENSG00000238500.1	RNU7-87P	snRNA	0	0	0	0.0000	0.0000	0.0000
ENSG00000238503.1	SNORD18	snoRNA	0	0	0	0.0000	0.0000	0.0000
ENSG00000238509.1	RNU6-104P	snRNA	1	0	1	0.7936	0.2325	0.2239
ENSG00000238516.1	Y_RNA	misc_RNA	1	1	0	0.8408	0.2463	0.2372
ENSG00000238517.1	MIR1270	miRNA	0	0	0	0.0000	0.0000	0.0000
ENSG00000238519.1	U8	snoRNA	0	0	0	0.0000	0.0000	0.0000
ENSG00000238523.1	RNU7-107P	snRNA	0	0	0	0.0000	0.0000	0.0000
ENSG00000238529.1	RNU6-599P	snRNA	0	0	0	0.0000	0.0000	0.0000
ENSG00000238531.1	SNORD105B	snoRNA	0	0	0	0.0000	0.0000	0.0000
ENSG00000238540.1	RNU7-93P	snRNA	0	0	0	0.0000	0.0000	0.0000
ENSG00000238542.1	RNU7-104P	snRNA	0	0	0	0.0000	0.0000	0.0000
ENSG00000238551.1	RNU6-1193P	snRNA	0	0	0	0.0000	0.0000	0.0000
ENSG00000238554.1	RNU1-88P	snRNA	0	0	0	0.0000	0.0000	0.0000
ENSG00000238558.1	RNU7-21P	snRNA	0	0	0	0.0000	0.0000	0.0000
ENSG00000238560.1	Y_RNA	misc_RNA	0	0	0	0.0000	0.0000	0.0000
ENSG00000238561.1	RNU6ATAC28P	snRNA	0	0	0	0.0000	0.0000	0.0000
ENSG00000238562.1	RNU7-159P	snRNA	0	0	0	0.0000	0.0000	0.0000
ENSG00000238570.1	AC092654.1	snoRNA	0	0	0	0.0000	0.0000	0.0000
ENSG00000238575.1	AP005136.1	snoRNA	0	0	0	0.0000	0.0000	0.0000
ENSG00000238578.1	SNORD4A	snoRNA	0	0	0	0.0000	0.0000	0.0000
ENSG00000238584.1	RNU7-167P	snRNA	0	0	0	0.0000	0.0000	0.0000
ENSG00000238585.1	Y_RNA	misc_RNA	0	0	0	0.0000	0.0000	0.0000
ENSG00000238590.1	RNU7-54P	snRNA	0	0	0	0.0000	0.0000	0.0000
ENSG00000238594.1	AL355497.3	snoRNA	0	0	0	0.0000	0.0000	0.0000
ENSG00000238597.1	SNORD4B	snoRNA	0	0	0	0.0000	0.0000	0.0000
ENSG00000238606.1	RNU7-7P	snRNA	0	0	0	0.0000	0.0000	0.0000
ENSG00000238609.1	RNU7-94P	snRNA	0	0	0	0.0000	0.0000	0.0000
ENSG00000238610.1	RNU7-26P	snRNA	0	0	0	0.0000	0.0000	0.0000
ENSG00000238616.1	RNU6-300P	snRNA	0	0	0	0.0000	0.0000	0.0000
ENSG00000238619.1	RNU6-775P	snRNA	0	0	0	0.0000	0.0000	0.0000
ENSG00000238622.1	SNORD97	snoRNA	0	0	0	0.0000	0.0000	0.0000
ENSG00000238627.1	RNA5SP489	rRNA_pseudogene	0	0	0	0.0000	0.0000	0.0000
ENSG00000238628.1	AL133211.1	snoRNA	0	0	0	0.0000	0.0000	0.0000
ENSG00000238632.1	RNU7-126P	snRNA	0	0	0	0.0000	0.0000	0.0000
ENSG00000238645.1	AC079416.1	snoRNA	0	0	0	0.0000	0.0000	0.0000
ENSG00000238649.1	SNORD42A	snoRNA	0	0	0	0.0000	0.0000	0.0000
ENSG00000238650.1	SNORD54	snoRNA	0	0	0	0.0000	0.0000	0.0000
ENSG00000238653.1	RNU7-62P	snRNA	0	0	0	0.0000	0.0000	0.0000
ENSG00000238658.1	RNU6-625P	snRNA	0	0	0	0.0000	0.0000	0.0000
ENSG00000238669.1	RNU6-333P	snRNA	0	0	0	0.0000	0.0000	0.0000
ENSG00000238680.1	RNU6-1037P	snRNA	0	0	0	0.0000	0.0000	0.0000
ENSG00000238685.1	AC092365.1	snoRNA	0	0	0	0.0000	0.0000	0.0000
ENSG00000238694.1	AC020589.1	snoRNA	0	0	0	0.0000	0.0000	0.0000
ENSG00000238697.1	RNU6-261P	snRNA	0	0	0	0.0000	0.0000	0.0000
ENSG00000238698.1	RNU7-147P	snRNA	0	0	0	0.0000	0.0000	0.0000
ENSG00000238704.1	RNU7-97P	snRNA	0	0	0	0.0000	0.0000	0.0000
ENSG00000238705.1	MIR1976	miRNA	0	0	0	0.0000	0.0000	0.0000
ENSG00000238707.1	AC025039.1	snoRNA	0	0	0	0.0000	0.0000	0.0000
ENSG00000238709.1	RNU7-56P	snRNA	0	0	0	0.0000	0.0000	0.0000
ENSG00000238711.1	RNY4P25	misc_RNA	0	0	0	0.0000	0.0000	0.0000
ENSG00000238713.1	Y_RNA	misc_RNA	0	0	0	0.0000	0.0000	0.0000
ENSG00000238719.1	RNU7-96P	snRNA	0	0	0	0.0000	0.0000	0.0000
ENSG00000238721.1	RNU7-194P	snRNA	0	0	0	0.0000	0.0000	0.0000
ENSG00000238723.1	Y_RNA	misc_RNA	0	0	0	0.0000	0.0000	0.0000
ENSG00000238724.1	AC020549.1	snoRNA	0	0	0	0.0000	0.0000	0.0000
ENSG00000238728.1	MIR1972-1	miRNA	0	0	0	0.0000	0.0000	0.0000
ENSG00000238730.1	RNU7-164P	snRNA	0	0	0	0.0000	0.0000	0.0000
ENSG00000238731.1	RNU7-90P	snRNA	0	0	0	0.0000	0.0000	0.0000
ENSG00000238735.1	RNU7-113P	snRNA	0	0	0	0.0000	0.0000	0.0000
ENSG00000238741.1	SCARNA7	scaRNA	0	0	0	0.0000	0.0000	0.0000
ENSG00000238745.1	AC113340.2	snoRNA	0	0	0	0.0000	0.0000	0.0000
ENSG00000238749.1	Y_RNA	misc_RNA	0	0	0	0.0000	0.0000	0.0000
ENSG00000238750.1	RNU7-27P	snRNA	0	0	0	0.0000	0.0000	0.0000
ENSG00000238754.1	SCARNA18B	snoRNA	0	0	0	0.0000	0.0000	0.0000
ENSG00000238755.3	LINC02006	lncRNA	8	3	5	0.2413	0.0707	0.0680
ENSG00000238759.1	RNU7-155P	snRNA	0	0	0	0.0000	0.0000	0.0000
ENSG00000238761.1	AL591521.1	snoRNA	0	0	0	0.0000	0.0000	0.0000
ENSG00000238764.1	AL845433.1	snoRNA	0	0	0	0.0000	0.0000	0.0000
ENSG00000238765.1	RNA5SP57	rRNA_pseudogene	0	0	0	0.0000	0.0000	0.0000
ENSG00000238777.1	RNU7-141P	snRNA	0	0	0	0.0000	0.0000	0.0000
ENSG00000238778.1	RNU7-80P	snRNA	0	0	0	0.0000	0.0000	0.0000
ENSG00000238782.1	RNU7-9P	snRNA	0	0	0	0.0000	0.0000	0.0000
ENSG00000238783.1	Y_RNA	misc_RNA	0	0	0	0.0000	0.0000	0.0000
ENSG00000238785.1	RNU7-92P	snRNA	0	0	0	0.0000	0.0000	0.0000
ENSG00000238788.1	RNU7-182P	snRNA	0	0	0	0.0000	0.0000	0.0000
ENSG00000238789.1	RNU7-152P	snRNA	0	0	0	0.0000	0.0000	0.0000
ENSG00000238793.1	SNORD124	snoRNA	1	1	0	0.8165	0.2392	0.2303
ENSG00000238795.1	SCARNA12	snoRNA	0	0	0	0.0000	0.0000	0.0000
ENSG00000238797.1	Y_RNA	misc_RNA	0	0	0	0.0000	0.0000	0.0000
ENSG00000238804.1	AC091133.2	snoRNA	0	0	0	0.0000	0.0000	0.0000
ENSG00000238808.1	RNU7-102P	snRNA	0	0	0	0.0000	0.0000	0.0000
ENSG00000238812.1	RNU7-127P	snRNA	0	0	0	0.0000	0.0000	0.0000
ENSG00000238813.1	Y_RNA	misc_RNA	0	0	0	0.0000	0.0000	0.0000
ENSG00000238819.1	AC091074.1	snoRNA	0	0	0	0.0000	0.0000	0.0000
ENSG00000238825.1	RNVU1-2	snRNA	0	0	0	0.0000	0.0000	0.0000
ENSG00000238829.1	RNU7-45P	snRNA	1	0	1	1.3479	0.3948	0.3802
ENSG00000238830.1	RNU7-46P	snRNA	0	0	0	0.0000	0.0000	0.0000
ENSG00000238832.1	AC004839.1	snoRNA	31	14	17	18.1554	5.3180	5.1208
ENSG00000238833.1	RNU1-131P	snRNA	0	0	0	0.0000	0.0000	0.0000
ENSG00000238835.1	SCARNA18	snoRNA	2	1	1	1.2675	0.3713	0.3575
ENSG00000238837.3	LINC02031	lncRNA	0	0	0	0.0000	0.0000	0.0000
ENSG00000238840.1	U8	snoRNA	0	0	0	0.0000	0.0000	0.0000
ENSG00000238842.1	RNU7-106P	snRNA	0	0	0	0.0000	0.0000	0.0000
ENSG00000238845.1	Y_RNA	misc_RNA	0	0	0	0.0000	0.0000	0.0000
ENSG00000238854.1	AC100803.1	snoRNA	0	0	0	0.0000	0.0000	0.0000
ENSG00000238862.1	SNORD19B	snoRNA	0	0	0	0.0000	0.0000	0.0000
ENSG00000238875.1	RN7SKP210	misc_RNA	0	0	0	0.0000	0.0000	0.0000
ENSG00000238880.1	RNU7-59P	snRNA	0	0	0	0.0000	0.0000	0.0000
ENSG00000238882.1	RNU6-329P	snRNA	0	0	0	0.0000	0.0000	0.0000
ENSG00000238884.1	RNU7-85P	snRNA	0	0	0	0.0000	0.0000	0.0000
ENSG00000238886.1	SNORD121A	snoRNA	0	0	0	0.0000	0.0000	0.0000
ENSG00000238898.1	RNU1-80P	snRNA	0	0	0	0.0000	0.0000	0.0000
ENSG00000238901.1	AC100872.1	snoRNA	0	0	0	0.0000	0.0000	0.0000
ENSG00000238902.1	AC026671.1	snoRNA	0	0	0	0.0000	0.0000	0.0000
ENSG00000238904.1	RNU7-34P	snRNA	0	0	0	0.0000	0.0000	0.0000
ENSG00000238906.1	AC004912.1	snoRNA	0	0	0	0.0000	0.0000	0.0000
ENSG00000238908.1	RNA5SP484	rRNA_pseudogene	0	0	0	0.0000	0.0000	0.0000
ENSG00000238912.1	Y_RNA	misc_RNA	0	0	0	0.0000	0.0000	0.0000
ENSG00000238913.1	RNU7-196P	snRNA	0	0	0	0.0000	0.0000	0.0000
ENSG00000238917.1	SNORD10	snoRNA	0	0	0	0.0000	0.0000	0.0000
ENSG00000238923.1	RNU7-1	snRNA	0	0	0	0.0000	0.0000	0.0000
ENSG00000238924.2	RNU7-82P	snRNA	0	0	0	0.0000	0.0000	0.0000
ENSG00000238926.1	Y_RNA	misc_RNA	0	0	0	0.0000	0.0000	0.0000
ENSG00000238933.1	Y_RNA	misc_RNA	0	0	0	0.0000	0.0000	0.0000
ENSG00000238934.1	AL591806.1	snoRNA	1	0	1	0.6583	0.1928	0.1857
ENSG00000238936.1	SNORD65B	snoRNA	0	0	0	0.0000	0.0000	0.0000
ENSG00000238941.1	RNU6-953P	snRNA	0	0	0	0.0000	0.0000	0.0000
ENSG00000238942.1	SNORD2	snoRNA	0	0	0	0.0000	0.0000	0.0000
ENSG00000238943.1	Y_RNA	misc_RNA	0	0	0	0.0000	0.0000	0.0000
ENSG00000238949.1	RNU7-66P	snRNA	0	0	0	0.0000	0.0000	0.0000
ENSG00000238950.1	RNU7-173P	snRNA	0	0	0	0.0000	0.0000	0.0000
ENSG00000238959.1	RNU7-19P	snRNA	0	0	0	0.0000	0.0000	0.0000
ENSG00000238961.1	SNORA47	snoRNA	0	0	0	0.0000	0.0000	0.0000
ENSG00000238962.1	RNU7-176P	snRNA	0	0	0	0.0000	0.0000	0.0000
ENSG00000238963.2	U8	snoRNA	0	0	0	0.0000	0.0000	0.0000
ENSG00000238964.1	RNU7-125P	snRNA	0	0	0	0.0000	0.0000	0.0000
ENSG00000238965.1	RNA5SP351	rRNA_pseudogene	0	0	0	0.0000	0.0000	0.0000
ENSG00000238966.1	AC090571.1	snoRNA	0	0	0	0.0000	0.0000	0.0000
ENSG00000238987.1	RNU7-133P	snRNA	0	0	0	0.0000	0.0000	0.0000
ENSG00000238998.1	RNU7-187P	snRNA	0	0	0	0.0000	0.0000	0.0000
ENSG00000239001.1	RNU6-420P	snRNA	0	0	0	0.0000	0.0000	0.0000
ENSG00000239002.3	SCARNA10	snoRNA	0	0	0	0.0000	0.0000	0.0000
ENSG00000239003.1	RNU7-88P	snRNA	0	0	0	0.0000	0.0000	0.0000
ENSG00000239005.1	AC097376.1	snoRNA	0	0	0	0.0000	0.0000	0.0000
ENSG00000239007.1	RNU7-95P	snRNA	0	0	0	0.0000	0.0000	0.0000
ENSG00000239008.1	AL590031.1	snoRNA	0	0	0	0.0000	0.0000	0.0000
ENSG00000239010.1	RNU7-74P	snRNA	0	0	0	0.0000	0.0000	0.0000
ENSG00000239014.1	SNORD108	snoRNA	0	0	0	0.0000	0.0000	0.0000
ENSG00000239021.1	RNA5SP246	rRNA_pseudogene	0	0	0	0.0000	0.0000	0.0000
ENSG00000239023.1	RNU1-98P	snRNA	0	0	0	0.0000	0.0000	0.0000
ENSG00000239030.1	RNU6-956P	snRNA	0	0	0	0.0000	0.0000	0.0000
ENSG00000239035.1	SNORD13D	snoRNA	0	0	0	0.0000	0.0000	0.0000
ENSG00000239039.1	SNORD13	snoRNA	0	0	0	0.0000	0.0000	0.0000
ENSG00000239040.1	Y_RNA	misc_RNA	0	0	0	0.0000	0.0000	0.0000
ENSG00000239041.1	AC018712.2	snoRNA	0	0	0	0.0000	0.0000	0.0000
ENSG00000239043.1	SNORD127	snoRNA	0	0	0	0.0000	0.0000	0.0000
ENSG00000239053.1	RNU7-138P	snRNA	0	0	0	0.0000	0.0000	0.0000
ENSG00000239057.2	MIR500B	miRNA	0	0	0	0.0000	0.0000	0.0000
ENSG00000239069.1	Y_RNA	misc_RNA	0	0	0	0.0000	0.0000	0.0000
ENSG00000239075.1	RNU6-274P	snRNA	0	0	0	0.0000	0.0000	0.0000
ENSG00000239078.1	RNU7-55P	snRNA	0	0	0	0.0000	0.0000	0.0000
ENSG00000239079.1	AP002762.1	snoRNA	0	0	0	0.0000	0.0000	0.0000
ENSG00000239080.1	AL807743.1	snoRNA	0	0	0	0.0000	0.0000	0.0000
ENSG00000239081.1	RNU7-24P	snRNA	0	0	0	0.0000	0.0000	0.0000
ENSG00000239082.1	RNU7-170P	snRNA	0	0	0	0.0000	0.0000	0.0000
ENSG00000239093.1	AC068299.1	snoRNA	14	11	3	11.3227	3.3166	3.1936
ENSG00000239096.1	AC090425.1	snoRNA	0	0	0	0.0000	0.0000	0.0000
ENSG00000239099.1	RNU7-23P	snRNA	0	0	0	0.0000	0.0000	0.0000
ENSG00000239102.1	RNU7-185P	snRNA	0	0	0	0.0000	0.0000	0.0000
ENSG00000239105.1	RNU7-73P	snRNA	0	0	0	0.0000	0.0000	0.0000
ENSG00000239106.1	Y_RNA	misc_RNA	0	0	0	0.0000	0.0000	0.0000
ENSG00000239108.1	RNU6-1132P	snRNA	0	0	0	0.0000	0.0000	0.0000
ENSG00000239112.1	SNORD123	snoRNA	0	0	0	0.0000	0.0000	0.0000
ENSG00000239115.1	RNU7-67P	snRNA	0	0	0	0.0000	0.0000	0.0000
ENSG00000239118.1	MIR1972-2	miRNA	0	0	0	0.0000	0.0000	0.0000
ENSG00000239119.1	RNU7-119P	snRNA	0	0	0	0.0000	0.0000	0.0000
ENSG00000239122.1	RNU2-11P	snRNA	2	0	2	0.9082	0.2660	0.2562
ENSG00000239127.1	SNORD125	snoRNA	0	0	0	0.0000	0.0000	0.0000
ENSG00000239128.1	SNORD13P3	snoRNA	0	0	0	0.0000	0.0000	0.0000
ENSG00000239129.1	AC104982.1	snoRNA	0	0	0	0.0000	0.0000	0.0000
ENSG00000239137.1	AC010327.1	snoRNA	0	0	0	0.0000	0.0000	0.0000
ENSG00000239142.1	U8	snoRNA	0	0	0	0.0000	0.0000	0.0000
ENSG00000239143.1	Y_RNA	misc_RNA	0	0	0	0.0000	0.0000	0.0000
ENSG00000239148.1	U8	snoRNA	0	0	0	0.0000	0.0000	0.0000
ENSG00000239149.1	SNORA59A	snoRNA	1	0	1	0.5587	0.1636	0.1576
ENSG00000239151.1	RNU7-195P	snRNA	0	0	0	0.0000	0.0000	0.0000
ENSG00000239152.1	RNA5SP310	rRNA_pseudogene	0	0	0	0.0000	0.0000	0.0000
ENSG00000239153.1	AP000997.1	snoRNA	0	0	0	0.0000	0.0000	0.0000
ENSG00000239168.1	RNU7-197P	snRNA	0	0	0	0.0000	0.0000	0.0000
ENSG00000239169.1	SNORD109B	snoRNA	0	0	0	0.0000	0.0000	0.0000
ENSG00000239175.1	RNU6-1218P	snRNA	0	0	0	0.0000	0.0000	0.0000
ENSG00000239180.1	Y_RNA	misc_RNA	0	0	0	0.0000	0.0000	0.0000
ENSG00000239182.1	AL391280.1	snoRNA	0	0	0	0.0000	0.0000	0.0000
ENSG00000239183.1	SNORA84	snoRNA	0	0	0	0.0000	0.0000	0.0000
ENSG00000239184.1	RNA5SP269	rRNA_pseudogene	0	0	0	0.0000	0.0000	0.0000
ENSG00000239185.1	RNU7-190P	snRNA	0	0	0	0.0000	0.0000	0.0000
ENSG00000239189.1	RNU6-634P	snRNA	0	0	0	0.0000	0.0000	0.0000
ENSG00000239190.1	RNU6-717P	snRNA	0	0	0	0.0000	0.0000	0.0000
ENSG00000239194.1	RNU1-123P	snRNA	0	0	0	0.0000	0.0000	0.0000
ENSG00000239195.1	SNORD5	snoRNA	0	0	0	0.0000	0.0000	0.0000
ENSG00000239197.1	AC090985.1	snoRNA	0	0	0	0.0000	0.0000	0.0000
ENSG00000239198.1	RPL5P22	processed_pseudogene	3	1	2	0.2882	0.0844	0.0813
ENSG00000239199.1	RPL21P6	processed_pseudogene	0	0	0	0.0000	0.0000	0.0000
ENSG00000239200.1	RPL22P20	processed_pseudogene	0	0	0	0.0000	0.0000	0.0000
ENSG00000239201.1	RPL21P106	processed_pseudogene	0	0	0	0.0000	0.0000	0.0000
ENSG00000239202.3	RN7SL499P	misc_RNA	0	0	0	0.0000	0.0000	0.0000
ENSG00000239203.1	AC093484.1	lncRNA	1	0	1	0.1780	0.0521	0.0502
ENSG00000239205.1	LINC02023	lncRNA	0	0	0	0.0000	0.0000	0.0000
ENSG00000239207.2	GAPDHP39	processed_pseudogene	0	0	0	0.0000	0.0000	0.0000
ENSG00000239210.2	RPS26P55	processed_pseudogene	2	0	2	0.4771	0.1397	0.1346
ENSG00000239211.3	RN7SL563P	misc_RNA	0	0	0	0.0000	0.0000	0.0000
ENSG00000239212.2	RPL6P7	processed_pseudogene	0	0	0	0.0000	0.0000	0.0000
ENSG00000239213.6	NCK1-DT	lncRNA	80	113	80	1.1683	0.3422	0.3295
ENSG00000239215.1	RPL27P12	processed_pseudogene	0	0	0	0.0000	0.0000	0.0000
ENSG00000239216.1	AL139420.2	lncRNA	0	0	0	0.0000	0.0000	0.0000
ENSG00000239218.2	RPS20P22	transcribed_processed_pseudogene	2	2	0	0.1289	0.0377	0.0363
ENSG00000239219.2	AC008040.1	lncRNA	1	1	1	0.0106	0.0031	0.0030
ENSG00000239221.3	RN7SL442P	misc_RNA	0	0	0	0.0000	0.0000	0.0000
ENSG00000239223.3	RPL34P31	processed_pseudogene	3	2	1	0.6867	0.2011	0.1937
ENSG00000239224.3	RN7SL546P	misc_RNA	0	0	0	0.0000	0.0000	0.0000
ENSG00000239225.1	TTTY23	lncRNA	0	0	0	0.0000	0.0000	0.0000
ENSG00000239226.1	MRPS17P3	processed_pseudogene	0	0	0	0.0000	0.0000	0.0000
ENSG00000239227.1	AC069439.1	processed_pseudogene	0	0	0	0.0000	0.0000	0.0000
ENSG00000239228.3	RN7SL578P	misc_RNA	0	0	0	0.0000	0.0000	0.0000
ENSG00000239238.1	MEMO1P3	processed_pseudogene	0	0	0	0.0000	0.0000	0.0000
ENSG00000239246.3	AC008026.1	processed_pseudogene	19	10	9	3.6096	1.0573	1.0181
ENSG00000239247.3	RN7SL589P	misc_RNA	2	1	1	0.5479	0.1605	0.1545
ENSG00000239249.3	RN7SL757P	misc_RNA	0	0	0	0.0000	0.0000	0.0000
ENSG00000239250.3	RN7SL271P	misc_RNA	0	0	0	0.0000	0.0000	0.0000
ENSG00000239253.1	RPS4XP23	processed_pseudogene	1	2	1	0.3583	0.1050	0.1011
ENSG00000239254.1	AC009220.2	processed_pseudogene	0	0	0	0.0000	0.0000	0.0000
ENSG00000239255.1	AC007620.1	processed_pseudogene	0	0	0	0.0000	0.0000	0.0000
ENSG00000239256.1	RPL35AP35	processed_pseudogene	0	0	0	0.0000	0.0000	0.0000
ENSG00000239257.1	RPL23AP1	transcribed_processed_pseudogene	0	0	0	0.0000	0.0000	0.0000
ENSG00000239261.1	RPL31P41	processed_pseudogene	0	0	0	0.0000	0.0000	0.0000
ENSG00000239263.1	RBM43P1	processed_pseudogene	0	0	0	0.0000	0.0000	0.0000
ENSG00000239264.9	TXNDC5	protein_coding	19	7	12	0.3700	0.1084	0.1044
ENSG00000239265.5	CLRN1-AS1	lncRNA	0	0	0	0.0000	0.0000	0.0000
ENSG00000239268.3	AC092691.1	lncRNA	0	0	0	0.0000	0.0000	0.0000
ENSG00000239269.1	RPSAP4	processed_pseudogene	2	0	2	0.1913	0.0560	0.0539
ENSG00000239272.1	RPL21P10	processed_pseudogene	6	2	4	1.0398	0.3046	0.2933
ENSG00000239279.3	RN7SL184P	misc_RNA	0	0	0	0.0000	0.0000	0.0000
ENSG00000239280.1	AC108693.1	processed_pseudogene	0	0	0	0.0000	0.0000	0.0000
ENSG00000239281.2	RPS29P2	processed_pseudogene	0	0	0	0.0000	0.0000	0.0000
ENSG00000239282.8	CASTOR1	protein_coding	5	2	3	0.1549	0.0454	0.0437
ENSG00000239288.1	AC063923.1	processed_pseudogene	1	0	1	0.0525	0.0154	0.0148
ENSG00000239291.1	AC002558.1	processed_pseudogene	2	0	2	0.2115	0.0620	0.0597
ENSG00000239293.1	OR9P1P	unprocessed_pseudogene	0	0	0	0.0000	0.0000	0.0000
ENSG00000239300.6	AC080162.1	lncRNA	5	7	4	0.7475	0.2190	0.2108
ENSG00000239304.1	DNM1P48	processed_pseudogene	0	0	0	0.0000	0.0000	0.0000
ENSG00000239305.7	RNF103	protein_coding	1329	1190	1226	14.8616	4.3532	4.1918
ENSG00000239306.5	RBM14	protein_coding	1648	864	786	21.5971	6.3261	6.0916
ENSG00000239311.1	AC092916.1	lncRNA	0	0	0	0.0000	0.0000	0.0000
ENSG00000239314.1	MORC1-AS1	lncRNA	0	0	0	0.0000	0.0000	0.0000
ENSG00000239315.4	RPL19P13	processed_pseudogene	2	1	1	0.2913	0.0853	0.0822
ENSG00000239316.3	RN7SL11P	misc_RNA	0	0	0	0.0000	0.0000	0.0000
ENSG00000239317.1	RPL35AP17	processed_pseudogene	2	0	2	0.7136	0.2090	0.2013
ENSG00000239319.3	RN7SL854P	misc_RNA	0	0	0	0.0000	0.0000	0.0000
ENSG00000239320.1	RPS29P26	processed_pseudogene	0	0	0	0.0000	0.0000	0.0000
ENSG00000239322.1	ATP6V1B1-AS1	lncRNA	6	2	4	0.4473	0.1310	0.1262
ENSG00000239323.1	AL163973.1	processed_pseudogene	0	0	0	0.0000	0.0000	0.0000
ENSG00000239327.1	AL163195.1	processed_pseudogene	0	0	0	0.0000	0.0000	0.0000
ENSG00000239332.6	LINC01119	lncRNA	13	9	4	0.2712	0.0795	0.0765
ENSG00000239333.3	RN7SL658P	misc_RNA	0	0	0	0.0000	0.0000	0.0000
ENSG00000239335.4	LLPH-DT	lncRNA	0	3	1	0.0000	0.0000	0.0000
ENSG00000239344.1	AC090686.1	processed_pseudogene	3	3	0	0.3401	0.0996	0.0959
ENSG00000239345.2	HNRNPA1P26	processed_pseudogene	8	5	3	0.6221	0.1822	0.1755
ENSG00000239350.2	AC105265.1	processed_pseudogene	0	0	0	0.0000	0.0000	0.0000
ENSG00000239351.1	NPM1P29	processed_pseudogene	6	1	5	0.6345	0.1859	0.1790
ENSG00000239354.1	RPS17P15	processed_pseudogene	0	0	0	0.0000	0.0000	0.0000
ENSG00000239356.3	RN7SL309P	misc_RNA	0	0	0	0.0000	0.0000	0.0000
ENSG00000239365.2	RPS26P49	processed_pseudogene	1	0	1	0.2543	0.0745	0.0717
ENSG00000239367.2	RN7SL477P	misc_RNA	0	0	0	0.0000	0.0000	0.0000
ENSG00000239374.1	AC090013.1	processed_pseudogene	4	2	2	0.7077	0.2073	0.1996
ENSG00000239377.1	ZNF775-AS1	lncRNA	0	0	0	0.0000	0.0000	0.0000
ENSG00000239381.7	AC125613.1	lncRNA	2	1	1	0.1029	0.0301	0.0290
ENSG00000239382.10	ALKBH6	protein_coding	22	14	8	0.4352	0.1275	0.1227
ENSG00000239383.1	AC108724.1	processed_pseudogene	0	0	0	0.0000	0.0000	0.0000
ENSG00000239388.9	ASB14	protein_coding	10	70	81	0.2621	0.0768	0.0739
ENSG00000239389.8	PCDHA13	protein_coding	1	2	0	0.0156	0.0046	0.0044
ENSG00000239390.3	RN7SL87P	misc_RNA	0	0	0	0.0000	0.0000	0.0000
ENSG00000239392.2	AL354989.2	processed_pseudogene	2	2	0	0.1103	0.0323	0.0311
ENSG00000239393.1	AC146507.1	processed_pseudogene	0	0	0	0.0000	0.0000	0.0000
ENSG00000239395.2	AC118470.1	protein_coding	0	0	0	0.0000	0.0000	0.0000
ENSG00000239396.3	RN7SL414P	misc_RNA	0	0	0	0.0000	0.0000	0.0000
ENSG00000239397.1	AC084878.1	processed_pseudogene	0	0	0	0.0000	0.0000	0.0000
ENSG00000239398.3	RN7SL342P	misc_RNA	0	0	0	0.0000	0.0000	0.0000
ENSG00000239402.3	CYP4F62P	transcribed_unprocessed_pseudogene	0	0	0	0.0000	0.0000	0.0000
ENSG00000239405.1	TMED10P2	processed_pseudogene	0	0	0	0.0000	0.0000	0.0000
ENSG00000239407.5	Z68871.1	lncRNA	20	8	12	1.4990	0.4391	0.4228
ENSG00000239408.1	AC108751.1	processed_pseudogene	0	0	0	0.0000	0.0000	0.0000
ENSG00000239412.1	RPL21P71	processed_pseudogene	0	0	0	0.0000	0.0000	0.0000
ENSG00000239413.1	RPS27P23	processed_pseudogene	1	0	1	0.3383	0.0991	0.0954
ENSG00000239415.1	AP001469.3	lncRNA	54	37	25	2.0139	0.5899	0.5680
ENSG00000239419.3	RN7SL535P	misc_RNA	3	0	3	0.8607	0.2521	0.2428
ENSG00000239426.4	OR8F1P	unprocessed_pseudogene	0	0	0	0.0000	0.0000	0.0000
ENSG00000239428.2	GM2AP2	processed_pseudogene	0	0	0	0.0000	0.0000	0.0000
ENSG00000239432.1	AF186996.1	processed_pseudogene	0	0	0	0.0000	0.0000	0.0000
ENSG00000239435.2	KCNMB3P1	transcribed_unprocessed_pseudogene	0	0	0	0.0000	0.0000	0.0000
ENSG00000239437.3	RN7SL752P	misc_RNA	0	0	0	0.0000	0.0000	0.0000
ENSG00000239438.1	RPS26P48	processed_pseudogene	0	0	0	0.0000	0.0000	0.0000
ENSG00000239439.1	RFKP2	processed_pseudogene	0	0	0	0.0000	0.0000	0.0000
ENSG00000239440.6	LINC02008	lncRNA	0	0	0	0.0000	0.0000	0.0000
ENSG00000239443.1	PABPC1P10	processed_pseudogene	1	1	0	0.2229	0.0653	0.0629
ENSG00000239445.6	ST3GAL6-AS1	lncRNA	690	448	400	6.2402	1.8278	1.7601
ENSG00000239446.1	AC004882.2	lncRNA	0	0	0	0.0000	0.0000	0.0000
ENSG00000239453.1	SIDT1-AS1	lncRNA	1	0	1	0.1826	0.0535	0.0515
ENSG00000239454.1	LINC02047	lncRNA	0	0	0	0.0000	0.0000	0.0000
ENSG00000239455.1	AC074043.1	processed_pseudogene	0	0	0	0.0000	0.0000	0.0000
ENSG00000239462.1	AC091212.1	lncRNA	2	2	0	0.4300	0.1259	0.1213
ENSG00000239464.3	RN7SL691P	misc_RNA	0	0	0	0.0000	0.0000	0.0000
ENSG00000239465.1	AC090543.1	processed_pseudogene	0	0	0	0.0000	0.0000	0.0000
ENSG00000239466.3	RN7SL552P	misc_RNA	0	0	0	0.0000	0.0000	0.0000
ENSG00000239467.6	AC007405.3	lncRNA	207	96	111	6.0511	1.7725	1.7068
ENSG00000239468.3	RN7SL569P	misc_RNA	0	0	0	0.0000	0.0000	0.0000
ENSG00000239470.3	AC011979.1	processed_pseudogene	13	7	6	2.2856	0.6695	0.6447
ENSG00000239471.3	RN7SL584P	misc_RNA	0	0	0	0.0000	0.0000	0.0000
ENSG00000239472.3	RN7SL221P	misc_RNA	2	1	1	0.6044	0.1770	0.1705
ENSG00000239473.1	RPL7P38	processed_pseudogene	4	2	2	0.4597	0.1346	0.1296
ENSG00000239474.7	KLHL41	protein_coding	14	10	4	0.4545	0.1331	0.1282
ENSG00000239480.1	AC073517.1	lncRNA	1	0	1	0.1570	0.0460	0.0443
ENSG00000239481.1	RPS3AP41	processed_pseudogene	0	0	0	0.0000	0.0000	0.0000
ENSG00000239482.6	AC112487.1	lncRNA	324	144	180	21.8021	6.3862	6.1494
ENSG00000239483.1	RPS15AP16	processed_pseudogene	0	0	0	0.0000	0.0000	0.0000
ENSG00000239486.1	AC091390.2	unprocessed_pseudogene	1	3	5	0.2512	0.0736	0.0709
ENSG00000239490.1	RPS4XP18	processed_pseudogene	0	0	0	0.0000	0.0000	0.0000
ENSG00000239494.2	RN7SL333P	misc_RNA	2	1	1	0.5719	0.1675	0.1613
ENSG00000239498.1	AC019211.1	lncRNA	0	0	0	0.0000	0.0000	0.0000
ENSG00000239503.1	MARK2P8	processed_pseudogene	2	1	1	0.1784	0.0523	0.0503
ENSG00000239504.3	RN7SL583P	misc_RNA	0	0	0	0.0000	0.0000	0.0000
ENSG00000239508.1	PLCH1-AS1	lncRNA	0	0	0	0.0000	0.0000	0.0000
ENSG00000239510.2	RPL9P5	processed_pseudogene	0	0	0	0.0000	0.0000	0.0000
ENSG00000239511.2	POM121L7P	processed_pseudogene	0	0	0	0.0000	0.0000	0.0000
ENSG00000239513.6	LINC01210	lncRNA	0	0	0	0.0000	0.0000	0.0000
ENSG00000239516.1	FLYWCH1P1	processed_pseudogene	0	0	0	0.0000	0.0000	0.0000
ENSG00000239517.1	AC116337.2	processed_pseudogene	0	0	0	0.0000	0.0000	0.0000
ENSG00000239519.1	CADM2-AS1	lncRNA	0	0	0	0.0000	0.0000	0.0000
ENSG00000239521.9	CASTOR3	transcribed_unprocessed_pseudogene	257	192	175	4.4906	1.3154	1.2666
ENSG00000239523.6	MYLK-AS1	lncRNA	33	409	454	0.6233	0.1826	0.1758
ENSG00000239524.2	RPL32P34	processed_pseudogene	0	0	0	0.0000	0.0000	0.0000
ENSG00000239525.1	RPL30P5	processed_pseudogene	0	0	0	0.0000	0.0000	0.0000
ENSG00000239527.1	RPS23P7	processed_pseudogene	0	0	0	0.0000	0.0000	0.0000
ENSG00000239528.1	RPS14P8	processed_pseudogene	33	18	15	7.5945	2.2246	2.1421
ENSG00000239532.1	AC108022.1	processed_pseudogene	1	1	0	0.1777	0.0520	0.0501
ENSG00000239533.6	GOLGA2P2Y	transcribed_unprocessed_pseudogene	0	0	0	0.0000	0.0000	0.0000
ENSG00000239539.1	HMGN1P20	processed_pseudogene	0	0	0	0.0000	0.0000	0.0000
ENSG00000239542.3	RN7SL399P	misc_RNA	0	0	0	0.0000	0.0000	0.0000
ENSG00000239544.1	AL442663.1	processed_pseudogene	0	0	0	0.0000	0.0000	0.0000
ENSG00000239545.3	RN7SL822P	misc_RNA	0	0	0	0.0000	0.0000	0.0000
ENSG00000239547.3	RN7SL843P	misc_RNA	0	0	0	0.0000	0.0000	0.0000
ENSG00000239552.2	HOXB-AS2	lncRNA	7	3	4	0.7035	0.2061	0.1984
ENSG00000239553.3	RN7SL12P	misc_RNA	0	0	0	0.0000	0.0000	0.0000
ENSG00000239555.3	RN7SL841P	misc_RNA	0	0	0	0.0000	0.0000	0.0000
ENSG00000239556.4	AC004951.2	transcribed_unprocessed_pseudogene	9	3	6	0.9638	0.2823	0.2718
ENSG00000239557.1	PPP2R5CP	processed_pseudogene	8	2	6	0.5519	0.1617	0.1557
ENSG00000239559.2	RPL37P2	processed_pseudogene	15	10	5	4.4384	1.3001	1.2519
ENSG00000239560.3	RN7SL479P	misc_RNA	0	0	0	0.0000	0.0000	0.0000
ENSG00000239568.1	AC104435.1	processed_pseudogene	0	0	0	0.0000	0.0000	0.0000
ENSG00000239569.3	KMT2E-AS1	lncRNA	47	71	54	5.4229	1.5885	1.5296
ENSG00000239570.1	SETP11	processed_pseudogene	0	0	0	0.0000	0.0000	0.0000
ENSG00000239571.1	IGKV2D-30	IG_V_gene	6	1	6	1.2899	0.3778	0.3638
ENSG00000239572.3	AC108749.1	lncRNA	12	20	19	0.2108	0.0617	0.0594
ENSG00000239576.1	COX6CP14	processed_pseudogene	0	0	0	0.0000	0.0000	0.0000
ENSG00000239577.3	RN7SL388P	misc_RNA	0	0	0	0.0000	0.0000	0.0000
ENSG00000239579.3	RN7SL325P	misc_RNA	0	0	0	0.0000	0.0000	0.0000
ENSG00000239580.3	RN7SL675P	misc_RNA	0	0	0	0.0000	0.0000	0.0000
ENSG00000239586.1	MTND1P16	unprocessed_pseudogene	0	0	0	0.0000	0.0000	0.0000
ENSG00000239589.7	LINC00879	lncRNA	0	0	0	0.0000	0.0000	0.0000
ENSG00000239590.1	OR1J4	protein_coding	1	1	0	0.0901	0.0264	0.0254
ENSG00000239593.1	AL513122.2	lncRNA	2	2	1	0.2027	0.0594	0.0572
ENSG00000239595.3	RN7SL79P	misc_RNA	0	0	0	0.0000	0.0000	0.0000
ENSG00000239600.1	AP000797.1	processed_pseudogene	0	0	0	0.0000	0.0000	0.0000
ENSG00000239602.1	RPL35AP16	processed_pseudogene	1	1	0	0.2645	0.0775	0.0746
ENSG00000239605.11	STPG4	protein_coding	0	0	1	0.0000	0.0000	0.0000
ENSG00000239607.3	RN7SL573P	misc_RNA	0	3	5	0.0000	0.0000	0.0000
ENSG00000239608.1	RUVBL1-AS1	lncRNA	0	0	0	0.0000	0.0000	0.0000
ENSG00000239614.1	HMGN1P7	processed_pseudogene	0	0	1	0.0000	0.0000	0.0000
ENSG00000239615.1	AC104109.1	processed_pseudogene	0	0	0	0.0000	0.0000	0.0000
ENSG00000239617.1	AC073610.1	processed_pseudogene	6	2	4	1.2867	0.3769	0.3629
ENSG00000239620.3	PRR20G	protein_coding	6	3	3	0.4696	0.1376	0.1325
ENSG00000239622.1	AC005165.2	processed_pseudogene	0	0	0	0.0000	0.0000	0.0000
ENSG00000239625.3	RN7SL241P	misc_RNA	0	0	0	0.0000	0.0000	0.0000
ENSG00000239626.1	RPSAP41	processed_pseudogene	0	0	0	0.0000	0.0000	0.0000
ENSG00000239627.3	RPL12P20	processed_pseudogene	0	0	0	0.0000	0.0000	0.0000
ENSG00000239628.1	AC073288.1	lncRNA	0	0	0	0.0000	0.0000	0.0000
ENSG00000239632.1	MTND4LP3	unprocessed_pseudogene	0	0	0	0.0000	0.0000	0.0000
ENSG00000239636.1	TFAP2E-AS1	lncRNA	16	10	9	1.3192	0.3864	0.3721
ENSG00000239640.3	RN7SL62P	misc_RNA	0	0	0	0.0000	0.0000	0.0000
ENSG00000239641.1	PLS1-AS1	lncRNA	0	0	0	0.0000	0.0000	0.0000
ENSG00000239642.6	MEIKIN	protein_coding	0	0	0	0.0000	0.0000	0.0000
ENSG00000239648.1	MTND1P3	processed_pseudogene	0	0	0	0.0000	0.0000	0.0000
ENSG00000239649.3	MYADML	transcribed_processed_pseudogene	2	1	2	0.0672	0.0197	0.0189
ENSG00000239650.4	GUSBP4	transcribed_unprocessed_pseudogene	0	0	0	0.0000	0.0000	0.0000
ENSG00000239653.1	PSMD6-AS2	lncRNA	4	4	5	0.1383	0.0405	0.0390
ENSG00000239659.2	RPL9P31	processed_pseudogene	0	0	0	0.0000	0.0000	0.0000
ENSG00000239661.1	AC092925.1	lncRNA	0	0	0	0.0000	0.0000	0.0000
ENSG00000239665.8	AL157392.3	lncRNA	200	835	859	1.1314	0.3314	0.3191
ENSG00000239670.1	AL355864.2	unprocessed_pseudogene	0	0	0	0.0000	0.0000	0.0000
ENSG00000239671.1	AC100793.1	processed_pseudogene	0	0	0	0.0000	0.0000	0.0000
ENSG00000239672.8	NME1	protein_coding	1212	553	659	30.1387	8.8281	8.5008
ENSG00000239674.2	Z83839.2	lncRNA	1	0	1	0.3099	0.0908	0.0874
ENSG00000239677.6	PDZRN3-AS1	lncRNA	0	0	0	0.0000	0.0000	0.0000
ENSG00000239679.3	RN7SL193P	misc_RNA	0	0	0	0.0000	0.0000	0.0000
ENSG00000239683.1	AC007998.1	processed_pseudogene	1	1	0	0.1264	0.0370	0.0356
ENSG00000239684.2	PTGER4P3	processed_pseudogene	0	0	0	0.0000	0.0000	0.0000
ENSG00000239686.1	AL158801.1	processed_pseudogene	2	0	2	0.4880	0.1430	0.1377
ENSG00000239689.1	RPL17P46	processed_pseudogene	0	0	0	0.0000	0.0000	0.0000
ENSG00000239690.3	RN7SL668P	misc_RNA	0	0	0	0.0000	0.0000	0.0000
ENSG00000239694.1	RPSAP38	processed_pseudogene	0	0	0	0.0000	0.0000	0.0000
ENSG00000239696.3	AC092104.1	processed_pseudogene	0	0	0	0.0000	0.0000	0.0000
ENSG00000239697.11	TNFSF12	protein_coding	1581	902	860	70.2560	20.5791	19.8161
ENSG00000239699.1	HNRNPA3P8	processed_pseudogene	2	2	0	0.1744	0.0511	0.0492
ENSG00000239701.1	AC006512.1	processed_pseudogene	2	2	0	0.5836	0.1710	0.1646
ENSG00000239702.3	RN7SL507P	misc_RNA	2	0	2	0.5738	0.1681	0.1618
ENSG00000239703.3	RN7SL568P	misc_RNA	0	0	0	0.0000	0.0000	0.0000
ENSG00000239704.11	CDRT4	protein_coding	4	3	1	0.1044	0.0306	0.0294
ENSG00000239705.2	AL354710.2	lncRNA	0	0	1	0.0000	0.0000	0.0000
ENSG00000239706.1	AC117392.1	processed_pseudogene	0	0	0	0.0000	0.0000	0.0000
ENSG00000239708.3	RN7SL782P	misc_RNA	0	0	0	0.0000	0.0000	0.0000
ENSG00000239710.3	RN7SL692P	misc_RNA	0	0	0	0.0000	0.0000	0.0000
ENSG00000239713.9	APOBEC3G	protein_coding	3420	1632	1789	54.0331	15.8271	15.2404
ENSG00000239715.1	AC093627.2	lncRNA	0	0	0	0.0000	0.0000	0.0000
ENSG00000239716.1	AC079943.1	lncRNA	0	0	0	0.0000	0.0000	0.0000
ENSG00000239718.1	HLTF-AS1	lncRNA	0	92	80	0.0000	0.0000	0.0000
ENSG00000239719.1	AC004890.1	processed_pseudogene	3	2	1	1.4075	0.4123	0.3970
ENSG00000239722.1	IMP3P2	processed_pseudogene	1	1	0	0.1788	0.0524	0.0504
ENSG00000239726.3	RN7SL688P	misc_RNA	0	0	0	0.0000	0.0000	0.0000
ENSG00000239731.3	RN7SL825P	misc_RNA	0	0	0	0.0000	0.0000	0.0000
ENSG00000239732.3	TLR9	protein_coding	1	1	0	0.0219	0.0064	0.0062
ENSG00000239736.2	CEACAMP3	transcribed_unprocessed_pseudogene	0	0	0	0.0000	0.0000	0.0000
ENSG00000239739.1	AC026316.2	lncRNA	0	0	0	0.0000	0.0000	0.0000
ENSG00000239742.3	RN7SL672P	misc_RNA	0	0	0	0.0000	0.0000	0.0000
ENSG00000239744.3	RN7SL63P	misc_RNA	0	0	0	0.0000	0.0000	0.0000
ENSG00000239745.3	RN7SL790P	misc_RNA	0	0	0	0.0000	0.0000	0.0000
ENSG00000239748.3	RN7SL795P	misc_RNA	0	0	0	0.0000	0.0000	0.0000
ENSG00000239763.2	AC009120.1	processed_pseudogene	13	5	10	2.3340	0.6837	0.6583
ENSG00000239767.2	AC108733.1	lncRNA	0	0	0	0.0000	0.0000	0.0000
ENSG00000239774.1	AC125618.1	lncRNA	0	0	0	0.0000	0.0000	0.0000
ENSG00000239775.1	AC017116.1	lncRNA	0	0	0	0.0000	0.0000	0.0000
ENSG00000239779.7	WBP1	protein_coding	81	40	41	2.9060	0.8512	0.8197
ENSG00000239780.1	RPLP0P11	processed_pseudogene	0	0	0	0.0000	0.0000	0.0000
ENSG00000239783.1	AL121776.1	processed_pseudogene	1	1	0	0.2283	0.0669	0.0644
ENSG00000239789.6	MRPS17	protein_coding	197	103	94	7.9663	2.3335	2.2470
ENSG00000239791.2	AC002310.2	lncRNA	0	83	70	0.0000	0.0000	0.0000
ENSG00000239792.2	CDRT15P5	unprocessed_pseudogene	0	0	0	0.0000	0.0000	0.0000
ENSG00000239793.1	AC098818.1	processed_pseudogene	0	0	0	0.0000	0.0000	0.0000
ENSG00000239794.3	RN7SL653P	misc_RNA	0	0	0	0.0000	0.0000	0.0000
ENSG00000239797.1	RPL21P39	processed_pseudogene	5	4	1	0.8791	0.2575	0.2480
ENSG00000239799.1	ITIH4-AS1	lncRNA	0	1	2	0.0000	0.0000	0.0000
ENSG00000239801.1	DENND6A-AS1	lncRNA	1	18	20	0.2333	0.0683	0.0658
ENSG00000239804.1	AC092902.1	processed_pseudogene	0	0	0	0.0000	0.0000	0.0000
ENSG00000239805.1	AC007547.2	processed_pseudogene	0	0	0	0.0000	0.0000	0.0000
ENSG00000239808.3	RN7SL255P	misc_RNA	0	0	0	0.0000	0.0000	0.0000
ENSG00000239809.1	AC008026.2	processed_pseudogene	0	0	0	0.0000	0.0000	0.0000
ENSG00000239810.3	PRAMEF11	protein_coding	0	0	0	0.0000	0.0000	0.0000
ENSG00000239819.2	IGKV1D-8	IG_V_gene	32	11	22	5.0889	1.4906	1.4353
ENSG00000239820.3	RN7SL213P	misc_RNA	0	0	0	0.0000	0.0000	0.0000
ENSG00000239821.3	RN7SL513P	misc_RNA	0	0	0	0.0000	0.0000	0.0000
ENSG00000239822.3	RN7SL754P	misc_RNA	0	0	0	0.0000	0.0000	0.0000
ENSG00000239823.2	Y_RNA	misc_RNA	1	1	0	0.8011	0.2347	0.2260
ENSG00000239825.3	RN7SL549P	misc_RNA	0	0	0	0.0000	0.0000	0.0000
ENSG00000239827.8	SUGT1P3	transcribed_unprocessed_pseudogene	12	4	8	0.5780	0.1693	0.1630
ENSG00000239828.7	AC063944.1	lncRNA	3	3	1	0.0582	0.0170	0.0164
ENSG00000239829.1	KRT8P25	processed_pseudogene	0	0	0	0.0000	0.0000	0.0000
ENSG00000239830.1	RPS4XP22	processed_pseudogene	161	86	76	17.5285	5.1344	4.9440
ENSG00000239831.1	RNF7P1	processed_pseudogene	0	0	0	0.0000	0.0000	0.0000
ENSG00000239835.1	AC092910.1	processed_pseudogene	0	0	0	0.0000	0.0000	0.0000
ENSG00000239839.7	DEFA3	protein_coding	0	0	0	0.0000	0.0000	0.0000
ENSG00000239840.1	RPL23AP72	processed_pseudogene	0	0	0	0.0000	0.0000	0.0000
ENSG00000239855.1	IGKV1-6	IG_V_gene	256	116	141	57.2096	16.7576	16.1363
ENSG00000239856.3	RN7SL225P	misc_RNA	0	0	0	0.0000	0.0000	0.0000
ENSG00000239857.7	GET4	protein_coding	9	18	21	0.1418	0.0415	0.0400
ENSG00000239861.1	AP001486.1	processed_pseudogene	0	0	0	0.0000	0.0000	0.0000
ENSG00000239862.1	IGKV1-37	IG_V_gene	22	10	12	4.6941	1.3750	1.3240
ENSG00000239868.3	RN7SL34P	misc_RNA	0	0	0	0.0000	0.0000	0.0000
ENSG00000239870.1	AC112206.1	processed_pseudogene	0	0	0	0.0000	0.0000	0.0000
ENSG00000239872.1	RPL35AP19	processed_pseudogene	0	0	0	0.0000	0.0000	0.0000
ENSG00000239873.2	GAPDHP27	processed_pseudogene	0	0	0	0.0000	0.0000	0.0000
ENSG00000239877.3	IGSF11-AS1	lncRNA	2	1	2	0.1059	0.0310	0.0299
ENSG00000239880.1	RALBP1P1	processed_pseudogene	0	0	0	0.0000	0.0000	0.0000
ENSG00000239881.1	RPS27P25	transcribed_processed_pseudogene	0	0	0	0.0000	0.0000	0.0000
ENSG00000239883.8	PARGP1	transcribed_unprocessed_pseudogene	22	8	15	0.5813	0.1703	0.1640
ENSG00000239884.3	RN7SL608P	misc_RNA	1	1	0	0.3044	0.0892	0.0859
ENSG00000239886.5	KRTAP9-2	protein_coding	0	0	0	0.0000	0.0000	0.0000
ENSG00000239887.6	C1orf226	protein_coding	51	22	29	1.0042	0.2941	0.2832
ENSG00000239888.3	RN7SL792P	misc_RNA	0	0	0	0.0000	0.0000	0.0000
ENSG00000239893.2	ZNF736P9Y	transcribed_processed_pseudogene	1	0	1	0.0368	0.0108	0.0104
ENSG00000239899.3	RN7SL674P	misc_RNA	0	0	0	0.0000	0.0000	0.0000
ENSG00000239900.13	ADSL	protein_coding	406	215	192	3.0825	0.9029	0.8694
ENSG00000239906.1	AL627309.2	lncRNA	0	0	0	0.0000	0.0000	0.0000
ENSG00000239908.3	RN7SL75P	misc_RNA	0	0	0	0.0000	0.0000	0.0000
ENSG00000239910.3	RN7SL530P	misc_RNA	0	0	0	0.0000	0.0000	0.0000
ENSG00000239911.2	PRKAG2-AS1	lncRNA	8	5	5	0.5841	0.1711	0.1648
ENSG00000239912.1	RPL39P36	processed_pseudogene	5	2	3	2.7218	0.7973	0.7677
ENSG00000239917.3	RPS10P16	unprocessed_pseudogene	6	4	2	1.0273	0.3009	0.2897
ENSG00000239919.1	SNRPGP3	processed_pseudogene	0	0	0	0.0000	0.0000	0.0000
ENSG00000239920.2	AC104389.5	protein_coding	4	1	3	0.0645	0.0189	0.0182
ENSG00000239921.6	LINC01471	lncRNA	0	0	0	0.0000	0.0000	0.0000
ENSG00000239922.2	AC092958.1	lncRNA	2	1	1	0.0421	0.0123	0.0119
ENSG00000239923.3	RN7SL864P	misc_RNA	0	0	0	0.0000	0.0000	0.0000
ENSG00000239924.1	RPL29P22	processed_pseudogene	0	0	0	0.0000	0.0000	0.0000
ENSG00000239926.1	PRDX3P4	processed_pseudogene	0	0	0	0.0000	0.0000	0.0000
ENSG00000239930.2	AP001625.3	lncRNA	1	0	1	0.1891	0.0554	0.0533
ENSG00000239932.3	RN7SL606P	misc_RNA	0	0	0	0.0000	0.0000	0.0000
ENSG00000239939.1	RPSAP34	processed_pseudogene	2	0	2	0.2308	0.0676	0.0651
ENSG00000239941.1	AC108718.1	lncRNA	0	0	0	0.0000	0.0000	0.0000
ENSG00000239942.2	RN7SL394P	misc_RNA	0	0	0	0.0000	0.0000	0.0000
ENSG00000239944.1	TRBV8-2	TR_V_pseudogene	0	0	0	0.0000	0.0000	0.0000
ENSG00000239945.1	AL627309.3	lncRNA	0	0	0	0.0000	0.0000	0.0000
ENSG00000239946.1	ZBTB20-AS3	lncRNA	0	0	0	0.0000	0.0000	0.0000
ENSG00000239948.2	RN7SL368P	misc_RNA	1	1	0	0.3066	0.0898	0.0865
ENSG00000239951.1	IGKV3-20	IG_V_gene	15797	8081	7866	3353.7207	982.3574	945.9366
ENSG00000239953.3	RN7SL273P	misc_RNA	0	0	0	0.0000	0.0000	0.0000
ENSG00000239958.3	RN7SL51P	misc_RNA	0	0	0	0.0000	0.0000	0.0000
ENSG00000239959.1	ENPP7P2	unprocessed_pseudogene	2	1	2	0.1801	0.0528	0.0508
ENSG00000239961.3	LILRA4	protein_coding	13	7	6	0.5057	0.1481	0.1426
ENSG00000239964.3	RN7SL748P	misc_RNA	0	0	0	0.0000	0.0000	0.0000
ENSG00000239967.1	OR2A41P	unprocessed_pseudogene	0	0	0	0.0000	0.0000	0.0000
ENSG00000239969.5	AC091390.3	transcribed_unprocessed_pseudogene	1	0	2	0.1148	0.0336	0.0324
ENSG00000239975.2	IGKV1D-33	IG_V_gene	9	2	8	1.5956	0.4674	0.4500
ENSG00000239978.1	OR7E53P	unprocessed_pseudogene	0	0	0	0.0000	0.0000	0.0000
ENSG00000239981.1	OR2A15P	unprocessed_pseudogene	0	0	0	0.0000	0.0000	0.0000
ENSG00000239983.1	AC016687.1	processed_pseudogene	1	1	0	0.2406	0.0705	0.0679
ENSG00000239984.3	RN7SL420P	misc_RNA	0	0	0	0.0000	0.0000	0.0000
ENSG00000239985.2	AC073210.2	unprocessed_pseudogene	0	0	0	0.0000	0.0000	0.0000
ENSG00000239986.2	AL445584.1	processed_pseudogene	0	0	0	0.0000	0.0000	0.0000
ENSG00000239988.1	RPL31P60	processed_pseudogene	0	0	0	0.0000	0.0000	0.0000
ENSG00000239989.1	AC008132.2	transcribed_processed_pseudogene	0	0	0	0.0000	0.0000	0.0000
ENSG00000239991.1	AC092059.1	lncRNA	0	0	0	0.0000	0.0000	0.0000
ENSG00000239992.1	TRBVA	TR_V_pseudogene	0	0	0	0.0000	0.0000	0.0000
ENSG00000239994.2	AC069444.1	lncRNA	0	4	1	0.0000	0.0000	0.0000
ENSG00000239995.2	TPT1P11	transcribed_processed_pseudogene	0	0	0	0.0000	0.0000	0.0000
ENSG00000239997.1	FCF1P3	processed_pseudogene	0	0	0	0.0000	0.0000	0.0000
ENSG00000239998.6	LILRA2	protein_coding	21	10	11	0.3334	0.0977	0.0940
ENSG00000240002.1	YBX1P3	processed_pseudogene	0	0	0	0.0000	0.0000	0.0000
ENSG00000240003.2	RPL7P24	processed_pseudogene	4	3	1	0.4517	0.1323	0.1274
ENSG00000240005.6	STIM2-AS1	lncRNA	4	2	2	0.5461	0.1600	0.1540
ENSG00000240006.1	LINC02004	lncRNA	0	0	0	0.0000	0.0000	0.0000
ENSG00000240012.1	SLC9A9-AS1	lncRNA	0	0	0	0.0000	0.0000	0.0000
ENSG00000240014.3	RN7SL254P	misc_RNA	0	0	0	0.0000	0.0000	0.0000
ENSG00000240015.2	AC084024.1	lncRNA	0	0	0	0.0000	0.0000	0.0000
ENSG00000240021.10	TEX35	protein_coding	0	0	0	0.0000	0.0000	0.0000
ENSG00000240023.1	AL133163.1	processed_pseudogene	0	0	0	0.0000	0.0000	0.0000
ENSG00000240024.5	LINC00888	transcribed_unprocessed_pseudogene	273	114	159	10.8791	3.1866	3.0685
ENSG00000240027.2	AC084357.1	processed_pseudogene	0	0	0	0.0000	0.0000	0.0000
ENSG00000240031.1	OR9A3P	transcribed_unprocessed_pseudogene	0	0	0	0.0000	0.0000	0.0000
ENSG00000240032.1	LNCSRLR	lncRNA	2	2	0	0.2395	0.0702	0.0676
ENSG00000240033.1	AC069439.2	lncRNA	0	0	0	0.0000	0.0000	0.0000
ENSG00000240034.1	MTND6P6	unprocessed_pseudogene	0	0	0	0.0000	0.0000	0.0000
ENSG00000240036.4	AC104563.1	processed_pseudogene	12	4	8	2.7102	0.7939	0.7644
ENSG00000240038.6	AMY2B	protein_coding	18	6	12	0.2041	0.0598	0.0576
ENSG00000240040.6	AC244205.1	lncRNA	0	0	0	0.0000	0.0000	0.0000
ENSG00000240041.1	IGHJ4	IG_J_gene	41	16	25	75.6900	22.1708	21.3488
ENSG00000240043.1	RPS27P26	processed_pseudogene	0	0	0	0.0000	0.0000	0.0000
ENSG00000240045.2	STRIT1	protein_coding	0	0	0	0.0000	0.0000	0.0000
ENSG00000240047.2	RPS3AP32	processed_pseudogene	0	0	0	0.0000	0.0000	0.0000
ENSG00000240048.1	DDX50P2	processed_pseudogene	5	2	3	0.1936	0.0567	0.0546
ENSG00000240051.1	RPL23AP10	processed_pseudogene	0	0	0	0.0000	0.0000	0.0000
ENSG00000240052.1	AC108114.1	processed_pseudogene	1	1	0	0.1943	0.0569	0.0548
ENSG00000240053.8	LY6G5B	protein_coding	10	5	5	0.2802	0.0821	0.0790
ENSG00000240056.2	AL445190.1	lncRNA	0	0	0	0.0000	0.0000	0.0000
ENSG00000240057.6	AC078785.1	lncRNA	27	52	58	0.3352	0.0982	0.0945
ENSG00000240058.3	ARGFXP1	processed_pseudogene	0	0	0	0.0000	0.0000	0.0000
ENSG00000240063.1	AC069431.1	lncRNA	0	0	0	0.0000	0.0000	0.0000
ENSG00000240065.8	PSMB9	protein_coding	3249	1625	1627	82.6562	24.2113	23.3137
ENSG00000240068.1	RPL21P42	processed_pseudogene	2	0	2	0.3660	0.1072	0.1032
ENSG00000240069.1	GPAA1P1	transcribed_processed_pseudogene	0	0	0	0.0000	0.0000	0.0000
ENSG00000240074.1	RPL9P30	processed_pseudogene	3	3	0	0.4438	0.1300	0.1252
ENSG00000240083.2	RPS3AP22	processed_pseudogene	1	1	0	0.1104	0.0323	0.0311
ENSG00000240084.1	MTND4LP10	processed_pseudogene	0	0	0	0.0000	0.0000	0.0000
ENSG00000240086.7	AC092969.1	lncRNA	103	63	41	0.9052	0.2651	0.2553
ENSG00000240087.3	RPSAP12	processed_pseudogene	20	14	6	1.9126	0.5602	0.5395
ENSG00000240089.2	BMS1P3	transcribed_unprocessed_pseudogene	0	0	0	0.0000	0.0000	0.0000
ENSG00000240093.1	AC093627.3	lncRNA	0	0	0	0.0000	0.0000	0.0000
ENSG00000240095.1	AC055758.1	lncRNA	0	0	0	0.0000	0.0000	0.0000
ENSG00000240096.1	AL132838.1	processed_pseudogene	6	2	4	0.9401	0.2754	0.2652
ENSG00000240097.1	AC104164.2	processed_pseudogene	0	0	0	0.0000	0.0000	0.0000
ENSG00000240098.3	RN7SL351P	misc_RNA	0	0	0	0.0000	0.0000	0.0000
ENSG00000240100.1	AC083806.1	processed_pseudogene	0	0	0	0.0000	0.0000	0.0000
ENSG00000240103.2	AC132825.1	unprocessed_pseudogene	0	0	0	0.0000	0.0000	0.0000
ENSG00000240106.2	RN7SL146P	misc_RNA	0	0	0	0.0000	0.0000	0.0000
ENSG00000240107.1	AC046144.1	processed_pseudogene	0	0	0	0.0000	0.0000	0.0000
ENSG00000240108.1	NCOR1P1	transcribed_unprocessed_pseudogene	0	0	0	0.0000	0.0000	0.0000
ENSG00000240116.3	RN7SL303P	misc_RNA	0	0	0	0.0000	0.0000	0.0000
ENSG00000240121.1	RPS27P20	processed_pseudogene	0	0	0	0.0000	0.0000	0.0000
ENSG00000240122.1	FABP5P11	processed_pseudogene	9	1	8	1.9251	0.5639	0.5430
ENSG00000240125.1	RPL23AP75	processed_pseudogene	1	0	1	0.1883	0.0552	0.0531
ENSG00000240128.1	KRT18P43	processed_pseudogene	0	0	0	0.0000	0.0000	0.0000
ENSG00000240131.1	AL049829.1	processed_pseudogene	0	0	0	0.0000	0.0000	0.0000
ENSG00000240132.1	ETF1P2	processed_pseudogene	3	3	0	0.1606	0.0471	0.0453
ENSG00000240135.1	PSMD12P1	unprocessed_pseudogene	1	1	0	0.0622	0.0182	0.0175
ENSG00000240137.6	ERICH6-AS1	lncRNA	47	40	44	0.7013	0.2054	0.1978
ENSG00000240138.1	EEF1GP4	processed_pseudogene	0	0	0	0.0000	0.0000	0.0000
ENSG00000240143.1	AL023653.1	lncRNA	3	1	2	0.7815	0.2289	0.2204
ENSG00000240151.3	RN7SL826P	misc_RNA	0	0	0	0.0000	0.0000	0.0000
ENSG00000240152.2	LINC02271	lncRNA	0	0	0	0.0000	0.0000	0.0000
ENSG00000240156.1	COX6CP6	processed_pseudogene	0	0	0	0.0000	0.0000	0.0000
ENSG00000240159.1	AC079080.1	processed_pseudogene	0	0	0	0.0000	0.0000	0.0000
ENSG00000240160.3	RN7SL263P	misc_RNA	2	4	1	0.5857	0.1715	0.1652
ENSG00000240163.1	AC087385.1	processed_pseudogene	0	0	1	0.0000	0.0000	0.0000
ENSG00000240167.1	RPS7P7	processed_pseudogene	1	1	0	0.1487	0.0436	0.0419
ENSG00000240173.3	RN7SL771P	misc_RNA	0	0	0	0.0000	0.0000	0.0000
ENSG00000240174.1	AP000852.1	processed_pseudogene	1	0	1	0.1482	0.0434	0.0418
ENSG00000240175.1	MAGI1-AS1	lncRNA	0	0	0	0.0000	0.0000	0.0000
ENSG00000240179.1	RPL26P3	processed_pseudogene	0	0	0	0.0000	0.0000	0.0000
ENSG00000240180.1	RPL12P28	processed_pseudogene	0	0	0	0.0000	0.0000	0.0000
ENSG00000240183.3	RN7SL297P	misc_RNA	0	0	0	0.0000	0.0000	0.0000
ENSG00000240184.7	PCDHGC3	protein_coding	6365	3292	3074	99.5430	29.1577	28.0767
ENSG00000240186.3	RN7SL633P	misc_RNA	0	0	0	0.0000	0.0000	0.0000
ENSG00000240189.3	RN7SL621P	misc_RNA	0	0	0	0.0000	0.0000	0.0000
ENSG00000240194.7	CYMP	transcribed_unitary_pseudogene	0	0	0	0.0000	0.0000	0.0000
ENSG00000240197.1	AC245884.5	unprocessed_pseudogene	0	0	0	0.0000	0.0000	0.0000
ENSG00000240198.5	ARHGEF3-AS1	lncRNA	0	0	0	0.0000	0.0000	0.0000
ENSG00000240199.3	RN7SL520P	misc_RNA	0	0	0	0.0000	0.0000	0.0000
ENSG00000240201.1	AL133372.1	processed_pseudogene	0	0	0	0.0000	0.0000	0.0000
ENSG00000240202.3	RN7SL223P	misc_RNA	0	0	0	0.0000	0.0000	0.0000
ENSG00000240203.3	RN7SL567P	misc_RNA	0	0	0	0.0000	0.0000	0.0000
ENSG00000240204.3	SMKR1	protein_coding	86	35	51	7.5368	2.2076	2.1258
ENSG00000240205.3	RN7SL865P	misc_RNA	0	0	0	0.0000	0.0000	0.0000
ENSG00000240207.7	AC080013.1	lncRNA	13	5	8	0.1766	0.0517	0.0498
ENSG00000240210.3	AL122013.1	processed_pseudogene	1	0	1	0.1060	0.0311	0.0299
ENSG00000240211.1	PPP1R35-AS1	lncRNA	0	1	3	0.0000	0.0000	0.0000
ENSG00000240215.4	TRBV25OR9-2	TR_V_pseudogene	0	0	0	0.0000	0.0000	0.0000
ENSG00000240216.7	CPHL1P	transcribed_unitary_pseudogene	0	0	0	0.0000	0.0000	0.0000
ENSG00000240219.1	AL512306.2	lncRNA	3	3	0	0.1148	0.0336	0.0324
ENSG00000240224.1	UGT1A5	protein_coding	0	0	0	0.0000	0.0000	0.0000
ENSG00000240225.10	ZNF542P	transcribed_unprocessed_pseudogene	89	52	39	1.6115	0.4720	0.4545
ENSG00000240230.6	COX19	protein_coding	322	147	175	4.0721	1.1928	1.1486
ENSG00000240231.1	RPS27P29	processed_pseudogene	5	2	3	1.6849	0.4935	0.4752
ENSG00000240233.3	RN7SL587P	misc_RNA	0	0	0	0.0000	0.0000	0.0000
ENSG00000240235.3	RN7SL794P	misc_RNA	0	0	0	0.0000	0.0000	0.0000
ENSG00000240236.1	HNRNPA1P23	processed_pseudogene	1	1	0	0.0750	0.0220	0.0211
ENSG00000240237.1	AF305872.1	processed_pseudogene	0	0	0	0.0000	0.0000	0.0000
ENSG00000240238.1	AC092754.1	processed_pseudogene	2	3	1	0.3546	0.1039	0.1000
ENSG00000240240.9	BX664727.3	lncRNA	0	0	0	0.0000	0.0000	0.0000
ENSG00000240241.5	AC108752.1	lncRNA	0	0	0	0.0000	0.0000	0.0000
ENSG00000240244.3	GAPDHP33	processed_pseudogene	2	0	2	0.1677	0.0491	0.0473
ENSG00000240246.1	AC108751.2	processed_pseudogene	0	0	0	0.0000	0.0000	0.0000
ENSG00000240247.7	DEFA1B	protein_coding	0	0	0	0.0000	0.0000	0.0000
ENSG00000240250.3	RN7SL541P	misc_RNA	0	0	0	0.0000	0.0000	0.0000
ENSG00000240253.6	FAR2P3	transcribed_unprocessed_pseudogene	0	0	0	0.0000	0.0000	0.0000
ENSG00000240254.2	B4GALT4-AS1	lncRNA	0	76	75	0.0000	0.0000	0.0000
ENSG00000240255.1	PSMC1P6	processed_pseudogene	0	0	0	0.0000	0.0000	0.0000
ENSG00000240265.1	AC099328.1	processed_pseudogene	0	0	0	0.0000	0.0000	0.0000
ENSG00000240268.6	MOXD2P	transcribed_unprocessed_pseudogene	0	0	0	0.0000	0.0000	0.0000
ENSG00000240270.1	RPL12P37	processed_pseudogene	1	0	1	0.1716	0.0503	0.0484
ENSG00000240271.1	AC090142.1	processed_pseudogene	0	0	0	0.0000	0.0000	0.0000
ENSG00000240280.7	TCAM1P	transcribed_unitary_pseudogene	17	9	8	0.4071	0.1193	0.1148
ENSG00000240281.2	AC034222.1	processed_pseudogene	0	0	0	0.0000	0.0000	0.0000
ENSG00000240286.1	MEAF6P1	processed_pseudogene	1	0	1	0.2597	0.0761	0.0732
ENSG00000240288.8	GHRLOS	lncRNA	13	11	13	0.3487	0.1021	0.0984
ENSG00000240291.1	AL450384.2	lncRNA	12	8	6	0.6470	0.1895	0.1825
ENSG00000240294.2	RN7SKP241	misc_RNA	0	0	0	0.0000	0.0000	0.0000
ENSG00000240296.1	AC245052.5	processed_pseudogene	0	0	0	0.0000	0.0000	0.0000
ENSG00000240298.3	RPL36AP40	processed_pseudogene	0	0	0	0.0000	0.0000	0.0000
ENSG00000240299.3	RN7SL187P	misc_RNA	0	0	0	0.0000	0.0000	0.0000
ENSG00000240302.3	RN7SL717P	misc_RNA	0	0	0	0.0000	0.0000	0.0000
ENSG00000240303.8	ACAD11	protein_coding	17	13	20	0.2868	0.0840	0.0809
ENSG00000240305.1	AC091152.1	processed_pseudogene	0	0	0	0.0000	0.0000	0.0000
ENSG00000240306.2	RN7SL100P	misc_RNA	0	0	0	0.0000	0.0000	0.0000
ENSG00000240309.1	MTCO1P6	processed_pseudogene	0	0	0	0.0000	0.0000	0.0000
ENSG00000240311.1	AC004224.1	processed_pseudogene	1	0	1	0.1495	0.0438	0.0422
ENSG00000240317.3	RN7SL764P	misc_RNA	0	0	0	0.0000	0.0000	0.0000
ENSG00000240320.1	RPS29P27	processed_pseudogene	0	0	0	0.0000	0.0000	0.0000
ENSG00000240322.3	RN7SL481P	misc_RNA	0	0	0	0.0000	0.0000	0.0000
ENSG00000240327.3	RN7SL93P	misc_RNA	0	0	0	0.0000	0.0000	0.0000
ENSG00000240328.1	AC091805.1	processed_pseudogene	0	0	0	0.0000	0.0000	0.0000
ENSG00000240338.6	AC009078.2	transcribed_unprocessed_pseudogene	3	2	1	0.1768	0.0518	0.0499
ENSG00000240342.3	RPS2P5	processed_pseudogene	1729	828	901	167.0392	48.9284	47.1144
ENSG00000240344.9	PPIL3	protein_coding	258	137	121	7.5187	2.2023	2.1207
ENSG00000240347.3	RN7SL35P	misc_RNA	0	0	0	0.0000	0.0000	0.0000
ENSG00000240350.3	SOCAR	lncRNA	3	2	2	0.2834	0.0830	0.0799
ENSG00000240354.1	AC131211.1	lncRNA	0	0	0	0.0000	0.0000	0.0000
ENSG00000240355.1	AC004869.2	lncRNA	0	0	0	0.0000	0.0000	0.0000
ENSG00000240356.6	RPL23AP7	transcribed_processed_pseudogene	145	65	80	5.7864	1.6949	1.6321
ENSG00000240359.1	UBL5P3	processed_pseudogene	0	0	0	0.0000	0.0000	0.0000
ENSG00000240361.2	OR4G11P	transcribed_unprocessed_pseudogene	1	1	0	0.0601	0.0176	0.0169
ENSG00000240364.1	RPL31P59	processed_pseudogene	0	0	0	0.0000	0.0000	0.0000
ENSG00000240366.1	RPL36AP45	processed_pseudogene	2	3	0	0.5341	0.1564	0.1506
ENSG00000240370.6	RPL13P5	transcribed_processed_pseudogene	110	49	61	5.2391	1.5346	1.4777
ENSG00000240371.1	RPS4XP13	processed_pseudogene	4	2	2	0.4305	0.1261	0.1214
ENSG00000240373.1	SEC62-AS1	lncRNA	1	0	1	0.2454	0.0719	0.0692
ENSG00000240374.3	RN7SL503P	misc_RNA	0	0	0	0.0000	0.0000	0.0000
ENSG00000240375.1	VPS26AP1	processed_pseudogene	0	0	0	0.0000	0.0000	0.0000
ENSG00000240376.1	AC010343.1	processed_pseudogene	81	37	44	10.9357	3.2032	3.0845
ENSG00000240382.3	IGKV1-17	IG_V_gene	139	83	56	31.2274	9.1470	8.8079
ENSG00000240385.1	RPS29P20	processed_pseudogene	0	0	0	0.0000	0.0000	0.0000
ENSG00000240386.3	LCE1F	protein_coding	2	0	2	0.4757	0.1394	0.1342
ENSG00000240388.2	AC008799.1	processed_pseudogene	2	1	1	0.3716	0.1089	0.1048
ENSG00000240392.1	RPL9P3	processed_pseudogene	5	2	3	0.7384	0.2163	0.2083
ENSG00000240393.1	AC092691.2	processed_pseudogene	0	0	0	0.0000	0.0000	0.0000
ENSG00000240395.1	RPL5P23	processed_pseudogene	5	4	2	0.4892	0.1433	0.1380
ENSG00000240399.1	AC004801.2	transcribed_processed_pseudogene	13	6	8	1.4172	0.4151	0.3997
ENSG00000240401.9	AC012358.2	lncRNA	8	243	221	0.1295	0.0379	0.0365
ENSG00000240403.5	KIR3DL2	protein_coding	13	9	4	0.5882	0.1723	0.1659
ENSG00000240404.2	AC017015.1	processed_pseudogene	0	0	0	0.0000	0.0000	0.0000
ENSG00000240405.7	SAMMSON	lncRNA	308	168	141	1.6657	0.4879	0.4698
ENSG00000240409.1	MTATP8P1	unprocessed_pseudogene	4	3	1	1.6410	0.4807	0.4628
ENSG00000240411.2	RPL5P16	processed_pseudogene	0	0	0	0.0000	0.0000	0.0000
ENSG00000240412.1	RPL5P15	processed_pseudogene	0	0	0	0.0000	0.0000	0.0000
ENSG00000240416.1	CYCSP20	processed_pseudogene	0	0	0	0.0000	0.0000	0.0000
ENSG00000240418.1	AC020917.1	processed_pseudogene	3	3	0	0.2853	0.0836	0.0805
ENSG00000240419.1	AC022206.1	processed_pseudogene	1	1	0	0.2447	0.0717	0.0690
ENSG00000240423.3	LINC00636	lncRNA	0	0	0	0.0000	0.0000	0.0000
ENSG00000240424.2	AC092824.1	processed_pseudogene	0	0	0	0.0000	0.0000	0.0000
ENSG00000240426.1	AC096743.2	processed_pseudogene	0	0	0	0.0000	0.0000	0.0000
ENSG00000240427.1	RPS26P34	processed_pseudogene	0	0	0	0.0000	0.0000	0.0000
ENSG00000240429.1	LRRFIP1P1	processed_pseudogene	12	6	6	0.4537	0.1329	0.1280
ENSG00000240432.3	KRTAP13-3	protein_coding	0	0	0	0.0000	0.0000	0.0000
ENSG00000240435.2	RPS12P27	processed_pseudogene	0	0	0	0.0000	0.0000	0.0000
ENSG00000240436.1	RPL35AP14	processed_pseudogene	0	0	0	0.0000	0.0000	0.0000
ENSG00000240438.2	OFD1P5Y	unprocessed_pseudogene	0	0	0	0.0000	0.0000	0.0000
ENSG00000240439.3	RN7SL91P	misc_RNA	0	0	0	0.0000	0.0000	0.0000
ENSG00000240440.1	AC007879.4	lncRNA	0	0	0	0.0000	0.0000	0.0000
ENSG00000240441.1	AC007622.1	processed_pseudogene	0	0	0	0.0000	0.0000	0.0000
ENSG00000240443.1	RPS10P20	transcribed_processed_pseudogene	0	0	0	0.0000	0.0000	0.0000
ENSG00000240445.6	FOXO3B	protein_coding	49	23	26	0.6668	0.1953	0.1881
ENSG00000240449.1	REPIN1-AS1	lncRNA	21	52	56	3.0907	0.9053	0.8717
ENSG00000240450.1	CSPG4P1Y	lncRNA	0	0	0	0.0000	0.0000	0.0000
ENSG00000240452.1	MTCO1P29	unprocessed_pseudogene	0	0	0	0.0000	0.0000	0.0000
ENSG00000240454.1	RPL39P26	processed_pseudogene	0	0	0	0.0000	0.0000	0.0000
ENSG00000240457.3	RN7SL472P	misc_RNA	0	0	0	0.0000	0.0000	0.0000
ENSG00000240458.1	AC072046.1	processed_pseudogene	0	0	0	0.0000	0.0000	0.0000
ENSG00000240459.2	AC093663.1	processed_pseudogene	0	0	0	0.0000	0.0000	0.0000
ENSG00000240463.1	RPS19P3	processed_pseudogene	7	4	3	1.3479	0.3948	0.3802
ENSG00000240470.3	RN7SL346P	misc_RNA	0	0	0	0.0000	0.0000	0.0000
ENSG00000240471.1	PHBP8	processed_pseudogene	1	0	1	0.1171	0.0343	0.0330
ENSG00000240474.3	RN7SL116P	misc_RNA	0	0	0	0.0000	0.0000	0.0000
ENSG00000240476.1	LINC00973	lncRNA	194	109	85	17.1253	5.0163	4.8303
ENSG00000240477.1	AC022494.1	processed_pseudogene	0	0	0	0.0000	0.0000	0.0000
ENSG00000240478.1	AC012081.1	lncRNA	0	0	0	0.0000	0.0000	0.0000
ENSG00000240480.1	RPL29P2	transcribed_processed_pseudogene	0	0	0	0.0000	0.0000	0.0000
ENSG00000240481.3	RN7SL38P	misc_RNA	0	0	0	0.0000	0.0000	0.0000
ENSG00000240484.1	AC091544.1	processed_pseudogene	0	0	0	0.0000	0.0000	0.0000
ENSG00000240486.2	RPL23AP54	processed_pseudogene	0	0	0	0.0000	0.0000	0.0000
ENSG00000240487.1	FAM214BP1	processed_pseudogene	0	0	0	0.0000	0.0000	0.0000
ENSG00000240489.1	SETP14	processed_pseudogene	22	12	10	2.1400	0.6268	0.6036
ENSG00000240490.3	RN7SL277P	misc_RNA	2	2	0	0.5897	0.1727	0.1663
ENSG00000240494.2	RPS12P28	processed_pseudogene	0	3	0	0.0000	0.0000	0.0000
ENSG00000240497.3	AC092919.1	lncRNA	26	15	21	1.5919	0.4663	0.4490
ENSG00000240498.9	CDKN2B-AS1	lncRNA	60	149	146	0.2495	0.0731	0.0704
ENSG00000240499.7	AC004594.1	lncRNA	0	0	0	0.0000	0.0000	0.0000
ENSG00000240502.2	RN7SL837P	misc_RNA	0	0	0	0.0000	0.0000	0.0000
ENSG00000240505.9	TNFRSF13B	protein_coding	31	19	12	0.7407	0.2170	0.2089
ENSG00000240509.1	RPL34P18	processed_pseudogene	4	4	0	0.9596	0.2811	0.2706
ENSG00000240511.1	MED28P2	processed_pseudogene	0	0	0	0.0000	0.0000	0.0000
ENSG00000240513.1	AL049830.2	processed_pseudogene	0	0	0	0.0000	0.0000	0.0000
ENSG00000240518.2	AC116353.2	processed_pseudogene	0	0	0	0.0000	0.0000	0.0000
ENSG00000240519.1	AC091675.1	processed_pseudogene	0	0	0	0.0000	0.0000	0.0000
ENSG00000240520.6	UOX	transcribed_unitary_pseudogene	256	120	137	9.0131	2.6401	2.5422
ENSG00000240521.1	AC092979.1	lncRNA	0	0	0	0.0000	0.0000	0.0000
ENSG00000240522.1	RPL7AP10	processed_pseudogene	0	0	0	0.0000	0.0000	0.0000
ENSG00000240527.1	AL365273.1	lncRNA	0	0	0	0.0000	0.0000	0.0000
ENSG00000240531.1	RPL21P123	transcribed_processed_pseudogene	1	1	0	0.2086	0.0611	0.0589
ENSG00000240533.3	RN7SL69P	misc_RNA	0	0	0	0.0000	0.0000	0.0000
ENSG00000240534.1	RPL34P17	processed_pseudogene	0	0	0	0.0000	0.0000	0.0000
ENSG00000240535.8	AC034238.1	lncRNA	4	181	154	0.0820	0.0240	0.0231
ENSG00000240540.2	RPL3P9	processed_pseudogene	19	9	10	1.3639	0.3995	0.3847
ENSG00000240541.3	TM4SF1-AS1	lncRNA	1	1	0	0.0364	0.0107	0.0103
ENSG00000240542.4	KRTAP9-1	protein_coding	0	0	0	0.0000	0.0000	0.0000
ENSG00000240545.3	RN7SL492P	misc_RNA	0	0	0	0.0000	0.0000	0.0000
ENSG00000240549.2	THOC7-AS1	lncRNA	0	0	0	0.0000	0.0000	0.0000
ENSG00000240553.1	AL031428.1	lncRNA	0	0	0	0.0000	0.0000	0.0000
ENSG00000240554.1	RPL7AP58	processed_pseudogene	1	0	1	0.1059	0.0310	0.0299
ENSG00000240562.1	AC016968.1	lncRNA	0	0	0	0.0000	0.0000	0.0000
ENSG00000240563.2	L1TD1	protein_coding	12	6	6	0.2660	0.0779	0.0750
ENSG00000240566.1	AC010153.1	processed_pseudogene	0	0	0	0.0000	0.0000	0.0000
ENSG00000240567.1	LINC02067	lncRNA	0	5	9	0.0000	0.0000	0.0000
ENSG00000240568.1	AC107626.1	processed_pseudogene	0	0	0	0.0000	0.0000	0.0000
ENSG00000240571.1	AC087071.2	lncRNA	13	292	348	1.9199	0.5624	0.5415
ENSG00000240572.1	AC107297.1	processed_pseudogene	0	0	0	0.0000	0.0000	0.0000
ENSG00000240573.1	AC117462.1	lncRNA	0	0	0	0.0000	0.0000	0.0000
ENSG00000240577.3	RN7SL445P	misc_RNA	0	0	0	0.0000	0.0000	0.0000
ENSG00000240578.1	TRBV22-1	TR_V_pseudogene	0	0	0	0.0000	0.0000	0.0000
ENSG00000240579.1	AC006529.1	processed_pseudogene	0	0	0	0.0000	0.0000	0.0000
ENSG00000240583.13	AQP1	protein_coding	3334	1634	1700	86.3975	25.3072	24.3689
ENSG00000240584.3	RN7SL547P	misc_RNA	0	0	0	0.0000	0.0000	0.0000
ENSG00000240589.3	RN7SL258P	misc_RNA	0	0	0	0.0000	0.0000	0.0000
ENSG00000240590.1	RPSAP48	processed_pseudogene	1	0	1	0.0955	0.0280	0.0269
ENSG00000240591.2	AL096701.3	lncRNA	7	241	259	0.2633	0.0771	0.0743
ENSG00000240596.1	KCNAB1-AS2	lncRNA	0	0	0	0.0000	0.0000	0.0000
ENSG00000240601.1	RPL9P15	processed_pseudogene	0	0	0	0.0000	0.0000	0.0000
ENSG00000240602.7	AADACP1	transcribed_unprocessed_pseudogene	5	4	1	0.2110	0.0618	0.0595
ENSG00000240606.3	RN7SL564P	misc_RNA	0	0	0	0.0000	0.0000	0.0000
ENSG00000240611.1	AC010307.1	processed_pseudogene	0	0	0	0.0000	0.0000	0.0000
ENSG00000240613.3	RN7SL98P	misc_RNA	0	0	0	0.0000	0.0000	0.0000
ENSG00000240616.1	RPS6P25	processed_pseudogene	13	11	3	1.4759	0.4323	0.4163
ENSG00000240621.1	OR2AO1P	unprocessed_pseudogene	0	0	0	0.0000	0.0000	0.0000
ENSG00000240622.1	RPL7P15	processed_pseudogene	3	2	1	0.3578	0.1048	0.1009
ENSG00000240624.1	AL138976.1	processed_pseudogene	0	0	0	0.0000	0.0000	0.0000
ENSG00000240625.3	RN7SL403P	misc_RNA	1	0	1	0.2784	0.0816	0.0785
ENSG00000240626.3	RN7SL150P	misc_RNA	0	0	0	0.0000	0.0000	0.0000
ENSG00000240627.1	AC026798.1	processed_pseudogene	1	0	1	0.1762	0.0516	0.0497
ENSG00000240631.1	RPL30P12	processed_pseudogene	0	0	0	0.0000	0.0000	0.0000
ENSG00000240632.6	SPATA31D5P	transcribed_unprocessed_pseudogene	0	0	0	0.0000	0.0000	0.0000
ENSG00000240634.1	AC145285.1	processed_pseudogene	5	4	1	0.6118	0.1792	0.1726
ENSG00000240637.3	RN7SL808P	misc_RNA	0	0	0	0.0000	0.0000	0.0000
ENSG00000240639.3	RN7SL666P	misc_RNA	0	0	0	0.0000	0.0000	0.0000
ENSG00000240641.3	RN7SL580P	misc_RNA	0	0	0	0.0000	0.0000	0.0000
ENSG00000240647.3	RN7SL305P	misc_RNA	0	0	0	0.0000	0.0000	0.0000
ENSG00000240651.1	SEPTIN7P4	unprocessed_pseudogene	0	0	0	0.0000	0.0000	0.0000
ENSG00000240652.1	AP001024.1	processed_pseudogene	7	8	8	1.7230	0.5047	0.4860
ENSG00000240654.6	C1QTNF9	protein_coding	0	0	0	0.0000	0.0000	0.0000
ENSG00000240661.3	AC063952.1	transcribed_unitary_pseudogene	1	49	58	0.0199	0.0058	0.0056
ENSG00000240663.3	RN7SL310P	misc_RNA	0	0	0	0.0000	0.0000	0.0000
ENSG00000240665.1	LSP1P2	processed_pseudogene	0	0	0	0.0000	0.0000	0.0000
ENSG00000240666.2	MME-AS1	lncRNA	0	15	16	0.0000	0.0000	0.0000
ENSG00000240667.1	NBPF18P	unprocessed_pseudogene	0	0	0	0.0000	0.0000	0.0000
ENSG00000240668.1	KRT8P36	processed_pseudogene	2	0	2	0.1179	0.0345	0.0333
ENSG00000240669.1	AC023424.1	processed_pseudogene	1	1	0	0.1850	0.0542	0.0522
ENSG00000240671.4	IGKV1-8	IG_V_gene	112	53	59	23.8972	6.9999	6.7403
ENSG00000240673.1	AC006539.1	processed_pseudogene	0	0	0	0.0000	0.0000	0.0000
ENSG00000240674.1	AC106872.2	processed_pseudogene	3	1	2	0.5308	0.1555	0.1497
ENSG00000240677.1	MYL6P4	processed_pseudogene	1	1	0	0.1875	0.0549	0.0529
ENSG00000240680.1	H4P1	processed_pseudogene	0	0	0	0.0000	0.0000	0.0000
ENSG00000240682.10	ISY1	protein_coding	466	236	230	10.2203	2.9937	2.8827
ENSG00000240687.2	AC082651.1	lncRNA	17	10	8	0.4874	0.1428	0.1375
ENSG00000240692.3	RN7SL538P	misc_RNA	0	0	0	0.0000	0.0000	0.0000
ENSG00000240694.9	PNMA2	protein_coding	23	10	20	0.3510	0.1028	0.0990
ENSG00000240695.1	AC117382.1	processed_pseudogene	8	3	5	0.9306	0.2726	0.2625
ENSG00000240698.1	RPS2P39	processed_pseudogene	0	0	0	0.0000	0.0000	0.0000
ENSG00000240704.1	KLF7P1	processed_pseudogene	0	0	0	0.0000	0.0000	0.0000
ENSG00000240707.3	LINC01168	lncRNA	0	0	0	0.0000	0.0000	0.0000
ENSG00000240708.2	LINC02030	lncRNA	0	0	0	0.0000	0.0000	0.0000
ENSG00000240710.1	AL512306.3	lncRNA	0	0	0	0.0000	0.0000	0.0000
ENSG00000240713.3	RN7SL860P	misc_RNA	0	0	0	0.0000	0.0000	0.0000
ENSG00000240718.3	RN7SL851P	misc_RNA	0	0	0	0.0000	0.0000	0.0000
ENSG00000240720.9	LRRD1	protein_coding	1	0	1	0.0191	0.0056	0.0054
ENSG00000240721.2	RPS4XP15	processed_pseudogene	0	0	0	0.0000	0.0000	0.0000
ENSG00000240723.3	RN7SL382P	misc_RNA	0	0	0	0.0000	0.0000	0.0000
ENSG00000240724.2	RPS12P15	processed_pseudogene	0	0	0	0.0000	0.0000	0.0000
ENSG00000240729.1	AC146507.2	processed_pseudogene	0	0	0	0.0000	0.0000	0.0000
ENSG00000240731.1	AL139287.1	lncRNA	31	17	14	6.8200	1.9977	1.9236
ENSG00000240733.3	RN7SL502P	misc_RNA	0	0	0	0.0000	0.0000	0.0000
ENSG00000240738.1	AF279873.2	processed_pseudogene	0	0	0	0.0000	0.0000	0.0000
ENSG00000240739.1	AC006511.1	unprocessed_pseudogene	0	0	0	0.0000	0.0000	0.0000
ENSG00000240747.8	KRBOX1	protein_coding	0	0	0	0.0000	0.0000	0.0000
ENSG00000240750.3	RN7SL559P	misc_RNA	0	0	0	0.0000	0.0000	0.0000
ENSG00000240751.1	AC026348.1	processed_pseudogene	0	0	0	0.0000	0.0000	0.0000
ENSG00000240752.1	AC055731.1	processed_pseudogene	0	0	0	0.0000	0.0000	0.0000
ENSG00000240755.1	ERLEC1P1	processed_pseudogene	0	0	0	0.0000	0.0000	0.0000
ENSG00000240758.2	AC010655.2	lncRNA	0	0	0	0.0000	0.0000	0.0000
ENSG00000240759.1	RPS27P21	processed_pseudogene	5	3	2	1.6849	0.4935	0.4752
ENSG00000240760.1	RPL31P56	processed_pseudogene	0	0	0	0.0000	0.0000	0.0000
ENSG00000240761.1	AC098831.1	processed_pseudogene	0	0	0	0.0000	0.0000	0.0000
ENSG00000240764.4	PCDHGC5	protein_coding	9	4	5	0.1521	0.0445	0.0429
ENSG00000240766.1	PLCXD2-AS1	lncRNA	0	0	0	0.0000	0.0000	0.0000
ENSG00000240767.3	RN7SL288P	misc_RNA	0	0	0	0.0000	0.0000	0.0000
ENSG00000240770.5	C21orf91-OT1	lncRNA	1	0	1	0.0851	0.0249	0.0240
ENSG00000240771.8	ARHGEF25	protein_coding	101	121	140	2.5293	0.7409	0.7134
ENSG00000240772.3	RN7SL776P	misc_RNA	0	0	0	0.0000	0.0000	0.0000
ENSG00000240774.1	AC126182.1	processed_pseudogene	0	0	0	0.0000	0.0000	0.0000
ENSG00000240775.1	AC021205.1	processed_pseudogene	0	0	0	0.0000	0.0000	0.0000
ENSG00000240776.1	AC079944.1	processed_pseudogene	3	1	2	0.5147	0.1508	0.1452
ENSG00000240777.2	AC025572.1	lncRNA	0	0	0	0.0000	0.0000	0.0000
ENSG00000240785.2	RPL36AP21	transcribed_processed_pseudogene	4	0	4	0.5299	0.1552	0.1495
ENSG00000240787.1	AC092916.2	processed_pseudogene	0	0	0	0.0000	0.0000	0.0000
ENSG00000240790.1	AC073934.1	lncRNA	1	0	1	0.1716	0.0503	0.0484
ENSG00000240791.1	MTND4LP7	unprocessed_pseudogene	0	0	0	0.0000	0.0000	0.0000
ENSG00000240792.2	AC079910.1	lncRNA	0	0	0	0.0000	0.0000	0.0000
ENSG00000240793.1	UBA52P8	processed_pseudogene	6	4	2	1.3269	0.3887	0.3743
ENSG00000240796.1	MTND2P14	unprocessed_pseudogene	0	0	0	0.0000	0.0000	0.0000
ENSG00000240801.1	AC132217.1	lncRNA	0	0	0	0.0000	0.0000	0.0000
ENSG00000240803.3	RN7SL231P	misc_RNA	0	0	0	0.0000	0.0000	0.0000
ENSG00000240804.1	NPM1P28	processed_pseudogene	0	0	0	0.0000	0.0000	0.0000
ENSG00000240808.1	AC126389.1	processed_pseudogene	0	0	0	0.0000	0.0000	0.0000
ENSG00000240809.1	CAP1P1	processed_pseudogene	162	83	79	9.7499	2.8559	2.7500
ENSG00000240813.2	AC015908.1	processed_pseudogene	0	0	0	0.0000	0.0000	0.0000
ENSG00000240821.1	RPL9P25	processed_pseudogene	0	0	0	0.0000	0.0000	0.0000
ENSG00000240823.3	RN7SL23P	misc_RNA	0	0	0	0.0000	0.0000	0.0000
ENSG00000240824.1	MTND3P7	processed_pseudogene	0	0	0	0.0000	0.0000	0.0000
ENSG00000240827.1	AC021660.1	processed_pseudogene	0	0	0	0.0000	0.0000	0.0000
ENSG00000240828.1	RPL21P4	processed_pseudogene	0	1	0	0.0000	0.0000	0.0000
ENSG00000240837.3	RN7SL77P	misc_RNA	0	0	0	0.0000	0.0000	0.0000
ENSG00000240842.2	AC099328.2	lncRNA	0	0	0	0.0000	0.0000	0.0000
ENSG00000240846.2	RPS15P9	processed_pseudogene	2	3	3	0.5324	0.1560	0.1502
ENSG00000240847.3	RN7SL497P	misc_RNA	0	0	0	0.0000	0.0000	0.0000
ENSG00000240849.11	PEDS1	protein_coding	1981	983	998	21.2114	6.2131	5.9828
ENSG00000240853.3	RN7SL328P	misc_RNA	0	0	0	0.0000	0.0000	0.0000
ENSG00000240854.1	PSMC2P1	processed_pseudogene	36	21	17	2.3337	0.6836	0.6582
ENSG00000240857.2	RDH14	protein_coding	533	275	258	28.5388	8.3595	8.0495
ENSG00000240859.3	AC093627.4	lncRNA	47	21	26	0.7680	0.2250	0.2166
ENSG00000240861.1	AC009153.1	processed_pseudogene	0	0	0	0.0000	0.0000	0.0000
ENSG00000240863.3	RN7SL645P	misc_RNA	0	0	0	0.0000	0.0000	0.0000
ENSG00000240864.3	IGKV1-16	IG_V_gene	83	41	42	18.6466	5.4619	5.2594
ENSG00000240868.1	C1QTNF9-AS1	lncRNA	0	0	0	0.0000	0.0000	0.0000
ENSG00000240869.3	RN7SL128P	misc_RNA	1	1	0	0.2784	0.0816	0.0785
ENSG00000240870.2	RPL19P14	processed_pseudogene	0	0	0	0.0000	0.0000	0.0000
ENSG00000240871.5	KRTAP4-7	protein_coding	0	0	0	0.0000	0.0000	0.0000
ENSG00000240873.1	RPS29P22	processed_pseudogene	2	0	2	1.0110	0.2961	0.2851
ENSG00000240874.1	AC025271.1	processed_pseudogene	0	0	0	0.0000	0.0000	0.0000
ENSG00000240875.6	LINC00886	lncRNA	45	17	28	0.9648	0.2826	0.2721
ENSG00000240877.3	RN7SL521P	misc_RNA	2	1	1	0.5719	0.1675	0.1613
ENSG00000240881.1	AC068472.1	processed_pseudogene	0	0	0	0.0000	0.0000	0.0000
ENSG00000240882.1	AC063952.2	processed_pseudogene	6	4	2	0.4153	0.1216	0.1171
ENSG00000240888.1	AC131210.1	lncRNA	0	0	0	0.0000	0.0000	0.0000
ENSG00000240889.1	NDUFB2-AS1	lncRNA	14	872	755	0.7214	0.2113	0.2035
ENSG00000240890.2	AC020633.1	processed_pseudogene	0	0	0	0.0000	0.0000	0.0000
ENSG00000240891.8	PLCXD2	protein_coding	45	20	25	0.4258	0.1247	0.1201
ENSG00000240893.1	LINC02042	lncRNA	0	0	0	0.0000	0.0000	0.0000
ENSG00000240895.1	AC117430.1	lncRNA	0	0	0	0.0000	0.0000	0.0000
ENSG00000240898.1	AC132942.1	processed_pseudogene	19	6	13	3.3406	0.9785	0.9422
ENSG00000240902.1	APOOP2	processed_pseudogene	1	1	0	0.1576	0.0461	0.0444
ENSG00000240905.3	RN7SL798P	misc_RNA	0	0	0	0.0000	0.0000	0.0000
ENSG00000240912.1	H2BP3	processed_pseudogene	1	1	0	0.2235	0.0655	0.0630
ENSG00000240914.1	RPL15P2	processed_pseudogene	11	9	2	1.5189	0.4449	0.4284
ENSG00000240915.2	AC120042.1	lncRNA	0	0	0	0.0000	0.0000	0.0000
ENSG00000240919.1	AC022034.2	processed_pseudogene	1	1	0	0.1777	0.0520	0.0501
ENSG00000240922.1	LSAMP-AS1	lncRNA	59	34	25	9.0602	2.6539	2.5555
ENSG00000240925.1	RPS20P31	processed_pseudogene	0	0	1	0.0000	0.0000	0.0000
ENSG00000240927.3	RN7SL209P	misc_RNA	0	1	0	0.0000	0.0000	0.0000
ENSG00000240934.2	AC066616.1	processed_pseudogene	0	0	0	0.0000	0.0000	0.0000
ENSG00000240935.6	PLGLA	transcribed_unprocessed_pseudogene	0	0	0	0.0000	0.0000	0.0000
ENSG00000240936.3	RN7SL554P	misc_RNA	0	0	0	0.0000	0.0000	0.0000
ENSG00000240940.3	RN7SL591P	misc_RNA	0	0	0	0.0000	0.0000	0.0000
ENSG00000240950.1	AC021074.1	processed_pseudogene	24	11	13	3.2197	0.9431	0.9081
ENSG00000240951.1	MTCO2P6	processed_pseudogene	0	0	0	0.0000	0.0000	0.0000
ENSG00000240954.1	RPL4P1	processed_pseudogene	5	2	3	0.3322	0.0973	0.0937
ENSG00000240959.1	ST13P14	processed_pseudogene	0	0	0	0.0000	0.0000	0.0000
ENSG00000240960.1	AC082651.2	processed_pseudogene	0	0	0	0.0000	0.0000	0.0000
ENSG00000240961.3	RN7SL415P	misc_RNA	0	0	0	0.0000	0.0000	0.0000
ENSG00000240963.1	AL645465.1	lncRNA	0	0	0	0.0000	0.0000	0.0000
ENSG00000240964.3	RN7SL751P	misc_RNA	7	4	3	2.0931	0.6131	0.5904
ENSG00000240966.3	RN7SL681P	misc_RNA	0	0	0	0.0000	0.0000	0.0000
ENSG00000240970.1	RPL23AP64	processed_pseudogene	11	9	2	2.1474	0.6290	0.6057
ENSG00000240972.2	MIF	protein_coding	0	749	721	0.0000	0.0000	0.0000
ENSG00000240973.1	AC093714.1	lncRNA	0	0	0	0.0000	0.0000	0.0000
ENSG00000240974.1	RPS27AP10	processed_pseudogene	0	0	0	0.0000	0.0000	0.0000
ENSG00000240975.1	AC021723.1	processed_pseudogene	1	1	0	0.1649	0.0483	0.0465
ENSG00000240977.3	RN7SL283P	misc_RNA	0	0	0	0.0000	0.0000	0.0000
ENSG00000240980.1	AC093904.1	lncRNA	0	0	0	0.0000	0.0000	0.0000
ENSG00000240983.1	AC090311.1	processed_pseudogene	0	0	0	0.0000	0.0000	0.0000
ENSG00000240990.10	HOXA11-AS	lncRNA	2	7	5	0.0543	0.0159	0.0153
ENSG00000240991.3	RPL23AP67	processed_pseudogene	0	0	0	0.0000	0.0000	0.0000
ENSG00000240992.1	RPS23P4	processed_pseudogene	1	0	1	0.2008	0.0588	0.0566
ENSG00000240993.3	RN7SL459P	misc_RNA	0	0	0	0.0000	0.0000	0.0000
ENSG00000240995.2	AC069454.1	processed_pseudogene	0	0	0	0.0000	0.0000	0.0000
ENSG00000240996.1	AL157400.4	lncRNA	1	0	1	0.1273	0.0373	0.0359
ENSG00000240997.3	RN7SL183P	misc_RNA	0	0	0	0.0000	0.0000	0.0000
ENSG00000241002.1	AC017007.3	processed_pseudogene	0	0	0	0.0000	0.0000	0.0000
ENSG00000241003.1	AC108860.1	processed_pseudogene	0	0	0	0.0000	0.0000	0.0000
ENSG00000241007.1	SEPTIN7P6	processed_pseudogene	4	1	3	0.2972	0.0870	0.0838
ENSG00000241008.1	AC044810.1	processed_pseudogene	2	2	0	0.2389	0.0700	0.0674
ENSG00000241011.1	AC108073.2	processed_pseudogene	0	0	0	0.0000	0.0000	0.0000
ENSG00000241014.2	AC114490.1	transcribed_unitary_pseudogene	5	3	2	0.2250	0.0659	0.0635
ENSG00000241015.2	TPM3P9	transcribed_processed_pseudogene	51	18	33	1.4832	0.4345	0.4183
ENSG00000241018.1	RCC2P5	processed_pseudogene	0	0	0	0.0000	0.0000	0.0000
ENSG00000241020.1	AP000873.1	processed_pseudogene	0	0	0	0.0000	0.0000	0.0000
ENSG00000241022.1	NIPA2P2	processed_pseudogene	0	0	0	0.0000	0.0000	0.0000
ENSG00000241026.1	AC105910.1	unprocessed_pseudogene	0	0	0	0.0000	0.0000	0.0000
ENSG00000241030.1	RPL29P24	processed_pseudogene	5	3	2	0.9373	0.2746	0.2644
ENSG00000241032.3	RN7SL709P	misc_RNA	0	0	0	0.0000	0.0000	0.0000
ENSG00000241035.2	AL161747.1	processed_pseudogene	0	0	0	0.0000	0.0000	0.0000
ENSG00000241037.3	RN7SL335P	misc_RNA	0	0	0	0.0000	0.0000	0.0000
ENSG00000241042.1	AL592431.2	lncRNA	0	0	0	0.0000	0.0000	0.0000
ENSG00000241045.1	RPL7P43	processed_pseudogene	1	0	1	0.1128	0.0330	0.0318
ENSG00000241048.1	AC117386.1	lncRNA	0	0	0	0.0000	0.0000	0.0000
ENSG00000241052.1	RPL23AP70	processed_pseudogene	0	0	0	0.0000	0.0000	0.0000
ENSG00000241054.1	AL035454.1	lncRNA	0	0	0	0.0000	0.0000	0.0000
ENSG00000241057.2	AC004951.3	transcribed_unprocessed_pseudogene	4	3	3	0.2959	0.0867	0.0835
ENSG00000241058.4	NSUN6	protein_coding	310	137	173	7.6019	2.2267	2.1442
ENSG00000241059.2	AC008799.2	lncRNA	0	0	0	0.0000	0.0000	0.0000
ENSG00000241061.3	RPL5P1	processed_pseudogene	14	9	5	1.3299	0.3895	0.3751
ENSG00000241064.3	RN7SL110P	misc_RNA	0	0	0	0.0000	0.0000	0.0000
ENSG00000241067.2	RPL17P40	processed_pseudogene	0	0	0	0.0000	0.0000	0.0000
ENSG00000241069.1	AC125388.1	transcribed_processed_pseudogene	0	0	0	0.0000	0.0000	0.0000
ENSG00000241073.1	AC093019.2	lncRNA	0	0	0	0.0000	0.0000	0.0000
ENSG00000241074.3	RN7SL813P	misc_RNA	0	0	0	0.0000	0.0000	0.0000
ENSG00000241081.1	RPL22P2	processed_pseudogene	64	31	33	14.5318	4.2566	4.0988
ENSG00000241082.3	RN7SL259P	misc_RNA	0	0	0	0.0000	0.0000	0.0000
ENSG00000241088.2	RPL17P44	processed_pseudogene	0	0	0	0.0000	0.0000	0.0000
ENSG00000241095.1	CYP51A1P1	processed_pseudogene	4	0	4	0.2254	0.0660	0.0636
ENSG00000241097.2	AP001324.2	processed_pseudogene	0	0	0	0.0000	0.0000	0.0000
ENSG00000241098.1	LINC01994	lncRNA	10	3	7	0.4697	0.1376	0.1325
ENSG00000241101.1	PRICKLE2-AS2	lncRNA	0	0	0	0.0000	0.0000	0.0000
ENSG00000241102.1	AC011005.2	processed_pseudogene	0	0	0	0.0000	0.0000	0.0000
ENSG00000241103.1	RPL35AP11	processed_pseudogene	0	0	0	0.0000	0.0000	0.0000
ENSG00000241104.5	CEACAMP10	transcribed_processed_pseudogene	0	0	0	0.0000	0.0000	0.0000
ENSG00000241105.1	AC022730.1	processed_pseudogene	0	0	0	0.0000	0.0000	0.0000
ENSG00000241106.8	HLA-DOB	protein_coding	39	19	21	1.6829	0.4929	0.4747
ENSG00000241111.1	PRICKLE2-AS1	lncRNA	0	44	31	0.0000	0.0000	0.0000
ENSG00000241112.1	RPL29P14	processed_pseudogene	1	1	0	0.1984	0.0581	0.0560
ENSG00000241114.1	AC008280.1	processed_pseudogene	0	9	6	0.0000	0.0000	0.0000
ENSG00000241119.2	UGT1A9	protein_coding	0	0	0	0.0000	0.0000	0.0000
ENSG00000241120.1	HMGN1P8	processed_pseudogene	0	0	0	0.0000	0.0000	0.0000
ENSG00000241123.1	KRTAP10-5	protein_coding	0	0	0	0.0000	0.0000	0.0000
ENSG00000241127.8	YAE1	protein_coding	305	147	159	10.1175	2.9636	2.8537
ENSG00000241128.2	OR14A2	protein_coding	0	0	0	0.0000	0.0000	0.0000
ENSG00000241129.3	RPL22P19	transcribed_processed_pseudogene	0	0	0	0.0000	0.0000	0.0000
ENSG00000241130.1	AC012100.1	processed_pseudogene	0	0	0	0.0000	0.0000	0.0000
ENSG00000241131.2	LINC02032	lncRNA	0	0	0	0.0000	0.0000	0.0000
ENSG00000241134.3	BET1P1	processed_pseudogene	2	2	0	0.4731	0.1386	0.1334
ENSG00000241135.6	LINC00881	lncRNA	2	0	2	0.0411	0.0120	0.0116
ENSG00000241136.1	PAICSP6	processed_pseudogene	0	0	0	0.0000	0.0000	0.0000
ENSG00000241143.1	RPL32P9	transcribed_processed_pseudogene	0	0	0	0.0000	0.0000	0.0000
ENSG00000241144.3	RN7SL728P	misc_RNA	0	0	0	0.0000	0.0000	0.0000
ENSG00000241146.1	RPL7P41	processed_pseudogene	0	0	0	0.0000	0.0000	0.0000
ENSG00000241149.3	ZNF722P	protein_coding	0	0	0	0.0000	0.0000	0.0000
ENSG00000241151.1	LINC02066	lncRNA	0	0	0	0.0000	0.0000	0.0000
ENSG00000241152.3	RN7SL720P	misc_RNA	0	0	0	0.0000	0.0000	0.0000
ENSG00000241155.1	ARHGAP31-AS1	lncRNA	11	6	5	1.4970	0.4385	0.4222
ENSG00000241156.3	RN7SL582P	misc_RNA	0	0	0	0.0000	0.0000	0.0000
ENSG00000241157.1	AC104763.1	processed_pseudogene	7	4	3	1.6512	0.4837	0.4657
ENSG00000241158.7	ADAMTS9-AS1	lncRNA	5	11	9	0.0606	0.0178	0.0171
ENSG00000241159.3	RN7SL160P	misc_RNA	0	0	0	0.0000	0.0000	0.0000
ENSG00000241162.3	RN7SL617P	misc_RNA	0	0	0	0.0000	0.0000	0.0000
ENSG00000241163.8	LINC00877	lncRNA	5	1	4	0.0443	0.0130	0.0125
ENSG00000241168.1	AC128685.1	lncRNA	0	0	0	0.0000	0.0000	0.0000
ENSG00000241169.1	FO393419.2	lncRNA	0	0	0	0.0000	0.0000	0.0000
ENSG00000241170.3	AP001992.1	transcribed_processed_pseudogene	19	13	6	1.0532	0.3085	0.2971
ENSG00000241172.3	RN7SL70P	misc_RNA	0	0	0	0.0000	0.0000	0.0000
ENSG00000241174.3	RN7SL570P	misc_RNA	0	0	0	0.0000	0.0000	0.0000
ENSG00000241175.3	RN7SL494P	misc_RNA	0	0	0	0.0000	0.0000	0.0000
ENSG00000241179.1	AC010301.1	processed_pseudogene	1	0	1	0.2392	0.0701	0.0675
ENSG00000241180.1	AL645608.4	lncRNA	0	0	0	0.0000	0.0000	0.0000
ENSG00000241183.1	AC009022.1	processed_pseudogene	0	0	0	0.0000	0.0000	0.0000
ENSG00000241185.2	AC005410.1	transcribed_processed_pseudogene	0	0	0	0.0000	0.0000	0.0000
ENSG00000241186.10	TDGF1	protein_coding	0	0	0	0.0000	0.0000	0.0000
ENSG00000241187.1	AC008379.1	processed_pseudogene	0	0	0	0.0000	0.0000	0.0000
ENSG00000241188.3	RN7SL165P	misc_RNA	0	0	0	0.0000	0.0000	0.0000
ENSG00000241198.3	RN7SL191P	misc_RNA	0	0	0	0.0000	0.0000	0.0000
ENSG00000241200.1	ZNF736P7Y	processed_pseudogene	0	0	0	0.0000	0.0000	0.0000
ENSG00000241202.1	ZIC4-AS1	lncRNA	0	11	10	0.0000	0.0000	0.0000
ENSG00000241203.1	HMGN2P26	processed_pseudogene	0	0	0	0.0000	0.0000	0.0000
ENSG00000241204.1	AC022730.2	processed_pseudogene	0	0	0	0.0000	0.0000	0.0000
ENSG00000241207.1	AC245047.5	unprocessed_pseudogene	0	0	0	0.0000	0.0000	0.0000
ENSG00000241211.1	IQCJ-SCHIP1-AS1	lncRNA	0	0	0	0.0000	0.0000	0.0000
ENSG00000241213.2	LINC02024	lncRNA	0	0	0	0.0000	0.0000	0.0000
ENSG00000241216.1	SNAPC5P1	transcribed_processed_pseudogene	0	0	0	0.0000	0.0000	0.0000
ENSG00000241217.3	RN7SL809P	misc_RNA	3	1	2	0.8578	0.2513	0.2419
ENSG00000241218.1	CSP2	processed_pseudogene	0	0	0	0.0000	0.0000	0.0000
ENSG00000241219.1	AC078785.2	lncRNA	0	0	0	0.0000	0.0000	0.0000
ENSG00000241220.1	AC078788.1	lncRNA	0	0	0	0.0000	0.0000	0.0000
ENSG00000241221.2	MTND4LP17	unprocessed_pseudogene	0	0	0	0.0000	0.0000	0.0000
ENSG00000241223.3	RN7SL39P	misc_RNA	0	0	0	0.0000	0.0000	0.0000
ENSG00000241224.8	C3orf85	protein_coding	44	23	21	1.0881	0.3187	0.3069
ENSG00000241225.2	NMTRS-TGA3-1	unprocessed_pseudogene	0	0	0	0.0000	0.0000	0.0000
ENSG00000241226.3	RN7SL836P	misc_RNA	1	1	0	0.2869	0.0840	0.0809
ENSG00000241227.3	RN7SL553P	misc_RNA	0	0	0	0.0000	0.0000	0.0000
ENSG00000241228.1	RPL12P31	processed_pseudogene	0	0	0	0.0000	0.0000	0.0000
ENSG00000241229.3	RN7SL443P	misc_RNA	0	0	0	0.0000	0.0000	0.0000
ENSG00000241230.3	RN7SL801P	misc_RNA	0	0	0	0.0000	0.0000	0.0000
ENSG00000241231.2	AC068308.1	lncRNA	0	0	1	0.0000	0.0000	0.0000
ENSG00000241233.4	KRTAP5-8	protein_coding	1	2	0	0.0717	0.0210	0.0202
ENSG00000241241.1	KRTAP4-16	protein_coding	0	0	0	0.0000	0.0000	0.0000
ENSG00000241243.3	RN7SL629P	misc_RNA	0	0	0	0.0000	0.0000	0.0000
ENSG00000241244.1	IGKV1D-16	IG_V_gene	6	5	2	1.3479	0.3948	0.3802
ENSG00000241246.3	RN7SL302P	misc_RNA	0	0	0	0.0000	0.0000	0.0000
ENSG00000241248.3	RN7SL727P	misc_RNA	0	0	0	0.0000	0.0000	0.0000
ENSG00000241250.1	RPL17P20	processed_pseudogene	1	1	0	0.1530	0.0448	0.0432
ENSG00000241251.2	AC090525.1	processed_pseudogene	0	0	0	0.0000	0.0000	0.0000
ENSG00000241255.1	AL136126.1	processed_pseudogene	11	3	8	2.3237	0.6806	0.6554
ENSG00000241257.1	AC124945.1	processed_pseudogene	0	0	0	0.0000	0.0000	0.0000
ENSG00000241258.7	CRCP	protein_coding	1430	764	667	34.3040	10.0482	9.6757
ENSG00000241261.1	RPL17P19	processed_pseudogene	0	0	0	0.0000	0.0000	0.0000
ENSG00000241269.1	AC093620.1	lncRNA	4	1	3	0.5826	0.1707	0.1643
ENSG00000241278.1	ENPP7P4	transcribed_unprocessed_pseudogene	1	0	1	0.0782	0.0229	0.0221
ENSG00000241280.1	AC106712.1	lncRNA	14	9	5	0.5512	0.1614	0.1555
ENSG00000241281.1	AC010683.1	processed_pseudogene	0	0	0	0.0000	0.0000	0.0000
ENSG00000241282.1	RPL34P33	processed_pseudogene	2	1	3	0.5085	0.1489	0.1434
ENSG00000241286.2	RPL29P25	processed_pseudogene	2	0	2	0.1998	0.0585	0.0564
ENSG00000241288.8	LINC02614	lncRNA	39	20	31	0.4920	0.1441	0.1388
ENSG00000241291.3	RN7SL791P	misc_RNA	0	0	0	0.0000	0.0000	0.0000
ENSG00000241293.1	PPATP1	processed_pseudogene	1	1	0	0.0549	0.0161	0.0155
ENSG00000241294.1	IGKV2-24	IG_V_gene	23	10	13	5.0081	1.4670	1.4126
ENSG00000241295.1	ZBTB20-AS2	lncRNA	0	0	0	0.0000	0.0000	0.0000
ENSG00000241305.1	ACTG1P13	processed_pseudogene	0	0	0	0.0000	0.0000	0.0000
ENSG00000241307.1	AC104472.2	processed_pseudogene	1	0	1	0.1413	0.0414	0.0399
ENSG00000241313.3	WWTR1-AS1	lncRNA	4	121	150	0.1295	0.0379	0.0365
ENSG00000241316.8	SUCLG2-AS1	lncRNA	215	120	95	1.6416	0.4809	0.4630
ENSG00000241317.1	AL133481.3	lncRNA	1	0	1	0.2550	0.0747	0.0719
ENSG00000241318.3	WDR82P2	processed_pseudogene	1	1	0	0.0915	0.0268	0.0258
ENSG00000241319.1	SETP6	processed_pseudogene	0	0	0	0.0000	0.0000	0.0000
ENSG00000241322.11	CDRT1	protein_coding	18	13	10	0.1702	0.0499	0.0480
ENSG00000241324.1	AC004930.1	lncRNA	0	0	0	0.0000	0.0000	0.0000
ENSG00000241326.1	AL603962.1	lncRNA	0	0	0	0.0000	0.0000	0.0000
ENSG00000241328.1	LINC02070	lncRNA	0	0	0	0.0000	0.0000	0.0000
ENSG00000241333.3	RN7SL385P	misc_RNA	0	0	0	0.0000	0.0000	0.0000
ENSG00000241334.2	RPL35AP33	processed_pseudogene	0	0	1	0.0000	0.0000	0.0000
ENSG00000241336.2	LINC01487	lncRNA	0	0	0	0.0000	0.0000	0.0000
ENSG00000241343.10	RPL36A	protein_coding	44	19	37	0.9424	0.2760	0.2658
ENSG00000241344.1	RPL21P47	processed_pseudogene	0	0	0	0.0000	0.0000	0.0000
ENSG00000241345.1	AC004690.2	lncRNA	0	0	0	0.0000	0.0000	0.0000
ENSG00000241346.1	SNRPCP11	processed_pseudogene	2	1	1	0.8285	0.2427	0.2337
ENSG00000241347.3	RN7SL466P	misc_RNA	0	0	0	0.0000	0.0000	0.0000
ENSG00000241350.1	PMS2P11	transcribed_unprocessed_pseudogene	0	0	0	0.0000	0.0000	0.0000
ENSG00000241351.3	IGKV3-11	IG_V_gene	8440	4192	4254	1828.3892	535.5639	515.7079
ENSG00000241352.3	AC007688.2	processed_pseudogene	9	5	4	1.0070	0.2950	0.2840
ENSG00000241353.3	PPP1R2P4	processed_pseudogene	0	0	0	0.0000	0.0000	0.0000
ENSG00000241354.2	AL049874.1	processed_pseudogene	0	0	0	0.0000	0.0000	0.0000
ENSG00000241356.2	OR5G3	polymorphic_pseudogene	0	0	0	0.0000	0.0000	0.0000
ENSG00000241357.1	AC092849.1	lncRNA	0	106	100	0.0000	0.0000	0.0000
ENSG00000241358.1	AC069528.1	transcribed_processed_pseudogene	0	0	0	0.0000	0.0000	0.0000
ENSG00000241359.1	SYNPR-AS1	lncRNA	0	0	0	0.0000	0.0000	0.0000
ENSG00000241360.2	PDXP	protein_coding	6	2	4	0.2311	0.0677	0.0652
ENSG00000241361.8	SLC25A24P1	transcribed_unprocessed_pseudogene	10	3	8	0.4512	0.1322	0.1273
ENSG00000241362.2	RPL36AP43	processed_pseudogene	6	4	2	1.6597	0.4861	0.4681
ENSG00000241367.1	RPL7AP23	processed_pseudogene	0	0	0	0.0000	0.0000	0.0000
ENSG00000241369.6	LINC01192	lncRNA	0	0	0	0.0000	0.0000	0.0000
ENSG00000241370.6	RPP21	protein_coding	3	3	0	0.1586	0.0465	0.0447
ENSG00000241383.2	LINC01997	lncRNA	0	0	0	0.0000	0.0000	0.0000
ENSG00000241385.1	AC023245.1	processed_pseudogene	0	0	0	0.0000	0.0000	0.0000
ENSG00000241388.5	HNF1A-AS1	lncRNA	3	3	0	0.0545	0.0160	0.0154
ENSG00000241391.3	RN7SL234P	misc_RNA	1	0	1	0.2879	0.0843	0.0812
ENSG00000241392.3	RN7SL205P	misc_RNA	0	0	0	0.0000	0.0000	0.0000
ENSG00000241395.3	RN7SL344P	misc_RNA	2	2	0	0.5738	0.1681	0.1618
ENSG00000241397.1	LINC00903	lncRNA	0	0	0	0.0000	0.0000	0.0000
ENSG00000241399.7	CD302	protein_coding	24	153	193	0.4999	0.1464	0.1410
ENSG00000241400.1	AC022215.1	processed_pseudogene	0	0	0	0.0000	0.0000	0.0000
ENSG00000241404.7	EGFL8	protein_coding	7	4	3	0.2278	0.0667	0.0643
ENSG00000241406.3	RN7SL515P	misc_RNA	0	0	0	0.0000	0.0000	0.0000
ENSG00000241409.1	AC064852.1	lncRNA	0	57	64	0.0000	0.0000	0.0000
ENSG00000241411.1	AC104619.1	processed_pseudogene	12	9	4	1.6150	0.4730	0.4555
ENSG00000241413.3	RN7SL441P	misc_RNA	0	0	0	0.0000	0.0000	0.0000
ENSG00000241416.1	KRT8P13	processed_pseudogene	0	0	0	0.0000	0.0000	0.0000
ENSG00000241418.1	MCRIP2P1	processed_pseudogene	0	0	0	0.0000	0.0000	0.0000
ENSG00000241420.3	RN7SL505P	misc_RNA	1	1	0	0.2898	0.0849	0.0817
ENSG00000241423.2	RPL21P103	processed_pseudogene	0	0	0	0.0000	0.0000	0.0000
ENSG00000241429.1	EEF1A1P25	processed_pseudogene	9	7	2	0.6032	0.1767	0.1701
ENSG00000241431.1	RPL37P6	transcribed_processed_pseudogene	5	1	4	1.0536	0.3086	0.2972
ENSG00000241434.1	AC022137.1	transcribed_processed_pseudogene	0	0	0	0.0000	0.0000	0.0000
ENSG00000241438.1	TDGF1P6	processed_pseudogene	0	0	0	0.0000	0.0000	0.0000
ENSG00000241439.1	AC092903.1	processed_pseudogene	0	0	0	0.0000	0.0000	0.0000
ENSG00000241449.6	AC092666.1	lncRNA	0	0	0	0.0000	0.0000	0.0000
ENSG00000241451.2	RPS27P22	processed_pseudogene	0	0	0	0.0000	0.0000	0.0000
ENSG00000241456.1	AC005996.1	lncRNA	1	1	0	0.1506	0.0441	0.0425
ENSG00000241457.1	PLSCR5-AS1	lncRNA	0	0	0	0.0000	0.0000	0.0000
ENSG00000241458.1	RPL7P19	processed_pseudogene	3	1	2	0.4122	0.1208	0.1163
ENSG00000241461.3	RN7SL182P	misc_RNA	0	0	0	0.0000	0.0000	0.0000
ENSG00000241462.1	AC100832.1	processed_pseudogene	0	0	0	0.0000	0.0000	0.0000
ENSG00000241464.3	RPL39P38	processed_pseudogene	4	3	1	2.2201	0.6503	0.6262
ENSG00000241468.8	ATP5MF	protein_coding	552	282	270	22.0076	6.4464	6.2074
ENSG00000241469.9	LINC00635	lncRNA	1	0	1	0.0088	0.0026	0.0025
ENSG00000241472.7	PTPRG-AS1	lncRNA	89	305	266	0.8570	0.2510	0.2417
ENSG00000241473.1	AC108734.2	processed_pseudogene	0	0	0	0.0000	0.0000	0.0000
ENSG00000241475.1	AL160408.4	lncRNA	0	0	0	0.0000	0.0000	0.0000
ENSG00000241476.8	SSX2	protein_coding	0	0	0	0.0000	0.0000	0.0000
ENSG00000241478.1	HSPA8P9	processed_pseudogene	11	6	5	0.4808	0.1408	0.1356
ENSG00000241479.1	MECOM-AS1	lncRNA	1	1	0	0.1587	0.0465	0.0448
ENSG00000241484.10	ARHGAP8	protein_coding	0	0	0	0.0000	0.0000	0.0000
ENSG00000241487.3	RN7SL586P	misc_RNA	0	0	0	0.0000	0.0000	0.0000
ENSG00000241489.8	AC244197.3	protein_coding	3	2	1	0.0263	0.0077	0.0074
ENSG00000241490.1	AC093010.1	lncRNA	0	1	2	0.0000	0.0000	0.0000
ENSG00000241493.1	AC018638.3	processed_pseudogene	2	2	0	1.2867	0.3769	0.3629
ENSG00000241494.1	AL355032.1	processed_pseudogene	16	11	5	3.1021	0.9087	0.8750
ENSG00000241499.1	AL132838.2	processed_pseudogene	0	0	0	0.0000	0.0000	0.0000
ENSG00000241505.1	AL391645.1	lncRNA	0	0	0	0.0000	0.0000	0.0000
ENSG00000241506.1	PSMC1P1	processed_pseudogene	58	17	41	3.7314	1.0930	1.0525
ENSG00000241511.1	RPS15AP24	processed_pseudogene	6	3	3	1.2867	0.3769	0.3629
ENSG00000241520.1	AC098820.1	lncRNA	2	0	2	0.1740	0.0510	0.0491
ENSG00000241524.3	RN7SL632P	misc_RNA	0	0	0	0.0000	0.0000	0.0000
ENSG00000241525.4	AC141424.1	lncRNA	0	70	69	0.0000	0.0000	0.0000
ENSG00000241526.1	AC112771.1	processed_pseudogene	0	0	0	0.0000	0.0000	0.0000
ENSG00000241527.1	CA15P1	unitary_pseudogene	2	2	0	0.1877	0.0550	0.0529
ENSG00000241529.3	RN7SL767P	misc_RNA	2	1	1	0.5757	0.1686	0.1624
ENSG00000241532.1	AGGF1P3	processed_pseudogene	0	0	0	0.0000	0.0000	0.0000
ENSG00000241535.1	CBX5P1	processed_pseudogene	0	0	0	0.0000	0.0000	0.0000
ENSG00000241537.1	AC134050.1	processed_pseudogene	0	0	0	0.0000	0.0000	0.0000
ENSG00000241539.1	AC079804.1	processed_pseudogene	0	0	0	0.0000	0.0000	0.0000
ENSG00000241542.3	RN7SL369P	misc_RNA	0	0	0	0.0000	0.0000	0.0000
ENSG00000241544.2	LINC02029	lncRNA	0	11	10	0.0000	0.0000	0.0000
ENSG00000241546.1	AC092910.2	processed_pseudogene	0	0	0	0.0000	0.0000	0.0000
ENSG00000241547.1	ACTG1P20	processed_pseudogene	19	11	9	3.4476	1.0099	0.9724
ENSG00000241549.8	GUSBP2	transcribed_unprocessed_pseudogene	12	5	7	0.4921	0.1441	0.1388
ENSG00000241550.3	RN7SL41P	misc_RNA	0	0	0	0.0000	0.0000	0.0000
ENSG00000241552.3	RN7SL58P	misc_RNA	0	0	0	0.0000	0.0000	0.0000
ENSG00000241553.12	ARPC4	protein_coding	2320	1237	1134	54.6052	15.9947	15.4017
ENSG00000241556.1	AC018475.1	processed_pseudogene	17	8	9	3.1046	0.9094	0.8757
ENSG00000241560.7	ZBTB20-AS1	lncRNA	6	7	6	0.0875	0.0256	0.0247
ENSG00000241562.2	RPL7P5	processed_pseudogene	0	0	0	0.0000	0.0000	0.0000
ENSG00000241563.4	CORT	protein_coding	1	0	1	0.0929	0.0272	0.0262
ENSG00000241566.1	IGKV2D-24	IG_V_gene	3	0	3	0.6532	0.1913	0.1842
ENSG00000241568.3	RN7SL338P	misc_RNA	0	0	0	0.0000	0.0000	0.0000
ENSG00000241570.8	PAQR9-AS1	lncRNA	0	0	2	0.0000	0.0000	0.0000
ENSG00000241571.2	ATP5F1AP7	processed_pseudogene	1	0	1	0.0664	0.0194	0.0187
ENSG00000241572.1	PRICKLE2-AS1	lncRNA	0	0	0	0.0000	0.0000	0.0000
ENSG00000241573.1	AC011005.3	processed_pseudogene	0	0	0	0.0000	0.0000	0.0000
ENSG00000241577.1	AC060234.3	lncRNA	0	0	0	0.0000	0.0000	0.0000
ENSG00000241582.1	RPL23AP8	processed_pseudogene	0	0	0	0.0000	0.0000	0.0000
ENSG00000241587.3	RN7SL482P	misc_RNA	0	0	0	0.0000	0.0000	0.0000
ENSG00000241588.3	RN7SL484P	misc_RNA	0	0	0	0.0000	0.0000	0.0000
ENSG00000241590.1	RPL17P37	processed_pseudogene	0	0	0	0.0000	0.0000	0.0000
ENSG00000241592.1	AC021074.2	processed_pseudogene	0	0	0	0.0000	0.0000	0.0000
ENSG00000241593.5	AC099542.1	lncRNA	0	0	0	0.0000	0.0000	0.0000
ENSG00000241595.2	KRTAP9-4	protein_coding	0	0	0	0.0000	0.0000	0.0000
ENSG00000241596.1	AC092468.1	lncRNA	0	0	0	0.0000	0.0000	0.0000
ENSG00000241597.2	AC022121.1	processed_pseudogene	0	0	0	0.0000	0.0000	0.0000
ENSG00000241598.5	KRTAP5-4	protein_coding	0	0	0	0.0000	0.0000	0.0000
ENSG00000241599.1	AL627309.4	lncRNA	0	0	0	0.0000	0.0000	0.0000
ENSG00000241604.3	RN7SL340P	misc_RNA	0	0	0	0.0000	0.0000	0.0000
ENSG00000241607.1	AC245096.1	unprocessed_pseudogene	0	0	0	0.0000	0.0000	0.0000
ENSG00000241612.1	AC114728.1	processed_pseudogene	5	2	3	0.8791	0.2575	0.2480
ENSG00000241613.3	RN7SL618P	misc_RNA	0	0	0	0.0000	0.0000	0.0000
ENSG00000241621.1	GOLGA2P6	unprocessed_pseudogene	0	0	0	0.0000	0.0000	0.0000
ENSG00000241622.1	RARRES2P1	processed_pseudogene	0	0	0	0.0000	0.0000	0.0000
ENSG00000241625.3	RN7SL18P	misc_RNA	0	0	0	0.0000	0.0000	0.0000
ENSG00000241627.3	UBQLN4P1	processed_pseudogene	16	9	7	0.7544	0.2210	0.2128
ENSG00000241631.3	RN7SL316P	misc_RNA	0	0	0	0.0000	0.0000	0.0000
ENSG00000241634.1	AC069499.1	processed_pseudogene	13	7	6	2.1689	0.6353	0.6117
ENSG00000241635.8	UGT1A1	protein_coding	0	0	0	0.0000	0.0000	0.0000
ENSG00000241636.1	LINC01323	lncRNA	0	0	0	0.0000	0.0000	0.0000
ENSG00000241640.2	AC092757.1	processed_pseudogene	0	0	0	0.0000	0.0000	0.0000
ENSG00000241641.1	RPS23P6	processed_pseudogene	0	0	0	0.0000	0.0000	0.0000
ENSG00000241644.2	INMT	protein_coding	141	84	57	3.5467	1.0389	1.0004
ENSG00000241648.1	CADM2-AS2	lncRNA	0	0	0	0.0000	0.0000	0.0000
ENSG00000241651.4	AC099340.1	processed_pseudogene	0	0	0	0.0000	0.0000	0.0000
ENSG00000241652.3	RN7SL253P	misc_RNA	1	0	1	0.2869	0.0840	0.0809
ENSG00000241654.1	RPL19P18	processed_pseudogene	0	0	0	0.0000	0.0000	0.0000
ENSG00000241656.1	UBA52P7	processed_pseudogene	2	1	1	0.4469	0.1309	0.1261
ENSG00000241657.1	TRBV11-2	lncRNA	7	4	3	1.4570	0.4268	0.4109
ENSG00000241661.1	PPP1R2P6	processed_pseudogene	0	0	0	0.0000	0.0000	0.0000
ENSG00000241665.3	RN7SL418P	misc_RNA	0	0	0	0.0000	0.0000	0.0000
ENSG00000241666.2	AL031733.2	lncRNA	3	6	5	0.1010	0.0296	0.0285
ENSG00000241667.1	AC104445.1	lncRNA	0	0	0	0.0000	0.0000	0.0000
ENSG00000241668.2	RPL19P11	processed_pseudogene	1	0	1	0.1442	0.0422	0.0407
ENSG00000241669.1	LINC01327	lncRNA	0	0	0	0.0000	0.0000	0.0000
ENSG00000241671.1	AC117394.1	processed_pseudogene	0	0	0	0.0000	0.0000	0.0000
ENSG00000241673.1	RPS27P12	processed_pseudogene	0	0	0	0.0000	0.0000	0.0000
ENSG00000241678.1	AC091564.1	processed_pseudogene	3	1	2	0.5319	0.1558	0.1500
ENSG00000241679.2	AC018450.1	lncRNA	1	0	1	0.1138	0.0333	0.0321
ENSG00000241680.1	RPL31P49	processed_pseudogene	5	2	3	1.1323	0.3317	0.3194
ENSG00000241684.6	ADAMTS9-AS2	lncRNA	1	0	1	0.0103	0.0030	0.0029
ENSG00000241685.10	ARPC1A	protein_coding	1087	555	532	44.7015	13.0938	12.6083
ENSG00000241690.3	AL035460.1	protein_coding	0	0	0	0.0000	0.0000	0.0000
ENSG00000241693.2	RN7SL704P	misc_RNA	0	0	0	0.0000	0.0000	0.0000
ENSG00000241695.1	GM2AP1	processed_pseudogene	0	0	0	0.0000	0.0000	0.0000
ENSG00000241696.2	LINC02053	lncRNA	0	0	0	0.0000	0.0000	0.0000
ENSG00000241697.5	TMEFF1	protein_coding	0	0	0	0.0000	0.0000	0.0000
ENSG00000241709.3	RN7SL265P	misc_RNA	0	0	0	0.0000	0.0000	0.0000
ENSG00000241717.1	VWFP1	transcribed_unprocessed_pseudogene	27	20	16	0.7887	0.2310	0.2225
ENSG00000241720.2	AL158847.1	lncRNA	0	206	220	0.0000	0.0000	0.0000
ENSG00000241721.1	SUMO1P1	processed_pseudogene	0	0	0	0.0000	0.0000	0.0000
ENSG00000241722.2	AC083795.1	processed_pseudogene	0	0	0	0.0000	0.0000	0.0000
ENSG00000241723.1	AC074276.1	processed_pseudogene	2	2	0	0.2771	0.0812	0.0781
ENSG00000241728.5	AP001062.3	lncRNA	0	0	0	0.0000	0.0000	0.0000
ENSG00000241735.2	FABP5P3	transcribed_processed_pseudogene	8	5	4	0.4150	0.1216	0.1171
ENSG00000241738.1	ZNF90P1	processed_pseudogene	0	0	0	0.0000	0.0000	0.0000
ENSG00000241739.1	AC010469.2	processed_pseudogene	0	0	0	0.0000	0.0000	0.0000
ENSG00000241741.1	RPL7AP30	processed_pseudogene	43	24	19	4.5874	1.3437	1.2939
ENSG00000241743.4	XACT	lncRNA	5	3	2	0.0012	0.0004	0.0003
ENSG00000241744.1	AC079953.1	processed_pseudogene	0	0	0	0.0000	0.0000	0.0000
ENSG00000241745.3	RN7SL788P	misc_RNA	0	0	0	0.0000	0.0000	0.0000
ENSG00000241746.1	AC104212.3	processed_pseudogene	16	8	9	2.1636	0.6337	0.6102
ENSG00000241749.4	RPSAP52	transcribed_processed_pseudogene	2	0	2	0.0835	0.0244	0.0235
ENSG00000241754.2	AC063938.1	lncRNA	0	0	0	0.0000	0.0000	0.0000
ENSG00000241755.1	IGKV1-9	IG_V_gene	3019	1480	1541	626.8333	183.6093	176.8020
ENSG00000241756.3	RN7SL83P	misc_RNA	0	0	0	0.0000	0.0000	0.0000
ENSG00000241757.3	RN7SL714P	misc_RNA	0	0	0	0.0000	0.0000	0.0000
ENSG00000241764.4	AC002467.1	lncRNA	63	43	40	1.3527	0.3962	0.3815
ENSG00000241765.2	RPS26P45	processed_pseudogene	1	1	0	0.2498	0.0732	0.0704
ENSG00000241767.2	LINC01324	lncRNA	0	0	0	0.0000	0.0000	0.0000
ENSG00000241769.7	LINC00893	lncRNA	2	2	3	0.0471	0.0138	0.0133
ENSG00000241770.1	AC104411.1	lncRNA	1	1	0	0.2654	0.0777	0.0749
ENSG00000241772.2	AC092620.1	lncRNA	0	0	0	0.0000	0.0000	0.0000
ENSG00000241776.1	AC117482.1	processed_pseudogene	0	0	0	0.0000	0.0000	0.0000
ENSG00000241777.1	AC092185.1	unprocessed_pseudogene	0	0	0	0.0000	0.0000	0.0000
ENSG00000241782.1	AP002812.1	processed_pseudogene	1	0	1	0.1792	0.0525	0.0505
ENSG00000241785.3	RN7SL390P	misc_RNA	0	0	0	0.0000	0.0000	0.0000
ENSG00000241787.1	MTND4P16	unprocessed_pseudogene	0	0	0	0.0000	0.0000	0.0000
ENSG00000241788.2	COX6B1P2	processed_pseudogene	0	0	0	0.0000	0.0000	0.0000
ENSG00000241789.3	RN7SL504P	misc_RNA	0	0	0	0.0000	0.0000	0.0000
ENSG00000241790.2	ENO1P4	processed_pseudogene	0	0	0	0.0000	0.0000	0.0000
ENSG00000241791.3	RN7SL817P	misc_RNA	0	0	0	0.0000	0.0000	0.0000
ENSG00000241792.1	AC092958.2	lncRNA	0	0	0	0.0000	0.0000	0.0000
ENSG00000241794.2	SPRR2A	protein_coding	0	0	0	0.0000	0.0000	0.0000
ENSG00000241804.1	AC126121.1	processed_pseudogene	0	0	0	0.0000	0.0000	0.0000
ENSG00000241807.3	RN7SL319P	misc_RNA	0	0	0	0.0000	0.0000	0.0000
ENSG00000241808.1	RPS15AP34	processed_pseudogene	0	0	0	0.0000	0.0000	0.0000
ENSG00000241809.1	AC022133.1	processed_pseudogene	0	0	0	0.0000	0.0000	0.0000
ENSG00000241810.1	HMGN2P13	processed_pseudogene	0	0	0	0.0000	0.0000	0.0000
ENSG00000241815.1	AC107015.1	processed_pseudogene	0	0	0	0.0000	0.0000	0.0000
ENSG00000241818.1	SCG5-AS1	lncRNA	0	1	0	0.0000	0.0000	0.0000
ENSG00000241821.3	RN7SL170P	misc_RNA	0	0	0	0.0000	0.0000	0.0000
ENSG00000241825.2	RPL7P42	processed_pseudogene	0	2	1	0.0000	0.0000	0.0000
ENSG00000241828.2	AC006517.1	processed_pseudogene	0	0	0	0.0000	0.0000	0.0000
ENSG00000241829.1	RPL21P54	processed_pseudogene	1	1	0	0.1830	0.0536	0.0516
ENSG00000241832.1	CECR3	lncRNA	0	0	0	0.0000	0.0000	0.0000
ENSG00000241834.3	RN7SL149P	misc_RNA	0	0	0	0.0000	0.0000	0.0000
ENSG00000241837.7	ATP5PO	protein_coding	745	383	363	19.9576	5.8459	5.6292
ENSG00000241838.3	AP000529.1	processed_pseudogene	1	1	0	0.0756	0.0222	0.0213
ENSG00000241839.10	PLEKHO2	protein_coding	10730	5306	5425	244.8794	71.7290	69.0697
ENSG00000241846.1	AC092451.1	processed_pseudogene	0	0	0	0.0000	0.0000	0.0000
ENSG00000241852.10	C8orf58	protein_coding	795	388	407	20.3410	5.9582	5.7373
ENSG00000241853.1	AC097484.1	processed_pseudogene	0	0	0	0.0000	0.0000	0.0000
ENSG00000241859.7	ANOS2P	transcribed_unprocessed_pseudogene	5	5	0	0.0961	0.0281	0.0271
ENSG00000241860.7	AL627309.5	lncRNA	3	4	0	0.0337	0.0099	0.0095
ENSG00000241861.2	GAPDHP50	processed_pseudogene	0	0	0	0.0000	0.0000	0.0000
ENSG00000241866.3	RN7SL401P	misc_RNA	0	0	0	0.0000	0.0000	0.0000
ENSG00000241868.3	RN7SL434P	misc_RNA	0	0	0	0.0000	0.0000	0.0000
ENSG00000241869.3	RN7SL363P	misc_RNA	0	0	0	0.0000	0.0000	0.0000
ENSG00000241870.1	AC008620.1	processed_pseudogene	0	0	0	0.0000	0.0000	0.0000
ENSG00000241874.1	TOMM22P6	processed_pseudogene	0	0	0	0.0000	0.0000	0.0000
ENSG00000241877.1	AC095041.1	processed_pseudogene	2	1	1	0.2874	0.0842	0.0811
ENSG00000241878.11	PISD	protein_coding	1418	756	722	24.0738	7.0516	6.7902
ENSG00000241879.1	KLF3P2	processed_pseudogene	0	0	0	0.0000	0.0000	0.0000
ENSG00000241881.1	AC245088.1	lncRNA	0	0	0	0.0000	0.0000	0.0000
ENSG00000241882.1	AC124893.1	lncRNA	0	0	0	0.0000	0.0000	0.0000
ENSG00000241884.2	AC114401.1	lncRNA	0	0	0	0.0000	0.0000	0.0000
ENSG00000241886.1	AC112496.1	lncRNA	8	4	4	1.2088	0.3541	0.3410
ENSG00000241888.2	RPSAP37	processed_pseudogene	0	0	0	0.0000	0.0000	0.0000
ENSG00000241889.1	AC079944.2	processed_pseudogene	19	10	9	2.1982	0.6439	0.6200
ENSG00000241890.1	RPL13P4	processed_pseudogene	0	0	0	0.0000	0.0000	0.0000
ENSG00000241891.1	RPL9P6	processed_pseudogene	0	0	0	0.0000	0.0000	0.0000
ENSG00000241899.1	TPT1P3	processed_pseudogene	0	0	0	0.0000	0.0000	0.0000
ENSG00000241905.1	NDUFS6P1	processed_pseudogene	0	0	0	0.0000	0.0000	0.0000
ENSG00000241907.1	RPS20P4	processed_pseudogene	7	6	1	1.6745	0.4905	0.4723
ENSG00000241911.1	TRBVB	TR_V_pseudogene	0	0	0	0.0000	0.0000	0.0000
ENSG00000241912.1	AC078788.2	lncRNA	0	0	0	0.0000	0.0000	0.0000
ENSG00000241913.1	RPS29P21	processed_pseudogene	0	0	0	0.0000	0.0000	0.0000
ENSG00000241917.1	AC084398.1	processed_pseudogene	0	0	0	0.0000	0.0000	0.0000
ENSG00000241921.1	AC000372.1	lncRNA	0	0	0	0.0000	0.0000	0.0000
ENSG00000241923.2	RPL14P3	processed_pseudogene	7	4	3	0.9557	0.2799	0.2696
ENSG00000241926.1	MTCO1P55	processed_pseudogene	0	0	0	0.0000	0.0000	0.0000
ENSG00000241929.1	AC108751.3	processed_pseudogene	0	0	0	0.0000	0.0000	0.0000
ENSG00000241932.1	RPL35AP34	processed_pseudogene	0	0	0	0.0000	0.0000	0.0000
ENSG00000241933.1	DENND6A-DT	lncRNA	3	1	2	0.0873	0.0256	0.0246
ENSG00000241935.9	HOGA1	protein_coding	384	192	192	7.8615	2.3028	2.2174
ENSG00000241939.3	RN7SL517P	misc_RNA	0	0	0	0.0000	0.0000	0.0000
ENSG00000241941.2	RPL32P26	processed_pseudogene	1	1	0	0.2107	0.0617	0.0594
ENSG00000241942.2	RPS20P20	processed_pseudogene	0	0	0	0.0000	0.0000	0.0000
ENSG00000241943.2	RN7SL188P	misc_RNA	0	0	0	0.0000	0.0000	0.0000
ENSG00000241945.8	PWP2	protein_coding	41	12	29	0.5091	0.1491	0.1436
ENSG00000241946.1	AC068298.1	processed_pseudogene	0	0	0	0.0000	0.0000	0.0000
ENSG00000241947.1	HNRNPA1P24	processed_pseudogene	0	0	0	0.0000	0.0000	0.0000
ENSG00000241950.1	RPL29P23	processed_pseudogene	0	0	0	0.0000	0.0000	0.0000
ENSG00000241954.1	AL021937.4	lncRNA	2	0	2	0.3825	0.1120	0.1079
ENSG00000241956.10	AC109466.1	lncRNA	0	1	0	0.0000	0.0000	0.0000
ENSG00000241959.3	RN7SL76P	misc_RNA	1	0	1	0.2938	0.0861	0.0829
ENSG00000241961.1	AC011037.1	processed_pseudogene	0	0	0	0.0000	0.0000	0.0000
ENSG00000241962.9	AC079447.1	protein_coding	8	83	90	0.3409	0.0998	0.0961
ENSG00000241963.3	RN7SL655P	misc_RNA	0	0	0	0.0000	0.0000	0.0000
ENSG00000241964.3	RN7SL135P	misc_RNA	0	0	0	0.0000	0.0000	0.0000
ENSG00000241965.2	RPS2P25	processed_pseudogene	0	0	0	0.0000	0.0000	0.0000
ENSG00000241973.11	PI4KA	protein_coding	9301	4787	4768	69.2421	20.2821	19.5302
ENSG00000241975.1	ELOCP19	processed_pseudogene	3	2	1	0.8011	0.2347	0.2260
ENSG00000241981.2	AF213884.1	processed_pseudogene	2	1	1	0.3668	0.1074	0.1035
ENSG00000241983.3	RN7SL566P	misc_RNA	1	0	1	0.2869	0.0840	0.0809
ENSG00000241984.2	RPL7AP2	processed_pseudogene	0	0	0	0.0000	0.0000	0.0000
ENSG00000241985.1	WWTR1-IT1	lncRNA	1	1	0	0.1883	0.0552	0.0531
ENSG00000241990.5	PRR34-AS1	lncRNA	103	57	49	8.0026	2.3441	2.2572
ENSG00000241991.1	AC114982.1	processed_pseudogene	0	0	0	0.0000	0.0000	0.0000
ENSG00000241992.3	RN7SL831P	misc_RNA	0	0	0	0.0000	0.0000	0.0000
ENSG00000241993.1	RPL38P1	processed_pseudogene	0	0	0	0.0000	0.0000	0.0000
ENSG00000241997.3	RN7SL323P	misc_RNA	0	0	0	0.0000	0.0000	0.0000
ENSG00000242001.1	AF186996.2	processed_pseudogene	0	0	0	0.0000	0.0000	0.0000
ENSG00000242009.2	AC129807.1	lncRNA	0	0	0	0.0000	0.0000	0.0000
ENSG00000242012.1	AC084211.1	lncRNA	0	0	0	0.0000	0.0000	0.0000
ENSG00000242014.3	RN7SL26P	misc_RNA	0	0	0	0.0000	0.0000	0.0000
ENSG00000242017.1	ALG1L15P	processed_pseudogene	6	3	3	0.6417	0.1880	0.1810
ENSG00000242019.1	KIR3DL3	protein_coding	0	0	0	0.0000	0.0000	0.0000
ENSG00000242020.3	RN7SL68P	misc_RNA	0	0	0	0.0000	0.0000	0.0000
ENSG00000242021.2	AC112493.1	lncRNA	0	0	0	0.0000	0.0000	0.0000
ENSG00000242028.8	HYPK	protein_coding	17	22	11	0.1856	0.0544	0.0524
ENSG00000242029.1	AC078980.1	lncRNA	0	0	0	0.0000	0.0000	0.0000
ENSG00000242034.1	AC097493.1	processed_pseudogene	0	0	0	0.0000	0.0000	0.0000
ENSG00000242036.1	AC128713.1	processed_pseudogene	0	0	0	0.0000	0.0000	0.0000
ENSG00000242041.1	RPL35AP28	processed_pseudogene	0	0	0	0.0000	0.0000	0.0000
ENSG00000242042.1	LINC01743	lncRNA	0	0	0	0.0000	0.0000	0.0000
ENSG00000242048.3	AC093583.1	lncRNA	1	1	0	0.0355	0.0104	0.0100
ENSG00000242049.1	DNAJB8-AS1	lncRNA	0	0	0	0.0000	0.0000	0.0000
ENSG00000242052.1	RPL10P7	processed_pseudogene	69	41	40	9.3752	2.7461	2.6443
ENSG00000242058.2	RPS4XP19	processed_pseudogene	1	1	0	0.1154	0.0338	0.0325
ENSG00000242060.1	RPS3AP49	processed_pseudogene	6	4	2	0.6450	0.1889	0.1819
ENSG00000242061.1	AL160314.1	processed_pseudogene	4	3	1	0.7755	0.2272	0.2187
ENSG00000242062.1	MARK2P6	processed_pseudogene	0	0	0	0.0000	0.0000	0.0000
ENSG00000242065.3	RN7SL291P	misc_RNA	0	0	0	0.0000	0.0000	0.0000
ENSG00000242066.3	RN7SL214P	misc_RNA	0	0	0	0.0000	0.0000	0.0000
ENSG00000242067.1	RPL9P28	processed_pseudogene	4	2	2	0.5867	0.1718	0.1655
ENSG00000242068.1	AC108734.3	processed_pseudogene	3	2	1	0.2187	0.0641	0.0617
ENSG00000242070.1	NPM1P17	processed_pseudogene	0	0	0	0.0000	0.0000	0.0000
ENSG00000242071.3	RPL7AP6	processed_pseudogene	78	40	38	8.2694	2.4222	2.3324
ENSG00000242072.1	AC092590.1	lncRNA	0	0	0	0.0000	0.0000	0.0000
ENSG00000242073.2	AC211429.1	transcribed_unprocessed_pseudogene	0	0	0	0.0000	0.0000	0.0000
ENSG00000242076.2	IGKV1-33	IG_V_gene	21	12	10	4.2359	1.2408	1.1948
ENSG00000242078.1	AC084864.1	lncRNA	0	0	0	0.0000	0.0000	0.0000
ENSG00000242079.1	RN7SL318P	misc_RNA	0	0	0	0.0000	0.0000	0.0000
ENSG00000242080.1	AC008571.1	processed_pseudogene	0	0	0	0.0000	0.0000	0.0000
ENSG00000242082.2	SLC5A4-AS1	lncRNA	0	12	9	0.0000	0.0000	0.0000
ENSG00000242083.2	RPL7AP31	processed_pseudogene	1	1	0	0.1064	0.0312	0.0300
ENSG00000242085.1	RPS20P33	processed_pseudogene	3	3	0	0.7197	0.2108	0.2030
ENSG00000242086.8	MUC20-OT1	lncRNA	177	93	89	0.8541	0.2502	0.2409
ENSG00000242087.2	RPL36AP41	processed_pseudogene	0	0	0	0.0000	0.0000	0.0000
ENSG00000242088.1	AC090602.1	processed_pseudogene	3	2	1	1.0110	0.2961	0.2851
ENSG00000242094.1	FOXP1-IT1	lncRNA	2	2	0	0.0480	0.0141	0.0135
ENSG00000242097.1	AC068647.1	processed_pseudogene	0	0	0	0.0000	0.0000	0.0000
ENSG00000242100.2	RPL9P32	processed_pseudogene	7	2	5	0.9588	0.2808	0.2704
ENSG00000242101.3	RN7SL416P	misc_RNA	0	0	0	0.0000	0.0000	0.0000
ENSG00000242102.3	RN7SL152P	misc_RNA	0	0	0	0.0000	0.0000	0.0000
ENSG00000242103.1	AC079841.1	processed_pseudogene	0	0	0	0.0000	0.0000	0.0000
ENSG00000242104.5	LINC02618	transcribed_unitary_pseudogene	0	0	0	0.0000	0.0000	0.0000
ENSG00000242107.2	LINC01100	lncRNA	0	0	0	0.0000	0.0000	0.0000
ENSG00000242109.1	NPM1P23	transcribed_processed_pseudogene	0	0	0	0.0000	0.0000	0.0000
ENSG00000242110.8	AMACR	protein_coding	31	17	14	0.5431	0.1591	0.1532
ENSG00000242111.1	TOPORSLP	transcribed_unitary_pseudogene	0	0	0	0.0000	0.0000	0.0000
ENSG00000242113.3	RN7SL124P	misc_RNA	0	0	0	0.0000	0.0000	0.0000
ENSG00000242114.6	MTFP1	protein_coding	24	13	11	1.2706	0.3722	0.3584
ENSG00000242118.3	RN7SL201P	misc_RNA	0	0	0	0.0000	0.0000	0.0000
ENSG00000242119.1	AC117454.1	processed_pseudogene	0	0	0	0.0000	0.0000	0.0000
ENSG00000242120.4	MDFIC2	protein_coding	0	0	0	0.0000	0.0000	0.0000
ENSG00000242121.3	RN7SL267P	misc_RNA	0	0	0	0.0000	0.0000	0.0000
ENSG00000242123.1	AC053481.1	processed_pseudogene	0	0	0	0.0000	0.0000	0.0000
ENSG00000242125.3	SNHG3	lncRNA	528	278	251	10.9682	3.2128	3.0936
ENSG00000242134.2	RPL5P13	processed_pseudogene	0	0	0	0.0000	0.0000	0.0000
ENSG00000242135.2	RPL17P2	processed_pseudogene	0	0	0	0.0000	0.0000	0.0000
ENSG00000242136.1	AC093904.2	lncRNA	0	0	0	0.0000	0.0000	0.0000
ENSG00000242137.1	RPL11P5	processed_pseudogene	0	0	0	0.0000	0.0000	0.0000
ENSG00000242140.1	AC083904.1	processed_pseudogene	2	2	0	0.7352	0.2154	0.2074
ENSG00000242142.1	SERBP1P3	processed_pseudogene	0	0	0	0.0000	0.0000	0.0000
ENSG00000242145.1	AC099542.2	lncRNA	0	0	0	0.0000	0.0000	0.0000
ENSG00000242147.3	LASTR	lncRNA	1	1	0	0.0160	0.0047	0.0045
ENSG00000242151.1	DYNLL1P5	processed_pseudogene	0	0	0	0.0000	0.0000	0.0000
ENSG00000242152.1	AC108729.1	processed_pseudogene	0	0	0	0.0000	0.0000	0.0000
ENSG00000242153.7	OFD1P6Y	transcribed_unprocessed_pseudogene	0	0	0	0.0000	0.0000	0.0000
ENSG00000242154.1	AC004884.2	lncRNA	14	8	14	2.1774	0.6378	0.6142
ENSG00000242156.1	AC000041.1	unprocessed_pseudogene	0	0	0	0.0000	0.0000	0.0000
ENSG00000242158.3	RN7SL361P	misc_RNA	0	0	0	0.0000	0.0000	0.0000
ENSG00000242159.1	ABCF2P1	processed_pseudogene	2	1	1	0.0910	0.0266	0.0257
ENSG00000242162.1	AC018639.1	processed_pseudogene	0	0	0	0.0000	0.0000	0.0000
ENSG00000242163.1	AL121769.1	processed_pseudogene	1	1	0	0.2118	0.0620	0.0597
ENSG00000242165.3	RN7SL222P	misc_RNA	0	0	0	0.0000	0.0000	0.0000
ENSG00000242169.2	AC093789.1	processed_pseudogene	2	1	1	0.2617	0.0767	0.0738
ENSG00000242170.3	RN7SL329P	misc_RNA	0	0	0	0.0000	0.0000	0.0000
ENSG00000242173.10	ARHGDIG	protein_coding	0	0	0	0.0000	0.0000	0.0000
ENSG00000242175.3	RN7SL127P	misc_RNA	1	0	1	0.2831	0.0829	0.0798
ENSG00000242176.1	RPL39P31	processed_pseudogene	0	0	0	0.0000	0.0000	0.0000
ENSG00000242178.1	MTND4P17	processed_pseudogene	0	0	0	0.0000	0.0000	0.0000
ENSG00000242182.3	RN7SL745P	misc_RNA	0	0	0	0.0000	0.0000	0.0000
ENSG00000242186.2	AC231760.1	transcribed_unitary_pseudogene	0	0	0	0.0000	0.0000	0.0000
ENSG00000242190.1	AC017015.2	lncRNA	0	0	0	0.0000	0.0000	0.0000
ENSG00000242193.11	CRYZL2P	transcribed_unitary_pseudogene	686	314	372	10.5938	3.1031	2.9880
ENSG00000242195.1	SRRM1P2	processed_pseudogene	0	0	0	0.0000	0.0000	0.0000
ENSG00000242197.2	AC098869.1	processed_pseudogene	0	0	0	0.0000	0.0000	0.0000
ENSG00000242198.1	AC008897.1	processed_pseudogene	5	4	1	1.2236	0.3584	0.3451
ENSG00000242199.1	AC022336.1	processed_pseudogene	0	0	0	0.0000	0.0000	0.0000
ENSG00000242201.3	RN7SL215P	misc_RNA	0	0	0	0.0000	0.0000	0.0000
ENSG00000242206.2	RPS26P35	processed_pseudogene	3	0	3	0.7363	0.2157	0.2077
ENSG00000242207.1	HOXB-AS4	lncRNA	0	0	0	0.0000	0.0000	0.0000
ENSG00000242208.1	RPL5P29	processed_pseudogene	3	2	1	0.2850	0.0835	0.0804
ENSG00000242209.1	AC006445.1	processed_pseudogene	0	0	0	0.0000	0.0000	0.0000
ENSG00000242214.1	MTND3P6	unprocessed_pseudogene	0	0	0	0.0000	0.0000	0.0000
ENSG00000242216.3	RN7SL97P	misc_RNA	0	0	0	0.0000	0.0000	0.0000
ENSG00000242220.9	TCP10L	protein_coding	0	0	0	0.0000	0.0000	0.0000
ENSG00000242221.9	PSG2	protein_coding	0	0	0	0.0000	0.0000	0.0000
ENSG00000242222.1	AC092989.1	processed_pseudogene	0	0	0	0.0000	0.0000	0.0000
ENSG00000242229.1	RPS3AP14	processed_pseudogene	0	0	0	0.0000	0.0000	0.0000
ENSG00000242236.2	RN7SL594P	misc_RNA	0	0	0	0.0000	0.0000	0.0000
ENSG00000242241.3	RN7SL306P	misc_RNA	0	0	0	0.0000	0.0000	0.0000
ENSG00000242242.6	NECTIN3-AS1	lncRNA	1	1	0	0.0261	0.0076	0.0073
ENSG00000242244.1	ATP5MC1P3	processed_pseudogene	0	0	0	0.0000	0.0000	0.0000
ENSG00000242246.2	AL603908.1	processed_pseudogene	0	0	0	0.0000	0.0000	0.0000
ENSG00000242247.11	ARFGAP3	protein_coding	3768	1936	1832	97.7636	28.6365	27.5748
ENSG00000242248.2	RPL7AP57	processed_pseudogene	1	0	1	0.1083	0.0317	0.0306
ENSG00000242251.3	RN7SL20P	misc_RNA	0	0	0	0.0000	0.0000	0.0000
ENSG00000242252.2	BGLAP	protein_coding	3	1	2	0.2643	0.0774	0.0745
ENSG00000242255.1	RPL39P34	transcribed_unprocessed_pseudogene	0	0	0	0.0000	0.0000	0.0000
ENSG00000242256.3	RN7SL57P	misc_RNA	0	0	0	0.0000	0.0000	0.0000
ENSG00000242258.1	LINC00996	lncRNA	40	26	14	1.5646	0.4583	0.4413
ENSG00000242259.9	C22orf39	protein_coding	1295	638	657	16.9084	4.9527	4.7691
ENSG00000242261.1	AC018635.1	processed_pseudogene	0	121	156	0.0000	0.0000	0.0000
ENSG00000242262.1	AC092597.1	processed_pseudogene	18	8	10	2.4814	0.7269	0.6999
ENSG00000242265.6	PEG10	protein_coding	11336	5635	5907	143.9166	42.1554	40.5925
ENSG00000242266.3	RN7SL456P	misc_RNA	0	0	0	0.0000	0.0000	0.0000
ENSG00000242267.6	SKINT1L	transcribed_unprocessed_pseudogene	0	0	0	0.0000	0.0000	0.0000
ENSG00000242268.3	LINC02082	lncRNA	0	0	0	0.0000	0.0000	0.0000
ENSG00000242272.1	AK2P2	processed_pseudogene	0	0	0	0.0000	0.0000	0.0000
ENSG00000242276.2	RPL5P3	processed_pseudogene	2	2	0	0.1910	0.0560	0.0539
ENSG00000242278.1	RPS3AP48	processed_pseudogene	0	0	0	0.0000	0.0000	0.0000
ENSG00000242279.1	AP000893.1	processed_pseudogene	0	0	0	0.0000	0.0000	0.0000
ENSG00000242280.1	SLC16A1P1	processed_pseudogene	0	0	0	0.0000	0.0000	0.0000
ENSG00000242281.3	RN7SL159P	misc_RNA	0	0	0	0.0000	0.0000	0.0000
ENSG00000242282.6	AC108488.1	lncRNA	0	0	0	0.0000	0.0000	0.0000
ENSG00000242285.1	RPL6P8	processed_pseudogene	0	0	0	0.0000	0.0000	0.0000
ENSG00000242288.9	BMS1P4-AGAP5	lncRNA	0	0	0	0.0000	0.0000	0.0000
ENSG00000242290.2	ZBTB20-AS5	lncRNA	1	0	1	0.0458	0.0134	0.0129
ENSG00000242291.1	RPL36AP51	processed_pseudogene	0	0	0	0.0000	0.0000	0.0000
ENSG00000242292.2	AC010631.1	processed_pseudogene	0	0	0	0.0000	0.0000	0.0000
ENSG00000242293.1	RPS29P1	processed_pseudogene	0	0	0	0.0000	0.0000	0.0000
ENSG00000242294.6	STAG3L5P	transcribed_unprocessed_pseudogene	45	24	21	1.3628	0.3992	0.3844
ENSG00000242295.1	AC087477.1	processed_pseudogene	0	0	0	0.0000	0.0000	0.0000
ENSG00000242296.2	DEFB109A	unprocessed_pseudogene	0	0	0	0.0000	0.0000	0.0000
ENSG00000242299.1	AC073861.1	processed_pseudogene	158	114	49	29.2319	8.5625	8.2450
ENSG00000242307.1	RPS26P52	processed_pseudogene	1	0	1	0.2440	0.0715	0.0688
ENSG00000242308.2	AC048334.1	unprocessed_pseudogene	3	2	1	1.6023	0.4693	0.4519
ENSG00000242314.1	RPL12P32	processed_pseudogene	2	2	0	0.3438	0.1007	0.0970
ENSG00000242315.3	RN7SL685P	misc_RNA	0	0	0	0.0000	0.0000	0.0000
ENSG00000242317.1	AC121764.1	lncRNA	0	0	0	0.0000	0.0000	0.0000
ENSG00000242318.1	AC058823.1	processed_pseudogene	0	0	0	0.0000	0.0000	0.0000
ENSG00000242320.2	RPL21P126	processed_pseudogene	0	0	0	0.0000	0.0000	0.0000
ENSG00000242321.1	RPL23AP40	processed_pseudogene	0	0	0	0.0000	0.0000	0.0000
ENSG00000242324.1	AL049634.1	unprocessed_pseudogene	0	0	0	0.0000	0.0000	0.0000
ENSG00000242325.1	RPS12P31	processed_pseudogene	5	2	3	1.0668	0.3125	0.3009
ENSG00000242326.1	MCUR1P2	processed_pseudogene	0	0	0	0.0000	0.0000	0.0000
ENSG00000242327.1	AC023906.1	processed_pseudogene	2	1	1	0.3749	0.1098	0.1057
ENSG00000242329.1	AC007215.1	processed_pseudogene	0	0	0	0.0000	0.0000	0.0000
ENSG00000242330.3	RN7SL683P	misc_RNA	0	0	0	0.0000	0.0000	0.0000
ENSG00000242337.5	INHCAP	transcribed_unprocessed_pseudogene	1	0	2	0.0366	0.0107	0.0103
ENSG00000242338.6	BMS1P4	transcribed_unprocessed_pseudogene	3	3	0	0.1285	0.0377	0.0363
ENSG00000242339.2	LINC02025	lncRNA	0	0	0	0.0000	0.0000	0.0000
ENSG00000242341.3	RN7SL646P	misc_RNA	0	0	0	0.0000	0.0000	0.0000
ENSG00000242348.3	RN7SL561P	misc_RNA	0	0	0	0.0000	0.0000	0.0000
ENSG00000242352.2	FAM91A3P	transcribed_processed_pseudogene	2	0	2	0.0668	0.0196	0.0188
ENSG00000242353.1	RPL12P30	processed_pseudogene	0	0	0	0.0000	0.0000	0.0000
ENSG00000242358.1	RPS21P4	processed_pseudogene	0	5	9	0.0000	0.0000	0.0000
ENSG00000242360.3	RN7SL272P	misc_RNA	0	0	0	0.0000	0.0000	0.0000
ENSG00000242362.2	CT47A2	protein_coding	0	0	0	0.0000	0.0000	0.0000
ENSG00000242364.1	AC108725.1	processed_pseudogene	0	0	0	0.0000	0.0000	0.0000
ENSG00000242365.1	NDUFA5P5	processed_pseudogene	0	0	0	0.0000	0.0000	0.0000
ENSG00000242366.3	UGT1A8	protein_coding	0	0	0	0.0000	0.0000	0.0000
ENSG00000242370.1	KCNAB1-AS1	lncRNA	1	1	0	0.1862	0.0545	0.0525
ENSG00000242371.1	IGKV1-39	IG_V_gene	36	25	12	7.6812	2.2500	2.1665
ENSG00000242372.9	EIF6	protein_coding	1644	850	794	85.2836	24.9809	24.0547
ENSG00000242375.1	AL590705.3	lncRNA	6	1	5	1.0749	0.3149	0.3032
ENSG00000242381.3	RN7SL741P	misc_RNA	0	0	0	0.0000	0.0000	0.0000
ENSG00000242385.1	LINC00901	lncRNA	0	0	0	0.0000	0.0000	0.0000
ENSG00000242387.1	H2AC3P	transcribed_processed_pseudogene	0	0	0	0.0000	0.0000	0.0000
ENSG00000242389.8	RBMY1E	protein_coding	0	0	0	0.0000	0.0000	0.0000
ENSG00000242390.1	RPL6P9	processed_pseudogene	0	0	0	0.0000	0.0000	0.0000
ENSG00000242391.2	AC099677.3	lncRNA	0	0	0	0.0000	0.0000	0.0000
ENSG00000242393.1	AC010141.2	unprocessed_pseudogene	0	0	0	0.0000	0.0000	0.0000
ENSG00000242396.1	AC096536.2	lncRNA	1	224	212	0.1477	0.0433	0.0417
ENSG00000242398.3	RN7SL800P	misc_RNA	0	0	0	0.0000	0.0000	0.0000
ENSG00000242399.1	RPS20P23	processed_pseudogene	0	0	0	0.0000	0.0000	0.0000
ENSG00000242405.2	AC007537.1	processed_pseudogene	1	1	0	0.1662	0.0487	0.0469
ENSG00000242407.1	AC091179.1	lncRNA	0	0	0	0.0000	0.0000	0.0000
ENSG00000242411.2	AC011506.1	processed_pseudogene	2	2	0	0.2784	0.0816	0.0785
ENSG00000242412.1	DBIL5P2	transcribed_processed_pseudogene	1	1	0	0.0502	0.0147	0.0142
ENSG00000242417.1	RPL18P1	processed_pseudogene	0	0	0	0.0000	0.0000	0.0000
ENSG00000242419.5	PCDHGC4	protein_coding	1	1	0	0.0171	0.0050	0.0048
ENSG00000242423.2	RPL12P36	processed_pseudogene	0	0	0	0.0000	0.0000	0.0000
ENSG00000242428.6	CFAP20DC-AS1	lncRNA	0	31	26	0.0000	0.0000	0.0000
ENSG00000242430.3	RN7SL274P	misc_RNA	0	0	0	0.0000	0.0000	0.0000
ENSG00000242431.2	AC107398.1	processed_pseudogene	0	0	0	0.0000	0.0000	0.0000
ENSG00000242435.1	UPK3BP1	transcribed_unprocessed_pseudogene	0	0	0	0.0000	0.0000	0.0000
ENSG00000242436.3	RN7SL789P	misc_RNA	0	0	0	0.0000	0.0000	0.0000
ENSG00000242439.1	AC127024.1	processed_pseudogene	0	0	0	0.0000	0.0000	0.0000
ENSG00000242440.2	LINC02046	lncRNA	0	0	0	0.0000	0.0000	0.0000
ENSG00000242441.8	GTF2A1L	protein_coding	0	0	0	0.0000	0.0000	0.0000
ENSG00000242444.3	AC007207.1	transcribed_processed_pseudogene	0	0	0	0.0000	0.0000	0.0000
ENSG00000242445.1	RPL7AP11	processed_pseudogene	15	7	9	1.5943	0.4670	0.4497
ENSG00000242456.1	MTCO3P38	processed_pseudogene	1	0	1	0.1109	0.0325	0.0313
ENSG00000242457.1	RBBP4P2	processed_pseudogene	4	2	2	0.2687	0.0787	0.0758
ENSG00000242461.1	RPS15AP32	processed_pseudogene	0	0	0	0.0000	0.0000	0.0000
ENSG00000242472.1	IGHJ5	IG_J_gene	17	11	6	29.4622	8.6299	8.3100
ENSG00000242473.1	KIR2DP1	unprocessed_pseudogene	1	0	1	0.0638	0.0187	0.0180
ENSG00000242474.3	AC093627.5	lncRNA	25	10	15	0.4235	0.1241	0.1195
ENSG00000242477.1	AC091429.1	processed_pseudogene	11	6	5	1.4349	0.4203	0.4047
ENSG00000242479.1	AC109992.1	processed_pseudogene	0	15	29	0.0000	0.0000	0.0000
ENSG00000242482.3	RN7SL392P	misc_RNA	0	0	0	0.0000	0.0000	0.0000
ENSG00000242483.3	RN7SL293P	misc_RNA	0	0	0	0.0000	0.0000	0.0000
ENSG00000242485.6	MRPL20	protein_coding	1928	1147	1100	59.1712	17.3322	16.6896
ENSG00000242488.2	AF107885.1	transcribed_processed_pseudogene	0	0	0	0.0000	0.0000	0.0000
ENSG00000242493.3	RN7SL37P	misc_RNA	0	0	0	0.0000	0.0000	0.0000
ENSG00000242498.8	ARPIN	protein_coding	1770	955	880	17.4982	5.1255	4.9355
ENSG00000242507.6	FO393401.1	transcribed_unprocessed_pseudogene	0	0	0	0.0000	0.0000	0.0000
ENSG00000242509.3	RN7SL156P	misc_RNA	0	0	0	0.0000	0.0000	0.0000
ENSG00000242510.1	NDUFB4P1	processed_pseudogene	1	1	0	0.2229	0.0653	0.0629
ENSG00000242512.9	LINC01206	lncRNA	1	1	0	0.0039	0.0011	0.0011
ENSG00000242515.5	UGT1A10	protein_coding	0	0	0	0.0000	0.0000	0.0000
ENSG00000242516.2	LINC00960	lncRNA	5	8	17	0.0649	0.0190	0.0183
ENSG00000242520.5	MAGEA5	transcribed_unprocessed_pseudogene	0	0	0	0.0000	0.0000	0.0000
ENSG00000242522.1	KLHL6-AS1	lncRNA	0	0	0	0.0000	0.0000	0.0000
ENSG00000242524.1	OR2U2P	unprocessed_pseudogene	0	0	0	0.0000	0.0000	0.0000
ENSG00000242525.1	OR7E100P	unprocessed_pseudogene	0	0	0	0.0000	0.0000	0.0000
ENSG00000242527.1	AC100771.1	processed_pseudogene	2	1	1	0.6087	0.1783	0.1717
ENSG00000242529.1	AHCYP8	transcribed_processed_pseudogene	0	0	0	0.0000	0.0000	0.0000
ENSG00000242531.1	AC083798.1	unprocessed_pseudogene	1	1	0	0.6482	0.1899	0.1828
ENSG00000242534.2	IGKV2D-28	IG_V_gene	7	2	5	1.4787	0.4331	0.4171
ENSG00000242536.2	AC079943.2	lncRNA	0	0	0	0.0000	0.0000	0.0000
ENSG00000242537.1	MRE11P1	processed_pseudogene	0	0	0	0.0000	0.0000	0.0000
ENSG00000242539.2	AC007620.2	lncRNA	0	982	1007	0.0000	0.0000	0.0000
ENSG00000242540.3	AC010729.2	lncRNA	0	0	0	0.0000	0.0000	0.0000
ENSG00000242545.1	AC126121.2	lncRNA	0	0	0	0.0000	0.0000	0.0000
ENSG00000242547.3	RN7SL169P	misc_RNA	0	0	0	0.0000	0.0000	0.0000
ENSG00000242550.6	SERPINB10	protein_coding	0	0	0	0.0000	0.0000	0.0000
ENSG00000242551.2	POU5F1P6	unprocessed_pseudogene	0	0	0	0.0000	0.0000	0.0000
ENSG00000242552.1	MRPL42P4	processed_pseudogene	0	1	0	0.0000	0.0000	0.0000
ENSG00000242553.1	AP001432.1	lncRNA	14	8	6	2.2863	0.6697	0.6449
ENSG00000242559.3	RN7SL144P	misc_RNA	0	0	0	0.0000	0.0000	0.0000
ENSG00000242560.3	RN7SL797P	misc_RNA	0	0	0	0.0000	0.0000	0.0000
ENSG00000242561.1	ATP5MGP5	processed_pseudogene	0	0	0	0.0000	0.0000	0.0000
ENSG00000242562.1	DCAF13P1	processed_pseudogene	1	0	1	0.0638	0.0187	0.0180
ENSG00000242565.3	RN7SL372P	misc_RNA	0	0	0	0.0000	0.0000	0.0000
ENSG00000242568.1	AC121764.2	lncRNA	0	0	0	0.0000	0.0000	0.0000
ENSG00000242571.1	RPL21P11	processed_pseudogene	9	6	3	1.5824	0.4635	0.4463
ENSG00000242573.1	ACTR3P3	processed_pseudogene	0	0	0	0.0000	0.0000	0.0000
ENSG00000242574.9	HLA-DMB	protein_coding	1173	589	584	21.5937	6.3251	6.0906
ENSG00000242575.1	TUBAP13	transcribed_processed_pseudogene	0	0	0	0.0000	0.0000	0.0000
ENSG00000242578.1	AC073288.2	lncRNA	0	0	0	0.0000	0.0000	0.0000
ENSG00000242580.1	IGKV1D-43	IG_V_gene	4	2	2	0.6385	0.1870	0.1801
ENSG00000242583.1	KMT5AP3	processed_pseudogene	0	0	0	0.0000	0.0000	0.0000
ENSG00000242586.1	AC108740.1	unprocessed_pseudogene	0	0	0	0.0000	0.0000	0.0000
ENSG00000242588.6	AC108010.1	lncRNA	25	10	15	1.3679	0.4007	0.3858
ENSG00000242590.1	AL645608.5	lncRNA	0	0	0	0.0000	0.0000	0.0000
ENSG00000242593.7	AC006148.1	lncRNA	0	2	1	0.0000	0.0000	0.0000
ENSG00000242595.1	RPL26P26	processed_pseudogene	1	1	0	0.1957	0.0573	0.0552
ENSG00000242598.1	MED28P8	processed_pseudogene	0	0	0	0.0000	0.0000	0.0000
ENSG00000242599.7	CSAG4	transcribed_unprocessed_pseudogene	0	0	0	0.0000	0.0000	0.0000
ENSG00000242600.8	MBL1P	transcribed_unitary_pseudogene	0	0	0	0.0000	0.0000	0.0000
ENSG00000242602.1	RPL35AP13	processed_pseudogene	0	0	0	0.0000	0.0000	0.0000
ENSG00000242607.1	RPS3AP34	processed_pseudogene	5	4	3	0.5437	0.1592	0.1533
ENSG00000242608.1	RPS23P5	processed_pseudogene	0	0	0	0.0000	0.0000	0.0000
ENSG00000242609.1	CCDC137P	processed_pseudogene	0	0	0	0.0000	0.0000	0.0000
ENSG00000242610.2	OR5BH1P	unprocessed_pseudogene	0	0	0	0.0000	0.0000	0.0000
ENSG00000242611.2	AC093627.6	lncRNA	22	7	15	1.3687	0.4009	0.3860
ENSG00000242612.7	DECR2	protein_coding	501	231	270	10.5992	3.1047	2.9896
ENSG00000242613.1	AC063952.3	processed_pseudogene	0	0	0	0.0000	0.0000	0.0000
ENSG00000242614.3	RN7SL164P	misc_RNA	0	0	0	0.0000	0.0000	0.0000
ENSG00000242615.1	AC022415.1	transcribed_processed_pseudogene	2	2	0	0.1120	0.0328	0.0316
ENSG00000242616.4	GNG10	protein_coding	0	0	0	0.0000	0.0000	0.0000
ENSG00000242618.2	AC112219.1	lncRNA	0	0	0	0.0000	0.0000	0.0000
ENSG00000242622.2	AC092910.3	lncRNA	31	14	17	0.8153	0.2388	0.2300
ENSG00000242628.6	AC009228.1	lncRNA	5	63	68	0.0842	0.0247	0.0237
ENSG00000242634.1	RPS24P16	processed_pseudogene	0	0	0	0.0000	0.0000	0.0000
ENSG00000242635.2	RPS14P7	processed_pseudogene	0	0	0	0.0000	0.0000	0.0000
ENSG00000242636.1	RPL21P129	processed_pseudogene	1	1	0	0.1777	0.0520	0.0501
ENSG00000242638.3	RN7SL294P	misc_RNA	0	0	0	0.0000	0.0000	0.0000
ENSG00000242640.1	RPS29P11	processed_pseudogene	0	0	0	0.0000	0.0000	0.0000
ENSG00000242641.6	LINC00971	lncRNA	0	0	0	0.0000	0.0000	0.0000
ENSG00000242650.3	RN7SL292P	misc_RNA	0	0	0	0.0000	0.0000	0.0000
ENSG00000242651.3	RN7SL862P	misc_RNA	0	0	0	0.0000	0.0000	0.0000
ENSG00000242653.3	RN7SL132P	misc_RNA	0	0	0	0.0000	0.0000	0.0000
ENSG00000242654.1	RPL32P14	processed_pseudogene	0	0	0	0.0000	0.0000	0.0000
ENSG00000242657.3	RN7SL581P	misc_RNA	0	0	0	0.0000	0.0000	0.0000
ENSG00000242659.1	AC108693.2	lncRNA	3	78	91	0.8408	0.2463	0.2372
ENSG00000242660.1	AC015911.1	processed_pseudogene	2	1	1	1.0887	0.3189	0.3071
ENSG00000242661.1	RPS3AP43	processed_pseudogene	0	0	1	0.0000	0.0000	0.0000
ENSG00000242667.1	AC087385.2	processed_pseudogene	3	1	2	0.5116	0.1498	0.1443
ENSG00000242668.3	RN7SL317P	misc_RNA	0	0	0	0.0000	0.0000	0.0000
ENSG00000242670.1	RPL22P13	processed_pseudogene	0	0	0	0.0000	0.0000	0.0000
ENSG00000242671.2	LINC02010	lncRNA	0	0	0	0.0000	0.0000	0.0000
ENSG00000242673.3	RN7SL167P	misc_RNA	0	0	0	0.0000	0.0000	0.0000
ENSG00000242675.1	RPS16P9	processed_pseudogene	0	0	0	0.0000	0.0000	0.0000
ENSG00000242683.1	RPL12P21	processed_pseudogene	0	0	0	0.0000	0.0000	0.0000
ENSG00000242686.4	PDE6B-AS1	lncRNA	0	0	1	0.0000	0.0000	0.0000
ENSG00000242688.3	RN7SL304P	misc_RNA	0	0	0	0.0000	0.0000	0.0000
ENSG00000242689.3	CNTF	protein_coding	80	45	35	3.5718	1.0462	1.0075
ENSG00000242692.1	RPS27AP1	processed_pseudogene	5	2	3	0.9015	0.2641	0.2543
ENSG00000242696.3	RN7SL40P	misc_RNA	2	0	2	0.4966	0.1455	0.1401
ENSG00000242697.2	RPL5P12	processed_pseudogene	1	0	1	0.0998	0.0292	0.0281
ENSG00000242699.3	RN7SL516P	misc_RNA	0	0	0	0.0000	0.0000	0.0000
ENSG00000242703.1	CCT4P1	processed_pseudogene	0	0	0	0.0000	0.0000	0.0000
ENSG00000242705.1	ICE2P2	processed_pseudogene	1	0	1	0.0305	0.0089	0.0086
ENSG00000242706.2	RPS27AP9	processed_pseudogene	0	0	0	0.0000	0.0000	0.0000
ENSG00000242707.3	RN7SL362P	misc_RNA	0	0	0	0.0000	0.0000	0.0000
ENSG00000242709.1	RPL30P9	processed_pseudogene	0	0	0	0.0000	0.0000	0.0000
ENSG00000242715.8	CCDC169	protein_coding	39	19	20	0.3748	0.1098	0.1057
ENSG00000242719.3	RN7SL806P	misc_RNA	1	0	1	0.3011	0.0882	0.0849
ENSG00000242727.2	AC104687.1	processed_pseudogene	0	0	0	0.0000	0.0000	0.0000
ENSG00000242728.1	UQCRHP4	processed_pseudogene	23	6	17	7.1808	2.1034	2.0254
ENSG00000242729.1	AC021006.1	processed_pseudogene	0	0	0	0.0000	0.0000	0.0000
ENSG00000242731.3	FAM86LP	unprocessed_pseudogene	0	0	0	0.0000	0.0000	0.0000
ENSG00000242732.4	RTL5	protein_coding	143	64	79	2.5410	0.7443	0.7167
ENSG00000242735.1	RPSAP26	processed_pseudogene	0	0	0	0.0000	0.0000	0.0000
ENSG00000242736.1	TRBV1	TR_V_pseudogene	1	1	0	0.2990	0.0876	0.0843
ENSG00000242737.1	AC012170.1	processed_pseudogene	0	0	0	0.0000	0.0000	0.0000
ENSG00000242741.2	LINC02005	lncRNA	0	0	0	0.0000	0.0000	0.0000
ENSG00000242747.1	AC090515.1	processed_pseudogene	9	0	11	1.6056	0.4703	0.4529
ENSG00000242748.1	RPL23AP81	transcribed_processed_pseudogene	1	1	0	0.1818	0.0533	0.0513
ENSG00000242752.3	NMTRQ-TTG12-1	unprocessed_pseudogene	0	0	0	0.0000	0.0000	0.0000
ENSG00000242753.2	AL445430.2	lncRNA	0	0	0	0.0000	0.0000	0.0000
ENSG00000242756.2	RHOT1P3	processed_pseudogene	0	0	0	0.0000	0.0000	0.0000
ENSG00000242757.1	AL606462.1	processed_pseudogene	0	0	0	0.0000	0.0000	0.0000
ENSG00000242759.8	LINC00882	lncRNA	39	22	17	0.1729	0.0507	0.0488
ENSG00000242764.3	RN7SL824P	misc_RNA	0	0	0	0.0000	0.0000	0.0000
ENSG00000242766.1	IGKV1D-17	IG_V_gene	9	10	3	1.4366	0.4208	0.4052
ENSG00000242767.1	ZBTB20-AS4	lncRNA	1	0	1	0.1258	0.0369	0.0355
ENSG00000242768.2	AC096576.1	processed_pseudogene	0	0	0	0.0000	0.0000	0.0000
ENSG00000242769.3	RN7SL432P	misc_RNA	0	0	0	0.0000	0.0000	0.0000
ENSG00000242770.2	CD200R1L-AS1	lncRNA	0	0	0	0.0000	0.0000	0.0000
ENSG00000242771.1	TRBV5-2	TR_V_pseudogene	0	0	0	0.0000	0.0000	0.0000
ENSG00000242775.1	AC121764.3	lncRNA	0	0	0	0.0000	0.0000	0.0000
ENSG00000242779.7	ZNF702P	transcribed_processed_pseudogene	24	10	14	0.3078	0.0902	0.0868
ENSG00000242781.2	LINC02050	lncRNA	0	0	0	0.0000	0.0000	0.0000
ENSG00000242790.1	AC104831.1	lncRNA	0	0	0	0.0000	0.0000	0.0000
ENSG00000242791.2	AC117395.1	lncRNA	1	1	0	0.1178	0.0345	0.0332
ENSG00000242793.1	AC135999.1	processed_pseudogene	0	0	0	0.0000	0.0000	0.0000
ENSG00000242794.2	RN7SL299P	misc_RNA	0	0	0	0.0000	0.0000	0.0000
ENSG00000242795.2	AC007849.1	lncRNA	0	0	0	0.0000	0.0000	0.0000
ENSG00000242797.3	GLYCTK-AS1	lncRNA	1	18	24	0.0610	0.0179	0.0172
ENSG00000242798.1	AC073842.2	lncRNA	3	5	9	0.4454	0.1305	0.1256
ENSG00000242802.9	AP5Z1	protein_coding	2123	1069	1075	21.4677	6.2882	6.0551
ENSG00000242807.1	RPL26P31	processed_pseudogene	0	0	0	0.0000	0.0000	0.0000
ENSG00000242808.10	SOX2-OT	lncRNA	82	44	39	0.2201	0.0645	0.0621
ENSG00000242810.1	MRPL42P6	processed_pseudogene	0	0	0	0.0000	0.0000	0.0000
ENSG00000242811.3	RN7SL229P	misc_RNA	0	0	0	0.0000	0.0000	0.0000
ENSG00000242814.2	AC113398.1	processed_pseudogene	1	3	9	0.2092	0.0613	0.0590
ENSG00000242816.2	AC092691.3	lncRNA	0	0	0	0.0000	0.0000	0.0000
ENSG00000242818.3	RN7SL846P	misc_RNA	0	0	0	0.0000	0.0000	0.0000
ENSG00000242828.1	AC068756.1	lncRNA	0	0	0	0.0000	0.0000	0.0000
ENSG00000242829.1	RPS26P21	processed_pseudogene	2	0	2	0.4880	0.1430	0.1377
ENSG00000242834.1	RPL7AP56	processed_pseudogene	0	0	0	0.0000	0.0000	0.0000
ENSG00000242836.1	MTCO3P35	unprocessed_pseudogene	0	0	0	0.0000	0.0000	0.0000
ENSG00000242837.1	RPL21P13	processed_pseudogene	0	0	0	0.0000	0.0000	0.0000
ENSG00000242841.1	KRT8P35	processed_pseudogene	0	0	0	0.0000	0.0000	0.0000
ENSG00000242849.2	ALDOAP1	processed_pseudogene	3	2	1	0.2363	0.0692	0.0667
ENSG00000242850.3	RPL23AP68	processed_pseudogene	0	0	0	0.0000	0.0000	0.0000
ENSG00000242852.7	ZNF709	protein_coding	3	2	1	0.0447	0.0131	0.0126
ENSG00000242853.3	RN7SL749P	misc_RNA	4	4	0	1.1713	0.3431	0.3304
ENSG00000242854.1	DNM1P24	unprocessed_pseudogene	0	0	0	0.0000	0.0000	0.0000
ENSG00000242855.3	RN7SL496P	misc_RNA	0	0	0	0.0000	0.0000	0.0000
ENSG00000242856.3	VN1R105P	transcribed_processed_pseudogene	0	0	0	0.0000	0.0000	0.0000
ENSG00000242858.1	AC020899.1	processed_pseudogene	7	5	2	0.9874	0.2892	0.2785
ENSG00000242860.3	RN7SL180P	misc_RNA	0	0	0	0.0000	0.0000	0.0000
ENSG00000242861.1	AL591895.1	lncRNA	153	64	89	37.3357	10.9362	10.5308
ENSG00000242863.3	RN7SL677P	misc_RNA	0	0	0	0.0000	0.0000	0.0000
ENSG00000242865.3	RN7SL244P	misc_RNA	0	0	0	0.0000	0.0000	0.0000
ENSG00000242866.10	STRC	protein_coding	1	0	1	0.0105	0.0031	0.0030
ENSG00000242875.6	RBMY1B	protein_coding	0	0	0	0.0000	0.0000	0.0000
ENSG00000242876.3	RN7SL812P	misc_RNA	4	2	2	1.2175	0.3566	0.3434
ENSG00000242880.2	AC026341.1	lncRNA	11	7	4	0.1962	0.0575	0.0553
ENSG00000242882.1	RPL5P11	processed_pseudogene	1	1	0	0.0951	0.0279	0.0268
ENSG00000242887.1	IGHJ3	IG_J_gene	76	36	40	131.7133	38.5809	37.1505
ENSG00000242888.1	AL133368.1	processed_pseudogene	0	0	0	0.0000	0.0000	0.0000
ENSG00000242889.3	RN7SL449P	misc_RNA	0	0	0	0.0000	0.0000	0.0000
ENSG00000242893.3	RN7SL413P	misc_RNA	0	0	0	0.0000	0.0000	0.0000
ENSG00000242894.3	RN7SL634P	misc_RNA	0	0	0	0.0000	0.0000	0.0000
ENSG00000242899.1	RPL7P16	processed_pseudogene	2	2	0	0.2301	0.0674	0.0649
ENSG00000242902.1	FLNC-AS1	lncRNA	0	3	4	0.0000	0.0000	0.0000
ENSG00000242908.6	AADACL2-AS1	lncRNA	0	0	0	0.0000	0.0000	0.0000
ENSG00000242911.1	AC140059.1	processed_pseudogene	0	0	0	0.0000	0.0000	0.0000
ENSG00000242912.3	RN7SL384P	misc_RNA	0	0	0	0.0000	0.0000	0.0000
ENSG00000242915.1	SNRPGP7	processed_pseudogene	0	0	0	0.0000	0.0000	0.0000
ENSG00000242922.2	RPL21P104	processed_pseudogene	0	0	0	0.0000	0.0000	0.0000
ENSG00000242925.1	PLCH1-AS2	lncRNA	0	0	0	0.0000	0.0000	0.0000
ENSG00000242928.3	RN7SL868P	misc_RNA	0	0	0	0.0000	0.0000	0.0000
ENSG00000242931.1	RPL7P49	processed_pseudogene	0	0	0	0.0000	0.0000	0.0000
ENSG00000242936.1	RPL30P6	processed_pseudogene	0	0	0	0.0000	0.0000	0.0000
ENSG00000242941.1	RPL12P7	processed_pseudogene	0	0	0	0.0000	0.0000	0.0000
ENSG00000242943.1	NKAIN1P1	processed_pseudogene	0	0	0	0.0000	0.0000	0.0000
ENSG00000242945.2	RPL29P32	processed_pseudogene	0	0	0	0.0000	0.0000	0.0000
ENSG00000242948.1	EPS15P1	transcribed_processed_pseudogene	7	4	3	0.2870	0.0841	0.0810
ENSG00000242950.7	ERVW-1	protein_coding	5	1	4	0.0693	0.0203	0.0195
ENSG00000242951.1	AC007182.2	processed_pseudogene	9	6	3	1.9012	0.5569	0.5362
ENSG00000242952.1	RPSAP3	transcribed_processed_pseudogene	4	4	0	0.3830	0.1122	0.1080
ENSG00000242953.1	AC139453.1	processed_pseudogene	0	0	0	0.0000	0.0000	0.0000
ENSG00000242958.1	AC040975.1	processed_pseudogene	0	0	0	0.0000	0.0000	0.0000
ENSG00000242960.1	FTH1P23	processed_pseudogene	106	32	74	16.3665	4.7940	4.6163
ENSG00000242963.1	AC026336.1	processed_pseudogene	0	0	0	0.0000	0.0000	0.0000
ENSG00000242968.1	AC096992.1	processed_pseudogene	0	0	0	0.0000	0.0000	0.0000
ENSG00000242970.2	AC068522.1	processed_pseudogene	12	10	2	2.9538	0.8652	0.8331
ENSG00000242971.3	RN7SL233P	misc_RNA	0	0	0	0.0000	0.0000	0.0000
ENSG00000242973.6	AL591242.1	lncRNA	1	2	0	0.1477	0.0433	0.0417
ENSG00000242976.3	RN7SL177P	misc_RNA	0	0	0	0.0000	0.0000	0.0000
ENSG00000242978.1	PPIAP83	processed_pseudogene	0	0	0	0.0000	0.0000	0.0000
ENSG00000242979.1	RPS15AP18	processed_pseudogene	0	0	0	0.0000	0.0000	0.0000
ENSG00000242983.1	CABYRP1	processed_pseudogene	0	0	0	0.0000	0.0000	0.0000
ENSG00000242985.3	RN7SL50P	misc_RNA	0	0	0	0.0000	0.0000	0.0000
ENSG00000242986.2	RPL21P99	processed_pseudogene	0	0	0	0.0000	0.0000	0.0000
ENSG00000242989.3	RN7SL332P	misc_RNA	0	0	0	0.0000	0.0000	0.0000
ENSG00000242990.2	RPL13AP23	processed_pseudogene	1	0	1	0.1449	0.0424	0.0409
ENSG00000242991.2	RPL7P40	processed_pseudogene	0	0	0	0.0000	0.0000	0.0000
ENSG00000242992.3	FTH1P4	processed_pseudogene	26	14	12	3.9926	1.1695	1.1261
ENSG00000242993.1	AP000870.1	processed_pseudogene	0	0	0	0.0000	0.0000	0.0000
ENSG00000242995.1	AL161757.1	processed_pseudogene	0	0	0	0.0000	0.0000	0.0000
ENSG00000242998.3	RN7SL379P	misc_RNA	0	0	0	0.0000	0.0000	0.0000
ENSG00000242999.3	RN7SL239P	misc_RNA	4	2	2	1.1323	0.3317	0.3194
ENSG00000243004.6	AC005062.1	lncRNA	1	1	1	0.0273	0.0080	0.0077
ENSG00000243005.3	RN7SL16P	misc_RNA	0	0	0	0.0000	0.0000	0.0000
ENSG00000243007.1	RPL12P35	processed_pseudogene	6	5	1	1.0273	0.3009	0.2897
ENSG00000243008.2	AL359538.1	lncRNA	1	0	1	0.0497	0.0145	0.0140
ENSG00000243011.3	RN7SL266P	misc_RNA	0	0	0	0.0000	0.0000	0.0000
ENSG00000243014.1	PTMAP8	processed_pseudogene	3	1	2	0.7449	0.2182	0.2101
ENSG00000243015.2	RN7SL737P	misc_RNA	0	0	0	0.0000	0.0000	0.0000
ENSG00000243016.1	AC112482.1	unprocessed_pseudogene	0	0	0	0.0000	0.0000	0.0000
ENSG00000243018.1	AC005486.1	lncRNA	1	0	1	0.3932	0.1152	0.1109
ENSG00000243020.1	RPL7P39	processed_pseudogene	0	0	0	0.0000	0.0000	0.0000
ENSG00000243022.1	MARK3P3	processed_pseudogene	0	0	0	0.0000	0.0000	0.0000
ENSG00000243023.2	UBA52P3	processed_pseudogene	0	0	0	0.0000	0.0000	0.0000
ENSG00000243024.6	AC012158.1	transcribed_processed_pseudogene	3	3	0	0.1192	0.0349	0.0336
ENSG00000243025.1	MTAPP1	processed_pseudogene	2	2	0	0.2074	0.0607	0.0585
ENSG00000243027.3	RN7SL354P	misc_RNA	0	0	0	0.0000	0.0000	0.0000
ENSG00000243029.3	RN7SL635P	misc_RNA	1	1	0	0.2869	0.0840	0.0809
ENSG00000243033.2	GAPDHP47	processed_pseudogene	0	0	0	0.0000	0.0000	0.0000
ENSG00000243035.3	RN7SL810P	misc_RNA	0	0	0	0.0000	0.0000	0.0000
ENSG00000243038.1	AL117692.1	processed_pseudogene	0	0	0	0.0000	0.0000	0.0000
ENSG00000243040.6	RBMY2FP	transcribed_unprocessed_pseudogene	0	0	0	0.0000	0.0000	0.0000
ENSG00000243044.1	AC128716.1	processed_pseudogene	0	0	0	0.0000	0.0000	0.0000
ENSG00000243048.3	FTHL18	unprocessed_pseudogene	0	0	0	0.0000	0.0000	0.0000
ENSG00000243049.3	RN7SL33P	misc_RNA	0	0	0	0.0000	0.0000	0.0000
ENSG00000243050.1	RPL30P10	processed_pseudogene	0	0	0	0.0000	0.0000	0.0000
ENSG00000243051.3	RN7SL269P	misc_RNA	0	0	0	0.0000	0.0000	0.0000
ENSG00000243053.2	RPL31P58	processed_pseudogene	0	0	0	0.0000	0.0000	0.0000
ENSG00000243055.1	GK-AS1	lncRNA	18	73	95	2.3480	0.6878	0.6623
ENSG00000243056.2	EIF4EBP3	protein_coding	9	6	3	1.1029	0.3230	0.3111
ENSG00000243058.1	RPL39P33	processed_pseudogene	0	0	0	0.0000	0.0000	0.0000
ENSG00000243059.3	RN7SL400P	misc_RNA	0	0	0	0.0000	0.0000	0.0000
ENSG00000243062.6	AL359853.2	lncRNA	0	0	0	0.0000	0.0000	0.0000
ENSG00000243063.1	IGKV3-7	IG_V_gene	29	16	13	5.5341	1.6210	1.5609
ENSG00000243064.8	ABCC13	transcribed_unprocessed_pseudogene	1	0	1	0.0079	0.0023	0.0022
ENSG00000243066.3	RN7SL842P	misc_RNA	0	0	0	0.0000	0.0000	0.0000
ENSG00000243069.8	ARHGEF26-AS1	lncRNA	35	18	24	0.3302	0.0967	0.0931
ENSG00000243071.1	AC107032.1	processed_pseudogene	4	2	2	0.7077	0.2073	0.1996
ENSG00000243072.1	AF186996.3	processed_pseudogene	0	0	0	0.0000	0.0000	0.0000
ENSG00000243073.4	PRAMEF4	protein_coding	0	0	0	0.0000	0.0000	0.0000
ENSG00000243075.3	RN7SL519P	misc_RNA	0	0	0	0.0000	0.0000	0.0000
ENSG00000243081.2	AC092894.1	lncRNA	0	0	0	0.0000	0.0000	0.0000
ENSG00000243083.7	LINC00870	lncRNA	0	0	0	0.0000	0.0000	0.0000
ENSG00000243085.1	AL390726.1	processed_pseudogene	0	0	0	0.0000	0.0000	0.0000
ENSG00000243089.2	AC107029.1	lncRNA	0	0	0	0.0000	0.0000	0.0000
ENSG00000243094.1	AC079203.1	processed_pseudogene	2	1	2	0.4204	0.1231	0.1186
ENSG00000243095.1	RPL3P10	processed_pseudogene	3	2	1	0.2189	0.0641	0.0617
ENSG00000243099.1	AC020983.1	processed_pseudogene	0	0	0	0.0000	0.0000	0.0000
ENSG00000243101.1	RPS3P7	processed_pseudogene	0	0	0	0.0000	0.0000	0.0000
ENSG00000243103.3	RN7SL452P	misc_RNA	0	0	0	0.0000	0.0000	0.0000
ENSG00000243104.1	MTND4LP14	processed_pseudogene	0	0	0	0.0000	0.0000	0.0000
ENSG00000243107.1	AC000120.1	lncRNA	0	0	0	0.0000	0.0000	0.0000
ENSG00000243115.3	RN7SL849P	misc_RNA	0	0	0	0.0000	0.0000	0.0000
ENSG00000243116.1	AC092943.1	processed_pseudogene	0	0	0	0.0000	0.0000	0.0000
ENSG00000243122.1	AC016304.1	processed_pseudogene	0	1	0	0.0000	0.0000	0.0000
ENSG00000243124.3	RN7SL643P	misc_RNA	0	0	0	0.0000	0.0000	0.0000
ENSG00000243125.3	RN7SL807P	misc_RNA	0	0	0	0.0000	0.0000	0.0000
ENSG00000243129.2	AC023790.1	processed_pseudogene	0	0	0	0.0000	0.0000	0.0000
ENSG00000243130.8	PSG11	protein_coding	0	0	0	0.0000	0.0000	0.0000
ENSG00000243135.6	UGT1A3	protein_coding	0	0	0	0.0000	0.0000	0.0000
ENSG00000243136.3	RN7SL22P	misc_RNA	0	0	0	0.0000	0.0000	0.0000
ENSG00000243137.8	PSG4	protein_coding	0	0	0	0.0000	0.0000	0.0000
ENSG00000243141.2	RPL23AP66	processed_pseudogene	2	1	3	0.3546	0.1039	0.1000
ENSG00000243144.7	AC079760.2	lncRNA	291	163	128	9.3287	2.7325	2.6312
ENSG00000243147.8	MRPL33	protein_coding	1029	526	503	57.0386	16.7075	16.0881
ENSG00000243149.2	LINC02040	lncRNA	0	0	0	0.0000	0.0000	0.0000
ENSG00000243150.6	AC106707.1	lncRNA	0	126	146	0.0000	0.0000	0.0000
ENSG00000243154.1	SYPL1P1	processed_pseudogene	0	0	0	0.0000	0.0000	0.0000
ENSG00000243155.1	AL162431.1	lncRNA	8	30	22	0.2803	0.0821	0.0791
ENSG00000243156.9	MICAL3	protein_coding	5863	2923	2941	22.1836	6.4979	6.2570
ENSG00000243160.1	AC093270.2	processed_pseudogene	1	1	0	0.1072	0.0314	0.0302
ENSG00000243164.1	AC087879.1	processed_pseudogene	2	1	1	0.4541	0.1330	0.1281
ENSG00000243165.1	AC025033.1	processed_pseudogene	0	0	0	0.0000	0.0000	0.0000
ENSG00000243167.1	RPS10P28	processed_pseudogene	3	1	2	0.5116	0.1498	0.1443
ENSG00000243171.1	AC041039.1	processed_pseudogene	0	0	0	0.0000	0.0000	0.0000
ENSG00000243173.3	RN7SL861P	misc_RNA	0	0	0	0.0000	0.0000	0.0000
ENSG00000243175.1	RPSAP36	transcribed_processed_pseudogene	4	3	1	0.2694	0.0789	0.0760
ENSG00000243176.6	AC092944.1	lncRNA	56	63	53	0.5254	0.1539	0.1482
ENSG00000243179.1	AC110769.1	lncRNA	1	0	1	0.1042	0.0305	0.0294
ENSG00000243181.2	AC087343.1	processed_pseudogene	4	2	2	0.7151	0.2095	0.2017
ENSG00000243187.1	CCDC39-AS1	lncRNA	0	0	0	0.0000	0.0000	0.0000
ENSG00000243188.1	HNRNPA1P17	unprocessed_pseudogene	0	0	0	0.0000	0.0000	0.0000
ENSG00000243193.4	PRKAR2B-AS1	lncRNA	2	0	2	0.0776	0.0227	0.0219
ENSG00000243195.1	TUBBP11	processed_pseudogene	0	0	0	0.0000	0.0000	0.0000
ENSG00000243197.8	TUSC7	lncRNA	0	0	0	0.0000	0.0000	0.0000
ENSG00000243199.1	AC115223.1	processed_pseudogene	66	33	33	6.4422	1.8870	1.8171
ENSG00000243207.6	PPAN-P2RY11	protein_coding	0	0	0	0.0000	0.0000	0.0000
ENSG00000243220.1	AC006159.2	lncRNA	0	0	0	0.0000	0.0000	0.0000
ENSG00000243224.1	AC006252.1	lncRNA	12	4	8	0.9256	0.2711	0.2611
ENSG00000243225.2	AC007686.1	processed_pseudogene	2	1	1	0.3668	0.1074	0.1035
ENSG00000243227.3	RN7SL55P	misc_RNA	0	0	0	0.0000	0.0000	0.0000
ENSG00000243230.1	AC011005.4	lncRNA	1	9	10	0.1587	0.0465	0.0448
ENSG00000243232.6	PCDHAC2	protein_coding	0	0	0	0.0000	0.0000	0.0000
ENSG00000243234.1	AC010326.1	processed_pseudogene	0	0	0	0.0000	0.0000	0.0000
ENSG00000243236.6	GSTA9P	transcribed_unprocessed_pseudogene	1	1	0	0.0955	0.0280	0.0269
ENSG00000243238.1	IGKV2-30	IG_V_gene	149	80	69	32.4440	9.5033	9.1510
ENSG00000243243.5	AC073130.2	lncRNA	5	4	1	0.4630	0.1356	0.1306
ENSG00000243244.7	STON1	protein_coding	117	59	58	1.2888	0.3775	0.3635
ENSG00000243250.1	RPS6P16	processed_pseudogene	0	1	1	0.0000	0.0000	0.0000
ENSG00000243254.3	RN7SL350P	misc_RNA	0	0	0	0.0000	0.0000	0.0000
ENSG00000243256.1	RPL30P14	processed_pseudogene	1	0	1	0.2440	0.0715	0.0688
ENSG00000243257.1	MTCO2P29	unprocessed_pseudogene	0	0	0	0.0000	0.0000	0.0000
ENSG00000243260.3	RN7SL558P	misc_RNA	1	0	1	0.2840	0.0832	0.0801
ENSG00000243264.2	IGKV2D-29	IG_V_gene	1619	796	827	343.7155	100.6797	96.9470
ENSG00000243265.1	RPL23AP55	processed_pseudogene	0	0	0	0.0000	0.0000	0.0000
ENSG00000243267.3	RN7SL614P	misc_RNA	0	0	0	0.0000	0.0000	0.0000
ENSG00000243273.1	AC020636.1	lncRNA	0	0	0	0.0000	0.0000	0.0000
ENSG00000243274.3	RN7SL571P	misc_RNA	0	0	0	0.0000	0.0000	0.0000
ENSG00000243276.6	AC068633.1	lncRNA	0	0	0	0.0000	0.0000	0.0000
ENSG00000243279.4	PRAF2	protein_coding	399	208	193	20.3870	5.9717	5.7503
ENSG00000243280.2	AC093663.2	processed_pseudogene	0	0	0	0.0000	0.0000	0.0000
ENSG00000243284.1	VSIG8	protein_coding	0	0	0	0.0000	0.0000	0.0000
ENSG00000243287.2	RPS17P14	processed_pseudogene	0	0	0	0.0000	0.0000	0.0000
ENSG00000243289.1	AGAP13P	unprocessed_pseudogene	1	1	0	0.2339	0.0685	0.0660
ENSG00000243290.3	IGKV1-12	IG_V_gene	566	273	293	120.7663	35.3743	34.0628
ENSG00000243295.2	AC126121.3	lncRNA	27	17	10	0.6106	0.1789	0.1722
ENSG00000243296.1	AC078828.1	lncRNA	0	0	0	0.0000	0.0000	0.0000
ENSG00000243297.2	RPL31P61	processed_pseudogene	2	2	0	0.4517	0.1323	0.1274
ENSG00000243302.3	AC018638.4	processed_pseudogene	130	71	59	9.5997	2.8119	2.7077
ENSG00000243303.1	AC103987.1	processed_pseudogene	0	0	0	0.0000	0.0000	0.0000
ENSG00000243304.3	AC008494.1	processed_pseudogene	1	0	1	0.1067	0.0312	0.0301
ENSG00000243305.1	AC026347.1	lncRNA	0	10	9	0.0000	0.0000	0.0000
ENSG00000243307.2	POM121L6P	processed_pseudogene	0	0	0	0.0000	0.0000	0.0000
ENSG00000243312.3	AC093827.1	processed_pseudogene	0	0	0	0.0000	0.0000	0.0000
ENSG00000243313.2	RN7SL285P	misc_RNA	0	0	0	0.0000	0.0000	0.0000
ENSG00000243314.1	AC106707.2	processed_pseudogene	0	0	0	0.0000	0.0000	0.0000
ENSG00000243316.7	GUCY2GP	transcribed_unitary_pseudogene	0	0	0	0.0000	0.0000	0.0000
ENSG00000243317.8	STMP1	protein_coding	2690	1374	1327	46.2983	13.5615	13.0587
ENSG00000243319.7	FGF14-IT1	lncRNA	1	1	0	0.0357	0.0105	0.0101
ENSG00000243321.3	LINC01998	lncRNA	0	0	0	0.0000	0.0000	0.0000
ENSG00000243323.7	PTPRVP	unitary_pseudogene	5	4	2	0.0644	0.0189	0.0182
ENSG00000243328.1	AC083982.1	processed_pseudogene	0	1	0	0.0000	0.0000	0.0000
ENSG00000243333.3	RN7SL174P	misc_RNA	0	0	0	0.0000	0.0000	0.0000
ENSG00000243335.10	KCTD7	protein_coding	1035	525	510	13.3983	3.9246	3.7791
ENSG00000243338.3	RN7SL307P	misc_RNA	0	0	0	0.0000	0.0000	0.0000
ENSG00000243339.3	RN7SL738P	misc_RNA	0	0	0	0.0000	0.0000	0.0000
ENSG00000243345.1	AC093714.2	lncRNA	0	0	0	0.0000	0.0000	0.0000
ENSG00000243346.3	RN7SL601P	misc_RNA	0	0	0	0.0000	0.0000	0.0000
ENSG00000243347.2	LINC02045	lncRNA	0	0	0	0.0000	0.0000	0.0000
ENSG00000243349.2	AL358394.2	lncRNA	0	0	0	0.0000	0.0000	0.0000
ENSG00000243352.3	RN7SL8P	misc_RNA	0	0	0	0.0000	0.0000	0.0000
ENSG00000243353.1	RPS29P19	processed_pseudogene	0	0	0	0.0000	0.0000	0.0000
ENSG00000243355.1	AC012123.2	processed_pseudogene	0	0	0	0.0000	0.0000	0.0000
ENSG00000243359.3	RN7SL815P	misc_RNA	0	0	0	0.0000	0.0000	0.0000
ENSG00000243364.8	EFNA4	protein_coding	243	125	118	16.4166	4.8087	4.6304
ENSG00000243365.3	RN7SL278P	misc_RNA	0	0	0	0.0000	0.0000	0.0000
ENSG00000243366.3	RN7SL60P	misc_RNA	0	0	0	0.0000	0.0000	0.0000
ENSG00000243368.2	MCCC1-AS1	lncRNA	7	98	107	0.7770	0.2276	0.2192
ENSG00000243370.3	RN7SL775P	misc_RNA	0	0	0	0.0000	0.0000	0.0000
ENSG00000243373.3	RN7SL173P	misc_RNA	0	0	0	0.0000	0.0000	0.0000
ENSG00000243374.3	RN7SL72P	misc_RNA	0	0	0	0.0000	0.0000	0.0000
ENSG00000243378.1	AC083801.1	processed_pseudogene	0	0	0	0.0000	0.0000	0.0000
ENSG00000243383.3	RN7SL89P	misc_RNA	0	0	0	0.0000	0.0000	0.0000
ENSG00000243384.1	AC119424.1	lncRNA	0	0	0	0.0000	0.0000	0.0000
ENSG00000243385.2	AC094085.1	processed_pseudogene	0	0	0	0.0000	0.0000	0.0000
ENSG00000243388.1	RPL3P3	processed_pseudogene	10	5	5	0.7001	0.2051	0.1975
ENSG00000243389.1	AC012442.2	lncRNA	3	2	1	0.5994	0.1756	0.1691
ENSG00000243396.1	AC084198.1	processed_pseudogene	0	0	0	0.0000	0.0000	0.0000
ENSG00000243398.3	RN7SL141P	misc_RNA	0	0	0	0.0000	0.0000	0.0000
ENSG00000243402.1	AC022973.2	processed_pseudogene	0	0	0	0.0000	0.0000	0.0000
ENSG00000243403.1	AC090543.2	processed_pseudogene	30	17	13	7.3207	2.1444	2.0649
ENSG00000243404.2	RPL35AP32	processed_pseudogene	0	0	0	0.0000	0.0000	0.0000
ENSG00000243406.6	MRPS31P5	transcribed_unprocessed_pseudogene	11	7	4	0.2412	0.0706	0.0680
ENSG00000243410.1	PSMD6-AS1	lncRNA	0	1	0	0.0000	0.0000	0.0000
ENSG00000243414.6	TICAM2	protein_coding	14	7	19	0.3499	0.1025	0.0987
ENSG00000243415.2	AC107021.1	lncRNA	4	4	0	0.4209	0.1233	0.1187
ENSG00000243417.1	RPS3AP18	processed_pseudogene	2	1	1	0.2186	0.0640	0.0617
ENSG00000243420.3	RN7SL734P	misc_RNA	0	0	0	0.0000	0.0000	0.0000
ENSG00000243422.2	RPL23AP49	transcribed_processed_pseudogene	9	19	23	0.6716	0.1967	0.1894
ENSG00000243423.1	AC004223.1	processed_pseudogene	1	1	0	0.3134	0.0918	0.0884
ENSG00000243424.2	RN7SL107P	misc_RNA	0	0	0	0.0000	0.0000	0.0000
ENSG00000243426.3	RN7SL454P	misc_RNA	0	0	0	0.0000	0.0000	0.0000
ENSG00000243429.1	OR7E29P	unprocessed_pseudogene	0	0	0	0.0000	0.0000	0.0000
ENSG00000243431.1	RPL5P30	processed_pseudogene	7	6	1	0.6672	0.1954	0.1882
ENSG00000243433.1	AC010973.1	lncRNA	0	4	4	0.0000	0.0000	0.0000
ENSG00000243437.3	RN7SL370P	misc_RNA	0	0	0	0.0000	0.0000	0.0000
ENSG00000243438.1	LARP1BP2	processed_pseudogene	0	0	0	0.0000	0.0000	0.0000
ENSG00000243439.3	RN7SL352P	misc_RNA	0	0	0	0.0000	0.0000	0.0000
ENSG00000243445.1	AC106820.1	processed_pseudogene	4	2	2	0.8088	0.2369	0.2281
ENSG00000243446.3	RN7SL284P	misc_RNA	0	0	0	0.0000	0.0000	0.0000
ENSG00000243449.6	C4orf48	protein_coding	213	105	108	33.4964	9.8116	9.4479
ENSG00000243455.3	RPS18P13	processed_pseudogene	0	0	0	0.0000	0.0000	0.0000
ENSG00000243466.1	IGKV1-5	IG_V_gene	3599	1751	1852	574.4900	168.2771	162.0383
ENSG00000243468.5	INGX	transcribed_processed_pseudogene	0	4	2	0.0000	0.0000	0.0000
ENSG00000243469.1	RPL7P51	processed_pseudogene	0	0	0	0.0000	0.0000	0.0000
ENSG00000243477.6	NAA80	protein_coding	175	84	91	6.8076	1.9941	1.9201
ENSG00000243478.9	AOX2P	transcribed_unprocessed_pseudogene	0	0	0	0.0000	0.0000	0.0000
ENSG00000243479.3	MNX1-AS1	lncRNA	2	1	1	0.1632	0.0478	0.0460
ENSG00000243480.7	AMY2A	protein_coding	0	0	0	0.0000	0.0000	0.0000
ENSG00000243483.1	AC078785.3	processed_pseudogene	0	0	0	0.0000	0.0000	0.0000
ENSG00000243485.5	MIR1302-2HG	lncRNA	0	0	0	0.0000	0.0000	0.0000
ENSG00000243486.1	AC068985.1	lncRNA	0	0	0	0.0000	0.0000	0.0000
ENSG00000243488.3	RN7SL337P	misc_RNA	0	0	0	0.0000	0.0000	0.0000
ENSG00000243489.4	KRTAP10-11	protein_coding	0	0	0	0.0000	0.0000	0.0000
ENSG00000243491.1	AC082651.3	lncRNA	0	0	0	0.0000	0.0000	0.0000
ENSG00000243494.1	AC011476.1	processed_pseudogene	0	0	0	0.0000	0.0000	0.0000
ENSG00000243495.1	GMFBP1	processed_pseudogene	1	0	1	0.1989	0.0583	0.0561
ENSG00000243498.2	UBA52P5	processed_pseudogene	5	2	3	2.0123	0.5894	0.5676
ENSG00000243499.1	RPS6P21	processed_pseudogene	0	0	0	0.0000	0.0000	0.0000
ENSG00000243501.5	AL365232.1	protein_coding	0	0	0	0.0000	0.0000	0.0000
ENSG00000243503.2	AC090453.1	processed_pseudogene	0	0	0	0.0000	0.0000	0.0000
ENSG00000243504.1	RPS23P1	processed_pseudogene	4	2	2	0.7863	0.2303	0.2218
ENSG00000243505.3	RN7SL240P	misc_RNA	0	0	0	0.0000	0.0000	0.0000
ENSG00000243507.1	AC005908.1	processed_pseudogene	0	0	0	0.0000	0.0000	0.0000
ENSG00000243508.1	DNAJB6P7	processed_pseudogene	0	0	0	0.0000	0.0000	0.0000
ENSG00000243509.6	TNFRSF6B	protein_coding	0	0	0	0.0000	0.0000	0.0000
ENSG00000243510.3	RN7SL111P	misc_RNA	0	0	0	0.0000	0.0000	0.0000
ENSG00000243514.2	RPL32P33	processed_pseudogene	0	0	0	0.0000	0.0000	0.0000
ENSG00000243516.1	RPL12P40	processed_pseudogene	0	0	0	0.0000	0.0000	0.0000
ENSG00000243517.1	AC024940.2	processed_pseudogene	36	25	11	5.0448	1.4777	1.4229
ENSG00000243518.1	AC108729.2	processed_pseudogene	0	0	0	0.0000	0.0000	0.0000
ENSG00000243519.1	IGLVIVOR22-2	IG_V_pseudogene	0	0	0	0.0000	0.0000	0.0000
ENSG00000243521.2	RPL5P33	processed_pseudogene	0	0	0	0.0000	0.0000	0.0000
ENSG00000243531.1	AC079804.2	processed_pseudogene	0	0	0	0.0000	0.0000	0.0000
ENSG00000243532.3	RN7SL19P	misc_RNA	0	0	0	0.0000	0.0000	0.0000
ENSG00000243537.1	KC877373.1	processed_pseudogene	0	0	0	0.0000	0.0000	0.0000
ENSG00000243538.1	RPS26P28	processed_pseudogene	11	8	3	2.6843	0.7863	0.7571
ENSG00000243539.3	RN7SL649P	misc_RNA	0	0	0	0.0000	0.0000	0.0000
ENSG00000243541.3	RN7SL104P	misc_RNA	0	0	0	0.0000	0.0000	0.0000
ENSG00000243543.9	WFDC6	protein_coding	0	0	0	0.0000	0.0000	0.0000
ENSG00000243544.3	RN7SL172P	misc_RNA	0	0	0	0.0000	0.0000	0.0000
ENSG00000243546.3	RN7SL108P	misc_RNA	2	1	1	0.5719	0.1675	0.1613
ENSG00000243547.1	HNRNPKP4	processed_pseudogene	35	7	28	2.1445	0.6281	0.6049
ENSG00000243548.3	RN7SL101P	misc_RNA	0	0	0	0.0000	0.0000	0.0000
ENSG00000243549.3	RN7SL705P	misc_RNA	0	0	0	0.0000	0.0000	0.0000
ENSG00000243550.3	LINC01214	lncRNA	0	0	0	0.0000	0.0000	0.0000
ENSG00000243554.1	AC004967.1	transcribed_unprocessed_pseudogene	2	2	0	0.3800	0.1113	0.1072
ENSG00000243560.3	RN7SL364P	misc_RNA	0	0	0	0.0000	0.0000	0.0000
ENSG00000243562.3	RN7SL838P	misc_RNA	0	0	0	0.0000	0.0000	0.0000
ENSG00000243566.7	UPK3B	protein_coding	3	1	2	0.0994	0.0291	0.0280
ENSG00000243568.2	AC020779.1	processed_pseudogene	0	0	0	0.0000	0.0000	0.0000
ENSG00000243572.1	LINC02017	lncRNA	0	0	0	0.0000	0.0000	0.0000
ENSG00000243574.2	AC006148.2	lncRNA	0	0	0	0.0000	0.0000	0.0000
ENSG00000243581.1	RPS29P25	processed_pseudogene	0	0	0	0.0000	0.0000	0.0000
ENSG00000243584.1	AC068769.1	processed_pseudogene	0	0	0	0.0000	0.0000	0.0000
ENSG00000243591.3	RN7SL282P	misc_RNA	0	0	0	0.0000	0.0000	0.0000
ENSG00000243592.1	RPL17P22	processed_pseudogene	5	3	2	0.7678	0.2249	0.2166
ENSG00000243593.1	LINC02049	lncRNA	0	0	0	0.0000	0.0000	0.0000
ENSG00000243596.1	AC130509.1	processed_pseudogene	0	0	0	0.0000	0.0000	0.0000
ENSG00000243601.1	RPL12P24	processed_pseudogene	0	0	0	0.0000	0.0000	0.0000
ENSG00000243607.3	RPL35AP26	processed_pseudogene	0	0	0	0.0000	0.0000	0.0000
ENSG00000243609.1	RPS2P44	processed_pseudogene	0	0	0	0.0000	0.0000	0.0000
ENSG00000243613.1	AL513523.4	lncRNA	0	64	60	0.0000	0.0000	0.0000
ENSG00000243620.2	AC092957.1	lncRNA	0	0	0	0.0000	0.0000	0.0000
ENSG00000243621.1	AC003989.2	processed_pseudogene	0	0	0	0.0000	0.0000	0.0000
ENSG00000243627.5	SMIM34A	protein_coding	1	0	1	0.0820	0.0240	0.0231
ENSG00000243629.2	LINC00880	lncRNA	2	9	13	0.0769	0.0225	0.0217
ENSG00000243633.3	RN7SL542P	misc_RNA	0	0	0	0.0000	0.0000	0.0000
ENSG00000243635.1	AC091804.1	processed_pseudogene	0	0	0	0.0000	0.0000	0.0000
ENSG00000243636.1	AL445493.2	lncRNA	0	0	0	0.0000	0.0000	0.0000
ENSG00000243641.3	OR13C7	polymorphic_pseudogene	0	0	0	0.0000	0.0000	0.0000
ENSG00000243642.3	RN7SL526P	misc_RNA	1	0	1	0.2662	0.0780	0.0751
ENSG00000243643.1	TSPY20P	unprocessed_pseudogene	0	0	0	0.0000	0.0000	0.0000
ENSG00000243646.10	IL10RB	protein_coding	31	18	13	0.5816	0.1704	0.1641
ENSG00000243648.1	AC109454.1	processed_pseudogene	21	13	8	3.5810	1.0489	1.0100
ENSG00000243649.9	CFB	protein_coding	17	7	11	0.3051	0.0894	0.0861
ENSG00000243650.3	RN7SL834P	misc_RNA	10	5	5	2.9692	0.8697	0.8375
ENSG00000243655.2	AC132825.2	lncRNA	0	0	0	0.0000	0.0000	0.0000
ENSG00000243658.1	MTND5P16	unprocessed_pseudogene	0	0	0	0.0000	0.0000	0.0000
ENSG00000243659.1	FO393419.3	processed_pseudogene	2	0	2	0.6023	0.1764	0.1699
ENSG00000243660.11	ZNF487	protein_coding	80	49	31	1.3146	0.3851	0.3708
ENSG00000243661.1	WBP1LP1	processed_pseudogene	0	0	0	0.0000	0.0000	0.0000
ENSG00000243663.1	RPS4XP14	processed_pseudogene	12	6	9	1.3048	0.3822	0.3680
ENSG00000243664.1	RPS29P12	processed_pseudogene	0	0	0	0.0000	0.0000	0.0000
ENSG00000243667.7	WDR92	protein_coding	238	117	121	4.9707	1.4560	1.4020
ENSG00000243669.2	RPL34P23	processed_pseudogene	1	1	0	0.2372	0.0695	0.0669
ENSG00000243671.3	RN7SL761P	misc_RNA	0	0	0	0.0000	0.0000	0.0000
ENSG00000243672.1	RPS3AP40	processed_pseudogene	0	0	0	0.0000	0.0000	0.0000
ENSG00000243674.1	OR7E66P	unprocessed_pseudogene	0	0	0	0.0000	0.0000	0.0000
ENSG00000243675.1	RPL35AP9	processed_pseudogene	0	0	0	0.0000	0.0000	0.0000
ENSG00000243678.12	NME2	protein_coding	29	21	9	0.9867	0.2890	0.2783
ENSG00000243679.1	AC018638.5	processed_pseudogene	120	89	86	13.5152	3.9588	3.8120
ENSG00000243680.1	RPL37P23	processed_pseudogene	17	12	5	4.9104	1.4383	1.3850
ENSG00000243686.2	RPLP1P11	processed_pseudogene	0	0	0	0.0000	0.0000	0.0000
ENSG00000243687.1	RPL35AP10	processed_pseudogene	1	0	1	0.2566	0.0751	0.0724
ENSG00000243694.3	LINC02027	lncRNA	0	0	0	0.0000	0.0000	0.0000
ENSG00000243695.1	AL353729.1	processed_pseudogene	0	0	0	0.0000	0.0000	0.0000
ENSG00000243696.5	AC006254.1	protein_coding	8	3	5	0.1073	0.0314	0.0303
ENSG00000243697.1	AC009108.1	processed_pseudogene	3	1	2	0.3201	0.0937	0.0903
ENSG00000243700.3	RN7SL598P	misc_RNA	0	0	0	0.0000	0.0000	0.0000
ENSG00000243701.7	DUBR	lncRNA	599	294	305	3.3199	0.9724	0.9364
ENSG00000243702.3	RN7SL638P	misc_RNA	0	0	0	0.0000	0.0000	0.0000
ENSG00000243704.3	RN7SL105P	misc_RNA	0	0	0	0.0000	0.0000	0.0000
ENSG00000243705.1	AC010531.2	processed_pseudogene	0	0	0	0.0000	0.0000	0.0000
ENSG00000243708.10	PLA2G4B	protein_coding	2	2	0	0.0382	0.0112	0.0108
ENSG00000243709.1	LEFTY1	protein_coding	0	0	0	0.0000	0.0000	0.0000
ENSG00000243710.8	CFAP57	protein_coding	4	3	2	0.0608	0.0178	0.0172
ENSG00000243711.1	RPL21P116	processed_pseudogene	3	1	2	0.5275	0.1545	0.1488
ENSG00000243715.1	CACNA2D3-AS1	lncRNA	0	0	0	0.0000	0.0000	0.0000
ENSG00000243716.10	NPIPB5	protein_coding	49	29	23	0.4159	0.1218	0.1173
ENSG00000243720.1	RPL21P127	processed_pseudogene	0	0	0	0.0000	0.0000	0.0000
ENSG00000243721.1	RPL23AP63	processed_pseudogene	0	0	0	0.0000	0.0000	0.0000
ENSG00000243723.3	RN7SL393P	misc_RNA	0	0	0	0.0000	0.0000	0.0000
ENSG00000243725.7	TTC4	protein_coding	27	16	11	0.6574	0.1925	0.1854
ENSG00000243729.4	OR5V1	protein_coding	0	0	0	0.0000	0.0000	0.0000
ENSG00000243730.2	RPL29P3	processed_pseudogene	0	0	0	0.0000	0.0000	0.0000
ENSG00000243733.1	AC018450.2	lncRNA	0	0	0	0.0000	0.0000	0.0000
ENSG00000243738.3	RN7SL181P	misc_RNA	0	0	0	0.0000	0.0000	0.0000
ENSG00000243742.5	RPLP0P2	transcribed_processed_pseudogene	889	444	446	19.3129	5.6571	5.4473
ENSG00000243744.2	AC016546.1	processed_pseudogene	1	1	0	0.1834	0.0537	0.0517
ENSG00000243746.1	EEF1A1P10	processed_pseudogene	23	10	13	1.4052	0.4116	0.3963
ENSG00000243749.1	TMEM35B	protein_coding	0	0	0	0.0000	0.0000	0.0000
ENSG00000243753.5	HLA-L	transcribed_unprocessed_pseudogene	39	50	54	0.6016	0.1762	0.1697
ENSG00000243758.1	RPL35AP15	processed_pseudogene	11	4	7	2.7555	0.8071	0.7772
ENSG00000243759.1	ST13P15	processed_pseudogene	20	9	11	1.5342	0.4494	0.4327
ENSG00000243761.1	AC023194.2	processed_pseudogene	1	1	0	0.2092	0.0613	0.0590
ENSG00000243762.1	AC006547.2	lncRNA	0	121	128	0.0000	0.0000	0.0000
ENSG00000243766.8	HOTTIP	lncRNA	0	3	0	0.0000	0.0000	0.0000
ENSG00000243770.3	RN7SL65P	misc_RNA	0	0	0	0.0000	0.0000	0.0000
ENSG00000243771.1	AC010618.1	processed_pseudogene	0	0	0	0.0000	0.0000	0.0000
ENSG00000243772.8	KIR2DL3	protein_coding	9	4	5	0.4801	0.1406	0.1354
ENSG00000243775.2	OSTCP1	transcribed_processed_pseudogene	2	2	0	0.1385	0.0406	0.0391
ENSG00000243777.1	AP000942.1	processed_pseudogene	1	1	0	0.1137	0.0333	0.0321
ENSG00000243779.1	AP001086.1	processed_pseudogene	3	3	0	0.7936	0.2325	0.2239
ENSG00000243780.1	AC092754.2	processed_pseudogene	0	0	0	0.0000	0.0000	0.0000
ENSG00000243781.1	AL590396.1	transcribed_processed_pseudogene	0	0	0	0.0000	0.0000	0.0000
ENSG00000243782.3	RN7SL78P	misc_RNA	0	0	0	0.0000	0.0000	0.0000
ENSG00000243789.11	JMJD7	protein_coding	0	0	0	0.0000	0.0000	0.0000
ENSG00000243792.1	OR7E89P	transcribed_unprocessed_pseudogene	0	0	0	0.0000	0.0000	0.0000
ENSG00000243794.1	SNRPCP10	processed_pseudogene	0	0	0	0.0000	0.0000	0.0000
ENSG00000243795.1	LINC02044	lncRNA	1	0	1	0.0339	0.0099	0.0096
ENSG00000243797.6	AC004917.1	lncRNA	10	3	7	0.4079	0.1195	0.1150
ENSG00000243799.1	PEX5L-AS1	lncRNA	0	0	0	0.0000	0.0000	0.0000
ENSG00000243801.3	RN7SL461P	misc_RNA	0	0	0	0.0000	0.0000	0.0000
ENSG00000243802.2	AC090589.1	processed_pseudogene	14	10	5	3.2842	0.9620	0.9263
ENSG00000243806.1	RPL7P18	processed_pseudogene	1	0	1	0.1157	0.0339	0.0326
ENSG00000243810.1	CFAP61-AS1	lncRNA	0	0	0	0.0000	0.0000	0.0000
ENSG00000243811.11	APOBEC3D	protein_coding	57	29	28	1.9140	0.5606	0.5399
ENSG00000243813.1	AC078857.1	processed_pseudogene	0	0	0	0.0000	0.0000	0.0000
ENSG00000243817.3	RN7SL189P	misc_RNA	0	0	0	0.0000	0.0000	0.0000
ENSG00000243818.5	AC021074.3	lncRNA	0	0	0	0.0000	0.0000	0.0000
ENSG00000243819.4	RN7SL832P	lncRNA	14	6	8	0.6770	0.1983	0.1910
ENSG00000243822.1	AC073522.1	processed_pseudogene	0	0	0	0.0000	0.0000	0.0000
ENSG00000243824.1	RPL12P6	processed_pseudogene	4	2	2	0.6821	0.1998	0.1924
ENSG00000243828.2	AL355357.1	transcribed_processed_pseudogene	2	2	0	0.1632	0.0478	0.0460
ENSG00000243829.1	AC011495.1	processed_pseudogene	28	15	13	4.0715	1.1926	1.1484
ENSG00000243830.2	AC092865.1	processed_pseudogene	1	0	1	0.1381	0.0404	0.0389
ENSG00000243831.1	AL109933.2	unprocessed_pseudogene	0	0	0	0.0000	0.0000	0.0000
ENSG00000243832.1	LINC02000	lncRNA	0	0	0	0.0000	0.0000	0.0000
ENSG00000243836.5	WDR86-AS1	lncRNA	6	3	4	0.3763	0.1102	0.1061
ENSG00000243838.1	PSMC1P7	processed_pseudogene	1	1	0	0.0646	0.0189	0.0182
ENSG00000243844.1	RPL17P33	processed_pseudogene	0	0	0	0.0000	0.0000	0.0000
ENSG00000243845.3	RN7SL30P	misc_RNA	0	0	0	0.0000	0.0000	0.0000
ENSG00000243847.3	RN7SL610P	misc_RNA	0	0	0	0.0000	0.0000	0.0000
ENSG00000243849.2	CFAP44-AS1	lncRNA	0	1	0	0.0000	0.0000	0.0000
ENSG00000243853.1	ALDH7A1P3	processed_pseudogene	0	0	0	0.0000	0.0000	0.0000
ENSG00000243854.3	RN7SL67P	misc_RNA	8	3	5	2.2951	0.6723	0.6474
ENSG00000243855.1	RPL12P5	processed_pseudogene	0	0	0	0.0000	0.0000	0.0000
ENSG00000243856.3	RN7SL551P	misc_RNA	0	0	0	0.0000	0.0000	0.0000
ENSG00000243859.3	RPL5P17	processed_pseudogene	2	1	1	0.1937	0.0567	0.0546
ENSG00000243861.1	AC092994.1	lncRNA	0	0	0	0.0000	0.0000	0.0000
ENSG00000243864.1	RPS3AP50	processed_pseudogene	0	0	0	0.0000	0.0000	0.0000
ENSG00000243870.3	RN7SL236P	misc_RNA	0	0	0	0.0000	0.0000	0.0000
ENSG00000243871.3	RN7SL487P	misc_RNA	0	0	1	0.0000	0.0000	0.0000
ENSG00000243872.3	RN7SL464P	misc_RNA	0	0	0	0.0000	0.0000	0.0000
ENSG00000243873.1	HMGB1P36	processed_pseudogene	0	0	0	0.0000	0.0000	0.0000
ENSG00000243877.1	HMGB1P38	processed_pseudogene	0	0	0	0.0000	0.0000	0.0000
ENSG00000243883.3	RN7SL419P	misc_RNA	0	0	0	0.0000	0.0000	0.0000
ENSG00000243885.1	AC108751.4	lncRNA	0	0	0	0.0000	0.0000	0.0000
ENSG00000243886.1	AC117440.1	processed_pseudogene	0	0	0	0.0000	0.0000	0.0000
ENSG00000243888.1	AL355140.1	lncRNA	0	0	0	0.0000	0.0000	0.0000
ENSG00000243889.1	TRBV8-1	TR_V_pseudogene	0	0	0	0.0000	0.0000	0.0000
ENSG00000243894.1	RPS3AP16	processed_pseudogene	1	0	1	0.1087	0.0318	0.0307
ENSG00000243896.4	OR2A7	protein_coding	1	1	0	0.0395	0.0116	0.0111
ENSG00000243900.3	RN7SL320P	misc_RNA	0	0	0	0.0000	0.0000	0.0000
ENSG00000243902.6	ELFN2	lncRNA	0	0	0	0.0000	0.0000	0.0000
ENSG00000243903.1	AC138057.1	lncRNA	2	2	0	0.2440	0.0715	0.0688
ENSG00000243904.1	RPSAP5	processed_pseudogene	7	3	4	0.6724	0.1970	0.1897
ENSG00000243905.3	RN7SL679P	misc_RNA	0	0	0	0.0000	0.0000	0.0000
ENSG00000243910.8	TUBA4B	protein_coding	3	1	3	0.1510	0.0442	0.0426
ENSG00000243911.3	RN7SL430P	misc_RNA	0	0	0	0.0000	0.0000	0.0000
ENSG00000243914.1	RPL5P14	processed_pseudogene	0	0	0	0.0000	0.0000	0.0000
ENSG00000243915.1	THAP12P2	processed_pseudogene	0	0	0	0.0000	0.0000	0.0000
ENSG00000243916.1	AC092183.1	processed_pseudogene	0	0	0	0.0000	0.0000	0.0000
ENSG00000243918.1	EIF4BP8	processed_pseudogene	0	0	0	0.0000	0.0000	0.0000
ENSG00000243920.2	RPS26P24	processed_pseudogene	0	0	0	0.0000	0.0000	0.0000
ENSG00000243925.1	RPS24P18	processed_pseudogene	0	0	0	0.0000	0.0000	0.0000
ENSG00000243926.2	TIPARP-AS1	lncRNA	26	17	9	1.6701	0.4892	0.4711
ENSG00000243927.6	MRPS6	protein_coding	2720	1372	1348	54.0565	15.8340	15.2470
ENSG00000243929.1	AC104784.1	processed_pseudogene	0	0	0	0.0000	0.0000	0.0000
ENSG00000243930.1	RPS12P21	processed_pseudogene	0	0	0	0.0000	0.0000	0.0000
ENSG00000243939.1	AC090142.2	processed_pseudogene	0	0	0	0.0000	0.0000	0.0000
ENSG00000243943.10	ZNF512	protein_coding	894	442	452	17.2543	5.0541	4.8667
ENSG00000243944.5	AC117386.2	lncRNA	3	1	2	0.2469	0.0723	0.0696
ENSG00000243945.1	AC078918.1	processed_pseudogene	0	0	0	0.0000	0.0000	0.0000
ENSG00000243951.1	RN7SL308P	misc_RNA	0	0	0	0.0000	0.0000	0.0000
ENSG00000243953.1	AC073359.1	lncRNA	0	0	0	0.0000	0.0000	0.0000
ENSG00000243954.3	RN7SL743P	misc_RNA	0	0	0	0.0000	0.0000	0.0000
ENSG00000243955.6	GSTA1	protein_coding	1	0	1	0.0673	0.0197	0.0190
ENSG00000243957.3	RN7SL647P	misc_RNA	0	0	0	0.0000	0.0000	0.0000
ENSG00000243959.3	RN7SL684P	misc_RNA	2	2	0	0.5777	0.1692	0.1629
ENSG00000243960.1	AL390195.1	lncRNA	0	0	0	0.0000	0.0000	0.0000
ENSG00000243961.2	PARAL1	lncRNA	0	0	0	0.0000	0.0000	0.0000
ENSG00000243964.1	RPL23AP65	processed_pseudogene	31	6	25	5.6251	1.6477	1.5866
ENSG00000243967.4	NBPF5P	transcribed_unprocessed_pseudogene	0	0	0	0.0000	0.0000	0.0000
ENSG00000243968.2	RN7SL402P	misc_RNA	0	0	0	0.0000	0.0000	0.0000
ENSG00000243969.1	AC073359.2	lncRNA	0	0	0	0.0000	0.0000	0.0000
ENSG00000243970.3	PPIEL	transcribed_unprocessed_pseudogene	54	52	53	0.8467	0.2480	0.2388
ENSG00000243974.1	VTI1BP1	processed_pseudogene	7	4	3	0.8492	0.2487	0.2395
ENSG00000243976.2	RN7SL523P	misc_RNA	0	0	0	0.0000	0.0000	0.0000
ENSG00000243977.1	H3P13	processed_pseudogene	2	1	1	0.2402	0.0704	0.0678
ENSG00000243978.8	RTL9	protein_coding	45	23	22	0.6912	0.2025	0.1949
ENSG00000243979.2	AC087752.1	processed_pseudogene	1	0	1	0.1522	0.0446	0.0429
ENSG00000243980.3	RN7SL702P	misc_RNA	0	0	0	0.0000	0.0000	0.0000
ENSG00000243981.4	AC064862.6	transcribed_processed_pseudogene	0	0	0	0.0000	0.0000	0.0000
ENSG00000243986.2	ENO1P3	processed_pseudogene	0	0	0	0.0000	0.0000	0.0000
ENSG00000243988.1	RPS24P17	processed_pseudogene	1	0	1	0.2008	0.0588	0.0566
ENSG00000243989.9	ACY1	protein_coding	3	1	2	0.0539	0.0158	0.0152
ENSG00000243991.3	RN7SL447P	misc_RNA	0	0	0	0.0000	0.0000	0.0000
ENSG00000243995.3	AL035660.2	transcribed_unprocessed_pseudogene	0	0	0	0.0000	0.0000	0.0000
ENSG00000244000.1	AC006366.1	processed_pseudogene	0	0	0	0.0000	0.0000	0.0000
ENSG00000244002.1	RPSAP39	processed_pseudogene	0	0	0	0.0000	0.0000	0.0000
ENSG00000244003.3	RN7SL143P	misc_RNA	0	0	0	0.0000	0.0000	0.0000
ENSG00000244004.1	RPS3AP19	processed_pseudogene	0	0	0	0.0000	0.0000	0.0000
ENSG00000244005.13	NFS1	protein_coding	833	435	408	11.7448	3.4402	3.3127
ENSG00000244006.3	RN7SL799P	misc_RNA	0	0	0	0.0000	0.0000	0.0000
ENSG00000244009.1	B3GAT3P1	processed_pseudogene	6	3	3	0.6322	0.1852	0.1783
ENSG00000244018.1	RPL35P6	processed_pseudogene	4	4	0	0.9131	0.2675	0.2576
ENSG00000244019.1	RPS2P24	processed_pseudogene	2	1	3	0.1952	0.0572	0.0551
ENSG00000244020.3	MT1HL1	protein_coding	0	0	0	0.0000	0.0000	0.0000
ENSG00000244021.4	AC093591.1	processed_pseudogene	7	1	8	1.2358	0.3620	0.3486
ENSG00000244024.1	LARP7P4	processed_pseudogene	0	0	0	0.0000	0.0000	0.0000
ENSG00000244025.5	KRTAP19-3	protein_coding	0	0	0	0.0000	0.0000	0.0000
ENSG00000244026.6	FAM86DP	transcribed_unprocessed_pseudogene	476	285	247	11.1479	3.2654	3.1443
ENSG00000244031.3	RPS3AP17	processed_pseudogene	0	0	0	0.0000	0.0000	0.0000
ENSG00000244033.3	RN7SL228P	misc_RNA	0	0	0	0.0000	0.0000	0.0000
ENSG00000244034.3	RN7SL424P	misc_RNA	0	0	0	0.0000	0.0000	0.0000
ENSG00000244036.3	AC073320.1	lncRNA	2	100	97	0.1108	0.0325	0.0312
ENSG00000244038.11	DDOST	protein_coding	17079	7896	9184	533.0233	156.1309	150.3423
ENSG00000244039.1	AC008040.2	processed_pseudogene	0	0	0	0.0000	0.0000	0.0000
ENSG00000244040.7	IL12A-AS1	lncRNA	0	1	3	0.0000	0.0000	0.0000
ENSG00000244041.7	LINC01011	lncRNA	18	10	17	0.5438	0.1593	0.1534
ENSG00000244043.1	RPS27P27	processed_pseudogene	0	0	0	0.0000	0.0000	0.0000
ENSG00000244044.3	RN7SL735P	misc_RNA	0	0	0	0.0000	0.0000	0.0000
ENSG00000244045.13	TMEM199	protein_coding	415	537	520	7.7302	2.2643	2.1803
ENSG00000244048.1	RPS18P6	processed_pseudogene	0	0	0	0.0000	0.0000	0.0000
ENSG00000244050.2	DEFB109F	transcribed_unprocessed_pseudogene	1	11	5	0.1381	0.0404	0.0389
ENSG00000244052.1	RPL5P24	processed_pseudogene	6	3	3	0.5757	0.1686	0.1624
ENSG00000244053.1	RPL13AP2	processed_pseudogene	8	5	3	1.2818	0.3755	0.3615
ENSG00000244055.2	AC007566.1	lncRNA	25	177	188	0.3731	0.1093	0.1052
ENSG00000244056.3	RN7SL417P	misc_RNA	33	17	16	10.5750	3.0976	2.9827
ENSG00000244057.4	LCE3C	protein_coding	0	0	0	0.0000	0.0000	0.0000
ENSG00000244060.2	RPS2P41	processed_pseudogene	0	0	0	0.0000	0.0000	0.0000
ENSG00000244061.1	AC093278.1	processed_pseudogene	1	1	0	0.1415	0.0415	0.0399
ENSG00000244062.1	AC080128.1	processed_pseudogene	0	0	0	0.0000	0.0000	0.0000
ENSG00000244063.1	AC104653.2	lncRNA	0	0	0	0.0000	0.0000	0.0000
ENSG00000244065.1	MARK2P17	processed_pseudogene	0	0	0	0.0000	0.0000	0.0000
ENSG00000244066.3	RN7SL148P	misc_RNA	0	0	0	0.0000	0.0000	0.0000
ENSG00000244067.3	GSTA2	protein_coding	2	0	2	0.1391	0.0407	0.0392
ENSG00000244071.1	RPL9P33	processed_pseudogene	0	0	0	0.0000	0.0000	0.0000
ENSG00000244073.1	RPS4XP6	processed_pseudogene	9	5	4	0.9590	0.2809	0.2705
ENSG00000244076.1	AC026410.2	processed_pseudogene	4	2	2	2.1774	0.6378	0.6142
ENSG00000244080.3	RN7SL833P	misc_RNA	0	0	0	0.0000	0.0000	0.0000
ENSG00000244081.1	AL591379.2	unprocessed_pseudogene	0	0	0	0.0000	0.0000	0.0000
ENSG00000244083.1	AC021205.2	processed_pseudogene	0	0	0	0.0000	0.0000	0.0000
ENSG00000244086.1	AC110749.1	processed_pseudogene	2	2	0	0.4757	0.1394	0.1342
ENSG00000244088.1	RPL23AP44	processed_pseudogene	1	1	0	0.1795	0.0526	0.0506
ENSG00000244089.1	HMGB1P30	processed_pseudogene	0	0	0	0.0000	0.0000	0.0000
ENSG00000244091.1	RN7SL483P	misc_RNA	0	0	0	0.0000	0.0000	0.0000
ENSG00000244094.2	SPRR2F	protein_coding	0	0	0	0.0000	0.0000	0.0000
ENSG00000244097.1	RPS4XP17	processed_pseudogene	6	2	4	0.6758	0.1979	0.1906
ENSG00000244099.1	RPS23P3	processed_pseudogene	0	0	0	0.0000	0.0000	0.0000
ENSG00000244101.1	HMGN1P10	processed_pseudogene	0	0	0	0.0000	0.0000	0.0000
ENSG00000244104.3	RN7SL659P	misc_RNA	1	1	0	0.2840	0.0832	0.0801
ENSG00000244107.3	RN7SL250P	misc_RNA	0	0	0	0.0000	0.0000	0.0000
ENSG00000244112.3	RN7SL508P	misc_RNA	0	0	0	0.0000	0.0000	0.0000
ENSG00000244113.1	AC079193.1	processed_pseudogene	0	0	0	0.0000	0.0000	0.0000
ENSG00000244115.1	DNAJC25-GNG10	protein_coding	0	0	0	0.0000	0.0000	0.0000
ENSG00000244116.3	IGKV2-28	IG_V_gene	6	5	1	1.3065	0.3827	0.3685
ENSG00000244119.1	PDCL3P4	processed_pseudogene	23	13	10	2.7127	0.7946	0.7651
ENSG00000244122.2	UGT1A7	protein_coding	0	0	0	0.0000	0.0000	0.0000
ENSG00000244124.1	ATP1B3-AS1	lncRNA	7	2	5	1.5810	0.4631	0.4459
ENSG00000244125.1	AC078882.1	lncRNA	0	0	0	0.0000	0.0000	0.0000
ENSG00000244128.7	LINC01322	lncRNA	0	0	0	0.0000	0.0000	0.0000
ENSG00000244130.1	UBE2Q2P9	processed_pseudogene	0	0	0	0.0000	0.0000	0.0000
ENSG00000244131.2	RPSAP51	processed_pseudogene	0	0	0	0.0000	0.0000	0.0000
ENSG00000244134.1	RPS12P20	processed_pseudogene	1	0	1	0.2235	0.0655	0.0630
ENSG00000244137.1	AL512328.1	lncRNA	1	0	1	0.0631	0.0185	0.0178
ENSG00000244139.3	RN7SL397P	misc_RNA	0	0	0	0.0000	0.0000	0.0000
ENSG00000244142.1	ATP6V0CP2	processed_pseudogene	0	0	0	0.0000	0.0000	0.0000
ENSG00000244144.1	AC128688.1	processed_pseudogene	0	0	0	0.0000	0.0000	0.0000
ENSG00000244146.1	AC106872.3	processed_pseudogene	1	0	1	0.1904	0.0558	0.0537
ENSG00000244151.1	AC010973.2	lncRNA	1	1406	1373	0.0690	0.0202	0.0195
ENSG00000244153.1	WWP1P1	processed_pseudogene	5	3	2	0.1533	0.0449	0.0433
ENSG00000244155.1	CYP4F34P	unprocessed_pseudogene	0	0	0	0.0000	0.0000	0.0000
ENSG00000244157.1	EIF4E2P2	processed_pseudogene	0	0	0	0.0000	0.0000	0.0000
ENSG00000244158.1	CALHM6-AS1	lncRNA	0	50	54	0.0000	0.0000	0.0000
ENSG00000244159.1	RPS27AP13	processed_pseudogene	3	0	3	1.0749	0.3149	0.3032
ENSG00000244161.1	FLNB-AS1	lncRNA	5	198	264	0.1145	0.0335	0.0323
ENSG00000244165.2	P2RY11	protein_coding	31	460	508	1.2302	0.3603	0.3470
ENSG00000244167.1	AC005532.2	processed_pseudogene	1	0	1	0.2277	0.0667	0.0642
ENSG00000244169.3	RN7SL120P	misc_RNA	0	0	0	0.0000	0.0000	0.0000
ENSG00000244171.4	PBX2P1	processed_pseudogene	7	1	6	0.4605	0.1349	0.1299
ENSG00000244176.1	AP003733.1	processed_pseudogene	6	3	3	0.5980	0.1752	0.1687
ENSG00000244183.1	PPIAP71	processed_pseudogene	0	0	0	0.0000	0.0000	0.0000
ENSG00000244184.1	AC091153.3	lncRNA	4	7	6	0.7197	0.2108	0.2030
ENSG00000244187.8	TMEM141	protein_coding	262	127	135	14.6956	4.3046	4.1450
ENSG00000244192.1	AC113367.1	processed_pseudogene	1	0	1	0.1596	0.0468	0.0450
ENSG00000244193.1	AC008040.3	transcribed_processed_pseudogene	0	0	0	0.0000	0.0000	0.0000
ENSG00000244194.3	RN7SL218P	misc_RNA	0	0	0	0.0000	0.0000	0.0000
ENSG00000244196.1	PPIAP15	processed_pseudogene	6	5	1	1.0527	0.3084	0.2969
ENSG00000244197.3	RN7SL766P	misc_RNA	0	0	0	0.0000	0.0000	0.0000
ENSG00000244198.7	ARHGEF35-AS1	lncRNA	8	6	9	0.0715	0.0209	0.0202
ENSG00000244199.1	EIF4EP3	processed_pseudogene	1	0	1	0.1295	0.0379	0.0365
ENSG00000244203.2	FOXP1-AS1	lncRNA	0	0	0	0.0000	0.0000	0.0000
ENSG00000244213.1	ZFAND6P1	processed_pseudogene	0	0	0	0.0000	0.0000	0.0000
ENSG00000244215.2	LINC02016	lncRNA	0	0	0	0.0000	0.0000	0.0000
ENSG00000244217.1	RPS4XP10	processed_pseudogene	0	0	0	0.0000	0.0000	0.0000
ENSG00000244218.3	RN7SL81P	misc_RNA	9	4	5	2.9283	0.8577	0.8259
ENSG00000244219.7	TMEM225B	protein_coding	6	4	2	0.3536	0.1036	0.0997
ENSG00000244222.2	OR7E121P	unprocessed_pseudogene	0	0	0	0.0000	0.0000	0.0000
ENSG00000244226.1	ILF2P1	processed_pseudogene	1	1	0	0.0727	0.0213	0.0205
ENSG00000244227.7	LRRC77P	transcribed_unitary_pseudogene	1	0	1	0.0158	0.0046	0.0044
ENSG00000244229.1	RPL26P35	processed_pseudogene	0	0	0	0.0000	0.0000	0.0000
ENSG00000244230.3	RN7SL151P	misc_RNA	0	0	0	0.0000	0.0000	0.0000
ENSG00000244231.1	CSPG4P2Y	lncRNA	0	0	0	0.0000	0.0000	0.0000
ENSG00000244232.3	RN7SL698P	misc_RNA	0	0	0	0.0000	0.0000	0.0000
ENSG00000244234.3	GMCL2	protein_coding	1	0	1	0.0296	0.0087	0.0084
ENSG00000244235.2	AC103724.1	processed_pseudogene	0	0	0	0.0000	0.0000	0.0000
ENSG00000244236.3	RN7SL604P	misc_RNA	0	0	0	0.0000	0.0000	0.0000
ENSG00000244237.1	AL133445.1	processed_pseudogene	0	0	0	0.0000	0.0000	0.0000
ENSG00000244239.1	AC007009.1	lncRNA	0	0	0	0.0000	0.0000	0.0000
ENSG00000244242.2	IFITM10	protein_coding	12	9	3	0.2127	0.0623	0.0600
ENSG00000244244.2	RPS3AP42	processed_pseudogene	0	0	0	0.0000	0.0000	0.0000
ENSG00000244245.1	AC133134.1	processed_pseudogene	21	12	9	4.9675	1.4551	1.4011
ENSG00000244246.1	ZNF736P8Y	processed_pseudogene	0	0	0	0.0000	0.0000	0.0000
ENSG00000244247.2	LINC01995	lncRNA	6	2	4	0.5636	0.1651	0.1590
ENSG00000244249.1	AC063955.1	processed_pseudogene	0	0	0	0.0000	0.0000	0.0000
ENSG00000244251.1	AC013356.1	processed_pseudogene	9	6	3	1.3551	0.3969	0.3822
ENSG00000244253.1	RPS29P24	processed_pseudogene	0	0	0	0.0000	0.0000	0.0000
ENSG00000244255.5	AL645922.1	protein_coding	0	0	0	0.0000	0.0000	0.0000
ENSG00000244256.3	RN7SL130P	misc_RNA	4	2	2	1.1137	0.3262	0.3141
ENSG00000244257.5	PKD1P1	unprocessed_pseudogene	0	0	0	0.0000	0.0000	0.0000
ENSG00000244259.1	AP000797.2	processed_pseudogene	1	1	0	0.1401	0.0410	0.0395
ENSG00000244260.2	AC082651.4	lncRNA	0	0	0	0.0000	0.0000	0.0000
ENSG00000244264.3	RN7SL597P	misc_RNA	0	0	0	0.0000	0.0000	0.0000
ENSG00000244265.2	SIAH2-AS1	lncRNA	1	31	25	0.0208	0.0061	0.0059
ENSG00000244266.1	AC090058.1	processed_pseudogene	1	1	0	0.1952	0.0572	0.0551
ENSG00000244267.1	RPL34P22	processed_pseudogene	0	0	0	0.0000	0.0000	0.0000
ENSG00000244268.1	AC117394.2	lncRNA	2	2	0	0.5258	0.1540	0.1483
ENSG00000244270.1	RPL32P29	processed_pseudogene	0	0	0	0.0000	0.0000	0.0000
ENSG00000244273.1	PGBD4P1	processed_pseudogene	2	1	1	0.4173	0.1222	0.1177
ENSG00000244274.8	DBNDD2	protein_coding	7	3	5	0.2151	0.0630	0.0607
ENSG00000244278.1	AP000235.1	lncRNA	0	0	0	0.0000	0.0000	0.0000
ENSG00000244280.1	ECEL1P2	transcribed_unprocessed_pseudogene	0	0	1	0.0000	0.0000	0.0000
ENSG00000244281.1	AC107302.1	processed_pseudogene	0	0	0	0.0000	0.0000	0.0000
ENSG00000244283.1	RPL23AP73	processed_pseudogene	0	0	0	0.0000	0.0000	0.0000
ENSG00000244286.1	ITGB5-AS1	lncRNA	0	0	0	0.0000	0.0000	0.0000
ENSG00000244289.1	RPS3AP35	processed_pseudogene	0	0	0	0.0000	0.0000	0.0000
ENSG00000244292.1	OR9N1P	transcribed_unprocessed_pseudogene	0	0	0	0.0000	0.0000	0.0000
ENSG00000244294.3	RN7SL740P	misc_RNA	0	0	0	0.0000	0.0000	0.0000
ENSG00000244295.2	RPS20P21	processed_pseudogene	0	0	0	0.0000	0.0000	0.0000
ENSG00000244296.3	RN7SL168P	misc_RNA	0	0	0	0.0000	0.0000	0.0000
ENSG00000244297.3	RN7SL465P	misc_RNA	0	0	0	0.0000	0.0000	0.0000
ENSG00000244300.3	GATA2-AS1	lncRNA	17	11	6	0.4970	0.1456	0.1402
ENSG00000244301.6	AOX3P	transcribed_unprocessed_pseudogene	0	0	0	0.0000	0.0000	0.0000
ENSG00000244302.2	PEX5L-AS2	lncRNA	0	0	0	0.0000	0.0000	0.0000
ENSG00000244306.11	DUXAP10	transcribed_processed_pseudogene	22	16	7	0.1518	0.0445	0.0428
ENSG00000244307.3	RN7SL395P	misc_RNA	0	0	0	0.0000	0.0000	0.0000
ENSG00000244308.2	RN7SL762P	misc_RNA	0	0	0	0.0000	0.0000	0.0000
ENSG00000244310.2	AC093904.3	lncRNA	8	5	3	0.5578	0.1634	0.1573
ENSG00000244313.3	AC024293.1	processed_pseudogene	143	68	75	24.3848	7.1427	6.8779
ENSG00000244314.3	RN7SL36P	misc_RNA	0	0	0	0.0000	0.0000	0.0000
ENSG00000244318.3	RN7SL252P	misc_RNA	0	0	0	0.0000	0.0000	0.0000
ENSG00000244321.1	LINC01326	lncRNA	0	0	0	0.0000	0.0000	0.0000
ENSG00000244326.3	RN7SL814P	misc_RNA	0	0	0	0.0000	0.0000	0.0000
ENSG00000244327.1	AC109992.2	lncRNA	1	1	0	0.1110	0.0325	0.0313
ENSG00000244328.3	RN7SL845P	misc_RNA	0	0	0	0.0000	0.0000	0.0000
ENSG00000244329.1	UBA52P9	processed_pseudogene	0	0	0	0.0000	0.0000	0.0000
ENSG00000244331.1	AC008677.2	processed_pseudogene	0	0	0	0.0000	0.0000	0.0000
ENSG00000244332.1	AL138759.1	lncRNA	0	0	0	0.0000	0.0000	0.0000
ENSG00000244335.3	RN7SL687P	misc_RNA	0	0	0	0.0000	0.0000	0.0000
ENSG00000244337.2	AJ239322.2	lncRNA	0	2	4	0.0000	0.0000	0.0000
ENSG00000244342.5	LINC00698	lncRNA	44	20	24	1.3612	0.3987	0.3839
ENSG00000244345.1	AC104435.2	lncRNA	1	0	1	0.0981	0.0287	0.0277
ENSG00000244346.1	AC092953.1	processed_pseudogene	3	1	2	0.4692	0.1374	0.1323
ENSG00000244349.1	AL662791.1	lncRNA	2	1	1	0.5358	0.1569	0.1511
ENSG00000244355.7	LY6G6D	protein_coding	0	0	0	0.0000	0.0000	0.0000
ENSG00000244356.3	RN7SL398P	misc_RNA	0	0	0	0.0000	0.0000	0.0000
ENSG00000244357.3	RN7SL145P	misc_RNA	2	1	1	0.5738	0.1681	0.1618
ENSG00000244358.1	AC055758.2	lncRNA	0	0	0	0.0000	0.0000	0.0000
ENSG00000244361.1	RPL30P7	processed_pseudogene	3	0	3	0.7887	0.2310	0.2225
ENSG00000244362.3	KRTAP19-7	protein_coding	0	0	0	0.0000	0.0000	0.0000
ENSG00000244363.3	RPL7P23	processed_pseudogene	37	17	20	4.2062	1.2321	1.1864
ENSG00000244371.2	PFN1P8	processed_pseudogene	0	0	0	0.0000	0.0000	0.0000
ENSG00000244372.3	RN7SL423P	misc_RNA	0	0	0	0.0000	0.0000	0.0000
ENSG00000244376.3	RN7SL636P	misc_RNA	1	1	0	0.2888	0.0846	0.0815
ENSG00000244378.1	RPS2P45	transcribed_processed_pseudogene	0	0	0	0.0000	0.0000	0.0000
ENSG00000244380.1	AC134772.1	lncRNA	0	152	182	0.0000	0.0000	0.0000
ENSG00000244381.1	SDHDP3	processed_pseudogene	0	0	0	0.0000	0.0000	0.0000
ENSG00000244383.2	FAM3D-AS1	lncRNA	0	0	1	0.0000	0.0000	0.0000
ENSG00000244384.3	RN7SL359P	misc_RNA	0	0	0	0.0000	0.0000	0.0000
ENSG00000244389.3	RN7SL242P	misc_RNA	0	0	0	0.0000	0.0000	0.0000
ENSG00000244390.2	RPS6P22	processed_pseudogene	0	0	0	0.0000	0.0000	0.0000
ENSG00000244391.3	RN7SL330P	misc_RNA	0	0	0	0.0000	0.0000	0.0000
ENSG00000244392.3	RN7SL869P	misc_RNA	0	0	0	0.0000	0.0000	0.0000
ENSG00000244395.6	RBMY1D	protein_coding	0	0	0	0.0000	0.0000	0.0000
ENSG00000244398.1	AC116533.1	processed_pseudogene	275	129	146	72.7512	21.3100	20.5199
ENSG00000244399.3	RN7SL251P	misc_RNA	0	0	0	0.0000	0.0000	0.0000
ENSG00000244400.2	RPS4XP12	processed_pseudogene	0	0	0	0.0000	0.0000	0.0000
ENSG00000244402.3	RN7SL314P	misc_RNA	0	0	0	0.0000	0.0000	0.0000
ENSG00000244404.3	RN7SL216P	misc_RNA	0	0	0	0.0000	0.0000	0.0000
ENSG00000244405.8	ETV5	protein_coding	19389	9702	9691	285.2109	83.5427	80.4454
ENSG00000244411.4	KRTAP5-7	protein_coding	2	1	1	0.1211	0.0355	0.0341
ENSG00000244413.1	RPL23AP56	processed_pseudogene	0	0	0	0.0000	0.0000	0.0000
ENSG00000244414.7	CFHR1	protein_coding	0	0	0	0.0000	0.0000	0.0000
ENSG00000244422.3	RPL38P3	processed_pseudogene	0	0	0	0.0000	0.0000	0.0000
ENSG00000244425.3	RN7SL268P	misc_RNA	8	2	6	2.2797	0.6678	0.6430
ENSG00000244427.1	RPS3AP31	processed_pseudogene	0	0	0	0.0000	0.0000	0.0000
ENSG00000244429.1	AC104629.1	processed_pseudogene	0	0	0	0.0000	0.0000	0.0000
ENSG00000244432.2	RPL39P28	processed_pseudogene	1	0	1	0.5479	0.1605	0.1545
ENSG00000244436.2	AC023050.1	processed_pseudogene	1	0	1	0.2793	0.0818	0.0788
ENSG00000244437.1	IGKV3-15	IG_V_gene	5285	2697	2607	1015.3949	297.4251	286.3981
ENSG00000244441.1	AC126182.2	processed_pseudogene	0	0	0	0.0000	0.0000	0.0000
ENSG00000244451.1	RPL34P21	processed_pseudogene	0	0	0	0.0000	0.0000	0.0000
ENSG00000244456.2	SPECC1P2	transcribed_unprocessed_pseudogene	0	0	0	0.0000	0.0000	0.0000
ENSG00000244457.2	ENO1P1	transcribed_processed_pseudogene	0	0	0	0.0000	0.0000	0.0000
ENSG00000244459.2	AC147067.1	lncRNA	63	33	30	9.2400	2.7066	2.6062
ENSG00000244461.1	LINC02077	lncRNA	0	0	0	0.0000	0.0000	0.0000
ENSG00000244462.8	RBM12	protein_coding	2680	1353	1327	33.9580	9.9468	9.5781
ENSG00000244464.2	AC107029.2	lncRNA	0	0	0	0.0000	0.0000	0.0000
ENSG00000244468.1	AC093001.1	lncRNA	1	1	1	0.1541	0.0451	0.0435
ENSG00000244470.2	AC105918.1	processed_pseudogene	0	0	0	0.0000	0.0000	0.0000
ENSG00000244471.6	AL137058.1	transcribed_unprocessed_pseudogene	12	10	4	0.2252	0.0660	0.0635
ENSG00000244474.6	UGT1A4	protein_coding	0	0	0	0.0000	0.0000	0.0000
ENSG00000244476.3	ERVFRD-1	protein_coding	2	0	2	0.0525	0.0154	0.0148
ENSG00000244479.7	OR2A1-AS1	lncRNA	2	1	1	0.0671	0.0196	0.0189
ENSG00000244480.1	AC005154.2	transcribed_processed_pseudogene	8	3	5	0.4877	0.1429	0.1376
ENSG00000244482.10	LILRA6	protein_coding	86	40	47	2.6870	0.7871	0.7579
ENSG00000244485.1	RPL18P13	processed_pseudogene	4	4	0	0.5970	0.1749	0.1684
ENSG00000244486.9	SCARF2	protein_coding	1822	917	905	43.3161	12.6880	12.2176
ENSG00000244490.1	RWDD4P1	processed_pseudogene	7	3	4	1.0521	0.3082	0.2968
ENSG00000244491.1	AL021707.5	lncRNA	0	218	262	0.0000	0.0000	0.0000
ENSG00000244493.1	SLC9A9-AS2	lncRNA	0	7	2	0.0000	0.0000	0.0000
ENSG00000244501.3	RN7SL623P	misc_RNA	0	0	0	0.0000	0.0000	0.0000
ENSG00000244502.2	HDAC11-AS1	lncRNA	0	0	1	0.0000	0.0000	0.0000
ENSG00000244503.1	AC108751.5	processed_pseudogene	1	0	1	0.0636	0.0186	0.0179
ENSG00000244509.4	APOBEC3C	protein_coding	10099	5093	5007	324.3614	95.0105	91.4880
ENSG00000244510.2	AC008267.5	transcribed_unprocessed_pseudogene	0	0	0	0.0000	0.0000	0.0000
ENSG00000244512.3	RN7SL28P	misc_RNA	0	0	0	0.0000	0.0000	0.0000
ENSG00000244513.7	AC109587.1	lncRNA	26	322	297	0.5894	0.1726	0.1662
ENSG00000244514.3	RN7SL125P	misc_RNA	0	0	0	0.0000	0.0000	0.0000
ENSG00000244515.1	KRT18P34	processed_pseudogene	1	1	0	0.0669	0.0196	0.0189
ENSG00000244521.3	RN7SL700P	misc_RNA	0	0	0	0.0000	0.0000	0.0000
ENSG00000244527.1	AC022795.1	processed_pseudogene	1	1	1	0.1769	0.0518	0.0499
ENSG00000244528.1	SEPTIN14P2	processed_pseudogene	0	0	0	0.0000	0.0000	0.0000
ENSG00000244532.1	RN7SL380P	misc_RNA	0	0	0	0.0000	0.0000	0.0000
ENSG00000244534.3	RN7SL211P	misc_RNA	0	0	0	0.0000	0.0000	0.0000
ENSG00000244535.1	AL049714.1	processed_pseudogene	0	0	0	0.0000	0.0000	0.0000
ENSG00000244537.3	KRTAP4-2	protein_coding	0	0	0	0.0000	0.0000	0.0000
ENSG00000244538.1	AC098583.1	processed_pseudogene	20	12	8	6.6604	1.9509	1.8786
ENSG00000244540.2	RPL35AP29	processed_pseudogene	0	0	0	0.0000	0.0000	0.0000
ENSG00000244541.6	LINC01213	lncRNA	0	0	0	0.0000	0.0000	0.0000
ENSG00000244544.2	RN7SL446P	misc_RNA	0	0	0	0.0000	0.0000	0.0000
ENSG00000244545.1	AC092924.1	lncRNA	0	0	0	0.0000	0.0000	0.0000
ENSG00000244550.1	AC006455.8	lncRNA	0	0	0	0.0000	0.0000	0.0000
ENSG00000244551.2	RPL34P29	processed_pseudogene	0	0	0	0.0000	0.0000	0.0000
ENSG00000244556.1	ODCP	processed_pseudogene	5	3	2	0.2591	0.0759	0.0731
ENSG00000244558.6	KCNK15-AS1	lncRNA	5	8	7	0.2829	0.0829	0.0798
ENSG00000244559.1	AC091179.2	processed_pseudogene	0	0	0	0.0000	0.0000	0.0000
ENSG00000244560.7	AC004890.2	transcribed_unprocessed_pseudogene	8	5	3	0.1584	0.0464	0.0447
ENSG00000244561.1	AC092905.1	processed_pseudogene	0	0	0	0.0000	0.0000	0.0000
ENSG00000244563.1	RPS26P19	processed_pseudogene	0	0	0	0.0000	0.0000	0.0000
ENSG00000244564.2	PRICKLE2-DT	lncRNA	2	1	1	0.0942	0.0276	0.0266
ENSG00000244565.1	POLR2DP2	processed_pseudogene	0	0	0	0.0000	0.0000	0.0000
ENSG00000244568.3	RN7SL654P	misc_RNA	0	0	0	0.0000	0.0000	0.0000
ENSG00000244571.1	RPS6P4	processed_pseudogene	0	0	0	0.0000	0.0000	0.0000
ENSG00000244573.3	RPL30P11	transcribed_processed_pseudogene	0	0	0	0.0000	0.0000	0.0000
ENSG00000244575.3	IGKV1-27	IG_V_gene	2701	1424	1287	600.4454	175.8799	169.3591
ENSG00000244578.1	LINC01391	lncRNA	0	0	0	0.0000	0.0000	0.0000
ENSG00000244582.2	RPL21P120	processed_pseudogene	10	10	0	1.6916	0.4955	0.4771
ENSG00000244585.1	RPL12P33	processed_pseudogene	4	1	3	0.6904	0.2022	0.1947
ENSG00000244586.1	WNT5A-AS1	lncRNA	0	0	0	0.0000	0.0000	0.0000
ENSG00000244588.5	RAD21L1	protein_coding	4	2	2	0.1244	0.0364	0.0351
ENSG00000244593.1	AC025062.1	processed_pseudogene	4	1	3	0.5275	0.1545	0.1488
ENSG00000244604.1	AC025518.1	processed_pseudogene	4	1	4	0.9789	0.2867	0.2761
ENSG00000244607.7	CCDC13	protein_coding	1	2	5	0.0120	0.0035	0.0034
ENSG00000244610.3	RN7SL756P	misc_RNA	0	0	0	0.0000	0.0000	0.0000
ENSG00000244615.1	PSPC1P2	transcribed_unprocessed_pseudogene	0	0	0	0.0000	0.0000	0.0000
ENSG00000244617.2	ASPRV1	protein_coding	61	30	31	2.3795	0.6970	0.6711
ENSG00000244618.3	RN7SL334P	misc_RNA	0	0	0	0.0000	0.0000	0.0000
ENSG00000244619.2	AC243547.1	lncRNA	1	90	90	0.2081	0.0610	0.0587
ENSG00000244620.1	AC246787.2	lncRNA	0	0	0	0.0000	0.0000	0.0000
ENSG00000244621.1	RPS17P11	processed_pseudogene	0	0	0	0.0000	0.0000	0.0000
ENSG00000244623.1	OR2AE1	protein_coding	2	1	2	0.1586	0.0465	0.0447
ENSG00000244624.3	KRTAP20-1	protein_coding	0	0	0	0.0000	0.0000	0.0000
ENSG00000244625.7	MIATNB	lncRNA	97	46	51	1.0542	0.3088	0.2973
ENSG00000244627.5	TPTEP2	transcribed_unprocessed_pseudogene	100	46	55	2.2052	0.6459	0.6220
ENSG00000244630.2	AC022493.1	processed_pseudogene	0	0	0	0.0000	0.0000	0.0000
ENSG00000244632.3	RN7SL863P	misc_RNA	0	0	0	0.0000	0.0000	0.0000
ENSG00000244640.1	AC096922.1	processed_pseudogene	0	0	0	0.0000	0.0000	0.0000
ENSG00000244641.2	RPS26P43	processed_pseudogene	0	0	0	0.0000	0.0000	0.0000
ENSG00000244642.3	RN7SL396P	misc_RNA	0	0	0	0.0000	0.0000	0.0000
ENSG00000244646.4	XKRY2	transcribed_unprocessed_pseudogene	0	0	0	0.0000	0.0000	0.0000
ENSG00000244649.5	LINC02086	lncRNA	78	36	42	1.7169	0.5029	0.4843
ENSG00000244650.2	AC025566.1	lncRNA	0	0	0	0.0000	0.0000	0.0000
ENSG00000244652.1	AC079382.1	processed_pseudogene	0	0	0	0.0000	0.0000	0.0000
ENSG00000244653.1	UBFD1P1	processed_pseudogene	0	0	0	0.0000	0.0000	0.0000
ENSG00000244657.1	AC008267.6	transcribed_unprocessed_pseudogene	0	0	0	0.0000	0.0000	0.0000
ENSG00000244661.1	TRBV12-1	TR_V_pseudogene	0	0	0	0.0000	0.0000	0.0000
ENSG00000244662.1	AC087312.1	processed_pseudogene	0	0	0	0.0000	0.0000	0.0000
ENSG00000244668.1	SNRPCP3	processed_pseudogene	0	12	10	0.0000	0.0000	0.0000
ENSG00000244669.1	AC104689.1	processed_pseudogene	0	0	0	0.0000	0.0000	0.0000
ENSG00000244671.3	RN7SL280P	misc_RNA	0	0	0	0.0000	0.0000	0.0000
ENSG00000244674.1	RPS3AP15	processed_pseudogene	0	0	0	0.0000	0.0000	0.0000
ENSG00000244675.2	AC108676.1	lncRNA	1	0	1	0.0286	0.0084	0.0081
ENSG00000244676.5	AL109761.1	lncRNA	5	114	107	0.9352	0.2739	0.2638
ENSG00000244677.3	RN7SL706P	misc_RNA	0	0	0	0.0000	0.0000	0.0000
ENSG00000244681.1	MTHFD2P1	transcribed_processed_pseudogene	0	0	0	0.0000	0.0000	0.0000
ENSG00000244682.7	FCGR2C	polymorphic_pseudogene	175	70	105	4.1511	1.2159	1.1709
ENSG00000244687.12	UBE2V1	protein_coding	53	29	24	0.9342	0.2736	0.2635
ENSG00000244691.1	RPL10AP1	processed_pseudogene	2	1	1	0.2641	0.0774	0.0745
ENSG00000244692.3	RN7SL724P	misc_RNA	0	0	0	0.0000	0.0000	0.0000
ENSG00000244693.1	CTAGE8	protein_coding	0	0	0	0.0000	0.0000	0.0000
ENSG00000244694.7	PTCHD4	protein_coding	365	185	180	5.9872	1.7538	1.6887
ENSG00000244699.1	AC139453.2	unprocessed_pseudogene	0	0	0	0.0000	0.0000	0.0000
ENSG00000244701.1	AC004918.1	lncRNA	6	314	250	0.6617	0.1938	0.1866
ENSG00000244703.3	CD46P1	unprocessed_pseudogene	1	1	0	0.1113	0.0326	0.0314
ENSG00000244705.1	AC020658.1	processed_pseudogene	0	1	3	0.0000	0.0000	0.0000
ENSG00000244706.4	AC026353.1	lncRNA	0	0	0	0.0000	0.0000	0.0000
ENSG00000244708.1	RPL23P10	processed_pseudogene	0	0	0	0.0000	0.0000	0.0000
ENSG00000244710.3	RN7SL47P	misc_RNA	0	0	0	0.0000	0.0000	0.0000
ENSG00000244712.1	AC084754.1	processed_pseudogene	0	0	0	0.0000	0.0000	0.0000
ENSG00000244716.3	BX679664.3	processed_pseudogene	22	5	17	3.3662	0.9860	0.9495
ENSG00000244717.1	RPS27P14	processed_pseudogene	0	0	0	0.0000	0.0000	0.0000
ENSG00000244720.1	NT5C3AP2	processed_pseudogene	6	2	4	0.5313	0.1556	0.1499
ENSG00000244722.1	RPSAP29	processed_pseudogene	1	0	1	0.0977	0.0286	0.0276
ENSG00000244723.3	ASLP1	unprocessed_pseudogene	3	3	0	0.3999	0.1171	0.1128
ENSG00000244730.1	AC139451.1	processed_pseudogene	0	0	0	0.0000	0.0000	0.0000
ENSG00000244731.8	C4A	protein_coding	0	0	0	0.0000	0.0000	0.0000
ENSG00000244732.3	RN7SL870P	misc_RNA	0	0	0	0.0000	0.0000	0.0000
ENSG00000244733.5	AL132656.2	lncRNA	8	5	4	0.3698	0.1083	0.1043
ENSG00000244734.4	HBB	protein_coding	25	10	15	1.6281	0.4769	0.4592
ENSG00000244738.1	AC026316.3	lncRNA	0	0	0	0.0000	0.0000	0.0000
ENSG00000244740.1	AC092991.1	processed_pseudogene	2	2	0	0.4517	0.1323	0.1274
ENSG00000244743.1	RPL35AP27	processed_pseudogene	0	0	0	0.0000	0.0000	0.0000
ENSG00000244748.3	RN7SL153P	misc_RNA	2	0	2	0.5816	0.1704	0.1641
ENSG00000244752.3	CRYBB2	protein_coding	1	1	0	0.0811	0.0238	0.0229
ENSG00000244753.2	RPL15P21	processed_pseudogene	0	0	0	0.0000	0.0000	0.0000
ENSG00000244754.9	N4BP2L2	protein_coding	1345	680	671	5.4384	1.5930	1.5339
ENSG00000244756.1	AL049874.2	processed_pseudogene	0	0	0	0.0000	0.0000	0.0000
ENSG00000244757.1	AL137024.1	lncRNA	0	0	0	0.0000	0.0000	0.0000
ENSG00000244791.3	AC087667.1	lncRNA	0	0	0	0.0000	0.0000	0.0000
ENSG00000244879.8	GABPB1-AS1	lncRNA	512	269	301	2.5310	0.7414	0.7139
ENSG00000244921.2	MTCYBP18	processed_pseudogene	291	147	148	33.0815	9.6901	9.3308
ENSG00000244926.7	ALKBH3-AS1	lncRNA	10	5	7	0.3634	0.1064	0.1025
ENSG00000244932.2	AL449212.1	unprocessed_pseudogene	9	11	4	1.4783	0.4330	0.4170
ENSG00000244945.1	RUFY1-AS1	lncRNA	3	134	140	0.1296	0.0380	0.0365
ENSG00000244952.2	AC123768.1	lncRNA	2	2	3	0.2320	0.0680	0.0654
ENSG00000244953.1	AC087521.1	lncRNA	1	94	79	0.0415	0.0122	0.0117
ENSG00000244968.7	LIFR-AS1	lncRNA	6	6	3	0.0654	0.0191	0.0184
ENSG00000244998.1	AC100803.2	lncRNA	15	6	9	0.9230	0.2704	0.2604
ENSG00000245008.4	AP001122.1	lncRNA	2	0	2	0.0379	0.0111	0.0107
ENSG00000245017.2	LINC02453	lncRNA	8	5	3	0.3542	0.1038	0.0999
ENSG00000245025.3	AC107959.1	lncRNA	239	1287	1354	3.2124	0.9410	0.9061
ENSG00000245059.2	AC092718.1	lncRNA	3	1	4	0.2342	0.0686	0.0660
ENSG00000245060.8	LINC00847	lncRNA	115	536	542	1.6041	0.4699	0.4525
ENSG00000245067.7	IGFBP7-AS1	lncRNA	0	1645	1803	0.0000	0.0000	0.0000
ENSG00000245080.7	MIR3150BHG	lncRNA	12	8	4	0.3531	0.1034	0.0996
ENSG00000245105.4	A2M-AS1	lncRNA	190	1612	1636	5.4732	1.6032	1.5437
ENSG00000245112.2	SMARCA5-AS1	lncRNA	2	106	68	0.1797	0.0526	0.0507
ENSG00000245146.7	MALINC1	lncRNA	78	50	43	0.9219	0.2700	0.2600
ENSG00000245148.2	ARAP1-AS2	lncRNA	6	133	142	0.2793	0.0818	0.0788
ENSG00000245149.4	RNF139-AS1	lncRNA	18	11	7	0.2200	0.0644	0.0620
ENSG00000245156.1	AP001107.1	lncRNA	6	1089	1082	0.1825	0.0535	0.0515
ENSG00000245164.8	LINC00861	lncRNA	138	64	78	1.3381	0.3919	0.3774
ENSG00000245205.3	EEF1A1P4	processed_pseudogene	75	53	22	4.5331	1.3278	1.2786
ENSG00000245213.7	AC105285.1	lncRNA	34	53	67	0.3769	0.1104	0.1063
ENSG00000245248.8	USP2-AS1	lncRNA	8	5	4	0.0703	0.0206	0.0198
ENSG00000245261.1	AL133375.1	lncRNA	0	41	41	0.0000	0.0000	0.0000
ENSG00000245275.8	SAP30L-AS1	lncRNA	61	108	96	0.4005	0.1173	0.1130
ENSG00000245281.8	AC124242.1	lncRNA	84	59	65	1.9527	0.5720	0.5508
ENSG00000245293.3	CYP2U1-AS1	lncRNA	52	91	96	0.6440	0.1886	0.1816
ENSG00000245311.2	ARNTL2-AS1	lncRNA	0	9	20	0.0000	0.0000	0.0000
ENSG00000245317.2	AC008393.1	lncRNA	22	21	13	1.2849	0.3764	0.3624
ENSG00000245322.7	H2AZ1-DT	lncRNA	9	2013	2242	0.1571	0.0460	0.0443
ENSG00000245330.4	AP005717.1	lncRNA	1	38	48	0.0437	0.0128	0.0123
ENSG00000245384.2	CXXC4-AS1	lncRNA	1	0	1	0.0083	0.0024	0.0023
ENSG00000245385.2	AP003396.1	lncRNA	0	177	179	0.0000	0.0000	0.0000
ENSG00000245466.1	AL357153.1	lncRNA	0	0	0	0.0000	0.0000	0.0000
ENSG00000245468.4	LINC02447	lncRNA	4	3	1	0.0744	0.0218	0.0210
ENSG00000245479.3	LINC01585	lncRNA	7	2	5	0.3952	0.1158	0.1115
ENSG00000245482.2	AC046130.1	lncRNA	0	23	14	0.0000	0.0000	0.0000
ENSG00000245498.7	AP000866.1	lncRNA	15	7	11	0.1218	0.0357	0.0344
ENSG00000245522.2	LINC02709	lncRNA	20	11	9	0.6453	0.1890	0.1820
ENSG00000245526.11	LINC00461	lncRNA	19	9	10	0.0845	0.0248	0.0238
ENSG00000245532.9	NEAT1	lncRNA	9205	4632	4576	34.3345	10.0571	9.6842
ENSG00000245534.7	RORA-AS1	lncRNA	7	29	21	0.2774	0.0813	0.0782
ENSG00000245552.7	AP000787.1	lncRNA	77	41	41	0.8799	0.2577	0.2482
ENSG00000245556.3	SCAMP1-AS1	lncRNA	305	149	156	5.1513	1.5089	1.4530
ENSG00000245571.7	FAM111A-DT	lncRNA	252	152	142	6.6584	1.9503	1.8780
ENSG00000245573.9	BDNF-AS	lncRNA	86	100	106	0.5880	0.1722	0.1658
ENSG00000245598.6	DACT3-AS1	lncRNA	4	0	4	0.1861	0.0545	0.0525
ENSG00000245614.4	DDX11-AS1	lncRNA	17	9	9	0.3692	0.1082	0.1041
ENSG00000245648.2	KLRK1-AS1	lncRNA	20	155	154	0.2642	0.0774	0.0745
ENSG00000245651.3	AC083805.1	lncRNA	1	2	1	0.0145	0.0042	0.0041
ENSG00000245662.4	LINC02211	lncRNA	6	2	8	0.0922	0.0270	0.0260
ENSG00000245667.2	AC006064.1	lncRNA	1	1	0	0.1516	0.0444	0.0428
ENSG00000245680.11	ZNF585B	protein_coding	602	302	302	6.7819	1.9865	1.9129
ENSG00000245685.7	FRG1-DT	lncRNA	5	2	3	0.0781	0.0229	0.0220
ENSG00000245688.1	AC008659.1	lncRNA	0	0	0	0.0000	0.0000	0.0000
ENSG00000245694.10	CRNDE	lncRNA	607	280	332	3.5047	1.0266	0.9885
ENSG00000245711.2	NADK2-AS1	lncRNA	5	4	1	0.5897	0.1727	0.1663
ENSG00000245719.1	AC009292.1	lncRNA	1	0	1	0.0428	0.0125	0.0121
ENSG00000245729.2	LINC02226	lncRNA	1	0	1	0.0535	0.0157	0.0151
ENSG00000245748.1	AC097382.2	lncRNA	1	1957	1892	0.0197	0.0058	0.0056
ENSG00000245750.10	DRAIC	lncRNA	30	10	21	0.0815	0.0239	0.0230
ENSG00000245768.7	AC106793.1	lncRNA	2	58	62	0.0380	0.0111	0.0107
ENSG00000245812.3	LINC02202	lncRNA	5	4	1	0.1321	0.0387	0.0373
ENSG00000245832.7	MIR4300HG	lncRNA	61	29	32	1.1506	0.3370	0.3245
ENSG00000245848.3	CEBPA	protein_coding	151	354	319	4.9300	1.4441	1.3905
ENSG00000245849.8	RAD51-AS1	lncRNA	112	60	55	3.3727	0.9879	0.9513
ENSG00000245857.3	GS1-24F4.2	lncRNA	0	0	0	0.0000	0.0000	0.0000
ENSG00000245864.3	MEF2C-AS2	lncRNA	2	167	211	0.0503	0.0147	0.0142
ENSG00000245869.2	AP004609.1	lncRNA	2	1	1	0.1032	0.0302	0.0291
ENSG00000245870.4	LINC00682	lncRNA	0	0	0	0.0000	0.0000	0.0000
ENSG00000245888.7	NSMCE1-DT	lncRNA	6	5	6	0.1348	0.0395	0.0380
ENSG00000245904.4	AC025164.1	lncRNA	41	100	102	0.3617	0.1059	0.1020
ENSG00000245910.8	SNHG6	lncRNA	1042	819	837	70.9600	20.7853	20.0147
ENSG00000245928.2	SDAD1-AS1	lncRNA	1	0	1	0.0504	0.0148	0.0142
ENSG00000245937.8	LINC01184	lncRNA	1311	657	699	6.7269	1.9704	1.8974
ENSG00000245954.8	LINC02273	lncRNA	41	23	18	1.6052	0.4702	0.4528
ENSG00000245958.6	AC093752.1	transcribed_unprocessed_pseudogene	78	67	73	1.1877	0.3479	0.3350
ENSG00000245970.2	AP003352.1	lncRNA	17	8797	8914	0.7258	0.2126	0.2047
ENSG00000245975.2	AC090515.2	lncRNA	18	11	7	1.0950	0.3207	0.3088
ENSG00000246016.2	LINC01513	lncRNA	0	0	0	0.0000	0.0000	0.0000
ENSG00000246022.3	ALDH1L1-AS2	lncRNA	0	0	0	0.0000	0.0000	0.0000
ENSG00000246067.8	RAB30-DT	lncRNA	93	67	73	1.0981	0.3217	0.3097
ENSG00000246082.2	NUDT16P1	transcribed_unitary_pseudogene	19	5	14	0.6979	0.2044	0.1968
ENSG00000246084.5	LINC02325	lncRNA	9	6	3	0.1462	0.0428	0.0412
ENSG00000246089.3	AC016065.1	lncRNA	175	91	112	5.0651	1.4837	1.4286
ENSG00000246090.7	AP002026.1	lncRNA	76	46	42	0.8612	0.2523	0.2429
ENSG00000246095.2	LINC01096	lncRNA	7	4	3	0.4703	0.1378	0.1326
ENSG00000246100.4	LINC00900	lncRNA	200	183	161	3.1405	0.9199	0.8858
ENSG00000246115.3	SUPT4H1P2	processed_pseudogene	3	0	3	0.7217	0.2114	0.2036
ENSG00000246130.1	AC107959.2	lncRNA	3	6	3	0.0966	0.0283	0.0273
ENSG00000246145.1	RRS1-AS1	lncRNA	8	3	6	0.1556	0.0456	0.0439
ENSG00000246174.9	KCTD21-AS1	lncRNA	4	116	120	0.0746	0.0219	0.0210
ENSG00000246203.2	AL353807.3	unprocessed_pseudogene	42	77	85	1.4238	0.4171	0.4016
ENSG00000246211.2	P4HA3-AS1	lncRNA	0	3	3	0.0000	0.0000	0.0000
ENSG00000246214.2	AC024588.1	lncRNA	8	338	399	0.2097	0.0614	0.0592
ENSG00000246223.9	LINC01550	lncRNA	11	3	8	0.1351	0.0396	0.0381
ENSG00000246225.7	AC006299.1	lncRNA	10	8	8	0.1591	0.0466	0.0449
ENSG00000246228.6	CASC8	lncRNA	1	1	0	0.0363	0.0106	0.0102
ENSG00000246250.3	AC087521.2	lncRNA	7	271	281	0.1082	0.0317	0.0305
ENSG00000246263.3	UBR5-AS1	lncRNA	55	337	334	1.4994	0.4392	0.4229
ENSG00000246273.8	SBF2-AS1	lncRNA	59	228	253	0.9678	0.2835	0.2730
ENSG00000246283.2	AC090510.1	lncRNA	0	273	263	0.0000	0.0000	0.0000
ENSG00000246308.2	AC116535.1	lncRNA	12	6	6	0.4197	0.1229	0.1184
ENSG00000246316.8	AC010230.1	lncRNA	1	2	1	0.0764	0.0224	0.0215
ENSG00000246323.2	AC113382.1	lncRNA	2	25	30	0.1355	0.0397	0.0382
ENSG00000246331.2	AC010198.1	lncRNA	0	0	0	0.0000	0.0000	0.0000
ENSG00000246334.2	PRR7-AS1	lncRNA	90	52	43	4.4931	1.3161	1.2673
ENSG00000246339.6	EXTL3-AS1	lncRNA	3	2	2	0.0526	0.0154	0.0148
ENSG00000246350.1	AL049543.1	lncRNA	0	0	0	0.0000	0.0000	0.0000
ENSG00000246363.3	LINC02458	lncRNA	61	33	28	1.1980	0.3509	0.3379
ENSG00000246366.6	LACTB2-AS1	lncRNA	3	230	176	0.0467	0.0137	0.0132
ENSG00000246375.3	PPM1K-DT	lncRNA	5	19	27	0.1639	0.0480	0.0462
ENSG00000246379.8	AC040168.1	lncRNA	13	9	4	0.1200	0.0352	0.0339
ENSG00000246394.7	ZNF84-DT	lncRNA	0	0	0	0.0000	0.0000	0.0000
ENSG00000246422.2	DIAPH1-AS1	lncRNA	0	0	0	0.0000	0.0000	0.0000
ENSG00000246430.7	LINC00968	lncRNA	3	1	2	0.0756	0.0222	0.0213
ENSG00000246451.2	AL049840.2	lncRNA	35	17	18	2.1170	0.6201	0.5971
ENSG00000246465.1	AC138904.1	lncRNA	0	0	0	0.0000	0.0000	0.0000
ENSG00000246477.3	AF131216.1	lncRNA	14	72	51	0.2030	0.0595	0.0573
ENSG00000246523.8	FZD4-DT	lncRNA	37	13	24	1.5805	0.4630	0.4458
ENSG00000246526.2	LINC02481	lncRNA	12	7	5	0.5596	0.1639	0.1578
ENSG00000246528.3	AC079089.1	lncRNA	3	3	0	0.1295	0.0379	0.0365
ENSG00000246541.2	AC096746.1	lncRNA	0	0	0	0.0000	0.0000	0.0000
ENSG00000246548.3	LINC02288	lncRNA	22	11	17	0.6389	0.1872	0.1802
ENSG00000246560.2	UBE2D3-AS1	lncRNA	60	37	38	5.7704	1.6902	1.6276
ENSG00000246575.2	AC093162.1	unprocessed_pseudogene	23	17	6	2.7744	0.8127	0.7825
ENSG00000246582.3	AC100861.1	lncRNA	42	101	105	1.2312	0.3606	0.3473
ENSG00000246596.7	AC139795.1	transcribed_unprocessed_pseudogene	22	23	20	0.8378	0.2454	0.2363
ENSG00000246627.6	CACNA1C-AS1	lncRNA	1	7	12	0.0322	0.0094	0.0091
ENSG00000246640.1	PICART1	lncRNA	12	3	9	0.4023	0.1178	0.1135
ENSG00000246662.6	LINC00535	lncRNA	3	2	1	0.0982	0.0288	0.0277
ENSG00000246695.8	RASSF8-AS1	lncRNA	637	306	332	4.7803	1.4002	1.3483
ENSG00000246705.4	H2AJ	protein_coding	4639	2222	2417	117.3856	34.3841	33.1093
ENSG00000246731.3	MGC16275	lncRNA	195	172	149	6.3180	1.8506	1.7820
ENSG00000246740.2	PLA2G4E-AS1	lncRNA	3	2	1	0.1019	0.0299	0.0288
ENSG00000246763.7	RGMB-AS1	lncRNA	68	68	74	2.4489	0.7173	0.6907
ENSG00000246774.1	COL25A1-DT	lncRNA	1	1	0	0.0435	0.0127	0.0123
ENSG00000246777.1	AC044802.1	lncRNA	15	10	6	0.4402	0.1289	0.1241
ENSG00000246790.2	AP000977.1	lncRNA	0	0	0	0.0000	0.0000	0.0000
ENSG00000246792.3	AC106038.1	lncRNA	0	0	0	0.0000	0.0000	0.0000
ENSG00000246820.2	RIC3-DT	lncRNA	0	0	0	0.0000	0.0000	0.0000
ENSG00000246851.1	AL157938.3	lncRNA	1	55	72	0.0275	0.0081	0.0078
ENSG00000246859.3	STARD4-AS1	lncRNA	16	185	189	0.1467	0.0430	0.0414
ENSG00000246863.2	GPR176-DT	lncRNA	2	0	3	0.0351	0.0103	0.0099
ENSG00000246876.7	LINC02466	lncRNA	3	2	1	0.0629	0.0184	0.0178
ENSG00000246877.1	DNM1P35	lncRNA	198	102	102	5.2742	1.5449	1.4876
ENSG00000246889.2	AP000487.1	lncRNA	21	402	462	0.5794	0.1697	0.1634
ENSG00000246898.1	LINC00920	lncRNA	1110	558	552	43.9039	12.8601	12.3834
ENSG00000246922.9	UBAP1L	protein_coding	64	33	31	0.6357	0.1862	0.1793
ENSG00000246982.7	Z84485.1	lncRNA	5	5	0	0.2300	0.0674	0.0649
ENSG00000246985.8	SOCS2-AS1	lncRNA	50	32	24	0.9561	0.2801	0.2697
ENSG00000247011.2	AC005920.1	lncRNA	9	7	6	0.3721	0.1090	0.1050
ENSG00000247033.1	AC099508.1	lncRNA	0	45	48	0.0000	0.0000	0.0000
ENSG00000247049.2	AC008443.1	lncRNA	0	104	110	0.0000	0.0000	0.0000
ENSG00000247077.7	PGAM5	protein_coding	1027	522	506	22.0681	6.4641	6.2244
ENSG00000247081.8	BAALC-AS1	lncRNA	834	428	502	4.5165	1.3230	1.2739
ENSG00000247092.7	SNHG10	lncRNA	38	26	31	0.5935	0.1739	0.1674
ENSG00000247095.3	MIR210HG	lncRNA	17	8	9	0.6220	0.1822	0.1754
ENSG00000247121.7	AC009126.1	lncRNA	54	32	34	1.0937	0.3203	0.3085
ENSG00000247130.2	AC138781.1	lncRNA	0	0	0	0.0000	0.0000	0.0000
ENSG00000247131.6	AC025263.1	lncRNA	0	0	0	0.0000	0.0000	0.0000
ENSG00000247134.7	AC090204.1	lncRNA	293	161	132	13.8926	4.0694	3.9185
ENSG00000247137.9	AP000873.2	lncRNA	24	96	115	0.5963	0.1747	0.1682
ENSG00000247151.7	CSTF3-DT	lncRNA	1	1	0	0.0212	0.0062	0.0060
ENSG00000247157.7	LINC01252	lncRNA	3	1	2	0.0572	0.0167	0.0161
ENSG00000247193.3	AC104078.1	lncRNA	0	2	2	0.0000	0.0000	0.0000
ENSG00000247199.5	AC011346.1	lncRNA	30	14	20	0.1699	0.0498	0.0479
ENSG00000247213.7	LINC01498	lncRNA	0	0	0	0.0000	0.0000	0.0000
ENSG00000247228.3	AC009060.1	lncRNA	0	1212	1242	0.0000	0.0000	0.0000
ENSG00000247240.8	UBL7-AS1	lncRNA	87	65	63	2.1139	0.6192	0.5962
ENSG00000247271.7	ZBED5-AS1	lncRNA	291	175	187	5.3733	1.5739	1.5156
ENSG00000247287.3	AL359220.1	lncRNA	20	14	8	0.2983	0.0874	0.0841
ENSG00000247311.3	AC010255.1	lncRNA	1	0	1	0.0709	0.0208	0.0200
ENSG00000247315.4	ZCCHC3	protein_coding	1031	492	539	31.8143	9.3189	8.9734
ENSG00000247317.3	LY6E-DT	lncRNA	293	196	174	6.4577	1.8916	1.8214
ENSG00000247324.2	AC010547.1	lncRNA	1	1	3	0.0304	0.0089	0.0086
ENSG00000247345.2	AC092343.1	lncRNA	0	0	0	0.0000	0.0000	0.0000
ENSG00000247363.2	AC090061.1	lncRNA	2	27	32	0.0597	0.0175	0.0168
ENSG00000247372.2	AC008897.2	lncRNA	0	0	0	0.0000	0.0000	0.0000
ENSG00000247373.3	TMED2-DT	lncRNA	41	492	500	0.4206	0.1232	0.1186
ENSG00000247381.3	PLUT	lncRNA	0	0	0	0.0000	0.0000	0.0000
ENSG00000247400.4	DNAJC3-DT	lncRNA	104	48	56	2.4594	0.7204	0.6937
ENSG00000247402.2	AC099487.1	lncRNA	0	0	0	0.0000	0.0000	0.0000
ENSG00000247416.4	AP000802.1	lncRNA	3	5	1	0.0863	0.0253	0.0243
ENSG00000247473.2	CARS1-AS1	lncRNA	0	153	187	0.0000	0.0000	0.0000
ENSG00000247498.10	GPRC5D-AS1	lncRNA	19	13	17	0.4718	0.1382	0.1331
ENSG00000247516.8	MIR4458HG	lncRNA	202	98	109	2.3772	0.6963	0.6705
ENSG00000247556.6	OIP5-AS1	lncRNA	6816	3427	3455	45.6733	13.3784	12.8824
ENSG00000247570.2	SDCBPP2	processed_pseudogene	18	10	8	1.7272	0.5059	0.4872
ENSG00000247572.8	CKMT2-AS1	lncRNA	468	230	261	4.8567	1.4226	1.3699
ENSG00000247595.4	SPTY2D1OS	protein_coding	23	85	85	0.8555	0.2506	0.2413
ENSG00000247596.10	TWF2	protein_coding	1272	665	673	25.6516	7.5138	7.2352
ENSG00000247624.6	CPEB2-DT	lncRNA	4	3	1	0.1100	0.0322	0.0310
ENSG00000247626.5	MARS2	protein_coding	508	254	254	14.2516	4.1745	4.0197
ENSG00000247627.2	MTND4P12	processed_pseudogene	2039	979	1066	125.7464	36.8331	35.4675
ENSG00000247675.7	LRP4-AS1	lncRNA	7	3	5	0.3627	0.1062	0.1023
ENSG00000247679.3	AC139795.2	lncRNA	86	57	51	2.5536	0.7480	0.7202
ENSG00000247699.2	FABP6-AS1	lncRNA	0	1	0	0.0000	0.0000	0.0000
ENSG00000247708.8	STX18-AS1	lncRNA	120	65	60	0.4788	0.1403	0.1351
ENSG00000247728.2	AC091057.2	lncRNA	2	7	3	0.1751	0.0513	0.0494
ENSG00000247735.2	AC120114.1	lncRNA	21	10	12	1.0121	0.2965	0.2855
ENSG00000247746.4	USP51	protein_coding	1087	551	536	20.9459	6.1354	5.9079
ENSG00000247763.2	TUBAP14	processed_pseudogene	4	2	2	0.2494	0.0731	0.0703
ENSG00000247765.2	AC068446.2	lncRNA	0	0	0	0.0000	0.0000	0.0000
ENSG00000247774.7	PCED1B-AS1	lncRNA	198	110	117	4.2353	1.2406	1.1946
ENSG00000247775.2	SNCA-AS1	lncRNA	11	20	16	0.3124	0.0915	0.0881
ENSG00000247796.3	AC008966.1	lncRNA	270	162	151	2.8405	0.8320	0.8012
ENSG00000247809.9	NR2F2-AS1	lncRNA	188	83	105	1.5200	0.4452	0.4287
ENSG00000247810.8	AL136537.1	lncRNA	0	0	0	0.0000	0.0000	0.0000
ENSG00000247828.8	TMEM161B-AS1	lncRNA	358	214	186	0.8644	0.2532	0.2438
ENSG00000247853.2	AC006064.2	lncRNA	2	1040	976	0.0773	0.0227	0.0218
ENSG00000247867.2	AP001922.1	lncRNA	0	0	0	0.0000	0.0000	0.0000
ENSG00000247872.2	SPCS2P3	processed_pseudogene	0	0	0	0.0000	0.0000	0.0000
ENSG00000247877.7	AC021086.1	lncRNA	6	2	4	0.1451	0.0425	0.0409
ENSG00000247903.1	AC024896.1	lncRNA	23	1451	1383	0.7662	0.2244	0.2161
ENSG00000247911.3	HMGN1P12	processed_pseudogene	0	0	0	0.0000	0.0000	0.0000
ENSG00000247925.2	AL139807.1	lncRNA	0	30	35	0.0000	0.0000	0.0000
ENSG00000247934.4	AC022364.1	lncRNA	117	102	95	3.6421	1.0668	1.0273
ENSG00000247950.7	SEC24B-AS1	lncRNA	26	10	16	0.3452	0.1011	0.0974
ENSG00000247970.2	AL160313.1	lncRNA	3	1	2	0.2452	0.0718	0.0692
ENSG00000247982.6	LINC00926	lncRNA	45	24	21	1.0415	0.3051	0.2938
ENSG00000247993.2	FOXD1-AS1	lncRNA	0	78	73	0.0000	0.0000	0.0000
ENSG00000248008.3	NRAV	lncRNA	367	205	193	7.4990	2.1966	2.1151
ENSG00000248015.7	AC005329.1	lncRNA	6	595	577	0.1427	0.0418	0.0402
ENSG00000248019.3	FAM13A-AS1	lncRNA	30	149	163	0.2605	0.0763	0.0735
ENSG00000248027.1	ARHGAP42-AS1	lncRNA	5	12	26	0.2277	0.0667	0.0642
ENSG00000248029.2	AC034238.2	lncRNA	0	0	0	0.0000	0.0000	0.0000
ENSG00000248049.7	UBA6-AS1	lncRNA	596	484	520	3.6976	1.0831	1.0429
ENSG00000248050.1	AC079061.1	lncRNA	0	0	0	0.0000	0.0000	0.0000
ENSG00000248079.3	DPH6-DT	lncRNA	54	34	27	1.6079	0.4710	0.4535
ENSG00000248092.8	NNT-AS1	lncRNA	1267	732	729	15.3992	4.5107	4.3434
ENSG00000248098.12	BCKDHA	protein_coding	6	4	2	0.2264	0.0663	0.0638
ENSG00000248099.4	INSL3	protein_coding	7	5	2	0.6440	0.1886	0.1817
ENSG00000248100.2	AC087257.1	lncRNA	17	13	4	0.5470	0.1602	0.1543
ENSG00000248101.2	AC002116.1	lncRNA	0	0	0	0.0000	0.0000	0.0000
ENSG00000248103.1	AC008443.2	lncRNA	1	0	1	0.1547	0.0453	0.0436
ENSG00000248104.1	TARS2P1	processed_pseudogene	0	0	0	0.0000	0.0000	0.0000
ENSG00000248105.1	AC008885.1	processed_pseudogene	1	1	0	0.2821	0.0826	0.0796
ENSG00000248106.2	AC116353.3	processed_pseudogene	0	0	0	0.0000	0.0000	0.0000
ENSG00000248107.2	LINC02039	lncRNA	0	0	0	0.0000	0.0000	0.0000
ENSG00000248109.3	MARCOL	protein_coding	0	0	0	0.0000	0.0000	0.0000
ENSG00000248112.1	AC108174.1	lncRNA	0	0	0	0.0000	0.0000	0.0000
ENSG00000248113.2	AC067942.2	processed_pseudogene	5	3	2	0.3349	0.0981	0.0944
ENSG00000248114.1	AC114812.3	unprocessed_pseudogene	0	0	0	0.0000	0.0000	0.0000
ENSG00000248115.1	AC023154.1	lncRNA	0	0	0	0.0000	0.0000	0.0000
ENSG00000248117.1	MICOS10P4	processed_pseudogene	0	0	0	0.0000	0.0000	0.0000
ENSG00000248118.2	LINC01019	lncRNA	0	0	0	0.0000	0.0000	0.0000
ENSG00000248120.1	AC114967.1	processed_pseudogene	0	0	0	0.0000	0.0000	0.0000
ENSG00000248121.8	SMURF2P1	transcribed_unprocessed_pseudogene	1	0	1	0.1490	0.0436	0.0420
ENSG00000248122.1	APOOP4	processed_pseudogene	0	0	0	0.0000	0.0000	0.0000
ENSG00000248124.8	RRN3P1	transcribed_unprocessed_pseudogene	78	44	35	1.2610	0.3694	0.3557
ENSG00000248125.2	AC008700.1	lncRNA	2	0	3	0.0731	0.0214	0.0206
ENSG00000248126.1	AC091849.1	unprocessed_pseudogene	2	2	0	1.4036	0.4111	0.3959
ENSG00000248127.1	AC026774.1	lncRNA	0	0	0	0.0000	0.0000	0.0000
ENSG00000248128.1	AC114801.1	processed_pseudogene	0	0	0	0.0000	0.0000	0.0000
ENSG00000248131.6	LINC01194	lncRNA	5	3	2	0.1360	0.0399	0.0384
ENSG00000248132.3	LINC02101	lncRNA	0	0	0	0.0000	0.0000	0.0000
ENSG00000248133.1	MTND4LP22	unprocessed_pseudogene	0	0	0	0.0000	0.0000	0.0000
ENSG00000248134.1	AC079395.1	unprocessed_pseudogene	0	0	0	0.0000	0.0000	0.0000
ENSG00000248136.1	MTND6P8	unprocessed_pseudogene	0	0	0	0.0000	0.0000	0.0000
ENSG00000248137.1	AC094105.1	lncRNA	0	0	0	0.0000	0.0000	0.0000
ENSG00000248138.5	AC097515.1	lncRNA	5	31	26	0.5816	0.1704	0.1641
ENSG00000248139.2	CUL4AP1	processed_pseudogene	0	0	0	0.0000	0.0000	0.0000
ENSG00000248143.1	LINC02383	lncRNA	0	0	0	0.0000	0.0000	0.0000
ENSG00000248144.6	ADH1C	protein_coding	1	1	0	0.0540	0.0158	0.0152
ENSG00000248145.2	AC016553.1	lncRNA	0	0	0	0.0000	0.0000	0.0000
ENSG00000248148.1	AC114954.1	lncRNA	0	0	0	0.0000	0.0000	0.0000
ENSG00000248150.1	LINC02150	lncRNA	0	0	0	0.0000	0.0000	0.0000
ENSG00000248152.2	ANK2-AS1	lncRNA	1	0	1	0.0247	0.0072	0.0070
ENSG00000248155.1	CR545473.1	unprocessed_pseudogene	0	1	1	0.0000	0.0000	0.0000
ENSG00000248156.2	BTG4P1	processed_pseudogene	0	0	0	0.0000	0.0000	0.0000
ENSG00000248159.1	HSPA8P11	processed_pseudogene	2	1	1	0.0895	0.0262	0.0252
ENSG00000248160.1	AC233724.1	processed_pseudogene	0	0	0	0.0000	0.0000	0.0000
ENSG00000248161.5	AC098487.1	lncRNA	33	14	19	2.8250	0.8275	0.7968
ENSG00000248162.1	CHORDC1P3	processed_pseudogene	0	0	0	0.0000	0.0000	0.0000
ENSG00000248165.1	AC110760.1	lncRNA	0	0	0	0.0000	0.0000	0.0000
ENSG00000248167.7	TRIM39-RPP21	protein_coding	0	0	0	0.0000	0.0000	0.0000
ENSG00000248170.1	AC117522.1	processed_pseudogene	0	0	0	0.0000	0.0000	0.0000
ENSG00000248172.1	AC009720.1	lncRNA	1	1	0	0.1449	0.0424	0.0409
ENSG00000248174.6	LINC02268	lncRNA	1	1	0	0.0248	0.0073	0.0070
ENSG00000248176.2	AC109349.1	lncRNA	0	0	0	0.0000	0.0000	0.0000
ENSG00000248180.1	GAPDHP60	processed_pseudogene	24	16	8	2.0483	0.6000	0.5777
ENSG00000248184.1	LINC02283	lncRNA	0	0	0	0.0000	0.0000	0.0000
ENSG00000248185.1	AC025445.1	processed_pseudogene	0	0	0	0.0000	0.0000	0.0000
ENSG00000248187.1	AC078850.1	lncRNA	11	5	6	0.5756	0.1686	0.1623
ENSG00000248188.2	AC005798.1	processed_pseudogene	0	0	0	0.0000	0.0000	0.0000
ENSG00000248191.1	PES1P1	processed_pseudogene	0	0	0	0.0000	0.0000	0.0000
ENSG00000248192.1	ATG10-AS1	lncRNA	0	0	0	0.0000	0.0000	0.0000
ENSG00000248195.1	AC016550.1	lncRNA	0	0	0	0.0000	0.0000	0.0000
ENSG00000248196.1	AC092658.1	processed_pseudogene	0	0	0	0.0000	0.0000	0.0000
ENSG00000248197.1	LINC00290	lncRNA	0	0	0	0.0000	0.0000	0.0000
ENSG00000248199.2	AC008877.1	lncRNA	0	0	0	0.0000	0.0000	0.0000
ENSG00000248200.2	AC093770.1	processed_pseudogene	0	0	0	0.0000	0.0000	0.0000
ENSG00000248202.2	LINC02234	lncRNA	5	2	3	0.2308	0.0676	0.0651
ENSG00000248203.1	AC011362.1	lncRNA	0	0	0	0.0000	0.0000	0.0000
ENSG00000248205.1	H3P17	processed_pseudogene	0	0	0	0.0000	0.0000	0.0000
ENSG00000248206.2	AC074194.1	lncRNA	7	2	5	0.2436	0.0714	0.0687
ENSG00000248208.1	WDR45P1	processed_pseudogene	1	1	0	0.0785	0.0230	0.0221
ENSG00000248209.1	AC097462.1	processed_pseudogene	0	0	0	0.0000	0.0000	0.0000
ENSG00000248210.2	LINC02355	lncRNA	0	0	0	0.0000	0.0000	0.0000
ENSG00000248211.1	TRPC7-AS1	lncRNA	0	0	0	0.0000	0.0000	0.0000
ENSG00000248213.3	CICP16	processed_pseudogene	3	3	0	0.0906	0.0265	0.0255
ENSG00000248215.6	LINC02505	lncRNA	0	0	0	0.0000	0.0000	0.0000
ENSG00000248216.1	KCTD9P5	processed_pseudogene	0	0	0	0.0000	0.0000	0.0000
ENSG00000248221.1	STX18-IT1	lncRNA	0	0	0	0.0000	0.0000	0.0000
ENSG00000248222.5	SLIT3-AS1	lncRNA	0	0	0	0.0000	0.0000	0.0000
ENSG00000248223.1	AC026785.2	lncRNA	0	86	54	0.0000	0.0000	0.0000
ENSG00000248227.1	LINC02513	lncRNA	1	0	1	0.1698	0.0497	0.0479
ENSG00000248228.2	SLIT2-IT1	lncRNA	0	0	0	0.0000	0.0000	0.0000
ENSG00000248229.1	AC106872.4	processed_pseudogene	0	0	0	0.0000	0.0000	0.0000
ENSG00000248231.1	KRT8P4	processed_pseudogene	0	0	0	0.0000	0.0000	0.0000
ENSG00000248234.1	AC091839.1	processed_pseudogene	0	0	0	0.0000	0.0000	0.0000
ENSG00000248235.6	AC037459.1	protein_coding	0	0	0	0.0000	0.0000	0.0000
ENSG00000248236.1	AC008837.1	processed_pseudogene	0	0	0	0.0000	0.0000	0.0000
ENSG00000248237.2	AC105420.1	processed_pseudogene	0	0	0	0.0000	0.0000	0.0000
ENSG00000248238.2	LINC02438	lncRNA	16	9	7	1.1211	0.3284	0.3162
ENSG00000248240.1	AC114956.1	lncRNA	2	0	2	0.3317	0.0972	0.0936
ENSG00000248242.1	AC004053.1	lncRNA	0	0	0	0.0000	0.0000	0.0000
ENSG00000248243.1	LINC02014	lncRNA	9	3	6	1.0719	0.3140	0.3023
ENSG00000248245.1	AC010307.2	lncRNA	0	0	0	0.0000	0.0000	0.0000
ENSG00000248249.1	AC110794.1	processed_pseudogene	0	0	0	0.0000	0.0000	0.0000
ENSG00000248254.1	AC107398.2	lncRNA	4	105	96	0.5652	0.1656	0.1594
ENSG00000248256.1	OCIAD1-AS1	lncRNA	19	34	17	6.0886	1.7835	1.7173
ENSG00000248257.7	PSG10P	transcribed_unprocessed_pseudogene	0	0	0	0.0000	0.0000	0.0000
ENSG00000248259.1	MTND4LP31	unprocessed_pseudogene	0	0	0	0.0000	0.0000	0.0000
ENSG00000248261.2	AC008948.1	lncRNA	0	0	0	0.0000	0.0000	0.0000
ENSG00000248262.1	AC108037.1	lncRNA	0	0	0	0.0000	0.0000	0.0000
ENSG00000248265.2	FLJ12825	lncRNA	6	10	4	0.1074	0.0315	0.0303
ENSG00000248266.1	AC108142.1	lncRNA	0	0	0	0.0000	0.0000	0.0000
ENSG00000248268.1	AC010275.1	lncRNA	0	0	0	0.0000	0.0000	0.0000
ENSG00000248271.1	PGAM1P1	processed_pseudogene	0	0	0	0.0000	0.0000	0.0000
ENSG00000248275.2	TRIM52-AS1	lncRNA	227	109	119	11.5018	3.3690	3.2441
ENSG00000248278.1	SUMO2P17	transcribed_processed_pseudogene	19	5	17	1.7988	0.5269	0.5074
ENSG00000248279.5	LINC02120	lncRNA	0	0	0	0.0000	0.0000	0.0000
ENSG00000248281.1	AC106868.1	processed_pseudogene	0	0	0	0.0000	0.0000	0.0000
ENSG00000248282.1	MTCYBP44	processed_pseudogene	0	0	0	0.0000	0.0000	0.0000
ENSG00000248283.2	CCNL2P1	processed_pseudogene	0	0	0	0.0000	0.0000	0.0000
ENSG00000248285.1	AC122707.1	lncRNA	0	0	0	0.0000	0.0000	0.0000
ENSG00000248286.1	AC140172.1	processed_pseudogene	1	0	1	0.6023	0.1764	0.1699
ENSG00000248287.1	SCGB1D5P	processed_pseudogene	0	0	0	0.0000	0.0000	0.0000
ENSG00000248288.1	AC008868.1	processed_pseudogene	0	0	0	0.0000	0.0000	0.0000
ENSG00000248290.1	TNXA	unprocessed_pseudogene	0	0	0	0.0000	0.0000	0.0000
ENSG00000248293.1	AC008413.1	unprocessed_pseudogene	0	0	0	0.0000	0.0000	0.0000
ENSG00000248295.2	DDX43P1	processed_pseudogene	0	0	0	0.0000	0.0000	0.0000
ENSG00000248296.1	AC025465.1	lncRNA	0	0	0	0.0000	0.0000	0.0000
ENSG00000248300.1	LINC02360	lncRNA	0	0	0	0.0000	0.0000	0.0000
ENSG00000248302.3	BNIP3P41	transcribed_processed_pseudogene	0	0	0	0.0000	0.0000	0.0000
ENSG00000248305.1	AC105416.1	processed_pseudogene	1	0	1	0.1009	0.0295	0.0284
ENSG00000248307.6	LINC00616	lncRNA	0	0	0	0.0000	0.0000	0.0000
ENSG00000248308.1	AC138938.1	processed_pseudogene	0	0	0	0.0000	0.0000	0.0000
ENSG00000248309.7	MEF2C-AS1	lncRNA	83	43	48	0.8962	0.2625	0.2528
ENSG00000248311.1	AC026719.1	lncRNA	0	0	0	0.0000	0.0000	0.0000
ENSG00000248313.1	CYP4F27P	unprocessed_pseudogene	0	0	0	0.0000	0.0000	0.0000
ENSG00000248315.1	MTND4LP2	unprocessed_pseudogene	0	0	0	0.0000	0.0000	0.0000
ENSG00000248317.2	AC111194.1	lncRNA	0	0	0	0.0000	0.0000	0.0000
ENSG00000248318.1	AC104958.1	lncRNA	1	0	1	0.0430	0.0126	0.0121
ENSG00000248319.2	LINC02275	lncRNA	0	0	0	0.0000	0.0000	0.0000
ENSG00000248320.1	THAP12P9	processed_pseudogene	0	0	0	0.0000	0.0000	0.0000
ENSG00000248322.1	AL117348.1	lncRNA	0	0	0	0.0000	0.0000	0.0000
ENSG00000248323.7	LUCAT1	lncRNA	25	10	15	0.1282	0.0376	0.0362
ENSG00000248327.1	NOL8P1	processed_pseudogene	0	0	0	0.0000	0.0000	0.0000
ENSG00000248328.1	MTCO3P28	unprocessed_pseudogene	0	0	0	0.0000	0.0000	0.0000
ENSG00000248329.6	APELA	protein_coding	7	5	3	0.2036	0.0597	0.0574
ENSG00000248330.5	LINC00613	lncRNA	0	0	0	0.0000	0.0000	0.0000
ENSG00000248332.6	TUB-AS1	lncRNA	0	0	0	0.0000	0.0000	0.0000
ENSG00000248333.9	CDK11B	protein_coding	1664	839	827	40.4893	11.8599	11.4202
ENSG00000248334.6	WHAMMP2	transcribed_unprocessed_pseudogene	8	3	5	0.1021	0.0299	0.0288
ENSG00000248335.1	AC096733.1	lncRNA	1	0	1	0.2112	0.0619	0.0596
ENSG00000248336.1	HMGN1P11	processed_pseudogene	0	0	0	0.0000	0.0000	0.0000
ENSG00000248337.1	AC233724.2	processed_pseudogene	0	0	0	0.0000	0.0000	0.0000
ENSG00000248338.2	LINC02472	lncRNA	0	0	0	0.0000	0.0000	0.0000
ENSG00000248339.1	LINC02504	lncRNA	0	0	0	0.0000	0.0000	0.0000
ENSG00000248340.2	PIMREGP4	processed_pseudogene	0	0	0	0.0000	0.0000	0.0000
ENSG00000248343.1	AC096576.2	lncRNA	0	0	0	0.0000	0.0000	0.0000
ENSG00000248346.1	AC092435.1	lncRNA	0	0	0	0.0000	0.0000	0.0000
ENSG00000248347.3	AC120036.1	unprocessed_pseudogene	0	0	0	0.0000	0.0000	0.0000
ENSG00000248349.1	AC112204.1	unprocessed_pseudogene	0	0	0	0.0000	0.0000	0.0000
ENSG00000248350.1	AC010265.1	processed_pseudogene	0	0	0	0.0000	0.0000	0.0000
ENSG00000248351.1	HSPD1P18	processed_pseudogene	0	0	0	0.0000	0.0000	0.0000
ENSG00000248355.1	ARL2BPP6	processed_pseudogene	0	0	0	0.0000	0.0000	0.0000
ENSG00000248356.1	AC093864.1	lncRNA	1	26	23	0.1140	0.0334	0.0322
ENSG00000248358.2	AC243972.1	lncRNA	1	1	0	0.1490	0.0436	0.0420
ENSG00000248359.2	AC010280.1	lncRNA	0	0	0	0.0000	0.0000	0.0000
ENSG00000248360.7	LINC00504	lncRNA	6826	3405	3421	113.7717	33.3255	32.0900
ENSG00000248362.1	AC011352.1	lncRNA	0	0	0	0.0000	0.0000	0.0000
ENSG00000248363.5	AC016550.2	lncRNA	0	0	0	0.0000	0.0000	0.0000
ENSG00000248364.1	OR7E86P	unprocessed_pseudogene	0	0	0	0.0000	0.0000	0.0000
ENSG00000248365.3	POU5F1P7	processed_pseudogene	0	0	0	0.0000	0.0000	0.0000
ENSG00000248366.1	TRAJ51	TR_J_pseudogene	0	0	0	0.0000	0.0000	0.0000
ENSG00000248367.1	AC008610.1	lncRNA	8	6	2	1.7287	0.5064	0.4876
ENSG00000248369.1	AC114741.1	lncRNA	0	0	0	0.0000	0.0000	0.0000
ENSG00000248370.2	LINC02434	lncRNA	1	1	0	0.0584	0.0171	0.0165
ENSG00000248371.5	LINC02056	lncRNA	0	0	0	0.0000	0.0000	0.0000
ENSG00000248373.6	AC096577.1	lncRNA	0	0	0	0.0000	0.0000	0.0000
ENSG00000248374.1	AC073358.1	unprocessed_pseudogene	0	0	0	0.0000	0.0000	0.0000
ENSG00000248375.1	AC104066.2	processed_pseudogene	0	20	17	0.0000	0.0000	0.0000
ENSG00000248376.2	AC112698.1	processed_pseudogene	0	0	0	0.0000	0.0000	0.0000
ENSG00000248377.1	HMGN1P9	processed_pseudogene	0	0	0	0.0000	0.0000	0.0000
ENSG00000248378.1	AC022447.1	lncRNA	0	0	0	0.0000	0.0000	0.0000
ENSG00000248383.5	PCDHAC1	protein_coding	0	0	0	0.0000	0.0000	0.0000
ENSG00000248385.8	TARM1	protein_coding	0	0	0	0.0000	0.0000	0.0000
ENSG00000248387.1	AC121161.1	processed_pseudogene	0	0	0	0.0000	0.0000	0.0000
ENSG00000248388.5	AC093801.1	lncRNA	0	0	0	0.0000	0.0000	0.0000
ENSG00000248391.6	LINC02064	lncRNA	0	0	0	0.0000	0.0000	0.0000
ENSG00000248393.1	AC026782.1	lncRNA	0	0	0	0.0000	0.0000	0.0000
ENSG00000248394.1	FOSL1P1	processed_pseudogene	2	0	2	0.2081	0.0610	0.0587
ENSG00000248396.1	TOMM22P4	processed_pseudogene	0	0	0	0.0000	0.0000	0.0000
ENSG00000248397.1	LINC00498	lncRNA	0	0	0	0.0000	0.0000	0.0000
ENSG00000248399.1	AL645924.1	lncRNA	0	0	0	0.0000	0.0000	0.0000
ENSG00000248400.2	ST13P12	processed_pseudogene	2	2	0	0.1552	0.0455	0.0438
ENSG00000248401.2	AC114781.1	processed_pseudogene	2	1	1	0.1652	0.0484	0.0466
ENSG00000248403.1	NACAP6	processed_pseudogene	0	0	0	0.0000	0.0000	0.0000
ENSG00000248405.10	PRR5-ARHGAP8	protein_coding	0	0	0	0.0000	0.0000	0.0000
ENSG00000248406.1	AC008758.3	transcribed_unprocessed_pseudogene	0	0	0	0.0000	0.0000	0.0000
ENSG00000248408.1	LINC02469	lncRNA	0	0	0	0.0000	0.0000	0.0000
ENSG00000248409.2	AP000344.2	unprocessed_pseudogene	0	1	0	0.0000	0.0000	0.0000
ENSG00000248415.1	GAPDHP61	processed_pseudogene	24	7	17	2.0280	0.5940	0.5720
ENSG00000248416.1	AC107464.1	lncRNA	0	0	0	0.0000	0.0000	0.0000
ENSG00000248417.1	AC097535.1	lncRNA	0	0	0	0.0000	0.0000	0.0000
ENSG00000248418.2	UBL5P1	processed_pseudogene	0	0	0	0.0000	0.0000	0.0000
ENSG00000248419.2	AC110768.1	processed_pseudogene	0	0	0	0.0000	0.0000	0.0000
ENSG00000248420.1	MTATP6P9	unprocessed_pseudogene	0	0	0	0.0000	0.0000	0.0000
ENSG00000248422.1	AC233724.3	processed_pseudogene	0	0	0	0.0000	0.0000	0.0000
ENSG00000248423.1	AC100850.1	processed_pseudogene	0	0	0	0.0000	0.0000	0.0000
ENSG00000248424.1	OR51K1P	unprocessed_pseudogene	0	0	0	0.0000	0.0000	0.0000
ENSG00000248425.1	AC006296.1	lncRNA	0	0	0	0.0000	0.0000	0.0000
ENSG00000248426.1	AC113347.2	processed_pseudogene	0	0	0	0.0000	0.0000	0.0000
ENSG00000248428.1	AC010395.1	lncRNA	2	0	2	0.2437	0.0714	0.0687
ENSG00000248429.5	FAM198B-AS1	lncRNA	24	118	125	0.3614	0.1059	0.1019
ENSG00000248430.1	HMGB3P16	processed_pseudogene	0	0	0	0.0000	0.0000	0.0000
ENSG00000248431.2	AC021134.1	lncRNA	0	0	0	0.0000	0.0000	0.0000
ENSG00000248432.1	AC139718.1	lncRNA	1	1	0	0.2831	0.0829	0.0798
ENSG00000248434.1	AC107463.1	lncRNA	0	0	1	0.0000	0.0000	0.0000
ENSG00000248439.2	RPL23AP94	processed_pseudogene	0	0	0	0.0000	0.0000	0.0000
ENSG00000248440.1	AC091917.1	lncRNA	0	0	0	0.0000	0.0000	0.0000
ENSG00000248441.7	LINC01197	lncRNA	15	8	13	0.0912	0.0267	0.0257
ENSG00000248442.2	OR10J7P	unitary_pseudogene	0	0	0	0.0000	0.0000	0.0000
ENSG00000248443.1	AC109464.1	lncRNA	0	0	0	0.0000	0.0000	0.0000
ENSG00000248444.1	HNRNPA1P65	processed_pseudogene	3	2	1	0.2670	0.0782	0.0753
ENSG00000248445.5	SEMA6A-AS1	lncRNA	14	65	82	0.4202	0.1231	0.1185
ENSG00000248447.2	AC107058.1	processed_pseudogene	0	0	0	0.0000	0.0000	0.0000
ENSG00000248448.2	COX5BP1	processed_pseudogene	0	0	0	0.0000	0.0000	0.0000
ENSG00000248449.2	PCDHGB8P	transcribed_unitary_pseudogene	3	3	1	0.0887	0.0260	0.0250
ENSG00000248452.2	AC097714.1	processed_pseudogene	0	0	0	0.0000	0.0000	0.0000
ENSG00000248455.6	LINC02217	lncRNA	0	0	0	0.0000	0.0000	0.0000
ENSG00000248456.1	LINC02485	lncRNA	0	0	0	0.0000	0.0000	0.0000
ENSG00000248457.1	LINC02220	lncRNA	0	0	0	0.0000	0.0000	0.0000
ENSG00000248458.2	AL139147.1	lncRNA	4	2	5	0.2938	0.0861	0.0829
ENSG00000248459.1	AC083906.1	processed_pseudogene	0	0	0	0.0000	0.0000	0.0000
ENSG00000248461.3	LINC02119	lncRNA	534	272	262	9.6096	2.8148	2.7104
ENSG00000248462.1	NENFP3	processed_pseudogene	0	0	0	0.0000	0.0000	0.0000
ENSG00000248464.1	FGF10-AS1	lncRNA	7	6	3	0.3139	0.0919	0.0885
ENSG00000248466.1	AC098827.1	processed_pseudogene	1	0	1	0.1273	0.0373	0.0359
ENSG00000248468.2	AC107027.1	lncRNA	1	235	236	0.0629	0.0184	0.0177
ENSG00000248469.1	AC139491.1	lncRNA	0	0	0	0.0000	0.0000	0.0000
ENSG00000248471.2	AC233724.4	processed_pseudogene	0	0	0	0.0000	0.0000	0.0000
ENSG00000248472.8	DDX11L9	transcribed_unprocessed_pseudogene	0	0	0	0.0000	0.0000	0.0000
ENSG00000248473.2	LINC01962	lncRNA	3	3	0	0.0535	0.0157	0.0151
ENSG00000248474.1	LINC02122	lncRNA	0	0	0	0.0000	0.0000	0.0000
ENSG00000248475.5	AC016642.1	lncRNA	0	0	0	0.0000	0.0000	0.0000
ENSG00000248476.1	BACH1-IT1	lncRNA	6	3	3	0.6206	0.1818	0.1750
ENSG00000248477.6	NAIPP3	transcribed_unprocessed_pseudogene	0	0	0	0.0000	0.0000	0.0000
ENSG00000248479.1	AC104137.1	lncRNA	11	4	7	2.4263	0.7107	0.6844
ENSG00000248480.1	AC093801.2	processed_pseudogene	0	0	0	0.0000	0.0000	0.0000
ENSG00000248482.1	AC008406.1	lncRNA	0	0	0	0.0000	0.0000	0.0000
ENSG00000248483.7	POU5F2	protein_coding	0	0	0	0.0000	0.0000	0.0000
ENSG00000248484.1	AC113391.1	lncRNA	0	0	0	0.0000	0.0000	0.0000
ENSG00000248485.2	PCP4L1	protein_coding	0	0	0	0.0000	0.0000	0.0000
ENSG00000248487.9	ABHD14A	protein_coding	95	184	159	3.3925	0.9937	0.9569
ENSG00000248488.2	PGAM4P2	processed_pseudogene	0	0	0	0.0000	0.0000	0.0000
ENSG00000248489.2	LINC02062	lncRNA	11	5	6	0.3930	0.1151	0.1108
ENSG00000248490.2	AC113355.1	lncRNA	0	0	0	0.0000	0.0000	0.0000
ENSG00000248491.6	AC093772.1	lncRNA	0	0	0	0.0000	0.0000	0.0000
ENSG00000248492.1	ZFAT-AS1	lncRNA	0	30	26	0.0000	0.0000	0.0000
ENSG00000248493.1	AC005351.1	processed_pseudogene	0	0	0	0.0000	0.0000	0.0000
ENSG00000248494.1	LNX1-AS2	lncRNA	0	0	0	0.0000	0.0000	0.0000
ENSG00000248498.4	ASNSP1	transcribed_unprocessed_pseudogene	2	2	0	0.0599	0.0175	0.0169
ENSG00000248503.2	AL356235.1	transcribed_processed_pseudogene	18	10	8	0.6283	0.1840	0.1772
ENSG00000248505.2	LINC02380	lncRNA	0	0	0	0.0000	0.0000	0.0000
ENSG00000248506.1	TUBAP10	processed_pseudogene	0	0	0	0.0000	0.0000	0.0000
ENSG00000248507.1	OR5H4P	unprocessed_pseudogene	0	0	0	0.0000	0.0000	0.0000
ENSG00000248508.8	SRP14-AS1	lncRNA	265	141	143	4.4221	1.2953	1.2473
ENSG00000248510.2	LINC02267	lncRNA	0	0	0	0.0000	0.0000	0.0000
ENSG00000248511.1	AC112695.1	lncRNA	0	0	0	0.0000	0.0000	0.0000
ENSG00000248514.1	AC008443.3	lncRNA	1	0	1	0.1862	0.0545	0.0525
ENSG00000248515.2	AC024230.1	lncRNA	16	7	9	0.2895	0.0848	0.0816
ENSG00000248516.1	AC105415.1	lncRNA	1	0	1	0.0600	0.0176	0.0169
ENSG00000248517.1	LINC02437	lncRNA	0	0	0	0.0000	0.0000	0.0000
ENSG00000248518.1	AC098587.1	lncRNA	0	0	0	0.0000	0.0000	0.0000
ENSG00000248521.1	AC092612.1	processed_pseudogene	1	1	0	0.0851	0.0249	0.0240
ENSG00000248522.1	SBF1P1	processed_pseudogene	1	0	1	0.0151	0.0044	0.0043
ENSG00000248525.2	AC026787.1	lncRNA	0	0	0	0.0000	0.0000	0.0000
ENSG00000248527.1	MTATP6P1	unprocessed_pseudogene	12329	6043	6292	1537.4217	450.3349	433.6388
ENSG00000248528.1	LINC02058	lncRNA	0	0	0	0.0000	0.0000	0.0000
ENSG00000248529.5	AC026746.1	lncRNA	0	0	0	0.0000	0.0000	0.0000
ENSG00000248530.1	BCL2L12P1	processed_pseudogene	1	0	1	0.1159	0.0339	0.0327
ENSG00000248531.3	NDUFA5P12	unprocessed_pseudogene	1	0	1	0.2476	0.0725	0.0698
ENSG00000248532.2	AC119751.2	processed_pseudogene	0	0	0	0.0000	0.0000	0.0000
ENSG00000248533.1	AC034226.1	lncRNA	0	0	0	0.0000	0.0000	0.0000
ENSG00000248537.1	AC091906.1	lncRNA	0	0	0	0.0000	0.0000	0.0000
ENSG00000248538.8	AC022784.1	lncRNA	71	33	38	0.3460	0.1013	0.0976
ENSG00000248539.1	LINC02117	lncRNA	1	0	1	0.1573	0.0461	0.0444
ENSG00000248540.3	AC010931.1	lncRNA	7	5	4	0.1801	0.0527	0.0508
ENSG00000248542.2	AC233724.5	processed_pseudogene	0	0	0	0.0000	0.0000	0.0000
ENSG00000248543.2	NPM1P41	processed_pseudogene	0	0	0	0.0000	0.0000	0.0000
ENSG00000248544.2	AC008676.1	lncRNA	2	1	2	0.0817	0.0239	0.0231
ENSG00000248545.3	AC105290.1	lncRNA	0	0	0	0.0000	0.0000	0.0000
ENSG00000248546.3	ANP32C	processed_pseudogene	1	1	0	0.1205	0.0353	0.0340
ENSG00000248547.2	AC021146.2	processed_pseudogene	0	0	0	0.0000	0.0000	0.0000
ENSG00000248548.1	MTND4P8	unprocessed_pseudogene	0	0	0	0.0000	0.0000	0.0000
ENSG00000248550.4	OTX2-AS1	lncRNA	0	0	0	0.0000	0.0000	0.0000
ENSG00000248551.1	AC095050.1	lncRNA	0	0	0	0.0000	0.0000	0.0000
ENSG00000248552.1	AC074344.1	processed_pseudogene	0	0	0	0.0000	0.0000	0.0000
ENSG00000248553.1	OR52H2P	unitary_pseudogene	0	0	0	0.0000	0.0000	0.0000
ENSG00000248554.1	C5orf34-AS1	lncRNA	1	1	0	0.1485	0.0435	0.0419
ENSG00000248555.7	LINC01339	lncRNA	0	0	0	0.0000	0.0000	0.0000
ENSG00000248557.1	AC024558.1	processed_pseudogene	3	2	1	0.4825	0.1413	0.1361
ENSG00000248559.1	AC109454.2	lncRNA	20	11	11	3.2662	0.9567	0.9212
ENSG00000248560.1	AC008620.2	processed_pseudogene	0	0	0	0.0000	0.0000	0.0000
ENSG00000248564.1	AC079140.1	processed_pseudogene	1	1	0	0.1744	0.0511	0.0492
ENSG00000248565.2	TECRP2	processed_pseudogene	0	0	0	0.0000	0.0000	0.0000
ENSG00000248567.1	AC068721.1	lncRNA	0	0	0	0.0000	0.0000	0.0000
ENSG00000248568.1	KRT8P48	processed_pseudogene	0	0	0	0.0000	0.0000	0.0000
ENSG00000248569.1	AC026410.3	processed_pseudogene	20	11	9	1.8145	0.5315	0.5118
ENSG00000248571.1	AC106882.1	lncRNA	0	0	0	0.0000	0.0000	0.0000
ENSG00000248572.6	EGFLAM-AS2	lncRNA	1	1	0	0.0411	0.0120	0.0116
ENSG00000248573.1	PRYP6	transcribed_unprocessed_pseudogene	0	0	0	0.0000	0.0000	0.0000
ENSG00000248574.1	ADAM20P2	processed_pseudogene	0	0	0	0.0000	0.0000	0.0000
ENSG00000248576.1	AC023794.1	lncRNA	0	0	0	0.0000	0.0000	0.0000
ENSG00000248577.1	AC091435.1	processed_pseudogene	0	0	0	0.0000	0.0000	0.0000
ENSG00000248578.1	NPM1P21	processed_pseudogene	11	6	6	1.2259	0.3591	0.3458
ENSG00000248583.1	AC119751.3	unprocessed_pseudogene	62	35	28	7.8583	2.3018	2.2165
ENSG00000248585.2	AC084024.2	processed_pseudogene	0	0	0	0.0000	0.0000	0.0000
ENSG00000248586.2	AC025470.1	processed_pseudogene	5	2	3	0.2090	0.0612	0.0589
ENSG00000248587.8	GDNF-AS1	lncRNA	153	298	297	1.1995	0.3513	0.3383
ENSG00000248588.2	AC008517.1	lncRNA	1	0	1	0.0581	0.0170	0.0164
ENSG00000248590.2	GLDCP1	transcribed_processed_pseudogene	9	4	5	0.2854	0.0836	0.0805
ENSG00000248591.1	AC109445.1	processed_pseudogene	0	0	0	0.0000	0.0000	0.0000
ENSG00000248592.7	STIMATE-MUSTN1	protein_coding	6	2	4	0.0813	0.0238	0.0229
ENSG00000248593.3	DSTNP2	transcribed_unprocessed_pseudogene	364	197	167	27.9738	8.1940	7.8902
ENSG00000248596.8	AC139491.2	lncRNA	0	0	0	0.0000	0.0000	0.0000
ENSG00000248597.2	AC126768.1	lncRNA	0	0	0	0.0000	0.0000	0.0000
ENSG00000248599.2	FLJ42969	lncRNA	0	0	0	0.0000	0.0000	0.0000
ENSG00000248600.2	AC025465.2	lncRNA	0	0	0	0.0000	0.0000	0.0000
ENSG00000248601.1	AC116634.1	lncRNA	0	0	0	0.0000	0.0000	0.0000
ENSG00000248605.5	AC022140.1	lncRNA	0	0	0	0.0000	0.0000	0.0000
ENSG00000248607.1	AC117422.1	lncRNA	0	0	0	0.0000	0.0000	0.0000
ENSG00000248608.2	AC133963.1	processed_pseudogene	1	0	1	0.0506	0.0148	0.0143
ENSG00000248610.1	HSPA8P4	processed_pseudogene	53	28	25	2.3442	0.6866	0.6612
ENSG00000248611.1	AC107385.1	processed_pseudogene	0	0	0	0.0000	0.0000	0.0000
ENSG00000248613.1	AC021146.3	unprocessed_pseudogene	0	0	0	0.0000	0.0000	0.0000
ENSG00000248616.1	ANKRD49P3	processed_pseudogene	0	0	0	0.0000	0.0000	0.0000
ENSG00000248618.1	ENPP7P3	processed_pseudogene	0	0	0	0.0000	0.0000	0.0000
ENSG00000248621.2	AC108019.1	processed_pseudogene	0	0	0	0.0000	0.0000	0.0000
ENSG00000248624.1	AC022447.2	lncRNA	0	0	0	0.0000	0.0000	0.0000
ENSG00000248625.1	AC079768.1	processed_pseudogene	0	0	0	0.0000	0.0000	0.0000
ENSG00000248626.1	GAPDHP40	processed_pseudogene	23	12	11	1.9415	0.5687	0.5476
ENSG00000248627.1	AC095059.1	lncRNA	0	0	0	0.0000	0.0000	0.0000
ENSG00000248629.1	AC092608.1	lncRNA	0	0	0	0.0000	0.0000	0.0000
ENSG00000248633.1	WRBP1	transcribed_processed_pseudogene	0	0	0	0.0000	0.0000	0.0000
ENSG00000248634.1	AC008588.1	lncRNA	0	0	0	0.0000	0.0000	0.0000
ENSG00000248635.1	AC147055.1	unprocessed_pseudogene	0	0	0	0.0000	0.0000	0.0000
ENSG00000248636.7	AC002070.1	lncRNA	4	20	18	0.2312	0.0677	0.0652
ENSG00000248637.1	AC108064.1	processed_pseudogene	1	0	1	0.1846	0.0541	0.0521
ENSG00000248639.2	AC098799.1	processed_pseudogene	0	0	0	0.0000	0.0000	0.0000
ENSG00000248640.1	HNRNPA1P56	processed_pseudogene	1	1	0	0.0890	0.0261	0.0251
ENSG00000248641.1	HMGA1P2	processed_pseudogene	3	2	1	0.7863	0.2303	0.2218
ENSG00000248642.1	OR10J2P	unprocessed_pseudogene	0	0	0	0.0000	0.0000	0.0000
ENSG00000248643.5	RBM14-RBM4	protein_coding	6	2	4	0.1977	0.0579	0.0558
ENSG00000248645.1	AC106872.5	unprocessed_pseudogene	0	0	0	0.0000	0.0000	0.0000
ENSG00000248646.1	AC096759.1	lncRNA	0	0	0	0.0000	0.0000	0.0000
ENSG00000248647.2	AC012613.1	lncRNA	0	0	0	0.0000	0.0000	0.0000
ENSG00000248648.1	AC113410.1	processed_pseudogene	0	0	0	0.0000	0.0000	0.0000
ENSG00000248651.1	GCSHP1	processed_pseudogene	0	0	0	0.0000	0.0000	0.0000
ENSG00000248652.2	AC034244.1	processed_pseudogene	0	0	0	0.0000	0.0000	0.0000
ENSG00000248654.1	MTCO3P44	unprocessed_pseudogene	0	0	0	0.0000	0.0000	0.0000
ENSG00000248656.2	AC083795.2	lncRNA	0	0	0	0.0000	0.0000	0.0000
ENSG00000248659.1	AC023162.1	unprocessed_pseudogene	0	0	0	0.0000	0.0000	0.0000
ENSG00000248660.1	SRIP1	processed_pseudogene	0	0	0	0.0000	0.0000	0.0000
ENSG00000248663.6	LINC00992	lncRNA	2	1	1	0.1485	0.0435	0.0419
ENSG00000248664.1	AC010273.2	lncRNA	6	454	428	0.5386	0.1578	0.1519
ENSG00000248667.1	AC010486.1	lncRNA	0	0	0	0.0000	0.0000	0.0000
ENSG00000248668.3	OXCT1-AS1	lncRNA	19	131	117	0.7278	0.2132	0.2053
ENSG00000248669.1	AC116562.1	processed_pseudogene	0	0	0	0.0000	0.0000	0.0000
ENSG00000248671.8	ALG1L9P	lncRNA	17	41	40	0.1452	0.0425	0.0409
ENSG00000248672.5	LY75-CD302	protein_coding	0	0	0	0.0000	0.0000	0.0000
ENSG00000248673.2	LINC01331	lncRNA	1	1	0	0.0232	0.0068	0.0065
ENSG00000248674.1	RBBP4P6	processed_pseudogene	0	0	0	0.0000	0.0000	0.0000
ENSG00000248676.1	AC083902.1	lncRNA	0	0	0	0.0000	0.0000	0.0000
ENSG00000248677.2	LINC02102	lncRNA	1	0	1	0.0240	0.0070	0.0068
ENSG00000248682.1	ARHGAP22-IT1	lncRNA	0	0	0	0.0000	0.0000	0.0000
ENSG00000248684.1	BIN2P2	processed_pseudogene	1	0	1	0.0652	0.0191	0.0184
ENSG00000248685.6	LINC02484	lncRNA	0	0	0	0.0000	0.0000	0.0000
ENSG00000248687.2	AC024589.1	unprocessed_pseudogene	0	0	0	0.0000	0.0000	0.0000
ENSG00000248690.8	HAS2-AS1	lncRNA	118	125	125	1.7745	0.5198	0.5005
ENSG00000248692.5	ADGRL3-AS1	lncRNA	0	1	2	0.0000	0.0000	0.0000
ENSG00000248693.1	LINC02100	lncRNA	4	2	2	1.4272	0.4181	0.4026
ENSG00000248694.1	AC079226.1	lncRNA	0	12	15	0.0000	0.0000	0.0000
ENSG00000248696.1	AC011406.1	processed_pseudogene	0	0	0	0.0000	0.0000	0.0000
ENSG00000248697.1	TOX4P1	processed_pseudogene	3	1	2	0.1368	0.0401	0.0386
ENSG00000248698.6	LINC01085	transcribed_processed_pseudogene	4	3	1	0.1313	0.0385	0.0370
ENSG00000248699.1	AC114964.1	processed_pseudogene	4	2	2	0.3057	0.0896	0.0862
ENSG00000248701.1	AC008539.1	lncRNA	0	0	0	0.0000	0.0000	0.0000
ENSG00000248702.1	AC005921.1	processed_pseudogene	0	0	0	0.0000	0.0000	0.0000
ENSG00000248703.2	LINC02415	lncRNA	0	0	0	0.0000	0.0000	0.0000
ENSG00000248704.1	MTND4P2	unprocessed_pseudogene	0	0	0	0.0000	0.0000	0.0000
ENSG00000248705.1	AC114812.4	unprocessed_pseudogene	0	0	0	0.0000	0.0000	0.0000
ENSG00000248708.2	LINC02144	lncRNA	0	0	0	0.0000	0.0000	0.0000
ENSG00000248709.3	AC008549.1	lncRNA	0	0	0	0.0000	0.0000	0.0000
ENSG00000248710.1	AC079594.1	protein_coding	1	10	5	0.0253	0.0074	0.0071
ENSG00000248711.1	THUMPD3P1	unprocessed_pseudogene	0	0	0	0.0000	0.0000	0.0000
ENSG00000248712.7	CCDC153	protein_coding	17	5	12	0.5648	0.1654	0.1593
ENSG00000248713.1	C4orf54	protein_coding	36	21	15	0.3031	0.0888	0.0855
ENSG00000248714.7	AC091180.2	lncRNA	18	16	7	0.6431	0.1884	0.1814
ENSG00000248715.2	AC105424.1	processed_pseudogene	0	0	0	0.0000	0.0000	0.0000
ENSG00000248716.2	AC093815.1	processed_pseudogene	0	0	0	0.0000	0.0000	0.0000
ENSG00000248717.1	LINC02222	lncRNA	0	0	0	0.0000	0.0000	0.0000
ENSG00000248719.2	AC021127.1	lncRNA	0	1	1	0.0000	0.0000	0.0000
ENSG00000248720.1	RFPL4AP5	processed_pseudogene	0	0	0	0.0000	0.0000	0.0000
ENSG00000248722.1	AK3P4	processed_pseudogene	0	0	0	0.0000	0.0000	0.0000
ENSG00000248724.6	NPHP3-AS1	lncRNA	3	24	33	0.0489	0.0143	0.0138
ENSG00000248725.3	AC097488.1	processed_pseudogene	0	0	0	0.0000	0.0000	0.0000
ENSG00000248727.6	LINC01948	lncRNA	42	20	22	0.4501	0.1318	0.1269
ENSG00000248729.1	MTCO1P30	processed_pseudogene	0	0	0	0.0000	0.0000	0.0000
ENSG00000248730.1	EGFLAM-AS4	lncRNA	0	0	0	0.0000	0.0000	0.0000
ENSG00000248733.1	AC008852.1	lncRNA	0	0	0	0.0000	0.0000	0.0000
ENSG00000248734.2	AC008906.1	lncRNA	54	193	228	4.5811	1.3419	1.2921
ENSG00000248735.2	R3HDM2P1	processed_pseudogene	0	0	0	0.0000	0.0000	0.0000
ENSG00000248736.3	AC094105.2	lncRNA	0	0	0	0.0000	0.0000	0.0000
ENSG00000248738.6	AC037441.1	lncRNA	0	0	0	0.0000	0.0000	0.0000
ENSG00000248739.1	AC069306.1	processed_pseudogene	0	0	0	0.0000	0.0000	0.0000
ENSG00000248740.6	LINC02428	lncRNA	0	0	0	0.0000	0.0000	0.0000
ENSG00000248744.1	AC108467.1	lncRNA	0	0	0	0.0000	0.0000	0.0000
ENSG00000248745.2	NMNAT1P4	processed_pseudogene	0	0	0	0.0000	0.0000	0.0000
ENSG00000248746.6	ACTN3	protein_coding	0	0	0	0.0000	0.0000	0.0000
ENSG00000248747.1	AC107220.1	lncRNA	0	0	0	0.0000	0.0000	0.0000
ENSG00000248748.1	MTND5P9	unprocessed_pseudogene	0	0	0	0.0000	0.0000	0.0000
ENSG00000248749.1	AC104063.1	lncRNA	0	0	0	0.0000	0.0000	0.0000
ENSG00000248750.2	AC020699.1	processed_pseudogene	0	0	0	0.0000	0.0000	0.0000
ENSG00000248751.6	AC004997.1	protein_coding	0	0	0	0.0000	0.0000	0.0000
ENSG00000248752.3	AC116362.1	lncRNA	1	0	1	0.0192	0.0056	0.0054
ENSG00000248753.1	AC008406.2	lncRNA	0	0	0	0.0000	0.0000	0.0000
ENSG00000248755.1	AC092639.1	processed_pseudogene	0	0	0	0.0000	0.0000	0.0000
ENSG00000248757.2	LINC02115	lncRNA	0	0	0	0.0000	0.0000	0.0000
ENSG00000248758.1	AC008883.1	lncRNA	2	2	0	0.8800	0.2578	0.2482
ENSG00000248761.1	AC091874.1	processed_pseudogene	0	0	0	0.0000	0.0000	0.0000
ENSG00000248762.2	AC012339.1	lncRNA	0	0	0	0.0000	0.0000	0.0000
ENSG00000248763.2	AC111000.2	unprocessed_pseudogene	26	8	18	4.0144	1.1759	1.1323
ENSG00000248764.1	AC092435.2	lncRNA	0	0	0	0.0000	0.0000	0.0000
ENSG00000248765.1	MTCYBP37	processed_pseudogene	0	0	1	0.0000	0.0000	0.0000
ENSG00000248766.2	AC093303.1	processed_pseudogene	0	0	0	0.0000	0.0000	0.0000
ENSG00000248767.2	FOXL3	protein_coding	0	0	0	0.0000	0.0000	0.0000
ENSG00000248769.1	AC139495.1	unprocessed_pseudogene	0	0	0	0.0000	0.0000	0.0000
ENSG00000248770.1	AC019235.1	unprocessed_pseudogene	0	0	0	0.0000	0.0000	0.0000
ENSG00000248771.5	SMIM31	protein_coding	3	0	3	0.0799	0.0234	0.0225
ENSG00000248772.1	AC108729.3	unprocessed_pseudogene	0	0	0	0.0000	0.0000	0.0000
ENSG00000248773.1	AC108727.1	lncRNA	1	1	0	0.2161	0.0633	0.0609
ENSG00000248774.1	AC097534.1	lncRNA	6	246	247	0.9780	0.2865	0.2758
ENSG00000248775.1	AC091951.2	processed_pseudogene	0	0	0	0.0000	0.0000	0.0000
ENSG00000248777.1	AC006499.1	processed_pseudogene	0	0	0	0.0000	0.0000	0.0000
ENSG00000248778.1	AC105391.1	processed_pseudogene	0	1	0	0.0000	0.0000	0.0000
ENSG00000248779.1	AC093297.1	lncRNA	1	0	1	0.1437	0.0421	0.0405
ENSG00000248780.1	ARL4AP2	processed_pseudogene	1	0	1	0.1413	0.0414	0.0399
ENSG00000248781.1	PSMC1P4	processed_pseudogene	0	0	0	0.0000	0.0000	0.0000
ENSG00000248783.1	AC106771.1	lncRNA	0	0	0	0.0000	0.0000	0.0000
ENSG00000248785.1	HIGD1AP14	processed_pseudogene	0	0	0	0.0000	0.0000	0.0000
ENSG00000248787.2	AC092903.2	lncRNA	5	1	4	0.4106	0.1203	0.1158
ENSG00000248789.5	LINC02118	lncRNA	0	0	0	0.0000	0.0000	0.0000
ENSG00000248790.1	AC097103.1	lncRNA	0	0	0	0.0000	0.0000	0.0000
ENSG00000248791.1	AC010627.1	processed_pseudogene	2	1	1	0.1313	0.0384	0.0370
ENSG00000248792.2	LINC00266-2P	unprocessed_pseudogene	0	0	0	0.0000	0.0000	0.0000
ENSG00000248794.1	AC026436.1	processed_pseudogene	7	1	6	2.2016	0.6449	0.6210
ENSG00000248795.1	AC098859.1	processed_pseudogene	2	2	0	0.1372	0.0402	0.0387
ENSG00000248796.1	MED15P8	unprocessed_pseudogene	0	0	0	0.0000	0.0000	0.0000
ENSG00000248799.1	AC022118.1	lncRNA	0	0	0	0.0000	0.0000	0.0000
ENSG00000248801.7	C8orf34-AS1	lncRNA	0	0	0	0.0000	0.0000	0.0000
ENSG00000248802.1	AC078850.2	lncRNA	0	0	0	0.0000	0.0000	0.0000
ENSG00000248803.1	AC092349.1	processed_pseudogene	0	0	0	0.0000	0.0000	0.0000
ENSG00000248807.1	KRTAP9-12P	unprocessed_pseudogene	0	0	0	0.0000	0.0000	0.0000
ENSG00000248809.6	LINC01095	lncRNA	0	0	0	0.0000	0.0000	0.0000
ENSG00000248810.2	LINC02432	lncRNA	18	11	7	0.2092	0.0613	0.0590
ENSG00000248813.1	AC022447.3	lncRNA	0	0	0	0.0000	0.0000	0.0000
ENSG00000248816.1	AC079226.2	lncRNA	0	0	0	0.0000	0.0000	0.0000
ENSG00000248817.1	PMPCAP1	processed_pseudogene	0	0	0	0.0000	0.0000	0.0000
ENSG00000248820.2	DYNLL1P6	processed_pseudogene	2	2	0	0.6433	0.1884	0.1815
ENSG00000248821.1	AC009238.3	unprocessed_pseudogene	0	3	4	0.0000	0.0000	0.0000
ENSG00000248822.1	APOBEC3AP1	processed_pseudogene	0	0	0	0.0000	0.0000	0.0000
ENSG00000248824.2	AC108078.1	unprocessed_pseudogene	0	0	0	0.0000	0.0000	0.0000
ENSG00000248826.2	PCBP2P3	processed_pseudogene	0	0	0	0.0000	0.0000	0.0000
ENSG00000248827.1	AC024587.1	processed_pseudogene	3	2	1	0.1181	0.0346	0.0333
ENSG00000248830.1	ZNF807P	unprocessed_pseudogene	0	0	0	0.0000	0.0000	0.0000
ENSG00000248831.2	AC008638.1	processed_pseudogene	0	0	0	0.0000	0.0000	0.0000
ENSG00000248834.2	MARK2P5	processed_pseudogene	0	0	0	0.0000	0.0000	0.0000
ENSG00000248837.7	AC097512.1	lncRNA	31	13	18	0.3413	0.1000	0.0963
ENSG00000248838.2	PGAM1P13	processed_pseudogene	0	0	0	0.0000	0.0000	0.0000
ENSG00000248839.1	AC021660.2	lncRNA	1	3	4	0.2189	0.0641	0.0617
ENSG00000248840.2	AL645949.1	transcribed_processed_pseudogene	0	0	0	0.0000	0.0000	0.0000
ENSG00000248842.1	AC011396.1	lncRNA	0	0	0	0.0000	0.0000	0.0000
ENSG00000248843.1	AL645949.2	processed_pseudogene	0	1	0	0.0000	0.0000	0.0000
ENSG00000248844.6	LINC02753	lncRNA	0	0	0	0.0000	0.0000	0.0000
ENSG00000248846.3	LINC02065	lncRNA	25	14	11	1.0938	0.3204	0.3085
ENSG00000248847.2	AC074087.1	processed_pseudogene	0	0	0	0.0000	0.0000	0.0000
ENSG00000248848.1	PPBPP2	transcribed_unprocessed_pseudogene	0	0	0	0.0000	0.0000	0.0000
ENSG00000248850.1	AC078867.1	processed_pseudogene	0	0	0	0.0000	0.0000	0.0000
ENSG00000248851.1	AC006427.1	processed_pseudogene	0	0	0	0.0000	0.0000	0.0000
ENSG00000248853.1	AC113352.1	processed_pseudogene	0	0	0	0.0000	0.0000	0.0000
ENSG00000248854.1	HNRNPH1P3	processed_pseudogene	1	1	0	0.0693	0.0203	0.0196
ENSG00000248858.7	FLJ46284	lncRNA	79	36	43	0.8312	0.2435	0.2344
ENSG00000248859.2	LINC01574	lncRNA	0	0	0	0.0000	0.0000	0.0000
ENSG00000248863.2	AC097376.2	transcribed_processed_pseudogene	1	0	1	0.0685	0.0201	0.0193
ENSG00000248866.1	USP46-DT	lncRNA	62	32	30	5.0239	1.4716	1.4170
ENSG00000248867.1	AC010625.1	processed_pseudogene	0	0	0	0.0000	0.0000	0.0000
ENSG00000248869.7	LINC02511	lncRNA	1	0	1	0.0251	0.0073	0.0071
ENSG00000248870.1	AC026782.2	lncRNA	0	0	0	0.0000	0.0000	0.0000
ENSG00000248871.1	TNFSF12-TNFSF13	protein_coding	0	0	0	0.0000	0.0000	0.0000
ENSG00000248872.2	LINC02431	lncRNA	0	0	0	0.0000	0.0000	0.0000
ENSG00000248873.1	SERBP1P6	processed_pseudogene	3	2	1	0.2733	0.0801	0.0771
ENSG00000248874.5	C5orf17	lncRNA	0	0	0	0.0000	0.0000	0.0000
ENSG00000248876.1	AC091917.2	lncRNA	13	7	6	1.4838	0.4346	0.4185
ENSG00000248877.2	PGBD4P4	processed_pseudogene	0	0	0	0.0000	0.0000	0.0000
ENSG00000248878.1	AC022447.4	transcribed_processed_pseudogene	0	0	0	0.0000	0.0000	0.0000
ENSG00000248880.1	ICE2P1	processed_pseudogene	0	0	0	0.0000	0.0000	0.0000
ENSG00000248881.1	AC010245.1	lncRNA	0	259	206	0.0000	0.0000	0.0000
ENSG00000248883.2	B4GALNT2P1	unprocessed_pseudogene	0	0	0	0.0000	0.0000	0.0000
ENSG00000248884.1	AC010280.2	lncRNA	0	0	0	0.0000	0.0000	0.0000
ENSG00000248885.1	AC118465.1	processed_pseudogene	1	0	1	0.0668	0.0196	0.0188
ENSG00000248886.2	UGT2A3P7	unprocessed_pseudogene	0	0	0	0.0000	0.0000	0.0000
ENSG00000248890.2	HHIP-AS1	lncRNA	0	0	0	0.0000	0.0000	0.0000
ENSG00000248891.2	AC091860.1	processed_pseudogene	0	0	0	0.0000	0.0000	0.0000
ENSG00000248893.3	FAM138E	lncRNA	0	0	0	0.0000	0.0000	0.0000
ENSG00000248895.1	AC068531.2	processed_pseudogene	0	0	0	0.0000	0.0000	0.0000
ENSG00000248896.3	AC105001.1	lncRNA	6	2	4	0.1555	0.0455	0.0439
ENSG00000248898.3	AC022126.1	lncRNA	22	22	26	0.6588	0.1930	0.1858
ENSG00000248901.2	LINC01846	lncRNA	0	0	0	0.0000	0.0000	0.0000
ENSG00000248903.1	AP000867.1	processed_pseudogene	0	0	0	0.0000	0.0000	0.0000
ENSG00000248905.10	FMN1	protein_coding	12338	6137	6202	51.6896	15.1407	14.5794
ENSG00000248907.1	MTND2P33	unprocessed_pseudogene	0	0	0	0.0000	0.0000	0.0000
ENSG00000248908.1	LINC02239	lncRNA	0	0	0	0.0000	0.0000	0.0000
ENSG00000248909.1	HMGB1P21	processed_pseudogene	0	0	0	0.0000	0.0000	0.0000
ENSG00000248911.2	AC009800.1	processed_pseudogene	0	0	0	0.0000	0.0000	0.0000
ENSG00000248912.1	AC096736.1	lncRNA	0	0	0	0.0000	0.0000	0.0000
ENSG00000248913.1	PHBP14	processed_pseudogene	0	0	0	0.0000	0.0000	0.0000
ENSG00000248915.2	ACTR6P1	processed_pseudogene	0	0	0	0.0000	0.0000	0.0000
ENSG00000248916.1	NUP210P3	unprocessed_pseudogene	2	2	0	0.4377	0.1282	0.1235
ENSG00000248918.2	AC008808.1	lncRNA	0	0	0	0.0000	0.0000	0.0000
ENSG00000248919.7	ATP5MF-PTCD1	protein_coding	0	91	71	0.0000	0.0000	0.0000
ENSG00000248920.3	USP17L19	protein_coding	0	0	0	0.0000	0.0000	0.0000
ENSG00000248921.1	AC021193.1	processed_pseudogene	0	0	0	0.0000	0.0000	0.0000
ENSG00000248923.1	MTND5P11	processed_pseudogene	46	41	16	2.1558	0.6315	0.6081
ENSG00000248924.2	AC139713.1	transcribed_processed_pseudogene	0	15	6	0.0000	0.0000	0.0000
ENSG00000248925.1	AC021087.1	lncRNA	31	18	20	5.0432	1.4772	1.4225
ENSG00000248926.1	AC114801.2	processed_pseudogene	0	0	0	0.0000	0.0000	0.0000
ENSG00000248927.1	AC114284.1	lncRNA	5	2	3	0.3812	0.1116	0.1075
ENSG00000248928.1	AC008837.2	processed_pseudogene	0	0	0	0.0000	0.0000	0.0000
ENSG00000248929.1	HIGD1AP3	processed_pseudogene	0	0	0	0.0000	0.0000	0.0000
ENSG00000248930.1	CHP1P1	processed_pseudogene	1	0	1	0.1464	0.0429	0.0413
ENSG00000248931.1	MTCYBP40	processed_pseudogene	0	0	0	0.0000	0.0000	0.0000
ENSG00000248932.6	AC046134.2	lncRNA	147	100	57	0.9154	0.2681	0.2582
ENSG00000248933.3	USP17L22	protein_coding	0	0	0	0.0000	0.0000	0.0000
ENSG00000248935.1	AC034234.1	lncRNA	0	4	1	0.0000	0.0000	0.0000
ENSG00000248936.1	AC027607.1	lncRNA	5	18	15	0.7951	0.2329	0.2243
ENSG00000248939.1	AC111198.1	lncRNA	0	0	0	0.0000	0.0000	0.0000
ENSG00000248942.3	LINC01335	lncRNA	0	0	0	0.0000	0.0000	0.0000
ENSG00000248943.1	AC140125.1	lncRNA	0	0	0	0.0000	0.0000	0.0000
ENSG00000248944.1	FAM90A6P	unprocessed_pseudogene	0	0	0	0.0000	0.0000	0.0000
ENSG00000248946.2	MTND3P22	processed_pseudogene	0	0	0	0.0000	0.0000	0.0000
ENSG00000248949.1	AC122719.1	lncRNA	0	0	0	0.0000	0.0000	0.0000
ENSG00000248950.1	LDHBP3	processed_pseudogene	0	0	0	0.0000	0.0000	0.0000
ENSG00000248951.2	MTCO2P32	processed_pseudogene	0	0	0	0.0000	0.0000	0.0000
ENSG00000248954.1	AC027801.2	lncRNA	1	0	1	0.0468	0.0137	0.0132
ENSG00000248955.1	AC113367.2	processed_pseudogene	0	0	0	0.0000	0.0000	0.0000
ENSG00000248956.1	HMGB1P44	processed_pseudogene	0	0	0	0.0000	0.0000	0.0000
ENSG00000248958.2	ZSWIM5P3	processed_pseudogene	0	0	0	0.0000	0.0000	0.0000
ENSG00000248962.1	AC025773.1	lncRNA	0	0	0	0.0000	0.0000	0.0000
ENSG00000248964.7	AC131254.1	lncRNA	1237	671	566	34.8298	10.2022	9.8239
ENSG00000248965.1	AC011389.1	lncRNA	0	0	0	0.0000	0.0000	0.0000
ENSG00000248966.1	BCLAF1P1	processed_pseudogene	0	0	0	0.0000	0.0000	0.0000
ENSG00000248967.1	AC022493.2	processed_pseudogene	0	0	0	0.0000	0.0000	0.0000
ENSG00000248968.1	AC012640.1	lncRNA	17	25	20	2.0983	0.6146	0.5918
ENSG00000248969.1	AC137810.1	lncRNA	0	0	0	0.0000	0.0000	0.0000
ENSG00000248971.2	KRT8P46	processed_pseudogene	12	6	6	0.7146	0.2093	0.2016
ENSG00000248973.3	AC106799.2	lncRNA	0	0	0	0.0000	0.0000	0.0000
ENSG00000248975.2	AL133372.2	lncRNA	1	1	1	0.0479	0.0140	0.0135
ENSG00000248977.1	AC095057.1	processed_pseudogene	0	0	0	0.0000	0.0000	0.0000
ENSG00000248978.2	AC009901.1	unprocessed_pseudogene	0	0	0	0.0000	0.0000	0.0000
ENSG00000248979.2	LAMTOR3P2	processed_pseudogene	0	0	0	0.0000	0.0000	0.0000
ENSG00000248980.1	SPCS3-AS1	lncRNA	0	289	276	0.0000	0.0000	0.0000
ENSG00000248984.1	AC004054.1	lncRNA	0	0	0	0.0000	0.0000	0.0000
ENSG00000248987.2	PRDX4P1	processed_pseudogene	0	0	0	0.0000	0.0000	0.0000
ENSG00000248988.1	PSME2P3	processed_pseudogene	20	7	13	2.3688	0.6939	0.6681
ENSG00000248990.1	LINC02758	lncRNA	0	0	0	0.0000	0.0000	0.0000
ENSG00000248991.1	AC097375.1	lncRNA	2	2	0	0.3480	0.1019	0.0982
ENSG00000248993.1	AL645941.2	protein_coding	0	0	0	0.0000	0.0000	0.0000
ENSG00000248994.2	AC124852.1	lncRNA	1	2	0	0.0059	0.0017	0.0017
ENSG00000248995.2	LINC02231	lncRNA	0	0	0	0.0000	0.0000	0.0000
ENSG00000248996.1	AC145098.1	lncRNA	10	22	23	1.9567	0.5731	0.5519
ENSG00000248998.2	EFL1P2	processed_pseudogene	0	0	0	0.0000	0.0000	0.0000
ENSG00000249000.1	AC093722.1	lncRNA	0	0	0	0.0000	0.0000	0.0000
ENSG00000249001.5	AC093895.1	lncRNA	0	0	0	0.0000	0.0000	0.0000
ENSG00000249002.2	AC096745.1	processed_pseudogene	0	0	0	0.0000	0.0000	0.0000
ENSG00000249003.1	CLUHP4	unprocessed_pseudogene	1	1	0	0.0632	0.0185	0.0178
ENSG00000249004.1	PRMT5P1	processed_pseudogene	0	0	0	0.0000	0.0000	0.0000
ENSG00000249005.3	FAM90A4P	unprocessed_pseudogene	0	0	0	0.0000	0.0000	0.0000
ENSG00000249006.1	AL136360.1	processed_pseudogene	0	0	0	0.0000	0.0000	0.0000
ENSG00000249007.1	AL691482.3	lncRNA	0	0	0	0.0000	0.0000	0.0000
ENSG00000249008.1	AC097518.1	lncRNA	0	0	0	0.0000	0.0000	0.0000
ENSG00000249012.2	AC104819.1	unprocessed_pseudogene	0	0	0	0.0000	0.0000	0.0000
ENSG00000249013.1	FTH1P21	processed_pseudogene	3	0	3	0.4986	0.1460	0.1406
ENSG00000249014.2	HMGN2P4	processed_pseudogene	1	2	0	0.2229	0.0653	0.0629
ENSG00000249016.1	AC112198.2	lncRNA	0	0	0	0.0000	0.0000	0.0000
ENSG00000249017.1	AC094108.1	lncRNA	0	0	0	0.0000	0.0000	0.0000
ENSG00000249018.2	GAPDHP56	processed_pseudogene	0	0	0	0.0000	0.0000	0.0000
ENSG00000249019.2	AC108471.1	processed_pseudogene	0	0	0	0.0000	0.0000	0.0000
ENSG00000249020.1	SNORA58	snoRNA	0	0	0	0.0000	0.0000	0.0000
ENSG00000249021.1	AC008549.2	lncRNA	0	0	0	0.0000	0.0000	0.0000
ENSG00000249022.2	AC093599.1	lncRNA	14	7	7	1.1443	0.3352	0.3227
ENSG00000249023.1	AC010486.2	lncRNA	0	0	0	0.0000	0.0000	0.0000
ENSG00000249025.1	ZNF519P4	processed_pseudogene	0	0	0	0.0000	0.0000	0.0000
ENSG00000249026.2	CTNNA1P1	processed_pseudogene	35	23	12	1.0895	0.3191	0.3073
ENSG00000249028.2	AC004672.1	lncRNA	0	0	0	0.0000	0.0000	0.0000
ENSG00000249031.1	SUMO2P6	processed_pseudogene	1	0	1	0.2949	0.0864	0.0832
ENSG00000249035.7	CLMAT3	lncRNA	23	2732	2769	0.6327	0.1853	0.1785
ENSG00000249036.1	AC092674.1	lncRNA	0	0	0	0.0000	0.0000	0.0000
ENSG00000249038.2	AARS1P1	processed_pseudogene	0	0	0	0.0000	0.0000	0.0000
ENSG00000249041.1	AC009567.1	lncRNA	0	0	0	0.0000	0.0000	0.0000
ENSG00000249042.6	AC008771.1	lncRNA	40	577	599	0.3938	0.1154	0.1111
ENSG00000249045.1	MTND3P24	unprocessed_pseudogene	0	0	0	0.0000	0.0000	0.0000
ENSG00000249047.2	COX6B1P5	processed_pseudogene	4	3	1	1.3642	0.3996	0.3848
ENSG00000249048.2	TRAV31	TR_V_pseudogene	0	0	0	0.0000	0.0000	0.0000
ENSG00000249049.1	AC074124.1	lncRNA	0	0	0	0.0000	0.0000	0.0000
ENSG00000249050.1	AC021242.1	processed_pseudogene	0	0	0	0.0000	0.0000	0.0000
ENSG00000249051.2	AC112518.1	processed_pseudogene	0	0	0	0.0000	0.0000	0.0000
ENSG00000249052.1	AC093810.1	lncRNA	0	0	0	0.0000	0.0000	0.0000
ENSG00000249053.1	AC106794.1	processed_pseudogene	0	0	0	0.0000	0.0000	0.0000
ENSG00000249054.2	FAM138D	lncRNA	0	0	0	0.0000	0.0000	0.0000
ENSG00000249055.1	TBCAP3	transcribed_processed_pseudogene	0	0	0	0.0000	0.0000	0.0000
ENSG00000249056.1	AC099343.1	processed_pseudogene	0	0	0	0.0000	0.0000	0.0000
ENSG00000249057.1	MAST4-IT1	lncRNA	0	0	0	0.0000	0.0000	0.0000
ENSG00000249061.1	AC109492.1	lncRNA	0	0	0	0.0000	0.0000	0.0000
ENSG00000249064.1	KRT18P25	processed_pseudogene	0	0	0	0.0000	0.0000	0.0000
ENSG00000249065.2	PCNAP1	transcribed_processed_pseudogene	0	0	0	0.0000	0.0000	0.0000
ENSG00000249066.2	LINC02496	lncRNA	0	0	0	0.0000	0.0000	0.0000
ENSG00000249068.1	AC008417.1	processed_pseudogene	0	0	0	0.0000	0.0000	0.0000
ENSG00000249069.8	LINC01033	lncRNA	52	29	23	1.2383	0.3627	0.3493
ENSG00000249071.2	EGFLAM-AS3	lncRNA	0	0	0	0.0000	0.0000	0.0000
ENSG00000249072.1	AC114801.3	processed_pseudogene	3	1	3	1.4393	0.4216	0.4060
ENSG00000249073.1	WSPAR	lncRNA	0	0	0	0.0000	0.0000	0.0000
ENSG00000249074.1	NDUFB2P1	processed_pseudogene	0	0	0	0.0000	0.0000	0.0000
ENSG00000249077.1	AL158068.1	processed_pseudogene	0	0	0	0.0000	0.0000	0.0000
ENSG00000249079.1	AC118282.2	processed_pseudogene	0	0	0	0.0000	0.0000	0.0000
ENSG00000249081.1	OR5M14P	unprocessed_pseudogene	0	0	0	0.0000	0.0000	0.0000
ENSG00000249082.2	C5orf66-AS1	lncRNA	0	0	0	0.0000	0.0000	0.0000
ENSG00000249084.1	AC027627.1	lncRNA	0	0	0	0.0000	0.0000	0.0000
ENSG00000249085.1	AC035140.1	lncRNA	0	0	0	0.0000	0.0000	0.0000
ENSG00000249086.1	AC051649.1	lncRNA	1	1	0	0.2573	0.0754	0.0726
ENSG00000249087.7	ZNF436-AS1	lncRNA	17	32	26	0.5399	0.1581	0.1523
ENSG00000249089.1	AIG1P1	unprocessed_pseudogene	1	0	1	0.5738	0.1681	0.1618
ENSG00000249091.1	AC093903.1	lncRNA	1	1	0	0.2097	0.0614	0.0591
ENSG00000249092.1	PPIAP77	processed_pseudogene	7	5	3	1.1913	0.3489	0.3360
ENSG00000249094.2	AC007834.1	lncRNA	0	0	0	0.0000	0.0000	0.0000
ENSG00000249096.7	LINC02362	lncRNA	22	11	11	0.3689	0.1080	0.1040
ENSG00000249098.1	AC055733.1	processed_pseudogene	0	0	0	0.0000	0.0000	0.0000
ENSG00000249099.1	AC025475.1	lncRNA	0	0	0	0.0000	0.0000	0.0000
ENSG00000249100.1	AC008885.2	lncRNA	0	0	0	0.0000	0.0000	0.0000
ENSG00000249101.1	AC008834.1	processed_pseudogene	1	0	1	0.4853	0.1421	0.1369
ENSG00000249102.3	AC034223.1	lncRNA	0	0	0	0.0000	0.0000	0.0000
ENSG00000249104.3	USP17L17	protein_coding	0	0	0	0.0000	0.0000	0.0000
ENSG00000249105.2	AC096725.1	processed_pseudogene	0	0	0	0.0000	0.0000	0.0000
ENSG00000249106.1	AC097537.1	lncRNA	0	0	0	0.0000	0.0000	0.0000
ENSG00000249109.1	AC140125.2	lncRNA	0	0	0	0.0000	0.0000	0.0000
ENSG00000249111.1	AC108517.1	lncRNA	0	0	0	0.0000	0.0000	0.0000
ENSG00000249112.1	AC112196.1	lncRNA	0	0	0	0.0000	0.0000	0.0000
ENSG00000249114.1	AC022447.5	lncRNA	0	0	0	0.0000	0.0000	0.0000
ENSG00000249115.9	HAUS5	protein_coding	1091	542	549	18.2020	5.3317	5.1340
ENSG00000249116.1	IRX4-AS1	lncRNA	0	0	0	0.0000	0.0000	0.0000
ENSG00000249119.1	MTND6P4	processed_pseudogene	40	21	30	6.5073	1.9061	1.8354
ENSG00000249122.1	AC105389.1	lncRNA	0	0	0	0.0000	0.0000	0.0000
ENSG00000249125.2	AC093821.1	lncRNA	10	5	5	0.4028	0.1180	0.1136
ENSG00000249127.1	MTND3P3	unprocessed_pseudogene	0	0	0	0.0000	0.0000	0.0000
ENSG00000249128.1	LINC02215	lncRNA	0	0	0	0.0000	0.0000	0.0000
ENSG00000249129.1	SUDS3P1	processed_pseudogene	7	4	3	0.6154	0.1803	0.1736
ENSG00000249131.2	PSD2-AS1	lncRNA	0	0	0	0.0000	0.0000	0.0000
ENSG00000249135.1	AC116347.1	processed_pseudogene	0	0	0	0.0000	0.0000	0.0000
ENSG00000249138.1	SLED1	transcribed_processed_pseudogene	1	0	1	0.1131	0.0331	0.0319
ENSG00000249139.2	EPPIN-WFDC6	protein_coding	0	0	0	0.0000	0.0000	0.0000
ENSG00000249140.1	PRDX2P3	processed_pseudogene	0	0	0	0.0000	0.0000	0.0000
ENSG00000249141.1	AL159163.1	protein_coding	0	0	0	0.0000	0.0000	0.0000
ENSG00000249142.1	AC074134.1	processed_pseudogene	3	3	0	0.2299	0.0673	0.0649
ENSG00000249145.3	LINC02517	lncRNA	0	0	0	0.0000	0.0000	0.0000
ENSG00000249148.2	AC006445.2	processed_pseudogene	1	1	0	0.1799	0.0527	0.0507
ENSG00000249149.2	AC099522.1	transcribed_processed_pseudogene	0	0	0	0.0000	0.0000	0.0000
ENSG00000249150.2	AC010267.1	lncRNA	0	0	0	0.0000	0.0000	0.0000
ENSG00000249152.1	LNCPRESS2	lncRNA	0	0	0	0.0000	0.0000	0.0000
ENSG00000249153.1	AC026414.1	lncRNA	0	0	0	0.0000	0.0000	0.0000
ENSG00000249156.2	TAF11L12	protein_coding	0	0	0	0.0000	0.0000	0.0000
ENSG00000249157.1	AC093259.1	processed_pseudogene	0	0	0	0.0000	0.0000	0.0000
ENSG00000249158.7	PCDHA11	protein_coding	1	0	1	0.0135	0.0040	0.0038
ENSG00000249159.6	AC091965.1	lncRNA	12	8	4	1.4663	0.4295	0.4136
ENSG00000249160.4	LINC02213	lncRNA	0	0	0	0.0000	0.0000	0.0000
ENSG00000249162.1	ADAM20P3	processed_pseudogene	0	0	0	0.0000	0.0000	0.0000
ENSG00000249163.3	AL121809.1	lncRNA	0	0	0	0.0000	0.0000	0.0000
ENSG00000249166.1	AC092336.1	lncRNA	0	0	0	0.0000	0.0000	0.0000
ENSG00000249167.2	SEMA6A-AS2	lncRNA	4	10	15	0.0877	0.0257	0.0247
ENSG00000249169.1	AC026780.1	lncRNA	0	1	0	0.0000	0.0000	0.0000
ENSG00000249170.1	AC096713.1	processed_pseudogene	0	0	0	0.0000	0.0000	0.0000
ENSG00000249171.1	AC021192.1	lncRNA	0	0	0	0.0000	0.0000	0.0000
ENSG00000249173.6	LINC01093	lncRNA	0	0	0	0.0000	0.0000	0.0000
ENSG00000249174.1	AC106744.1	lncRNA	0	0	0	0.0000	0.0000	0.0000
ENSG00000249175.1	AC008534.1	lncRNA	0	0	0	0.0000	0.0000	0.0000
ENSG00000249176.1	AC027801.3	processed_pseudogene	0	0	0	0.0000	0.0000	0.0000
ENSG00000249177.1	MTND4P29	unprocessed_pseudogene	0	0	0	0.0000	0.0000	0.0000
ENSG00000249180.1	AC020900.1	lncRNA	0	522	482	0.0000	0.0000	0.0000
ENSG00000249183.1	SUMO2P4	processed_pseudogene	0	0	0	0.0000	0.0000	0.0000
ENSG00000249184.2	AC107074.1	lncRNA	0	0	0	0.0000	0.0000	0.0000
ENSG00000249186.2	AC140125.3	lncRNA	0	1	0	0.0000	0.0000	0.0000
ENSG00000249188.1	ENPP7P1	transcribed_unprocessed_pseudogene	0	0	0	0.0000	0.0000	0.0000
ENSG00000249189.1	AC245052.6	unprocessed_pseudogene	0	0	0	0.0000	0.0000	0.0000
ENSG00000249191.1	UBE2V1P12	processed_pseudogene	0	0	0	0.0000	0.0000	0.0000
ENSG00000249192.1	MTND3P25	processed_pseudogene	0	0	0	0.0000	0.0000	0.0000
ENSG00000249193.1	HSPD1P5	processed_pseudogene	2	0	2	0.0987	0.0289	0.0279
ENSG00000249196.6	TMEM132D-AS1	lncRNA	2	0	2	0.0748	0.0219	0.0211
ENSG00000249197.1	OR10J9P	unprocessed_pseudogene	0	0	0	0.0000	0.0000	0.0000
ENSG00000249198.1	AC106822.1	lncRNA	0	0	0	0.0000	0.0000	0.0000
ENSG00000249199.2	AC026785.3	lncRNA	0	0	0	0.0000	0.0000	0.0000
ENSG00000249200.1	AC110775.1	processed_pseudogene	0	0	0	0.0000	0.0000	0.0000
ENSG00000249201.2	CTD-3080P12.3	lncRNA	0	0	0	0.0000	0.0000	0.0000
ENSG00000249203.2	LINC02224	lncRNA	0	0	0	0.0000	0.0000	0.0000
ENSG00000249206.2	GCNT1P2	processed_pseudogene	0	0	0	0.0000	0.0000	0.0000
ENSG00000249207.2	AC079921.1	lncRNA	31	179	168	0.5968	0.1748	0.1683
ENSG00000249209.2	AP000311.1	protein_coding	0	15	16	0.0000	0.0000	0.0000
ENSG00000249210.1	GAPDHP38	processed_pseudogene	14	4	11	1.1865	0.3475	0.3347
ENSG00000249212.1	ATP1B1P1	unprocessed_pseudogene	5	2	3	0.4640	0.1359	0.1309
ENSG00000249213.1	AC079097.1	processed_pseudogene	0	0	0	0.0000	0.0000	0.0000
ENSG00000249215.1	NCOA4P4	processed_pseudogene	0	0	0	0.0000	0.0000	0.0000
ENSG00000249216.1	AC105389.2	lncRNA	0	0	0	0.0000	0.0000	0.0000
ENSG00000249219.1	AC108199.1	lncRNA	0	0	0	0.0000	0.0000	0.0000
ENSG00000249222.1	ATP5MGL	protein_coding	1	1	0	0.1063	0.0311	0.0300
ENSG00000249225.1	AC117460.1	lncRNA	0	0	0	0.0000	0.0000	0.0000
ENSG00000249226.1	SUCLG2P4	processed_pseudogene	0	0	0	0.0000	0.0000	0.0000
ENSG00000249228.1	AC068944.1	lncRNA	0	0	0	0.0000	0.0000	0.0000
ENSG00000249229.2	NAMPTP2	processed_pseudogene	0	0	0	0.0000	0.0000	0.0000
ENSG00000249230.1	CDH12P2	unprocessed_pseudogene	0	0	0	0.0000	0.0000	0.0000
ENSG00000249231.8	CASC16	lncRNA	0	0	0	0.0000	0.0000	0.0000
ENSG00000249234.1	AC108063.1	lncRNA	1	0	1	0.2051	0.0601	0.0579
ENSG00000249235.1	AC021146.4	unprocessed_pseudogene	0	0	0	0.0000	0.0000	0.0000
ENSG00000249236.2	AC008892.1	lncRNA	1	0	6	0.0726	0.0213	0.0205
ENSG00000249237.5	AL359273.2	transcribed_unitary_pseudogene	180	96	84	16.8903	4.9474	4.7640
ENSG00000249238.1	BCL9P1	processed_pseudogene	0	0	0	0.0000	0.0000	0.0000
ENSG00000249239.2	AC095059.2	processed_pseudogene	3	2	1	0.2731	0.0800	0.0770
ENSG00000249240.2	AC069368.1	protein_coding	2	1	1	0.1330	0.0390	0.0375
ENSG00000249241.1	LINC02265	lncRNA	0	0	0	0.0000	0.0000	0.0000
ENSG00000249242.8	TMEM150C	protein_coding	900	444	456	21.8554	6.4018	6.1644
ENSG00000249244.1	AC110373.1	unprocessed_pseudogene	13	4	9	0.3150	0.0923	0.0888
ENSG00000249245.2	NCOA4P3	processed_pseudogene	4	3	1	0.1810	0.0530	0.0510
ENSG00000249247.1	MTCYBP17	unprocessed_pseudogene	0	0	0	0.0000	0.0000	0.0000
ENSG00000249249.2	AC010226.1	lncRNA	49	553	521	0.9338	0.2735	0.2634
ENSG00000249252.5	C1QTNF7-AS1	lncRNA	6	158	153	0.5618	0.1646	0.1584
ENSG00000249253.1	AC093004.1	processed_pseudogene	1	1	0	0.2003	0.0587	0.0565
ENSG00000249255.1	PGAM1P9	processed_pseudogene	0	0	0	0.0000	0.0000	0.0000
ENSG00000249256.2	ATP5MGP3	processed_pseudogene	1	0	1	0.2793	0.0818	0.0788
ENSG00000249257.1	AC097473.1	processed_pseudogene	0	0	0	0.0000	0.0000	0.0000
ENSG00000249258.2	AC079193.2	lncRNA	2	2	0	0.0741	0.0217	0.0209
ENSG00000249259.3	AC027613.1	transcribed_processed_pseudogene	0	0	0	0.0000	0.0000	0.0000
ENSG00000249261.1	AC109464.2	lncRNA	0	0	0	0.0000	0.0000	0.0000
ENSG00000249262.2	AC112250.1	processed_pseudogene	1	0	1	0.1140	0.0334	0.0322
ENSG00000249263.2	PARP4P3	transcribed_unprocessed_pseudogene	0	0	0	0.0000	0.0000	0.0000
ENSG00000249264.1	EEF1A1P9	processed_pseudogene	291	176	116	17.8683	5.2339	5.0399
ENSG00000249266.1	MTHFD2P6	processed_pseudogene	0	0	0	0.0000	0.0000	0.0000
ENSG00000249267.7	LINC00939	lncRNA	0	0	0	0.0000	0.0000	0.0000
ENSG00000249269.2	AC093909.2	lncRNA	0	0	0	0.0000	0.0000	0.0000
ENSG00000249270.1	KATNBL1P4	processed_pseudogene	0	0	0	0.0000	0.0000	0.0000
ENSG00000249271.2	HNRNPA1P44	processed_pseudogene	2	2	0	0.1932	0.0566	0.0545
ENSG00000249272.1	UNC93B8	unprocessed_pseudogene	0	0	0	0.0000	0.0000	0.0000
ENSG00000249274.1	PDLIM1P4	processed_pseudogene	44	23	21	3.7142	1.0880	1.0476
ENSG00000249275.1	AC093817.1	lncRNA	1	0	1	0.1046	0.0306	0.0295
ENSG00000249276.1	AC104119.1	lncRNA	0	0	0	0.0000	0.0000	0.0000
ENSG00000249277.1	AC092436.2	processed_pseudogene	0	0	0	0.0000	0.0000	0.0000
ENSG00000249278.1	AC112249.1	processed_pseudogene	0	0	0	0.0000	0.0000	0.0000
ENSG00000249279.6	LINC02057	lncRNA	0	0	0	0.0000	0.0000	0.0000
ENSG00000249282.1	AC233724.6	processed_pseudogene	0	0	0	0.0000	0.0000	0.0000
ENSG00000249283.3	ACTR3BP4	processed_pseudogene	0	0	0	0.0000	0.0000	0.0000
ENSG00000249284.1	AC095050.2	processed_pseudogene	0	0	0	0.0000	0.0000	0.0000
ENSG00000249285.1	AC114981.1	processed_pseudogene	0	0	0	0.0000	0.0000	0.0000
ENSG00000249286.1	AMD1P3	processed_pseudogene	0	0	0	0.0000	0.0000	0.0000
ENSG00000249287.1	AC091874.2	processed_pseudogene	0	0	0	0.0000	0.0000	0.0000
ENSG00000249288.1	SLC25A15P5	unprocessed_pseudogene	0	0	0	0.0000	0.0000	0.0000
ENSG00000249289.1	AC010460.1	processed_pseudogene	0	0	0	0.0000	0.0000	0.0000
ENSG00000249290.5	AC010181.1	lncRNA	0	0	0	0.0000	0.0000	0.0000
ENSG00000249293.1	AC091868.2	lncRNA	0	0	0	0.0000	0.0000	0.0000
ENSG00000249295.1	AC145146.1	lncRNA	0	0	0	0.0000	0.0000	0.0000
ENSG00000249297.2	LINC02174	lncRNA	0	0	0	0.0000	0.0000	0.0000
ENSG00000249301.1	AC108120.2	processed_pseudogene	0	0	0	0.0000	0.0000	0.0000
ENSG00000249302.2	FTH1P24	processed_pseudogene	0	0	0	0.0000	0.0000	0.0000
ENSG00000249304.1	AC104779.1	lncRNA	2	1	1	0.3851	0.1128	0.1086
ENSG00000249305.1	AC048346.1	processed_pseudogene	0	0	0	0.0000	0.0000	0.0000
ENSG00000249306.6	LINC01411	lncRNA	727	366	361	16.0858	4.7118	4.5371
ENSG00000249307.7	LINC01088	lncRNA	22	12	10	0.1758	0.0515	0.0496
ENSG00000249309.1	AC020703.1	lncRNA	0	0	0	0.0000	0.0000	0.0000
ENSG00000249310.2	APOBEC3B-AS1	lncRNA	0	51	59	0.0000	0.0000	0.0000
ENSG00000249311.4	TERF1P3	processed_pseudogene	0	0	0	0.0000	0.0000	0.0000
ENSG00000249312.1	ARL2BPP4	processed_pseudogene	0	0	0	0.0000	0.0000	0.0000
ENSG00000249316.2	AF131216.2	unprocessed_pseudogene	0	0	0	0.0000	0.0000	0.0000
ENSG00000249317.2	AC002460.1	lncRNA	0	0	0	0.0000	0.0000	0.0000
ENSG00000249318.1	AC010468.1	lncRNA	0	0	0	0.0000	0.0000	0.0000
ENSG00000249319.2	AC068533.4	protein_coding	0	0	0	0.0000	0.0000	0.0000
ENSG00000249320.1	AC133963.2	processed_pseudogene	0	0	0	0.0000	0.0000	0.0000
ENSG00000249321.1	OR5H5P	unprocessed_pseudogene	0	0	0	0.0000	0.0000	0.0000
ENSG00000249326.1	CTD-2194D22.4	lncRNA	0	0	0	0.0000	0.0000	0.0000
ENSG00000249328.3	AC036214.1	lncRNA	17	6	11	0.4630	0.1356	0.1306
ENSG00000249330.3	AC095060.1	lncRNA	0	0	0	0.0000	0.0000	0.0000
ENSG00000249332.2	LINC02149	lncRNA	0	0	0	0.0000	0.0000	0.0000
ENSG00000249333.1	AC245452.3	unprocessed_pseudogene	0	0	0	0.0000	0.0000	0.0000
ENSG00000249334.1	AC084048.1	lncRNA	2	0	2	0.2654	0.0777	0.0749
ENSG00000249335.2	AC093523.1	lncRNA	1	1	0	0.0249	0.0073	0.0070
ENSG00000249337.2	SNX18P25	processed_pseudogene	3	3	1	0.3361	0.0984	0.0948
ENSG00000249338.1	HMGB1P47	processed_pseudogene	0	0	0	0.0000	0.0000	0.0000
ENSG00000249341.1	AC124017.1	lncRNA	4	1	3	0.1098	0.0321	0.0310
ENSG00000249343.3	LINC01333	lncRNA	0	0	0	0.0000	0.0000	0.0000
ENSG00000249345.8	LINC02405	lncRNA	0	0	0	0.0000	0.0000	0.0000
ENSG00000249346.7	LINC01016	lncRNA	0	0	0	0.0000	0.0000	0.0000
ENSG00000249347.1	AC073648.2	processed_pseudogene	0	0	0	0.0000	0.0000	0.0000
ENSG00000249348.1	UGDH-AS1	lncRNA	81	58	71	2.4681	0.7229	0.6961
ENSG00000249349.1	AC114928.1	lncRNA	0	0	0	0.0000	0.0000	0.0000
ENSG00000249351.2	AC096754.1	processed_pseudogene	0	0	0	0.0000	0.0000	0.0000
ENSG00000249352.4	LINC02198	lncRNA	0	0	0	0.0000	0.0000	0.0000
ENSG00000249353.2	NPM1P27	processed_pseudogene	435	265	170	44.5065	13.0367	12.5533
ENSG00000249359.3	AC093274.1	lncRNA	2	1	1	0.0283	0.0083	0.0080
ENSG00000249360.1	TOMM40P3	processed_pseudogene	0	0	0	0.0000	0.0000	0.0000
ENSG00000249362.2	LINC02488	lncRNA	0	0	0	0.0000	0.0000	0.0000
ENSG00000249363.1	AC011411.1	processed_pseudogene	2	1	1	0.1939	0.0568	0.0547
ENSG00000249364.6	AC112206.2	lncRNA	1	1	0	0.0133	0.0039	0.0038
ENSG00000249367.1	FABP5P12	processed_pseudogene	2	2	0	0.4366	0.1279	0.1231
ENSG00000249368.1	AC103851.1	processed_pseudogene	0	0	0	0.0000	0.0000	0.0000
ENSG00000249372.1	ATP6V1G1P6	processed_pseudogene	0	0	0	0.0000	0.0000	0.0000
ENSG00000249373.2	AC093879.1	lncRNA	0	0	0	0.0000	0.0000	0.0000
ENSG00000249375.8	CASC11	lncRNA	1	319	297	0.0165	0.0048	0.0047
ENSG00000249378.6	LINC01060	lncRNA	0	0	0	0.0000	0.0000	0.0000
ENSG00000249379.2	AL033397.2	lncRNA	0	45	38	0.0000	0.0000	0.0000
ENSG00000249380.1	AC138853.1	processed_pseudogene	0	0	0	0.0000	0.0000	0.0000
ENSG00000249381.1	LINC00500	lncRNA	0	0	0	0.0000	0.0000	0.0000
ENSG00000249382.3	LINC02619	lncRNA	0	0	0	0.0000	0.0000	0.0000
ENSG00000249383.2	LINC02071	lncRNA	0	0	0	0.0000	0.0000	0.0000
ENSG00000249386.1	MTCO2P9	unprocessed_pseudogene	0	0	0	0.0000	0.0000	0.0000
ENSG00000249387.1	KRTAP5-14P	processed_pseudogene	0	0	0	0.0000	0.0000	0.0000
ENSG00000249388.3	AC023794.2	lncRNA	0	0	0	0.0000	0.0000	0.0000
ENSG00000249392.1	AC096588.1	lncRNA	0	0	0	0.0000	0.0000	0.0000
ENSG00000249395.4	CASC9	lncRNA	0	0	0	0.0000	0.0000	0.0000
ENSG00000249396.2	LINC02212	lncRNA	0	0	0	0.0000	0.0000	0.0000
ENSG00000249400.1	HMGB3P17	processed_pseudogene	0	0	0	0.0000	0.0000	0.0000
ENSG00000249403.1	AC008413.2	lncRNA	0	0	0	0.0000	0.0000	0.0000
ENSG00000249404.1	AC010445.1	lncRNA	0	0	0	0.0000	0.0000	0.0000
ENSG00000249405.1	AC022441.1	lncRNA	0	0	0	0.0000	0.0000	0.0000
ENSG00000249406.3	AC015909.1	lncRNA	0	1817	1770	0.0000	0.0000	0.0000
ENSG00000249407.1	IL20RB-AS1	lncRNA	0	2	2	0.0000	0.0000	0.0000
ENSG00000249409.1	AC025741.1	lncRNA	0	0	0	0.0000	0.0000	0.0000
ENSG00000249410.1	AK4P2	processed_pseudogene	0	0	0	0.0000	0.0000	0.0000
ENSG00000249411.1	AC022325.1	processed_pseudogene	0	0	0	0.0000	0.0000	0.0000
ENSG00000249412.1	AC010285.1	lncRNA	1	1	1	0.1492	0.0437	0.0421
ENSG00000249413.2	AC116049.1	lncRNA	8	3	5	0.9010	0.2639	0.2541
ENSG00000249416.2	AC107393.1	processed_pseudogene	0	0	0	0.0000	0.0000	0.0000
ENSG00000249417.1	AC117383.1	lncRNA	0	0	0	0.0000	0.0000	0.0000
ENSG00000249418.2	AC005741.1	processed_pseudogene	0	0	0	0.0000	0.0000	0.0000
ENSG00000249419.1	AC023136.1	lncRNA	0	0	0	0.0000	0.0000	0.0000
ENSG00000249421.2	ADAMTS19-AS1	lncRNA	0	0	0	0.0000	0.0000	0.0000
ENSG00000249425.1	LINC02477	lncRNA	0	0	0	0.0000	0.0000	0.0000
ENSG00000249426.1	AC093206.1	lncRNA	0	0	0	0.0000	0.0000	0.0000
ENSG00000249429.1	AC016598.1	lncRNA	0	0	0	0.0000	0.0000	0.0000
ENSG00000249433.1	AC008628.1	processed_pseudogene	0	0	0	0.0000	0.0000	0.0000
ENSG00000249435.1	AC022137.2	processed_pseudogene	0	3	1	0.0000	0.0000	0.0000
ENSG00000249436.2	LINCR-0003	lncRNA	25	16	9	0.4499	0.1318	0.1269
ENSG00000249437.8	NAIP	protein_coding	12	8	4	0.1013	0.0297	0.0286
ENSG00000249438.2	KRT18P45	processed_pseudogene	2	1	1	0.1274	0.0373	0.0359
ENSG00000249439.1	HMGN1P14	processed_pseudogene	0	0	0	0.0000	0.0000	0.0000
ENSG00000249441.1	AC110767.1	lncRNA	0	0	0	0.0000	0.0000	0.0000
ENSG00000249443.1	AC097493.2	processed_pseudogene	0	0	0	0.0000	0.0000	0.0000
ENSG00000249444.2	AC114324.2	transcribed_unprocessed_pseudogene	0	0	0	0.0000	0.0000	0.0000
ENSG00000249446.2	TRAJ60	TR_J_pseudogene	0	0	0	0.0000	0.0000	0.0000
ENSG00000249448.1	MTCO1P24	processed_pseudogene	0	0	0	0.0000	0.0000	0.0000
ENSG00000249449.1	MRPL57P6	processed_pseudogene	0	0	0	0.0000	0.0000	0.0000
ENSG00000249451.1	AC021491.1	lncRNA	1	1	1	0.2433	0.0713	0.0686
ENSG00000249452.2	AC093878.1	processed_pseudogene	0	0	0	0.0000	0.0000	0.0000
ENSG00000249453.1	AC092834.1	lncRNA	1	0	1	0.1921	0.0563	0.0542
ENSG00000249454.1	GZMAP1	unprocessed_pseudogene	0	0	0	0.0000	0.0000	0.0000
ENSG00000249456.1	AL731577.2	lncRNA	0	0	0	0.0000	0.0000	0.0000
ENSG00000249458.1	AC092673.1	lncRNA	0	0	0	0.0000	0.0000	0.0000
ENSG00000249459.11	ZNF286B	transcribed_unprocessed_pseudogene	20	10	10	0.3301	0.0967	0.0931
ENSG00000249460.2	LINC02500	lncRNA	0	0	0	0.0000	0.0000	0.0000
ENSG00000249462.1	MLLT10P2	processed_pseudogene	0	0	0	0.0000	0.0000	0.0000
ENSG00000249463.1	AC096711.1	lncRNA	0	0	0	0.0000	0.0000	0.0000
ENSG00000249464.6	LINC01091	lncRNA	16	9	7	0.0948	0.0278	0.0267
ENSG00000249465.1	RBMXP4	processed_pseudogene	4	2	2	0.2995	0.0877	0.0845
ENSG00000249467.1	H2AL1QP	processed_pseudogene	0	0	0	0.0000	0.0000	0.0000
ENSG00000249471.8	ZNF324B	protein_coding	170	82	88	3.5778	1.0480	1.0091
ENSG00000249472.1	AC147055.2	processed_pseudogene	0	0	0	0.0000	0.0000	0.0000
ENSG00000249474.1	AC020651.1	lncRNA	0	95	99	0.0000	0.0000	0.0000
ENSG00000249476.2	AC008467.1	lncRNA	3	0	3	0.0435	0.0127	0.0123
ENSG00000249478.1	AC010307.3	lncRNA	0	0	0	0.0000	0.0000	0.0000
ENSG00000249479.1	AC096736.2	lncRNA	0	0	0	0.0000	0.0000	0.0000
ENSG00000249481.7	SPATS1	protein_coding	8	4	4	0.1480	0.0433	0.0417
ENSG00000249482.1	USP17L14P	unprocessed_pseudogene	0	0	0	0.0000	0.0000	0.0000
ENSG00000249483.1	AC026726.1	lncRNA	0	0	0	0.0000	0.0000	0.0000
ENSG00000249484.9	LINC01470	lncRNA	0	0	0	0.0000	0.0000	0.0000
ENSG00000249485.1	RBBP4P1	processed_pseudogene	39	17	22	2.5955	0.7603	0.7321
ENSG00000249486.1	AC091912.1	unprocessed_pseudogene	0	0	0	0.0000	0.0000	0.0000
ENSG00000249487.7	LINC01586	lncRNA	0	0	0	0.0000	0.0000	0.0000
ENSG00000249488.1	NACAP5	processed_pseudogene	1	1	0	0.1335	0.0391	0.0377
ENSG00000249489.1	GAPDHP70	processed_pseudogene	10	7	3	0.8126	0.2380	0.2292
ENSG00000249490.2	LINC02146	lncRNA	0	0	0	0.0000	0.0000	0.0000
ENSG00000249491.1	EGFLAM-AS1	lncRNA	0	6	15	0.0000	0.0000	0.0000
ENSG00000249492.2	AC114956.2	lncRNA	14	32	37	0.3758	0.1101	0.1060
ENSG00000249493.1	ANKRD20A18P	unprocessed_pseudogene	0	0	0	0.0000	0.0000	0.0000
ENSG00000249494.6	AC008629.1	lncRNA	3	2	2	0.0491	0.0144	0.0139
ENSG00000249495.1	AC117525.1	processed_pseudogene	0	0	0	0.0000	0.0000	0.0000
ENSG00000249497.1	LINC02075	lncRNA	0	0	0	0.0000	0.0000	0.0000
ENSG00000249500.1	LINC01179	lncRNA	1	1	0	0.0393	0.0115	0.0111
ENSG00000249501.1	USP9YP2	unprocessed_pseudogene	0	0	0	0.0000	0.0000	0.0000
ENSG00000249502.3	AC006160.1	lncRNA	15	10	5	0.5986	0.1753	0.1688
ENSG00000249503.1	HMGN1P16	processed_pseudogene	0	0	0	0.0000	0.0000	0.0000
ENSG00000249504.3	PCDHA14	transcribed_unprocessed_pseudogene	0	0	0	0.0000	0.0000	0.0000
ENSG00000249505.1	AC108673.1	processed_pseudogene	0	0	0	0.0000	0.0000	0.0000
ENSG00000249506.3	ZEB2P1	transcribed_processed_pseudogene	6	7	8	0.2629	0.0770	0.0742
ENSG00000249509.1	NEUROG2-AS1	lncRNA	0	0	0	0.0000	0.0000	0.0000
ENSG00000249510.1	AP003478.1	processed_pseudogene	0	0	0	0.0000	0.0000	0.0000
ENSG00000249513.2	AC110751.1	lncRNA	0	0	0	0.0000	0.0000	0.0000
ENSG00000249514.1	TMEM251P1	processed_pseudogene	0	0	0	0.0000	0.0000	0.0000
ENSG00000249515.1	LINC02113	lncRNA	0	0	0	0.0000	0.0000	0.0000
ENSG00000249516.1	PRELID3BP6	processed_pseudogene	0	0	0	0.0000	0.0000	0.0000
ENSG00000249518.1	AC011352.2	processed_pseudogene	0	0	0	0.0000	0.0000	0.0000
ENSG00000249519.1	LINC01438	lncRNA	0	0	0	0.0000	0.0000	0.0000
ENSG00000249520.1	AC093824.1	processed_pseudogene	0	0	0	0.0000	0.0000	0.0000
ENSG00000249521.1	LINC02114	lncRNA	0	0	0	0.0000	0.0000	0.0000
ENSG00000249522.1	AC147876.1	processed_pseudogene	0	0	0	0.0000	0.0000	0.0000
ENSG00000249525.1	AC034159.1	processed_pseudogene	0	0	0	0.0000	0.0000	0.0000
ENSG00000249526.1	AC008667.1	lncRNA	1	0	1	0.1495	0.0438	0.0422
ENSG00000249531.2	AC098799.2	processed_pseudogene	0	0	0	0.0000	0.0000	0.0000
ENSG00000249532.5	MIR302CHG	lncRNA	2	296	252	0.2286	0.0670	0.0645
ENSG00000249534.2	LINC01258	lncRNA	16	8	8	0.5293	0.1550	0.1493
ENSG00000249539.1	MRPS36P2	processed_pseudogene	0	0	0	0.0000	0.0000	0.0000
ENSG00000249540.1	AC117383.2	processed_pseudogene	0	0	1	0.0000	0.0000	0.0000
ENSG00000249541.1	AC116359.1	processed_pseudogene	1	0	1	0.0773	0.0226	0.0218
ENSG00000249542.2	EEF1A1P21	processed_pseudogene	0	0	0	0.0000	0.0000	0.0000
ENSG00000249545.1	MCTP1-AS1	lncRNA	0	0	0	0.0000	0.0000	0.0000
ENSG00000249547.1	AC092440.1	lncRNA	0	0	0	0.0000	0.0000	0.0000
ENSG00000249550.7	LINC01234	lncRNA	586	283	303	4.1103	1.2040	1.1593
ENSG00000249551.1	LINC02216	lncRNA	0	0	0	0.0000	0.0000	0.0000
ENSG00000249553.1	PPP2R2B-IT1	lncRNA	0	0	0	0.0000	0.0000	0.0000
ENSG00000249555.2	TMEM248P1	processed_pseudogene	0	0	0	0.0000	0.0000	0.0000
ENSG00000249557.2	HSPD1P15	processed_pseudogene	0	0	0	0.0000	0.0000	0.0000
ENSG00000249558.1	RCC2P4	processed_pseudogene	0	0	0	0.0000	0.0000	0.0000
ENSG00000249562.1	AC091885.1	processed_pseudogene	0	0	0	0.0000	0.0000	0.0000
ENSG00000249563.1	AC098976.1	unprocessed_pseudogene	0	0	0	0.0000	0.0000	0.0000
ENSG00000249564.1	AC097510.1	processed_pseudogene	0	0	0	0.0000	0.0000	0.0000
ENSG00000249565.2	SERBP1P5	processed_pseudogene	37	16	21	2.6605	0.7793	0.7504
ENSG00000249568.1	AC104793.1	lncRNA	0	1	0	0.0000	0.0000	0.0000
ENSG00000249572.1	AC034231.1	lncRNA	21	12	10	3.3209	0.9727	0.9367
ENSG00000249574.1	AC226118.1	lncRNA	1	0	1	0.0396	0.0116	0.0112
ENSG00000249577.1	AC010424.1	processed_pseudogene	1	0	1	0.2859	0.0838	0.0806
ENSG00000249579.2	AC113420.1	processed_pseudogene	0	0	0	0.0000	0.0000	0.0000
ENSG00000249580.1	MTATP6P22	unprocessed_pseudogene	0	0	0	0.0000	0.0000	0.0000
ENSG00000249581.2	CLRN2	protein_coding	0	0	0	0.0000	0.0000	0.0000
ENSG00000249582.1	RPL7L1P4	processed_pseudogene	0	0	0	0.0000	0.0000	0.0000
ENSG00000249584.1	LINC02225	lncRNA	0	0	0	0.0000	0.0000	0.0000
ENSG00000249588.1	AC010280.3	lncRNA	0	0	0	0.0000	0.0000	0.0000
ENSG00000249590.7	AC004832.3	protein_coding	0	0	0	0.0000	0.0000	0.0000
ENSG00000249592.6	AC139887.2	lncRNA	102	300	291	1.8544	0.5432	0.5230
ENSG00000249593.6	AC011405.1	lncRNA	2	859	849	0.0714	0.0209	0.0201
ENSG00000249599.2	BMPR1B-DT	lncRNA	18	7	11	1.9325	0.5660	0.5451
ENSG00000249600.1	AC106806.2	processed_pseudogene	0	0	0	0.0000	0.0000	0.0000
ENSG00000249601.2	LINC01187	lncRNA	0	0	0	0.0000	0.0000	0.0000
ENSG00000249602.1	AL589765.4	lncRNA	44	26	34	9.7814	2.8651	2.7589
ENSG00000249604.1	AC096564.1	lncRNA	2	1	1	0.0540	0.0158	0.0152
ENSG00000249605.1	AC008652.1	lncRNA	0	0	0	0.0000	0.0000	0.0000
ENSG00000249606.1	TRAPPC2P7	unprocessed_pseudogene	0	0	0	0.0000	0.0000	0.0000
ENSG00000249607.1	AC108103.1	processed_pseudogene	0	0	0	0.0000	0.0000	0.0000
ENSG00000249609.1	AC080188.1	lncRNA	0	0	0	0.0000	0.0000	0.0000
ENSG00000249610.1	ZNF474-AS1	lncRNA	0	0	0	0.0000	0.0000	0.0000
ENSG00000249613.2	LINC02173	lncRNA	0	0	0	0.0000	0.0000	0.0000
ENSG00000249614.2	LINC02503	lncRNA	0	0	0	0.0000	0.0000	0.0000
ENSG00000249616.1	CCNB3P1	processed_pseudogene	0	0	0	0.0000	0.0000	0.0000
ENSG00000249617.1	AC106872.6	processed_pseudogene	0	0	0	0.0000	0.0000	0.0000
ENSG00000249618.6	LINC02465	lncRNA	1	1	0	0.0133	0.0039	0.0038
ENSG00000249619.1	HMGN1P13	processed_pseudogene	0	0	0	0.0000	0.0000	0.0000
ENSG00000249620.1	H3P18	processed_pseudogene	0	0	0	0.0000	0.0000	0.0000
ENSG00000249621.1	AC113349.1	lncRNA	0	0	0	0.0000	0.0000	0.0000
ENSG00000249623.1	PALLD-AS1	lncRNA	0	0	0	0.0000	0.0000	0.0000
ENSG00000249624.9	AP000295.1	protein_coding	0	0	0	0.0000	0.0000	0.0000
ENSG00000249626.1	AC024560.2	processed_pseudogene	4	4	1	0.2269	0.0665	0.0640
ENSG00000249627.1	AC017037.1	processed_pseudogene	0	0	0	0.0000	0.0000	0.0000
ENSG00000249628.3	LINC00942	lncRNA	6	3	3	0.2306	0.0675	0.0650
ENSG00000249631.6	AC005699.1	lncRNA	0	0	0	0.0000	0.0000	0.0000
ENSG00000249633.1	OR52V1P	unprocessed_pseudogene	1	1	0	0.0946	0.0277	0.0267
ENSG00000249634.1	USP9YP5	unprocessed_pseudogene	0	0	0	0.0000	0.0000	0.0000
ENSG00000249635.1	AC109361.1	lncRNA	0	0	0	0.0000	0.0000	0.0000
ENSG00000249637.2	AC008438.1	lncRNA	8	6	3	0.6897	0.2020	0.1945
ENSG00000249638.1	AC027343.1	lncRNA	0	0	0	0.0000	0.0000	0.0000
ENSG00000249639.1	AC022092.1	lncRNA	0	0	0	0.0000	0.0000	0.0000
ENSG00000249641.2	HOXC13-AS	lncRNA	1	40	27	0.0603	0.0177	0.0170
ENSG00000249642.2	AC097521.1	lncRNA	0	0	0	0.0000	0.0000	0.0000
ENSG00000249646.2	OR7E94P	transcribed_unprocessed_pseudogene	0	0	0	0.0000	0.0000	0.0000
ENSG00000249647.2	C5orf66-AS2	lncRNA	0	0	0	0.0000	0.0000	0.0000
ENSG00000249649.1	MRPS33P2	processed_pseudogene	0	0	0	0.0000	0.0000	0.0000
ENSG00000249650.1	AC106772.1	lncRNA	2	0	2	0.2874	0.0842	0.0811
ENSG00000249654.1	VN1R104P	transcribed_unprocessed_pseudogene	0	0	0	0.0000	0.0000	0.0000
ENSG00000249655.1	AC008434.1	lncRNA	1	1	0	0.1547	0.0453	0.0436
ENSG00000249658.1	AC005823.1	lncRNA	0	0	0	0.0000	0.0000	0.0000
ENSG00000249661.1	TNRC18P1	processed_pseudogene	4	2	2	0.0931	0.0273	0.0262
ENSG00000249662.6	LINC02218	protein_coding	0	0	0	0.0000	0.0000	0.0000
ENSG00000249664.1	AC027338.1	lncRNA	0	0	0	0.0000	0.0000	0.0000
ENSG00000249667.1	LINC01259	lncRNA	2	1	1	0.2244	0.0657	0.0633
ENSG00000249668.1	KRT18P56	processed_pseudogene	0	0	0	0.0000	0.0000	0.0000
ENSG00000249669.10	CARMN	lncRNA	49	31	24	0.2311	0.0677	0.0652
ENSG00000249673.7	NOP14-AS1	lncRNA	270	668	723	2.8088	0.8228	0.7922
ENSG00000249675.1	AC097487.1	lncRNA	0	0	0	0.0000	0.0000	0.0000
ENSG00000249678.1	AC097716.1	lncRNA	0	0	0	0.0000	0.0000	0.0000
ENSG00000249679.2	AC106897.1	lncRNA	23	404	370	0.3500	0.1025	0.0987
ENSG00000249680.2	TUBA3GP	unprocessed_pseudogene	0	0	0	0.0000	0.0000	0.0000
ENSG00000249681.2	KRT19P3	processed_pseudogene	0	0	0	0.0000	0.0000	0.0000
ENSG00000249684.6	AC106795.2	lncRNA	3	2	1	0.0726	0.0213	0.0205
ENSG00000249685.1	AC079921.2	lncRNA	6	2	4	1.1198	0.3280	0.3159
ENSG00000249686.1	AC108078.2	unprocessed_pseudogene	0	0	0	0.0000	0.0000	0.0000
ENSG00000249688.1	AC022447.6	lncRNA	0	0	0	0.0000	0.0000	0.0000
ENSG00000249689.1	AC138517.1	processed_pseudogene	0	0	0	0.0000	0.0000	0.0000
ENSG00000249690.1	AC110813.1	lncRNA	0	0	0	0.0000	0.0000	0.0000
ENSG00000249691.1	AC026117.1	processed_pseudogene	0	0	0	0.0000	0.0000	0.0000
ENSG00000249692.1	AC009567.2	processed_pseudogene	0	0	0	0.0000	0.0000	0.0000
ENSG00000249693.3	THEGL	protein_coding	53	19	34	2.5060	0.7340	0.7068
ENSG00000249695.6	AC026369.1	lncRNA	1	0	1	0.0156	0.0046	0.0044
ENSG00000249697.1	AC034245.1	lncRNA	0	0	0	0.0000	0.0000	0.0000
ENSG00000249698.1	MTCO3P9	unprocessed_pseudogene	0	0	0	0.0000	0.0000	0.0000
ENSG00000249699.1	LINC02261	lncRNA	0	0	0	0.0000	0.0000	0.0000
ENSG00000249700.9	SRD5A3-AS1	lncRNA	20	269	229	0.3299	0.0966	0.0931
ENSG00000249706.1	AC105384.1	lncRNA	1	1	0	0.1017	0.0298	0.0287
ENSG00000249708.1	AC112242.1	lncRNA	0	0	0	0.0000	0.0000	0.0000
ENSG00000249709.8	ZNF564	protein_coding	2	1	1	0.0469	0.0137	0.0132
ENSG00000249710.1	AP001961.1	lncRNA	0	0	0	0.0000	0.0000	0.0000
ENSG00000249713.1	AC026725.1	lncRNA	0	0	0	0.0000	0.0000	0.0000
ENSG00000249715.12	FER1L5	protein_coding	1	1	1	0.0081	0.0024	0.0023
ENSG00000249717.1	PARM1-AS1	lncRNA	1	1	0	0.0254	0.0074	0.0072
ENSG00000249721.1	AC112206.3	processed_pseudogene	0	0	0	0.0000	0.0000	0.0000
ENSG00000249722.1	AC025752.1	lncRNA	0	0	0	0.0000	0.0000	0.0000
ENSG00000249725.1	AC079942.1	lncRNA	0	0	0	0.0000	0.0000	0.0000
ENSG00000249726.1	TUBB1P1	unprocessed_pseudogene	0	0	0	0.0000	0.0000	0.0000
ENSG00000249727.2	AC097494.1	lncRNA	0	0	0	0.0000	0.0000	0.0000
ENSG00000249729.2	AC093755.1	processed_pseudogene	0	0	0	0.0000	0.0000	0.0000
ENSG00000249730.1	OR10J4	polymorphic_pseudogene	0	0	0	0.0000	0.0000	0.0000
ENSG00000249731.1	AC126768.2	lncRNA	0	0	0	0.0000	0.0000	0.0000
ENSG00000249735.1	AC021146.5	unprocessed_pseudogene	0	0	0	0.0000	0.0000	0.0000
ENSG00000249736.1	LINC02242	lncRNA	0	0	0	0.0000	0.0000	0.0000
ENSG00000249737.1	AC020980.1	lncRNA	0	0	0	0.0000	0.0000	0.0000
ENSG00000249738.10	AC008691.1	lncRNA	0	0	0	0.0000	0.0000	0.0000
ENSG00000249740.3	OSMR-AS1	lncRNA	6	2	4	0.1048	0.0307	0.0295
ENSG00000249741.2	AC093890.1	processed_pseudogene	0	0	0	0.0000	0.0000	0.0000
ENSG00000249742.2	AC110772.1	lncRNA	0	0	0	0.0000	0.0000	0.0000
ENSG00000249743.6	AC116345.1	lncRNA	0	0	0	0.0000	0.0000	0.0000
ENSG00000249744.1	AC010374.2	processed_pseudogene	0	0	0	0.0000	0.0000	0.0000
ENSG00000249745.1	HMGB1P28	processed_pseudogene	2	1	1	0.3077	0.0901	0.0868
ENSG00000249746.1	AC099509.1	lncRNA	0	1	0	0.0000	0.0000	0.0000
ENSG00000249747.1	LINC02374	lncRNA	0	0	0	0.0000	0.0000	0.0000
ENSG00000249748.1	AC112204.2	lncRNA	0	0	0	0.0000	0.0000	0.0000
ENSG00000249751.4	ECSCR	protein_coding	8	4	4	0.6589	0.1930	0.1859
ENSG00000249752.1	AC108156.1	lncRNA	0	0	0	0.0000	0.0000	0.0000
ENSG00000249753.2	AC084357.2	lncRNA	2	1	1	0.6176	0.1809	0.1742
ENSG00000249754.2	NDUFB4P9	processed_pseudogene	0	0	0	0.0000	0.0000	0.0000
ENSG00000249755.2	AC083829.1	processed_pseudogene	25	9	16	3.2314	0.9465	0.9114
ENSG00000249761.1	AC074133.1	processed_pseudogene	0	0	0	0.0000	0.0000	0.0000
ENSG00000249763.1	AC114786.1	processed_pseudogene	0	0	0	0.0000	0.0000	0.0000
ENSG00000249764.1	AC114811.1	processed_pseudogene	0	0	0	0.0000	0.0000	0.0000
ENSG00000249766.1	AC097535.2	processed_pseudogene	0	0	0	0.0000	0.0000	0.0000
ENSG00000249767.1	ENPP7P10	unprocessed_pseudogene	0	0	0	0.0000	0.0000	0.0000
ENSG00000249768.2	HSPE1P10	processed_pseudogene	0	0	0	0.0000	0.0000	0.0000
ENSG00000249770.1	MTND6P17	unprocessed_pseudogene	0	0	0	0.0000	0.0000	0.0000
ENSG00000249771.2	AC108210.1	lncRNA	1	0	1	0.0501	0.0147	0.0141
ENSG00000249772.1	AC026427.1	lncRNA	0	4	5	0.0000	0.0000	0.0000
ENSG00000249773.3	AC092647.5	protein_coding	0	0	0	0.0000	0.0000	0.0000
ENSG00000249774.1	AC025458.1	processed_pseudogene	4	2	2	2.0463	0.5994	0.5772
ENSG00000249776.5	AC124854.1	lncRNA	16	7	9	1.7854	0.5230	0.5036
ENSG00000249777.1	SAP18P1	processed_pseudogene	0	0	0	0.0000	0.0000	0.0000
ENSG00000249778.1	TRMT112P2	processed_pseudogene	0	0	0	0.0000	0.0000	0.0000
ENSG00000249779.1	AC106800.1	processed_pseudogene	2	1	1	0.1540	0.0451	0.0434
ENSG00000249780.1	AC093809.1	processed_pseudogene	5	4	1	1.2488	0.3658	0.3522
ENSG00000249781.7	LINC02112	lncRNA	0	0	0	0.0000	0.0000	0.0000
ENSG00000249782.2	AC091953.1	lncRNA	0	0	0	0.0000	0.0000	0.0000
ENSG00000249784.1	SCARNA22	scaRNA	0	0	0	0.0000	0.0000	0.0000
ENSG00000249785.3	LINC02103	lncRNA	0	0	0	0.0000	0.0000	0.0000
ENSG00000249786.7	EAF1-AS1	lncRNA	0	107	118	0.0000	0.0000	0.0000
ENSG00000249787.2	AC113385.1	lncRNA	0	0	0	0.0000	0.0000	0.0000
ENSG00000249790.3	AC092490.1	lncRNA	7	3	4	0.2604	0.0763	0.0734
ENSG00000249791.1	AC008494.2	lncRNA	1	1	0	0.2295	0.0672	0.0647
ENSG00000249792.1	AC117522.2	lncRNA	0	0	0	0.0000	0.0000	0.0000
ENSG00000249795.1	AC097462.2	processed_pseudogene	0	0	0	0.0000	0.0000	0.0000
ENSG00000249797.2	LINC02147	lncRNA	1	0	1	0.0486	0.0142	0.0137
ENSG00000249798.1	HSD3BP3	unprocessed_pseudogene	2	0	2	0.1709	0.0500	0.0482
ENSG00000249799.1	SNRPCP13	processed_pseudogene	0	0	0	0.0000	0.0000	0.0000
ENSG00000249803.6	AC112178.1	lncRNA	1	0	1	0.0247	0.0072	0.0070
ENSG00000249806.1	AC139720.1	lncRNA	81	80	82	13.4347	3.9352	3.7893
ENSG00000249807.1	AC034229.1	lncRNA	0	0	0	0.0000	0.0000	0.0000
ENSG00000249808.3	LINC01377	lncRNA	0	0	0	0.0000	0.0000	0.0000
ENSG00000249811.3	USP17L21	protein_coding	0	0	0	0.0000	0.0000	0.0000
ENSG00000249815.1	AC004704.1	lncRNA	1	0	1	0.1457	0.0427	0.0411
ENSG00000249816.7	LINC00964	lncRNA	2	3	1	0.0141	0.0041	0.0040
ENSG00000249818.2	AC097375.2	lncRNA	0	0	0	0.0000	0.0000	0.0000
ENSG00000249819.1	AC112240.1	processed_pseudogene	0	0	0	0.0000	0.0000	0.0000
ENSG00000249820.1	AC055753.1	processed_pseudogene	0	0	0	0.0000	0.0000	0.0000
ENSG00000249825.6	THBS4-AS1	lncRNA	158	257	275	2.5117	0.7357	0.7084
ENSG00000249828.2	AC118282.3	processed_pseudogene	0	0	0	0.0000	0.0000	0.0000
ENSG00000249829.2	AC016559.2	processed_pseudogene	0	0	0	0.0000	0.0000	0.0000
ENSG00000249830.1	LINC02162	lncRNA	0	0	0	0.0000	0.0000	0.0000
ENSG00000249831.2	AC093725.1	lncRNA	0	0	0	0.0000	0.0000	0.0000
ENSG00000249833.7	CCDC37-DT	lncRNA	0	0	0	0.0000	0.0000	0.0000
ENSG00000249834.3	PGBD4P3	processed_pseudogene	1	3	0	0.1462	0.0428	0.0412
ENSG00000249835.2	VCAN-AS1	lncRNA	1	976	910	0.0968	0.0284	0.0273
ENSG00000249837.1	AC121154.1	lncRNA	3	2	1	0.5925	0.1735	0.1671
ENSG00000249838.1	SUMO2P7	processed_pseudogene	0	0	0	0.0000	0.0000	0.0000
ENSG00000249839.1	AC011330.1	unprocessed_pseudogene	3	3	0	0.0788	0.0231	0.0222
ENSG00000249840.2	GAPDHP76	unprocessed_pseudogene	4	0	5	0.3480	0.1019	0.0982
ENSG00000249842.1	AC010486.3	lncRNA	0	0	0	0.0000	0.0000	0.0000
ENSG00000249843.1	AC112198.3	processed_pseudogene	0	0	0	0.0000	0.0000	0.0000
ENSG00000249844.1	OR7E43P	unprocessed_pseudogene	1	0	1	0.0923	0.0270	0.0260
ENSG00000249846.7	LINC02021	lncRNA	45	25	20	0.9429	0.2762	0.2659
ENSG00000249847.1	AC104619.2	lncRNA	0	0	0	0.0000	0.0000	0.0000
ENSG00000249848.1	AC112673.1	processed_pseudogene	0	0	0	0.0000	0.0000	0.0000
ENSG00000249849.1	AC138819.1	lncRNA	0	0	0	0.0000	0.0000	0.0000
ENSG00000249850.1	KRT18P31	processed_pseudogene	5	2	3	0.3286	0.0963	0.0927
ENSG00000249851.1	RPS27AP18	processed_pseudogene	0	0	0	0.0000	0.0000	0.0000
ENSG00000249852.1	AC145676.1	TEC	1	1	1	0.0424	0.0124	0.0120
ENSG00000249853.8	HS3ST5	protein_coding	17	12	5	0.3518	0.1030	0.0992
ENSG00000249854.3	CDH18-AS1	lncRNA	0	0	0	0.0000	0.0000	0.0000
ENSG00000249855.1	EEF1A1P19	processed_pseudogene	155	77	80	9.5244	2.7898	2.6864
ENSG00000249856.1	AC116337.3	lncRNA	0	0	0	0.0000	0.0000	0.0000
ENSG00000249857.1	AC027338.2	lncRNA	0	0	0	0.0000	0.0000	0.0000
ENSG00000249858.2	SNX5P1	processed_pseudogene	3	2	1	0.2447	0.0717	0.0690
ENSG00000249859.12	PVT1	lncRNA	399	210	224	1.3577	0.3977	0.3829
ENSG00000249860.4	MTRNR2L5	protein_coding	1	1	0	0.0503	0.0147	0.0142
ENSG00000249861.4	LGALS16	protein_coding	0	0	0	0.0000	0.0000	0.0000
ENSG00000249863.2	AC021106.1	processed_pseudogene	60	34	26	4.8159	1.4107	1.3584
ENSG00000249865.1	AC027343.2	lncRNA	0	0	0	0.0000	0.0000	0.0000
ENSG00000249866.1	OR7E83P	unprocessed_pseudogene	0	0	0	0.0000	0.0000	0.0000
ENSG00000249867.6	LINC02742	lncRNA	0	0	0	0.0000	0.0000	0.0000
ENSG00000249868.5	AC136777.1	lncRNA	0	0	0	0.0000	0.0000	0.0000
ENSG00000249869.1	AC083906.2	processed_pseudogene	0	0	0	0.0000	0.0000	0.0000
ENSG00000249870.1	AC005920.2	lncRNA	0	0	0	0.0000	0.0000	0.0000
ENSG00000249873.7	LINC02372	lncRNA	0	0	0	0.0000	0.0000	0.0000
ENSG00000249875.1	AC116616.1	lncRNA	0	0	0	0.0000	0.0000	0.0000
ENSG00000249876.1	AC010285.2	processed_pseudogene	0	0	0	0.0000	0.0000	0.0000
ENSG00000249877.1	AC105924.1	lncRNA	0	0	0	0.0000	0.0000	0.0000
ENSG00000249878.1	AC026434.1	processed_pseudogene	0	0	0	0.0000	0.0000	0.0000
ENSG00000249881.1	AC008696.2	lncRNA	0	0	0	0.0000	0.0000	0.0000
ENSG00000249882.2	LINC02501	lncRNA	0	0	0	0.0000	0.0000	0.0000
ENSG00000249883.1	AC104803.1	lncRNA	0	0	0	0.0000	0.0000	0.0000
ENSG00000249884.8	RNF103-CHMP3	protein_coding	0	0	0	0.0000	0.0000	0.0000
ENSG00000249885.1	ARHGEF38-IT1	lncRNA	0	0	0	0.0000	0.0000	0.0000
ENSG00000249887.1	AC108210.2	processed_pseudogene	0	0	0	0.0000	0.0000	0.0000
ENSG00000249888.1	AC106800.2	processed_pseudogene	0	0	0	0.0000	0.0000	0.0000
ENSG00000249889.1	ALG1L11P	unprocessed_pseudogene	0	3	3	0.0000	0.0000	0.0000
ENSG00000249890.1	AC107401.1	unprocessed_pseudogene	0	0	0	0.0000	0.0000	0.0000
ENSG00000249891.2	KRT19P6	processed_pseudogene	0	0	0	0.0000	0.0000	0.0000
ENSG00000249892.1	AC093857.1	lncRNA	0	0	0	0.0000	0.0000	0.0000
ENSG00000249893.1	MTND6P16	unprocessed_pseudogene	0	0	0	0.0000	0.0000	0.0000
ENSG00000249894.1	AC024581.1	lncRNA	0	0	0	0.0000	0.0000	0.0000
ENSG00000249896.2	LINC02495	transcribed_unprocessed_pseudogene	6	0	6	0.0903	0.0264	0.0255
ENSG00000249898.8	MCPH1-AS1	lncRNA	91	54	68	0.7162	0.2098	0.2020
ENSG00000249899.6	AC025180.1	lncRNA	0	22	31	0.0000	0.0000	0.0000
ENSG00000249901.1	AC121161.2	lncRNA	0	0	0	0.0000	0.0000	0.0000
ENSG00000249904.1	AC010587.1	processed_pseudogene	0	0	0	0.0000	0.0000	0.0000
ENSG00000249906.1	AC006487.1	lncRNA	17	742	709	1.1823	0.3463	0.3335
ENSG00000249908.2	BRD9P2	transcribed_unprocessed_pseudogene	0	0	0	0.0000	0.0000	0.0000
ENSG00000249909.1	CYCTP	unitary_pseudogene	0	0	0	0.0000	0.0000	0.0000
ENSG00000249910.3	TRIM51CP	unprocessed_pseudogene	7	5	2	0.4381	0.1283	0.1236
ENSG00000249912.1	TRBV26	TR_V_pseudogene	0	0	0	0.0000	0.0000	0.0000
ENSG00000249915.8	PDCD6	protein_coding	71	31	40	0.6487	0.1900	0.1830
ENSG00000249916.1	AC119150.1	lncRNA	0	0	0	0.0000	0.0000	0.0000
ENSG00000249917.3	LINC00536	lncRNA	0	0	0	0.0000	0.0000	0.0000
ENSG00000249919.1	FABP5P6	processed_pseudogene	0	0	0	0.0000	0.0000	0.0000
ENSG00000249920.2	HNRNPA1P55	processed_pseudogene	1	0	1	0.0889	0.0260	0.0251
ENSG00000249921.2	AC034207.1	processed_pseudogene	5	2	3	0.4479	0.1312	0.1263
ENSG00000249923.1	AC007663.2	lncRNA	2	0	2	0.0762	0.0223	0.0215
ENSG00000249924.2	AC097467.1	lncRNA	0	0	0	0.0000	0.0000	0.0000
ENSG00000249926.2	AC117500.1	lncRNA	0	0	0	0.0000	0.0000	0.0000
ENSG00000249927.1	AC025768.1	processed_pseudogene	0	0	0	0.0000	0.0000	0.0000
ENSG00000249928.2	UQCRBP3	processed_pseudogene	0	0	0	0.0000	0.0000	0.0000
ENSG00000249930.1	AC007016.1	processed_pseudogene	6	3	3	2.0882	0.6117	0.5890
ENSG00000249931.4	GOLGA8K	protein_coding	0	0	0	0.0000	0.0000	0.0000
ENSG00000249934.2	NCOA4P2	processed_pseudogene	0	0	0	0.0000	0.0000	0.0000
ENSG00000249936.3	RAC1P2	processed_pseudogene	100	49	51	14.6667	4.2961	4.1368
ENSG00000249937.8	LINC02223	lncRNA	1	1	0	0.0106	0.0031	0.0030
ENSG00000249941.1	AC026415.1	lncRNA	0	0	0	0.0000	0.0000	0.0000
ENSG00000249942.1	AC239584.1	lncRNA	0	0	0	0.0000	0.0000	0.0000
ENSG00000249943.1	AC097486.1	processed_pseudogene	0	0	0	0.0000	0.0000	0.0000
ENSG00000249944.1	AC008628.2	processed_pseudogene	0	0	0	0.0000	0.0000	0.0000
ENSG00000249945.2	AC131094.1	lncRNA	0	0	0	0.0000	0.0000	0.0000
ENSG00000249947.2	XBP1P1	processed_pseudogene	8	4	7	1.0420	0.3052	0.2939
ENSG00000249948.6	GBA3	polymorphic_pseudogene	2	1	1	0.0579	0.0170	0.0163
ENSG00000249950.1	AC010587.2	processed_pseudogene	0	0	0	0.0000	0.0000	0.0000
ENSG00000249951.1	AC108067.1	lncRNA	0	0	0	0.0000	0.0000	0.0000
ENSG00000249955.2	AC084866.1	lncRNA	5	66	55	0.3427	0.1004	0.0967
ENSG00000249956.4	UGT2B24P	processed_pseudogene	1	0	1	0.0532	0.0156	0.0150
ENSG00000249958.1	CCT7P2	processed_pseudogene	0	0	0	0.0000	0.0000	0.0000
ENSG00000249959.6	AC024587.2	lncRNA	2	1	1	0.1141	0.0334	0.0322
ENSG00000249960.2	AC067942.3	processed_pseudogene	0	0	0	0.0000	0.0000	0.0000
ENSG00000249961.10	TERB1	protein_coding	0	1	0	0.0000	0.0000	0.0000
ENSG00000249962.1	AL157400.5	processed_pseudogene	0	0	0	0.0000	0.0000	0.0000
ENSG00000249963.1	EEF1A1P20	processed_pseudogene	1	1	0	0.0613	0.0179	0.0173
ENSG00000249965.2	CDC42P4	processed_pseudogene	0	0	0	0.0000	0.0000	0.0000
ENSG00000249966.1	AC025183.1	lncRNA	0	0	0	0.0000	0.0000	0.0000
ENSG00000249967.1	AL355315.1	protein_coding	0	0	0	0.0000	0.0000	0.0000
ENSG00000249970.1	AC074250.1	processed_pseudogene	0	0	0	0.0000	0.0000	0.0000
ENSG00000249971.1	AC104116.1	lncRNA	0	233	276	0.0000	0.0000	0.0000
ENSG00000249973.2	CHCHD2P7	processed_pseudogene	0	0	0	0.0000	0.0000	0.0000
ENSG00000249975.1	OR5H3P	unprocessed_pseudogene	0	0	0	0.0000	0.0000	0.0000
ENSG00000249976.2	AC108157.1	processed_pseudogene	0	0	0	0.0000	0.0000	0.0000
ENSG00000249977.1	AC106748.1	processed_pseudogene	0	0	0	0.0000	0.0000	0.0000
ENSG00000249978.1	TRGV7	TR_V_pseudogene	4	3	1	0.9623	0.2819	0.2714
ENSG00000249981.1	AC145141.1	lncRNA	0	0	0	0.0000	0.0000	0.0000
ENSG00000249982.1	AC005823.2	lncRNA	0	0	0	0.0000	0.0000	0.0000
ENSG00000249984.1	AC026780.2	lncRNA	3	1	3	0.3490	0.1022	0.0984
ENSG00000249985.1	AC021146.6	unprocessed_pseudogene	0	0	0	0.0000	0.0000	0.0000
ENSG00000249986.1	YWHAQP6	processed_pseudogene	3	2	1	0.8380	0.2455	0.2364
ENSG00000249987.1	RPS4XP20	processed_pseudogene	1	2	1	0.1100	0.0322	0.0310
ENSG00000249988.1	AC092546.1	lncRNA	0	0	0	0.0000	0.0000	0.0000
ENSG00000249990.1	MTCO2P24	processed_pseudogene	0	0	0	0.0000	0.0000	0.0000
ENSG00000249992.2	TMEM158	protein_coding	1456	681	775	67.8618	19.8778	19.1408
ENSG00000249993.1	BFSP2-AS1	lncRNA	0	0	0	0.0000	0.0000	0.0000
ENSG00000249994.1	AC025187.1	lncRNA	0	0	0	0.0000	0.0000	0.0000
ENSG00000249995.1	ECM1P2	processed_pseudogene	0	0	0	0.0000	0.0000	0.0000
ENSG00000249996.1	PPIC-AS1	lncRNA	1	33	39	0.1514	0.0443	0.0427
ENSG00000249997.1	MTCO3P7	unprocessed_pseudogene	0	0	0	0.0000	0.0000	0.0000
ENSG00000249998.1	AC106894.1	lncRNA	0	0	0	0.0000	0.0000	0.0000
ENSG00000250001.1	AC027335.1	lncRNA	0	0	0	0.0000	0.0000	0.0000
ENSG00000250006.2	AC008638.2	processed_pseudogene	0	0	0	0.0000	0.0000	0.0000
ENSG00000250007.7	AC087457.1	lncRNA	0	0	0	0.0000	0.0000	0.0000
ENSG00000250011.1	HMGB1P3	processed_pseudogene	1	1	0	0.1379	0.0404	0.0389
ENSG00000250012.2	AC079848.1	lncRNA	81	41	40	4.1537	1.2167	1.1716
ENSG00000250013.1	ZP3P1	processed_pseudogene	0	0	0	0.0000	0.0000	0.0000
ENSG00000250015.1	AC018752.1	lncRNA	2	1	1	0.8245	0.2415	0.2325
ENSG00000250016.2	SNX18P23	processed_pseudogene	3	3	0	0.3763	0.1102	0.1061
ENSG00000250017.1	AC117529.1	processed_pseudogene	0	0	0	0.0000	0.0000	0.0000
ENSG00000250020.1	AC113430.1	processed_pseudogene	0	0	0	0.0000	0.0000	0.0000
ENSG00000250021.7	ARPIN-AP3S2	protein_coding	0	0	0	0.0000	0.0000	0.0000
ENSG00000250024.1	AC122138.1	lncRNA	0	0	0	0.0000	0.0000	0.0000
ENSG00000250025.2	AC011396.2	lncRNA	0	0	0	0.0000	0.0000	0.0000
ENSG00000250026.5	TMPRSS11BNL	transcribed_unprocessed_pseudogene	0	0	0	0.0000	0.0000	0.0000
ENSG00000250027.1	AC022272.1	lncRNA	1	0	1	0.1093	0.0320	0.0308
ENSG00000250030.2	AC104806.1	processed_pseudogene	4	3	1	1.1029	0.3230	0.3111
ENSG00000250031.1	AC009927.1	processed_pseudogene	2	1	1	0.0955	0.0280	0.0269
ENSG00000250032.1	AC008869.1	lncRNA	0	0	0	0.0000	0.0000	0.0000
ENSG00000250033.5	SLC7A11-AS1	lncRNA	1	10	8	0.0138	0.0040	0.0039
ENSG00000250034.1	AC131956.1	lncRNA	0	0	0	0.0000	0.0000	0.0000
ENSG00000250036.1	IGKV1D-37	IG_V_gene	3	1	3	0.7217	0.2114	0.2036
ENSG00000250037.1	AC091965.2	unprocessed_pseudogene	0	1	0	0.0000	0.0000	0.0000
ENSG00000250038.7	AC093791.1	lncRNA	6	4	2	0.2759	0.0808	0.0778
ENSG00000250039.4	AC096719.1	lncRNA	1	1	0	0.0193	0.0057	0.0055
ENSG00000250040.2	RAF1P1	processed_pseudogene	0	0	0	0.0000	0.0000	0.0000
ENSG00000250041.3	AC069360.1	lncRNA	34	18	19	1.2965	0.3798	0.3657
ENSG00000250042.1	LINC02514	lncRNA	0	0	0	0.0000	0.0000	0.0000
ENSG00000250043.1	AC106895.1	lncRNA	0	0	0	0.0000	0.0000	0.0000
ENSG00000250045.2	CBX3P3	processed_pseudogene	0	0	0	0.0000	0.0000	0.0000
ENSG00000250046.3	AC106864.1	lncRNA	0	0	0	0.0000	0.0000	0.0000
ENSG00000250048.2	LINC00603	lncRNA	0	0	0	0.0000	0.0000	0.0000
ENSG00000250049.7	AC114316.1	lncRNA	0	0	0	0.0000	0.0000	0.0000
ENSG00000250050.1	MTND4P9	unprocessed_pseudogene	1	1	0	0.0631	0.0185	0.0178
ENSG00000250053.1	RARRES2P4	processed_pseudogene	0	0	0	0.0000	0.0000	0.0000
ENSG00000250056.8	LINC01018	lncRNA	3	306	298	0.0348	0.0102	0.0098
ENSG00000250057.1	AC114781.2	lncRNA	1	1	0	0.2155	0.0631	0.0608
ENSG00000250060.2	AC122710.1	lncRNA	0	0	0	0.0000	0.0000	0.0000
ENSG00000250062.5	MAPK10-AS1	lncRNA	2	0	2	0.1544	0.0452	0.0435
ENSG00000250064.1	AC097480.1	lncRNA	0	0	0	0.0000	0.0000	0.0000
ENSG00000250066.1	AC093248.1	lncRNA	0	0	0	0.0000	0.0000	0.0000
ENSG00000250067.12	YJEFN3	protein_coding	22	10	12	0.6314	0.1849	0.1781
ENSG00000250068.1	AL445187.1	unprocessed_pseudogene	1	0	1	0.3266	0.0957	0.0921
ENSG00000250069.1	AC011379.1	lncRNA	1	0	1	0.0281	0.0082	0.0079
ENSG00000250071.1	AC093214.1	processed_pseudogene	0	0	0	0.0000	0.0000	0.0000
ENSG00000250072.6	SH3TC2-DT	lncRNA	214	102	113	3.7656	1.1030	1.0621
ENSG00000250073.3	AP000866.2	lncRNA	3	2	1	0.1452	0.0425	0.0410
ENSG00000250074.1	AC006499.2	processed_pseudogene	0	0	0	0.0000	0.0000	0.0000
ENSG00000250075.7	AC104806.2	lncRNA	1	1	0	0.0261	0.0076	0.0074
ENSG00000250076.1	MAPRE1P2	processed_pseudogene	1	0	1	0.1063	0.0311	0.0300
ENSG00000250078.2	AC019133.1	lncRNA	0	0	0	0.0000	0.0000	0.0000
ENSG00000250079.1	AC093300.1	processed_pseudogene	1	1	0	0.0707	0.0207	0.0199
ENSG00000250080.1	AC011416.1	processed_pseudogene	0	0	0	0.0000	0.0000	0.0000
ENSG00000250081.1	AC025176.1	lncRNA	2	1	1	0.4653	0.1363	0.1312
ENSG00000250082.1	AC074255.1	processed_pseudogene	0	0	0	0.0000	0.0000	0.0000
ENSG00000250084.1	BX510359.5	unprocessed_pseudogene	0	0	0	0.0000	0.0000	0.0000
ENSG00000250088.1	AC233724.7	processed_pseudogene	0	0	0	0.0000	0.0000	0.0000
ENSG00000250090.1	AL390198.2	unprocessed_pseudogene	0	0	0	0.0000	0.0000	0.0000
ENSG00000250091.3	DNAH10OS	lncRNA	9	16	14	0.1273	0.0373	0.0359
ENSG00000250092.2	AC096576.3	lncRNA	0	0	0	0.0000	0.0000	0.0000
ENSG00000250095.5	NREP-AS1	lncRNA	0	0	0	0.0000	0.0000	0.0000
ENSG00000250098.1	AC007370.1	lncRNA	0	0	0	0.0000	0.0000	0.0000
ENSG00000250099.1	AC091893.1	processed_pseudogene	0	0	0	0.0000	0.0000	0.0000
ENSG00000250100.2	AC111000.3	unprocessed_pseudogene	0	0	0	0.0000	0.0000	0.0000
ENSG00000250101.1	AC106795.3	lncRNA	0	0	0	0.0000	0.0000	0.0000
ENSG00000250102.6	LINC02377	lncRNA	0	0	0	0.0000	0.0000	0.0000
ENSG00000250103.2	PANCR	lncRNA	0	0	0	0.0000	0.0000	0.0000
ENSG00000250105.1	AP002748.2	lncRNA	0	0	0	0.0000	0.0000	0.0000
ENSG00000250106.1	ANKRD33B-AS1	lncRNA	0	0	0	0.0000	0.0000	0.0000
ENSG00000250107.1	CACNA1G-AS1	lncRNA	2	2	2	0.1076	0.0315	0.0303
ENSG00000250111.3	AC107982.1	unprocessed_pseudogene	2	2	0	0.1306	0.0383	0.0368
ENSG00000250114.1	AC008723.1	unprocessed_pseudogene	0	0	0	0.0000	0.0000	0.0000
ENSG00000250115.2	AK3P2	processed_pseudogene	1	1	0	0.1979	0.0580	0.0558
ENSG00000250116.2	RHOQ-AS1	lncRNA	18	20	14	1.0063	0.2948	0.2838
ENSG00000250118.1	AC114300.1	processed_pseudogene	1	1	0	0.3033	0.0888	0.0855
ENSG00000250120.8	PCDHA10	protein_coding	6	4	2	0.0325	0.0095	0.0092
ENSG00000250122.1	AC122694.1	lncRNA	0	0	0	0.0000	0.0000	0.0000
ENSG00000250124.1	AC016550.3	lncRNA	0	0	0	0.0000	0.0000	0.0000
ENSG00000250125.4	LINC02232	lncRNA	11	4	7	0.1468	0.0430	0.0414
ENSG00000250126.1	AC116563.1	lncRNA	0	0	0	0.0000	0.0000	0.0000
ENSG00000250127.1	LINC02108	lncRNA	0	0	0	0.0000	0.0000	0.0000
ENSG00000250129.5	AC116424.1	lncRNA	33	15	18	3.9030	1.1433	1.1009
ENSG00000250130.1	GAPDHP43	processed_pseudogene	2	0	2	0.1695	0.0496	0.0478
ENSG00000250131.2	AC078881.1	lncRNA	5	2	3	0.0706	0.0207	0.0199
ENSG00000250132.6	AC004803.1	lncRNA	94	43	53	2.1757	0.6373	0.6137
ENSG00000250133.2	HOXC-AS2	lncRNA	3	2	2	0.1150	0.0337	0.0324
ENSG00000250135.1	AL049795.2	lncRNA	0	0	0	0.0000	0.0000	0.0000
ENSG00000250137.1	AC093607.1	lncRNA	0	0	0	0.0000	0.0000	0.0000
ENSG00000250138.4	AC139495.2	unprocessed_pseudogene	24	17	7	0.4593	0.1345	0.1296
ENSG00000250140.1	AC026801.1	processed_pseudogene	3	0	3	0.5994	0.1756	0.1691
ENSG00000250141.1	LINC02276	lncRNA	0	0	0	0.0000	0.0000	0.0000
ENSG00000250144.1	AC104619.3	processed_pseudogene	24	11	13	1.4694	0.4304	0.4145
ENSG00000250145.1	AC114940.1	processed_pseudogene	0	0	0	0.0000	0.0000	0.0000
ENSG00000250147.1	MORF4L2P1	processed_pseudogene	0	0	0	0.0000	0.0000	0.0000
ENSG00000250148.1	KRT8P31	processed_pseudogene	1	1	0	0.0603	0.0177	0.0170
ENSG00000250149.2	AC104664.1	lncRNA	0	0	0	0.0000	0.0000	0.0000
ENSG00000250150.1	AC079349.1	lncRNA	0	0	0	0.0000	0.0000	0.0000
ENSG00000250151.9	ARPC4-TTLL3	protein_coding	0	0	0	0.0000	0.0000	0.0000
ENSG00000250155.2	AC008957.1	lncRNA	88	50	38	1.9171	0.5616	0.5407
ENSG00000250156.3	LINC02060	lncRNA	0	1	2	0.0000	0.0000	0.0000
ENSG00000250158.1	AC099509.2	lncRNA	0	0	0	0.0000	0.0000	0.0000
ENSG00000250159.7	AC106791.1	lncRNA	94	91	96	0.6078	0.1780	0.1714
ENSG00000250161.1	TRMT112P5	processed_pseudogene	0	0	0	0.0000	0.0000	0.0000
ENSG00000250162.1	CSNK1A1P3	processed_pseudogene	0	0	0	0.0000	0.0000	0.0000
ENSG00000250164.1	AC022447.7	lncRNA	0	0	0	0.0000	0.0000	0.0000
ENSG00000250166.3	AC053513.1	lncRNA	5	3	2	0.3518	0.1030	0.0992
ENSG00000250167.1	AC034206.1	lncRNA	0	0	0	0.0000	0.0000	0.0000
ENSG00000250169.1	MTND5P13	processed_pseudogene	0	0	0	0.0000	0.0000	0.0000
ENSG00000250170.1	RASA2-IT1	lncRNA	0	0	0	0.0000	0.0000	0.0000
ENSG00000250173.1	AC122719.2	lncRNA	0	0	0	0.0000	0.0000	0.0000
ENSG00000250174.5	MYLK-AS2	lncRNA	0	7	10	0.0000	0.0000	0.0000
ENSG00000250180.1	AC074344.2	lncRNA	0	0	0	0.0000	0.0000	0.0000
ENSG00000250182.3	EEF1A1P13	processed_pseudogene	308	177	131	18.8305	5.5157	5.3112
ENSG00000250183.2	AC097173.1	transcribed_unprocessed_pseudogene	0	0	0	0.0000	0.0000	0.0000
ENSG00000250185.2	RCC2P8	processed_pseudogene	0	0	0	0.0000	0.0000	0.0000
ENSG00000250186.3	AC091180.3	lncRNA	0	2145	2123	0.0000	0.0000	0.0000
ENSG00000250189.2	AC097504.1	processed_pseudogene	0	0	0	0.0000	0.0000	0.0000
ENSG00000250190.2	LINC02364	lncRNA	0	0	0	0.0000	0.0000	0.0000
ENSG00000250191.1	AC105252.1	unprocessed_pseudogene	0	0	0	0.0000	0.0000	0.0000
ENSG00000250192.1	AC105390.1	lncRNA	0	0	0	0.0000	0.0000	0.0000
ENSG00000250193.1	AC082650.1	lncRNA	0	0	0	0.0000	0.0000	0.0000
ENSG00000250194.1	AC109458.1	processed_pseudogene	1	0	1	0.2687	0.0787	0.0758
ENSG00000250195.1	AC109927.1	lncRNA	0	0	0	0.0000	0.0000	0.0000
ENSG00000250197.1	HMGN1P15	processed_pseudogene	1	1	0	0.2879	0.0843	0.0812
ENSG00000250198.3	LINC02199	lncRNA	161	81	80	1.5496	0.4539	0.4371
ENSG00000250200.1	AC105914.1	processed_pseudogene	0	0	0	0.0000	0.0000	0.0000
ENSG00000250202.2	AC093827.2	processed_pseudogene	0	1	1	0.0000	0.0000	0.0000
ENSG00000250204.2	TTTY23B	transcribed_unprocessed_pseudogene	0	0	0	0.0000	0.0000	0.0000
ENSG00000250205.1	YWHAEP4	processed_pseudogene	0	0	0	0.0000	0.0000	0.0000
ENSG00000250207.1	AC079776.2	unprocessed_pseudogene	0	0	0	0.0000	0.0000	0.0000
ENSG00000250208.6	FZD10-AS1	lncRNA	10	6	5	0.0739	0.0216	0.0208
ENSG00000250210.5	FO082796.1	unprocessed_pseudogene	0	0	0	0.0000	0.0000	0.0000
ENSG00000250213.2	AC025554.1	processed_pseudogene	0	0	0	0.0000	0.0000	0.0000
ENSG00000250214.1	AC112225.1	processed_pseudogene	0	0	0	0.0000	0.0000	0.0000
ENSG00000250215.1	CIR1P2	processed_pseudogene	1	1	0	0.0633	0.0185	0.0178
ENSG00000250218.1	ALDH1L1-AS1	lncRNA	0	0	0	0.0000	0.0000	0.0000
ENSG00000250219.2	LTV1P1	processed_pseudogene	0	0	0	0.0000	0.0000	0.0000
ENSG00000250220.1	AC053527.2	lncRNA	14	5	9	1.7356	0.5084	0.4895
ENSG00000250221.1	KRT8P32	processed_pseudogene	0	0	0	0.0000	0.0000	0.0000
ENSG00000250222.2	AC008443.4	lncRNA	2	14	9	0.3175	0.0930	0.0895
ENSG00000250223.1	LINC01216	lncRNA	0	0	0	0.0000	0.0000	0.0000
ENSG00000250227.1	TRIM60P14	processed_pseudogene	2	1	1	0.1197	0.0351	0.0338
ENSG00000250229.1	AC111193.1	processed_pseudogene	0	0	0	0.0000	0.0000	0.0000
ENSG00000250230.3	AP002754.1	lncRNA	1	0	3	0.0308	0.0090	0.0087
ENSG00000250231.1	USP17L16P	unprocessed_pseudogene	0	0	0	0.0000	0.0000	0.0000
ENSG00000250234.1	AC025754.1	lncRNA	2	21	36	0.4173	0.1222	0.1177
ENSG00000250237.1	AC010273.3	lncRNA	0	0	0	0.0000	0.0000	0.0000
ENSG00000250238.1	AC253576.1	processed_pseudogene	0	0	0	0.0000	0.0000	0.0000
ENSG00000250240.6	AC008840.1	lncRNA	11	74	83	0.4256	0.1247	0.1200
ENSG00000250241.6	AC105383.1	lncRNA	0	0	0	0.0000	0.0000	0.0000
ENSG00000250242.1	AC094104.1	lncRNA	0	0	0	0.0000	0.0000	0.0000
ENSG00000250243.3	AC110296.1	lncRNA	0	0	0	0.0000	0.0000	0.0000
ENSG00000250244.5	AC010307.4	lncRNA	0	0	0	0.0000	0.0000	0.0000
ENSG00000250247.1	SEPHS2P1	processed_pseudogene	0	0	0	0.0000	0.0000	0.0000
ENSG00000250249.2	AC105313.1	processed_pseudogene	0	0	0	0.0000	0.0000	0.0000
ENSG00000250250.2	CTD-2350J17.1	lncRNA	1	1	0	0.0673	0.0197	0.0190
ENSG00000250251.6	PKD1P6	transcribed_unprocessed_pseudogene	52	19	33	0.7341	0.2150	0.2071
ENSG00000250252.2	LINC02430	lncRNA	0	0	0	0.0000	0.0000	0.0000
ENSG00000250253.3	AC117522.3	processed_pseudogene	0	0	0	0.0000	0.0000	0.0000
ENSG00000250254.2	PTTG2	protein_coding	7	3	4	0.8132	0.2382	0.2294
ENSG00000250256.1	AC108112.1	lncRNA	0	0	0	0.0000	0.0000	0.0000
ENSG00000250257.1	LDHAL6DP	unprocessed_pseudogene	0	0	0	0.0000	0.0000	0.0000
ENSG00000250258.1	AC008496.2	lncRNA	7	2	5	1.2923	0.3785	0.3645
ENSG00000250259.1	AC019103.1	lncRNA	0	0	0	0.0000	0.0000	0.0000
ENSG00000250260.1	AC113382.2	lncRNA	0	0	0	0.0000	0.0000	0.0000
ENSG00000250261.1	CCDC74BP1	unprocessed_pseudogene	0	298	287	0.0000	0.0000	0.0000
ENSG00000250263.2	LINC02509	lncRNA	0	0	0	0.0000	0.0000	0.0000
ENSG00000250264.1	AL669918.1	protein_coding	0	0	0	0.0000	0.0000	0.0000
ENSG00000250266.2	LINC01612	lncRNA	2	1	1	0.0777	0.0228	0.0219
ENSG00000250267.2	AC021237.1	lncRNA	0	0	0	0.0000	0.0000	0.0000
ENSG00000250268.3	ALG1L14P	unprocessed_pseudogene	0	0	0	0.0000	0.0000	0.0000
ENSG00000250271.2	AC068647.2	transcribed_unprocessed_pseudogene	0	0	0	0.0000	0.0000	0.0000
ENSG00000250272.1	TRMT112P1	processed_pseudogene	0	0	0	0.0000	0.0000	0.0000
ENSG00000250273.1	PSMC1P5	processed_pseudogene	1	1	0	0.4798	0.1405	0.1353
ENSG00000250274.2	AC034199.1	lncRNA	1	1	0	0.0374	0.0109	0.0105
ENSG00000250277.2	AC021146.7	processed_pseudogene	0	0	0	0.0000	0.0000	0.0000
ENSG00000250280.2	AC026124.1	lncRNA	0	1	0	0.0000	0.0000	0.0000
ENSG00000250282.1	AC002401.2	lncRNA	0	0	0	0.0000	0.0000	0.0000
ENSG00000250284.3	AC109439.1	lncRNA	1	1	0	0.0326	0.0095	0.0092
ENSG00000250286.2	AC021491.2	lncRNA	1	5	7	0.0513	0.0150	0.0145
ENSG00000250289.1	VWA8P1	processed_pseudogene	0	0	0	0.0000	0.0000	0.0000
ENSG00000250290.1	NCAPGP1	processed_pseudogene	1	1	0	0.0468	0.0137	0.0132
ENSG00000250292.1	AC093844.1	processed_pseudogene	0	0	0	0.0000	0.0000	0.0000
ENSG00000250293.1	CRYZP2	processed_pseudogene	0	0	0	0.0000	0.0000	0.0000
ENSG00000250295.6	RDH10-AS1	lncRNA	3	2	2	0.0670	0.0196	0.0189
ENSG00000250298.6	GIMD1	protein_coding	0	1	0	0.0000	0.0000	0.0000
ENSG00000250299.6	MRPS31P4	transcribed_unprocessed_pseudogene	9	3	6	0.7435	0.2178	0.2097
ENSG00000250300.1	AP001960.1	unprocessed_pseudogene	0	0	0	0.0000	0.0000	0.0000
ENSG00000250302.3	LINC01618	lncRNA	0	0	0	0.0000	0.0000	0.0000
ENSG00000250303.4	LINC02762	lncRNA	273	141	132	3.8866	1.1384	1.0962
ENSG00000250304.2	ZBED1P1	processed_pseudogene	0	0	0	0.0000	0.0000	0.0000
ENSG00000250305.9	TRMT9B	protein_coding	303	155	148	1.7541	0.5138	0.4948
ENSG00000250306.1	AC091826.1	processed_pseudogene	0	0	0	0.0000	0.0000	0.0000
ENSG00000250307.2	TUBB8P3	processed_pseudogene	0	0	0	0.0000	0.0000	0.0000
ENSG00000250308.2	SALL4P1	processed_pseudogene	0	0	0	0.0000	0.0000	0.0000
ENSG00000250309.2	AC008453.1	lncRNA	0	0	1	0.0000	0.0000	0.0000
ENSG00000250310.2	AC006487.2	lncRNA	0	0	0	0.0000	0.0000	0.0000
ENSG00000250312.8	ZNF718	protein_coding	99	56	46	1.6572	0.4854	0.4674
ENSG00000250313.3	LINC02229	lncRNA	0	0	0	0.0000	0.0000	0.0000
ENSG00000250315.2	AC110760.2	transcribed_processed_pseudogene	0	0	0	0.0000	0.0000	0.0000
ENSG00000250316.1	AC068880.1	unprocessed_pseudogene	0	0	0	0.0000	0.0000	0.0000
ENSG00000250317.8	SMIM20	protein_coding	1234	600	634	65.0073	19.0417	18.3357
ENSG00000250318.1	AC003072.1	unprocessed_pseudogene	94	47	47	13.0433	3.8206	3.6789
ENSG00000250319.1	AC010460.2	processed_pseudogene	0	0	0	0.0000	0.0000	0.0000
ENSG00000250320.6	EDIL3-DT	lncRNA	3	7	3	0.0283	0.0083	0.0080
ENSG00000250321.1	AC079140.2	processed_pseudogene	5	2	3	2.9902	0.8759	0.8434
ENSG00000250322.2	AC026402.1	processed_pseudogene	0	0	0	0.0000	0.0000	0.0000
ENSG00000250324.2	MRPL22P1	processed_pseudogene	0	0	0	0.0000	0.0000	0.0000
ENSG00000250325.1	IGBP1P4	processed_pseudogene	2	1	1	0.1932	0.0566	0.0545
ENSG00000250326.2	AC104596.1	lncRNA	27	15	12	1.3599	0.3983	0.3836
ENSG00000250327.1	RPSAP70	processed_pseudogene	58	27	31	5.7007	1.6698	1.6079
ENSG00000250328.6	MGC32805	lncRNA	0	2	2	0.0000	0.0000	0.0000
ENSG00000250329.1	KDELC1P1	processed_pseudogene	0	0	0	0.0000	0.0000	0.0000
ENSG00000250330.1	AC016559.3	processed_pseudogene	0	0	0	0.0000	0.0000	0.0000
ENSG00000250331.2	LINC01340	lncRNA	2	2	0	0.0432	0.0127	0.0122
ENSG00000250332.1	AC010460.3	processed_pseudogene	0	0	0	0.0000	0.0000	0.0000
ENSG00000250333.2	AC093725.2	lncRNA	1	0	1	0.0402	0.0118	0.0114
ENSG00000250334.6	LINC00989	lncRNA	0	0	0	0.0000	0.0000	0.0000
ENSG00000250337.7	PURPL	lncRNA	127	67	60	1.9248	0.5638	0.5429
ENSG00000250338.1	AC095057.2	lncRNA	0	0	0	0.0000	0.0000	0.0000
ENSG00000250339.2	CXCL1P1	processed_pseudogene	0	0	0	0.0000	0.0000	0.0000
ENSG00000250340.1	LINC02494	lncRNA	0	0	0	0.0000	0.0000	0.0000
ENSG00000250341.1	LINC02510	lncRNA	0	0	0	0.0000	0.0000	0.0000
ENSG00000250342.1	SNRPCP16	processed_pseudogene	0	0	0	0.0000	0.0000	0.0000
ENSG00000250343.1	STK32A-AS1	lncRNA	233	120	113	22.9275	6.7158	6.4668
ENSG00000250344.1	AC105254.1	lncRNA	0	0	0	0.0000	0.0000	0.0000
ENSG00000250345.2	AC104090.1	processed_pseudogene	0	0	0	0.0000	0.0000	0.0000
ENSG00000250346.1	EEF1GP2	processed_pseudogene	4	2	2	0.2733	0.0800	0.0771
ENSG00000250347.1	AC005740.2	processed_pseudogene	0	0	0	0.0000	0.0000	0.0000
ENSG00000250348.1	AC113404.1	lncRNA	0	1	0	0.0000	0.0000	0.0000
ENSG00000250349.3	AF241726.1	protein_coding	0	0	0	0.0000	0.0000	0.0000
ENSG00000250350.1	AC104819.2	unprocessed_pseudogene	0	0	0	0.0000	0.0000	0.0000
ENSG00000250351.1	H3P20	processed_pseudogene	0	0	0	0.0000	0.0000	0.0000
ENSG00000250354.1	AC069272.1	lncRNA	0	1	0	0.0000	0.0000	0.0000
ENSG00000250356.1	HSPE1P23	processed_pseudogene	0	0	0	0.0000	0.0000	0.0000
ENSG00000250357.1	AC108935.1	lncRNA	0	0	0	0.0000	0.0000	0.0000
ENSG00000250358.6	LINC02200	lncRNA	0	0	0	0.0000	0.0000	0.0000
ENSG00000250359.1	PTP4A1P4	processed_pseudogene	0	0	0	0.0000	0.0000	0.0000
ENSG00000250360.1	AC008808.2	lncRNA	0	0	0	0.0000	0.0000	0.0000
ENSG00000250361.9	GYPB	protein_coding	0	0	0	0.0000	0.0000	0.0000
ENSG00000250362.1	AC008592.1	lncRNA	0	0	0	0.0000	0.0000	0.0000
ENSG00000250363.1	KRT18P21	processed_pseudogene	0	0	0	0.0000	0.0000	0.0000
ENSG00000250365.7	AL139353.2	lncRNA	17	225	287	0.3848	0.1127	0.1085
ENSG00000250366.3	TUNAR	protein_coding	0	0	0	0.0000	0.0000	0.0000
ENSG00000250371.1	AC007370.2	lncRNA	0	0	0	0.0000	0.0000	0.0000
ENSG00000250372.1	MARK2P4	processed_pseudogene	0	0	0	0.0000	0.0000	0.0000
ENSG00000250374.4	TRIM75P	protein_coding	0	0	0	0.0000	0.0000	0.0000
ENSG00000250375.2	AC097501.1	lncRNA	0	0	0	0.0000	0.0000	0.0000
ENSG00000250376.1	AC093720.1	unprocessed_pseudogene	0	0	0	0.0000	0.0000	0.0000
ENSG00000250377.2	AC008525.1	lncRNA	0	0	0	0.0000	0.0000	0.0000
ENSG00000250378.4	AC114296.1	lncRNA	6	3	3	0.1826	0.0535	0.0515
ENSG00000250379.1	AC020659.2	lncRNA	0	389	417	0.0000	0.0000	0.0000
ENSG00000250381.1	UNC93B4	unprocessed_pseudogene	4	1	3	0.4547	0.1332	0.1283
ENSG00000250383.1	AC008871.1	lncRNA	0	0	0	0.0000	0.0000	0.0000
ENSG00000250384.1	UBE2CP3	processed_pseudogene	1	1	0	0.1887	0.0553	0.0532
ENSG00000250385.2	AC106772.2	lncRNA	0	0	0	0.0000	0.0000	0.0000
ENSG00000250386.1	H3P21	processed_pseudogene	0	0	0	0.0000	0.0000	0.0000
ENSG00000250387.3	LINC02197	lncRNA	2	2	0	0.0486	0.0142	0.0137
ENSG00000250389.1	MTND6P2	processed_pseudogene	0	1	0	0.0000	0.0000	0.0000
ENSG00000250390.2	AP001790.1	lncRNA	1	0	1	0.1490	0.0436	0.0420
ENSG00000250391.1	CRLF3P2	processed_pseudogene	0	0	0	0.0000	0.0000	0.0000
ENSG00000250392.2	LINC02502	lncRNA	0	0	0	0.0000	0.0000	0.0000
ENSG00000250393.1	AC093664.1	processed_pseudogene	0	0	0	0.0000	0.0000	0.0000
ENSG00000250397.2	AP006623.1	lncRNA	16	7	9	0.6593	0.1931	0.1859
ENSG00000250398.1	AC097467.2	processed_pseudogene	0	0	0	0.0000	0.0000	0.0000
ENSG00000250402.2	AC109471.1	lncRNA	0	0	0	0.0000	0.0000	0.0000
ENSG00000250403.1	AC097460.1	processed_pseudogene	7	6	1	0.8022	0.2350	0.2263
ENSG00000250405.2	AC113367.3	processed_pseudogene	0	0	0	0.0000	0.0000	0.0000
ENSG00000250406.2	AC109811.1	lncRNA	0	0	0	0.0000	0.0000	0.0000
ENSG00000250407.1	AC008728.1	lncRNA	0	0	0	0.0000	0.0000	0.0000
ENSG00000250409.1	AC010608.1	lncRNA	0	0	0	0.0000	0.0000	0.0000
ENSG00000250410.1	AC112722.1	lncRNA	2	3	2	0.2893	0.0848	0.0816
ENSG00000250412.1	KLHL2P1	unprocessed_pseudogene	3	1	2	0.4890	0.1432	0.1379
ENSG00000250413.1	SLC2A9-AS1	lncRNA	0	0	0	0.0000	0.0000	0.0000
ENSG00000250415.1	AC022113.1	lncRNA	0	1	0	0.0000	0.0000	0.0000
ENSG00000250416.2	SEC63P2	processed_pseudogene	0	0	0	0.0000	0.0000	0.0000
ENSG00000250417.1	LINC02116	lncRNA	0	0	0	0.0000	0.0000	0.0000
ENSG00000250418.1	AC093292.1	lncRNA	0	0	0	0.0000	0.0000	0.0000
ENSG00000250420.8	AACSP1	transcribed_unprocessed_pseudogene	0	0	0	0.0000	0.0000	0.0000
ENSG00000250421.5	AC106798.1	lncRNA	0	0	0	0.0000	0.0000	0.0000
ENSG00000250422.1	AC117529.2	processed_pseudogene	0	0	0	0.0000	0.0000	0.0000
ENSG00000250423.2	KIAA1210	protein_coding	2	0	2	0.0217	0.0064	0.0061
ENSG00000250424.4	AC004691.2	protein_coding	0	0	0	0.0000	0.0000	0.0000
ENSG00000250425.1	OR7E35P	unprocessed_pseudogene	0	0	0	0.0000	0.0000	0.0000
ENSG00000250426.2	FTLP10	transcribed_processed_pseudogene	0	0	0	0.0000	0.0000	0.0000
ENSG00000250427.1	LINC02148	lncRNA	0	0	0	0.0000	0.0000	0.0000
ENSG00000250428.1	MRS2P1	processed_pseudogene	0	0	0	0.0000	0.0000	0.0000
ENSG00000250430.1	AC106872.7	processed_pseudogene	0	0	0	0.0000	0.0000	0.0000
ENSG00000250431.1	AC105914.2	lncRNA	0	0	0	0.0000	0.0000	0.0000
ENSG00000250432.5	FAM242C	lncRNA	0	0	0	0.0000	0.0000	0.0000
ENSG00000250433.1	CLSTN2-AS1	lncRNA	1	0	1	0.0315	0.0092	0.0089
ENSG00000250436.1	LINC02499	lncRNA	0	0	0	0.0000	0.0000	0.0000
ENSG00000250437.1	LINC02161	lncRNA	0	0	0	0.0000	0.0000	0.0000
ENSG00000250438.1	AC025465.3	lncRNA	0	0	0	0.0000	0.0000	0.0000
ENSG00000250441.1	AC109481.1	processed_pseudogene	0	0	0	0.0000	0.0000	0.0000
ENSG00000250442.1	EIF3KP3	processed_pseudogene	0	0	0	0.0000	0.0000	0.0000
ENSG00000250444.1	CCT5P1	processed_pseudogene	1	0	1	0.0525	0.0154	0.0148
ENSG00000250446.1	LINC01332	lncRNA	0	0	0	0.0000	0.0000	0.0000
ENSG00000250447.6	LINC02105	lncRNA	2	0	2	0.0901	0.0264	0.0254
ENSG00000250448.1	AC092335.1	lncRNA	0	0	0	0.0000	0.0000	0.0000
ENSG00000250451.5	HOXC-AS1	lncRNA	5	3	3	0.7172	0.2101	0.2023
ENSG00000250453.2	AC008825.1	lncRNA	0	1	0	0.0000	0.0000	0.0000
ENSG00000250455.1	AC117532.1	unprocessed_pseudogene	0	0	0	0.0000	0.0000	0.0000
ENSG00000250456.1	LINC02260	lncRNA	0	0	0	0.0000	0.0000	0.0000
ENSG00000250458.2	AC093767.1	processed_pseudogene	0	0	0	0.0000	0.0000	0.0000
ENSG00000250461.1	AC122718.1	processed_pseudogene	1	1	0	0.1141	0.0334	0.0322
ENSG00000250462.8	LRRC37BP1	transcribed_unprocessed_pseudogene	384	209	175	6.2686	1.8362	1.7681
ENSG00000250464.1	LRRC34P2	processed_pseudogene	0	0	0	0.0000	0.0000	0.0000
ENSG00000250467.1	PHOX2B-AS1	lncRNA	0	0	0	0.0000	0.0000	0.0000
ENSG00000250470.1	AC253536.5	unprocessed_pseudogene	0	0	0	0.0000	0.0000	0.0000
ENSG00000250471.2	GMPSP1	processed_pseudogene	8	4	4	1.1733	0.3437	0.3309
ENSG00000250472.1	TRIM36-IT1	lncRNA	0	0	0	0.0000	0.0000	0.0000
ENSG00000250473.1	DUTP7	processed_pseudogene	0	0	0	0.0000	0.0000	0.0000
ENSG00000250474.2	WBP1LP2	processed_pseudogene	18	9	9	1.5316	0.4486	0.4320
ENSG00000250475.1	AC017037.2	unprocessed_pseudogene	0	0	0	0.0000	0.0000	0.0000
ENSG00000250476.1	ENPP7P9	processed_pseudogene	0	0	0	0.0000	0.0000	0.0000
ENSG00000250479.9	CHCHD10	protein_coding	2434	1574	1423	232.5044	68.1042	65.5792
ENSG00000250480.3	AC034244.2	processed_pseudogene	0	0	0	0.0000	0.0000	0.0000
ENSG00000250481.2	AC010451.1	lncRNA	0	0	0	0.0000	0.0000	0.0000
ENSG00000250482.3	DUX4L51	processed_pseudogene	0	0	0	0.0000	0.0000	0.0000
ENSG00000250483.1	PPM1AP1	processed_pseudogene	0	0	0	0.0000	0.0000	0.0000
ENSG00000250484.2	PPIAP76	processed_pseudogene	2	2	0	0.3211	0.0940	0.0906
ENSG00000250485.1	EXOC7P1	processed_pseudogene	0	0	0	0.0000	0.0000	0.0000
ENSG00000250486.5	FAM218A	lncRNA	4	4	0	0.1562	0.0457	0.0441
ENSG00000250488.2	LINC02233	lncRNA	0	0	0	0.0000	0.0000	0.0000
ENSG00000250490.1	LINC02145	lncRNA	1	1	0	0.0291	0.0085	0.0082
ENSG00000250492.1	INTS6P1	processed_pseudogene	6	2	4	0.2014	0.0590	0.0568
ENSG00000250493.2	AP004147.1	lncRNA	0	0	0	0.0000	0.0000	0.0000
ENSG00000250494.1	AC009646.1	processed_pseudogene	0	0	0	0.0000	0.0000	0.0000
ENSG00000250496.2	ABT1P1	processed_pseudogene	0	0	0	0.0000	0.0000	0.0000
ENSG00000250497.1	AC007126.1	lncRNA	6	4	2	0.1066	0.0312	0.0301
ENSG00000250500.1	AC017007.4	processed_pseudogene	0	0	0	0.0000	0.0000	0.0000
ENSG00000250501.3	AC093766.1	lncRNA	0	0	0	0.0000	0.0000	0.0000
ENSG00000250503.1	AC093831.1	lncRNA	0	0	0	0.0000	0.0000	0.0000
ENSG00000250504.2	KRT18P51	processed_pseudogene	0	0	0	0.0000	0.0000	0.0000
ENSG00000250505.1	AC006499.3	processed_pseudogene	0	0	0	0.0000	0.0000	0.0000
ENSG00000250506.8	CDK3	protein_coding	1	0	1	0.0471	0.0138	0.0133
ENSG00000250507.1	AC245884.6	transcribed_unprocessed_pseudogene	0	0	0	0.0000	0.0000	0.0000
ENSG00000250508.1	LINC02701	lncRNA	0	0	0	0.0000	0.0000	0.0000
ENSG00000250509.2	AC034213.1	lncRNA	5	2	3	0.3397	0.0995	0.0958
ENSG00000250510.8	GPR162	protein_coding	28	13	15	0.7394	0.2166	0.2085
ENSG00000250511.1	AC098798.1	lncRNA	0	2	2	0.0000	0.0000	0.0000
ENSG00000250514.1	LINC02125	lncRNA	1	0	1	0.0386	0.0113	0.0109
ENSG00000250515.1	AC116353.4	processed_pseudogene	0	0	0	0.0000	0.0000	0.0000
ENSG00000250516.1	AC021678.1	processed_pseudogene	0	0	0	0.0000	0.0000	0.0000
ENSG00000250517.2	LDHAL6CP	transcribed_processed_pseudogene	0	0	0	0.0000	0.0000	0.0000
ENSG00000250519.7	AP002784.1	lncRNA	85	42	47	1.3512	0.3958	0.3811
ENSG00000250522.1	AC004066.1	lncRNA	0	0	0	0.0000	0.0000	0.0000
ENSG00000250523.1	AC093909.3	processed_pseudogene	0	0	0	0.0000	0.0000	0.0000
ENSG00000250524.1	AC106821.1	lncRNA	0	0	0	0.0000	0.0000	0.0000
ENSG00000250526.1	CCT6P2	processed_pseudogene	5	3	2	0.2665	0.0781	0.0752
ENSG00000250529.1	LINC02121	lncRNA	0	0	0	0.0000	0.0000	0.0000
ENSG00000250532.1	AC021180.1	lncRNA	2	0	2	0.3044	0.0892	0.0859
ENSG00000250535.1	STK19B	unprocessed_pseudogene	1	1	0	0.4025	0.1179	0.1135
ENSG00000250536.1	ABHD17AP3	unprocessed_pseudogene	4	3	1	0.2988	0.0875	0.0843
ENSG00000250538.6	AC104407.1	lncRNA	0	0	0	0.0000	0.0000	0.0000
ENSG00000250539.1	KRT8P33	processed_pseudogene	10	4	6	0.5968	0.1748	0.1683
ENSG00000250540.1	AC104685.1	processed_pseudogene	0	0	0	0.0000	0.0000	0.0000
ENSG00000250541.1	AC092436.3	lncRNA	0	0	0	0.0000	0.0000	0.0000
ENSG00000250543.1	AC110716.1	lncRNA	0	0	0	0.0000	0.0000	0.0000
ENSG00000250544.2	LINC02059	lncRNA	0	0	0	0.0000	0.0000	0.0000
ENSG00000250546.6	AC079160.1	lncRNA	5	4	1	0.0854	0.0250	0.0241
ENSG00000250547.1	AC079238.1	processed_pseudogene	0	0	0	0.0000	0.0000	0.0000
ENSG00000250548.7	LINC01303	lncRNA	6	2	6	0.0982	0.0288	0.0277
ENSG00000250550.3	PPBPP1	transcribed_unprocessed_pseudogene	0	0	0	0.0000	0.0000	0.0000
ENSG00000250551.1	MIR583HG	lncRNA	0	0	1	0.0000	0.0000	0.0000
ENSG00000250555.2	AC008525.2	lncRNA	0	0	0	0.0000	0.0000	0.0000
ENSG00000250556.1	CCDC34P1	processed_pseudogene	0	0	0	0.0000	0.0000	0.0000
ENSG00000250560.2	AC093870.1	processed_pseudogene	0	0	0	0.0000	0.0000	0.0000
ENSG00000250561.2	OR7E59P	unprocessed_pseudogene	0	0	0	0.0000	0.0000	0.0000
ENSG00000250562.1	RPL38P4	processed_pseudogene	0	0	0	0.0000	0.0000	0.0000
ENSG00000250563.1	KNOP1P5	processed_pseudogene	1	1	0	0.0616	0.0181	0.0174
ENSG00000250564.2	AC109454.3	lncRNA	2	2	0	0.1590	0.0466	0.0449
ENSG00000250565.7	ATP6V1E2	protein_coding	1077	629	539	17.2467	5.0518	4.8645
ENSG00000250566.1	UGT2B29P	unprocessed_pseudogene	0	0	0	0.0000	0.0000	0.0000
ENSG00000250567.1	AC010406.1	lncRNA	0	0	0	0.0000	0.0000	0.0000
ENSG00000250568.1	AC098591.3	processed_pseudogene	5	3	3	1.3479	0.3948	0.3802
ENSG00000250569.1	NTAN1P2	processed_pseudogene	15	3	12	1.3551	0.3969	0.3822
ENSG00000250571.7	GLI4	protein_coding	229	110	119	6.3614	1.8634	1.7943
ENSG00000250572.1	AC108516.1	lncRNA	0	0	0	0.0000	0.0000	0.0000
ENSG00000250573.1	AC006499.4	processed_pseudogene	0	0	0	0.0000	0.0000	0.0000
ENSG00000250574.1	AC112173.1	processed_pseudogene	0	0	0	0.0000	0.0000	0.0000
ENSG00000250575.1	AL732372.3	unprocessed_pseudogene	0	0	0	0.0000	0.0000	0.0000
ENSG00000250576.1	AC012629.1	lncRNA	0	0	0	0.0000	0.0000	0.0000
ENSG00000250577.1	AC109927.2	lncRNA	0	0	0	0.0000	0.0000	0.0000
ENSG00000250579.2	CTD-2297D10.2	lncRNA	1	1	0	0.0124	0.0036	0.0035
ENSG00000250580.1	SNRPCP8	processed_pseudogene	0	0	0	0.0000	0.0000	0.0000
ENSG00000250582.1	SMAD1-AS2	lncRNA	0	0	0	0.0000	0.0000	0.0000
ENSG00000250583.1	AC034232.1	lncRNA	0	0	0	0.0000	0.0000	0.0000
ENSG00000250584.3	LINC01511	lncRNA	4	2	2	0.1007	0.0295	0.0284
ENSG00000250585.3	LINC00604	lncRNA	0	0	0	0.0000	0.0000	0.0000
ENSG00000250587.2	HPRT1P2	processed_pseudogene	0	0	0	0.0000	0.0000	0.0000
ENSG00000250590.6	LINC02492	lncRNA	0	0	0	0.0000	0.0000	0.0000
ENSG00000250591.3	PRSS3P1	unprocessed_pseudogene	1	1	0	0.1144	0.0335	0.0323
ENSG00000250592.1	AC055733.2	lncRNA	0	0	0	0.0000	0.0000	0.0000
ENSG00000250594.2	RNF14P2	processed_pseudogene	0	0	0	0.0000	0.0000	0.0000
ENSG00000250596.2	AC096751.1	transcribed_processed_pseudogene	0	0	0	0.0000	0.0000	0.0000
ENSG00000250597.5	AC093689.1	lncRNA	0	0	0	0.0000	0.0000	0.0000
ENSG00000250600.1	ROPN1L-AS1	lncRNA	0	1	0	0.0000	0.0000	0.0000
ENSG00000250602.6	AC093535.1	lncRNA	8	145	138	0.2361	0.0691	0.0666
ENSG00000250603.1	AC068658.1	lncRNA	0	0	0	0.0000	0.0000	0.0000
ENSG00000250604.1	AC098679.1	lncRNA	0	2	4	0.0000	0.0000	0.0000
ENSG00000250608.2	AC010210.1	lncRNA	8	4	4	0.0785	0.0230	0.0221
ENSG00000250609.1	AC110753.1	processed_pseudogene	0	0	0	0.0000	0.0000	0.0000
ENSG00000250611.1	AC098862.1	processed_pseudogene	0	0	0	0.0000	0.0000	0.0000
ENSG00000250612.2	AC114786.2	processed_pseudogene	0	0	0	0.0000	0.0000	0.0000
ENSG00000250613.1	AC110768.2	processed_pseudogene	0	0	0	0.0000	0.0000	0.0000
ENSG00000250614.1	AC005522.1	lncRNA	0	0	0	0.0000	0.0000	0.0000
ENSG00000250615.1	AC008581.1	lncRNA	0	123	106	0.0000	0.0000	0.0000
ENSG00000250616.2	AC012645.1	lncRNA	28	27	39	1.4411	0.4221	0.4065
ENSG00000250618.1	AC023141.11	unprocessed_pseudogene	0	0	0	0.0000	0.0000	0.0000
ENSG00000250619.1	AC021088.1	lncRNA	0	159	173	0.0000	0.0000	0.0000
ENSG00000250620.2	LINC02515	lncRNA	0	0	0	0.0000	0.0000	0.0000
ENSG00000250622.1	AC093325.1	processed_pseudogene	0	0	0	0.0000	0.0000	0.0000
ENSG00000250623.1	AL136360.2	lncRNA	0	0	0	0.0000	0.0000	0.0000
ENSG00000250624.1	MTCYBP43	unprocessed_pseudogene	0	0	0	0.0000	0.0000	0.0000
ENSG00000250625.1	AL031073.1	unprocessed_pseudogene	0	0	0	0.0000	0.0000	0.0000
ENSG00000250626.3	AC093909.4	lncRNA	0	0	0	0.0000	0.0000	0.0000
ENSG00000250627.2	TTC39CP1	processed_pseudogene	0	0	0	0.0000	0.0000	0.0000
ENSG00000250629.1	AC091435.2	lncRNA	0	0	0	0.0000	0.0000	0.0000
ENSG00000250630.1	MTCO1P35	unprocessed_pseudogene	0	0	0	0.0000	0.0000	0.0000
ENSG00000250632.1	LINC02171	lncRNA	0	0	0	0.0000	0.0000	0.0000
ENSG00000250634.6	LINC01182	lncRNA	5	1	4	0.0639	0.0187	0.0180
ENSG00000250635.1	CXXC5-AS1	lncRNA	0	7	8	0.0000	0.0000	0.0000
ENSG00000250636.1	AC019193.1	processed_pseudogene	0	0	0	0.0000	0.0000	0.0000
ENSG00000250637.2	AC134698.1	unprocessed_pseudogene	0	0	0	0.0000	0.0000	0.0000
ENSG00000250640.2	OR7E41P	unprocessed_pseudogene	0	0	0	0.0000	0.0000	0.0000
ENSG00000250641.1	LY6G6F-LY6G6D	protein_coding	0	0	0	0.0000	0.0000	0.0000
ENSG00000250642.3	AC098799.3	unprocessed_pseudogene	0	0	0	0.0000	0.0000	0.0000
ENSG00000250643.1	AC083906.3	lncRNA	2	1	1	0.3645	0.1068	0.1028
ENSG00000250644.3	AC068580.4	protein_coding	18	10	8	0.3180	0.0931	0.0897
ENSG00000250645.1	AC010442.2	processed_pseudogene	1	0	1	0.2086	0.0611	0.0589
ENSG00000250646.1	AC111194.2	lncRNA	0	0	0	0.0000	0.0000	0.0000
ENSG00000250650.1	AC093534.1	processed_pseudogene	0	0	0	0.0000	0.0000	0.0000
ENSG00000250651.1	PABPC1P7	processed_pseudogene	0	0	0	0.0000	0.0000	0.0000
ENSG00000250654.7	AC023794.3	transcribed_unprocessed_pseudogene	10	5	5	0.6109	0.1790	0.1723
ENSG00000250655.1	AC096661.1	processed_pseudogene	0	0	0	0.0000	0.0000	0.0000
ENSG00000250656.2	ST3GAL1P1	processed_pseudogene	3	2	1	0.2512	0.0736	0.0709
ENSG00000250657.1	AC097451.1	lncRNA	0	0	0	0.0000	0.0000	0.0000
ENSG00000250658.1	AC097652.1	lncRNA	0	0	0	0.0000	0.0000	0.0000
ENSG00000250659.2	AP001363.1	lncRNA	2	0	2	0.6433	0.1884	0.1815
ENSG00000250662.1	HNRNPKP5	processed_pseudogene	0	0	0	0.0000	0.0000	0.0000
ENSG00000250665.1	AC073429.1	lncRNA	0	0	0	0.0000	0.0000	0.0000
ENSG00000250666.1	LINC01596	lncRNA	0	0	0	0.0000	0.0000	0.0000
ENSG00000250667.1	AC106774.1	processed_pseudogene	0	0	0	0.0000	0.0000	0.0000
ENSG00000250668.2	LINC02123	lncRNA	1	1	0	0.0538	0.0158	0.0152
ENSG00000250669.1	AC112206.4	processed_pseudogene	2	1	1	0.4194	0.1228	0.1183
ENSG00000250670.1	AC004063.1	lncRNA	0	0	0	0.0000	0.0000	0.0000
ENSG00000250672.1	AC010343.2	processed_pseudogene	0	0	0	0.0000	0.0000	0.0000
ENSG00000250673.2	REELD1	protein_coding	2	2	0	0.0752	0.0220	0.0212
ENSG00000250674.1	AC136628.1	lncRNA	0	0	0	0.0000	0.0000	0.0000
ENSG00000250677.1	AC114781.3	processed_pseudogene	0	0	0	0.0000	0.0000	0.0000
ENSG00000250678.1	AC008629.2	processed_pseudogene	0	0	0	0.0000	0.0000	0.0000
ENSG00000250681.1	AL121796.1	lncRNA	0	0	0	0.0000	0.0000	0.0000
ENSG00000250682.6	LINC00491	lncRNA	0	0	0	0.0000	0.0000	0.0000
ENSG00000250684.4	ADI1P2	processed_pseudogene	0	0	0	0.0000	0.0000	0.0000
ENSG00000250685.7	AC009123.1	lncRNA	0	2	1	0.0000	0.0000	0.0000
ENSG00000250686.2	KHDRBS2-OT1	lncRNA	0	0	0	0.0000	0.0000	0.0000
ENSG00000250687.6	NAIPP1	transcribed_unprocessed_pseudogene	12	8	4	0.9230	0.2704	0.2604
ENSG00000250688.1	TRAJ55	TR_J_pseudogene	0	0	0	0.0000	0.0000	0.0000
ENSG00000250692.1	AC008667.2	lncRNA	0	37	40	0.0000	0.0000	0.0000
ENSG00000250693.2	RPF2P2	processed_pseudogene	0	0	0	0.0000	0.0000	0.0000
ENSG00000250694.1	AC010387.1	lncRNA	0	0	0	0.0000	0.0000	0.0000
ENSG00000250696.5	AC111000.4	lncRNA	0	0	0	0.0000	0.0000	0.0000
ENSG00000250697.2	AC010343.3	lncRNA	0	0	1	0.0000	0.0000	0.0000
ENSG00000250698.1	AC131182.1	lncRNA	0	0	0	0.0000	0.0000	0.0000
ENSG00000250699.1	AP000892.1	lncRNA	0	0	0	0.0000	0.0000	0.0000
ENSG00000250703.1	AC113347.3	processed_pseudogene	0	0	0	0.0000	0.0000	0.0000
ENSG00000250704.1	AC105343.1	lncRNA	0	0	0	0.0000	0.0000	0.0000
ENSG00000250705.1	H3P23	processed_pseudogene	1	1	0	0.2512	0.0736	0.0709
ENSG00000250706.1	AC079340.1	lncRNA	0	0	0	0.0000	0.0000	0.0000
ENSG00000250708.2	LINC02269	lncRNA	2	1	2	0.0432	0.0127	0.0122
ENSG00000250709.1	CCDC169-SOHLH2	protein_coding	0	0	0	0.0000	0.0000	0.0000
ENSG00000250710.3	OR7E99P	unprocessed_pseudogene	0	0	0	0.0000	0.0000	0.0000
ENSG00000250711.1	PRELID3BP7	processed_pseudogene	0	0	0	0.0000	0.0000	0.0000
ENSG00000250712.1	AC106872.8	processed_pseudogene	0	0	0	0.0000	0.0000	0.0000
ENSG00000250714.3	AC100861.2	lncRNA	0	36	37	0.0000	0.0000	0.0000
ENSG00000250715.1	H3P22	processed_pseudogene	0	0	0	0.0000	0.0000	0.0000
ENSG00000250716.1	LINC01017	lncRNA	0	0	0	0.0000	0.0000	0.0000
ENSG00000250719.2	P3R3URF	protein_coding	0	0	0	0.0000	0.0000	0.0000
ENSG00000250721.1	HMGB1P22	processed_pseudogene	0	0	0	0.0000	0.0000	0.0000
ENSG00000250722.6	SELENOP	protein_coding	218	988	1008	3.3647	0.9856	0.9490
ENSG00000250723.7	AC016687.2	lncRNA	1	0	1	0.0119	0.0035	0.0034
ENSG00000250725.2	AC080079.1	processed_pseudogene	2	0	2	0.1625	0.0476	0.0458
ENSG00000250726.1	AC107222.1	processed_pseudogene	2	2	0	0.2666	0.0781	0.0752
ENSG00000250727.1	AC100871.1	processed_pseudogene	0	0	0	0.0000	0.0000	0.0000
ENSG00000250728.1	AC010468.2	processed_pseudogene	0	0	0	0.0000	0.0000	0.0000
ENSG00000250730.2	HMGB3P3	processed_pseudogene	0	0	0	0.0000	0.0000	0.0000
ENSG00000250731.1	TPM3P6	processed_pseudogene	7	3	4	0.8011	0.2347	0.2260
ENSG00000250732.1	RPEP1	processed_pseudogene	0	0	0	0.0000	0.0000	0.0000
ENSG00000250733.6	C8orf17	TEC	0	0	0	0.0000	0.0000	0.0000
ENSG00000250734.2	AL391335.1	lncRNA	0	4	2	0.0000	0.0000	0.0000
ENSG00000250735.5	AC096759.2	lncRNA	0	0	0	0.0000	0.0000	0.0000
ENSG00000250739.1	LINC01262	lncRNA	0	0	0	0.0000	0.0000	0.0000
ENSG00000250740.1	AC109361.2	lncRNA	0	0	1	0.0000	0.0000	0.0000
ENSG00000250741.6	NT5C1B-RDH14	protein_coding	0	0	0	0.0000	0.0000	0.0000
ENSG00000250742.4	LINC02381	lncRNA	442	211	240	8.7637	2.5670	2.4718
ENSG00000250745.3	USP17L20	protein_coding	0	0	0	0.0000	0.0000	0.0000
ENSG00000250746.1	AC105250.1	processed_pseudogene	37	17	21	1.5275	0.4474	0.4308
ENSG00000250747.1	AC116345.2	processed_pseudogene	0	0	0	0.0000	0.0000	0.0000
ENSG00000250748.6	AC025419.1	lncRNA	1924	1227	1195	38.0589	11.1481	10.7347
ENSG00000250749.1	AC122714.1	processed_pseudogene	0	0	0	0.0000	0.0000	0.0000
ENSG00000250750.1	OR5BM1P	unprocessed_pseudogene	0	0	0	0.0000	0.0000	0.0000
ENSG00000250751.1	AC015795.1	lncRNA	2	126	128	0.2954	0.0865	0.0833
ENSG00000250752.2	RPL23AP96	processed_pseudogene	1	0	1	0.1437	0.0421	0.0405
ENSG00000250753.2	AC119751.4	processed_pseudogene	17	13	4	4.0438	1.1845	1.1406
ENSG00000250754.6	LINC02436	lncRNA	0	0	0	0.0000	0.0000	0.0000
ENSG00000250756.1	AC018645.1	unprocessed_pseudogene	0	0	0	0.0000	0.0000	0.0000
ENSG00000250761.2	AC093305.1	lncRNA	3	38	28	0.4880	0.1430	0.1377
ENSG00000250762.1	Z99943.2	unprocessed_pseudogene	5	3	2	1.5962	0.4676	0.4502
ENSG00000250764.1	AC025178.1	lncRNA	5	2	3	0.5091	0.1491	0.1436
ENSG00000250765.6	AC138035.2	lncRNA	0	0	0	0.0000	0.0000	0.0000
ENSG00000250767.1	AC139783.1	processed_pseudogene	0	0	0	0.0000	0.0000	0.0000
ENSG00000250768.1	DPP3P1	processed_pseudogene	0	0	0	0.0000	0.0000	0.0000
ENSG00000250769.2	AC119751.5	processed_pseudogene	3	0	3	0.3309	0.0969	0.0933
ENSG00000250770.3	AC005865.1	transcribed_unprocessed_pseudogene	3	1	2	0.0426	0.0125	0.0120
ENSG00000250771.2	AC106865.1	transcribed_unprocessed_pseudogene	1	1	0	0.0259	0.0076	0.0073
ENSG00000250772.6	LINC01365	lncRNA	0	0	0	0.0000	0.0000	0.0000
ENSG00000250775.2	AC093730.1	lncRNA	0	0	0	0.0000	0.0000	0.0000
ENSG00000250777.2	AC131956.2	lncRNA	2	1	1	0.1035	0.0303	0.0292
ENSG00000250778.1	AC004980.4	unprocessed_pseudogene	0	0	0	0.0000	0.0000	0.0000
ENSG00000250781.2	AC024022.1	lncRNA	0	0	0	0.0000	0.0000	0.0000
ENSG00000250782.1	TAF11L14	protein_coding	0	0	0	0.0000	0.0000	0.0000
ENSG00000250786.2	SNHG18	lncRNA	156	64	92	6.7902	1.9889	1.9152
ENSG00000250787.1	HMGN1P17	processed_pseudogene	0	0	0	0.0000	0.0000	0.0000
ENSG00000250788.1	TUBB8P4	unprocessed_pseudogene	0	0	0	0.0000	0.0000	0.0000
ENSG00000250790.4	AC127070.2	lncRNA	3	1	2	0.0781	0.0229	0.0220
ENSG00000250791.2	AC106892.1	lncRNA	0	0	0	0.0000	0.0000	0.0000
ENSG00000250794.2	ALG1L12P	unprocessed_pseudogene	3	3	1	0.5870	0.1719	0.1656
ENSG00000250796.1	AC112484.2	processed_pseudogene	3	4	3	0.7744	0.2268	0.2184
ENSG00000250799.11	PRODH2	protein_coding	0	1	2	0.0000	0.0000	0.0000
ENSG00000250801.2	THOC3-AS1	lncRNA	0	0	0	0.0000	0.0000	0.0000
ENSG00000250802.7	ZBED3-AS1	lncRNA	76	51	53	0.3752	0.1099	0.1058
ENSG00000250803.6	AC010255.2	protein_coding	0	0	0	0.0000	0.0000	0.0000
ENSG00000250804.1	AC073648.3	unprocessed_pseudogene	0	0	0	0.0000	0.0000	0.0000
ENSG00000250806.2	AC027315.1	lncRNA	0	0	0	0.0000	0.0000	0.0000
ENSG00000250808.1	MTCO2P30	processed_pseudogene	0	0	0	0.0000	0.0000	0.0000
ENSG00000250812.2	AC021220.1	processed_pseudogene	2	0	2	0.2696	0.0790	0.0760
ENSG00000250813.1	SERF1AP1	processed_pseudogene	0	0	0	0.0000	0.0000	0.0000
ENSG00000250814.3	LINC02221	lncRNA	0	0	0	0.0000	0.0000	0.0000
ENSG00000250815.1	AC105384.2	processed_pseudogene	0	0	0	0.0000	0.0000	0.0000
ENSG00000250816.1	DCAF13P2	processed_pseudogene	0	0	0	0.0000	0.0000	0.0000
ENSG00000250819.2	LINC02493	lncRNA	0	0	0	0.0000	0.0000	0.0000
ENSG00000250820.1	AC138965.1	lncRNA	0	0	0	0.0000	0.0000	0.0000
ENSG00000250821.3	EXOC1L	protein_coding	0	0	0	0.0000	0.0000	0.0000
ENSG00000250822.1	LINC02111	lncRNA	1	0	1	0.0367	0.0108	0.0104
ENSG00000250825.1	PGAM1P12	processed_pseudogene	0	0	0	0.0000	0.0000	0.0000
ENSG00000250826.2	HNRNPA3P13	processed_pseudogene	1	0	1	0.0757	0.0222	0.0213
ENSG00000250827.1	MFSD4BP1	processed_pseudogene	0	0	0	0.0000	0.0000	0.0000
ENSG00000250828.2	AC108078.3	unprocessed_pseudogene	0	0	0	0.0000	0.0000	0.0000
ENSG00000250829.2	AC108865.1	lncRNA	0	0	0	0.0000	0.0000	0.0000
ENSG00000250830.1	MRPS35P2	processed_pseudogene	1	1	0	0.4446	0.1302	0.1254
ENSG00000250831.1	AC074131.1	lncRNA	6	6	3	2.0139	0.5899	0.5680
ENSG00000250833.1	DNM1P17	unprocessed_pseudogene	0	0	0	0.0000	0.0000	0.0000
ENSG00000250834.1	KRT18P54	processed_pseudogene	0	0	0	0.0000	0.0000	0.0000
ENSG00000250835.1	LSM3P4	processed_pseudogene	0	0	0	0.0000	0.0000	0.0000
ENSG00000250838.1	AC091133.3	lncRNA	0	1	0	0.0000	0.0000	0.0000
ENSG00000250839.1	AC018710.1	unprocessed_pseudogene	0	0	0	0.0000	0.0000	0.0000
ENSG00000250842.1	AC137770.1	lncRNA	0	0	0	0.0000	0.0000	0.0000
ENSG00000250844.3	USP17L18	protein_coding	0	0	0	0.0000	0.0000	0.0000
ENSG00000250846.6	EPHA5-AS1	lncRNA	49	104	96	3.3077	0.9689	0.9330
ENSG00000250847.1	AC010350.1	unprocessed_pseudogene	0	0	0	0.0000	0.0000	0.0000
ENSG00000250848.1	AC021087.2	processed_pseudogene	4	2	2	0.2824	0.0827	0.0796
ENSG00000250850.2	AL161781.2	lncRNA	0	0	5	0.0000	0.0000	0.0000
ENSG00000250853.1	RNF138P1	processed_pseudogene	0	0	0	0.0000	0.0000	0.0000
ENSG00000250855.1	AC139718.2	lncRNA	1	1	0	0.1765	0.0517	0.0498
ENSG00000250857.3	TRIM60P15	processed_pseudogene	0	0	0	0.0000	0.0000	0.0000
ENSG00000250858.1	IGBP1P5	processed_pseudogene	0	0	0	0.0000	0.0000	0.0000
ENSG00000250859.1	HNRNPKP1	processed_pseudogene	54	30	24	3.3254	0.9741	0.9379
ENSG00000250860.1	AC093225.1	processed_pseudogene	0	0	0	0.0000	0.0000	0.0000
ENSG00000250862.1	HMGB1P29	processed_pseudogene	0	0	0	0.0000	0.0000	0.0000
ENSG00000250863.2	AC114757.1	lncRNA	2	2	0	0.0186	0.0055	0.0053
ENSG00000250865.1	AC105362.1	lncRNA	0	0	0	0.0000	0.0000	0.0000
ENSG00000250866.1	AC022424.1	lncRNA	0	0	0	0.0000	0.0000	0.0000
ENSG00000250868.4	XKRY	transcribed_unprocessed_pseudogene	0	0	0	0.0000	0.0000	0.0000
ENSG00000250869.2	AC087359.1	unprocessed_pseudogene	2	2	0	0.0976	0.0286	0.0275
ENSG00000250874.1	AC010595.1	lncRNA	0	0	0	0.0000	0.0000	0.0000
ENSG00000250877.1	AC095056.1	lncRNA	0	0	0	0.0000	0.0000	0.0000
ENSG00000250878.3	METTL21EP	transcribed_unprocessed_pseudogene	2	2	0	0.0727	0.0213	0.0205
ENSG00000250882.1	AC010261.1	lncRNA	0	0	0	0.0000	0.0000	0.0000
ENSG00000250884.1	OR7E85P	unprocessed_pseudogene	0	0	0	0.0000	0.0000	0.0000
ENSG00000250885.1	LINC02061	lncRNA	0	0	0	0.0000	0.0000	0.0000
ENSG00000250886.1	AC010368.1	processed_pseudogene	1	0	1	0.1862	0.0545	0.0525
ENSG00000250887.1	AC106872.9	lncRNA	0	0	0	0.0000	0.0000	0.0000
ENSG00000250888.1	LINC01455	lncRNA	0	0	0	0.0000	0.0000	0.0000
ENSG00000250890.1	AL117351.2	unprocessed_pseudogene	0	0	0	0.0000	0.0000	0.0000
ENSG00000250891.2	LINC02208	lncRNA	4	3	1	0.0499	0.0146	0.0141
ENSG00000250892.1	AC108475.1	unprocessed_pseudogene	1	3	1	0.0894	0.0262	0.0252
ENSG00000250893.1	AC098869.2	lncRNA	3	1	5	0.2955	0.0866	0.0834
ENSG00000250894.1	PRAMEF31P	unprocessed_pseudogene	0	0	0	0.0000	0.0000	0.0000
ENSG00000250895.1	TUBAP15	processed_pseudogene	2	1	1	0.3553	0.1041	0.1002
ENSG00000250896.1	RNPS1P1	processed_pseudogene	21	12	9	1.9426	0.5690	0.5479
ENSG00000250897.2	HMGB3P15	processed_pseudogene	0	0	0	0.0000	0.0000	0.0000
ENSG00000250899.3	AC125807.2	lncRNA	82	45	37	1.9816	0.5805	0.5589
ENSG00000250900.6	TRIM7-AS1	lncRNA	0	2	1	0.0000	0.0000	0.0000
ENSG00000250902.1	SMAD1-AS1	lncRNA	0	128	93	0.0000	0.0000	0.0000
ENSG00000250903.9	GMDS-DT	lncRNA	82	43	39	0.2454	0.0719	0.0692
ENSG00000250905.1	AC093893.1	lncRNA	0	0	0	0.0000	0.0000	0.0000
ENSG00000250906.1	AC131953.1	lncRNA	3	158	139	0.5341	0.1564	0.1506
ENSG00000250908.1	AC110800.1	lncRNA	0	0	0	0.0000	0.0000	0.0000
ENSG00000250909.1	AC138956.1	lncRNA	2	150	177	0.3370	0.0987	0.0950
ENSG00000250910.8	AC097467.3	lncRNA	0	4	1	0.0000	0.0000	0.0000
ENSG00000250913.2	USP17L23	protein_coding	0	0	0	0.0000	0.0000	0.0000
ENSG00000250914.1	AC139783.2	processed_pseudogene	0	0	0	0.0000	0.0000	0.0000
ENSG00000250915.2	AC209005.1	lncRNA	0	0	0	0.0000	0.0000	0.0000
ENSG00000250917.1	AL035458.2	lncRNA	4	0	4	0.7106	0.2082	0.2004
ENSG00000250919.1	UGT2B26P	unprocessed_pseudogene	186	94	92	9.7924	2.8684	2.7620
ENSG00000250920.3	AC105460.1	lncRNA	1	1	0	0.0374	0.0109	0.0105
ENSG00000250921.2	LINC02063	lncRNA	0	0	0	0.0000	0.0000	0.0000
ENSG00000250922.1	ATP5F1EP1	processed_pseudogene	0	0	0	0.0000	0.0000	0.0000
ENSG00000250923.1	AC023141.12	unprocessed_pseudogene	0	0	0	0.0000	0.0000	0.0000
ENSG00000250927.1	MESTP3	processed_pseudogene	0	0	0	0.0000	0.0000	0.0000
ENSG00000250928.1	AC008629.3	processed_pseudogene	0	0	1	0.0000	0.0000	0.0000
ENSG00000250929.2	LINC01181	lncRNA	0	3	1	0.0000	0.0000	0.0000
ENSG00000250930.5	LNX1-AS1	lncRNA	0	0	0	0.0000	0.0000	0.0000
ENSG00000250933.1	GAPDHP66	processed_pseudogene	6	2	4	0.5269	0.1543	0.1486
ENSG00000250934.2	AC016924.1	lncRNA	21	16	22	0.2975	0.0871	0.0839
ENSG00000250938.6	AC073475.1	lncRNA	11	5	6	0.2207	0.0646	0.0622
ENSG00000250939.2	AC034198.1	transcribed_unprocessed_pseudogene	0	0	0	0.0000	0.0000	0.0000
ENSG00000250940.1	AC116562.2	processed_pseudogene	0	1	2	0.0000	0.0000	0.0000
ENSG00000250942.1	ENPP7P11	processed_pseudogene	0	0	0	0.0000	0.0000	0.0000
ENSG00000250945.1	AC096773.1	lncRNA	0	0	0	0.0000	0.0000	0.0000
ENSG00000250946.2	AP004833.1	unprocessed_pseudogene	0	0	0	0.0000	0.0000	0.0000
ENSG00000250947.1	TRPC7-AS2	lncRNA	0	0	0	0.0000	0.0000	0.0000
ENSG00000250948.1	AC091180.4	lncRNA	8	6	2	2.7729	0.8122	0.7821
ENSG00000250949.1	AC093534.2	lncRNA	0	0	0	0.0000	0.0000	0.0000
ENSG00000250950.1	AC093752.2	lncRNA	2	1	1	0.2964	0.0868	0.0836
ENSG00000250951.1	USP9YP1	unprocessed_pseudogene	0	0	0	0.0000	0.0000	0.0000
ENSG00000250954.6	AC016687.3	lncRNA	1	0	1	0.0235	0.0069	0.0066
ENSG00000250955.1	AC008592.2	lncRNA	0	0	0	0.0000	0.0000	0.0000
ENSG00000250956.1	AC011416.2	processed_pseudogene	3	0	3	1.7570	0.5146	0.4956
ENSG00000250957.1	AC012055.1	lncRNA	0	0	0	0.0000	0.0000	0.0000
ENSG00000250958.1	LINC00492	lncRNA	0	0	0	0.0000	0.0000	0.0000
ENSG00000250959.2	GLUD1P3	transcribed_unprocessed_pseudogene	30	21	9	2.4782	0.7259	0.6990
ENSG00000250961.2	AC025470.2	lncRNA	24	13	11	0.8912	0.2610	0.2514
ENSG00000250962.1	AC090568.1	processed_pseudogene	0	0	0	0.0000	0.0000	0.0000
ENSG00000250966.2	H3P14	processed_pseudogene	11	5	6	2.2728	0.6657	0.6411
ENSG00000250968.1	LINC02382	lncRNA	0	0	0	0.0000	0.0000	0.0000
ENSG00000250969.1	AC097658.2	lncRNA	0	0	0	0.0000	0.0000	0.0000
ENSG00000250971.3	AC110772.2	lncRNA	1	0	1	0.0525	0.0154	0.0148
ENSG00000250972.1	CKS1BP5	processed_pseudogene	0	0	0	0.0000	0.0000	0.0000
ENSG00000250973.1	KRTAP13-6P	unprocessed_pseudogene	0	0	0	0.0000	0.0000	0.0000
ENSG00000250974.4	LINC02196	lncRNA	0	0	0	0.0000	0.0000	0.0000
ENSG00000250976.1	AC021491.3	lncRNA	0	0	0	0.0000	0.0000	0.0000
ENSG00000250977.1	AC098859.2	lncRNA	0	0	0	0.0000	0.0000	0.0000
ENSG00000250978.5	AC079467.1	lncRNA	0	0	0	0.0000	0.0000	0.0000
ENSG00000250979.1	AC022905.1	unprocessed_pseudogene	2	2	0	0.0557	0.0163	0.0157
ENSG00000250980.1	NSA2P6	processed_pseudogene	0	0	0	0.0000	0.0000	0.0000
ENSG00000250981.1	MARCHF11-AS1	lncRNA	1	1	0	0.1199	0.0351	0.0338
ENSG00000250982.2	GAPDHP35	processed_pseudogene	39	24	15	3.3933	0.9940	0.9571
ENSG00000250983.1	AC022296.3	processed_pseudogene	0	0	0	0.0000	0.0000	0.0000
ENSG00000250984.1	AC108082.1	processed_pseudogene	0	0	0	0.0000	0.0000	0.0000
ENSG00000250986.1	LINC02600	lncRNA	6	2	4	0.1126	0.0330	0.0318
ENSG00000250988.7	SNHG21	lncRNA	4	1	3	0.3226	0.0945	0.0910
ENSG00000250990.1	AC098851.1	lncRNA	3	1	2	0.4469	0.1309	0.1261
ENSG00000250992.2	AC139491.3	lncRNA	0	0	0	0.0000	0.0000	0.0000
ENSG00000250993.1	AC020551.1	lncRNA	6	5	1	0.9453	0.2769	0.2666
ENSG00000250994.1	AC005355.1	lncRNA	1	1	0	0.1189	0.0348	0.0335
ENSG00000250995.1	TMEM30BP1	processed_pseudogene	7	3	4	0.5597	0.1640	0.1579
ENSG00000250997.1	AC093853.1	processed_pseudogene	0	0	0	0.0000	0.0000	0.0000
ENSG00000250999.2	AC136604.2	lncRNA	13	4	9	0.7239	0.2120	0.2042
ENSG00000251000.1	GGCTP1	processed_pseudogene	6	2	4	1.2190	0.3571	0.3438
ENSG00000251001.1	AC026427.2	processed_pseudogene	0	0	0	0.0000	0.0000	0.0000
ENSG00000251002.8	AC244502.1	lncRNA	3	43	28	0.0280	0.0082	0.0079
ENSG00000251003.9	ZFPM2-AS1	lncRNA	3	0	3	0.0955	0.0280	0.0269
ENSG00000251005.1	H3P15	processed_pseudogene	0	0	0	0.0000	0.0000	0.0000
ENSG00000251008.1	ORAOV1P1	processed_pseudogene	4	1	3	0.8600	0.2519	0.2426
ENSG00000251009.2	AC133961.1	lncRNA	3	1	2	0.3343	0.0979	0.0943
ENSG00000251010.1	AC097372.1	lncRNA	0	0	0	0.0000	0.0000	0.0000
ENSG00000251011.6	TMEM108-AS1	lncRNA	1	0	1	0.0260	0.0076	0.0073
ENSG00000251012.2	AC083800.1	protein_coding	0	0	0	0.0000	0.0000	0.0000
ENSG00000251013.1	GAPDHP62	processed_pseudogene	0	0	0	0.0000	0.0000	0.0000
ENSG00000251014.1	AC137549.1	processed_pseudogene	0	0	0	0.0000	0.0000	0.0000
ENSG00000251015.1	SLC25A30-AS1	lncRNA	0	9	22	0.0000	0.0000	0.0000
ENSG00000251017.1	AC093677.1	processed_pseudogene	0	0	0	0.0000	0.0000	0.0000
ENSG00000251018.2	HMMR-AS1	lncRNA	1	45	44	0.0887	0.0260	0.0250
ENSG00000251019.1	HIGD1AP13	processed_pseudogene	0	0	0	0.0000	0.0000	0.0000
ENSG00000251022.6	THAP9-AS1	lncRNA	406	206	208	7.8412	2.2968	2.2117
ENSG00000251023.1	AC114980.1	lncRNA	20	14	6	0.5380	0.1576	0.1517
ENSG00000251025.1	NDUFB5P1	processed_pseudogene	2	1	1	0.3011	0.0882	0.0849
ENSG00000251026.2	LINC02163	lncRNA	5	1	4	0.1691	0.0495	0.0477
ENSG00000251027.2	LINC01950	lncRNA	0	0	0	0.0000	0.0000	0.0000
ENSG00000251031.2	AC132803.1	lncRNA	0	0	0	0.0000	0.0000	0.0000
ENSG00000251032.1	CUL1P1	processed_pseudogene	0	0	0	0.0000	0.0000	0.0000
ENSG00000251033.1	AC113347.4	lncRNA	0	0	0	0.0000	0.0000	0.0000
ENSG00000251034.2	AC087854.1	lncRNA	63	149	132	0.8698	0.2548	0.2453
ENSG00000251035.1	WBP1LP4	processed_pseudogene	0	0	0	0.0000	0.0000	0.0000
ENSG00000251038.1	AC090958.1	unprocessed_pseudogene	0	0	0	0.0000	0.0000	0.0000
ENSG00000251039.2	IGKV2D-40	IG_V_gene	7	5	7	1.7692	0.5182	0.4990
ENSG00000251040.1	LINC02480	lncRNA	0	0	0	0.0000	0.0000	0.0000
ENSG00000251044.2	AC024579.1	lncRNA	0	0	0	0.0000	0.0000	0.0000
ENSG00000251045.1	SLC25A48-AS1	lncRNA	0	0	0	0.0000	0.0000	0.0000
ENSG00000251046.2	ZNF969P	processed_pseudogene	0	0	0	0.0000	0.0000	0.0000
ENSG00000251048.1	AC093871.1	lncRNA	0	0	0	0.0000	0.0000	0.0000
ENSG00000251049.2	AC107396.1	lncRNA	0	0	0	0.0000	0.0000	0.0000
ENSG00000251050.1	RBX1P2	processed_pseudogene	5	2	3	1.3609	0.3986	0.3839
ENSG00000251051.1	ELL2P2	processed_pseudogene	0	0	0	0.0000	0.0000	0.0000
ENSG00000251054.1	AC008883.2	lncRNA	0	0	0	0.0000	0.0000	0.0000
ENSG00000251055.2	AC097491.1	lncRNA	0	0	0	0.0000	0.0000	0.0000
ENSG00000251056.1	ANKRD20A17P	unprocessed_pseudogene	3	0	3	0.1915	0.0561	0.0540
ENSG00000251058.1	AC010181.2	lncRNA	0	0	0	0.0000	0.0000	0.0000
ENSG00000251059.6	PRKG2-AS1	lncRNA	0	0	0	0.0000	0.0000	0.0000
ENSG00000251061.2	LINC02512	lncRNA	0	0	0	0.0000	0.0000	0.0000
ENSG00000251062.1	AC025459.1	processed_pseudogene	1	1	0	0.5444	0.1595	0.1535
ENSG00000251066.1	AC026700.1	processed_pseudogene	0	0	0	0.0000	0.0000	0.0000
ENSG00000251072.2	LMNB1-DT	lncRNA	0	0	0	0.0000	0.0000	0.0000
ENSG00000251073.1	NUDT19P5	processed_pseudogene	1	1	0	0.1492	0.0437	0.0421
ENSG00000251074.1	AC147055.3	unprocessed_pseudogene	0	0	0	0.0000	0.0000	0.0000
ENSG00000251075.2	HTT-AS	lncRNA	0	1	1	0.0000	0.0000	0.0000
ENSG00000251076.1	AC104126.1	lncRNA	0	0	0	0.0000	0.0000	0.0000
ENSG00000251078.1	SLC25A5P9	processed_pseudogene	0	0	0	0.0000	0.0000	0.0000
ENSG00000251079.6	BMS1P2	transcribed_unprocessed_pseudogene	2	2	0	0.0789	0.0231	0.0223
ENSG00000251080.1	AC024132.2	lncRNA	0	0	0	0.0000	0.0000	0.0000
ENSG00000251081.1	AC104663.1	lncRNA	0	0	0	0.0000	0.0000	0.0000
ENSG00000251087.3	ALG1L3P	unprocessed_pseudogene	0	0	0	0.0000	0.0000	0.0000
ENSG00000251088.1	AC117473.1	lncRNA	0	0	0	0.0000	0.0000	0.0000
ENSG00000251090.2	OR5AC4P	transcribed_unprocessed_pseudogene	0	0	0	0.0000	0.0000	0.0000
ENSG00000251093.1	AC093281.2	lncRNA	0	0	0	0.0000	0.0000	0.0000
ENSG00000251095.7	AC093866.1	lncRNA	7	2309	2395	0.0852	0.0250	0.0240
ENSG00000251099.2	AC008967.1	processed_pseudogene	0	0	0	0.0000	0.0000	0.0000
ENSG00000251101.1	AC147055.4	processed_pseudogene	0	0	0	0.0000	0.0000	0.0000
ENSG00000251102.1	CTBP2P4	processed_pseudogene	8	3	5	0.7384	0.2163	0.2083
ENSG00000251105.1	AC110792.1	processed_pseudogene	0	0	0	0.0000	0.0000	0.0000
ENSG00000251106.1	ABITRAMP1	processed_pseudogene	0	1	0	0.0000	0.0000	0.0000
ENSG00000251107.1	PDCD5P2	processed_pseudogene	0	0	0	0.0000	0.0000	0.0000
ENSG00000251108.1	YBX1P5	processed_pseudogene	0	0	0	0.0000	0.0000	0.0000
ENSG00000251111.2	FCF1P8	processed_pseudogene	0	0	0	0.0000	0.0000	0.0000
ENSG00000251112.2	AC106794.2	processed_pseudogene	0	0	0	0.0000	0.0000	0.0000
ENSG00000251113.2	AC092593.1	processed_pseudogene	0	0	0	0.0000	0.0000	0.0000
ENSG00000251118.1	H3P24	processed_pseudogene	2	1	1	0.4204	0.1231	0.1186
ENSG00000251122.1	NIFKP2	processed_pseudogene	1	1	0	0.0992	0.0291	0.0280
ENSG00000251123.1	AC084752.1	processed_pseudogene	0	0	0	0.0000	0.0000	0.0000
ENSG00000251125.1	AC091860.2	lncRNA	0	0	0	0.0000	0.0000	0.0000
ENSG00000251126.2	AC017007.5	lncRNA	0	0	0	0.0000	0.0000	0.0000
ENSG00000251127.2	AC091173.1	lncRNA	0	0	0	0.0000	0.0000	0.0000
ENSG00000251128.1	WWC2-AS1	lncRNA	0	0	0	0.0000	0.0000	0.0000
ENSG00000251129.2	LINC02506	lncRNA	1	1	0	0.0424	0.0124	0.0120
ENSG00000251131.2	AC025171.3	lncRNA	2	14	15	0.0955	0.0280	0.0269
ENSG00000251132.1	AC094104.2	lncRNA	0	0	0	0.0000	0.0000	0.0000
ENSG00000251135.2	AC008565.1	processed_pseudogene	0	0	0	0.0000	0.0000	0.0000
ENSG00000251136.9	AF117829.1	lncRNA	443	234	220	2.6121	0.7651	0.7368
ENSG00000251137.1	RPL7L1P7	processed_pseudogene	0	0	0	0.0000	0.0000	0.0000
ENSG00000251138.7	LINC02882	lncRNA	0	0	0	0.0000	0.0000	0.0000
ENSG00000251139.2	AC084871.1	lncRNA	1	2	2	0.1352	0.0396	0.0381
ENSG00000251141.6	MRPS30-DT	lncRNA	315	174	143	5.6328	1.6499	1.5888
ENSG00000251142.1	AC025674.1	processed_pseudogene	0	0	0	0.0000	0.0000	0.0000
ENSG00000251143.1	AP002490.1	lncRNA	4	2400	2478	0.0802	0.0235	0.0226
ENSG00000251144.1	AC113346.1	lncRNA	0	0	0	0.0000	0.0000	0.0000
ENSG00000251147.1	AC084871.2	processed_pseudogene	0	0	0	0.0000	0.0000	0.0000
ENSG00000251148.1	AL158068.2	lncRNA	1	0	1	0.1508	0.0442	0.0425
ENSG00000251149.1	MTND5P5	processed_pseudogene	0	0	0	0.0000	0.0000	0.0000
ENSG00000251151.2	HOXC-AS3	lncRNA	5	24	41	0.1366	0.0400	0.0385
ENSG00000251152.1	AC025539.1	lncRNA	1	1	0	0.0211	0.0062	0.0060
ENSG00000251154.2	AC002456.2	protein_coding	0	0	0	0.0000	0.0000	0.0000
ENSG00000251155.2	SEPTIN14P4	processed_pseudogene	0	0	0	0.0000	0.0000	0.0000
ENSG00000251158.1	AC131392.1	unprocessed_pseudogene	0	0	0	0.0000	0.0000	0.0000
ENSG00000251159.1	AC093852.1	processed_pseudogene	0	0	0	0.0000	0.0000	0.0000
ENSG00000251161.4	AC020661.1	lncRNA	13	6	7	0.6452	0.1890	0.1820
ENSG00000251162.1	AC074198.1	processed_pseudogene	0	0	0	0.0000	0.0000	0.0000
ENSG00000251163.1	PRELID3BP4	processed_pseudogene	0	0	0	0.0000	0.0000	0.0000
ENSG00000251165.6	F11-AS1	lncRNA	0	2	0	0.0000	0.0000	0.0000
ENSG00000251166.1	OR7E163P	unprocessed_pseudogene	0	0	0	0.0000	0.0000	0.0000
ENSG00000251168.1	AC025174.1	lncRNA	4	3	1	1.1515	0.3373	0.3248
ENSG00000251169.2	LINC01843	lncRNA	1	1	0	0.0767	0.0225	0.0216
ENSG00000251170.6	AC004052.1	lncRNA	0	0	0	0.0000	0.0000	0.0000
ENSG00000251171.1	AC096741.1	lncRNA	0	0	0	0.0000	0.0000	0.0000
ENSG00000251172.1	AC117470.1	processed_pseudogene	0	0	0	0.0000	0.0000	0.0000
ENSG00000251173.1	UCHL1-AS1	lncRNA	0	0	0	0.0000	0.0000	0.0000
ENSG00000251174.1	TSEN2P1	processed_pseudogene	0	0	0	0.0000	0.0000	0.0000
ENSG00000251175.5	GSTCD-AS1	lncRNA	1	0	1	0.1028	0.0301	0.0290
ENSG00000251176.1	AC074254.1	lncRNA	0	0	0	0.0000	0.0000	0.0000
ENSG00000251177.2	AC093829.1	unprocessed_pseudogene	0	0	0	0.0000	0.0000	0.0000
ENSG00000251178.1	OR7E21P	unprocessed_pseudogene	0	0	0	0.0000	0.0000	0.0000
ENSG00000251179.1	TMEM92-AS1	lncRNA	2	2	0	0.2265	0.0663	0.0639
ENSG00000251182.2	LINC02497	lncRNA	1	0	1	0.1325	0.0388	0.0374
ENSG00000251183.1	LINC01861	lncRNA	0	0	0	0.0000	0.0000	0.0000
ENSG00000251184.1	AL672142.1	protein_coding	0	0	0	0.0000	0.0000	0.0000
ENSG00000251185.1	AC025244.1	lncRNA	0	1	0	0.0000	0.0000	0.0000
ENSG00000251186.1	AC105345.2	lncRNA	2	30	28	0.2558	0.0749	0.0721
ENSG00000251187.5	AC010261.2	lncRNA	0	2	5	0.0000	0.0000	0.0000
ENSG00000251188.1	AC079140.3	processed_pseudogene	1	0	1	0.1544	0.0452	0.0435
ENSG00000251189.1	AC010425.1	lncRNA	0	0	0	0.0000	0.0000	0.0000
ENSG00000251191.8	LINC00589	lncRNA	1296	648	657	53.0650	15.5436	14.9673
ENSG00000251192.7	ZNF674	protein_coding	152	65	89	2.0809	0.6095	0.5869
ENSG00000251193.1	AC112203.1	processed_pseudogene	0	0	0	0.0000	0.0000	0.0000
ENSG00000251194.2	AL133330.1	lncRNA	25	17	8	3.0156	0.8833	0.8506
ENSG00000251195.1	AC105417.1	processed_pseudogene	0	0	0	0.0000	0.0000	0.0000
ENSG00000251196.1	AC106760.1	unprocessed_pseudogene	0	7	24	0.0000	0.0000	0.0000
ENSG00000251199.6	AC015631.1	lncRNA	1	0	1	0.0098	0.0029	0.0028
ENSG00000251200.2	AC084866.2	lncRNA	0	0	0	0.0000	0.0000	0.0000
ENSG00000251201.8	TMED7-TICAM2	protein_coding	0	0	0	0.0000	0.0000	0.0000
ENSG00000251203.1	DNAJB6P2	processed_pseudogene	0	0	0	0.0000	0.0000	0.0000
ENSG00000251204.1	AC027313.1	processed_pseudogene	0	0	0	0.0000	0.0000	0.0000
ENSG00000251205.3	AC016598.2	lncRNA	0	0	0	0.0000	0.0000	0.0000
ENSG00000251206.1	AC010420.1	lncRNA	0	0	0	0.0000	0.0000	0.0000
ENSG00000251209.9	LINC00923	lncRNA	0	0	0	0.0000	0.0000	0.0000
ENSG00000251210.6	LINC02270	lncRNA	0	0	0	0.0000	0.0000	0.0000
ENSG00000251211.1	AC136632.2	processed_pseudogene	13	11	2	1.2822	0.3756	0.3616
ENSG00000251212.1	MTND5P4	processed_pseudogene	0	0	0	0.0000	0.0000	0.0000
ENSG00000251213.1	AC012055.2	lncRNA	0	0	0	0.0000	0.0000	0.0000
ENSG00000251214.1	AC025465.4	lncRNA	0	0	0	0.0000	0.0000	0.0000
ENSG00000251215.1	GOLGA5P1	processed_pseudogene	0	0	0	0.0000	0.0000	0.0000
ENSG00000251216.2	AC106895.2	lncRNA	0	0	1	0.0000	0.0000	0.0000
ENSG00000251218.1	AC103764.1	lncRNA	0	0	0	0.0000	0.0000	0.0000
ENSG00000251219.2	LINC01217	lncRNA	0	0	0	0.0000	0.0000	0.0000
ENSG00000251220.2	RFPL4AP3	processed_pseudogene	0	0	0	0.0000	0.0000	0.0000
ENSG00000251221.1	LINC01337	lncRNA	1	1	0	0.1930	0.0565	0.0544
ENSG00000251223.1	MTCO1P9	unprocessed_pseudogene	0	0	0	0.0000	0.0000	0.0000
ENSG00000251224.1	CNOT10-AS1	lncRNA	0	27	32	0.0000	0.0000	0.0000
ENSG00000251226.1	LINC02714	lncRNA	0	0	0	0.0000	0.0000	0.0000
ENSG00000251228.1	AC104619.4	processed_pseudogene	0	0	0	0.0000	0.0000	0.0000
ENSG00000251229.1	AL645924.2	processed_pseudogene	2	2	0	0.1887	0.0553	0.0532
ENSG00000251230.6	MIR3945HG	lncRNA	0	1	1	0.0000	0.0000	0.0000
ENSG00000251234.1	PSMA2P2	processed_pseudogene	0	0	0	0.0000	0.0000	0.0000
ENSG00000251235.3	SNRPCP2	processed_pseudogene	3	1	2	0.5363	0.1571	0.1513
ENSG00000251236.1	AC021146.8	unprocessed_pseudogene	0	0	0	0.0000	0.0000	0.0000
ENSG00000251237.1	B3GNTL1P1	processed_pseudogene	0	0	0	0.0000	0.0000	0.0000
ENSG00000251239.1	AC004590.1	lncRNA	0	0	1	0.0000	0.0000	0.0000
ENSG00000251243.1	AC005178.1	processed_pseudogene	0	0	0	0.0000	0.0000	0.0000
ENSG00000251244.2	AC107208.1	lncRNA	0	0	0	0.0000	0.0000	0.0000
ENSG00000251246.1	AL691442.1	protein_coding	0	0	0	0.0000	0.0000	0.0000
ENSG00000251247.11	ZNF345	protein_coding	32	16	18	0.5734	0.1680	0.1617
ENSG00000251248.1	AC139720.2	lncRNA	0	0	0	0.0000	0.0000	0.0000
ENSG00000251249.2	AC097375.3	lncRNA	0	0	0	0.0000	0.0000	0.0000
ENSG00000251250.3	AC091951.3	transcribed_unprocessed_pseudogene	0	0	0	0.0000	0.0000	0.0000
ENSG00000251252.1	MTND2P31	processed_pseudogene	1	1	0	0.1379	0.0404	0.0389
ENSG00000251253.1	MTHFD2P4	processed_pseudogene	0	0	0	0.0000	0.0000	0.0000
ENSG00000251254.1	GTF2F2P1	processed_pseudogene	0	0	0	0.0000	0.0000	0.0000
ENSG00000251256.1	LINC02358	lncRNA	0	0	0	0.0000	0.0000	0.0000
ENSG00000251257.2	AC010457.1	lncRNA	0	0	0	0.0000	0.0000	0.0000
ENSG00000251258.2	RFPL4B	protein_coding	2	1	1	0.0895	0.0262	0.0252
ENSG00000251259.1	AC004069.1	lncRNA	1	1	0	0.1547	0.0453	0.0436
ENSG00000251260.2	WDFY3-AS1	lncRNA	0	60	52	0.0000	0.0000	0.0000
ENSG00000251261.4	OR7H2P	unprocessed_pseudogene	0	0	0	0.0000	0.0000	0.0000
ENSG00000251264.1	AC098868.1	lncRNA	0	0	0	0.0000	0.0000	0.0000
ENSG00000251266.2	LINC02429	lncRNA	0	0	0	0.0000	0.0000	0.0000
ENSG00000251270.1	AC108727.2	lncRNA	0	0	0	0.0000	0.0000	0.0000
ENSG00000251271.3	ALG1L7P	unprocessed_pseudogene	1	2	7	0.1106	0.0324	0.0312
ENSG00000251273.4	LINC02228	lncRNA	2	3	1	0.0347	0.0102	0.0098
ENSG00000251276.1	MAGI2-AS1	lncRNA	0	0	0	0.0000	0.0000	0.0000
ENSG00000251278.1	AC006499.5	processed_pseudogene	0	0	0	0.0000	0.0000	0.0000
ENSG00000251279.1	SMIM15-AS1	lncRNA	6	176	169	0.6401	0.1875	0.1805
ENSG00000251281.1	AC034223.2	lncRNA	0	0	0	0.0000	0.0000	0.0000
ENSG00000251283.1	LINC02272	lncRNA	0	0	0	0.0000	0.0000	0.0000
ENSG00000251284.2	AC111000.5	processed_pseudogene	4	2	2	0.2884	0.0845	0.0813
ENSG00000251285.2	AC097484.2	processed_pseudogene	0	0	0	0.0000	0.0000	0.0000
ENSG00000251286.2	AC097522.1	processed_pseudogene	0	0	0	0.0000	0.0000	0.0000
ENSG00000251287.8	ALG1L2	protein_coding	31	10	21	1.7562	0.5144	0.4953
ENSG00000251288.2	AC018797.2	processed_pseudogene	0	0	0	0.0000	0.0000	0.0000
ENSG00000251291.2	LINC02462	lncRNA	0	0	0	0.0000	0.0000	0.0000
ENSG00000251292.1	ERVH-1	lncRNA	0	0	0	0.0000	0.0000	0.0000
ENSG00000251293.1	AC008574.1	lncRNA	5	3	2	0.9806	0.2872	0.2766
ENSG00000251294.1	AC091885.2	lncRNA	0	0	0	0.0000	0.0000	0.0000
ENSG00000251296.1	AC006499.6	processed_pseudogene	0	0	0	0.0000	0.0000	0.0000
ENSG00000251297.1	TUBB7P	unprocessed_pseudogene	6	3	3	0.3904	0.1144	0.1101
ENSG00000251298.1	AC093835.1	lncRNA	0	0	0	0.0000	0.0000	0.0000
ENSG00000251299.1	SLC25A15P3	unprocessed_pseudogene	0	0	0	0.0000	0.0000	0.0000
ENSG00000251300.1	AC104596.2	processed_pseudogene	0	0	0	0.0000	0.0000	0.0000
ENSG00000251301.7	LINC02384	lncRNA	21	14	7	0.3348	0.0981	0.0944
ENSG00000251303.1	CAB39P1	processed_pseudogene	5	2	3	0.9230	0.2704	0.2604
ENSG00000251306.1	NDUFB4P2	processed_pseudogene	0	0	0	0.0000	0.0000	0.0000
ENSG00000251307.1	AC026704.1	lncRNA	2	52	40	0.2206	0.0646	0.0622
ENSG00000251308.1	MRPS33P3	processed_pseudogene	0	0	0	0.0000	0.0000	0.0000
ENSG00000251309.1	AP002075.1	lncRNA	0	0	0	0.0000	0.0000	0.0000
ENSG00000251310.1	AC107391.1	lncRNA	0	0	0	0.0000	0.0000	0.0000
ENSG00000251311.1	LINC02214	lncRNA	0	0	0	0.0000	0.0000	0.0000
ENSG00000251312.2	AC004062.1	processed_pseudogene	0	0	0	0.0000	0.0000	0.0000
ENSG00000251313.1	AC073648.4	processed_pseudogene	0	0	0	0.0000	0.0000	0.0000
ENSG00000251314.2	AC104123.1	lncRNA	1	1	0	0.0571	0.0167	0.0161
ENSG00000251320.1	AC011352.3	lncRNA	1	1	0	0.1432	0.0419	0.0404
ENSG00000251321.1	PCAT4	lncRNA	0	0	0	0.0000	0.0000	0.0000
ENSG00000251322.9	SHANK3	protein_coding	2063	1060	1008	19.2644	5.6429	5.4337
ENSG00000251323.3	LINC02728	lncRNA	2	1	1	0.0765	0.0224	0.0216
ENSG00000251324.1	LINC01386	lncRNA	0	0	0	0.0000	0.0000	0.0000
ENSG00000251325.1	AC024132.3	lncRNA	0	0	0	0.0000	0.0000	0.0000
ENSG00000251326.2	LINC02479	lncRNA	0	0	0	0.0000	0.0000	0.0000
ENSG00000251329.1	LINC02353	lncRNA	0	0	0	0.0000	0.0000	0.0000
ENSG00000251330.3	AC114939.1	lncRNA	2	1	1	0.3304	0.0968	0.0932
ENSG00000251332.1	PSME2P4	processed_pseudogene	1	1	0	0.1196	0.0350	0.0337
ENSG00000251333.3	RTN3P1	processed_pseudogene	6	2	4	0.7166	0.2099	0.2021
ENSG00000251334.2	AC020593.1	processed_pseudogene	0	0	0	0.0000	0.0000	0.0000
ENSG00000251336.1	TEMN3-AS1	lncRNA	0	0	0	0.0000	0.0000	0.0000
ENSG00000251338.1	AC006499.7	processed_pseudogene	0	0	0	0.0000	0.0000	0.0000
ENSG00000251339.6	AC017091.1	lncRNA	6	4	2	0.1740	0.0510	0.0491
ENSG00000251340.1	MTCYBP35	processed_pseudogene	1	0	1	0.0747	0.0219	0.0211
ENSG00000251342.1	AC026774.2	processed_pseudogene	1	1	0	0.0773	0.0227	0.0218
ENSG00000251345.2	CDRT15P11	processed_pseudogene	0	0	0	0.0000	0.0000	0.0000
ENSG00000251347.2	IRF5P1	processed_pseudogene	0	0	0	0.0000	0.0000	0.0000
ENSG00000251348.1	HSPD1P11	processed_pseudogene	4	3	1	0.1996	0.0585	0.0563
ENSG00000251349.3	MSANTD3-TMEFF1	protein_coding	0	0	0	0.0000	0.0000	0.0000
ENSG00000251350.2	LINC02475	lncRNA	181	83	98	5.1510	1.5088	1.4529
ENSG00000251352.1	AC122714.2	processed_pseudogene	0	0	0	0.0000	0.0000	0.0000
ENSG00000251353.1	MTND3P5	unprocessed_pseudogene	0	0	0	0.0000	0.0000	0.0000
ENSG00000251354.3	AC024451.1	unprocessed_pseudogene	0	0	0	0.0000	0.0000	0.0000
ENSG00000251356.1	RAB5CP2	processed_pseudogene	0	0	0	0.0000	0.0000	0.0000
ENSG00000251357.4	AP000350.4	protein_coding	0	0	0	0.0000	0.0000	0.0000
ENSG00000251359.4	WWC2-AS2	lncRNA	18	5	14	0.7002	0.2051	0.1975
ENSG00000251360.2	KHDC1P1	transcribed_unprocessed_pseudogene	0	0	0	0.0000	0.0000	0.0000
ENSG00000251361.1	AC012625.1	lncRNA	0	0	0	0.0000	0.0000	0.0000
ENSG00000251363.3	LINC02315	lncRNA	0	0	0	0.0000	0.0000	0.0000
ENSG00000251364.7	AC107884.1	lncRNA	64	36	33	0.4794	0.1404	0.1352
ENSG00000251365.4	LINC02236	lncRNA	25	11	14	0.4989	0.1461	0.1407
ENSG00000251366.1	DBIP2	processed_pseudogene	1	0	1	0.3241	0.0949	0.0914
ENSG00000251367.1	AC091917.3	lncRNA	4	1	3	0.5661	0.1658	0.1597
ENSG00000251368.1	AC016632.1	processed_pseudogene	0	0	0	0.0000	0.0000	0.0000
ENSG00000251369.9	ZNF550	protein_coding	75	45	47	1.2520	0.3667	0.3531
ENSG00000251370.1	SEMA5A-AS1	lncRNA	0	0	0	0.0000	0.0000	0.0000
ENSG00000251371.1	AC010634.1	lncRNA	0	0	0	0.0000	0.0000	0.0000
ENSG00000251372.6	LINC00499	lncRNA	0	0	0	0.0000	0.0000	0.0000
ENSG00000251373.1	AC092593.2	processed_pseudogene	0	0	0	0.0000	0.0000	0.0000
ENSG00000251374.1	AC010598.1	processed_pseudogene	1	1	0	0.8245	0.2415	0.2325
ENSG00000251376.1	AC034238.3	lncRNA	1	0	1	0.1437	0.0421	0.0405
ENSG00000251377.2	AC079340.2	lncRNA	0	0	0	0.0000	0.0000	0.0000
ENSG00000251378.1	AC096582.2	unprocessed_pseudogene	0	0	0	0.0000	0.0000	0.0000
ENSG00000251379.1	AC099550.1	lncRNA	0	0	0	0.0000	0.0000	0.0000
ENSG00000251380.3	DCANP1	protein_coding	0	0	0	0.0000	0.0000	0.0000
ENSG00000251381.8	LINC00958	lncRNA	1	1	0	0.0147	0.0043	0.0042
ENSG00000251383.1	LINC02483	lncRNA	0	0	0	0.0000	0.0000	0.0000
ENSG00000251385.2	MTCYBP16	processed_pseudogene	0	0	0	0.0000	0.0000	0.0000
ENSG00000251387.1	AC008667.3	lncRNA	4	1	3	0.6143	0.1799	0.1733
ENSG00000251388.1	AC079380.1	lncRNA	0	0	0	0.0000	0.0000	0.0000
ENSG00000251389.1	YTHDF1P1	processed_pseudogene	0	0	0	0.0000	0.0000	0.0000
ENSG00000251391.5	AC092353.1	lncRNA	6	3	3	0.1217	0.0357	0.0343
ENSG00000251393.4	AC005280.1	lncRNA	5	12	8	0.1976	0.0579	0.0557
ENSG00000251395.1	FTH1P9	processed_pseudogene	0	0	0	0.0000	0.0000	0.0000
ENSG00000251396.7	LINC01301	lncRNA	132	71	61	1.1371	0.3331	0.3207
ENSG00000251398.2	LINC01256	lncRNA	0	0	0	0.0000	0.0000	0.0000
ENSG00000251399.1	AC092542.1	lncRNA	0	0	0	0.0000	0.0000	0.0000
ENSG00000251400.1	ALDH7A1P1	processed_pseudogene	12	4	8	0.6647	0.1947	0.1875
ENSG00000251401.2	AC093729.1	processed_pseudogene	0	0	0	0.0000	0.0000	0.0000
ENSG00000251402.3	FAM90A25P	unprocessed_pseudogene	0	0	0	0.0000	0.0000	0.0000
ENSG00000251405.3	AC016571.1	lncRNA	2	1	1	0.0853	0.0250	0.0240
ENSG00000251407.1	MTND1P22	unprocessed_pseudogene	0	0	0	0.0000	0.0000	0.0000
ENSG00000251408.1	AC113615.1	lncRNA	0	0	0	0.0000	0.0000	0.0000
ENSG00000251409.1	AC008592.3	lncRNA	0	0	0	0.0000	0.0000	0.0000
ENSG00000251410.2	AC007106.1	lncRNA	9	6	3	0.1971	0.0577	0.0556
ENSG00000251411.1	AC093827.3	processed_pseudogene	3	0	3	0.2295	0.0672	0.0647
ENSG00000251412.1	AC006296.2	lncRNA	0	0	0	0.0000	0.0000	0.0000
ENSG00000251413.1	AC068898.2	lncRNA	0	0	0	0.0000	0.0000	0.0000
ENSG00000251414.1	AC138956.2	lncRNA	3	1	2	0.4825	0.1413	0.1361
ENSG00000251416.1	AC103879.1	lncRNA	0	0	0	0.0000	0.0000	0.0000
ENSG00000251417.2	AC145285.2	lncRNA	49	23	31	2.1198	0.6209	0.5979
ENSG00000251418.2	ASS1P8	processed_pseudogene	0	0	0	0.0000	0.0000	0.0000
ENSG00000251419.1	AC108120.3	processed_pseudogene	0	0	0	0.0000	0.0000	0.0000
ENSG00000251421.2	AC016556.1	lncRNA	0	0	0	0.0000	0.0000	0.0000
ENSG00000251423.3	AC016576.1	lncRNA	0	0	0	0.0000	0.0000	0.0000
ENSG00000251424.1	AC021146.9	unprocessed_pseudogene	0	0	0	0.0000	0.0000	0.0000
ENSG00000251426.1	AC010451.2	lncRNA	0	0	0	0.0000	0.0000	0.0000
ENSG00000251427.1	AC111000.6	unprocessed_pseudogene	0	0	0	0.0000	0.0000	0.0000
ENSG00000251429.1	AIDAP2	transcribed_processed_pseudogene	6	2	5	0.1409	0.0413	0.0397
ENSG00000251430.1	MTCO3P27	unprocessed_pseudogene	0	0	0	0.0000	0.0000	0.0000
ENSG00000251431.1	AC245884.7	unprocessed_pseudogene	0	0	0	0.0000	0.0000	0.0000
ENSG00000251432.7	LINC02615	lncRNA	116	61	55	1.6827	0.4929	0.4746
ENSG00000251433.1	CCNHP1	processed_pseudogene	0	0	0	0.0000	0.0000	0.0000
ENSG00000251434.1	AC104071.1	lncRNA	0	0	0	0.0000	0.0000	0.0000
ENSG00000251435.1	C1GALT1P2	processed_pseudogene	1	1	0	0.0769	0.0225	0.0217
ENSG00000251436.2	NUP58P1	processed_pseudogene	0	0	0	0.0000	0.0000	0.0000
ENSG00000251437.1	NDUFS5P4	processed_pseudogene	0	0	0	0.0000	0.0000	0.0000
ENSG00000251438.1	AC104078.2	lncRNA	0	0	0	0.0000	0.0000	0.0000
ENSG00000251439.1	KRTAP4-17P	unprocessed_pseudogene	0	0	0	0.0000	0.0000	0.0000
ENSG00000251440.2	STMN1P2	processed_pseudogene	0	0	0	0.0000	0.0000	0.0000
ENSG00000251441.3	RTEL1P1	transcribed_processed_pseudogene	1	0	1	0.0177	0.0052	0.0050
ENSG00000251442.6	LINC01094	lncRNA	68	31	37	1.0170	0.2979	0.2869
ENSG00000251443.2	LINC02160	lncRNA	0	1	0	0.0000	0.0000	0.0000
ENSG00000251445.1	AC021151.1	lncRNA	0	0	0	0.0000	0.0000	0.0000
ENSG00000251446.1	AC113391.2	lncRNA	0	0	0	0.0000	0.0000	0.0000
ENSG00000251447.1	AC107027.2	unprocessed_pseudogene	0	0	0	0.0000	0.0000	0.0000
ENSG00000251448.2	AC063919.1	lncRNA	0	11	6	0.0000	0.0000	0.0000
ENSG00000251449.2	MTND1P19	processed_pseudogene	0	0	0	0.0000	0.0000	0.0000
ENSG00000251450.2	RASGRF2-AS1	lncRNA	1	3	1	0.0223	0.0065	0.0063
ENSG00000251451.1	GTF2IP9	transcribed_unprocessed_pseudogene	0	0	0	0.0000	0.0000	0.0000
ENSG00000251452.2	AC109811.2	processed_pseudogene	0	0	0	0.0000	0.0000	0.0000
ENSG00000251453.1	HAUS1P1	processed_pseudogene	0	0	0	0.0000	0.0000	0.0000
ENSG00000251454.1	AC025244.2	lncRNA	0	0	0	0.0000	0.0000	0.0000
ENSG00000251455.1	AC092611.1	lncRNA	4	5	4	0.1324	0.0388	0.0374
ENSG00000251456.1	AC113398.2	lncRNA	0	0	0	0.0000	0.0000	0.0000
ENSG00000251458.1	AC139491.4	lncRNA	0	0	0	0.0000	0.0000	0.0000
ENSG00000251459.2	AC013724.1	lncRNA	0	0	0	0.0000	0.0000	0.0000
ENSG00000251460.1	AC097381.2	lncRNA	0	0	0	0.0000	0.0000	0.0000
ENSG00000251461.3	AC091133.4	lncRNA	0	0	0	0.0000	0.0000	0.0000
ENSG00000251463.2	FKBP4P1	processed_pseudogene	2	2	0	0.1261	0.0369	0.0356
ENSG00000251464.2	RPL7L1P13	processed_pseudogene	0	0	0	0.0000	0.0000	0.0000
ENSG00000251467.1	AC020893.1	processed_pseudogene	1	1	0	0.1175	0.0344	0.0331
ENSG00000251468.2	AC135352.1	unprocessed_pseudogene	5	0	5	0.2994	0.0877	0.0845
ENSG00000251470.1	ASNSP4	unprocessed_pseudogene	1	1	0	0.1900	0.0556	0.0536
ENSG00000251471.1	AC016933.1	lncRNA	0	0	0	0.0000	0.0000	0.0000
ENSG00000251473.2	AC004069.2	processed_pseudogene	0	0	0	0.0000	0.0000	0.0000
ENSG00000251474.6	RPL32P3	transcribed_unprocessed_pseudogene	126	66	66	2.3757	0.6959	0.6701
ENSG00000251476.2	MTCO1P31	processed_pseudogene	0	0	0	0.0000	0.0000	0.0000
ENSG00000251477.1	AC114322.1	processed_pseudogene	0	0	0	0.0000	0.0000	0.0000
ENSG00000251478.1	AC008817.1	processed_pseudogene	0	0	0	0.0000	0.0000	0.0000
ENSG00000251482.1	AKIRIN2P1	processed_pseudogene	0	0	0	0.0000	0.0000	0.0000
ENSG00000251483.2	LYPLA1P2	processed_pseudogene	0	0	0	0.0000	0.0000	0.0000
ENSG00000251484.3	AL356488.1	processed_pseudogene	1	1	0	0.1394	0.0408	0.0393
ENSG00000251485.1	NRBF2P6	processed_pseudogene	5	3	2	0.5388	0.1578	0.1520
ENSG00000251487.1	AC106744.2	lncRNA	0	0	0	0.0000	0.0000	0.0000
ENSG00000251488.1	AC115622.1	lncRNA	0	0	0	0.0000	0.0000	0.0000
ENSG00000251489.2	AC108941.1	processed_pseudogene	0	0	0	0.0000	0.0000	0.0000
ENSG00000251490.1	AC093763.1	lncRNA	0	0	0	0.0000	0.0000	0.0000
ENSG00000251491.2	OR7E28P	transcribed_unprocessed_pseudogene	0	0	0	0.0000	0.0000	0.0000
ENSG00000251492.1	AC104136.1	processed_pseudogene	0	0	0	0.0000	0.0000	0.0000
ENSG00000251493.5	FOXD1	protein_coding	73	114	110	2.1653	0.6342	0.6107
ENSG00000251495.1	PPIAP11	processed_pseudogene	55	31	24	9.4739	2.7750	2.6722
ENSG00000251497.2	PITPNM2-AS1	lncRNA	3	0	3	0.1113	0.0326	0.0314
ENSG00000251498.1	AC021146.10	unprocessed_pseudogene	0	0	0	0.0000	0.0000	0.0000
ENSG00000251501.1	AC114774.1	processed_pseudogene	0	0	0	0.0000	0.0000	0.0000
ENSG00000251503.8	CENPS-CORT	protein_coding	0	0	0	0.0000	0.0000	0.0000
ENSG00000251504.1	LINC01099	lncRNA	0	0	0	0.0000	0.0000	0.0000
ENSG00000251506.1	AC010451.3	lncRNA	0	0	0	0.0000	0.0000	0.0000
ENSG00000251508.1	AL133380.1	unprocessed_pseudogene	0	0	0	0.0000	0.0000	0.0000
ENSG00000251510.1	AC022486.1	lncRNA	0	0	0	0.0000	0.0000	0.0000
ENSG00000251511.1	AC096736.3	lncRNA	0	0	0	0.0000	0.0000	0.0000
ENSG00000251513.2	LIX1-AS1	lncRNA	6	42	56	0.2842	0.0832	0.0802
ENSG00000251515.1	CCDC11P1	processed_pseudogene	0	0	0	0.0000	0.0000	0.0000
ENSG00000251516.1	AC098583.2	unprocessed_pseudogene	0	0	0	0.0000	0.0000	0.0000
ENSG00000251517.1	AC096734.1	lncRNA	4	2	2	0.3011	0.0882	0.0849
ENSG00000251518.1	LINC02110	lncRNA	0	0	0	0.0000	0.0000	0.0000
ENSG00000251520.1	AL162431.2	unprocessed_pseudogene	4	4	0	0.6326	0.1853	0.1784
ENSG00000251521.2	IMPA1P1	transcribed_unprocessed_pseudogene	0	0	0	0.0000	0.0000	0.0000
ENSG00000251523.1	AC108159.1	lncRNA	0	0	0	0.0000	0.0000	0.0000
ENSG00000251525.6	TCP11X3P	transcribed_unprocessed_pseudogene	0	0	0	0.0000	0.0000	0.0000
ENSG00000251526.1	LINC02435	lncRNA	0	0	0	0.0000	0.0000	0.0000
ENSG00000251527.1	AC097110.1	lncRNA	0	0	0	0.0000	0.0000	0.0000
ENSG00000251529.1	AC021146.11	unprocessed_pseudogene	0	0	0	0.0000	0.0000	0.0000
ENSG00000251532.1	AC091849.2	lncRNA	0	0	0	0.0000	0.0000	0.0000
ENSG00000251533.2	LINC00605	lncRNA	0	0	0	0.0000	0.0000	0.0000
ENSG00000251535.1	AC079140.4	processed_pseudogene	0	0	0	0.0000	0.0000	0.0000
ENSG00000251536.2	AC055717.1	lncRNA	0	0	0	0.0000	0.0000	0.0000
ENSG00000251537.4	AC005324.2	protein_coding	6	3	3	0.0924	0.0271	0.0261
ENSG00000251538.7	LINC02201	lncRNA	2	1	1	0.0454	0.0133	0.0128
ENSG00000251539.1	SNX18P24	processed_pseudogene	22	14	17	2.7843	0.8156	0.7853
ENSG00000251542.1	LINC01957	lncRNA	0	0	0	0.0000	0.0000	0.0000
ENSG00000251543.1	LINC02230	lncRNA	0	0	0	0.0000	0.0000	0.0000
ENSG00000251544.1	MTND5P12	processed_pseudogene	0	0	0	0.0000	0.0000	0.0000
ENSG00000251545.2	AC136628.2	unprocessed_pseudogene	0	0	0	0.0000	0.0000	0.0000
ENSG00000251546.1	IGKV1D-39	IG_V_gene	26	7	23	5.8722	1.7200	1.6563
ENSG00000251548.1	AC106760.2	processed_pseudogene	0	0	0	0.0000	0.0000	0.0000
ENSG00000251549.2	AC091965.3	unprocessed_pseudogene	0	0	0	0.0000	0.0000	0.0000
ENSG00000251550.1	AC091133.5	processed_pseudogene	0	0	0	0.0000	0.0000	0.0000
ENSG00000251552.1	COQ10BP2	processed_pseudogene	2	2	1	0.2346	0.0687	0.0662
ENSG00000251553.1	DDX18P4	processed_pseudogene	0	0	0	0.0000	0.0000	0.0000
ENSG00000251555.1	AC096711.2	lncRNA	0	0	0	0.0000	0.0000	0.0000
ENSG00000251556.1	AC091887.1	lncRNA	2	244	218	0.3869	0.1133	0.1091
ENSG00000251557.2	HNRNPKP3	transcribed_processed_pseudogene	0	0	0	0.0000	0.0000	0.0000
ENSG00000251562.8	MALAT1	lncRNA	1574	795	779	15.1393	4.4345	4.2701
ENSG00000251563.1	IARS2P1	processed_pseudogene	2	0	2	0.0535	0.0157	0.0151
ENSG00000251566.1	HMGB1P35	transcribed_processed_pseudogene	0	0	0	0.0000	0.0000	0.0000
ENSG00000251567.5	AC018680.1	lncRNA	0	0	0	0.0000	0.0000	0.0000
ENSG00000251568.1	ALG3P1	processed_pseudogene	0	0	0	0.0000	0.0000	0.0000
ENSG00000251569.1	AC093899.2	protein_coding	0	0	0	0.0000	0.0000	0.0000
ENSG00000251571.1	DDX3P3	processed_pseudogene	0	0	0	0.0000	0.0000	0.0000
ENSG00000251572.2	AF213884.2	processed_pseudogene	0	0	0	0.0000	0.0000	0.0000
ENSG00000251573.2	LINC02106	lncRNA	0	0	0	0.0000	0.0000	0.0000
ENSG00000251574.8	AC099520.1	lncRNA	7	3	4	0.1185	0.0347	0.0334
ENSG00000251575.3	C5orf64-AS1	lncRNA	0	0	0	0.0000	0.0000	0.0000
ENSG00000251576.1	LINC01267	lncRNA	0	0	0	0.0000	0.0000	0.0000
ENSG00000251577.5	AC105460.2	lncRNA	0	0	0	0.0000	0.0000	0.0000
ENSG00000251578.1	TRBV21-1	TR_V_pseudogene	0	0	0	0.0000	0.0000	0.0000
ENSG00000251579.1	AC055733.3	processed_pseudogene	0	0	0	0.0000	0.0000	0.0000
ENSG00000251580.3	LINC02482	lncRNA	9	15	15	0.2002	0.0587	0.0565
ENSG00000251583.1	MFFP2	processed_pseudogene	2	2	0	0.2593	0.0760	0.0731
ENSG00000251584.2	AC096751.2	lncRNA	0	0	0	0.0000	0.0000	0.0000
ENSG00000251585.1	AC026444.1	processed_pseudogene	0	0	0	0.0000	0.0000	0.0000
ENSG00000251586.1	TET2-AS1	lncRNA	1	0	1	0.1581	0.0463	0.0446
ENSG00000251587.1	LDHAP1	processed_pseudogene	4	1	3	0.3424	0.1003	0.0966
ENSG00000251588.2	AC125336.1	processed_pseudogene	0	0	0	0.0000	0.0000	0.0000
ENSG00000251590.1	NIFKP7	unprocessed_pseudogene	0	0	0	0.0000	0.0000	0.0000
ENSG00000251591.2	AC016612.1	processed_pseudogene	0	0	0	0.0000	0.0000	0.0000
ENSG00000251593.1	MSNP1	processed_pseudogene	41	21	20	2.0102	0.5888	0.5670
ENSG00000251595.7	ABCA11P	transcribed_processed_pseudogene	9	3	6	0.2739	0.0802	0.0773
ENSG00000251596.1	HADHAP1	processed_pseudogene	5	3	3	0.1859	0.0545	0.0524
ENSG00000251597.1	RPL37P25	processed_pseudogene	0	0	0	0.0000	0.0000	0.0000
ENSG00000251598.2	AC093916.1	lncRNA	0	0	0	0.0000	0.0000	0.0000
ENSG00000251599.1	AC116345.3	lncRNA	4	2	2	0.7565	0.2216	0.2134
ENSG00000251600.8	AC107223.1	lncRNA	2	1	1	0.0107	0.0031	0.0030
ENSG00000251601.1	AC022441.2	lncRNA	0	0	0	0.0000	0.0000	0.0000
ENSG00000251602.7	AL928654.1	lncRNA	96	48	48	3.4471	1.0097	0.9723
ENSG00000251604.1	LINC01385	lncRNA	0	0	0	0.0000	0.0000	0.0000
ENSG00000251605.1	AC104108.1	processed_pseudogene	0	0	0	0.0000	0.0000	0.0000
ENSG00000251608.2	OR12D1	polymorphic_pseudogene	0	0	0	0.0000	0.0000	0.0000
ENSG00000251609.2	SETP12	processed_pseudogene	0	0	0	0.0000	0.0000	0.0000
ENSG00000251610.2	AC083906.4	unprocessed_pseudogene	0	0	0	0.0000	0.0000	0.0000
ENSG00000251611.1	FAM160A1-DT	lncRNA	0	0	0	0.0000	0.0000	0.0000
ENSG00000251613.4	AC063979.1	lncRNA	2	1	1	0.0722	0.0212	0.0204
ENSG00000251614.1	HSPA8P19	processed_pseudogene	0	0	0	0.0000	0.0000	0.0000
ENSG00000251615.3	AC104825.1	lncRNA	31	12	19	0.8103	0.2373	0.2285
ENSG00000251616.1	AC113410.2	lncRNA	0	0	0	0.0000	0.0000	0.0000
ENSG00000251618.1	AC007322.4	unprocessed_pseudogene	0	0	0	0.0000	0.0000	0.0000
ENSG00000251619.1	LINC02508	lncRNA	0	0	0	0.0000	0.0000	0.0000
ENSG00000251620.3	STPG2-AS1	lncRNA	0	0	0	0.0000	0.0000	0.0000
ENSG00000251621.1	AC009487.2	lncRNA	0	0	0	0.0000	0.0000	0.0000
ENSG00000251623.2	AC139491.5	transcribed_processed_pseudogene	0	0	0	0.0000	0.0000	0.0000
ENSG00000251624.1	UNC93B7	unprocessed_pseudogene	0	0	0	0.0000	0.0000	0.0000
ENSG00000251627.1	AC010395.2	processed_pseudogene	0	0	0	0.0000	0.0000	0.0000
ENSG00000251629.7	LINC02241	lncRNA	0	0	0	0.0000	0.0000	0.0000
ENSG00000251630.1	AC119751.6	processed_pseudogene	42	28	25	19.1756	5.6168	5.4086
ENSG00000251632.1	LINC02172	lncRNA	0	0	0	0.0000	0.0000	0.0000
ENSG00000251633.3	GYG1P1	unprocessed_pseudogene	0	0	0	0.0000	0.0000	0.0000
ENSG00000251634.2	NAIPP4	unprocessed_pseudogene	3	1	2	0.0894	0.0262	0.0252
ENSG00000251635.2	LINC02278	lncRNA	2	0	2	0.0831	0.0243	0.0234
ENSG00000251636.1	LINC01218	lncRNA	0	0	0	0.0000	0.0000	0.0000
ENSG00000251637.6	LINC02754	lncRNA	0	0	0	0.0000	0.0000	0.0000
ENSG00000251638.1	AC006390.1	processed_pseudogene	0	0	0	0.0000	0.0000	0.0000
ENSG00000251639.2	AC092535.3	processed_pseudogene	0	0	0	0.0000	0.0000	0.0000
ENSG00000251642.1	AC098680.1	lncRNA	0	0	0	0.0000	0.0000	0.0000
ENSG00000251643.1	AC093763.2	processed_pseudogene	0	0	0	0.0000	0.0000	0.0000
ENSG00000251644.1	HPRT1P1	processed_pseudogene	0	0	0	0.0000	0.0000	0.0000
ENSG00000251647.2	AC114781.4	processed_pseudogene	0	0	0	0.0000	0.0000	0.0000
ENSG00000251648.2	AC008958.1	processed_pseudogene	0	0	0	0.0000	0.0000	0.0000
ENSG00000251649.2	LINC02379	lncRNA	0	0	0	0.0000	0.0000	0.0000
ENSG00000251652.1	AC092535.4	lncRNA	0	0	0	0.0000	0.0000	0.0000
ENSG00000251654.2	AC099499.1	lncRNA	0	0	0	0.0000	0.0000	0.0000
ENSG00000251655.6	PRB1	protein_coding	0	0	0	0.0000	0.0000	0.0000
ENSG00000251656.1	PRELID3BP5	processed_pseudogene	0	0	0	0.0000	0.0000	0.0000
ENSG00000251660.1	AC007036.3	lncRNA	0	0	0	0.0000	0.0000	0.0000
ENSG00000251661.3	AC136475.1	lncRNA	10	11	6	0.4500	0.1318	0.1269
ENSG00000251663.1	SUMO2P5	processed_pseudogene	0	0	0	0.0000	0.0000	0.0000
ENSG00000251664.5	PCDHA12	protein_coding	0	0	0	0.0000	0.0000	0.0000
ENSG00000251665.1	AC005920.3	lncRNA	0	2	2	0.0000	0.0000	0.0000
ENSG00000251666.1	ZNF346-IT1	lncRNA	5	4	1	0.5699	0.1669	0.1608
ENSG00000251667.1	BRCC3P1	processed_pseudogene	8	4	4	0.7144	0.2092	0.2015
ENSG00000251668.2	AC113404.2	unprocessed_pseudogene	0	0	0	0.0000	0.0000	0.0000
ENSG00000251669.6	FAM86EP	transcribed_unprocessed_pseudogene	130	74	63	2.4554	0.7192	0.6926
ENSG00000251670.1	AC113346.2	lncRNA	0	0	0	0.0000	0.0000	0.0000
ENSG00000251675.1	AC010260.1	lncRNA	7	420	368	0.8952	0.2622	0.2525
ENSG00000251676.2	SNHG27	lncRNA	0	0	0	0.0000	0.0000	0.0000
ENSG00000251678.1	AC027343.3	lncRNA	0	0	0	0.0000	0.0000	0.0000
ENSG00000251679.1	AC073848.1	lncRNA	0	0	0	0.0000	0.0000	0.0000
ENSG00000251680.6	AC008591.1	lncRNA	3	36	28	0.0304	0.0089	0.0086
ENSG00000251682.1	AC122718.2	processed_pseudogene	0	0	0	0.0000	0.0000	0.0000
ENSG00000251685.3	UGT2B27P	unprocessed_pseudogene	88	40	48	4.6130	1.3512	1.3011
ENSG00000251686.1	OR10J8P	unprocessed_pseudogene	0	0	0	0.0000	0.0000	0.0000
ENSG00000251687.1	AC104791.1	lncRNA	0	0	0	0.0000	0.0000	0.0000
ENSG00000251688.2	LINC02507	lncRNA	0	0	0	0.0000	0.0000	0.0000
ENSG00000251689.1	AC079140.5	processed_pseudogene	0	0	0	0.0000	0.0000	0.0000
ENSG00000251691.2	AC114786.3	unprocessed_pseudogene	0	0	0	0.0000	0.0000	0.0000
ENSG00000251692.8	PTX4	protein_coding	9	2	7	0.4528	0.1326	0.1277
ENSG00000251694.1	USP17L9P	unprocessed_pseudogene	0	0	0	0.0000	0.0000	0.0000
ENSG00000251697.1	RN7SKP24	misc_RNA	0	0	0	0.0000	0.0000	0.0000
ENSG00000251698.1	RNA5SP445	rRNA_pseudogene	0	0	0	0.0000	0.0000	0.0000
ENSG00000251702.1	RNU6-857P	snRNA	0	0	0	0.0000	0.0000	0.0000
ENSG00000251703.1	RNU6-998P	snRNA	0	0	0	0.0000	0.0000	0.0000
ENSG00000251704.1	AC142283.1	snoRNA	0	0	0	0.0000	0.0000	0.0000
ENSG00000251705.1	RNA5-8SP6	rRNA_pseudogene	0	0	0	0.0000	0.0000	0.0000
ENSG00000251706.1	RNU7-61P	snRNA	0	0	0	0.0000	0.0000	0.0000
ENSG00000251707.2	RNU7-37P	snRNA	0	0	0	0.0000	0.0000	0.0000
ENSG00000251711.1	RNU6-632P	snRNA	0	0	0	0.0000	0.0000	0.0000
ENSG00000251712.3	RNU7-20P	snRNA	1	1	0	1.3697	0.4012	0.3863
ENSG00000251714.1	RN7SKP67	misc_RNA	0	0	0	0.0000	0.0000	0.0000
ENSG00000251715.1	AL139003.2	snoRNA	0	0	0	0.0000	0.0000	0.0000
ENSG00000251717.1	RNA5SP419	rRNA_pseudogene	0	0	0	0.0000	0.0000	0.0000
ENSG00000251718.1	RNU2-13P	snRNA	0	0	0	0.0000	0.0000	0.0000
ENSG00000251719.1	RNU6-408P	snRNA	0	0	0	0.0000	0.0000	0.0000
ENSG00000251720.1	RNU7-123P	snRNA	5	3	2	7.0767	2.0729	1.9960
ENSG00000251722.1	RNU5E-3P	snRNA	0	0	0	0.0000	0.0000	0.0000
ENSG00000251724.1	RNU7-175P	snRNA	0	0	0	0.0000	0.0000	0.0000
ENSG00000251726.1	RNU7-41P	snRNA	0	0	0	0.0000	0.0000	0.0000
ENSG00000251727.1	RNU6-488P	snRNA	0	0	0	0.0000	0.0000	0.0000
ENSG00000251728.1	Y_RNA	misc_RNA	0	0	0	0.0000	0.0000	0.0000
ENSG00000251729.1	RNA5SP401	rRNA_pseudogene	0	0	0	0.0000	0.0000	0.0000
ENSG00000251730.1	AC092960.1	snoRNA	0	0	0	0.0000	0.0000	0.0000
ENSG00000251732.1	RN7SKP122	misc_RNA	0	0	0	0.0000	0.0000	0.0000
ENSG00000251733.1	SCARNA8	scaRNA	2	0	2	1.2965	0.3798	0.3657
ENSG00000251735.1	AL359951.1	snoRNA	0	0	0	0.0000	0.0000	0.0000
ENSG00000251739.1	RNU6-1053P	snRNA	2	0	2	1.6816	0.4926	0.4743
ENSG00000251741.1	RNU4ATAC13P	snRNA	0	0	0	0.0000	0.0000	0.0000
ENSG00000251742.1	RN7SKP13	misc_RNA	0	0	0	0.0000	0.0000	0.0000
ENSG00000251744.1	AC100807.1	snoRNA	0	0	0	0.0000	0.0000	0.0000
ENSG00000251745.1	RNU7-124P	snRNA	0	0	0	0.0000	0.0000	0.0000
ENSG00000251746.1	RNA5SP112	rRNA_pseudogene	0	0	0	0.0000	0.0000	0.0000
ENSG00000251747.1	RNU7-60P	snRNA	0	0	0	0.0000	0.0000	0.0000
ENSG00000251748.1	RNU4ATAC11P	snRNA	0	0	0	0.0000	0.0000	0.0000
ENSG00000251750.1	RNU5F-8P	snRNA	0	0	0	0.0000	0.0000	0.0000
ENSG00000251751.1	RN7SKP46	misc_RNA	0	0	0	0.0000	0.0000	0.0000
ENSG00000251752.1	RNU4-29P	snRNA	0	0	0	0.0000	0.0000	0.0000
ENSG00000251753.1	RNU6-75P	snRNA	0	0	0	0.0000	0.0000	0.0000
ENSG00000251754.1	RNU6-999P	snRNA	0	0	0	0.0000	0.0000	0.0000
ENSG00000251756.1	RNA5SP385	rRNA_pseudogene	1	0	1	0.7720	0.2261	0.2177
ENSG00000251757.1	RNU6-848P	snRNA	0	0	0	0.0000	0.0000	0.0000
ENSG00000251759.1	RN7SKP298	misc_RNA	0	0	0	0.0000	0.0000	0.0000
ENSG00000251760.1	RNA5SP418	rRNA_pseudogene	0	0	0	0.0000	0.0000	0.0000
ENSG00000251761.1	RNU6-138P	snRNA	0	0	0	0.0000	0.0000	0.0000
ENSG00000251763.1	RNU6-470P	snRNA	0	0	0	0.0000	0.0000	0.0000
ENSG00000251764.1	RNA5SP446	rRNA_pseudogene	0	0	0	0.0000	0.0000	0.0000
ENSG00000251766.1	RNA5SP518	rRNA_pseudogene	0	0	0	0.0000	0.0000	0.0000
ENSG00000251767.1	RNU7-8P	snRNA	0	0	0	0.0000	0.0000	0.0000
ENSG00000251768.1	RNA5SP217	rRNA_pseudogene	2	0	2	1.8664	0.5467	0.5264
ENSG00000251770.1	RNA5SP486	rRNA_pseudogene	0	0	0	0.0000	0.0000	0.0000
ENSG00000251773.1	RNU6-1129P	snRNA	0	0	0	0.0000	0.0000	0.0000
ENSG00000251774.1	RNU6-377P	snRNA	1	1	0	0.8326	0.2439	0.2348
ENSG00000251775.1	AC114748.1	snoRNA	2	3	3	1.1877	0.3479	0.3350
ENSG00000251776.1	RN7SKP242	misc_RNA	0	0	0	0.0000	0.0000	0.0000
ENSG00000251778.1	AP001619.3	snoRNA	0	0	0	0.0000	0.0000	0.0000
ENSG00000251779.1	Y_RNA	misc_RNA	0	0	0	0.0000	0.0000	0.0000
ENSG00000251781.1	RNA5SP356	rRNA_pseudogene	0	0	0	0.0000	0.0000	0.0000
ENSG00000251783.1	RNU6-1170P	snRNA	0	0	0	0.0000	0.0000	0.0000
ENSG00000251785.1	RNA5SP20	rRNA_pseudogene	0	0	0	0.0000	0.0000	0.0000
ENSG00000251787.1	RNU7-47P	snRNA	0	0	0	0.0000	0.0000	0.0000
ENSG00000251788.1	RNU5A-7P	snRNA	0	0	0	0.0000	0.0000	0.0000
ENSG00000251789.2	RNU4-57P	snRNA	0	0	0	0.0000	0.0000	0.0000
ENSG00000251791.1	SCARNA6	scaRNA	6	2	4	1.9227	0.5632	0.5423
ENSG00000251792.1	Y_RNA	misc_RNA	0	0	0	0.0000	0.0000	0.0000
ENSG00000251794.1	RNU6-237P	snRNA	0	0	0	0.0000	0.0000	0.0000
ENSG00000251796.1	SNORA70	snoRNA	0	0	0	0.0000	0.0000	0.0000
ENSG00000251798.1	RNU6-863P	snRNA	0	0	0	0.0000	0.0000	0.0000
ENSG00000251799.1	Y_RNA	misc_RNA	0	0	0	0.0000	0.0000	0.0000
ENSG00000251802.1	AC004788.1	snoRNA	0	0	0	0.0000	0.0000	0.0000
ENSG00000251803.1	Y_RNA	misc_RNA	0	0	0	0.0000	0.0000	0.0000
ENSG00000251804.1	RNU6-1294P	snRNA	0	0	0	0.0000	0.0000	0.0000
ENSG00000251805.1	AC009228.2	scaRNA	0	0	0	0.0000	0.0000	0.0000
ENSG00000251807.1	RNU6-202P	snRNA	0	0	0	0.0000	0.0000	0.0000
ENSG00000251809.1	RN7SKP14	misc_RNA	0	0	0	0.0000	0.0000	0.0000
ENSG00000251810.1	RN7SKP132	misc_RNA	0	0	0	0.0000	0.0000	0.0000
ENSG00000251811.1	Y_RNA	misc_RNA	0	0	0	0.0000	0.0000	0.0000
ENSG00000251812.1	Y_RNA	misc_RNA	0	0	0	0.0000	0.0000	0.0000
ENSG00000251813.1	RNU6-983P	snRNA	0	0	0	0.0000	0.0000	0.0000
ENSG00000251814.1	RN7SKP18	misc_RNA	0	0	0	0.0000	0.0000	0.0000
ENSG00000251815.1	SNORD116-26	snoRNA	0	0	0	0.0000	0.0000	0.0000
ENSG00000251816.1	RNA5SP157	rRNA_pseudogene	0	0	0	0.0000	0.0000	0.0000
ENSG00000251818.1	AC090287.1	scaRNA	0	0	0	0.0000	0.0000	0.0000
ENSG00000251819.1	RNU6-322P	snRNA	4	2	2	3.2979	0.9660	0.9302
ENSG00000251821.1	RNU6-583P	snRNA	1	0	1	0.9230	0.2704	0.2604
ENSG00000251822.1	AC090022.1	snoRNA	0	0	0	0.0000	0.0000	0.0000
ENSG00000251823.2	RNA5SP162	rRNA_pseudogene	0	0	0	0.0000	0.0000	0.0000
ENSG00000251825.1	RN7SKP19	misc_RNA	0	0	0	0.0000	0.0000	0.0000
ENSG00000251828.1	AC026410.4	snoRNA	0	0	0	0.0000	0.0000	0.0000
ENSG00000251829.1	RNA5SP436	rRNA_pseudogene	0	0	0	0.0000	0.0000	0.0000
ENSG00000251830.1	FO393410.1	snoRNA	0	0	0	0.0000	0.0000	0.0000
ENSG00000251831.1	RNU6-1114P	snRNA	0	0	0	0.0000	0.0000	0.0000
ENSG00000251834.1	RNU6-319P	snRNA	0	0	0	0.0000	0.0000	0.0000
ENSG00000251835.1	RNU6ATAC32P	snRNA	2	0	2	2.2347	0.6546	0.6303
ENSG00000251837.1	Y_RNA	misc_RNA	0	0	0	0.0000	0.0000	0.0000
ENSG00000251838.1	AC061997.1	snoRNA	0	0	0	0.0000	0.0000	0.0000
ENSG00000251839.1	RNU7-12P	snRNA	0	0	0	0.0000	0.0000	0.0000
ENSG00000251840.1	RN7SKP155	misc_RNA	0	0	0	0.0000	0.0000	0.0000
ENSG00000251841.1	RNU6-1334P	snRNA	0	0	0	0.0000	0.0000	0.0000
ENSG00000251842.1	RNU6-732P	snRNA	0	0	0	0.0000	0.0000	0.0000
ENSG00000251843.1	RNU6-803P	snRNA	0	0	0	0.0000	0.0000	0.0000
ENSG00000251844.1	AC018659.1	snoRNA	0	0	0	0.0000	0.0000	0.0000
ENSG00000251850.1	RNA5SP96	rRNA_pseudogene	0	0	0	0.0000	0.0000	0.0000
ENSG00000251851.1	RNU6-772P	snRNA	0	0	0	0.0000	0.0000	0.0000
ENSG00000251852.1	Y_RNA	misc_RNA	0	0	0	0.0000	0.0000	0.0000
ENSG00000251854.1	RNU6-507P	snRNA	0	0	0	0.0000	0.0000	0.0000
ENSG00000251856.1	MIR449C	miRNA	0	0	0	0.0000	0.0000	0.0000
ENSG00000251857.1	RNA5SP362	rRNA_pseudogene	0	0	0	0.0000	0.0000	0.0000
ENSG00000251858.1	AL121821.1	snoRNA	0	0	0	0.0000	0.0000	0.0000
ENSG00000251859.1	RNU6-1288P	snRNA	0	0	0	0.0000	0.0000	0.0000
ENSG00000251861.1	AL161793.2	scaRNA	0	0	0	0.0000	0.0000	0.0000
ENSG00000251862.2	MIR1343	miRNA	0	0	0	0.0000	0.0000	0.0000
ENSG00000251864.1	Y_RNA	misc_RNA	0	0	0	0.0000	0.0000	0.0000
ENSG00000251865.1	RNU6-518P	snRNA	0	0	0	0.0000	0.0000	0.0000
ENSG00000251866.1	SCARNA21B	scaRNA	0	0	0	0.0000	0.0000	0.0000
ENSG00000251867.4	AC009812.1	lncRNA	38	39	35	1.9300	0.5653	0.5444
ENSG00000251868.1	RNU7-71P	snRNA	0	0	0	0.0000	0.0000	0.0000
ENSG00000251869.1	SCARNA23	scaRNA	0	0	0	0.0000	0.0000	0.0000
ENSG00000251870.1	RNU2-69P	snRNA	0	0	0	0.0000	0.0000	0.0000
ENSG00000251873.1	RNA5SP182	rRNA_pseudogene	0	0	0	0.0000	0.0000	0.0000
ENSG00000251874.1	RNU6-615P	snRNA	0	0	0	0.0000	0.0000	0.0000
ENSG00000251875.1	RNU5F-2P	snRNA	0	0	0	0.0000	0.0000	0.0000
ENSG00000251877.1	RNU2-45P	snRNA	0	0	0	0.0000	0.0000	0.0000
ENSG00000251878.1	SNORD79	snoRNA	0	0	0	0.0000	0.0000	0.0000
ENSG00000251880.1	RNU7-75P	snRNA	0	0	0	0.0000	0.0000	0.0000
ENSG00000251882.1	RNU6-475P	snRNA	0	0	0	0.0000	0.0000	0.0000
ENSG00000251883.1	RNU6ATAC17P	snRNA	1	0	1	1.1961	0.3503	0.3374
ENSG00000251884.1	RNA5SP288	rRNA_pseudogene	0	0	0	0.0000	0.0000	0.0000
ENSG00000251886.1	RNU6-120P	snRNA	0	0	0	0.0000	0.0000	0.0000
ENSG00000251887.2	RNU6-760P	snRNA	0	0	0	0.0000	0.0000	0.0000
ENSG00000251888.1	RN7SKP190	misc_RNA	0	0	0	0.0000	0.0000	0.0000
ENSG00000251889.1	RNU4-49P	snRNA	0	0	0	0.0000	0.0000	0.0000
ENSG00000251890.1	RNA5SP497	rRNA_pseudogene	0	0	0	0.0000	0.0000	0.0000
ENSG00000251891.1	RNU7-79P	snRNA	0	0	0	0.0000	0.0000	0.0000
ENSG00000251892.1	RNU7-84P	snRNA	0	0	0	0.0000	0.0000	0.0000
ENSG00000251893.2	SNORA70	snoRNA	21	11	13	11.6557	3.4142	3.2876
ENSG00000251895.1	RNU6-976P	snRNA	0	0	0	0.0000	0.0000	0.0000
ENSG00000251896.1	SNORD116-27	snoRNA	0	0	0	0.0000	0.0000	0.0000
ENSG00000251897.1	RNU6-916P	snRNA	0	0	0	0.0000	0.0000	0.0000
ENSG00000251898.1	SCARNA11	scaRNA	0	0	0	0.0000	0.0000	0.0000
ENSG00000251900.1	VTRNA2-2P	misc_RNA	0	0	0	0.0000	0.0000	0.0000
ENSG00000251904.1	RNA5SP272	rRNA_pseudogene	0	0	0	0.0000	0.0000	0.0000
ENSG00000251905.1	RNU7-2P	snRNA	0	0	0	0.0000	0.0000	0.0000
ENSG00000251906.2	RNU6-351P	snRNA	0	0	0	0.0000	0.0000	0.0000
ENSG00000251907.1	RNU6-240P	snRNA	0	0	0	0.0000	0.0000	0.0000
ENSG00000251908.1	RNU6-491P	snRNA	0	0	0	0.0000	0.0000	0.0000
ENSG00000251913.1	RNU6-513P	snRNA	0	0	0	0.0000	0.0000	0.0000
ENSG00000251914.1	RNU7-200P	snRNA	0	0	0	0.0000	0.0000	0.0000
ENSG00000251915.1	RNA5SP406	rRNA_pseudogene	0	0	0	0.0000	0.0000	0.0000
ENSG00000251916.1	RNU1-61P	snRNA	0	0	0	0.0000	0.0000	0.0000
ENSG00000251917.1	RNU1-86P	snRNA	0	0	0	0.0000	0.0000	0.0000
ENSG00000251919.1	RNU7-105P	snRNA	0	0	0	0.0000	0.0000	0.0000
ENSG00000251920.1	RNA5SP216	rRNA_pseudogene	0	16	32	0.0000	0.0000	0.0000
ENSG00000251922.1	AL137186.3	snoRNA	1	1	0	0.6023	0.1764	0.1699
ENSG00000251923.1	RNU6-276P	snRNA	0	0	0	0.0000	0.0000	0.0000
ENSG00000251924.1	RNA5SP408	rRNA_pseudogene	0	0	0	0.0000	0.0000	0.0000
ENSG00000251925.1	SNORA70	snoRNA	0	0	0	0.0000	0.0000	0.0000
ENSG00000251929.1	RNU6-189P	snRNA	1	1	0	0.8408	0.2463	0.2372
ENSG00000251931.1	RNU6-871P	snRNA	0	0	0	0.0000	0.0000	0.0000
ENSG00000251934.1	RNU6-1143P	snRNA	1	0	1	0.8165	0.2392	0.2303
ENSG00000251935.1	RN7SKP179	misc_RNA	0	0	0	0.0000	0.0000	0.0000
ENSG00000251936.1	RNA5SP249	rRNA_pseudogene	0	0	0	0.0000	0.0000	0.0000
ENSG00000251937.1	RNU7-129P	snRNA	0	0	0	0.0000	0.0000	0.0000
ENSG00000251939.1	RNU6-1278P	snRNA	0	0	0	0.0000	0.0000	0.0000
ENSG00000251940.1	AC000081.2	snoRNA	0	0	0	0.0000	0.0000	0.0000
ENSG00000251941.1	RNA5SP116	rRNA_pseudogene	0	0	0	0.0000	0.0000	0.0000
ENSG00000251942.1	AC069157.2	scaRNA	0	0	0	0.0000	0.0000	0.0000
ENSG00000251943.1	RNU6-693P	snRNA	0	0	0	0.0000	0.0000	0.0000
ENSG00000251946.1	RNU6-1023P	snRNA	0	0	0	0.0000	0.0000	0.0000
ENSG00000251947.1	RN7SKP164	misc_RNA	0	0	0	0.0000	0.0000	0.0000
ENSG00000251951.1	RN7SKP34	misc_RNA	0	0	0	0.0000	0.0000	0.0000
ENSG00000251952.1	RNU6-1219P	snRNA	0	0	0	0.0000	0.0000	0.0000
ENSG00000251953.1	RNA5SP522	rRNA_pseudogene	0	0	0	0.0000	0.0000	0.0000
ENSG00000251954.1	RNU6-496P	snRNA	0	0	0	0.0000	0.0000	0.0000
ENSG00000251955.1	RNU6-27P	snRNA	0	0	0	0.0000	0.0000	0.0000
ENSG00000251956.1	RNU6-617P	snRNA	0	0	0	0.0000	0.0000	0.0000
ENSG00000251957.1	RNU6-1095P	snRNA	0	0	0	0.0000	0.0000	0.0000
ENSG00000251958.1	RNU6-1102P	snRNA	0	0	0	0.0000	0.0000	0.0000
ENSG00000251960.1	RNU6-559P	snRNA	0	0	0	0.0000	0.0000	0.0000
ENSG00000251961.1	RNU6ATAC13P	snRNA	0	0	0	0.0000	0.0000	0.0000
ENSG00000251965.1	RNA5SP208	rRNA_pseudogene	0	0	0	0.0000	0.0000	0.0000
ENSG00000251967.1	AC104304.1	snoRNA	0	0	0	0.0000	0.0000	0.0000
ENSG00000251970.1	RNU1-41P	snRNA	0	0	0	0.0000	0.0000	0.0000
ENSG00000251971.1	RNU6-1333P	snRNA	0	0	0	0.0000	0.0000	0.0000
ENSG00000251972.1	RNU6-123P	snRNA	2	1	1	1.6651	0.4877	0.4697
ENSG00000251973.1	RNU6-473P	snRNA	0	0	0	0.0000	0.0000	0.0000
ENSG00000251974.1	AC009408.1	snoRNA	0	0	0	0.0000	0.0000	0.0000
ENSG00000251975.1	RNU6-718P	snRNA	2	1	1	1.6175	0.4738	0.4562
ENSG00000251976.1	RN7SKP141	misc_RNA	0	0	0	0.0000	0.0000	0.0000
ENSG00000251977.1	RNU6-991P	snRNA	0	0	0	0.0000	0.0000	0.0000
ENSG00000251978.1	RNA5SP236	rRNA_pseudogene	0	0	0	0.0000	0.0000	0.0000
ENSG00000251980.1	RNU6-436P	snRNA	0	0	0	0.0000	0.0000	0.0000
ENSG00000251981.1	RNU7-52P	snRNA	0	0	0	0.0000	0.0000	0.0000
ENSG00000251982.1	RN7SKP43	misc_RNA	0	0	0	0.0000	0.0000	0.0000
ENSG00000251983.1	RN7SKP157	misc_RNA	0	0	0	0.0000	0.0000	0.0000
ENSG00000251985.1	RNU6-1161P	snRNA	0	0	0	0.0000	0.0000	0.0000
ENSG00000251986.1	Y_RNA	misc_RNA	1	1	0	0.8665	0.2538	0.2444
ENSG00000251987.1	SNORD63	snoRNA	0	0	0	0.0000	0.0000	0.0000
ENSG00000251988.1	RNU4ATAC18P	snRNA	0	0	0	0.0000	0.0000	0.0000
ENSG00000251990.1	RNA5SP180	rRNA_pseudogene	0	0	0	0.0000	0.0000	0.0000
ENSG00000251991.1	RNU7-49P	snRNA	1	1	0	1.3697	0.4012	0.3863
ENSG00000251992.1	SCARNA17	scaRNA	0	0	0	0.0000	0.0000	0.0000
ENSG00000251993.1	RNA5SP227	rRNA_pseudogene	0	0	0	0.0000	0.0000	0.0000
ENSG00000251994.1	RNU2-27P	snRNA	0	5	1	0.0000	0.0000	0.0000
ENSG00000251996.1	Y_RNA	misc_RNA	0	0	0	0.0000	0.0000	0.0000
ENSG00000251997.1	RNA5SP458	rRNA_pseudogene	0	0	0	0.0000	0.0000	0.0000
ENSG00000251998.1	RNU6-168P	snRNA	0	0	0	0.0000	0.0000	0.0000
ENSG00000251999.1	AC018645.2	snoRNA	0	0	0	0.0000	0.0000	0.0000
ENSG00000252001.1	RNA5SP303	rRNA_pseudogene	0	0	0	0.0000	0.0000	0.0000
ENSG00000252002.1	RNA5SP154	rRNA_pseudogene	0	0	0	0.0000	0.0000	0.0000
ENSG00000252003.1	RNU7-154P	snRNA	1	1	1	1.3697	0.4012	0.3863
ENSG00000252005.2	RNU4ATAC8P	snRNA	0	0	0	0.0000	0.0000	0.0000
ENSG00000252008.1	RNU6-927P	snRNA	0	0	0	0.0000	0.0000	0.0000
ENSG00000252010.1	SCARNA5	scaRNA	2	2	0	0.6154	0.1803	0.1736
ENSG00000252011.1	AC113174.2	snoRNA	0	0	0	0.0000	0.0000	0.0000
ENSG00000252012.1	RNA5SP521	rRNA_pseudogene	0	0	0	0.0000	0.0000	0.0000
ENSG00000252013.1	RNU4ATAC14P	snRNA	0	0	0	0.0000	0.0000	0.0000
ENSG00000252014.1	SNORA70	snoRNA	0	0	0	0.0000	0.0000	0.0000
ENSG00000252015.1	RNU6-904P	snRNA	0	0	0	0.0000	0.0000	0.0000
ENSG00000252016.1	AL024493.1	snoRNA	0	0	0	0.0000	0.0000	0.0000
ENSG00000252017.1	RNU6-1194P	snRNA	0	0	0	0.0000	0.0000	0.0000
ENSG00000252018.1	RNU2-30P	snRNA	0	0	0	0.0000	0.0000	0.0000
ENSG00000252019.1	RNU6ATAC9P	snRNA	0	0	0	0.0000	0.0000	0.0000
ENSG00000252020.1	AP000552.3	scaRNA	0	0	0	0.0000	0.0000	0.0000
ENSG00000252021.1	Y_RNA	misc_RNA	0	0	0	0.0000	0.0000	0.0000
ENSG00000252022.1	SNORD33	snoRNA	0	0	0	0.0000	0.0000	0.0000
ENSG00000252023.1	RNU6-581P	snRNA	0	0	0	0.0000	0.0000	0.0000
ENSG00000252025.1	RNU6-982P	snRNA	0	0	0	0.0000	0.0000	0.0000
ENSG00000252026.1	RNU6-1262P	snRNA	1	1	0	0.8846	0.2591	0.2495
ENSG00000252027.1	RNU6ATAC14P	snRNA	0	0	0	0.0000	0.0000	0.0000
ENSG00000252028.1	RN7SKP52	misc_RNA	0	0	0	0.0000	0.0000	0.0000
ENSG00000252029.1	RNA5SP253	rRNA_pseudogene	0	0	0	0.0000	0.0000	0.0000
ENSG00000252030.1	RNU6-1196P	snRNA	0	0	0	0.0000	0.0000	0.0000
ENSG00000252031.1	RNU6-561P	snRNA	0	0	0	0.0000	0.0000	0.0000
ENSG00000252032.1	RNU6-1281P	snRNA	0	0	0	0.0000	0.0000	0.0000
ENSG00000252033.1	RNU6-311P	snRNA	0	0	0	0.0000	0.0000	0.0000
ENSG00000252034.1	RNY4P37	misc_RNA	0	0	0	0.0000	0.0000	0.0000
ENSG00000252035.1	RNU6-397P	snRNA	0	0	0	0.0000	0.0000	0.0000
ENSG00000252036.1	RN7SKP288	misc_RNA	0	0	0	0.0000	0.0000	0.0000
ENSG00000252037.1	RNU6-162P	snRNA	0	0	0	0.0000	0.0000	0.0000
ENSG00000252039.1	RNU6-287P	snRNA	0	0	0	0.0000	0.0000	0.0000
ENSG00000252040.1	AC126773.1	snoRNA	0	0	0	0.0000	0.0000	0.0000
ENSG00000252041.1	RNA5SP228	rRNA_pseudogene	0	0	0	0.0000	0.0000	0.0000
ENSG00000252042.1	Y_RNA	misc_RNA	0	0	0	0.0000	0.0000	0.0000
ENSG00000252045.1	AP000272.1	snoRNA	0	0	0	0.0000	0.0000	0.0000
ENSG00000252046.1	RNU6-150P	snRNA	0	0	0	0.0000	0.0000	0.0000
ENSG00000252047.1	Y_RNA	misc_RNA	0	0	0	0.0000	0.0000	0.0000
ENSG00000252049.1	AL139281.2	snoRNA	0	0	0	0.0000	0.0000	0.0000
ENSG00000252050.1	AL606748.2	snoRNA	0	0	0	0.0000	0.0000	0.0000
ENSG00000252051.1	RN7SKP276	misc_RNA	1	0	1	0.3169	0.0928	0.0894
ENSG00000252053.1	RNU6-1101P	snRNA	0	0	0	0.0000	0.0000	0.0000
ENSG00000252057.2	RNU7-174P	snRNA	0	0	0	0.0000	0.0000	0.0000
ENSG00000252060.1	RNA5SP464	rRNA_pseudogene	0	0	0	0.0000	0.0000	0.0000
ENSG00000252061.1	RNU6-415P	snRNA	2	0	2	1.7509	0.5129	0.4939
ENSG00000252062.1	RNU6-469P	snRNA	0	0	0	0.0000	0.0000	0.0000
ENSG00000252063.1	RNU6-1041P	snRNA	0	0	0	0.0000	0.0000	0.0000
ENSG00000252064.1	Y_RNA	misc_RNA	0	0	0	0.0000	0.0000	0.0000
ENSG00000252065.1	RNU6-864P	snRNA	0	0	0	0.0000	0.0000	0.0000
ENSG00000252066.1	RNU2-53P	snRNA	0	0	0	0.0000	0.0000	0.0000
ENSG00000252067.1	RNU4-71P	snRNA	0	0	0	0.0000	0.0000	0.0000
ENSG00000252068.1	RNU6-390P	snRNA	0	0	0	0.0000	0.0000	0.0000
ENSG00000252069.1	Y_RNA	misc_RNA	0	0	0	0.0000	0.0000	0.0000
ENSG00000252070.1	RNA5SP341	rRNA_pseudogene	0	0	0	0.0000	0.0000	0.0000
ENSG00000252072.1	RNA5SP320	rRNA_pseudogene	0	0	0	0.0000	0.0000	0.0000
ENSG00000252073.1	RNU6-947P	snRNA	0	0	0	0.0000	0.0000	0.0000
ENSG00000252074.1	RNU6-416P	snRNA	0	0	0	0.0000	0.0000	0.0000
ENSG00000252076.1	RN7SKP196	misc_RNA	0	0	0	0.0000	0.0000	0.0000
ENSG00000252079.1	RNU6-327P	snRNA	0	0	0	0.0000	0.0000	0.0000
ENSG00000252080.1	RNU7-99P	snRNA	0	0	0	0.0000	0.0000	0.0000
ENSG00000252081.1	RNU6-277P	snRNA	0	0	0	0.0000	0.0000	0.0000
ENSG00000252082.1	RNU6-547P	snRNA	0	0	0	0.0000	0.0000	0.0000
ENSG00000252083.1	AC026784.1	snoRNA	0	0	0	0.0000	0.0000	0.0000
ENSG00000252084.1	RN7SKP12	misc_RNA	0	0	0	0.0000	0.0000	0.0000
ENSG00000252086.1	RNA5SP76	rRNA_pseudogene	0	0	0	0.0000	0.0000	0.0000
ENSG00000252087.1	RN7SKP248	misc_RNA	0	0	0	0.0000	0.0000	0.0000
ENSG00000252089.1	RNU4ATAC7P	snRNA	0	0	0	0.0000	0.0000	0.0000
ENSG00000252091.1	RNU6-1146P	snRNA	0	0	0	0.0000	0.0000	0.0000
ENSG00000252094.1	RNA5SP410	rRNA_pseudogene	0	0	0	0.0000	0.0000	0.0000
ENSG00000252096.1	AL389886.1	snoRNA	2	1	1	1.2581	0.3685	0.3548
ENSG00000252097.1	RNU6-346P	snRNA	0	0	0	0.0000	0.0000	0.0000
ENSG00000252098.1	Y_RNA	misc_RNA	0	0	0	0.0000	0.0000	0.0000
ENSG00000252101.2	RNU6-758P	snRNA	0	0	0	0.0000	0.0000	0.0000
ENSG00000252103.1	RNU6-917P	snRNA	2	2	0	1.6331	0.4784	0.4606
ENSG00000252104.1	RNU6-191P	snRNA	0	0	0	0.0000	0.0000	0.0000
ENSG00000252105.1	RNU1-143P	snRNA	0	0	0	0.0000	0.0000	0.0000
ENSG00000252106.2	RNY3P15	misc_RNA	0	0	0	0.0000	0.0000	0.0000
ENSG00000252107.1	RNA5SP220	rRNA_pseudogene	0	0	0	0.0000	0.0000	0.0000
ENSG00000252108.1	RNU6-1232P	snRNA	0	0	0	0.0000	0.0000	0.0000
ENSG00000252112.1	SNORD63	snoRNA	0	0	0	0.0000	0.0000	0.0000
ENSG00000252113.2	RNU6-523P	snRNA	0	0	0	0.0000	0.0000	0.0000
ENSG00000252115.1	Y_RNA	misc_RNA	0	1	0	0.0000	0.0000	0.0000
ENSG00000252116.1	RNU4ATAC4P	snRNA	0	0	0	0.0000	0.0000	0.0000
ENSG00000252117.1	RNU6-1108P	snRNA	0	0	0	0.0000	0.0000	0.0000
ENSG00000252118.1	RNU6ATAC39P	snRNA	0	0	0	0.0000	0.0000	0.0000
ENSG00000252119.1	AP002956.1	snoRNA	0	0	0	0.0000	0.0000	0.0000
ENSG00000252121.1	RNU6-970P	snRNA	0	0	0	0.0000	0.0000	0.0000
ENSG00000252122.1	AC009163.2	snoRNA	0	0	0	0.0000	0.0000	0.0000
ENSG00000252125.1	RNU6-1299P	snRNA	0	0	0	0.0000	0.0000	0.0000
ENSG00000252126.2	RNU6-313P	snRNA	0	0	0	0.0000	0.0000	0.0000
ENSG00000252128.1	SNORD27	snoRNA	0	0	0	0.0000	0.0000	0.0000
ENSG00000252129.1	SNORA74	snoRNA	0	0	0	0.0000	0.0000	0.0000
ENSG00000252130.1	RNU6-1045P	snRNA	0	0	0	0.0000	0.0000	0.0000
ENSG00000252132.1	RNU6-795P	snRNA	0	0	0	0.0000	0.0000	0.0000
ENSG00000252133.1	SNORA70	snoRNA	0	0	0	0.0000	0.0000	0.0000
ENSG00000252135.1	RNU1-155P	snRNA	0	0	0	0.0000	0.0000	0.0000
ENSG00000252136.1	AC004069.3	snoRNA	0	0	0	0.0000	0.0000	0.0000
ENSG00000252137.1	RNU6-1338P	snRNA	0	0	0	0.0000	0.0000	0.0000
ENSG00000252138.1	AC005774.1	snoRNA	0	0	0	0.0000	0.0000	0.0000
ENSG00000252139.1	AC090227.1	scaRNA	0	0	0	0.0000	0.0000	0.0000
ENSG00000252141.1	RNU6-65P	snRNA	0	0	0	0.0000	0.0000	0.0000
ENSG00000252143.1	AP000557.1	scaRNA	0	0	0	0.0000	0.0000	0.0000
ENSG00000252145.1	RNU6-1225P	snRNA	0	0	0	0.0000	0.0000	0.0000
ENSG00000252147.1	RNY3P16	misc_RNA	1	0	1	0.8408	0.2463	0.2372
ENSG00000252148.1	RNU6-1206P	snRNA	0	0	0	0.0000	0.0000	0.0000
ENSG00000252149.1	RNA5SP315	rRNA_pseudogene	0	0	0	0.0000	0.0000	0.0000
ENSG00000252151.1	RNU6-1265P	snRNA	0	0	0	0.0000	0.0000	0.0000
ENSG00000252153.1	MIR2278	miRNA	0	0	0	0.0000	0.0000	0.0000
ENSG00000252155.1	RNU6-941P	snRNA	0	0	0	0.0000	0.0000	0.0000
ENSG00000252156.1	RNU6-155P	snRNA	0	0	0	0.0000	0.0000	0.0000
ENSG00000252157.1	RNU6-479P	snRNA	0	0	0	0.0000	0.0000	0.0000
ENSG00000252158.1	SNORA72	snoRNA	0	0	0	0.0000	0.0000	0.0000
ENSG00000252161.1	RNA5SP318	rRNA_pseudogene	0	0	0	0.0000	0.0000	0.0000
ENSG00000252162.1	RNU6-830P	snRNA	0	0	0	0.0000	0.0000	0.0000
ENSG00000252163.1	RN7SKP31	misc_RNA	0	0	0	0.0000	0.0000	0.0000
ENSG00000252164.1	RNA5SP282	rRNA_pseudogene	0	0	0	0.0000	0.0000	0.0000
ENSG00000252166.1	RNU1-95P	snRNA	0	0	0	0.0000	0.0000	0.0000
ENSG00000252167.1	RNA5SP287	rRNA_pseudogene	0	0	0	0.0000	0.0000	0.0000
ENSG00000252169.1	RNA5SP200	rRNA_pseudogene	0	0	0	0.0000	0.0000	0.0000
ENSG00000252170.2	AL138745.1	snoRNA	0	0	0	0.0000	0.0000	0.0000
ENSG00000252171.1	Y_RNA	misc_RNA	0	0	0	0.0000	0.0000	0.0000
ENSG00000252172.1	RNU6-720P	snRNA	0	0	0	0.0000	0.0000	0.0000
ENSG00000252173.1	RNU6-109P	snRNA	0	0	0	0.0000	0.0000	0.0000
ENSG00000252174.1	RNU7-18P	snRNA	0	0	0	0.0000	0.0000	0.0000
ENSG00000252178.1	RNU7-69P	snRNA	0	0	0	0.0000	0.0000	0.0000
ENSG00000252179.1	RNA5SP255	rRNA_pseudogene	0	0	0	0.0000	0.0000	0.0000
ENSG00000252182.1	RNA5SP413	rRNA_pseudogene	0	0	0	0.0000	0.0000	0.0000
ENSG00000252183.1	RNU6-948P	snRNA	0	0	0	0.0000	0.0000	0.0000
ENSG00000252184.1	RNU2-10P	snRNA	0	0	0	0.0000	0.0000	0.0000
ENSG00000252185.1	RNU6-752P	snRNA	0	0	0	0.0000	0.0000	0.0000
ENSG00000252186.1	RNU6-781P	snRNA	0	0	0	0.0000	0.0000	0.0000
ENSG00000252188.1	AC013429.2	snoRNA	0	0	0	0.0000	0.0000	0.0000
ENSG00000252190.1	AL592064.1	scaRNA	0	0	0	0.0000	0.0000	0.0000
ENSG00000252191.1	RNU6-751P	snRNA	0	0	0	0.0000	0.0000	0.0000
ENSG00000252192.1	AC127002.1	snoRNA	0	0	0	0.0000	0.0000	0.0000
ENSG00000252193.1	AL021395.2	scaRNA	0	0	0	0.0000	0.0000	0.0000
ENSG00000252198.1	Y_RNA	misc_RNA	0	0	0	0.0000	0.0000	0.0000
ENSG00000252199.1	SNORA70	snoRNA	0	0	0	0.0000	0.0000	0.0000
ENSG00000252200.1	AC243964.2	snoRNA	0	0	0	0.0000	0.0000	0.0000
ENSG00000252202.1	Y_RNA	misc_RNA	0	0	0	0.0000	0.0000	0.0000
ENSG00000252204.1	AC023050.2	snoRNA	0	0	0	0.0000	0.0000	0.0000
ENSG00000252205.1	RNU6-764P	snRNA	0	0	0	0.0000	0.0000	0.0000
ENSG00000252206.1	RNU7-40P	snRNA	1	1	0	1.3269	0.3887	0.3743
ENSG00000252207.1	RNA5SP365	rRNA_pseudogene	2	0	2	1.5873	0.4649	0.4477
ENSG00000252209.1	RNU1-48P	snRNA	0	0	0	0.0000	0.0000	0.0000
ENSG00000252210.1	Y_RNA	misc_RNA	0	0	0	0.0000	0.0000	0.0000
ENSG00000252211.1	RNA5SP473	rRNA_pseudogene	0	0	0	0.0000	0.0000	0.0000
ENSG00000252212.1	RNU2-58P	snRNA	0	0	0	0.0000	0.0000	0.0000
ENSG00000252213.1	SNORA74D	snoRNA	1	1	0	0.6023	0.1764	0.1699
ENSG00000252214.1	RNU6-542P	snRNA	0	0	0	0.0000	0.0000	0.0000
ENSG00000252217.1	Y_RNA	misc_RNA	0	0	0	0.0000	0.0000	0.0000
ENSG00000252218.1	AL355802.2	scaRNA	0	0	0	0.0000	0.0000	0.0000
ENSG00000252219.2	MIR892C	miRNA	0	0	0	0.0000	0.0000	0.0000
ENSG00000252220.1	RNU6-977P	snRNA	0	0	0	0.0000	0.0000	0.0000
ENSG00000252222.1	RNU7-13P	snRNA	0	0	0	0.0000	0.0000	0.0000
ENSG00000252223.1	RNU6-1049P	snRNA	0	0	0	0.0000	0.0000	0.0000
ENSG00000252224.1	RNU4ATAC15P	snRNA	0	0	0	0.0000	0.0000	0.0000
ENSG00000252225.1	Y_RNA	misc_RNA	0	0	0	0.0000	0.0000	0.0000
ENSG00000252228.1	AL669914.1	snoRNA	0	0	0	0.0000	0.0000	0.0000
ENSG00000252230.1	AC020910.1	snoRNA	0	0	0	0.0000	0.0000	0.0000
ENSG00000252231.1	RNA5SP67	rRNA_pseudogene	0	0	0	0.0000	0.0000	0.0000
ENSG00000252233.1	RN7SKP253	misc_RNA	0	0	0	0.0000	0.0000	0.0000
ENSG00000252236.1	AL135927.1	snoRNA	0	0	0	0.0000	0.0000	0.0000
ENSG00000252237.1	RNU4-54P	snRNA	0	0	0	0.0000	0.0000	0.0000
ENSG00000252238.1	AC092169.1	snoRNA	0	0	0	0.0000	0.0000	0.0000
ENSG00000252242.1	RNU7-115P	snRNA	0	0	0	0.0000	0.0000	0.0000
ENSG00000252243.1	RNU6-412P	snRNA	0	0	0	0.0000	0.0000	0.0000
ENSG00000252244.1	RNU7-3P	snRNA	0	0	0	0.0000	0.0000	0.0000
ENSG00000252246.1	RNA5SP92	rRNA_pseudogene	0	0	0	0.0000	0.0000	0.0000
ENSG00000252247.2	RNU6-70P	snRNA	0	0	0	0.0000	0.0000	0.0000
ENSG00000252249.1	AL391336.2	snoRNA	0	0	0	0.0000	0.0000	0.0000
ENSG00000252250.1	Y_RNA	misc_RNA	0	0	0	0.0000	0.0000	0.0000
ENSG00000252252.1	RNU6-687P	snRNA	0	0	0	0.0000	0.0000	0.0000
ENSG00000252254.1	Y_RNA	misc_RNA	0	0	0	0.0000	0.0000	0.0000
ENSG00000252255.1	RNU2-35P	snRNA	0	0	0	0.0000	0.0000	0.0000
ENSG00000252257.1	RN7SKP265	misc_RNA	0	0	0	0.0000	0.0000	0.0000
ENSG00000252258.1	SNORA70	snoRNA	0	0	0	0.0000	0.0000	0.0000
ENSG00000252259.1	RNA5SP49	rRNA_pseudogene	0	0	0	0.0000	0.0000	0.0000
ENSG00000252260.1	RNA5SP461	rRNA_pseudogene	0	0	0	0.0000	0.0000	0.0000
ENSG00000252261.1	RNA5SP262	rRNA_pseudogene	0	0	0	0.0000	0.0000	0.0000
ENSG00000252262.1	RNA5SP61	rRNA_pseudogene	0	0	0	0.0000	0.0000	0.0000
ENSG00000252263.1	RNU6-659P	snRNA	0	0	0	0.0000	0.0000	0.0000
ENSG00000252264.1	RNU7-153P	snRNA	0	0	0	0.0000	0.0000	0.0000
ENSG00000252266.1	Y_RNA	misc_RNA	0	0	0	0.0000	0.0000	0.0000
ENSG00000252267.1	RNA5SP495	rRNA_pseudogene	0	0	0	0.0000	0.0000	0.0000
ENSG00000252268.1	RNA5SP417	rRNA_pseudogene	0	0	0	0.0000	0.0000	0.0000
ENSG00000252269.1	RNU4ATAC12P	snRNA	0	0	0	0.0000	0.0000	0.0000
ENSG00000252271.1	RNU6-1110P	snRNA	0	0	0	0.0000	0.0000	0.0000
ENSG00000252272.1	RNA5SP470	rRNA_pseudogene	0	0	0	0.0000	0.0000	0.0000
ENSG00000252273.1	RNU6-426P	snRNA	0	0	0	0.0000	0.0000	0.0000
ENSG00000252274.1	AC080037.1	scaRNA	7	4	3	4.3390	1.2710	1.2238
ENSG00000252275.1	RNU7-192P	snRNA	0	0	0	0.0000	0.0000	0.0000
ENSG00000252277.1	SNORD116-30	snoRNA	0	0	0	0.0000	0.0000	0.0000
ENSG00000252279.1	RNU6-406P	snRNA	0	0	0	0.0000	0.0000	0.0000
ENSG00000252282.1	RNU6-1089P	snRNA	0	0	0	0.0000	0.0000	0.0000
ENSG00000252283.1	Vault	misc_RNA	0	0	0	0.0000	0.0000	0.0000
ENSG00000252284.1	SNORA108	snoRNA	0	0	0	0.0000	0.0000	0.0000
ENSG00000252287.1	RNA5SP24	rRNA_pseudogene	0	0	0	0.0000	0.0000	0.0000
ENSG00000252288.1	RNU6-966P	snRNA	0	0	0	0.0000	0.0000	0.0000
ENSG00000252289.1	RNA5SP519	rRNA_pseudogene	0	0	0	0.0000	0.0000	0.0000
ENSG00000252290.1	AL442065.1	snoRNA	0	0	0	0.0000	0.0000	0.0000
ENSG00000252291.1	AC079173.1	snoRNA	0	0	0	0.0000	0.0000	0.0000
ENSG00000252292.1	RN7SKP238	misc_RNA	0	0	0	0.0000	0.0000	0.0000
ENSG00000252294.1	RNU6-589P	snRNA	0	0	0	0.0000	0.0000	0.0000
ENSG00000252296.2	AL359641.1	snoRNA	0	0	0	0.0000	0.0000	0.0000
ENSG00000252297.1	RNU6-875P	snRNA	0	0	0	0.0000	0.0000	0.0000
ENSG00000252301.1	RNA5SP134	rRNA_pseudogene	0	0	0	0.0000	0.0000	0.0000
ENSG00000252302.1	RNA5SP147	rRNA_pseudogene	0	0	0	0.0000	0.0000	0.0000
ENSG00000252305.1	SNORA74	snoRNA	1	0	1	0.4718	0.1382	0.1331
ENSG00000252307.1	RNA5SP153	rRNA_pseudogene	0	0	0	0.0000	0.0000	0.0000
ENSG00000252311.1	RNU1-103P	snRNA	0	0	0	0.0000	0.0000	0.0000
ENSG00000252312.1	RN7SKP21	misc_RNA	0	0	0	0.0000	0.0000	0.0000
ENSG00000252313.1	RNA5SP281	rRNA_pseudogene	0	0	0	0.0000	0.0000	0.0000
ENSG00000252315.1	RNA5SP520	rRNA_pseudogene	0	0	0	0.0000	0.0000	0.0000
ENSG00000252316.1	RNY4	misc_RNA	1	0	1	0.8846	0.2591	0.2495
ENSG00000252317.1	Y_RNA	misc_RNA	0	0	0	0.0000	0.0000	0.0000
ENSG00000252319.1	Y_RNA	misc_RNA	0	0	0	0.0000	0.0000	0.0000
ENSG00000252320.1	RNU6-320P	snRNA	0	0	0	0.0000	0.0000	0.0000
ENSG00000252321.1	RN7SKP83	misc_RNA	0	0	0	0.0000	0.0000	0.0000
ENSG00000252322.1	RN7SKP244	misc_RNA	0	0	0	0.0000	0.0000	0.0000
ENSG00000252323.1	RNU6-184P	snRNA	0	0	0	0.0000	0.0000	0.0000
ENSG00000252325.1	RNU6-1038P	snRNA	0	0	0	0.0000	0.0000	0.0000
ENSG00000252326.1	SNORD116-25	snoRNA	0	0	0	0.0000	0.0000	0.0000
ENSG00000252328.1	Vault	misc_RNA	0	0	0	0.0000	0.0000	0.0000
ENSG00000252329.1	AC013549.2	scaRNA	0	0	0	0.0000	0.0000	0.0000
ENSG00000252332.1	RNU6-911P	snRNA	0	0	0	0.0000	0.0000	0.0000
ENSG00000252333.1	RNU6-964P	snRNA	0	0	0	0.0000	0.0000	0.0000
ENSG00000252334.1	RNU6-1337P	snRNA	0	0	0	0.0000	0.0000	0.0000
ENSG00000252335.1	RNU6-62P	snRNA	1	1	0	0.8326	0.2439	0.2348
ENSG00000252336.1	RNA5SP148	rRNA_pseudogene	0	0	0	0.0000	0.0000	0.0000
ENSG00000252337.1	AC114940.2	snoRNA	0	0	0	0.0000	0.0000	0.0000
ENSG00000252338.1	RNU6-503P	snRNA	0	0	0	0.0000	0.0000	0.0000
ENSG00000252339.1	RNU6-1061P	snRNA	0	0	0	0.0000	0.0000	0.0000
ENSG00000252341.1	Y_RNA	misc_RNA	0	0	0	0.0000	0.0000	0.0000
ENSG00000252342.1	RNA5SP164	rRNA_pseudogene	0	0	0	0.0000	0.0000	0.0000
ENSG00000252343.1	RNU2-34P	snRNA	0	0	0	0.0000	0.0000	0.0000
ENSG00000252346.1	RNA5SP121	rRNA_pseudogene	0	0	0	0.0000	0.0000	0.0000
ENSG00000252347.1	RNU6-1046P	snRNA	0	0	0	0.0000	0.0000	0.0000
ENSG00000252348.1	RNU6-1256P	snRNA	0	0	0	0.0000	0.0000	0.0000
ENSG00000252349.1	AC005722.2	snoRNA	0	0	0	0.0000	0.0000	0.0000
ENSG00000252350.1	RPPH1-3P	ribozyme	0	0	0	0.0000	0.0000	0.0000
ENSG00000252351.1	RNU6ATAC12P	snRNA	0	0	0	0.0000	0.0000	0.0000
ENSG00000252352.1	AC115085.1	snoRNA	0	0	0	0.0000	0.0000	0.0000
ENSG00000252353.1	RNU7-25P	snRNA	0	0	0	0.0000	0.0000	0.0000
ENSG00000252355.1	RN7SKP287	misc_RNA	1	0	1	0.3192	0.0935	0.0900
ENSG00000252357.1	Y_RNA	misc_RNA	0	0	0	0.0000	0.0000	0.0000
ENSG00000252358.1	RN7SKP135	misc_RNA	0	0	0	0.0000	0.0000	0.0000
ENSG00000252361.1	RNU6-118P	snRNA	1	1	0	0.8326	0.2439	0.2348
ENSG00000252362.1	RNU6-506P	snRNA	0	0	0	0.0000	0.0000	0.0000
ENSG00000252363.1	RNU7-43P	snRNA	0	0	0	0.0000	0.0000	0.0000
ENSG00000252364.1	RNA5SP360	rRNA_pseudogene	0	0	0	0.0000	0.0000	0.0000
ENSG00000252366.1	RNA5SP367	rRNA_pseudogene	0	0	0	0.0000	0.0000	0.0000
ENSG00000252367.1	Y_RNA	misc_RNA	1	1	0	0.9332	0.2733	0.2632
ENSG00000252368.1	RNA5SP43	rRNA_pseudogene	0	0	0	0.0000	0.0000	0.0000
ENSG00000252369.1	RNU7-51P	snRNA	0	0	0	0.0000	0.0000	0.0000
ENSG00000252370.1	RNA5SP438	rRNA_pseudogene	0	0	0	0.0000	0.0000	0.0000
ENSG00000252371.1	RNU6-725P	snRNA	0	0	0	0.0000	0.0000	0.0000
ENSG00000252373.1	RNU6-358P	snRNA	0	0	0	0.0000	0.0000	0.0000
ENSG00000252374.1	Y_RNA	misc_RNA	0	0	0	0.0000	0.0000	0.0000
ENSG00000252376.1	RNA5SP395	rRNA_pseudogene	0	0	0	0.0000	0.0000	0.0000
ENSG00000252377.1	RNU6-504P	snRNA	0	0	0	0.0000	0.0000	0.0000
ENSG00000252383.1	RNU6-314P	snRNA	0	0	0	0.0000	0.0000	0.0000
ENSG00000252385.1	RNU6-68P	snRNA	0	0	0	0.0000	0.0000	0.0000
ENSG00000252386.1	RNU6-1018P	snRNA	0	0	0	0.0000	0.0000	0.0000
ENSG00000252390.1	RNU5F-4P	snRNA	0	0	0	0.0000	0.0000	0.0000
ENSG00000252391.1	RNU6-638P	snRNA	0	0	0	0.0000	0.0000	0.0000
ENSG00000252393.1	RNU6-1004P	snRNA	0	0	0	0.0000	0.0000	0.0000
ENSG00000252395.2	RNU6-1007P	snRNA	0	0	0	0.0000	0.0000	0.0000
ENSG00000252396.1	RN7SKP195	misc_RNA	0	0	0	0.0000	0.0000	0.0000
ENSG00000252397.1	RNU5A-4P	snRNA	0	0	0	0.0000	0.0000	0.0000
ENSG00000252398.1	Y_RNA	misc_RNA	0	0	0	0.0000	0.0000	0.0000
ENSG00000252400.1	RNU6-1291P	snRNA	0	0	0	0.0000	0.0000	0.0000
ENSG00000252401.1	RNU4ATAC6P	snRNA	0	0	0	0.0000	0.0000	0.0000
ENSG00000252404.1	AL158048.1	scaRNA	0	0	0	0.0000	0.0000	0.0000
ENSG00000252407.1	RNU7-183P	snRNA	0	0	0	0.0000	0.0000	0.0000
ENSG00000252408.1	AC005787.1	snoRNA	0	0	0	0.0000	0.0000	0.0000
ENSG00000252409.1	AC099537.1	scaRNA	0	0	0	0.0000	0.0000	0.0000
ENSG00000252410.1	RNU5B-3P	snRNA	0	0	0	0.0000	0.0000	0.0000
ENSG00000252411.1	RNU6-1087P	snRNA	0	0	0	0.0000	0.0000	0.0000
ENSG00000252412.1	Y_RNA	misc_RNA	0	0	0	0.0000	0.0000	0.0000
ENSG00000252413.1	RNU7-121P	snRNA	0	0	0	0.0000	0.0000	0.0000
ENSG00000252414.1	RNU6-100P	snRNA	0	0	0	0.0000	0.0000	0.0000
ENSG00000252415.1	RNU6-1012P	snRNA	0	0	0	0.0000	0.0000	0.0000
ENSG00000252416.1	RNU6-885P	snRNA	0	2	1	0.0000	0.0000	0.0000
ENSG00000252417.1	RNU7-179P	snRNA	0	0	0	0.0000	0.0000	0.0000
ENSG00000252420.1	Y_RNA	misc_RNA	0	0	0	0.0000	0.0000	0.0000
ENSG00000252421.1	RNU6-1069P	snRNA	0	0	0	0.0000	0.0000	0.0000
ENSG00000252422.1	RNA5SP476	rRNA_pseudogene	0	0	0	0.0000	0.0000	0.0000
ENSG00000252423.1	RNU6-229P	snRNA	0	0	0	0.0000	0.0000	0.0000
ENSG00000252424.1	RNA5SP384	rRNA_pseudogene	0	0	0	0.0000	0.0000	0.0000
ENSG00000252425.1	AC100834.1	snoRNA	0	0	0	0.0000	0.0000	0.0000
ENSG00000252426.1	RNU1-107P	snRNA	0	0	0	0.0000	0.0000	0.0000
ENSG00000252427.1	AC115088.1	snoRNA	0	0	0	0.0000	0.0000	0.0000
ENSG00000252428.1	RNA5SP285	rRNA_pseudogene	0	0	0	0.0000	0.0000	0.0000
ENSG00000252429.2	RNU7-29P	snRNA	0	0	0	0.0000	0.0000	0.0000
ENSG00000252431.1	RNU6-1247P	snRNA	0	0	0	0.0000	0.0000	0.0000
ENSG00000252433.1	AL133320.1	snoRNA	0	0	0	0.0000	0.0000	0.0000
ENSG00000252436.1	Y_RNA	misc_RNA	0	0	0	0.0000	0.0000	0.0000
ENSG00000252437.1	RNA5SP459	rRNA_pseudogene	0	0	0	0.0000	0.0000	0.0000
ENSG00000252438.1	AL391314.1	snoRNA	0	0	0	0.0000	0.0000	0.0000
ENSG00000252441.1	AL589842.1	snoRNA	0	0	0	0.0000	0.0000	0.0000
ENSG00000252443.1	SNORA62	snoRNA	0	0	0	0.0000	0.0000	0.0000
ENSG00000252444.1	RNU6-344P	snRNA	0	0	0	0.0000	0.0000	0.0000
ENSG00000252446.1	RNU6-405P	snRNA	0	0	0	0.0000	0.0000	0.0000
ENSG00000252448.1	SNORA63	snoRNA	1	0	1	1.0484	0.3071	0.2957
ENSG00000252449.1	RNU6-139P	snRNA	0	0	0	0.0000	0.0000	0.0000
ENSG00000252450.1	Y_RNA	misc_RNA	0	0	0	0.0000	0.0000	0.0000
ENSG00000252451.1	RNA5SP168	rRNA_pseudogene	0	0	0	0.0000	0.0000	0.0000
ENSG00000252452.1	RNU6-107P	snRNA	1	1	0	0.8326	0.2439	0.2348
ENSG00000252454.3	MIR2114	miRNA	0	0	0	0.0000	0.0000	0.0000
ENSG00000252456.1	RNA5SP434	rRNA_pseudogene	0	0	0	0.0000	0.0000	0.0000
ENSG00000252457.1	RNU7-65P	snRNA	0	0	0	0.0000	0.0000	0.0000
ENSG00000252458.1	AC134043.1	snoRNA	0	0	0	0.0000	0.0000	0.0000
ENSG00000252459.1	AC026765.1	snoRNA	0	0	0	0.0000	0.0000	0.0000
ENSG00000252460.1	RNU6-635P	snRNA	0	0	0	0.0000	0.0000	0.0000
ENSG00000252461.1	AC133550.1	snoRNA	0	0	0	0.0000	0.0000	0.0000
ENSG00000252462.1	RNU6-113P	snRNA	0	0	0	0.0000	0.0000	0.0000
ENSG00000252464.1	RN7SKP70	misc_RNA	1	0	1	0.3134	0.0918	0.0884
ENSG00000252466.1	MIR2115	miRNA	0	0	0	0.0000	0.0000	0.0000
ENSG00000252467.1	RNU6-347P	snRNA	0	0	0	0.0000	0.0000	0.0000
ENSG00000252468.1	RNU2-57P	snRNA	0	0	0	0.0000	0.0000	0.0000
ENSG00000252469.1	RNU7-160P	snRNA	0	0	0	0.0000	0.0000	0.0000
ENSG00000252470.1	RNU6-551P	snRNA	0	0	0	0.0000	0.0000	0.0000
ENSG00000252472.1	RNU6-521P	snRNA	0	0	0	0.0000	0.0000	0.0000
ENSG00000252473.1	AC007684.1	snoRNA	0	0	0	0.0000	0.0000	0.0000
ENSG00000252474.1	RNU6-539P	snRNA	0	0	0	0.0000	0.0000	0.0000
ENSG00000252475.1	RNU6-1332P	snRNA	0	0	0	0.0000	0.0000	0.0000
ENSG00000252479.1	RNA5SP309	rRNA_pseudogene	0	0	0	0.0000	0.0000	0.0000
ENSG00000252480.1	RNU6-719P	snRNA	0	0	0	0.0000	0.0000	0.0000
ENSG00000252481.1	SCARNA13	scaRNA	0	0	0	0.0000	0.0000	0.0000
ENSG00000252482.1	RNU7-22P	snRNA	0	0	0	0.0000	0.0000	0.0000
ENSG00000252483.1	RNU6-1178P	snRNA	0	0	0	0.0000	0.0000	0.0000
ENSG00000252484.1	RN7SKP49	misc_RNA	0	0	0	0.0000	0.0000	0.0000
ENSG00000252485.1	Vault	misc_RNA	0	0	0	0.0000	0.0000	0.0000
ENSG00000252486.1	Y_RNA	misc_RNA	0	0	0	0.0000	0.0000	0.0000
ENSG00000252487.1	RNY4P20	misc_RNA	0	0	0	0.0000	0.0000	0.0000
ENSG00000252489.1	RNU6-197P	snRNA	0	0	0	0.0000	0.0000	0.0000
ENSG00000252490.1	RN7SKP66	misc_RNA	0	0	0	0.0000	0.0000	0.0000
ENSG00000252491.1	RNU1-142P	snRNA	0	0	0	0.0000	0.0000	0.0000
ENSG00000252494.1	RNU6-126P	snRNA	0	0	0	0.0000	0.0000	0.0000
ENSG00000252496.1	RNA5SP33	rRNA_pseudogene	0	0	0	0.0000	0.0000	0.0000
ENSG00000252497.1	RPPH1-2P	ribozyme	0	0	0	0.0000	0.0000	0.0000
ENSG00000252498.1	RNU6-1016P	snRNA	3	1	2	2.7102	0.7939	0.7644
ENSG00000252499.1	RNU6-63P	snRNA	0	0	0	0.0000	0.0000	0.0000
ENSG00000252501.1	RNU4-77P	snRNA	0	0	0	0.0000	0.0000	0.0000
ENSG00000252503.1	RNU6-531P	snRNA	4	0	4	3.2662	0.9567	0.9212
ENSG00000252505.1	SNORA70	snoRNA	0	0	0	0.0000	0.0000	0.0000
ENSG00000252506.1	RNU6-180P	snRNA	0	0	0	0.0000	0.0000	0.0000
ENSG00000252507.1	RNU7-81P	snRNA	0	0	0	0.0000	0.0000	0.0000
ENSG00000252508.1	RNU4ATAC3P	snRNA	0	0	0	0.0000	0.0000	0.0000
ENSG00000252509.1	RNA5SP271	rRNA_pseudogene	0	0	0	0.0000	0.0000	0.0000
ENSG00000252510.1	RNA5SP55	rRNA_pseudogene	0	0	0	0.0000	0.0000	0.0000
ENSG00000252512.1	RNA5SP206	rRNA_pseudogene	0	0	0	0.0000	0.0000	0.0000
ENSG00000252513.1	RNU1-128P	snRNA	0	0	0	0.0000	0.0000	0.0000
ENSG00000252514.1	RNU7-53P	snRNA	0	0	0	0.0000	0.0000	0.0000
ENSG00000252515.2	RNU6-1171P	snRNA	0	0	0	0.0000	0.0000	0.0000
ENSG00000252516.1	RNA5SP82	rRNA_pseudogene	5	4	1	4.6152	1.3519	1.3018
ENSG00000252517.1	AC006196.1	snoRNA	0	0	0	0.0000	0.0000	0.0000
ENSG00000252519.1	RNU6-783P	snRNA	0	0	0	0.0000	0.0000	0.0000
ENSG00000252521.1	RNU5D-2P	snRNA	0	0	0	0.0000	0.0000	0.0000
ENSG00000252523.1	RNU6-267P	snRNA	0	0	0	0.0000	0.0000	0.0000
ENSG00000252524.1	Y_RNA	misc_RNA	0	0	0	0.0000	0.0000	0.0000
ENSG00000252526.1	SNORA70	snoRNA	0	0	0	0.0000	0.0000	0.0000
ENSG00000252530.1	RNU6-965P	snRNA	0	0	0	0.0000	0.0000	0.0000
ENSG00000252532.1	RNU7-193P	snRNA	0	0	0	0.0000	0.0000	0.0000
ENSG00000252533.1	RNU6-572P	snRNA	0	0	0	0.0000	0.0000	0.0000
ENSG00000252534.1	Y_RNA	misc_RNA	0	0	0	0.0000	0.0000	0.0000
ENSG00000252535.1	RNA5SP254	rRNA_pseudogene	0	0	0	0.0000	0.0000	0.0000
ENSG00000252537.1	AL358033.1	snoRNA	0	0	0	0.0000	0.0000	0.0000
ENSG00000252539.1	RNA5SP462	rRNA_pseudogene	0	0	0	0.0000	0.0000	0.0000
ENSG00000252540.1	RNU6-919P	snRNA	0	0	0	0.0000	0.0000	0.0000
ENSG00000252542.1	SNORD36C	snoRNA	0	0	0	0.0000	0.0000	0.0000
ENSG00000252544.1	RNU6-1282P	snRNA	0	0	0	0.0000	0.0000	0.0000
ENSG00000252545.1	RNU6-362P	snRNA	0	0	0	0.0000	0.0000	0.0000
ENSG00000252546.1	RNA5SP466	rRNA_pseudogene	0	0	0	0.0000	0.0000	0.0000
ENSG00000252548.1	RNU7-149P	snRNA	0	0	0	0.0000	0.0000	0.0000
ENSG00000252549.1	RNU6-759P	snRNA	0	0	0	0.0000	0.0000	0.0000
ENSG00000252550.1	AL138701.1	snoRNA	0	0	0	0.0000	0.0000	0.0000
ENSG00000252552.1	RNU6-307P	snRNA	0	0	0	0.0000	0.0000	0.0000
ENSG00000252553.1	RNA5SP73	rRNA_pseudogene	0	0	0	0.0000	0.0000	0.0000
ENSG00000252554.1	RNU6-861P	snRNA	0	0	0	0.0000	0.0000	0.0000
ENSG00000252555.1	RNU6-567P	snRNA	0	0	0	0.0000	0.0000	0.0000
ENSG00000252556.1	RNU6-256P	snRNA	0	0	0	0.0000	0.0000	0.0000
ENSG00000252558.1	RNU6-914P	snRNA	0	0	0	0.0000	0.0000	0.0000
ENSG00000252560.1	RNU4-18P	snRNA	0	0	0	0.0000	0.0000	0.0000
ENSG00000252561.1	RNU1-125P	snRNA	0	0	0	0.0000	0.0000	0.0000
ENSG00000252562.1	RNU6-922P	snRNA	0	0	0	0.0000	0.0000	0.0000
ENSG00000252563.1	RNA5SP45	rRNA_pseudogene	0	0	0	0.0000	0.0000	0.0000
ENSG00000252568.1	RNU7-28P	snRNA	0	0	0	0.0000	0.0000	0.0000
ENSG00000252569.1	RNU6-1153P	snRNA	1	0	1	0.8088	0.2369	0.2281
ENSG00000252574.2	RNU5B-6P	snRNA	0	0	0	0.0000	0.0000	0.0000
ENSG00000252577.1	SCARNA20	scaRNA	1	0	1	0.6482	0.1899	0.1828
ENSG00000252578.1	RNU6-135P	snRNA	0	0	0	0.0000	0.0000	0.0000
ENSG00000252580.1	AL451137.1	snoRNA	1	0	1	0.6433	0.1884	0.1815
ENSG00000252581.1	RNU6-1098P	snRNA	2	1	1	1.7692	0.5182	0.4990
ENSG00000252582.1	AL583807.1	snoRNA	0	0	0	0.0000	0.0000	0.0000
ENSG00000252583.2	MIR514B	miRNA	0	0	0	0.0000	0.0000	0.0000
ENSG00000252585.1	Y_RNA	misc_RNA	0	0	0	0.0000	0.0000	0.0000
ENSG00000252587.1	RNA5SP422	rRNA_pseudogene	0	0	0	0.0000	0.0000	0.0000
ENSG00000252590.1	RNU7-143P	snRNA	0	0	0	0.0000	0.0000	0.0000
ENSG00000252591.1	RNA5SP468	rRNA_pseudogene	0	0	0	0.0000	0.0000	0.0000
ENSG00000252593.1	RNU6-1224P	snRNA	0	0	0	0.0000	0.0000	0.0000
ENSG00000252594.1	RNU6-656P	snRNA	0	0	0	0.0000	0.0000	0.0000
ENSG00000252595.1	RN7SKP82	misc_RNA	0	0	0	0.0000	0.0000	0.0000
ENSG00000252597.1	RNU7-137P	snRNA	0	0	0	0.0000	0.0000	0.0000
ENSG00000252598.1	RNA5SP460	rRNA_pseudogene	0	0	0	0.0000	0.0000	0.0000
ENSG00000252599.1	RNU6-566P	snRNA	0	0	0	0.0000	0.0000	0.0000
ENSG00000252601.1	AC024589.2	snoRNA	0	0	0	0.0000	0.0000	0.0000
ENSG00000252603.1	RNU6ATAC22P	snRNA	0	0	0	0.0000	0.0000	0.0000
ENSG00000252604.1	RNU2-44P	snRNA	0	0	0	0.0000	0.0000	0.0000
ENSG00000252606.1	RNU6-1150P	snRNA	0	0	0	0.0000	0.0000	0.0000
ENSG00000252607.1	Y_RNA	misc_RNA	0	0	0	0.0000	0.0000	0.0000
ENSG00000252608.1	RNU6-1191P	snRNA	0	0	0	0.0000	0.0000	0.0000
ENSG00000252611.1	RNU6-1121P	snRNA	0	0	0	0.0000	0.0000	0.0000
ENSG00000252612.1	Y_RNA	misc_RNA	0	0	0	0.0000	0.0000	0.0000
ENSG00000252614.1	RNU6-807P	snRNA	0	0	0	0.0000	0.0000	0.0000
ENSG00000252615.1	Y_RNA	misc_RNA	0	0	0	0.0000	0.0000	0.0000
ENSG00000252618.1	RNA5SP441	rRNA_pseudogene	0	0	0	0.0000	0.0000	0.0000
ENSG00000252619.1	RNU6-1149P	snRNA	0	0	0	0.0000	0.0000	0.0000
ENSG00000252620.1	RNU6ATAC24P	snRNA	1	1	0	0.6290	0.1843	0.1774
ENSG00000252621.1	Y_RNA	misc_RNA	0	0	0	0.0000	0.0000	0.0000
ENSG00000252622.1	RNU6-881P	snRNA	0	0	0	0.0000	0.0000	0.0000
ENSG00000252623.1	RNA5SP481	rRNA_pseudogene	0	0	0	0.0000	0.0000	0.0000
ENSG00000252624.1	RNA5SP409	rRNA_pseudogene	0	0	0	0.0000	0.0000	0.0000
ENSG00000252625.1	RNU1-40P	snRNA	0	0	0	0.0000	0.0000	0.0000
ENSG00000252626.1	RNU6-1308P	snRNA	0	0	0	0.0000	0.0000	0.0000
ENSG00000252627.1	RNU6-122P	snRNA	0	0	0	0.0000	0.0000	0.0000
ENSG00000252628.2	RNU6-453P	snRNA	0	0	0	0.0000	0.0000	0.0000
ENSG00000252633.1	RN7SKP282	misc_RNA	0	0	0	0.0000	0.0000	0.0000
ENSG00000252634.1	RN7SKP219	misc_RNA	0	0	0	0.0000	0.0000	0.0000
ENSG00000252635.1	RNU2-56P	snRNA	0	0	0	0.0000	0.0000	0.0000
ENSG00000252636.1	RNU6-826P	snRNA	0	0	0	0.0000	0.0000	0.0000
ENSG00000252637.1	RNA5SP268	rRNA_pseudogene	0	0	0	0.0000	0.0000	0.0000
ENSG00000252639.1	RNU2-24P	snRNA	1	1	0	0.5938	0.1739	0.1675
ENSG00000252640.1	AC126773.2	snoRNA	0	0	0	0.0000	0.0000	0.0000
ENSG00000252641.2	RNU6-678P	snRNA	1	1	0	0.7791	0.2282	0.2197
ENSG00000252642.1	RNA5SP137	rRNA_pseudogene	0	0	0	0.0000	0.0000	0.0000
ENSG00000252643.1	RNU6-1136P	snRNA	0	0	0	0.0000	0.0000	0.0000
ENSG00000252644.1	RNU7-30P	snRNA	0	0	0	0.0000	0.0000	0.0000
ENSG00000252645.1	RNU7-111P	snRNA	0	31	34	0.0000	0.0000	0.0000
ENSG00000252647.1	RNA5SP416	rRNA_pseudogene	0	0	0	0.0000	0.0000	0.0000
ENSG00000252649.1	RNA5SP480	rRNA_pseudogene	0	0	0	0.0000	0.0000	0.0000
ENSG00000252650.1	RNA5SP75	rRNA_pseudogene	1	1	0	0.7650	0.2241	0.2158
ENSG00000252651.1	RNU6-557P	snRNA	0	0	0	0.0000	0.0000	0.0000
ENSG00000252652.1	Y_RNA	misc_RNA	3	2	1	2.6538	0.7773	0.7485
ENSG00000252653.1	RNA5SP444	rRNA_pseudogene	0	0	0	0.0000	0.0000	0.0000
ENSG00000252654.1	RNU7-6P	snRNA	0	0	0	0.0000	0.0000	0.0000
ENSG00000252655.1	Y_RNA	misc_RNA	0	0	0	0.0000	0.0000	0.0000
ENSG00000252656.1	RN7SKP88	misc_RNA	0	0	0	0.0000	0.0000	0.0000
ENSG00000252657.1	SNORA70	snoRNA	0	0	0	0.0000	0.0000	0.0000
ENSG00000252658.1	RNU6-786P	snRNA	0	0	0	0.0000	0.0000	0.0000
ENSG00000252659.1	RNU6-1088P	snRNA	0	0	0	0.0000	0.0000	0.0000
ENSG00000252660.1	Y_RNA	misc_RNA	0	0	0	0.0000	0.0000	0.0000
ENSG00000252661.1	RNU6-782P	snRNA	0	0	0	0.0000	0.0000	0.0000
ENSG00000252667.1	RNA5SP523	rRNA_pseudogene	0	0	0	0.0000	0.0000	0.0000
ENSG00000252671.1	Y_RNA	misc_RNA	0	0	0	0.0000	0.0000	0.0000
ENSG00000252673.1	RNA5SP421	rRNA_pseudogene	0	0	0	0.0000	0.0000	0.0000
ENSG00000252674.1	RNA5SP102	rRNA_pseudogene	0	0	0	0.0000	0.0000	0.0000
ENSG00000252677.1	AC106037.1	snoRNA	0	0	0	0.0000	0.0000	0.0000
ENSG00000252680.1	RNA5SP449	rRNA_pseudogene	0	0	0	0.0000	0.0000	0.0000
ENSG00000252681.1	RNU1-97P	snRNA	0	0	0	0.0000	0.0000	0.0000
ENSG00000252682.1	AL354980.1	snoRNA	0	0	0	0.0000	0.0000	0.0000
ENSG00000252684.1	RNU6ATAC36P	snRNA	0	0	0	0.0000	0.0000	0.0000
ENSG00000252685.1	RNU6-928P	snRNA	0	0	0	0.0000	0.0000	0.0000
ENSG00000252686.1	RNU6-1234P	snRNA	0	0	0	0.0000	0.0000	0.0000
ENSG00000252688.1	RNU6-579P	snRNA	0	0	0	0.0000	0.0000	0.0000
ENSG00000252689.1	AC011749.1	snoRNA	0	0	0	0.0000	0.0000	0.0000
ENSG00000252690.3	AC105339.2	lncRNA	6	9	11	0.1178	0.0345	0.0332
ENSG00000252691.1	AL592064.2	scaRNA	0	0	0	0.0000	0.0000	0.0000
ENSG00000252692.1	AC244035.3	snoRNA	0	0	0	0.0000	0.0000	0.0000
ENSG00000252693.1	AL391241.1	snoRNA	0	0	0	0.0000	0.0000	0.0000
ENSG00000252695.1	MIR2276	miRNA	0	0	0	0.0000	0.0000	0.0000
ENSG00000252696.1	RNA5SP34	rRNA_pseudogene	0	0	0	0.0000	0.0000	0.0000
ENSG00000252697.1	RN7SKP209	misc_RNA	0	0	0	0.0000	0.0000	0.0000
ENSG00000252699.1	SNORA21B	snoRNA	0	0	0	0.0000	0.0000	0.0000
ENSG00000252700.1	RNU7-110P	snRNA	0	0	0	0.0000	0.0000	0.0000
ENSG00000252704.1	RN7SKP277	misc_RNA	0	0	0	0.0000	0.0000	0.0000
ENSG00000252705.1	RNU6-175P	snRNA	0	0	0	0.0000	0.0000	0.0000
ENSG00000252707.1	RNU11-2P	snRNA	0	0	0	0.0000	0.0000	0.0000
ENSG00000252710.1	RNU6-295P	snRNA	0	0	0	0.0000	0.0000	0.0000
ENSG00000252711.1	RN7SKP116	misc_RNA	0	0	0	0.0000	0.0000	0.0000
ENSG00000252712.1	SCARNA14	scaRNA	0	0	0	0.0000	0.0000	0.0000
ENSG00000252713.1	RNU6-1198P	snRNA	0	0	0	0.0000	0.0000	0.0000
ENSG00000252714.1	RNA5SP392	rRNA_pseudogene	0	0	0	0.0000	0.0000	0.0000
ENSG00000252716.1	RN7SKP260	misc_RNA	0	0	0	0.0000	0.0000	0.0000
ENSG00000252717.1	RNU6-352P	snRNA	0	0	0	0.0000	0.0000	0.0000
ENSG00000252718.1	RNU6-612P	snRNA	0	0	0	0.0000	0.0000	0.0000
ENSG00000252719.1	AL356785.1	snoRNA	0	0	0	0.0000	0.0000	0.0000
ENSG00000252720.1	RNU6-1258P	snRNA	0	0	0	0.0000	0.0000	0.0000
ENSG00000252721.1	RNU6-798P	snRNA	0	0	0	0.0000	0.0000	0.0000
ENSG00000252722.1	AC113208.1	scaRNA	0	0	0	0.0000	0.0000	0.0000
ENSG00000252723.2	RNU6-677P	snRNA	0	0	0	0.0000	0.0000	0.0000
ENSG00000252724.1	SNORA70	snoRNA	0	0	0	0.0000	0.0000	0.0000
ENSG00000252725.1	RNU6-765P	snRNA	0	0	0	0.0000	0.0000	0.0000
ENSG00000252726.1	RNA5SP94	rRNA_pseudogene	0	0	0	0.0000	0.0000	0.0000
ENSG00000252727.1	AC092184.1	scaRNA	0	0	0	0.0000	0.0000	0.0000
ENSG00000252729.1	RNU6-971P	snRNA	0	0	0	0.0000	0.0000	0.0000
ENSG00000252734.1	RNU6-980P	snRNA	0	0	0	0.0000	0.0000	0.0000
ENSG00000252735.1	RNU6-528P	snRNA	0	0	0	0.0000	0.0000	0.0000
ENSG00000252739.1	RNU7-151P	snRNA	3	1	2	4.8068	1.4080	1.3558
ENSG00000252742.1	Y_RNA	misc_RNA	0	0	0	0.0000	0.0000	0.0000
ENSG00000252743.1	RNU6-850P	snRNA	1	0	1	0.8245	0.2415	0.2325
ENSG00000252744.1	Y_RNA	misc_RNA	0	0	0	0.0000	0.0000	0.0000
ENSG00000252745.1	RNA5SP143	rRNA_pseudogene	0	0	0	0.0000	0.0000	0.0000
ENSG00000252746.1	RNU6-273P	snRNA	0	0	0	0.0000	0.0000	0.0000
ENSG00000252747.1	RNA5SP364	rRNA_pseudogene	1	1	0	1.0887	0.3189	0.3071
ENSG00000252749.1	RNU7-116P	snRNA	0	0	0	0.0000	0.0000	0.0000
ENSG00000252750.1	RNU7-70P	snRNA	0	0	0	0.0000	0.0000	0.0000
ENSG00000252751.1	RNU6-143P	snRNA	0	0	0	0.0000	0.0000	0.0000
ENSG00000252752.1	RNU6-210P	snRNA	0	0	0	0.0000	0.0000	0.0000
ENSG00000252755.1	RNU6-703P	snRNA	0	0	0	0.0000	0.0000	0.0000
ENSG00000252756.1	RNU6-577P	snRNA	0	0	0	0.0000	0.0000	0.0000
ENSG00000252757.1	RN7SKP96	misc_RNA	0	0	0	0.0000	0.0000	0.0000
ENSG00000252758.1	RNU6-445P	snRNA	0	0	0	0.0000	0.0000	0.0000
ENSG00000252759.1	Y_RNA	misc_RNA	4	0	4	3.5384	1.0364	0.9980
ENSG00000252760.1	RNA5SP54	rRNA_pseudogene	0	0	0	0.0000	0.0000	0.0000
ENSG00000252761.1	Y_RNA	misc_RNA	0	0	0	0.0000	0.0000	0.0000
ENSG00000252762.1	AC021863.1	snoRNA	0	0	0	0.0000	0.0000	0.0000
ENSG00000252763.1	RNU2-31P	snRNA	0	0	0	0.0000	0.0000	0.0000
ENSG00000252764.1	RNU6-1092P	snRNA	0	0	0	0.0000	0.0000	0.0000
ENSG00000252765.1	AC093157.3	scaRNA	0	0	0	0.0000	0.0000	0.0000
ENSG00000252766.1	RNU6-255P	snRNA	0	0	0	0.0000	0.0000	0.0000
ENSG00000252767.1	RNU6-250P	snRNA	0	0	0	0.0000	0.0000	0.0000
ENSG00000252768.1	RNU6-856P	snRNA	1	0	1	0.8665	0.2538	0.2444
ENSG00000252769.1	RNU6-943P	snRNA	0	0	0	0.0000	0.0000	0.0000
ENSG00000252770.1	RNU7-4P	snRNA	0	0	0	0.0000	0.0000	0.0000
ENSG00000252772.1	RNU6-714P	snRNA	0	0	0	0.0000	0.0000	0.0000
ENSG00000252774.1	AC087632.1	snoRNA	0	0	0	0.0000	0.0000	0.0000
ENSG00000252776.1	RNU4ATAC10P	snRNA	0	0	0	0.0000	0.0000	0.0000
ENSG00000252777.1	AL645729.1	scaRNA	0	0	0	0.0000	0.0000	0.0000
ENSG00000252778.1	AP006442.1	scaRNA	0	0	0	0.0000	0.0000	0.0000
ENSG00000252779.1	RNU6-182P	snRNA	0	0	0	0.0000	0.0000	0.0000
ENSG00000252780.1	RNA5SP471	rRNA_pseudogene	0	0	0	0.0000	0.0000	0.0000
ENSG00000252782.1	RNU6-341P	snRNA	2	1	1	1.7692	0.5182	0.4990
ENSG00000252783.1	RNU6-835P	snRNA	0	0	0	0.0000	0.0000	0.0000
ENSG00000252784.1	Y_RNA	misc_RNA	0	0	0	0.0000	0.0000	0.0000
ENSG00000252787.2	AC104446.1	snoRNA	0	0	0	0.0000	0.0000	0.0000
ENSG00000252794.1	RN7SKP60	misc_RNA	0	0	0	0.0000	0.0000	0.0000
ENSG00000252795.1	RNU6-56P	snRNA	0	0	0	0.0000	0.0000	0.0000
ENSG00000252796.1	RNU7-11P	snRNA	0	0	0	0.0000	0.0000	0.0000
ENSG00000252797.1	RN7SKP272	misc_RNA	0	0	0	0.0000	0.0000	0.0000
ENSG00000252798.1	AC005632.1	scaRNA	0	0	0	0.0000	0.0000	0.0000
ENSG00000252800.1	AL132992.1	scaRNA	0	0	0	0.0000	0.0000	0.0000
ENSG00000252802.1	Y_RNA	misc_RNA	0	0	0	0.0000	0.0000	0.0000
ENSG00000252804.1	RNU6-958P	snRNA	0	0	0	0.0000	0.0000	0.0000
ENSG00000252806.1	RNA5SP420	rRNA_pseudogene	0	0	0	0.0000	0.0000	0.0000
ENSG00000252807.1	RNU6-1006P	snRNA	0	0	0	0.0000	0.0000	0.0000
ENSG00000252810.1	RNU6-345P	snRNA	0	0	0	0.0000	0.0000	0.0000
ENSG00000252812.1	RN7SKP2	misc_RNA	0	0	0	0.0000	0.0000	0.0000
ENSG00000252814.1	RN7SKP233	misc_RNA	0	0	0	0.0000	0.0000	0.0000
ENSG00000252815.1	RNU6-410P	snRNA	1	0	1	0.7936	0.2325	0.2239
ENSG00000252816.1	RNA5SP337	rRNA_pseudogene	0	0	0	0.0000	0.0000	0.0000
ENSG00000252820.1	Y_RNA	misc_RNA	0	0	0	0.0000	0.0000	0.0000
ENSG00000252821.1	RNU6-388P	snRNA	0	0	0	0.0000	0.0000	0.0000
ENSG00000252822.1	Y_RNA	misc_RNA	1	1	0	0.8846	0.2591	0.2495
ENSG00000252823.1	RNU6-148P	snRNA	0	0	0	0.0000	0.0000	0.0000
ENSG00000252824.1	AC005086.1	snoRNA	0	0	0	0.0000	0.0000	0.0000
ENSG00000252826.1	RNVU1-23	snRNA	0	0	0	0.0000	0.0000	0.0000
ENSG00000252827.1	RN7SKP11	misc_RNA	0	0	0	0.0000	0.0000	0.0000
ENSG00000252828.1	RNA5SP135	rRNA_pseudogene	0	0	0	0.0000	0.0000	0.0000
ENSG00000252830.2	RNA5SP533	rRNA	0	0	0	0.0000	0.0000	0.0000
ENSG00000252832.1	RNU6-1212P	snRNA	0	0	0	0.0000	0.0000	0.0000
ENSG00000252833.1	RNA5SP186	rRNA_pseudogene	0	0	0	0.0000	0.0000	0.0000
ENSG00000252835.1	SCARNA21	scaRNA	0	0	0	0.0000	0.0000	0.0000
ENSG00000252837.1	RN7SKP99	misc_RNA	0	0	0	0.0000	0.0000	0.0000
ENSG00000252839.1	RNU6-419P	snRNA	0	0	0	0.0000	0.0000	0.0000
ENSG00000252840.1	AL365436.3	snoRNA	1	0	1	0.7863	0.2303	0.2218
ENSG00000252845.1	RNA5SP101	rRNA_pseudogene	0	0	0	0.0000	0.0000	0.0000
ENSG00000252847.1	RNU2-46P	snRNA	0	0	0	0.0000	0.0000	0.0000
ENSG00000252848.1	RNA5SP230	rRNA_pseudogene	0	0	0	0.0000	0.0000	0.0000
ENSG00000252850.1	RNU1-117P	snRNA	0	0	0	0.0000	0.0000	0.0000
ENSG00000252852.1	AP002848.1	snoRNA	0	0	0	0.0000	0.0000	0.0000
ENSG00000252854.1	RN7SKP5	misc_RNA	0	0	0	0.0000	0.0000	0.0000
ENSG00000252856.1	RNA5SP503	rRNA_pseudogene	0	0	0	0.0000	0.0000	0.0000
ENSG00000252857.1	RNU6-389P	snRNA	0	0	0	0.0000	0.0000	0.0000
ENSG00000252858.1	RNU6-1271P	snRNA	0	0	0	0.0000	0.0000	0.0000
ENSG00000252859.1	RNU6-375P	snRNA	0	0	0	0.0000	0.0000	0.0000
ENSG00000252860.1	RNU6-570P	snRNA	0	0	0	0.0000	0.0000	0.0000
ENSG00000252861.1	RNU6-448P	snRNA	0	0	0	0.0000	0.0000	0.0000
ENSG00000252863.1	RNU6-1183P	snRNA	0	0	0	0.0000	0.0000	0.0000
ENSG00000252864.1	RNA5SP278	rRNA_pseudogene	0	0	0	0.0000	0.0000	0.0000
ENSG00000252866.1	RNA5SP243	rRNA_pseudogene	3	2	1	7.2789	2.1321	2.0531
ENSG00000252867.1	RNU6-909P	snRNA	0	0	0	0.0000	0.0000	0.0000
ENSG00000252868.1	AC061965.1	snoRNA	0	0	0	0.0000	0.0000	0.0000
ENSG00000252870.1	AP003179.1	snoRNA	0	0	0	0.0000	0.0000	0.0000
ENSG00000252872.1	RNU7-188P	snRNA	0	0	0	0.0000	0.0000	0.0000
ENSG00000252874.2	Y_RNA	misc_RNA	2	1	1	1.8871	0.5528	0.5323
ENSG00000252877.1	RNA5SP312	rRNA_pseudogene	0	0	0	0.0000	0.0000	0.0000
ENSG00000252879.1	RN7SKP98	misc_RNA	0	0	0	0.0000	0.0000	0.0000
ENSG00000252881.1	RNU6-334P	snRNA	0	0	0	0.0000	0.0000	0.0000
ENSG00000252882.1	RNU6-1137P	snRNA	0	0	0	0.0000	0.0000	0.0000
ENSG00000252884.1	RNU6-1213P	snRNA	0	0	0	0.0000	0.0000	0.0000
ENSG00000252886.1	RN7SKP197	misc_RNA	0	0	0	0.0000	0.0000	0.0000
ENSG00000252887.1	RNU6-430P	snRNA	0	0	0	0.0000	0.0000	0.0000
ENSG00000252888.1	AC013738.1	snoRNA	0	0	0	0.0000	0.0000	0.0000
ENSG00000252889.1	RNU6-1236P	snRNA	0	0	0	0.0000	0.0000	0.0000
ENSG00000252890.1	RNU6-699P	snRNA	0	0	0	0.0000	0.0000	0.0000
ENSG00000252891.1	Y_RNA	misc_RNA	0	0	0	0.0000	0.0000	0.0000
ENSG00000252892.1	RNU6-548P	snRNA	0	0	0	0.0000	0.0000	0.0000
ENSG00000252894.2	Y_RNA	misc_RNA	0	0	0	0.0000	0.0000	0.0000
ENSG00000252897.1	RNU6-685P	snRNA	0	0	0	0.0000	0.0000	0.0000
ENSG00000252898.1	RNU6-1096P	snRNA	0	0	0	0.0000	0.0000	0.0000
ENSG00000252900.1	RNU6-303P	snRNA	0	0	0	0.0000	0.0000	0.0000
ENSG00000252902.1	RNA5SP342	rRNA_pseudogene	0	0	0	0.0000	0.0000	0.0000
ENSG00000252903.2	RNU6-894P	snRNA	0	0	0	0.0000	0.0000	0.0000
ENSG00000252904.1	AC010359.1	snoRNA	0	0	0	0.0000	0.0000	0.0000
ENSG00000252905.1	RNA5SP330	rRNA_pseudogene	0	0	0	0.0000	0.0000	0.0000
ENSG00000252906.1	SCARNA3	scaRNA	1	0	1	0.5938	0.1739	0.1675
ENSG00000252908.1	RNU6-1003P	snRNA	0	0	0	0.0000	0.0000	0.0000
ENSG00000252909.1	RNU6-201P	snRNA	0	0	0	0.0000	0.0000	0.0000
ENSG00000252913.1	RNU6-158P	snRNA	0	0	0	0.0000	0.0000	0.0000
ENSG00000252914.1	RNU6-789P	snRNA	0	0	0	0.0000	0.0000	0.0000
ENSG00000252915.1	Y_RNA	misc_RNA	1	1	0	0.9230	0.2704	0.2604
ENSG00000252916.1	RNU6-762P	snRNA	3	1	2	2.4977	0.7316	0.7045
ENSG00000252917.1	SNORA74	snoRNA	0	0	0	0.0000	0.0000	0.0000
ENSG00000252919.1	Y_RNA	misc_RNA	0	0	0	0.0000	0.0000	0.0000
ENSG00000252920.1	AL356867.2	snoRNA	0	0	0	0.0000	0.0000	0.0000
ENSG00000252922.1	RNU6-365P	snRNA	0	0	0	0.0000	0.0000	0.0000
ENSG00000252923.1	AC068544.1	scaRNA	0	0	0	0.0000	0.0000	0.0000
ENSG00000252927.1	RNA5SP404	rRNA_pseudogene	0	0	0	0.0000	0.0000	0.0000
ENSG00000252928.1	RNU6-64P	snRNA	0	0	0	0.0000	0.0000	0.0000
ENSG00000252929.1	RNU6-218P	snRNA	0	0	0	0.0000	0.0000	0.0000
ENSG00000252930.1	RNU6-1015P	snRNA	0	0	0	0.0000	0.0000	0.0000
ENSG00000252931.1	RNU6-231P	snRNA	0	0	0	0.0000	0.0000	0.0000
ENSG00000252933.1	RNU6-1223P	snRNA	2	2	0	1.6331	0.4784	0.4606
ENSG00000252934.1	RNU7-172P	snRNA	0	0	0	0.0000	0.0000	0.0000
ENSG00000252935.1	RNU6-1220P	snRNA	0	0	0	0.0000	0.0000	0.0000
ENSG00000252936.1	RNA5SP423	rRNA_pseudogene	0	0	0	0.0000	0.0000	0.0000
ENSG00000252937.1	RNU6-1270P	snRNA	0	0	0	0.0000	0.0000	0.0000
ENSG00000252941.1	RNA5SP340	rRNA_pseudogene	0	0	0	0.0000	0.0000	0.0000
ENSG00000252942.1	RNA5SP290	rRNA_pseudogene	1	1	0	0.6687	0.1959	0.1886
ENSG00000252943.1	RNU6-264P	snRNA	0	0	0	0.0000	0.0000	0.0000
ENSG00000252944.1	RNU6-897P	snRNA	0	0	0	0.0000	0.0000	0.0000
ENSG00000252945.1	AL133485.1	snoRNA	0	0	0	0.0000	0.0000	0.0000
ENSG00000252947.1	SCARNA1	scaRNA	0	0	0	0.0000	0.0000	0.0000
ENSG00000252948.1	RNU6-1314P	snRNA	0	0	0	0.0000	0.0000	0.0000
ENSG00000252950.1	RNA5SP490	rRNA_pseudogene	2	2	0	1.2488	0.3658	0.3522
ENSG00000252951.1	RNA5SP165	rRNA_pseudogene	0	0	0	0.0000	0.0000	0.0000
ENSG00000252952.1	RNU6-58P	snRNA	0	0	0	0.0000	0.0000	0.0000
ENSG00000252953.1	RNU6-232P	snRNA	0	0	0	0.0000	0.0000	0.0000
ENSG00000252955.1	RNU4ATAC9P	snRNA	0	0	0	0.0000	0.0000	0.0000
ENSG00000252956.1	RNA5SP40	rRNA_pseudogene	21	11	10	16.2121	4.7488	4.5727
ENSG00000252957.1	RNA5SP402	rRNA_pseudogene	0	0	0	0.0000	0.0000	0.0000
ENSG00000252959.1	RNA5SP170	rRNA_pseudogene	0	0	0	0.0000	0.0000	0.0000
ENSG00000252960.1	RN7SKP258	misc_RNA	0	0	0	0.0000	0.0000	0.0000
ENSG00000252962.1	RNU6-993P	snRNA	0	0	0	0.0000	0.0000	0.0000
ENSG00000252963.1	RN7SKP147	misc_RNA	0	0	0	0.0000	0.0000	0.0000
ENSG00000252964.1	RNA5SP400	rRNA_pseudogene	0	0	0	0.0000	0.0000	0.0000
ENSG00000252965.1	Y_RNA	misc_RNA	6	2	4	4.8068	1.4080	1.3558
ENSG00000252969.1	SNORA70	snoRNA	0	0	0	0.0000	0.0000	0.0000
ENSG00000252970.1	RNA5SP159	rRNA_pseudogene	0	0	0	0.0000	0.0000	0.0000
ENSG00000252971.1	RNU6-1057P	snRNA	0	0	0	0.0000	0.0000	0.0000
ENSG00000252973.1	RNU6-1028P	snRNA	0	0	0	0.0000	0.0000	0.0000
ENSG00000252975.1	Y_RNA	misc_RNA	0	0	0	0.0000	0.0000	0.0000
ENSG00000252977.1	RNA5SP70	rRNA_pseudogene	0	0	0	0.0000	0.0000	0.0000
ENSG00000252978.1	RN7SKP183	misc_RNA	0	0	0	0.0000	0.0000	0.0000
ENSG00000252979.1	RNU6-165P	snRNA	0	0	0	0.0000	0.0000	0.0000
ENSG00000252980.1	RNU6-367P	snRNA	0	0	0	0.0000	0.0000	0.0000
ENSG00000252982.1	RN7SKP234	misc_RNA	1	1	0	0.3791	0.1110	0.1069
ENSG00000252983.1	RNU7-35P	snRNA	0	0	0	0.0000	0.0000	0.0000
ENSG00000252984.1	RNU6-844P	snRNA	0	0	0	0.0000	0.0000	0.0000
ENSG00000252985.1	SNORD116	snoRNA	0	0	0	0.0000	0.0000	0.0000
ENSG00000252987.1	RNA5SP66	rRNA_pseudogene	0	0	0	0.0000	0.0000	0.0000
ENSG00000252988.1	RNU6-111P	snRNA	0	0	0	0.0000	0.0000	0.0000
ENSG00000252989.1	AC069223.1	snoRNA	0	0	0	0.0000	0.0000	0.0000
ENSG00000252990.1	RNU1-54P	snRNA	0	0	0	0.0000	0.0000	0.0000
ENSG00000252991.1	RNU6-1073P	snRNA	0	0	0	0.0000	0.0000	0.0000
ENSG00000252992.1	AP000892.2	scaRNA	0	0	0	0.0000	0.0000	0.0000
ENSG00000252993.1	AL365398.1	snoRNA	0	0	0	0.0000	0.0000	0.0000
ENSG00000252994.1	RNU6-1231P	snRNA	0	0	0	0.0000	0.0000	0.0000
ENSG00000252995.1	RNU6-667P	snRNA	0	0	0	0.0000	0.0000	0.0000
ENSG00000252996.1	RNU6-1315P	snRNA	0	0	0	0.0000	0.0000	0.0000
ENSG00000252998.1	RNU6-889P	snRNA	0	0	0	0.0000	0.0000	0.0000
ENSG00000252999.1	RNA5SP380	rRNA_pseudogene	0	0	0	0.0000	0.0000	0.0000
ENSG00000253000.1	RNU1-45P	snRNA	0	0	0	0.0000	0.0000	0.0000
ENSG00000253001.1	RN7SKP105	misc_RNA	0	0	0	0.0000	0.0000	0.0000
ENSG00000253003.1	RNU6-1261P	snRNA	0	0	0	0.0000	0.0000	0.0000
ENSG00000253005.1	RNU6-176P	snRNA	0	0	0	0.0000	0.0000	0.0000
ENSG00000253006.1	RN7SKP283	misc_RNA	0	0	0	0.0000	0.0000	0.0000
ENSG00000253007.2	SNORA50B	snoRNA	0	0	0	0.0000	0.0000	0.0000
ENSG00000253008.2	MIR2355	miRNA	0	0	0	0.0000	0.0000	0.0000
ENSG00000253010.1	RN7SKP256	misc_RNA	0	0	0	0.0000	0.0000	0.0000
ENSG00000253013.1	AC104070.1	snoRNA	0	0	0	0.0000	0.0000	0.0000
ENSG00000253015.1	RN7SKP64	misc_RNA	0	0	0	0.0000	0.0000	0.0000
ENSG00000253016.1	Y_RNA	misc_RNA	0	0	0	0.0000	0.0000	0.0000
ENSG00000253019.1	RN7SKP35	misc_RNA	0	0	0	0.0000	0.0000	0.0000
ENSG00000253020.2	RN7SKP40	misc_RNA	0	0	0	0.0000	0.0000	0.0000
ENSG00000253021.1	RNU6-902P	snRNA	0	0	0	0.0000	0.0000	0.0000
ENSG00000253022.1	RNU6-731P	snRNA	0	0	0	0.0000	0.0000	0.0000
ENSG00000253023.1	RNU7-156P	snRNA	0	0	0	0.0000	0.0000	0.0000
ENSG00000253024.1	RNU6-1238P	snRNA	1	1	0	0.8326	0.2439	0.2348
ENSG00000253025.1	RNU2-12P	snRNA	0	0	0	0.0000	0.0000	0.0000
ENSG00000253026.1	RNU6-464P	snRNA	0	0	0	0.0000	0.0000	0.0000
ENSG00000253027.1	SNORA70	snoRNA	0	0	0	0.0000	0.0000	0.0000
ENSG00000253028.1	AC006320.1	snoRNA	0	0	0	0.0000	0.0000	0.0000
ENSG00000253030.1	MIR2116	miRNA	1	1	0	1.0615	0.3109	0.2994
ENSG00000253031.1	RNA5SP291	rRNA_pseudogene	0	0	0	0.0000	0.0000	0.0000
ENSG00000253032.1	RNU6-299P	snRNA	0	0	0	0.0000	0.0000	0.0000
ENSG00000253035.1	RNU4ATAC5P	snRNA	0	0	0	0.0000	0.0000	0.0000
ENSG00000253038.1	RNU6-706P	snRNA	0	0	0	0.0000	0.0000	0.0000
ENSG00000253039.1	RNA5SP47	rRNA_pseudogene	0	0	0	0.0000	0.0000	0.0000
ENSG00000253040.1	RNA5SP454	rRNA_pseudogene	0	0	0	0.0000	0.0000	0.0000
ENSG00000253041.1	AL359893.2	snoRNA	0	0	0	0.0000	0.0000	0.0000
ENSG00000253042.1	SNORA70	snoRNA	0	0	0	0.0000	0.0000	0.0000
ENSG00000253043.1	RNU7-181P	snRNA	0	0	0	0.0000	0.0000	0.0000
ENSG00000253047.1	AL356356.1	snoRNA	1	0	1	0.7018	0.2056	0.1980
ENSG00000253048.1	RNU4-60P	snRNA	0	0	0	0.0000	0.0000	0.0000
ENSG00000253049.1	AC024060.1	snoRNA	0	0	0	0.0000	0.0000	0.0000
ENSG00000253051.1	SNORA31B	snoRNA	0	0	0	0.0000	0.0000	0.0000
ENSG00000253053.1	RN7SKP289	misc_RNA	0	0	0	0.0000	0.0000	0.0000
ENSG00000253054.1	RNU7-77P	snRNA	0	0	0	0.0000	0.0000	0.0000
ENSG00000253055.1	RNA5SP415	rRNA_pseudogene	0	0	0	0.0000	0.0000	0.0000
ENSG00000253056.1	RNU7-128P	snRNA	0	0	0	0.0000	0.0000	0.0000
ENSG00000253057.1	RN7SKP57	misc_RNA	0	0	0	0.0000	0.0000	0.0000
ENSG00000253058.1	RNA5SP437	rRNA_pseudogene	0	0	0	0.0000	0.0000	0.0000
ENSG00000253059.1	AL137818.1	snoRNA	0	0	0	0.0000	0.0000	0.0000
ENSG00000253060.1	AL135931.1	scaRNA	0	0	0	0.0000	0.0000	0.0000
ENSG00000253063.1	RNU6-494P	snRNA	0	0	0	0.0000	0.0000	0.0000
ENSG00000253064.1	RNU6-711P	snRNA	0	0	0	0.0000	0.0000	0.0000
ENSG00000253065.1	AC008705.1	snoRNA	0	0	0	0.0000	0.0000	0.0000
ENSG00000253066.1	RNU6-709P	snRNA	0	0	0	0.0000	0.0000	0.0000
ENSG00000253067.1	AC034216.1	snoRNA	0	0	0	0.0000	0.0000	0.0000
ENSG00000253070.1	RNU6-794P	snRNA	0	0	0	0.0000	0.0000	0.0000
ENSG00000253072.1	AC104361.1	snoRNA	0	0	0	0.0000	0.0000	0.0000
ENSG00000253073.1	RN7SKP295	misc_RNA	0	0	0	0.0000	0.0000	0.0000
ENSG00000253074.1	RNU6-586P	snRNA	0	0	0	0.0000	0.0000	0.0000
ENSG00000253075.1	RN7SKP92	misc_RNA	0	0	0	0.0000	0.0000	0.0000
ENSG00000253077.1	RNA5SP169	rRNA_pseudogene	0	0	0	0.0000	0.0000	0.0000
ENSG00000253078.1	RNU6-1116P	snRNA	0	0	0	0.0000	0.0000	0.0000
ENSG00000253079.1	NRON	misc_RNA	0	0	0	0.0000	0.0000	0.0000
ENSG00000253080.1	RNA5SP373	rRNA_pseudogene	0	0	0	0.0000	0.0000	0.0000
ENSG00000253081.1	RNU4ATAC17P	snRNA	0	0	0	0.0000	0.0000	0.0000
ENSG00000253083.1	RNA5SP106	rRNA_pseudogene	0	0	0	0.0000	0.0000	0.0000
ENSG00000253084.3	RNU6-840P	snRNA	0	3	3	0.0000	0.0000	0.0000
ENSG00000253085.1	AL359771.2	scaRNA	0	0	0	0.0000	0.0000	0.0000
ENSG00000253086.1	RNU6-537P	snRNA	0	0	0	0.0000	0.0000	0.0000
ENSG00000253087.1	RNU6-1174P	snRNA	0	0	0	0.0000	0.0000	0.0000
ENSG00000253088.1	Y_RNA	misc_RNA	0	0	0	0.0000	0.0000	0.0000
ENSG00000253089.1	RNU1-104P	snRNA	0	0	0	0.0000	0.0000	0.0000
ENSG00000253090.2	SNORA73	snoRNA	0	0	0	0.0000	0.0000	0.0000
ENSG00000253092.1	AC092960.2	snoRNA	4	1	3	1.7156	0.5025	0.4839
ENSG00000253093.1	RNA5SP179	rRNA_pseudogene	0	0	0	0.0000	0.0000	0.0000
ENSG00000253094.1	SNORD36	snoRNA	0	0	0	0.0000	0.0000	0.0000
ENSG00000253096.1	Y_RNA	misc_RNA	0	3	2	0.0000	0.0000	0.0000
ENSG00000253097.1	RNU2-19P	snRNA	0	0	0	0.0000	0.0000	0.0000
ENSG00000253098.1	RNU7-161P	snRNA	0	0	0	0.0000	0.0000	0.0000
ENSG00000253099.1	RNU2-60P	snRNA	0	0	0	0.0000	0.0000	0.0000
ENSG00000253100.2	AC009623.1	lncRNA	0	0	0	0.0000	0.0000	0.0000
ENSG00000253102.1	AC004707.1	lncRNA	9	641	649	1.0689	0.3131	0.3015
ENSG00000253103.2	LINC01609	lncRNA	0	0	0	0.0000	0.0000	0.0000
ENSG00000253104.1	AC139497.1	lncRNA	0	0	0	0.0000	0.0000	0.0000
ENSG00000253105.6	AP003548.1	lncRNA	2	0	2	0.0805	0.0236	0.0227
ENSG00000253106.1	AC090198.1	lncRNA	122	109	91	4.3993	1.2886	1.2408
ENSG00000253107.1	AC090819.1	processed_pseudogene	0	0	0	0.0000	0.0000	0.0000
ENSG00000253108.1	AC090993.1	lncRNA	0	0	0	0.0000	0.0000	0.0000
ENSG00000253109.1	RPL12P22	processed_pseudogene	0	0	0	0.0000	0.0000	0.0000
ENSG00000253110.1	AC011410.1	lncRNA	0	0	1	0.0000	0.0000	0.0000
ENSG00000253111.2	AC091114.1	lncRNA	0	0	0	0.0000	0.0000	0.0000
ENSG00000253112.1	AC102945.1	lncRNA	1	1	0	0.2086	0.0611	0.0589
ENSG00000253114.2	AC090151.1	processed_pseudogene	0	0	0	0.0000	0.0000	0.0000
ENSG00000253115.1	AC087672.1	lncRNA	0	0	0	0.0000	0.0000	0.0000
ENSG00000253116.1	AC027698.1	lncRNA	5	3	2	0.6794	0.1990	0.1916
ENSG00000253117.5	OC90	protein_coding	0	0	0	0.0000	0.0000	0.0000
ENSG00000253118.1	AC022695.1	processed_pseudogene	0	0	0	0.0000	0.0000	0.0000
ENSG00000253119.1	HNRNPA3P7	processed_pseudogene	1	0	1	0.0865	0.0253	0.0244
ENSG00000253120.1	IGLV2-34	IG_V_pseudogene	12	6	6	3.6009	1.0548	1.0156
ENSG00000253121.1	AC120042.2	lncRNA	1	0	1	0.1273	0.0373	0.0359
ENSG00000253122.1	AC025366.1	lncRNA	0	0	0	0.0000	0.0000	0.0000
ENSG00000253123.4	AC091182.1	lncRNA	6	3	3	0.1058	0.0310	0.0298
ENSG00000253124.1	TRAPPC2P2	processed_pseudogene	0	0	0	0.0000	0.0000	0.0000
ENSG00000253125.1	AC055854.1	lncRNA	2	79	99	0.0775	0.0227	0.0219
ENSG00000253126.1	IGLVI-56	IG_V_pseudogene	0	0	0	0.0000	0.0000	0.0000
ENSG00000253127.1	IGKV2D-36	IG_V_pseudogene	0	0	0	0.0000	0.0000	0.0000
ENSG00000253130.2	AC114550.1	lncRNA	0	0	0	0.0000	0.0000	0.0000
ENSG00000253131.1	IGHV7-56	IG_V_pseudogene	3	0	3	0.7258	0.2126	0.2047
ENSG00000253132.1	IGHV3-62	IG_V_pseudogene	12	6	6	2.9972	0.8779	0.8454
ENSG00000253133.2	AC009630.1	lncRNA	1	1033	980	0.0211	0.0062	0.0059
ENSG00000253134.1	AC025437.1	lncRNA	0	0	0	0.0000	0.0000	0.0000
ENSG00000253135.1	AC103724.2	processed_pseudogene	0	0	0	0.0000	0.0000	0.0000
ENSG00000253137.1	PSMC2P2	processed_pseudogene	0	0	0	0.0000	0.0000	0.0000
ENSG00000253138.5	LINC00967	lncRNA	0	0	0	0.0000	0.0000	0.0000
ENSG00000253139.1	AC013644.1	lncRNA	0	0	0	0.0000	0.0000	0.0000
ENSG00000253140.2	AC026904.1	lncRNA	0	0	0	0.0000	0.0000	0.0000
ENSG00000253141.2	AC008632.1	lncRNA	0	0	0	0.0000	0.0000	0.0000
ENSG00000253142.1	AC037441.2	lncRNA	0	0	0	0.0000	0.0000	0.0000
ENSG00000253143.3	AC022730.3	lncRNA	0	0	0	0.0000	0.0000	0.0000
ENSG00000253144.1	AC104117.2	processed_pseudogene	0	15	13	0.0000	0.0000	0.0000
ENSG00000253146.1	CIR1P1	processed_pseudogene	1	0	1	0.0750	0.0220	0.0211
ENSG00000253147.5	AC015468.1	lncRNA	0	0	0	0.0000	0.0000	0.0000
ENSG00000253148.1	RGS21	protein_coding	0	0	0	0.0000	0.0000	0.0000
ENSG00000253149.3	IGHVII-28-1	IG_V_pseudogene	0	0	0	0.0000	0.0000	0.0000
ENSG00000253152.1	IGLV3-17	IG_V_pseudogene	0	0	0	0.0000	0.0000	0.0000
ENSG00000253153.1	AP001207.1	processed_pseudogene	0	0	0	0.0000	0.0000	0.0000
ENSG00000253154.2	AC100801.1	lncRNA	0	0	0	0.0000	0.0000	0.0000
ENSG00000253155.1	AC008676.2	processed_pseudogene	0	0	0	0.0000	0.0000	0.0000
ENSG00000253156.1	H2AZP7	processed_pseudogene	0	0	0	0.0000	0.0000	0.0000
ENSG00000253158.1	IGKV3-31	IG_V_pseudogene	0	0	0	0.0000	0.0000	0.0000
ENSG00000253159.3	PCDHGA12	protein_coding	3367	1716	1651	58.4360	17.1168	16.4822
ENSG00000253160.1	AC105185.1	processed_pseudogene	0	0	0	0.0000	0.0000	0.0000
ENSG00000253161.5	LINC01605	lncRNA	7	3	4	0.3906	0.1144	0.1102
ENSG00000253162.1	AC026991.1	lncRNA	0	0	0	0.0000	0.0000	0.0000
ENSG00000253163.1	AC109479.1	lncRNA	0	0	0	0.0000	0.0000	0.0000
ENSG00000253164.5	AC023403.1	lncRNA	2	0	2	0.1728	0.0506	0.0487
ENSG00000253165.1	AC090821.2	lncRNA	0	0	0	0.0000	0.0000	0.0000
ENSG00000253166.2	AC131281.1	unprocessed_pseudogene	0	0	0	0.0000	0.0000	0.0000
ENSG00000253167.1	WASHC5-AS1	lncRNA	5	515	481	0.7233	0.2119	0.2040
ENSG00000253168.1	AC124069.1	lncRNA	0	0	0	0.0000	0.0000	0.0000
ENSG00000253169.2	IGHVII-65-1	IG_V_pseudogene	0	0	0	0.0000	0.0000	0.0000
ENSG00000253170.1	AC108515.1	lncRNA	0	0	0	0.0000	0.0000	0.0000
ENSG00000253171.1	AC037450.1	lncRNA	25	14	13	3.2813	0.9611	0.9255
ENSG00000253172.1	AC008378.1	lncRNA	0	9	6	0.0000	0.0000	0.0000
ENSG00000253173.3	H2AZP2	processed_pseudogene	4	2	2	0.8892	0.2605	0.2508
ENSG00000253174.2	AC009630.2	lncRNA	0	112	126	0.0000	0.0000	0.0000
ENSG00000253175.1	AC023632.1	processed_pseudogene	0	0	0	0.0000	0.0000	0.0000
ENSG00000253176.3	AC104997.1	processed_pseudogene	0	0	0	0.0000	0.0000	0.0000
ENSG00000253177.2	AC104211.1	lncRNA	1	0	1	0.0304	0.0089	0.0086
ENSG00000253178.1	AC022559.1	unprocessed_pseudogene	0	0	0	0.0000	0.0000	0.0000
ENSG00000253179.1	CALCP	unprocessed_pseudogene	0	0	0	0.0000	0.0000	0.0000
ENSG00000253180.1	AC104986.1	processed_pseudogene	4	2	2	0.7791	0.2282	0.2197
ENSG00000253181.2	AC138356.3	lncRNA	0	0	0	0.0000	0.0000	0.0000
ENSG00000253182.1	AC084026.1	lncRNA	0	0	0	0.0000	0.0000	0.0000
ENSG00000253183.1	AC005531.1	processed_pseudogene	3	2	1	0.1873	0.0549	0.0528
ENSG00000253184.1	AC011586.1	lncRNA	0	0	0	0.0000	0.0000	0.0000
ENSG00000253186.2	AC022616.2	unprocessed_pseudogene	0	0	0	0.0000	0.0000	0.0000
ENSG00000253187.2	HOXA10-AS	lncRNA	2	173	194	0.1027	0.0301	0.0290
ENSG00000253188.1	TRBV6-7	TR_V_gene	0	0	0	0.0000	0.0000	0.0000
ENSG00000253189.1	AC079054.1	lncRNA	0	0	0	0.0000	0.0000	0.0000
ENSG00000253190.4	AC084082.1	lncRNA	1	0	1	0.0301	0.0088	0.0085
ENSG00000253191.1	IGKV1D-32	IG_V_pseudogene	2	0	2	0.5341	0.1564	0.1506
ENSG00000253194.2	AL137009.1	lncRNA	1	34	21	0.0469	0.0137	0.0132
ENSG00000253195.2	AC134698.2	unprocessed_pseudogene	0	0	0	0.0000	0.0000	0.0000
ENSG00000253196.1	AC083841.1	lncRNA	0	0	0	0.0000	0.0000	0.0000
ENSG00000253197.5	AC117834.1	lncRNA	4	12	16	0.3587	0.1051	0.1012
ENSG00000253198.1	AC139365.1	processed_pseudogene	0	0	0	0.0000	0.0000	0.0000
ENSG00000253199.2	LINC02153	lncRNA	0	0	0	0.0000	0.0000	0.0000
ENSG00000253200.1	AC037459.2	lncRNA	75	1330	1336	2.3160	0.6784	0.6532
ENSG00000253202.1	IGKV3-25	IG_V_pseudogene	0	0	1	0.0000	0.0000	0.0000
ENSG00000253203.6	GUSBP3	transcribed_unprocessed_pseudogene	0	0	0	0.0000	0.0000	0.0000
ENSG00000253204.1	AC090281.1	processed_pseudogene	1	1	0	0.3077	0.0901	0.0868
ENSG00000253205.6	AC011124.1	lncRNA	0	0	0	0.0000	0.0000	0.0000
ENSG00000253206.1	AC090155.1	lncRNA	0	0	0	0.0000	0.0000	0.0000
ENSG00000253207.3	AC103993.1	lncRNA	0	0	0	0.0000	0.0000	0.0000
ENSG00000253208.1	PSME2P5	processed_pseudogene	0	0	0	0.0000	0.0000	0.0000
ENSG00000253209.1	IGHV3-65	IG_V_pseudogene	0	0	0	0.0000	0.0000	0.0000
ENSG00000253210.2	AC040970.1	lncRNA	290	136	154	9.3178	2.7293	2.6281
ENSG00000253213.1	USP12P1	processed_pseudogene	2	0	2	0.1521	0.0445	0.0429
ENSG00000253214.2	AC079209.1	lncRNA	9	3	6	0.2766	0.0810	0.0780
ENSG00000253215.1	AC087273.1	lncRNA	0	0	0	0.0000	0.0000	0.0000
ENSG00000253216.1	AC022790.1	processed_pseudogene	0	0	0	0.0000	0.0000	0.0000
ENSG00000253217.1	AP001574.1	lncRNA	0	0	0	0.0000	0.0000	0.0000
ENSG00000253218.1	KLF3P1	processed_pseudogene	1	0	1	0.0831	0.0243	0.0234
ENSG00000253219.1	KRT18P41	processed_pseudogene	0	0	0	0.0000	0.0000	0.0000
ENSG00000253220.2	AC084116.1	lncRNA	0	0	0	0.0000	0.0000	0.0000
ENSG00000253223.1	AC110998.1	processed_pseudogene	6	4	2	0.2482	0.0727	0.0700
ENSG00000253224.1	PGAM5P1	processed_pseudogene	0	0	0	0.0000	0.0000	0.0000
ENSG00000253225.1	AC103833.1	processed_pseudogene	0	0	0	0.0000	0.0000	0.0000
ENSG00000253226.1	HAUS1P3	processed_pseudogene	0	0	0	0.0000	0.0000	0.0000
ENSG00000253227.2	AC090192.2	lncRNA	122	64	58	4.2047	1.2316	1.1860
ENSG00000253228.1	NRBF2P4	processed_pseudogene	0	0	0	0.0000	0.0000	0.0000
ENSG00000253229.1	HIGD1AP6	processed_pseudogene	0	0	0	0.0000	0.0000	0.0000
ENSG00000253230.9	MIR124-1HG	lncRNA	0	0	0	0.0000	0.0000	0.0000
ENSG00000253231.1	COX6CP8	processed_pseudogene	0	0	0	0.0000	0.0000	0.0000
ENSG00000253232.1	AC091144.1	processed_pseudogene	0	0	0	0.0000	0.0000	0.0000
ENSG00000253233.1	AP005902.1	processed_pseudogene	0	0	0	0.0000	0.0000	0.0000
ENSG00000253234.1	IGLV2-5	IG_V_pseudogene	42	18	24	12.8760	3.7716	3.6318
ENSG00000253235.2	AC111149.1	lncRNA	0	0	0	0.0000	0.0000	0.0000
ENSG00000253236.2	LINC02143	lncRNA	0	0	0	0.0000	0.0000	0.0000
ENSG00000253237.2	AC034114.1	processed_pseudogene	0	0	0	0.0000	0.0000	0.0000
ENSG00000253238.3	AC034114.2	lncRNA	3	0	3	0.0597	0.0175	0.0168
ENSG00000253239.1	IGLVI-70	IG_V_pseudogene	0	0	0	0.0000	0.0000	0.0000
ENSG00000253240.1	IGHV3-36	IG_V_pseudogene	1	0	1	0.2118	0.0620	0.0597
ENSG00000253241.1	IGHV3-50	IG_V_pseudogene	0	0	0	0.0000	0.0000	0.0000
ENSG00000253242.1	IGLVIV-64	IG_V_pseudogene	0	0	0	0.0000	0.0000	0.0000
ENSG00000253244.1	AC113423.1	lncRNA	0	0	0	0.0000	0.0000	0.0000
ENSG00000253245.2	MTND1P36	processed_pseudogene	0	0	0	0.0000	0.0000	0.0000
ENSG00000253247.1	IGHV3-76	IG_V_pseudogene	2	1	1	0.5757	0.1686	0.1624
ENSG00000253250.3	C8orf88	protein_coding	135	205	177	11.0127	3.2258	3.1062
ENSG00000253251.3	SHLD3	protein_coding	53	30	23	2.5881	0.7581	0.7300
ENSG00000253252.2	AC022784.2	lncRNA	0	0	0	0.0000	0.0000	0.0000
ENSG00000253256.1	AC134043.2	lncRNA	0	0	0	0.0000	0.0000	0.0000
ENSG00000253257.1	MTND4P7	processed_pseudogene	0	0	0	0.0000	0.0000	0.0000
ENSG00000253258.1	AC068228.1	lncRNA	0	0	1	0.0000	0.0000	0.0000
ENSG00000253259.1	AC103726.1	lncRNA	0	0	0	0.0000	0.0000	0.0000
ENSG00000253260.2	AC087664.1	lncRNA	0	0	0	0.0000	0.0000	0.0000
ENSG00000253261.1	AC008410.1	processed_pseudogene	0	0	0	0.0000	0.0000	0.0000
ENSG00000253262.1	AC019176.1	processed_pseudogene	0	0	0	0.0000	0.0000	0.0000
ENSG00000253263.1	AP003354.1	lncRNA	3	1	2	0.4780	0.1400	0.1348
ENSG00000253265.1	IGKV2-14	IG_V_pseudogene	0	0	0	0.0000	0.0000	0.0000
ENSG00000253266.1	AC100860.1	lncRNA	0	0	0	0.0000	0.0000	0.0000
ENSG00000253267.5	DLGAP2-AS1	lncRNA	0	0	0	0.0000	0.0000	0.0000
ENSG00000253269.1	AC008680.1	lncRNA	0	0	0	0.0000	0.0000	0.0000
ENSG00000253270.1	AC090541.1	lncRNA	0	0	0	0.0000	0.0000	0.0000
ENSG00000253271.2	AC027419.1	processed_pseudogene	0	0	0	0.0000	0.0000	0.0000
ENSG00000253273.2	AC022826.1	unprocessed_pseudogene	0	0	0	0.0000	0.0000	0.0000
ENSG00000253274.1	IGHV1-67	IG_V_pseudogene	37	15	22	8.8013	2.5780	2.4825
ENSG00000253275.1	AC068672.1	lncRNA	0	0	0	0.0000	0.0000	0.0000
ENSG00000253276.4	CCDC71L	protein_coding	3610	1821	1789	45.0894	13.2074	12.7177
ENSG00000253278.1	IGKV2-10	IG_V_pseudogene	0	0	0	0.0000	0.0000	0.0000
ENSG00000253279.6	LINC02209	lncRNA	0	0	1	0.0000	0.0000	0.0000
ENSG00000253280.1	AC068880.2	lncRNA	0	0	0	0.0000	0.0000	0.0000
ENSG00000253281.7	AC092819.1	lncRNA	0	0	0	0.0000	0.0000	0.0000
ENSG00000253282.1	AP001330.1	lncRNA	1	0	1	0.1162	0.0340	0.0328
ENSG00000253283.1	AC091175.1	processed_pseudogene	1	1	0	0.1485	0.0435	0.0419
ENSG00000253284.2	AC092828.1	lncRNA	2	1	1	0.0315	0.0092	0.0089
ENSG00000253286.6	AC135166.1	lncRNA	843	400	443	38.7590	11.3531	10.9322
ENSG00000253287.1	AC104012.1	lncRNA	0	0	0	0.0000	0.0000	0.0000
ENSG00000253288.2	AC046195.1	lncRNA	1	0	1	0.0155	0.0045	0.0044
ENSG00000253290.1	AC069113.1	unprocessed_pseudogene	0	0	0	0.0000	0.0000	0.0000
ENSG00000253291.1	TRBV7-7	TR_V_gene	0	0	0	0.0000	0.0000	0.0000
ENSG00000253292.1	MIOXP1	processed_pseudogene	0	0	0	0.0000	0.0000	0.0000
ENSG00000253293.5	HOXA10	protein_coding	224	314	274	5.1135	1.4978	1.4423
ENSG00000253294.1	IGHVII-40-1	IG_V_pseudogene	0	0	0	0.0000	0.0000	0.0000
ENSG00000253295.2	AC022217.2	lncRNA	1	0	1	0.1013	0.0297	0.0286
ENSG00000253297.1	AC008627.1	lncRNA	0	0	0	0.0000	0.0000	0.0000
ENSG00000253298.2	LINC01845	lncRNA	0	0	0	0.0000	0.0000	0.0000
ENSG00000253299.1	AC025647.1	processed_pseudogene	0	0	0	0.0000	0.0000	0.0000
ENSG00000253300.2	AC018541.1	lncRNA	0	0	0	0.0000	0.0000	0.0000
ENSG00000253301.6	LINC01606	lncRNA	0	0	0	0.0000	0.0000	0.0000
ENSG00000253302.1	STAU2-AS1	lncRNA	2	2	1	0.0745	0.0218	0.0210
ENSG00000253303.1	IGHVIII-82	IG_V_pseudogene	0	0	0	0.0000	0.0000	0.0000
ENSG00000253304.2	TMEM200B	protein_coding	68	192	222	2.2159	0.6491	0.6250
ENSG00000253305.2	PCDHGB6	protein_coding	29	20	9	0.3631	0.1064	0.1024
ENSG00000253307.1	AC011676.1	lncRNA	5	4	1	1.0695	0.3133	0.3017
ENSG00000253308.2	AC004080.1	lncRNA	0	0	0	0.0000	0.0000	0.0000
ENSG00000253309.6	SERPINE3	protein_coding	5	59	54	0.1628	0.0477	0.0459
ENSG00000253310.1	IGHVIII-76-1	IG_V_pseudogene	0	0	0	0.0000	0.0000	0.0000
ENSG00000253311.3	LINC01847	lncRNA	0	0	0	0.0000	0.0000	0.0000
ENSG00000253312.1	AC022616.3	processed_pseudogene	0	0	0	0.0000	0.0000	0.0000
ENSG00000253313.6	C1orf210	protein_coding	2	1	1	0.1116	0.0327	0.0315
ENSG00000253314.7	LINC00293	lncRNA	1	0	1	0.0100	0.0029	0.0028
ENSG00000253315.1	LINC01932	lncRNA	0	0	0	0.0000	0.0000	0.0000
ENSG00000253317.1	AC078906.1	lncRNA	7	5	2	0.7449	0.2182	0.2101
ENSG00000253318.1	TMCC1P1	processed_pseudogene	0	0	0	0.0000	0.0000	0.0000
ENSG00000253319.1	AC134698.3	processed_pseudogene	0	0	0	0.0000	0.0000	0.0000
ENSG00000253320.7	MAILR	lncRNA	91	49	45	1.0394	0.3044	0.2932
ENSG00000253321.1	AC099554.1	lncRNA	0	0	0	0.0000	0.0000	0.0000
ENSG00000253322.1	AC104051.1	lncRNA	0	0	0	0.0000	0.0000	0.0000
ENSG00000253325.1	IGHV7-34-1	IG_V_pseudogene	0	0	0	0.0000	0.0000	0.0000
ENSG00000253326.2	AL606534.4	processed_pseudogene	3	0	3	0.2050	0.0600	0.0578
ENSG00000253327.2	RAD21-AS1	lncRNA	20	67	78	0.8450	0.2475	0.2383
ENSG00000253328.2	SUMO2P19	unprocessed_pseudogene	1	1	0	0.2879	0.0843	0.0812
ENSG00000253329.1	IGLV3-30	IG_V_pseudogene	0	0	0	0.0000	0.0000	0.0000
ENSG00000253330.1	AC024451.2	processed_pseudogene	19	9	10	1.4562	0.4265	0.4107
ENSG00000253331.1	AC008662.1	lncRNA	0	0	0	0.0000	0.0000	0.0000
ENSG00000253332.1	AP005902.2	processed_pseudogene	0	0	0	0.0000	0.0000	0.0000
ENSG00000253333.1	AC146944.1	unprocessed_pseudogene	0	0	0	0.0000	0.0000	0.0000
ENSG00000253334.1	AC132219.1	lncRNA	3	39	36	0.5330	0.1561	0.1503
ENSG00000253335.1	AC009884.1	lncRNA	0	0	0	0.0000	0.0000	0.0000
ENSG00000253336.1	AC018992.1	processed_pseudogene	2	1	1	0.0790	0.0231	0.0223
ENSG00000253338.1	IGLV3-29	IG_V_pseudogene	0	0	0	0.0000	0.0000	0.0000
ENSG00000253339.2	AC111149.2	lncRNA	1	0	1	0.0347	0.0102	0.0098
ENSG00000253340.1	AC087272.1	processed_pseudogene	0	0	0	0.0000	0.0000	0.0000
ENSG00000253341.1	PCBP2P2	processed_pseudogene	207	111	96	17.5610	5.1439	4.9532
ENSG00000253342.1	AC009623.2	lncRNA	0	0	0	0.0000	0.0000	0.0000
ENSG00000253343.1	AC114550.2	lncRNA	0	0	0	0.0000	0.0000	0.0000
ENSG00000253344.1	AC137579.1	lncRNA	0	0	0	0.0000	0.0000	0.0000
ENSG00000253345.1	IGHVII-22-1	IG_V_pseudogene	1	0	1	0.3205	0.0939	0.0904
ENSG00000253346.1	AC109329.1	processed_pseudogene	0	0	0	0.0000	0.0000	0.0000
ENSG00000253347.1	AC040934.1	lncRNA	1	2	0	0.1655	0.0485	0.0467
ENSG00000253348.1	AC008514.1	lncRNA	1	0	1	0.0713	0.0209	0.0201
ENSG00000253349.1	COX6B1P6	processed_pseudogene	0	0	0	0.0000	0.0000	0.0000
ENSG00000253351.2	LINC01298	lncRNA	0	0	0	0.0000	0.0000	0.0000
ENSG00000253352.10	TUG1	protein_coding	3325	2418	2505	27.8160	8.1478	7.8457
ENSG00000253354.2	AC105999.1	lncRNA	0	0	0	0.0000	0.0000	0.0000
ENSG00000253355.1	AP003469.1	lncRNA	4	2	2	0.5643	0.1653	0.1592
ENSG00000253356.1	AC084024.3	lncRNA	0	493	498	0.0000	0.0000	0.0000
ENSG00000253357.1	AC008708.1	lncRNA	0	0	0	0.0000	0.0000	0.0000
ENSG00000253358.1	AC087439.1	lncRNA	0	299	339	0.0000	0.0000	0.0000
ENSG00000253359.1	IGHV3-37	IG_V_pseudogene	1	1	0	0.2498	0.0732	0.0704
ENSG00000253361.3	AC069120.1	lncRNA	2	3	1	0.0366	0.0107	0.0103
ENSG00000253362.1	AC012400.1	unprocessed_pseudogene	0	0	0	0.0000	0.0000	0.0000
ENSG00000253363.7	AC090809.1	lncRNA	9	2	7	0.2018	0.0591	0.0569
ENSG00000253364.2	COPDA1	lncRNA	6	2	4	0.9298	0.2723	0.2623
ENSG00000253365.1	IGKV1D-22	IG_V_pseudogene	0	0	0	0.0000	0.0000	0.0000
ENSG00000253366.3	GUSBP16	unprocessed_pseudogene	2	1	2	0.2654	0.0777	0.0749
ENSG00000253367.1	IGHVIII-25-1	IG_V_pseudogene	0	0	0	0.0000	0.0000	0.0000
ENSG00000253368.4	TRNP1	protein_coding	2062	1023	1040	88.4820	25.9178	24.9569
ENSG00000253369.2	AC022034.3	lncRNA	0	0	0	0.0000	0.0000	0.0000
ENSG00000253370.2	AC027308.1	unprocessed_pseudogene	0	0	0	0.0000	0.0000	0.0000
ENSG00000253372.5	AC016405.1	lncRNA	0	0	0	0.0000	0.0000	0.0000
ENSG00000253373.1	AC021785.1	lncRNA	0	0	0	0.0000	0.0000	0.0000
ENSG00000253374.5	AC023644.1	lncRNA	5	3	3	0.4575	0.1340	0.1291
ENSG00000253376.2	AC012103.1	lncRNA	344	182	162	17.2754	5.0602	4.8726
ENSG00000253377.2	AC068672.2	lncRNA	0	0	0	0.0000	0.0000	0.0000
ENSG00000253380.1	AC090155.2	lncRNA	0	0	0	0.0000	0.0000	0.0000
ENSG00000253381.1	AC087518.1	lncRNA	0	0	0	0.0000	0.0000	0.0000
ENSG00000253382.3	POU5F1P2	processed_pseudogene	0	0	1	0.0000	0.0000	0.0000
ENSG00000253383.1	AC100784.1	processed_pseudogene	0	0	0	0.0000	0.0000	0.0000
ENSG00000253384.1	AC124242.2	processed_pseudogene	5	3	2	0.3794	0.1111	0.1070
ENSG00000253385.1	AP003696.1	lncRNA	0	0	0	0.0000	0.0000	0.0000
ENSG00000253386.1	IGHVII-49-1	IG_V_pseudogene	0	0	0	0.0000	0.0000	0.0000
ENSG00000253387.1	IGHVIII-5-1	IG_V_pseudogene	0	0	0	0.0000	0.0000	0.0000
ENSG00000253388.1	AC124067.1	lncRNA	0	0	0	0.0000	0.0000	0.0000
ENSG00000253389.2	AC113133.1	lncRNA	0	0	0	0.0000	0.0000	0.0000
ENSG00000253390.1	AC104561.1	lncRNA	32	17	15	4.3134	1.2635	1.2166
ENSG00000253391.1	AC100870.1	processed_pseudogene	0	0	0	0.0000	0.0000	0.0000
ENSG00000253392.3	AC119403.1	lncRNA	5	63	73	0.1537	0.0450	0.0434
ENSG00000253393.1	RANP9	processed_pseudogene	0	0	0	0.0000	0.0000	0.0000
ENSG00000253394.6	LINC00534	lncRNA	20	9	11	0.1142	0.0335	0.0322
ENSG00000253395.1	AP003469.2	lncRNA	57	21	36	11.2569	3.2973	3.1751
ENSG00000253396.1	AC016868.1	lncRNA	0	0	0	0.0000	0.0000	0.0000
ENSG00000253397.1	AC069113.2	lncRNA	0	1	0	0.0000	0.0000	0.0000
ENSG00000253398.1	AC021733.2	lncRNA	2	1	1	0.5226	0.1531	0.1474
ENSG00000253399.1	AC078852.1	lncRNA	0	0	0	0.0000	0.0000	0.0000
ENSG00000253400.1	AL356133.1	lncRNA	9	3	6	2.0601	0.6034	0.5811
ENSG00000253401.1	VTA1P2	processed_pseudogene	0	0	0	0.0000	0.0000	0.0000
ENSG00000253403.1	AC091944.1	lncRNA	0	0	0	0.0000	0.0000	0.0000
ENSG00000253404.1	AC034243.1	lncRNA	9	8	9	1.3020	0.3814	0.3672
ENSG00000253405.1	EVX1-AS	lncRNA	0	1	0	0.0000	0.0000	0.0000
ENSG00000253406.1	AC012613.2	lncRNA	1	125	147	0.0187	0.0055	0.0053
ENSG00000253407.2	AC087341.1	lncRNA	0	0	0	0.0000	0.0000	0.0000
ENSG00000253408.6	AC083973.1	lncRNA	1	0	1	0.0374	0.0110	0.0106
ENSG00000253409.1	TRBV7-4	TR_V_gene	6	3	3	1.4684	0.4301	0.4142
ENSG00000253410.1	AC068228.2	transcribed_processed_pseudogene	0	0	0	0.0000	0.0000	0.0000
ENSG00000253412.1	IGHVIII-13-1	IG_V_pseudogene	0	0	0	0.0000	0.0000	0.0000
ENSG00000253413.1	AC107934.1	processed_pseudogene	0	0	0	0.0000	0.0000	0.0000
ENSG00000253414.3	AC124067.2	lncRNA	4	1	3	0.4578	0.1341	0.1291
ENSG00000253415.1	AC016877.2	processed_pseudogene	0	0	0	0.0000	0.0000	0.0000
ENSG00000253416.1	AC023200.1	lncRNA	0	0	0	0.0000	0.0000	0.0000
ENSG00000253417.5	LINC02159	lncRNA	1	1	0	0.0366	0.0107	0.0103
ENSG00000253418.1	SNX18P27	processed_pseudogene	1	0	1	0.1090	0.0319	0.0307
ENSG00000253420.1	AC103853.1	lncRNA	0	0	0	0.0000	0.0000	0.0000
ENSG00000253421.1	ZNHIT1P1	processed_pseudogene	1	0	1	0.1913	0.0560	0.0539
ENSG00000253422.1	AC008677.3	processed_pseudogene	0	0	0	0.0000	0.0000	0.0000
ENSG00000253423.1	AC090132.1	processed_pseudogene	0	0	0	0.0000	0.0000	0.0000
ENSG00000253424.1	AC025437.2	lncRNA	0	0	0	0.0000	0.0000	0.0000
ENSG00000253425.2	HSPA8P13	unprocessed_pseudogene	0	0	0	0.0000	0.0000	0.0000
ENSG00000253427.1	AC084116.2	lncRNA	0	0	0	0.0000	0.0000	0.0000
ENSG00000253428.1	LINC01942	lncRNA	1	0	1	0.1655	0.0485	0.0467
ENSG00000253429.1	AP005660.1	processed_pseudogene	0	0	0	0.0000	0.0000	0.0000
ENSG00000253430.1	AC011726.1	lncRNA	0	0	0	0.0000	0.0000	0.0000
ENSG00000253431.1	SRPK2P	processed_pseudogene	0	1	0	0.0000	0.0000	0.0000
ENSG00000253432.1	AC027541.1	lncRNA	0	0	0	0.0000	0.0000	0.0000
ENSG00000253433.1	NCRNA00250	lncRNA	0	0	0	0.0000	0.0000	0.0000
ENSG00000253434.8	LINC02237	lncRNA	13	9	4	0.3294	0.0965	0.0929
ENSG00000253435.1	IGKV2-4	IG_V_pseudogene	0	0	0	0.0000	0.0000	0.0000
ENSG00000253437.1	RNU6-988P	snRNA	0	0	0	0.0000	0.0000	0.0000
ENSG00000253438.4	PCAT1	lncRNA	101	90	64	0.5089	0.1491	0.1435
ENSG00000253439.1	CDC42P5	processed_pseudogene	4	2	2	0.6143	0.1799	0.1733
ENSG00000253440.1	IGHV3-33-2	IG_V_pseudogene	0	0	0	0.0000	0.0000	0.0000
ENSG00000253441.1	IGHV3-25	IG_V_pseudogene	2	2	0	0.4839	0.1417	0.1365
ENSG00000253444.1	AC245519.1	lncRNA	0	0	0	0.0000	0.0000	0.0000
ENSG00000253445.1	AC027309.1	lncRNA	0	50	58	0.0000	0.0000	0.0000
ENSG00000253447.6	AC113423.2	lncRNA	0	0	0	0.0000	0.0000	0.0000
ENSG00000253448.1	IGLV3-6	IG_V_pseudogene	0	0	0	0.0000	0.0000	0.0000
ENSG00000253449.1	AC025437.3	lncRNA	0	0	0	0.0000	0.0000	0.0000
ENSG00000253451.1	IGLV2-28	IG_V_pseudogene	3	2	1	0.8380	0.2455	0.2364
ENSG00000253452.6	AC124290.1	lncRNA	4	2	2	0.0300	0.0088	0.0085
ENSG00000253454.1	NDUFA5P2	processed_pseudogene	0	0	0	0.0000	0.0000	0.0000
ENSG00000253455.1	AC022915.1	lncRNA	0	0	0	0.0000	0.0000	0.0000
ENSG00000253456.1	AC136424.1	lncRNA	0	0	0	0.0000	0.0000	0.0000
ENSG00000253457.3	SMIM18	protein_coding	0	0	0	0.0000	0.0000	0.0000
ENSG00000253458.1	IGHVII-15-1	IG_V_pseudogene	0	0	0	0.0000	0.0000	0.0000
ENSG00000253460.2	IGKV2OR22-3	IG_V_pseudogene	3	2	1	0.7077	0.2073	0.1996
ENSG00000253461.1	IGKV1-35	IG_V_pseudogene	0	0	0	0.0000	0.0000	0.0000
ENSG00000253462.1	IGHVIII-26-1	IG_V_pseudogene	0	0	0	0.0000	0.0000	0.0000
ENSG00000253463.1	HMGB1P19	processed_pseudogene	0	0	0	0.0000	0.0000	0.0000
ENSG00000253465.1	IGHVIV-44-1	IG_V_pseudogene	0	0	0	0.0000	0.0000	0.0000
ENSG00000253467.2	IGHV7-40	IG_V_pseudogene	0	0	0	0.0000	0.0000	0.0000
ENSG00000253468.1	AP003355.1	processed_pseudogene	0	0	0	0.0000	0.0000	0.0000
ENSG00000253469.1	AC091819.1	lncRNA	0	0	0	0.0000	0.0000	0.0000
ENSG00000253470.1	AC016074.1	lncRNA	0	0	0	0.0000	0.0000	0.0000
ENSG00000253471.1	AC012574.1	lncRNA	0	0	0	0.0000	0.0000	0.0000
ENSG00000253472.1	AC034205.1	processed_pseudogene	0	0	0	0.0000	0.0000	0.0000
ENSG00000253474.2	AC044893.1	lncRNA	0	0	0	0.0000	0.0000	0.0000
ENSG00000253475.1	AC103769.1	lncRNA	0	0	0	0.0000	0.0000	0.0000
ENSG00000253476.1	AC091185.1	lncRNA	6	4	2	0.9650	0.2827	0.2722
ENSG00000253477.5	AC012213.1	lncRNA	10	3	7	0.8501	0.2490	0.2398
ENSG00000253479.6	LINC01603	lncRNA	0	0	0	0.0000	0.0000	0.0000
ENSG00000253480.1	AC122713.1	processed_pseudogene	0	0	0	0.0000	0.0000	0.0000
ENSG00000253481.2	IGKV1OR22-1	IG_V_pseudogene	6	5	1	1.4153	0.4146	0.3992
ENSG00000253482.1	IGHVII-26-2	IG_V_pseudogene	0	0	0	0.0000	0.0000	0.0000
ENSG00000253483.1	AC104561.2	processed_pseudogene	15	11	7	2.4543	0.7189	0.6923
ENSG00000253484.1	AC113145.1	lncRNA	0	0	0	0.0000	0.0000	0.0000
ENSG00000253485.2	PCDHGA5	protein_coding	23	8	15	0.3407	0.0998	0.0961
ENSG00000253487.1	IGKV2-36	IG_V_pseudogene	0	1	0	0.0000	0.0000	0.0000
ENSG00000253488.1	SINHCAFP3	processed_pseudogene	0	0	0	0.0000	0.0000	0.0000
ENSG00000253489.1	AC009930.1	lncRNA	0	0	0	0.0000	0.0000	0.0000
ENSG00000253490.5	LINC02099	lncRNA	3674	1823	1861	56.3071	16.4932	15.8818
ENSG00000253491.2	IGHVII-30-1	IG_V_pseudogene	0	0	0	0.0000	0.0000	0.0000
ENSG00000253492.1	CDH12P3	unprocessed_pseudogene	0	0	0	0.0000	0.0000	0.0000
ENSG00000253493.1	AC087808.1	processed_pseudogene	0	0	0	0.0000	0.0000	0.0000
ENSG00000253495.1	CYCSP23	processed_pseudogene	0	0	0	0.0000	0.0000	0.0000
ENSG00000253496.3	AC011586.2	lncRNA	1	0	1	0.0449	0.0131	0.0127
ENSG00000253497.1	IGKV1-13	IG_V_pseudogene	7	4	3	1.7131	0.5018	0.4832
ENSG00000253499.2	AC025881.1	processed_pseudogene	0	0	0	0.0000	0.0000	0.0000
ENSG00000253500.6	AF121898.1	lncRNA	23	14	9	0.6687	0.1959	0.1886
ENSG00000253501.1	IGKV3D-34	IG_V_pseudogene	0	0	0	0.0000	0.0000	0.0000
ENSG00000253502.1	ATP6V1G1P2	processed_pseudogene	0	0	0	0.0000	0.0000	0.0000
ENSG00000253503.6	AC060765.1	lncRNA	0	0	0	0.0000	0.0000	0.0000
ENSG00000253504.1	MTCYBP19	unprocessed_pseudogene	0	0	0	0.0000	0.0000	0.0000
ENSG00000253505.3	AC103957.1	lncRNA	0	0	0	0.0000	0.0000	0.0000
ENSG00000253506.3	NACA2	protein_coding	16	9	7	1.7005	0.4981	0.4796
ENSG00000253507.5	AC104257.1	lncRNA	0	0	0	0.0000	0.0000	0.0000
ENSG00000253508.1	AC004080.2	lncRNA	0	0	0	0.0000	0.0000	0.0000
ENSG00000253509.1	AC104393.1	lncRNA	0	0	0	0.0000	0.0000	0.0000
ENSG00000253510.1	AC004944.1	lncRNA	0	0	0	0.0000	0.0000	0.0000
ENSG00000253512.1	AC008562.1	processed_pseudogene	0	0	0	0.0000	0.0000	0.0000
ENSG00000253513.1	AC009908.1	lncRNA	0	0	0	0.0000	0.0000	0.0000
ENSG00000253515.2	AC016912.1	lncRNA	2	2	0	0.3553	0.1041	0.1002
ENSG00000253516.1	HMGB1P41	processed_pseudogene	5	5	0	0.9650	0.2827	0.2722
ENSG00000253517.1	XRCC6P4	processed_pseudogene	3	2	1	0.1233	0.0361	0.0348
ENSG00000253519.1	AC106801.1	lncRNA	1	0	1	0.0460	0.0135	0.0130
ENSG00000253520.1	AC136628.3	processed_pseudogene	9	1	8	2.6355	0.7720	0.7433
ENSG00000253521.2	HPYR1	lncRNA	0	0	0	0.0000	0.0000	0.0000
ENSG00000253522.6	MIR3142HG	lncRNA	1036	526	510	37.0120	10.8414	10.4395
ENSG00000253523.1	AC104350.1	lncRNA	0	28	24	0.0000	0.0000	0.0000
ENSG00000253524.1	AC124290.2	lncRNA	1	0	1	0.1921	0.0563	0.0542
ENSG00000253525.1	CPP	processed_pseudogene	0	0	0	0.0000	0.0000	0.0000
ENSG00000253526.1	AC090802.1	lncRNA	0	0	0	0.0000	0.0000	0.0000
ENSG00000253527.1	AC008601.1	lncRNA	0	0	0	0.0000	0.0000	0.0000
ENSG00000253528.2	AC087752.2	processed_pseudogene	0	1	0	0.0000	0.0000	0.0000
ENSG00000253530.2	AC084116.3	lncRNA	0	0	0	0.0000	0.0000	0.0000
ENSG00000253532.1	AC107909.1	lncRNA	0	0	0	0.0000	0.0000	0.0000
ENSG00000253534.1	TRBV6-8	TR_V_gene	0	0	0	0.0000	0.0000	0.0000
ENSG00000253535.5	AC120193.1	lncRNA	0	0	0	0.0000	0.0000	0.0000
ENSG00000253536.1	AC138832.1	processed_pseudogene	0	0	0	0.0000	0.0000	0.0000
ENSG00000253537.3	PCDHGA7	protein_coding	30	12	18	0.4684	0.1372	0.1321
ENSG00000253538.1	AC008662.2	lncRNA	0	0	0	0.0000	0.0000	0.0000
ENSG00000253539.1	AC018442.2	lncRNA	0	0	0	0.0000	0.0000	0.0000
ENSG00000253540.5	FAM86HP	transcribed_unprocessed_pseudogene	37	11	26	2.4151	0.7074	0.6812
ENSG00000253541.1	SEPTIN10P1	processed_pseudogene	6	5	1	0.4385	0.1284	0.1237
ENSG00000253542.7	SDR16C6P	transcribed_unitary_pseudogene	1	1	0	0.0782	0.0229	0.0221
ENSG00000253543.1	AC083923.1	processed_pseudogene	0	0	0	0.0000	0.0000	0.0000
ENSG00000253544.1	C1GALT1P3	processed_pseudogene	0	0	0	0.0000	0.0000	0.0000
ENSG00000253545.1	IGHV3-52	IG_V_pseudogene	6	6	0	1.4434	0.4228	0.4071
ENSG00000253546.1	IGLVVI-22-1	IG_V_pseudogene	0	0	0	0.0000	0.0000	0.0000
ENSG00000253547.2	TUBAP7	processed_pseudogene	0	0	0	0.0000	0.0000	0.0000
ENSG00000253548.1	PYDC2	protein_coding	1	0	1	0.2888	0.0846	0.0815
ENSG00000253549.6	CA3-AS1	lncRNA	4	2	4	0.0911	0.0267	0.0257
ENSG00000253550.1	AC016065.2	processed_pseudogene	0	0	0	0.0000	0.0000	0.0000
ENSG00000253551.1	AC021915.1	lncRNA	0	0	0	0.0000	0.0000	0.0000
ENSG00000253552.8	HOXA-AS2	lncRNA	27	48	66	0.4222	0.1237	0.1191
ENSG00000253553.7	AC090578.1	lncRNA	5	71	77	0.0438	0.0128	0.0123
ENSG00000253554.7	LINC01414	lncRNA	0	0	0	0.0000	0.0000	0.0000
ENSG00000253555.1	AC011978.1	unprocessed_pseudogene	0	0	0	0.0000	0.0000	0.0000
ENSG00000253556.1	MTCO1P4	processed_pseudogene	1	1	0	0.0603	0.0177	0.0170
ENSG00000253557.6	AC100849.1	lncRNA	5	2	3	0.2413	0.0707	0.0680
ENSG00000253558.1	AC024568.1	transcribed_processed_pseudogene	1	0	1	0.0376	0.0110	0.0106
ENSG00000253559.1	OSGEPL1-AS1	lncRNA	13	20	21	1.2837	0.3760	0.3621
ENSG00000253560.1	AC013643.1	processed_pseudogene	0	0	0	0.0000	0.0000	0.0000
ENSG00000253561.1	AC133634.1	lncRNA	0	0	0	0.0000	0.0000	0.0000
ENSG00000253562.1	AC107909.2	lncRNA	1	0	1	0.1723	0.0505	0.0486
ENSG00000253563.2	NKX2-1-AS1	lncRNA	0	0	0	0.0000	0.0000	0.0000
ENSG00000253564.1	AC100823.2	processed_pseudogene	2	0	2	0.2430	0.0712	0.0685
ENSG00000253567.1	AC025871.1	lncRNA	4	31	37	0.4634	0.1357	0.1307
ENSG00000253568.1	AC090572.1	processed_pseudogene	0	0	0	0.0000	0.0000	0.0000
ENSG00000253569.1	VENTXP5	processed_pseudogene	0	0	0	0.0000	0.0000	0.0000
ENSG00000253570.1	RNF5P1	processed_pseudogene	126	54	72	19.8148	5.8041	5.5889
ENSG00000253571.1	AC087369.1	processed_pseudogene	0	0	0	0.0000	0.0000	0.0000
ENSG00000253572.2	AC108482.1	lncRNA	0	0	0	0.0000	0.0000	0.0000
ENSG00000253573.2	AC024382.1	lncRNA	36	13	23	3.1163	0.9128	0.8790
ENSG00000253574.5	AC021744.1	lncRNA	0	0	0	0.0000	0.0000	0.0000
ENSG00000253576.1	AF181450.1	lncRNA	0	3	0	0.0000	0.0000	0.0000
ENSG00000253577.2	AC117834.2	lncRNA	0	0	0	0.0000	0.0000	0.0000
ENSG00000253578.1	IGKV1-22	IG_V_pseudogene	0	0	0	0.0000	0.0000	0.0000
ENSG00000253579.1	SUMO2P16	processed_pseudogene	0	0	0	0.0000	0.0000	0.0000
ENSG00000253580.1	TRMT10BP1	processed_pseudogene	0	0	0	0.0000	0.0000	0.0000
ENSG00000253581.1	AC105031.1	processed_pseudogene	0	0	0	0.0000	0.0000	0.0000
ENSG00000253582.1	AC090579.1	lncRNA	0	0	0	0.0000	0.0000	0.0000
ENSG00000253583.1	AC018953.1	lncRNA	0	0	0	0.0000	0.0000	0.0000
ENSG00000253584.1	AC091987.1	lncRNA	0	0	0	0.0000	0.0000	0.0000
ENSG00000253585.1	AP003351.1	lncRNA	0	0	0	0.0000	0.0000	0.0000
ENSG00000253586.1	AC067817.1	lncRNA	1	1	0	0.2385	0.0699	0.0673
ENSG00000253587.2	IGHV3-30-2	IG_V_pseudogene	0	0	0	0.0000	0.0000	0.0000
ENSG00000253590.1	IGLV3-13	IG_V_pseudogene	6	5	1	2.2849	0.6693	0.6445
ENSG00000253591.2	KCNIP1-AS1	lncRNA	0	0	0	0.0000	0.0000	0.0000
ENSG00000253592.1	IGKV2-38	IG_V_pseudogene	0	0	0	0.0000	0.0000	0.0000
ENSG00000253593.2	AC110741.1	lncRNA	0	0	0	0.0000	0.0000	0.0000
ENSG00000253595.6	LINC01300	lncRNA	0	0	0	0.0000	0.0000	0.0000
ENSG00000253596.1	AC103952.1	lncRNA	0	1	0	0.0000	0.0000	0.0000
ENSG00000253598.3	SLC10A5	protein_coding	2	0	2	0.1189	0.0348	0.0335
ENSG00000253600.1	AC008446.1	processed_pseudogene	0	0	1	0.0000	0.0000	0.0000
ENSG00000253602.2	RN7SL260P	misc_RNA	0	0	0	0.0000	0.0000	0.0000
ENSG00000253603.1	CERNA3	lncRNA	3	3	0	0.4574	0.1340	0.1290
ENSG00000253604.1	AC131254.2	lncRNA	0	0	0	0.0000	0.0000	0.0000
ENSG00000253605.1	HNRNPA1P38	processed_pseudogene	25	12	13	2.2184	0.6498	0.6257
ENSG00000253606.2	AFG3L2P1	processed_pseudogene	4	2	2	0.1927	0.0564	0.0543
ENSG00000253607.1	AC104316.1	lncRNA	0	150	124	0.0000	0.0000	0.0000
ENSG00000253608.2	AC022915.2	lncRNA	2	2	1	0.0617	0.0181	0.0174
ENSG00000253610.1	AP006245.1	processed_pseudogene	0	0	0	0.0000	0.0000	0.0000
ENSG00000253611.1	VN1R46P	processed_pseudogene	0	0	0	0.0000	0.0000	0.0000
ENSG00000253612.1	WBP1LP3	processed_pseudogene	0	0	0	0.0000	0.0000	0.0000
ENSG00000253613.2	AC008572.1	lncRNA	0	0	0	0.0000	0.0000	0.0000
ENSG00000253614.1	AC025674.2	lncRNA	0	0	0	0.0000	0.0000	0.0000
ENSG00000253615.1	AC069113.3	unprocessed_pseudogene	0	0	0	0.0000	0.0000	0.0000
ENSG00000253616.5	AC107959.3	lncRNA	31	16	15	2.9881	0.8753	0.8428
ENSG00000253617.2	AC109479.2	processed_pseudogene	0	0	0	0.0000	0.0000	0.0000
ENSG00000253618.1	GRPEL2-AS1	lncRNA	0	22	18	0.0000	0.0000	0.0000
ENSG00000253619.1	AC068413.1	lncRNA	18	8	10	1.9698	0.5770	0.5556
ENSG00000253620.2	AC144568.1	processed_pseudogene	0	0	0	0.0000	0.0000	0.0000
ENSG00000253621.1	RPSAP74	processed_pseudogene	0	0	0	0.0000	0.0000	0.0000
ENSG00000253622.1	AC027419.2	lncRNA	0	1	0	0.0000	0.0000	0.0000
ENSG00000253623.1	AC009879.1	processed_pseudogene	0	0	0	0.0000	0.0000	0.0000
ENSG00000253625.1	IGKV2-23	IG_V_pseudogene	0	0	0	0.0000	0.0000	0.0000
ENSG00000253626.3	EIF5AL1	protein_coding	357	186	177	7.8949	2.3126	2.2268
ENSG00000253627.1	AC105180.1	lncRNA	0	0	0	0.0000	0.0000	0.0000
ENSG00000253628.2	AC110011.1	lncRNA	0	0	0	0.0000	0.0000	0.0000
ENSG00000253629.1	AP000426.1	lncRNA	0	214	207	0.0000	0.0000	0.0000
ENSG00000253630.1	AC026407.1	unprocessed_pseudogene	0	0	0	0.0000	0.0000	0.0000
ENSG00000253631.1	IGLV7-35	IG_V_pseudogene	0	0	0	0.0000	0.0000	0.0000
ENSG00000253632.1	AC084026.2	lncRNA	14	12	2	1.8518	0.5424	0.5223
ENSG00000253633.2	AP002852.1	lncRNA	2	1	1	0.0678	0.0199	0.0191
ENSG00000253634.3	AC091096.1	lncRNA	0	0	0	0.0000	0.0000	0.0000
ENSG00000253635.1	IGHVIII-67-3	IG_V_pseudogene	0	0	0	0.0000	0.0000	0.0000
ENSG00000253636.1	AC022893.1	lncRNA	11	8	3	0.2632	0.0771	0.0742
ENSG00000253637.1	IGLVV-58	IG_V_pseudogene	0	0	0	0.0000	0.0000	0.0000
ENSG00000253638.1	AF186190.1	processed_pseudogene	0	0	0	0.0000	0.0000	0.0000
ENSG00000253639.1	SUMO2P18	processed_pseudogene	0	0	0	0.0000	0.0000	0.0000
ENSG00000253641.6	LINCR-0001	lncRNA	3	5	2	0.0797	0.0234	0.0225
ENSG00000253642.6	AF279873.3	lncRNA	1	0	1	0.0312	0.0091	0.0088
ENSG00000253643.6	AC024958.1	lncRNA	0	0	0	0.0000	0.0000	0.0000
ENSG00000253644.2	LINC02845	lncRNA	0	0	0	0.0000	0.0000	0.0000
ENSG00000253645.1	AC108863.1	lncRNA	0	862	928	0.0000	0.0000	0.0000
ENSG00000253646.1	AC010476.1	processed_pseudogene	0	0	0	0.0000	0.0000	0.0000
ENSG00000253647.1	KCNIP1-OT1	lncRNA	0	0	0	0.0000	0.0000	0.0000
ENSG00000253648.1	AC018437.2	lncRNA	0	0	0	0.0000	0.0000	0.0000
ENSG00000253649.5	PRSS51	protein_coding	8	6	2	0.2238	0.0655	0.0631
ENSG00000253650.1	SMARCE1P4	processed_pseudogene	0	0	0	0.0000	0.0000	0.0000
ENSG00000253651.1	SOD1P3	processed_pseudogene	0	0	0	0.0000	0.0000	0.0000
ENSG00000253652.1	AC136628.4	lncRNA	0	0	0	0.0000	0.0000	0.0000
ENSG00000253653.1	AC009185.1	lncRNA	1	7	8	0.0932	0.0273	0.0263
ENSG00000253654.2	IDI1P2	processed_pseudogene	0	0	0	0.0000	0.0000	0.0000
ENSG00000253655.2	JCHAINP1	processed_pseudogene	0	0	0	0.0000	0.0000	0.0000
ENSG00000253656.1	AC090987.1	lncRNA	0	0	0	0.0000	0.0000	0.0000
ENSG00000253657.1	AC022634.1	processed_pseudogene	0	0	0	0.0000	0.0000	0.0000
ENSG00000253658.6	LINC01592	lncRNA	0	0	0	0.0000	0.0000	0.0000
ENSG00000253659.2	AC138646.1	lncRNA	0	0	0	0.0000	0.0000	0.0000
ENSG00000253660.1	AC008464.1	lncRNA	0	0	0	0.0000	0.0000	0.0000
ENSG00000253661.2	ZFHX4-AS1	lncRNA	5	3	2	0.0406	0.0119	0.0114
ENSG00000253663.1	NPM1P52	processed_pseudogene	1	0	1	0.1004	0.0294	0.0283
ENSG00000253664.1	AC012413.1	lncRNA	0	2	1	0.0000	0.0000	0.0000
ENSG00000253665.1	LINC02866	lncRNA	0	0	0	0.0000	0.0000	0.0000
ENSG00000253666.2	AP000424.1	lncRNA	0	0	0	0.0000	0.0000	0.0000
ENSG00000253667.2	AC100821.1	processed_pseudogene	7	6	1	0.2398	0.0702	0.0676
ENSG00000253668.1	AC103778.1	processed_pseudogene	0	0	0	0.0000	0.0000	0.0000
ENSG00000253669.4	GASAL1	lncRNA	13	5	8	0.3512	0.1029	0.0991
ENSG00000253670.1	AC073581.1	processed_pseudogene	0	0	0	0.0000	0.0000	0.0000
ENSG00000253671.3	AC027117.1	lncRNA	20	6	14	0.4077	0.1194	0.1150
ENSG00000253672.1	AC105177.1	lncRNA	0	0	0	0.0000	0.0000	0.0000
ENSG00000253673.1	AC025437.4	lncRNA	0	0	0	0.0000	0.0000	0.0000
ENSG00000253674.1	IGHVII-78-1	IG_V_pseudogene	0	0	0	0.0000	0.0000	0.0000
ENSG00000253675.1	AC023194.3	lncRNA	0	22	11	0.0000	0.0000	0.0000
ENSG00000253676.1	TAGLN2P1	processed_pseudogene	30	13	17	4.3401	1.2713	1.2241
ENSG00000253677.1	UBE2HP1	processed_pseudogene	2	0	2	0.4718	0.1382	0.1331
ENSG00000253678.3	AC104964.1	lncRNA	0	1	3	0.0000	0.0000	0.0000
ENSG00000253679.1	LINC02844	lncRNA	0	0	0	0.0000	0.0000	0.0000
ENSG00000253680.1	AC093331.1	processed_pseudogene	0	0	1	0.0000	0.0000	0.0000
ENSG00000253681.1	AC013509.1	lncRNA	0	0	0	0.0000	0.0000	0.0000
ENSG00000253682.2	AC022695.2	lncRNA	0	0	0	0.0000	0.0000	0.0000
ENSG00000253683.1	AC027309.2	processed_pseudogene	29	14	17	12.8265	3.7571	3.6178
ENSG00000253684.1	BUD31P1	processed_pseudogene	0	0	0	0.0000	0.0000	0.0000
ENSG00000253685.1	MTND5P41	unprocessed_pseudogene	0	0	0	0.0000	0.0000	0.0000
ENSG00000253686.2	LINC01484	lncRNA	21	9	12	0.3294	0.0965	0.0929
ENSG00000253687.1	AC008456.1	lncRNA	4	3	1	0.4647	0.1361	0.1311
ENSG00000253688.2	AC026904.2	lncRNA	0	0	1	0.0000	0.0000	0.0000
ENSG00000253690.1	AC021678.2	lncRNA	0	7	6	0.0000	0.0000	0.0000
ENSG00000253691.2	IGKV2OR22-4	IG_V_pseudogene	5	2	3	1.1570	0.3389	0.3263
ENSG00000253692.3	IGHEP1	IG_C_pseudogene	1	0	1	0.1304	0.0382	0.0368
ENSG00000253693.1	AC008415.1	lncRNA	0	0	0	0.0000	0.0000	0.0000
ENSG00000253695.2	AC011008.1	lncRNA	0	0	1	0.0000	0.0000	0.0000
ENSG00000253696.2	KBTBD11-OT1	lncRNA	0	0	0	0.0000	0.0000	0.0000
ENSG00000253697.1	AC103834.1	unprocessed_pseudogene	0	0	0	0.0000	0.0000	0.0000
ENSG00000253698.1	AC136601.1	lncRNA	0	0	0	0.0000	0.0000	0.0000
ENSG00000253699.1	AC084128.1	lncRNA	0	0	0	0.0000	0.0000	0.0000
ENSG00000253702.1	LINC02847	lncRNA	0	0	0	0.0000	0.0000	0.0000
ENSG00000253703.2	IGHV1-68	IG_V_pseudogene	2	0	2	0.4825	0.1413	0.1361
ENSG00000253704.2	AC023632.2	lncRNA	41	19	22	1.2260	0.3591	0.3458
ENSG00000253706.5	AC011632.1	lncRNA	5	2	3	0.1176	0.0344	0.0332
ENSG00000253707.1	AC022616.4	processed_pseudogene	0	0	0	0.0000	0.0000	0.0000
ENSG00000253708.1	AC026979.1	lncRNA	1	0	2	0.1457	0.0427	0.0411
ENSG00000253709.1	IGHV1-14	IG_V_pseudogene	2	0	2	0.7047	0.2064	0.1988
ENSG00000253710.4	ALG11	protein_coding	212	105	107	1.5304	0.4483	0.4316
ENSG00000253711.1	AC023866.1	lncRNA	0	0	0	0.0000	0.0000	0.0000
ENSG00000253712.1	LINC02886	lncRNA	0	0	0	0.0000	0.0000	0.0000
ENSG00000253713.1	AC091819.2	lncRNA	0	0	0	0.0000	0.0000	0.0000
ENSG00000253714.1	IGHVII-53-1	IG_V_pseudogene	0	0	0	0.0000	0.0000	0.0000
ENSG00000253715.1	AC083841.2	lncRNA	0	0	0	0.0000	0.0000	0.0000
ENSG00000253716.6	MINCR	lncRNA	79	38	41	4.3848	1.2844	1.2368
ENSG00000253717.1	AP005357.1	lncRNA	0	0	0	0.0000	0.0000	0.0000
ENSG00000253719.4	ATXN7L3B	protein_coding	4481	2554	2562	50.0959	14.6739	14.1298
ENSG00000253720.2	AC022973.3	lncRNA	0	0	0	0.0000	0.0000	0.0000
ENSG00000253721.1	SUMO2P20	processed_pseudogene	2	0	2	0.6001	0.1758	0.1693
ENSG00000253722.1	AC010834.1	lncRNA	0	95	91	0.0000	0.0000	0.0000
ENSG00000253723.1	AC107934.2	processed_pseudogene	0	0	0	0.0000	0.0000	0.0000
ENSG00000253725.1	AC126915.1	processed_pseudogene	0	0	0	0.0000	0.0000	0.0000
ENSG00000253726.1	AC013562.1	lncRNA	0	0	0	0.0000	0.0000	0.0000
ENSG00000253728.5	AC083841.3	lncRNA	0	0	0	0.0000	0.0000	0.0000
ENSG00000253729.8	PRKDC	protein_coding	15038	7535	7612	82.8758	24.2756	23.3756
ENSG00000253730.1	AC015909.2	lncRNA	10	8	3	1.5525	0.4547	0.4379
ENSG00000253731.3	PCDHGA6	protein_coding	47	29	18	0.5034	0.1474	0.1420
ENSG00000253732.1	IGKV2-19	IG_V_pseudogene	0	0	0	0.0000	0.0000	0.0000
ENSG00000253733.3	LZTS1-AS1	lncRNA	13	8	5	1.2376	0.3625	0.3491
ENSG00000253734.2	LINC01289	lncRNA	0	0	0	0.0000	0.0000	0.0000
ENSG00000253735.1	AC021736.1	lncRNA	0	0	0	0.0000	0.0000	0.0000
ENSG00000253736.3	AC022217.3	lncRNA	5	2	3	0.3715	0.1088	0.1048
ENSG00000253737.1	AP003469.3	lncRNA	0	0	0	0.0000	0.0000	0.0000
ENSG00000253738.2	OTUD6B-AS1	lncRNA	1475	803	727	12.7372	3.7309	3.5926
ENSG00000253739.1	RNU6-323P	snRNA	2	2	0	1.5873	0.4649	0.4477
ENSG00000253740.5	AP001205.1	lncRNA	0	0	0	0.0000	0.0000	0.0000
ENSG00000253741.2	LNCOC1	lncRNA	55	69	70	0.7308	0.2141	0.2061
ENSG00000253742.1	IGHV3-60	IG_V_pseudogene	1	0	1	0.2399	0.0703	0.0677
ENSG00000253743.1	MARK2P11	unprocessed_pseudogene	0	0	0	0.0000	0.0000	0.0000
ENSG00000253744.1	AC025442.1	lncRNA	0	37	47	0.0000	0.0000	0.0000
ENSG00000253745.1	AC091163.1	lncRNA	0	0	0	0.0000	0.0000	0.0000
ENSG00000253746.1	AC091182.2	lncRNA	2	0	2	0.2938	0.0861	0.0829
ENSG00000253747.1	IGHVII-62-1	IG_V_pseudogene	0	0	0	0.0000	0.0000	0.0000
ENSG00000253748.2	CYP4F44P	unprocessed_pseudogene	0	0	0	0.0000	0.0000	0.0000
ENSG00000253749.1	AC022695.3	lncRNA	0	0	0	0.0000	0.0000	0.0000
ENSG00000253750.1	AC090136.1	processed_pseudogene	0	0	0	0.0000	0.0000	0.0000
ENSG00000253752.1	IGLVI-63	IG_V_pseudogene	0	0	0	0.0000	0.0000	0.0000
ENSG00000253754.1	AC087620.1	lncRNA	0	1	0	0.0000	0.0000	0.0000
ENSG00000253755.1	IGHGP	IG_C_pseudogene	14228	7020	7208	1025.6775	300.4370	289.2984
ENSG00000253756.1	CARS1P2	processed_pseudogene	0	0	0	0.0000	0.0000	0.0000
ENSG00000253759.1	IGHV3-57	IG_V_pseudogene	0	0	0	0.0000	0.0000	0.0000
ENSG00000253760.1	AC009812.2	processed_pseudogene	0	0	0	0.0000	0.0000	0.0000
ENSG00000253762.2	AC069133.1	lncRNA	0	0	0	0.0000	0.0000	0.0000
ENSG00000253763.1	IGHV3-6	IG_V_pseudogene	10	2	8	2.4473	0.7168	0.6903
ENSG00000253764.3	AC019257.1	lncRNA	0	0	0	0.0000	0.0000	0.0000
ENSG00000253765.1	IGKV2D-19	IG_V_pseudogene	0	1	0	0.0000	0.0000	0.0000
ENSG00000253766.1	AC091946.1	lncRNA	0	0	0	0.0000	0.0000	0.0000
ENSG00000253767.2	PCDHGA8	protein_coding	4	4	0	0.0392	0.0115	0.0111
ENSG00000253768.1	AC008663.1	lncRNA	0	0	0	0.0000	0.0000	0.0000
ENSG00000253770.1	HMGB1P23	processed_pseudogene	0	0	0	0.0000	0.0000	0.0000
ENSG00000253771.6	TPTE2P1	transcribed_unprocessed_pseudogene	8	7	2	0.1793	0.0525	0.0506
ENSG00000253772.1	AC112191.1	processed_pseudogene	0	0	0	0.0000	0.0000	0.0000
ENSG00000253773.3	C8orf37-AS1	lncRNA	3	1	2	0.0528	0.0155	0.0149
ENSG00000253774.1	AC114550.3	lncRNA	0	0	0	0.0000	0.0000	0.0000
ENSG00000253775.2	AC100802.1	lncRNA	0	0	0	0.0000	0.0000	0.0000
ENSG00000253776.1	AC099520.2	lncRNA	0	0	0	0.0000	0.0000	0.0000
ENSG00000253777.1	AC026616.1	processed_pseudogene	0	0	0	0.0000	0.0000	0.0000
ENSG00000253778.1	AC090572.2	lncRNA	0	0	0	0.0000	0.0000	0.0000
ENSG00000253779.1	IGLVVI-25-1	IG_V_pseudogene	0	0	0	0.0000	0.0000	0.0000
ENSG00000253780.1	IGHVIII-2-1	IG_V_pseudogene	0	0	0	0.0000	0.0000	0.0000
ENSG00000253781.1	ZNF317P1	processed_pseudogene	0	0	0	0.0000	0.0000	0.0000
ENSG00000253782.2	AC091163.2	lncRNA	0	0	0	0.0000	0.0000	0.0000
ENSG00000253783.1	AC100807.2	lncRNA	0	0	0	0.0000	0.0000	0.0000
ENSG00000253784.1	AC090735.1	lncRNA	0	0	0	0.0000	0.0000	0.0000
ENSG00000253785.1	AC008429.2	processed_pseudogene	27	11	16	2.6538	0.7773	0.7485
ENSG00000253786.1	IGLV3-15	IG_V_pseudogene	0	0	0	0.0000	0.0000	0.0000
ENSG00000253787.1	LINC02219	lncRNA	0	0	0	0.0000	0.0000	0.0000
ENSG00000253789.1	NARS1P2	transcribed_processed_pseudogene	1	0	1	0.0864	0.0253	0.0244
ENSG00000253790.1	AC007991.1	processed_pseudogene	0	0	0	0.0000	0.0000	0.0000
ENSG00000253792.1	AC025437.5	lncRNA	1	1	0	0.2704	0.0792	0.0763
ENSG00000253793.1	AC008066.1	processed_pseudogene	0	0	0	0.0000	0.0000	0.0000
ENSG00000253794.1	IGLV10-67	IG_V_pseudogene	0	0	0	0.0000	0.0000	0.0000
ENSG00000253795.1	MTND1P5	processed_pseudogene	0	0	0	0.0000	0.0000	0.0000
ENSG00000253796.2	AC104248.1	lncRNA	0	0	0	0.0000	0.0000	0.0000
ENSG00000253797.2	UTP14C	protein_coding	0	0	0	0.0000	0.0000	0.0000
ENSG00000253798.2	AC008694.1	transcribed_unprocessed_pseudogene	1	0	1	0.0817	0.0239	0.0230
ENSG00000253799.1	LINC01030	lncRNA	0	0	0	0.0000	0.0000	0.0000
ENSG00000253800.1	AC090136.2	processed_pseudogene	0	0	0	0.0000	0.0000	0.0000
ENSG00000253801.2	AC010376.1	processed_pseudogene	0	0	0	0.0000	0.0000	0.0000
ENSG00000253802.2	SIRLNT	lncRNA	0	0	0	0.0000	0.0000	0.0000
ENSG00000253803.1	AC091163.3	processed_pseudogene	0	0	0	0.0000	0.0000	0.0000
ENSG00000253805.1	AC245164.1	lncRNA	0	0	0	0.0000	0.0000	0.0000
ENSG00000253806.1	AC108002.1	lncRNA	0	7	9	0.0000	0.0000	0.0000
ENSG00000253807.6	LINC01170	lncRNA	0	0	0	0.0000	0.0000	0.0000
ENSG00000253808.1	IGHVII-46-1	IG_V_pseudogene	0	0	0	0.0000	0.0000	0.0000
ENSG00000253809.1	AL160262.1	lncRNA	0	0	0	0.0000	0.0000	0.0000
ENSG00000253810.1	PSAT1P1	processed_pseudogene	0	0	0	0.0000	0.0000	0.0000
ENSG00000253811.1	AC136424.2	lncRNA	0	0	0	0.0000	0.0000	0.0000
ENSG00000253813.1	COX6B1P4	processed_pseudogene	0	0	0	0.0000	0.0000	0.0000
ENSG00000253814.1	MRPS36P3	processed_pseudogene	0	0	0	0.0000	0.0000	0.0000
ENSG00000253816.3	GUSBP14	unprocessed_pseudogene	3	0	3	0.5126	0.1501	0.1446
ENSG00000253817.1	AC120036.2	processed_pseudogene	0	0	0	0.0000	0.0000	0.0000
ENSG00000253818.1	IGLV1-41	IG_V_pseudogene	2	1	1	0.4183	0.1225	0.1180
ENSG00000253819.2	LINC01151	lncRNA	2	0	2	0.0162	0.0048	0.0046
ENSG00000253820.1	IGHVII-67-1	IG_V_pseudogene	0	0	0	0.0000	0.0000	0.0000
ENSG00000253821.2	AC090796.1	lncRNA	0	0	0	0.0000	0.0000	0.0000
ENSG00000253822.1	IGLV3-24	IG_V_pseudogene	0	0	0	0.0000	0.0000	0.0000
ENSG00000253823.1	IGLV1-62	IG_V_pseudogene	1	1	0	0.1926	0.0564	0.0543
ENSG00000253824.2	AP003472.1	lncRNA	0	0	0	0.0000	0.0000	0.0000
ENSG00000253825.1	AC097173.2	lncRNA	1	1	0	0.1792	0.0525	0.0505
ENSG00000253826.1	WBP1LP10	unprocessed_pseudogene	0	0	0	0.0000	0.0000	0.0000
ENSG00000253828.3	MTND2P38	unprocessed_pseudogene	0	0	0	0.0000	0.0000	0.0000
ENSG00000253829.1	AC067817.2	lncRNA	11	10	4	2.4138	0.7070	0.6808
ENSG00000253831.3	ETV3L	protein_coding	0	0	0	0.0000	0.0000	0.0000
ENSG00000253832.1	AC107373.1	lncRNA	0	0	0	0.0000	0.0000	0.0000
ENSG00000253833.1	DSTNP3	processed_pseudogene	3	0	3	0.6516	0.1909	0.1838
ENSG00000253834.1	AC025524.1	lncRNA	0	0	0	0.0000	0.0000	0.0000
ENSG00000253836.1	AC105031.2	lncRNA	0	0	0	0.0000	0.0000	0.0000
ENSG00000253837.1	AC090197.1	lncRNA	11	186	198	0.1947	0.0570	0.0549
ENSG00000253838.1	AC007991.2	lncRNA	0	0	0	0.0000	0.0000	0.0000
ENSG00000253840.1	AC044836.1	processed_pseudogene	0	0	0	0.0000	0.0000	0.0000
ENSG00000253841.1	AC024681.1	processed_pseudogene	0	0	0	0.0000	0.0000	0.0000
ENSG00000253842.2	AP003472.2	lncRNA	1	0	1	0.0391	0.0115	0.0110
ENSG00000253843.1	AC104989.1	processed_pseudogene	0	0	0	0.0000	0.0000	0.0000
ENSG00000253844.1	AC064807.2	lncRNA	2	2	0	0.2527	0.0740	0.0713
ENSG00000253845.1	AC139365.2	processed_pseudogene	0	0	0	0.0000	0.0000	0.0000
ENSG00000253846.2	PCDHGA10	protein_coding	54	30	24	0.6903	0.2022	0.1947
ENSG00000253848.1	AC010834.2	lncRNA	23	14	11	3.6852	1.0795	1.0394
ENSG00000253849.1	AC090539.1	lncRNA	0	0	0	0.0000	0.0000	0.0000
ENSG00000253851.1	AC025370.1	lncRNA	0	2712	2658	0.0000	0.0000	0.0000
ENSG00000253852.1	AC011383.1	lncRNA	0	0	0	0.0000	0.0000	0.0000
ENSG00000253853.3	AC246817.1	lncRNA	0	0	0	0.0000	0.0000	0.0000
ENSG00000253854.1	AC010834.3	lncRNA	46	25	21	4.1601	1.2186	1.1734
ENSG00000253855.1	AC245187.1	lncRNA	0	0	0	0.0000	0.0000	0.0000
ENSG00000253857.2	AC022679.1	lncRNA	0	0	0	0.0000	0.0000	0.0000
ENSG00000253858.1	AC008619.1	lncRNA	0	0	0	0.0000	0.0000	0.0000
ENSG00000253859.2	AC018616.1	lncRNA	7	1	6	1.0887	0.3189	0.3071
ENSG00000253860.1	IGKV3-34	IG_V_pseudogene	0	0	0	0.0000	0.0000	0.0000
ENSG00000253861.1	SLC2A3P1	processed_pseudogene	0	0	0	0.0000	0.0000	0.0000
ENSG00000253862.1	IGHVIII-47-1	IG_V_pseudogene	0	0	0	0.0000	0.0000	0.0000
ENSG00000253865.1	AC131025.1	lncRNA	1	1	2	0.1444	0.0423	0.0407
ENSG00000253866.1	TMEM97P2	processed_pseudogene	0	0	0	0.0000	0.0000	0.0000
ENSG00000253868.4	FER1L6-AS2	lncRNA	0	43	37	0.0000	0.0000	0.0000
ENSG00000253869.1	PIGFP1	processed_pseudogene	9	4	5	1.1704	0.3428	0.3301
ENSG00000253870.1	IGKV1-32	IG_V_pseudogene	0	0	0	0.0000	0.0000	0.0000
ENSG00000253871.2	AC068075.1	lncRNA	0	0	0	0.0000	0.0000	0.0000
ENSG00000253872.1	AC083836.1	lncRNA	0	0	0	0.0000	0.0000	0.0000
ENSG00000253873.6	PCDHGA11	protein_coding	14	6	8	0.2046	0.0599	0.0577
ENSG00000253874.1	IGLVIV-66-1	IG_V_pseudogene	0	0	0	0.0000	0.0000	0.0000
ENSG00000253875.2	AC013643.2	lncRNA	3	205	183	0.0813	0.0238	0.0229
ENSG00000253877.6	LINC01608	lncRNA	3	1	2	0.0195	0.0057	0.0055
ENSG00000253878.5	AC087752.3	lncRNA	48	21	27	5.7492	1.6840	1.6216
ENSG00000253879.2	AC087664.2	lncRNA	0	0	0	0.0000	0.0000	0.0000
ENSG00000253880.1	AC009435.1	lncRNA	0	0	0	0.0000	0.0000	0.0000
ENSG00000253881.1	AC105233.1	processed_pseudogene	0	0	0	0.0000	0.0000	0.0000
ENSG00000253882.6	AC099548.2	transcribed_unprocessed_pseudogene	0	3	2	0.0000	0.0000	0.0000
ENSG00000253883.1	IGHV3-19	IG_V_pseudogene	4	3	1	1.1673	0.3419	0.3292
ENSG00000253884.1	AC022616.5	processed_pseudogene	6	5	1	2.8150	0.8246	0.7940
ENSG00000253885.1	ARF1P3	processed_pseudogene	0	0	0	0.0000	0.0000	0.0000
ENSG00000253886.1	AC026688.1	processed_pseudogene	1	1	0	0.0727	0.0213	0.0205
ENSG00000253887.1	AC022784.3	lncRNA	0	0	0	0.0000	0.0000	0.0000
ENSG00000253888.2	AC090150.1	lncRNA	0	0	0	0.0000	0.0000	0.0000
ENSG00000253889.1	IGLVI-38	IG_V_pseudogene	0	0	0	0.0000	0.0000	0.0000
ENSG00000253891.2	AC023202.1	lncRNA	1	1	0	0.0587	0.0172	0.0166
ENSG00000253892.1	AC022915.3	lncRNA	0	0	0	0.0000	0.0000	0.0000
ENSG00000253893.2	FAM85B	lncRNA	1	0	1	0.1072	0.0314	0.0302
ENSG00000253894.2	AC011124.2	lncRNA	0	0	0	0.0000	0.0000	0.0000
ENSG00000253895.1	IGHVII-44-2	IG_V_pseudogene	0	0	1	0.0000	0.0000	0.0000
ENSG00000253896.3	AC144568.2	lncRNA	0	0	0	0.0000	0.0000	0.0000
ENSG00000253897.2	AC034205.2	transcribed_unprocessed_pseudogene	4	1	3	0.1651	0.0483	0.0466
ENSG00000253898.1	LINC01419	lncRNA	0	0	0	0.0000	0.0000	0.0000
ENSG00000253899.1	AC067904.2	processed_pseudogene	0	0	0	0.0000	0.0000	0.0000
ENSG00000253900.1	CDH12P4	unprocessed_pseudogene	0	0	0	0.0000	0.0000	0.0000
ENSG00000253901.1	AC103409.1	lncRNA	0	0	0	0.0000	0.0000	0.0000
ENSG00000253903.2	AC090150.2	lncRNA	0	0	0	0.0000	0.0000	0.0000
ENSG00000253906.1	IGKV2D-10	IG_V_pseudogene	0	0	0	0.0000	0.0000	0.0000
ENSG00000253907.1	AC021678.3	processed_pseudogene	0	0	0	0.0000	0.0000	0.0000
ENSG00000253908.1	AC104115.2	processed_pseudogene	1	1	0	0.1236	0.0362	0.0349
ENSG00000253910.2	PCDHGB2	protein_coding	46	18	28	0.8191	0.2399	0.2310
ENSG00000253911.1	AP003467.1	lncRNA	1	0	1	0.2821	0.0826	0.0796
ENSG00000253912.1	AC018442.3	processed_pseudogene	0	0	0	0.0000	0.0000	0.0000
ENSG00000253913.1	IGLV3-26	IG_V_pseudogene	0	0	0	0.0000	0.0000	0.0000
ENSG00000253915.1	MAPRE1P1	processed_pseudogene	5	5	0	0.5328	0.1561	0.1503
ENSG00000253916.1	MTCO1P49	processed_pseudogene	0	0	0	0.0000	0.0000	0.0000
ENSG00000253917.4	AC226119.1	lncRNA	0	0	0	0.0000	0.0000	0.0000
ENSG00000253919.1	THAP12P7	processed_pseudogene	8	6	2	0.2967	0.0869	0.0837
ENSG00000253920.1	IGLV3-31	IG_V_pseudogene	0	0	0	0.0000	0.0000	0.0000
ENSG00000253921.1	AC091982.1	lncRNA	2	2	0	0.2980	0.0873	0.0840
ENSG00000253923.2	AP002981.1	processed_pseudogene	0	0	0	0.0000	0.0000	0.0000
ENSG00000253924.2	AC103831.1	lncRNA	0	0	0	0.0000	0.0000	0.0000
ENSG00000253925.1	AC011369.1	lncRNA	0	0	0	0.0000	0.0000	0.0000
ENSG00000253926.1	AC011257.1	lncRNA	0	0	0	0.0000	0.0000	0.0000
ENSG00000253927.1	AC002428.1	lncRNA	0	0	0	0.0000	0.0000	0.0000
ENSG00000253930.1	TNFRSF10A-AS1	lncRNA	41	88	107	5.4658	1.6010	1.5417
ENSG00000253931.1	AC105118.1	lncRNA	5	5	0	0.7805	0.2286	0.2201
ENSG00000253932.1	AC019270.1	lncRNA	0	0	0	0.0000	0.0000	0.0000
ENSG00000253934.2	MRPL49P2	processed_pseudogene	0	0	0	0.0000	0.0000	0.0000
ENSG00000253935.1	IGLVIV-53	IG_V_pseudogene	0	0	0	0.0000	0.0000	0.0000
ENSG00000253936.1	IGHV3-63	IG_V_pseudogene	81	36	45	20.1717	5.9086	5.6896
ENSG00000253937.1	NATP	unprocessed_pseudogene	0	0	0	0.0000	0.0000	0.0000
ENSG00000253939.1	AC007991.3	lncRNA	0	0	0	0.0000	0.0000	0.0000
ENSG00000253940.1	AC026421.1	processed_pseudogene	0	0	0	0.0000	0.0000	0.0000
ENSG00000253941.1	IGHVII-51-2	IG_V_pseudogene	0	0	0	0.0000	0.0000	0.0000
ENSG00000253942.1	AP001330.2	processed_pseudogene	0	0	0	0.0000	0.0000	0.0000
ENSG00000253943.1	KRT18P37	processed_pseudogene	0	0	0	0.0000	0.0000	0.0000
ENSG00000253944.1	AC027117.2	lncRNA	0	1	0	0.0000	0.0000	0.0000
ENSG00000253945.1	AC024995.1	processed_pseudogene	1	1	0	0.9131	0.2675	0.2576
ENSG00000253946.1	AC008489.1	processed_pseudogene	0	0	0	0.0000	0.0000	0.0000
ENSG00000253947.1	AC008705.2	lncRNA	0	0	0	0.0000	0.0000	0.0000
ENSG00000253948.2	VPS13B-DT	lncRNA	47	25	32	1.0192	0.2985	0.2875
ENSG00000253949.1	AC022634.2	lncRNA	0	0	0	0.0000	0.0000	0.0000
ENSG00000253951.1	CCT3P1	processed_pseudogene	0	0	0	0.0000	0.0000	0.0000
ENSG00000253952.1	HIGD1AP18	processed_pseudogene	0	0	0	0.0000	0.0000	0.0000
ENSG00000253953.3	PCDHGB4	protein_coding	5	3	2	0.0615	0.0180	0.0174
ENSG00000253954.3	HMGN1P38	processed_pseudogene	9	2	7	2.5224	0.7388	0.7115
ENSG00000253955.2	AC008663.2	lncRNA	13	10	4	0.2481	0.0727	0.0700
ENSG00000253956.1	AC073023.1	lncRNA	1	0	1	0.1099	0.0322	0.0310
ENSG00000253957.1	IGHV3-22	IG_V_pseudogene	2	1	1	0.4731	0.1386	0.1334
ENSG00000253958.2	CLDN23	protein_coding	427	214	213	16.7875	4.9173	4.7350
ENSG00000253959.1	LINC01863	lncRNA	0	0	0	0.0000	0.0000	0.0000
ENSG00000253960.1	AC016885.1	lncRNA	0	0	0	0.0000	0.0000	0.0000
ENSG00000253961.1	AC009563.1	lncRNA	0	83	78	0.0000	0.0000	0.0000
ENSG00000253963.1	IGLV3-2	IG_V_pseudogene	0	0	0	0.0000	0.0000	0.0000
ENSG00000253964.1	RPL31P40	processed_pseudogene	0	0	0	0.0000	0.0000	0.0000
ENSG00000253965.1	AC008438.2	lncRNA	0	0	0	0.0000	0.0000	0.0000
ENSG00000253966.1	AC008514.2	processed_pseudogene	9	5	4	0.5716	0.1674	0.1612
ENSG00000253967.1	AC022730.4	lncRNA	4	2	2	0.1435	0.0420	0.0405
ENSG00000253968.2	AC016573.1	lncRNA	0	0	0	0.0000	0.0000	0.0000
ENSG00000253970.1	MTND2P7	processed_pseudogene	0	0	0	0.0000	0.0000	0.0000
ENSG00000253971.1	CDC42P3	processed_pseudogene	3	2	1	0.4025	0.1179	0.1135
ENSG00000253972.6	MAL2-AS1	lncRNA	0	0	1	0.0000	0.0000	0.0000
ENSG00000253973.3	AC079296.1	lncRNA	3	140	129	0.0502	0.0147	0.0141
ENSG00000253974.6	NRG1-IT1	lncRNA	0	0	0	0.0000	0.0000	0.0000
ENSG00000253975.1	AC018861.1	processed_pseudogene	0	0	0	0.0000	0.0000	0.0000
ENSG00000253976.1	AC022679.2	lncRNA	0	0	0	0.0000	0.0000	0.0000
ENSG00000253977.1	MTCO2P4	processed_pseudogene	0	0	0	0.0000	0.0000	0.0000
ENSG00000253978.2	CTB-178M22.2	lncRNA	2	2	0	0.2633	0.0771	0.0743
ENSG00000253979.1	AC109479.3	lncRNA	0	0	0	0.0000	0.0000	0.0000
ENSG00000253980.1	AC010609.1	lncRNA	0	0	0	0.0000	0.0000	0.0000
ENSG00000253981.5	ALG1L13P	transcribed_unprocessed_pseudogene	5	13	21	0.2934	0.0860	0.0828
ENSG00000253982.2	AC100810.1	lncRNA	457	218	239	17.1416	5.0211	4.8349
ENSG00000253983.3	AC087627.1	lncRNA	2	1	1	0.1085	0.0318	0.0306
ENSG00000253985.1	AC145141.2	lncRNA	0	0	0	0.0000	0.0000	0.0000
ENSG00000253986.1	AC104561.3	lncRNA	0	3	15	0.0000	0.0000	0.0000
ENSG00000253988.1	AC079015.1	lncRNA	19	10	9	2.7072	0.7930	0.7636
ENSG00000253989.2	IGHVIII-38-1	IG_V_pseudogene	0	0	0	0.0000	0.0000	0.0000
ENSG00000253991.1	AP001207.2	processed_pseudogene	0	0	0	0.0000	0.0000	0.0000
ENSG00000253992.1	AC103726.2	lncRNA	0	0	0	0.0000	0.0000	0.0000
ENSG00000253993.1	AC104027.1	processed_pseudogene	0	0	0	0.0000	0.0000	0.0000
ENSG00000253994.1	NDUFB9P3	processed_pseudogene	0	0	0	0.0000	0.0000	0.0000
ENSG00000253995.1	RPL10P18	processed_pseudogene	1	0	1	0.2748	0.0805	0.0775
ENSG00000253997.1	AC090142.3	processed_pseudogene	0	0	0	0.0000	0.0000	0.0000
ENSG00000253998.3	IGKV2-29	IG_V_pseudogene	21	18	4	4.7939	1.4042	1.3521
ENSG00000253999.1	IGKV3D-31	IG_V_pseudogene	0	0	0	0.0000	0.0000	0.0000
ENSG00000254000.1	AC090753.1	lncRNA	0	0	0	0.0000	0.0000	0.0000
ENSG00000254001.5	AC084706.1	lncRNA	0	0	0	0.0000	0.0000	0.0000
ENSG00000254002.2	AC012574.2	lncRNA	0	0	0	0.0000	0.0000	0.0000
ENSG00000254003.1	SRI-AS1	lncRNA	1	319	320	0.1474	0.0432	0.0416
ENSG00000254004.7	ZNF260	protein_coding	871	444	429	13.2769	3.8890	3.7448
ENSG00000254006.5	AC104232.1	lncRNA	0	0	3	0.0000	0.0000	0.0000
ENSG00000254007.2	AC084768.1	lncRNA	0	0	0	0.0000	0.0000	0.0000
ENSG00000254008.1	LINC00051	lncRNA	0	0	0	0.0000	0.0000	0.0000
ENSG00000254009.1	IGKV2D-38	IG_V_pseudogene	0	0	0	0.0000	0.0000	0.0000
ENSG00000254011.1	AC011333.1	lncRNA	0	0	0	0.0000	0.0000	0.0000
ENSG00000254012.1	RPL10P8	processed_pseudogene	2	0	2	0.5426	0.1589	0.1530
ENSG00000254013.1	MAP2K1P1	processed_pseudogene	1	1	0	0.0715	0.0209	0.0202
ENSG00000254014.1	AC009902.1	processed_pseudogene	0	0	0	0.0000	0.0000	0.0000
ENSG00000254015.1	MTND4LP26	processed_pseudogene	0	0	0	0.0000	0.0000	0.0000
ENSG00000254016.3	ALG1L10P	unprocessed_pseudogene	5	0	5	0.9874	0.2892	0.2785
ENSG00000254017.1	IGHEP2	IG_C_pseudogene	1	0	1	0.0676	0.0198	0.0191
ENSG00000254019.1	AC011676.2	lncRNA	0	17	15	0.0000	0.0000	0.0000
ENSG00000254020.1	AC104211.2	lncRNA	0	0	0	0.0000	0.0000	0.0000
ENSG00000254021.1	AC027031.1	lncRNA	0	0	0	0.0000	0.0000	0.0000
ENSG00000254023.1	PKMP4	processed_pseudogene	6	4	2	1.6651	0.4877	0.4697
ENSG00000254024.1	AP001207.3	lncRNA	0	0	0	0.0000	0.0000	0.0000
ENSG00000254025.1	BRIX1P1	processed_pseudogene	0	0	0	0.0000	0.0000	0.0000
ENSG00000254026.1	AC015468.2	lncRNA	0	0	0	0.0000	0.0000	0.0000
ENSG00000254027.1	AC009902.2	lncRNA	112	1747	1691	13.5679	3.9742	3.8269
ENSG00000254028.1	AC083843.1	lncRNA	0	0	0	0.0000	0.0000	0.0000
ENSG00000254029.1	IGLC4	IG_C_pseudogene	0	0	0	0.0000	0.0000	0.0000
ENSG00000254030.1	IGLC5	IG_C_pseudogene	2	1	1	0.5797	0.1698	0.1635
ENSG00000254031.6	AC022858.1	lncRNA	0	0	0	0.0000	0.0000	0.0000
ENSG00000254033.1	AC087855.1	lncRNA	0	0	0	0.0000	0.0000	0.0000
ENSG00000254034.2	INTS9-AS1	lncRNA	9	5	4	0.2912	0.0853	0.0821
ENSG00000254035.1	AC104117.3	lncRNA	3	2	1	0.3780	0.1107	0.1066
ENSG00000254036.1	IGHVIII-67-2	IG_V_pseudogene	0	0	0	0.0000	0.0000	0.0000
ENSG00000254037.2	AC021733.3	processed_pseudogene	1	1	0	0.1709	0.0500	0.0482
ENSG00000254038.1	AC092818.1	lncRNA	0	0	0	0.0000	0.0000	0.0000
ENSG00000254039.1	AC027801.4	lncRNA	0	0	0	0.0000	0.0000	0.0000
ENSG00000254040.2	AC103719.1	lncRNA	0	0	0	0.0000	0.0000	0.0000
ENSG00000254041.1	AC021546.1	lncRNA	0	0	0	0.0000	0.0000	0.0000
ENSG00000254042.2	SLIT3-AS2	lncRNA	0	25	50	0.0000	0.0000	0.0000
ENSG00000254043.1	AC011632.2	lncRNA	0	0	0	0.0000	0.0000	0.0000
ENSG00000254044.5	AC034154.1	lncRNA	0	0	0	0.0000	0.0000	0.0000
ENSG00000254045.1	IGHVIII-22-2	IG_V_pseudogene	0	0	0	0.0000	0.0000	0.0000
ENSG00000254046.1	IGHV1-17	IG_V_pseudogene	8	4	4	2.0340	0.5958	0.5737
ENSG00000254047.2	AC025437.6	processed_pseudogene	0	0	0	0.0000	0.0000	0.0000
ENSG00000254048.1	AC105150.1	lncRNA	0	0	0	0.0000	0.0000	0.0000
ENSG00000254049.2	NRG1-IT3	lncRNA	0	0	0	0.0000	0.0000	0.0000
ENSG00000254050.1	AC018861.2	lncRNA	0	0	0	0.0000	0.0000	0.0000
ENSG00000254051.1	AC011853.1	processed_pseudogene	0	0	0	0.0000	0.0000	0.0000
ENSG00000254052.1	IGHVIII-67-4	IG_V_pseudogene	0	0	0	0.0000	0.0000	0.0000
ENSG00000254053.1	IGHVIII-5-2	IG_V_pseudogene	1	0	1	0.3254	0.0953	0.0918
ENSG00000254054.3	AC087273.2	lncRNA	1	1	0	0.0578	0.0169	0.0163
ENSG00000254055.2	AC009597.1	lncRNA	0	0	0	0.0000	0.0000	0.0000
ENSG00000254056.1	IGHV3-71	IG_V_pseudogene	1	1	0	0.2365	0.0693	0.0667
ENSG00000254057.1	AC084346.1	lncRNA	17	5	12	2.7342	0.8009	0.7712
ENSG00000254060.1	AC022778.1	lncRNA	1	0	1	0.1558	0.0456	0.0439
ENSG00000254061.1	AC091144.2	processed_pseudogene	0	0	0	0.0000	0.0000	0.0000
ENSG00000254063.2	DUXAP2	unprocessed_pseudogene	0	0	0	0.0000	0.0000	0.0000
ENSG00000254064.1	AC105206.2	lncRNA	9	9	9	1.4840	0.4347	0.4186
ENSG00000254065.1	AC024451.3	processed_pseudogene	1	1	0	0.1834	0.0537	0.0517
ENSG00000254066.2	LINC01938	lncRNA	1	0	1	0.0266	0.0078	0.0075
ENSG00000254067.2	AC123767.1	transcribed_unitary_pseudogene	0	0	0	0.0000	0.0000	0.0000
ENSG00000254069.2	AC134698.4	processed_pseudogene	0	0	0	0.0000	0.0000	0.0000
ENSG00000254070.1	AC104576.1	processed_pseudogene	0	0	0	0.0000	0.0000	0.0000
ENSG00000254073.1	IGLVVII-41-1	IG_V_pseudogene	0	0	0	0.0000	0.0000	0.0000
ENSG00000254075.1	IGLVV-66	IG_V_pseudogene	0	0	0	0.0000	0.0000	0.0000
ENSG00000254076.1	AC110053.1	processed_pseudogene	0	0	0	0.0000	0.0000	0.0000
ENSG00000254077.1	IGLV3-7	IG_V_pseudogene	0	0	0	0.0000	0.0000	0.0000
ENSG00000254079.1	SRSF3P2	processed_pseudogene	0	0	0	0.0000	0.0000	0.0000
ENSG00000254080.1	AC115837.1	lncRNA	0	0	0	0.0000	0.0000	0.0000
ENSG00000254081.2	LINC01299	lncRNA	0	0	0	0.0000	0.0000	0.0000
ENSG00000254083.6	LINC01591	lncRNA	0	0	0	0.0000	0.0000	0.0000
ENSG00000254084.1	AP001208.1	lncRNA	0	0	0	0.0000	0.0000	0.0000
ENSG00000254086.1	AC131254.3	lncRNA	0	0	0	0.0000	0.0000	0.0000
ENSG00000254087.8	LYN	protein_coding	600	300	300	8.2661	2.4213	2.3315
ENSG00000254088.1	SLC2A3P4	processed_pseudogene	3	2	1	0.1732	0.0507	0.0488
ENSG00000254089.2	AC016885.2	lncRNA	1	1	0	0.0706	0.0207	0.0199
ENSG00000254090.1	MTND2P32	processed_pseudogene	1	1	0	0.0818	0.0240	0.0231
ENSG00000254091.2	AC022784.4	processed_pseudogene	0	0	0	0.0000	0.0000	0.0000
ENSG00000254092.2	AC021613.1	lncRNA	0	0	0	0.0000	0.0000	0.0000
ENSG00000254093.9	PINX1	protein_coding	273	136	137	8.2679	2.4218	2.3320
ENSG00000254094.1	AC078852.2	lncRNA	0	0	0	0.0000	0.0000	0.0000
ENSG00000254095.1	AC068672.3	lncRNA	0	0	0	0.0000	0.0000	0.0000
ENSG00000254097.1	IGKV3D-25	IG_V_pseudogene	0	0	4	0.0000	0.0000	0.0000
ENSG00000254098.1	IGKV2-26	IG_V_pseudogene	0	2	0	0.0000	0.0000	0.0000
ENSG00000254099.1	AC005740.3	lncRNA	1	123	111	0.2469	0.0723	0.0696
ENSG00000254101.7	LINC02055	lncRNA	1	0	1	0.0033	0.0010	0.0009
ENSG00000254102.2	AC090136.3	lncRNA	12	8	8	0.2850	0.0835	0.0804
ENSG00000254103.1	PPIAP85	processed_pseudogene	0	0	0	0.0000	0.0000	0.0000
ENSG00000254104.2	AC136777.2	processed_pseudogene	0	0	0	0.0000	0.0000	0.0000
ENSG00000254105.1	VENTXP6	processed_pseudogene	1	1	0	0.2704	0.0792	0.0763
ENSG00000254106.1	LINC01848	lncRNA	0	0	0	0.0000	0.0000	0.0000
ENSG00000254109.6	RBPMS-AS1	lncRNA	60	145	167	3.3477	0.9806	0.9442
ENSG00000254111.3	AC124067.3	lncRNA	1	0	1	0.0233	0.0068	0.0066
ENSG00000254112.1	AP003467.2	processed_pseudogene	0	0	0	0.0000	0.0000	0.0000
ENSG00000254113.1	AC090193.1	lncRNA	0	0	0	0.0000	0.0000	0.0000
ENSG00000254114.1	HMGN1P28	processed_pseudogene	1	0	1	0.2333	0.0683	0.0658
ENSG00000254115.1	AC090572.3	lncRNA	0	0	0	0.0000	0.0000	0.0000
ENSG00000254118.1	MTCYBP20	processed_pseudogene	0	0	0	0.0000	0.0000	0.0000
ENSG00000254119.5	LINC02842	lncRNA	0	0	0	0.0000	0.0000	0.0000
ENSG00000254120.1	LINC02155	lncRNA	0	0	0	0.0000	0.0000	0.0000
ENSG00000254122.3	PCDHGB7	protein_coding	1187	606	581	20.3145	5.9504	5.7298
ENSG00000254123.2	LINC02839	lncRNA	0	0	0	0.0000	0.0000	0.0000
ENSG00000254124.1	EEF1A1P37	processed_pseudogene	0	0	0	0.0000	0.0000	0.0000
ENSG00000254126.8	CD8B2	protein_coding	8	2	6	0.1317	0.0386	0.0372
ENSG00000254127.1	IGLCOR22-1	IG_C_pseudogene	4	3	1	1.0749	0.3149	0.3032
ENSG00000254129.1	AC108449.1	lncRNA	0	291	309	0.0000	0.0000	0.0000
ENSG00000254130.1	LINC01947	lncRNA	0	0	0	0.0000	0.0000	0.0000
ENSG00000254131.1	AC093367.1	processed_pseudogene	0	0	0	0.0000	0.0000	0.0000
ENSG00000254132.1	MTND6P3	processed_pseudogene	0	0	0	0.0000	0.0000	0.0000
ENSG00000254134.1	IGHVII-74-1	IG_V_pseudogene	0	0	0	0.0000	0.0000	0.0000
ENSG00000254135.3	AC091939.1	lncRNA	0	0	0	0.0000	0.0000	0.0000
ENSG00000254136.1	AC064807.3	lncRNA	0	0	0	0.0000	0.0000	0.0000
ENSG00000254138.1	AC113386.1	lncRNA	0	1	2	0.0000	0.0000	0.0000
ENSG00000254139.1	AC104051.2	lncRNA	0	0	0	0.0000	0.0000	0.0000
ENSG00000254141.1	AC103853.2	lncRNA	0	0	0	0.0000	0.0000	0.0000
ENSG00000254143.1	AC022733.1	lncRNA	0	0	0	0.0000	0.0000	0.0000
ENSG00000254145.1	AC134698.5	processed_pseudogene	0	0	0	0.0000	0.0000	0.0000
ENSG00000254146.1	HMGB1P46	processed_pseudogene	0	0	0	0.0000	0.0000	0.0000
ENSG00000254150.1	AC087664.3	processed_pseudogene	0	0	0	0.0000	0.0000	0.0000
ENSG00000254151.1	NIPA2P4	processed_pseudogene	0	0	0	0.0000	0.0000	0.0000
ENSG00000254152.1	PPIAP84	processed_pseudogene	0	0	0	0.0000	0.0000	0.0000
ENSG00000254153.1	AC103957.2	lncRNA	0	0	0	0.0000	0.0000	0.0000
ENSG00000254154.8	CRYZL2P-SEC16B	lncRNA	5	3	2	0.0542	0.0159	0.0153
ENSG00000254156.1	MTND6P20	transcribed_processed_pseudogene	0	0	0	0.0000	0.0000	0.0000
ENSG00000254157.1	IGKV2-18	IG_V_pseudogene	0	0	0	0.0000	0.0000	0.0000
ENSG00000254158.1	AC104117.4	processed_pseudogene	0	0	0	0.0000	0.0000	0.0000
ENSG00000254160.1	AC110288.1	lncRNA	0	0	0	0.0000	0.0000	0.0000
ENSG00000254161.1	IGLVIV-65	IG_V_pseudogene	0	0	0	0.0000	0.0000	0.0000
ENSG00000254162.1	AC009812.3	lncRNA	24	15	9	0.5412	0.1585	0.1526
ENSG00000254163.1	AC025434.1	lncRNA	0	0	0	0.0000	0.0000	0.0000
ENSG00000254164.1	AC008663.3	lncRNA	0	0	0	0.0000	0.0000	0.0000
ENSG00000254165.1	AC090739.1	lncRNA	8	4	4	0.9596	0.2811	0.2706
ENSG00000254166.3	CASC19	lncRNA	23	12	12	0.0879	0.0257	0.0248
ENSG00000254167.2	IGHV8-51-1	IG_V_gene	1	0	1	0.2766	0.0810	0.0780
ENSG00000254170.1	AC008802.1	processed_pseudogene	2	1	2	0.2147	0.0629	0.0606
ENSG00000254171.1	AC114321.1	lncRNA	0	0	0	0.0000	0.0000	0.0000
ENSG00000254172.1	RNU5A-3P	snRNA	0	0	0	0.0000	0.0000	0.0000
ENSG00000254174.1	IGHV1-12	IG_V_pseudogene	5	2	3	2.0712	0.6067	0.5842
ENSG00000254175.1	IGLVI-42	IG_V_pseudogene	0	0	0	0.0000	0.0000	0.0000
ENSG00000254176.1	IGHV3-75	IG_V_pseudogene	2	1	1	0.4744	0.1390	0.1338
ENSG00000254177.1	AC079209.2	lncRNA	0	0	0	0.0000	0.0000	0.0000
ENSG00000254178.1	AC090103.1	lncRNA	0	0	0	0.0000	0.0000	0.0000
ENSG00000254180.2	AC004083.1	lncRNA	6	4	2	0.1064	0.0312	0.0300
ENSG00000254181.1	SLC25A51P3	processed_pseudogene	0	0	0	0.0000	0.0000	0.0000
ENSG00000254182.1	AC106038.2	processed_pseudogene	0	0	0	0.0000	0.0000	0.0000
ENSG00000254183.1	AC104417.1	processed_pseudogene	0	0	0	0.0000	0.0000	0.0000
ENSG00000254185.1	MAPK6P5	processed_pseudogene	2	0	2	0.1721	0.0504	0.0485
ENSG00000254186.3	AC113414.1	lncRNA	0	0	0	0.0000	0.0000	0.0000
ENSG00000254187.1	AC008708.2	lncRNA	0	0	0	0.0000	0.0000	0.0000
ENSG00000254189.1	AC090095.1	processed_pseudogene	0	0	0	0.0000	0.0000	0.0000
ENSG00000254190.1	AC023632.3	processed_pseudogene	0	0	0	0.0000	0.0000	0.0000
ENSG00000254192.1	AC011365.1	lncRNA	2	60	45	0.2097	0.0614	0.0591
ENSG00000254193.1	AC131281.2	processed_pseudogene	0	0	0	0.0000	0.0000	0.0000
ENSG00000254194.5	AF279873.4	lncRNA	0	0	0	0.0000	0.0000	0.0000
ENSG00000254195.1	TPM3P3	processed_pseudogene	0	0	0	0.0000	0.0000	0.0000
ENSG00000254197.1	AC011676.3	lncRNA	0	0	0	0.0000	0.0000	0.0000
ENSG00000254198.1	AC113191.1	processed_pseudogene	0	42	52	0.0000	0.0000	0.0000
ENSG00000254200.1	RPL7AP33	processed_pseudogene	1	1	0	0.1444	0.0423	0.0407
ENSG00000254201.1	AC068880.3	lncRNA	0	0	0	0.0000	0.0000	0.0000
ENSG00000254202.2	AC015522.1	lncRNA	0	0	0	0.0000	0.0000	0.0000
ENSG00000254203.1	IGHVII-33-1	IG_V_pseudogene	0	0	0	0.0000	0.0000	0.0000
ENSG00000254204.1	AC022034.4	lncRNA	0	18	18	0.0000	0.0000	0.0000
ENSG00000254205.1	AC009686.1	lncRNA	0	1	1	0.0000	0.0000	0.0000
ENSG00000254206.5	NPIPB11	protein_coding	18	9	9	0.3476	0.1018	0.0980
ENSG00000254207.1	AC100797.1	lncRNA	4	0	4	1.0749	0.3149	0.3032
ENSG00000254208.1	AC011773.1	lncRNA	1	5	8	0.1815	0.0532	0.0512
ENSG00000254209.2	LINC02855	lncRNA	0	0	0	0.0000	0.0000	0.0000
ENSG00000254211.6	LINC01485	lncRNA	0	0	1	0.0000	0.0000	0.0000
ENSG00000254212.1	AC009901.2	processed_pseudogene	0	0	0	0.0000	0.0000	0.0000
ENSG00000254213.2	PRXL2AP2	processed_pseudogene	0	0	0	0.0000	0.0000	0.0000
ENSG00000254215.1	IGHVIII-11-1	IG_V_pseudogene	0	0	0	0.0000	0.0000	0.0000
ENSG00000254216.1	AC107952.1	processed_pseudogene	0	0	0	0.0000	0.0000	0.0000
ENSG00000254219.1	AC087439.2	lncRNA	0	0	0	0.0000	0.0000	0.0000
ENSG00000254220.1	IGKV2D-18	IG_V_pseudogene	0	0	1	0.0000	0.0000	0.0000
ENSG00000254221.2	PCDHGB1	protein_coding	431	303	295	7.6683	2.2462	2.1629
ENSG00000254222.1	AC023866.2	lncRNA	0	0	0	0.0000	0.0000	0.0000
ENSG00000254224.2	AP003465.1	lncRNA	7	690	819	0.3833	0.1123	0.1081
ENSG00000254225.1	BTF3P1	processed_pseudogene	0	0	0	0.0000	0.0000	0.0000
ENSG00000254226.6	LINC01933	lncRNA	0	1	0	0.0000	0.0000	0.0000
ENSG00000254227.1	AC024681.2	lncRNA	0	0	0	0.0000	0.0000	0.0000
ENSG00000254228.2	IGHV3-42	IG_V_pseudogene	0	0	0	0.0000	0.0000	0.0000
ENSG00000254229.2	FAM90A12P	unprocessed_pseudogene	0	0	0	0.0000	0.0000	0.0000
ENSG00000254230.1	AC037459.3	lncRNA	0	528	565	0.0000	0.0000	0.0000
ENSG00000254231.3	AC103760.1	lncRNA	18	9	9	0.2799	0.0820	0.0789
ENSG00000254233.1	LINC02365	lncRNA	0	0	0	0.0000	0.0000	0.0000
ENSG00000254236.1	AP003550.1	lncRNA	2	133	144	0.4102	0.1202	0.1157
ENSG00000254237.6	AC021242.2	lncRNA	1	1	0	0.0318	0.0093	0.0090
ENSG00000254238.1	AC100782.1	lncRNA	2	108	123	0.2879	0.0843	0.0812
ENSG00000254239.1	AC002428.2	lncRNA	0	0	0	0.0000	0.0000	0.0000
ENSG00000254240.1	IGLVI-20	IG_V_pseudogene	0	0	0	0.0000	0.0000	0.0000
ENSG00000254241.1	MTCO1P47	processed_pseudogene	0	0	0	0.0000	0.0000	0.0000
ENSG00000254242.2	AC100849.2	lncRNA	0	0	0	0.0000	0.0000	0.0000
ENSG00000254244.1	PAICSP4	processed_pseudogene	15	9	6	1.0166	0.2978	0.2867
ENSG00000254245.3	PCDHGA3	protein_coding	9	4	5	0.1569	0.0460	0.0442
ENSG00000254246.1	AC011377.1	lncRNA	0	0	0	0.0000	0.0000	0.0000
ENSG00000254247.1	AC107953.1	processed_pseudogene	0	0	0	0.0000	0.0000	0.0000
ENSG00000254248.1	AC068189.1	lncRNA	6	1	5	0.6417	0.1880	0.1810
ENSG00000254249.1	AC100871.2	lncRNA	0	0	0	0.0000	0.0000	0.0000
ENSG00000254251.1	AC103770.1	lncRNA	0	0	0	0.0000	0.0000	0.0000
ENSG00000254252.1	RPL7P20	processed_pseudogene	6	1	5	0.6839	0.2003	0.1929
ENSG00000254253.1	NACAP10	processed_pseudogene	0	0	0	0.0000	0.0000	0.0000
ENSG00000254254.6	AC012349.1	lncRNA	0	2	1	0.0000	0.0000	0.0000
ENSG00000254255.1	AC060788.1	processed_pseudogene	0	0	0	0.0000	0.0000	0.0000
ENSG00000254256.1	RPSAP71	processed_pseudogene	0	0	0	0.0000	0.0000	0.0000
ENSG00000254258.1	AC087354.1	lncRNA	1	0	1	0.0819	0.0240	0.0231
ENSG00000254260.1	AC015468.3	lncRNA	0	0	0	0.0000	0.0000	0.0000
ENSG00000254261.1	AL451137.2	lncRNA	10	7	3	1.9169	0.5615	0.5407
ENSG00000254263.1	AC022973.4	lncRNA	1	0	1	0.1818	0.0533	0.0513
ENSG00000254264.2	IGKV3OR22-2	IG_V_pseudogene	0	0	0	0.0000	0.0000	0.0000
ENSG00000254265.1	AC100810.2	processed_pseudogene	0	0	0	0.0000	0.0000	0.0000
ENSG00000254266.6	PKIA-AS1	lncRNA	0	0	0	0.0000	0.0000	0.0000
ENSG00000254268.1	RFPL4AP7	processed_pseudogene	0	0	0	0.0000	0.0000	0.0000
ENSG00000254270.1	ERHP1	processed_pseudogene	1	1	0	0.2739	0.0802	0.0773
ENSG00000254271.1	ANK3-DT	lncRNA	0	0	0	0.0000	0.0000	0.0000
ENSG00000254272.1	BTF3P3	processed_pseudogene	4	1	3	0.8205	0.2403	0.2314
ENSG00000254273.1	AC018620.1	processed_pseudogene	0	0	0	0.0000	0.0000	0.0000
ENSG00000254274.1	TDGF1P5	processed_pseudogene	1	1	0	0.1875	0.0549	0.0529
ENSG00000254275.6	LINC00824	lncRNA	0	0	0	0.0000	0.0000	0.0000
ENSG00000254277.1	AC009446.1	lncRNA	0	0	0	0.0000	0.0000	0.0000
ENSG00000254278.1	AC107953.2	lncRNA	1	0	1	0.0603	0.0177	0.0170
ENSG00000254279.1	IGHVII-1-1	IG_V_pseudogene	0	0	0	0.0000	0.0000	0.0000
ENSG00000254283.1	AC023632.4	processed_pseudogene	0	0	0	0.0000	0.0000	0.0000
ENSG00000254285.3	KRT8P3	processed_pseudogene	0	0	0	0.0000	0.0000	0.0000
ENSG00000254287.1	AC007991.4	lncRNA	0	40	38	0.0000	0.0000	0.0000
ENSG00000254288.1	AC087672.2	lncRNA	6	3	3	0.6904	0.2022	0.1947
ENSG00000254289.2	IGHV3-32	IG_V_pseudogene	0	0	0	0.0000	0.0000	0.0000
ENSG00000254290.1	AC124067.4	lncRNA	2	0	2	0.0714	0.0209	0.0201
ENSG00000254291.1	AC011676.4	lncRNA	0	0	0	0.0000	0.0000	0.0000
ENSG00000254292.1	IGKV2D-14	IG_V_pseudogene	0	0	0	0.0000	0.0000	0.0000
ENSG00000254293.1	AC026688.2	lncRNA	0	1	0	0.0000	0.0000	0.0000
ENSG00000254294.1	IMPDH1P6	processed_pseudogene	2	0	3	0.1122	0.0329	0.0316
ENSG00000254295.1	AC008429.3	lncRNA	0	5	1	0.0000	0.0000	0.0000
ENSG00000254297.1	AC091820.1	lncRNA	0	0	0	0.0000	0.0000	0.0000
ENSG00000254298.1	AC008641.1	lncRNA	0	0	0	0.0000	0.0000	0.0000
ENSG00000254299.3	LINC01944	lncRNA	0	0	0	0.0000	0.0000	0.0000
ENSG00000254300.1	LINC01111	lncRNA	0	0	0	0.0000	0.0000	0.0000
ENSG00000254302.2	AC087855.2	lncRNA	0	0	0	0.0000	0.0000	0.0000
ENSG00000254303.1	AC037486.1	lncRNA	0	0	0	0.0000	0.0000	0.0000
ENSG00000254305.1	MRPL9P1	transcribed_processed_pseudogene	0	0	0	0.0000	0.0000	0.0000
ENSG00000254306.1	AC137579.2	lncRNA	1	1	0	0.1541	0.0451	0.0435
ENSG00000254307.2	AP003692.1	lncRNA	0	412	382	0.0000	0.0000	0.0000
ENSG00000254308.1	IGLVIV-59	IG_V_pseudogene	0	0	0	0.0000	0.0000	0.0000
ENSG00000254309.1	AC124290.3	processed_pseudogene	0	0	0	0.0000	0.0000	0.0000
ENSG00000254310.1	AC025755.1	processed_pseudogene	3	2	1	0.9164	0.2684	0.2585
ENSG00000254311.1	SNRPCP17	processed_pseudogene	0	0	0	0.0000	0.0000	0.0000
ENSG00000254312.1	MRPL57P7	processed_pseudogene	0	0	0	0.0000	0.0000	0.0000
ENSG00000254313.1	AC090821.3	processed_pseudogene	0	0	0	0.0000	0.0000	0.0000
ENSG00000254314.1	AC021915.2	lncRNA	0	0	0	0.0000	0.0000	0.0000
ENSG00000254315.1	AC023632.5	lncRNA	0	0	0	0.0000	0.0000	0.0000
ENSG00000254316.1	AC090820.1	processed_pseudogene	0	0	0	0.0000	0.0000	0.0000
ENSG00000254317.1	AC022973.5	lncRNA	7	23	19	0.6482	0.1899	0.1828
ENSG00000254319.6	AC246817.2	lncRNA	1	0	1	0.0082	0.0024	0.0023
ENSG00000254320.1	AP006245.2	processed_pseudogene	0	0	0	0.0000	0.0000	0.0000
ENSG00000254321.2	AC016813.1	lncRNA	0	0	0	0.0000	0.0000	0.0000
ENSG00000254324.3	MIR151A	miRNA	0	0	0	0.0000	0.0000	0.0000
ENSG00000254325.2	AC018607.1	lncRNA	0	0	0	0.0000	0.0000	0.0000
ENSG00000254326.1	IGHV7-27	IG_V_pseudogene	1	0	1	0.2573	0.0754	0.0726
ENSG00000254328.1	AC008429.4	processed_pseudogene	0	1	1	0.0000	0.0000	0.0000
ENSG00000254329.1	IGHVII-60-1	IG_V_pseudogene	0	0	0	0.0000	0.0000	0.0000
ENSG00000254330.1	AC104232.2	lncRNA	0	0	0	0.0000	0.0000	0.0000
ENSG00000254331.1	CKS1BP7	processed_pseudogene	0	0	0	0.0000	0.0000	0.0000
ENSG00000254332.1	AF201337.1	processed_pseudogene	39	18	21	4.4277	1.2969	1.2489
ENSG00000254333.1	NDST1-AS1	lncRNA	0	8	19	0.0000	0.0000	0.0000
ENSG00000254334.2	AC021355.1	lncRNA	0	0	0	0.0000	0.0000	0.0000
ENSG00000254335.1	CDH12P1	unprocessed_pseudogene	0	0	0	0.0000	0.0000	0.0000
ENSG00000254336.1	AC008694.2	processed_pseudogene	0	0	0	0.0000	0.0000	0.0000
ENSG00000254337.2	AC083967.1	lncRNA	1	1	0	0.0974	0.0285	0.0275
ENSG00000254338.1	MAFA-AS1	lncRNA	3	1	2	0.6109	0.1790	0.1723
ENSG00000254339.5	AC064802.1	lncRNA	0	0	0	0.0000	0.0000	0.0000
ENSG00000254340.2	AC022784.5	lncRNA	8	68	83	0.9449	0.2768	0.2665
ENSG00000254341.2	SNORD87	snoRNA	0	0	0	0.0000	0.0000	0.0000
ENSG00000254342.1	AC022616.6	processed_pseudogene	0	0	0	0.0000	0.0000	0.0000
ENSG00000254343.2	AC091563.1	lncRNA	102	59	43	11.5185	3.3739	3.2489
ENSG00000254344.3	LINC01288	lncRNA	0	0	0	0.0000	0.0000	0.0000
ENSG00000254345.1	IGKV2D-23	IG_V_pseudogene	0	0	0	0.0000	0.0000	0.0000
ENSG00000254346.2	MTND1P6	processed_pseudogene	0	0	0	0.0000	0.0000	0.0000
ENSG00000254347.1	AC011131.1	lncRNA	0	0	0	0.0000	0.0000	0.0000
ENSG00000254348.1	AC120036.3	processed_pseudogene	0	0	0	0.0000	0.0000	0.0000
ENSG00000254349.6	MIR2052HG	lncRNA	5	3	2	0.0621	0.0182	0.0175
ENSG00000254350.1	AC091979.1	lncRNA	0	0	0	0.0000	0.0000	0.0000
ENSG00000254351.1	ARL2BPP5	processed_pseudogene	0	0	0	0.0000	0.0000	0.0000
ENSG00000254352.1	AC100854.1	processed_pseudogene	2	1	1	0.4981	0.1459	0.1405
ENSG00000254355.1	IGLVI-68	IG_V_pseudogene	0	0	0	0.0000	0.0000	0.0000
ENSG00000254357.1	AC090200.1	lncRNA	0	0	0	0.0000	0.0000	0.0000
ENSG00000254358.1	CYCSP22	processed_pseudogene	0	0	0	0.0000	0.0000	0.0000
ENSG00000254361.2	AC046195.2	lncRNA	0	0	0	0.0000	0.0000	0.0000
ENSG00000254362.1	AC011726.2	lncRNA	0	0	0	0.0000	0.0000	0.0000
ENSG00000254363.6	AC011379.2	lncRNA	5	4	1	0.0692	0.0203	0.0195
ENSG00000254364.1	AP000424.2	lncRNA	0	0	0	0.0000	0.0000	0.0000
ENSG00000254365.1	AC091820.2	lncRNA	0	0	0	0.0000	0.0000	0.0000
ENSG00000254366.7	AC062004.1	lncRNA	3	2	1	0.1462	0.0428	0.0412
ENSG00000254367.5	AC087269.1	lncRNA	0	0	0	0.0000	0.0000	0.0000
ENSG00000254369.6	HOXA-AS3	lncRNA	9	58	51	0.1281	0.0375	0.0361
ENSG00000254370.1	AC025871.2	lncRNA	2	2	0	0.3324	0.0974	0.0937
ENSG00000254372.1	AC040914.1	lncRNA	1	0	1	0.2670	0.0782	0.0753
ENSG00000254373.1	AC112191.2	processed_pseudogene	2	0	2	0.5100	0.1494	0.1439
ENSG00000254376.2	SOX5P1	processed_pseudogene	0	0	0	0.0000	0.0000	0.0000
ENSG00000254377.6	MIR124-2HG	lncRNA	0	0	0	0.0000	0.0000	0.0000
ENSG00000254380.2	AC084734.1	lncRNA	0	0	0	0.0000	0.0000	0.0000
ENSG00000254381.3	TUBB8P5	unprocessed_pseudogene	0	0	0	0.0000	0.0000	0.0000
ENSG00000254383.1	AC048387.1	lncRNA	0	0	0	0.0000	0.0000	0.0000
ENSG00000254384.1	MTND6P19	unprocessed_pseudogene	0	0	0	0.0000	0.0000	0.0000
ENSG00000254387.1	MYL12AP1	processed_pseudogene	1	0	1	0.1649	0.0483	0.0465
ENSG00000254388.1	DUTP2	processed_pseudogene	0	0	0	0.0000	0.0000	0.0000
ENSG00000254389.3	RHPN1-AS1	lncRNA	30	13	18	1.3283	0.3891	0.3746
ENSG00000254391.1	AC011363.1	lncRNA	7	6	2	1.2979	0.3802	0.3661
ENSG00000254392.1	AC090539.2	processed_pseudogene	0	0	0	0.0000	0.0000	0.0000
ENSG00000254394.2	AC060765.2	lncRNA	4	3	1	0.0693	0.0203	0.0195
ENSG00000254395.1	IGHV4-55	IG_V_pseudogene	35	19	16	8.0767	2.3658	2.2781
ENSG00000254396.1	AL355432.1	lncRNA	2	1	1	0.3011	0.0882	0.0849
ENSG00000254397.1	AC132192.1	lncRNA	1	1	0	0.1422	0.0417	0.0401
ENSG00000254398.1	AC055876.2	unprocessed_pseudogene	0	0	3	0.0000	0.0000	0.0000
ENSG00000254399.2	GLYATL1P4	unprocessed_pseudogene	0	0	0	0.0000	0.0000	0.0000
ENSG00000254400.1	AC091564.2	lncRNA	0	69	61	0.0000	0.0000	0.0000
ENSG00000254401.2	LINC02752	lncRNA	0	0	0	0.0000	0.0000	0.0000
ENSG00000254402.7	LRRC24	protein_coding	0	197	217	0.0000	0.0000	0.0000
ENSG00000254403.1	OR10Y1P	unprocessed_pseudogene	0	0	0	0.0000	0.0000	0.0000
ENSG00000254404.1	AP003306.1	lncRNA	0	0	0	0.0000	0.0000	0.0000
ENSG00000254406.1	AP001994.1	processed_pseudogene	0	0	0	0.0000	0.0000	0.0000
ENSG00000254407.1	PHBP17	processed_pseudogene	0	0	0	0.0000	0.0000	0.0000
ENSG00000254408.1	OR4A1P	unprocessed_pseudogene	0	0	0	0.0000	0.0000	0.0000
ENSG00000254409.3	AC087521.3	lncRNA	7	4	5	0.5201	0.1523	0.1467
ENSG00000254411.1	AP002512.1	processed_pseudogene	0	0	0	0.0000	0.0000	0.0000
ENSG00000254412.1	AC118273.1	processed_pseudogene	0	0	0	0.0000	0.0000	0.0000
ENSG00000254413.8	CHKB-CPT1B	protein_coding	1	2	0	0.0169	0.0050	0.0048
ENSG00000254415.3	SIGLEC14	protein_coding	116	60	56	4.7314	1.3859	1.3345
ENSG00000254416.6	LINC02732	lncRNA	1582	788	794	57.8073	16.9327	16.3049
ENSG00000254417.1	LINC02584	lncRNA	0	0	0	0.0000	0.0000	0.0000
ENSG00000254418.1	SPON1-AS1	lncRNA	1	40	35	0.3538	0.1036	0.0998
ENSG00000254419.1	AL139349.1	lncRNA	3	2	1	0.4415	0.1293	0.1245
ENSG00000254420.1	AP003086.1	lncRNA	0	22	30	0.0000	0.0000	0.0000
ENSG00000254422.1	AP000942.2	lncRNA	0	362	400	0.0000	0.0000	0.0000
ENSG00000254423.1	AC087203.1	processed_pseudogene	0	0	0	0.0000	0.0000	0.0000
ENSG00000254424.1	AP003733.2	processed_pseudogene	0	1	0	0.0000	0.0000	0.0000
ENSG00000254425.1	AC022690.1	processed_pseudogene	0	0	0	0.0000	0.0000	0.0000
ENSG00000254427.2	LINC02696	lncRNA	15	6	9	0.2465	0.0722	0.0695
ENSG00000254428.1	AP003392.1	lncRNA	5	1	4	0.8119	0.2378	0.2290
ENSG00000254429.1	AP001972.1	lncRNA	0	412	435	0.0000	0.0000	0.0000
ENSG00000254430.1	OR6M3P	unprocessed_pseudogene	0	0	0	0.0000	0.0000	0.0000
ENSG00000254431.1	AC084083.1	lncRNA	1	1	0	0.1176	0.0345	0.0332
ENSG00000254432.1	AC113143.1	lncRNA	0	0	0	0.0000	0.0000	0.0000
ENSG00000254433.1	AP001001.1	lncRNA	4	154	151	0.2724	0.0798	0.0768
ENSG00000254434.1	AP006295.1	lncRNA	0	0	0	0.0000	0.0000	0.0000
ENSG00000254436.1	AP000648.2	processed_pseudogene	0	0	0	0.0000	0.0000	0.0000
ENSG00000254437.1	AP003398.1	processed_pseudogene	1	1	0	0.2670	0.0782	0.0753
ENSG00000254438.1	LINC02683	lncRNA	0	0	0	0.0000	0.0000	0.0000
ENSG00000254440.3	PBOV1	protein_coding	1	0	1	0.0339	0.0099	0.0096
ENSG00000254441.1	EIF2S2P6	processed_pseudogene	0	0	0	0.0000	0.0000	0.0000
ENSG00000254442.1	AP000859.1	processed_pseudogene	0	0	0	0.0000	0.0000	0.0000
ENSG00000254443.1	AC068733.1	lncRNA	0	0	0	0.0000	0.0000	0.0000
ENSG00000254444.1	AC022762.1	lncRNA	0	0	0	0.0000	0.0000	0.0000
ENSG00000254445.1	HSPB2-C11orf52	protein_coding	0	0	0	0.0000	0.0000	0.0000
ENSG00000254447.3	OR7E11P	lncRNA	0	0	0	0.0000	0.0000	0.0000
ENSG00000254449.1	SF3A3P2	processed_pseudogene	3	3	0	0.1691	0.0495	0.0477
ENSG00000254450.1	ALG9-IT1	lncRNA	0	0	0	0.0000	0.0000	0.0000
ENSG00000254451.2	CAPS2-AS1	lncRNA	0	0	0	0.0000	0.0000	0.0000
ENSG00000254452.1	AP001107.2	lncRNA	0	2000	1929	0.0000	0.0000	0.0000
ENSG00000254453.1	NAV2-AS2	lncRNA	0	161	135	0.0000	0.0000	0.0000
ENSG00000254454.2	RCC2P6	processed_pseudogene	1	1	0	0.0545	0.0160	0.0154
ENSG00000254455.1	HIGD1AP10	processed_pseudogene	0	0	0	0.0000	0.0000	0.0000
ENSG00000254456.6	LINC02699	lncRNA	0	0	0	0.0000	0.0000	0.0000
ENSG00000254457.3	OR5D2P	unprocessed_pseudogene	0	0	0	0.0000	0.0000	0.0000
ENSG00000254458.1	AP001107.3	lncRNA	1	0	1	0.1561	0.0457	0.0440
ENSG00000254459.1	AP002812.2	lncRNA	0	15	12	0.0000	0.0000	0.0000
ENSG00000254460.1	AP002815.1	lncRNA	0	0	0	0.0000	0.0000	0.0000
ENSG00000254461.1	AP001107.4	lncRNA	1	62	81	0.1576	0.0461	0.0444
ENSG00000254463.1	PPIAP41	processed_pseudogene	1	1	0	0.1769	0.0518	0.0499
ENSG00000254464.1	OR4A3P	unprocessed_pseudogene	0	0	0	0.0000	0.0000	0.0000
ENSG00000254465.1	THAP12P4	processed_pseudogene	0	0	0	0.0000	0.0000	0.0000
ENSG00000254466.2	OR4D10	protein_coding	0	0	0	0.0000	0.0000	0.0000
ENSG00000254467.2	AP002765.1	lncRNA	0	0	1	0.0000	0.0000	0.0000
ENSG00000254468.2	AC069287.1	lncRNA	0	0	1	0.0000	0.0000	0.0000
ENSG00000254469.7	AP002495.1	protein_coding	54	20	36	1.2560	0.3679	0.3543
ENSG00000254470.3	AP5B1	protein_coding	1204	597	607	14.6482	4.2907	4.1316
ENSG00000254471.1	AP001284.1	processed_pseudogene	1	0	1	0.0401	0.0117	0.0113
ENSG00000254472.1	OR4A49P	unprocessed_pseudogene	0	0	0	0.0000	0.0000	0.0000
ENSG00000254473.1	AL354920.1	lncRNA	74	107	83	5.5415	1.6232	1.5630
ENSG00000254475.1	OR2AT1P	unprocessed_pseudogene	0	0	0	0.0000	0.0000	0.0000
ENSG00000254477.2	AP000640.1	lncRNA	10	9	1	0.4328	0.1268	0.1221
ENSG00000254478.1	AP004609.2	processed_pseudogene	0	0	0	0.0000	0.0000	0.0000
ENSG00000254479.1	SLC25A1P1	processed_pseudogene	2	2	0	0.1832	0.0537	0.0517
ENSG00000254480.2	LINC02749	lncRNA	0	0	0	0.0000	0.0000	0.0000
ENSG00000254481.1	PTP4A2P2	processed_pseudogene	5	3	2	0.8458	0.2478	0.2386
ENSG00000254482.1	AP003102.1	processed_pseudogene	0	0	0	0.0000	0.0000	0.0000
ENSG00000254483.1	SUGT1P4	unprocessed_pseudogene	0	0	0	0.0000	0.0000	0.0000
ENSG00000254484.1	AP002336.1	lncRNA	0	0	0	0.0000	0.0000	0.0000
ENSG00000254485.5	AC026191.1	lncRNA	0	81	86	0.0000	0.0000	0.0000
ENSG00000254486.1	LINC02547	lncRNA	1	0	1	0.0257	0.0075	0.0072
ENSG00000254487.2	AC130364.1	unprocessed_pseudogene	0	0	0	0.0000	0.0000	0.0000
ENSG00000254488.1	AC007876.1	lncRNA	0	0	0	0.0000	0.0000	0.0000
ENSG00000254489.2	MPPED2-AS1	lncRNA	0	0	0	0.0000	0.0000	0.0000
ENSG00000254490.1	OR5M7P	unprocessed_pseudogene	0	0	0	0.0000	0.0000	0.0000
ENSG00000254491.1	AC022832.1	processed_pseudogene	11	8	3	1.4483	0.4242	0.4085
ENSG00000254492.1	AP001328.1	processed_pseudogene	0	0	0	0.0000	0.0000	0.0000
ENSG00000254495.1	AP000487.2	lncRNA	1	1	0	0.2155	0.0631	0.0608
ENSG00000254496.1	CBX3P8	processed_pseudogene	1	1	0	0.1618	0.0474	0.0456
ENSG00000254497.1	AC103681.1	lncRNA	0	0	0	0.0000	0.0000	0.0000
ENSG00000254498.1	AC104042.1	processed_pseudogene	0	0	0	0.0000	0.0000	0.0000
ENSG00000254499.1	AC002056.2	lncRNA	1	2	1	0.2990	0.0876	0.0843
ENSG00000254500.1	RANP3	processed_pseudogene	0	0	0	0.0000	0.0000	0.0000
ENSG00000254501.1	AP003068.1	lncRNA	2	444	380	0.3122	0.0915	0.0881
ENSG00000254502.1	FNTAP1	processed_pseudogene	5	3	2	0.3741	0.1096	0.1055
ENSG00000254503.1	AC010319.1	processed_pseudogene	7	2	5	0.4725	0.1384	0.1333
ENSG00000254505.11	CHMP4A	protein_coding	11	4	7	0.3989	0.1168	0.1125
ENSG00000254506.1	AP003080.1	transcribed_processed_pseudogene	0	0	0	0.0000	0.0000	0.0000
ENSG00000254507.2	DEFB131E	transcribed_processed_pseudogene	84	45	39	10.4441	3.0592	2.9458
ENSG00000254508.5	FBXO3-DT	lncRNA	0	0	0	0.0000	0.0000	0.0000
ENSG00000254509.1	AP000866.3	processed_pseudogene	0	3	3	0.0000	0.0000	0.0000
ENSG00000254510.2	AP001107.5	lncRNA	0	0	0	0.0000	0.0000	0.0000
ENSG00000254511.1	AP002802.1	lncRNA	0	0	0	0.0000	0.0000	0.0000
ENSG00000254512.1	PHBP2	processed_pseudogene	0	0	0	0.0000	0.0000	0.0000
ENSG00000254514.1	AC103855.1	lncRNA	0	0	0	0.0000	0.0000	0.0000
ENSG00000254515.1	AP001124.1	processed_pseudogene	0	0	0	0.0000	0.0000	0.0000
ENSG00000254516.1	LINC02760	lncRNA	0	0	0	0.0000	0.0000	0.0000
ENSG00000254517.1	AC027369.2	unprocessed_pseudogene	0	0	0	0.0000	0.0000	0.0000
ENSG00000254518.1	LINC02750	lncRNA	0	0	0	0.0000	0.0000	0.0000
ENSG00000254519.5	AC044839.1	lncRNA	0	0	0	0.0000	0.0000	0.0000
ENSG00000254521.7	SIGLEC12	protein_coding	32	16	16	1.1603	0.3399	0.3273
ENSG00000254522.1	AP001767.1	processed_pseudogene	0	0	0	0.0000	0.0000	0.0000
ENSG00000254524.1	OR8I4P	unprocessed_pseudogene	0	0	0	0.0000	0.0000	0.0000
ENSG00000254526.1	AC090791.1	lncRNA	0	0	0	0.0000	0.0000	0.0000
ENSG00000254527.1	ENPP7P12	processed_pseudogene	1	0	1	0.1346	0.0394	0.0380
ENSG00000254528.7	AP000757.1	lncRNA	1	92	100	0.0580	0.0170	0.0164
ENSG00000254529.1	MRGPRX7P	unprocessed_pseudogene	0	0	0	0.0000	0.0000	0.0000
ENSG00000254530.2	LINC02755	lncRNA	0	0	0	0.0000	0.0000	0.0000
ENSG00000254531.1	FLJ20021	lncRNA	115	51	64	12.3618	3.6210	3.4867
ENSG00000254532.2	AL358944.1	lncRNA	2	0	2	0.2071	0.0607	0.0584
ENSG00000254533.1	AF186192.1	lncRNA	0	0	0	0.0000	0.0000	0.0000
ENSG00000254534.1	AP000776.1	unprocessed_pseudogene	0	0	0	0.0000	0.0000	0.0000
ENSG00000254535.4	PABPC4L	protein_coding	35	20	15	0.5962	0.1746	0.1682
ENSG00000254536.2	AL360181.3	protein_coding	5	3	2	0.1474	0.0432	0.0416
ENSG00000254537.1	AL137161.1	processed_pseudogene	0	0	0	0.0000	0.0000	0.0000
ENSG00000254538.1	AC027018.1	lncRNA	0	0	0	0.0000	0.0000	0.0000
ENSG00000254539.1	AC239804.1	lncRNA	1	1	0	0.0977	0.0286	0.0276
ENSG00000254540.1	AC040936.1	lncRNA	0	0	0	0.0000	0.0000	0.0000
ENSG00000254541.1	MRGPRX6P	unprocessed_pseudogene	0	0	0	0.0000	0.0000	0.0000
ENSG00000254542.1	NAV2-AS3	lncRNA	0	0	0	0.0000	0.0000	0.0000
ENSG00000254543.1	HSPD1P2	processed_pseudogene	2	1	1	0.1094	0.0320	0.0308
ENSG00000254544.1	PCNAP4	processed_pseudogene	0	0	0	0.0000	0.0000	0.0000
ENSG00000254545.1	AL354919.2	lncRNA	0	17	16	0.0000	0.0000	0.0000
ENSG00000254546.1	MRGPRX13P	processed_pseudogene	0	0	0	0.0000	0.0000	0.0000
ENSG00000254547.1	AC036111.1	unprocessed_pseudogene	119	64	55	6.3878	1.8711	1.8017
ENSG00000254548.1	AC105219.1	lncRNA	0	0	1	0.0000	0.0000	0.0000
ENSG00000254550.1	OMP	protein_coding	2	1	1	0.3452	0.1011	0.0974
ENSG00000254551.1	AP000873.3	lncRNA	0	19	11	0.0000	0.0000	0.0000
ENSG00000254552.1	XIRP2-AS1	lncRNA	0	0	0	0.0000	0.0000	0.0000
ENSG00000254553.1	AL033529.1	protein_coding	1	0	1	0.0246	0.0072	0.0069
ENSG00000254554.1	AC080023.1	lncRNA	0	0	0	0.0000	0.0000	0.0000
ENSG00000254555.1	AP003730.1	processed_pseudogene	0	0	0	0.0000	0.0000	0.0000
ENSG00000254556.1	AF131215.2	lncRNA	0	0	0	0.0000	0.0000	0.0000
ENSG00000254557.1	AC091047.1	lncRNA	0	0	0	0.0000	0.0000	0.0000
ENSG00000254558.1	AP005435.1	unprocessed_pseudogene	1	0	1	0.0721	0.0211	0.0203
ENSG00000254559.1	AC069287.2	lncRNA	0	443	443	0.0000	0.0000	0.0000
ENSG00000254560.6	BBOX1-AS1	lncRNA	3	2	1	0.1897	0.0556	0.0535
ENSG00000254561.4	AP003393.1	lncRNA	0	0	0	0.0000	0.0000	0.0000
ENSG00000254562.7	LINC01493	lncRNA	0	0	0	0.0000	0.0000	0.0000
ENSG00000254563.1	AP002768.1	lncRNA	0	0	0	0.0000	0.0000	0.0000
ENSG00000254564.1	AC100767.1	processed_pseudogene	0	0	0	0.0000	0.0000	0.0000
ENSG00000254565.1	MTND2P26	processed_pseudogene	0	0	0	0.0000	0.0000	0.0000
ENSG00000254566.1	AC087277.1	lncRNA	0	0	0	0.0000	0.0000	0.0000
ENSG00000254567.2	UBTFL9	processed_pseudogene	0	0	0	0.0000	0.0000	0.0000
ENSG00000254568.1	AP003501.1	lncRNA	0	24	29	0.0000	0.0000	0.0000
ENSG00000254569.1	AP002004.1	unprocessed_pseudogene	0	0	0	0.0000	0.0000	0.0000
ENSG00000254571.1	AL358937.1	lncRNA	0	15	26	0.0000	0.0000	0.0000
ENSG00000254572.2	GLULP3	processed_pseudogene	2	0	2	0.1628	0.0477	0.0459
ENSG00000254573.1	AP004550.1	lncRNA	0	0	0	0.0000	0.0000	0.0000
ENSG00000254574.1	AC105219.2	lncRNA	0	0	0	0.0000	0.0000	0.0000
ENSG00000254575.2	AC022039.1	lncRNA	0	0	0	0.0000	0.0000	0.0000
ENSG00000254576.2	OR4C1P	transcribed_unprocessed_pseudogene	0	0	0	0.0000	0.0000	0.0000
ENSG00000254577.1	AC087276.1	lncRNA	1	0	1	0.4640	0.1359	0.1309
ENSG00000254578.1	AC084125.1	lncRNA	0	419	378	0.0000	0.0000	0.0000
ENSG00000254579.2	AC090720.1	transcribed_processed_pseudogene	0	0	0	0.0000	0.0000	0.0000
ENSG00000254580.1	LINC02719	lncRNA	0	0	0	0.0000	0.0000	0.0000
ENSG00000254581.1	AC068587.1	processed_pseudogene	0	0	0	0.0000	0.0000	0.0000
ENSG00000254582.1	PSMA2P1	processed_pseudogene	0	0	0	0.0000	0.0000	0.0000
ENSG00000254583.1	AC021269.1	processed_pseudogene	0	0	0	0.0000	0.0000	0.0000
ENSG00000254584.2	AL035078.1	lncRNA	0	0	0	0.0000	0.0000	0.0000
ENSG00000254585.5	MAGEL2	protein_coding	15	8	7	0.2949	0.0864	0.0832
ENSG00000254586.2	AC124301.1	lncRNA	0	0	0	0.0000	0.0000	0.0000
ENSG00000254587.2	AP003066.1	lncRNA	0	0	0	0.0000	0.0000	0.0000
ENSG00000254588.1	ETS1-AS1	lncRNA	0	0	0	0.0000	0.0000	0.0000
ENSG00000254589.1	EIF4A2P3	processed_pseudogene	2	1	1	0.1610	0.0472	0.0454
ENSG00000254590.1	AP003396.2	processed_pseudogene	0	0	0	0.0000	0.0000	0.0000
ENSG00000254591.1	AP003532.1	processed_pseudogene	0	0	0	0.0000	0.0000	0.0000
ENSG00000254592.1	AC123788.1	lncRNA	0	0	0	0.0000	0.0000	0.0000
ENSG00000254593.1	OR7E126P	unprocessed_pseudogene	1	0	2	0.0956	0.0280	0.0270
ENSG00000254594.5	LINC02686	lncRNA	0	0	0	0.0000	0.0000	0.0000
ENSG00000254595.1	AC084337.1	processed_pseudogene	13	7	6	1.6093	0.4714	0.4539
ENSG00000254596.1	AP002748.3	processed_pseudogene	0	0	0	0.0000	0.0000	0.0000
ENSG00000254598.3	CSNK2A3	protein_coding	11	10	16	0.7136	0.2090	0.2013
ENSG00000254599.1	AP003715.1	lncRNA	0	0	0	0.0000	0.0000	0.0000
ENSG00000254601.1	CYCSP26	processed_pseudogene	0	0	0	0.0000	0.0000	0.0000
ENSG00000254602.2	AP000662.1	lncRNA	3	3	6	0.0790	0.0232	0.0223
ENSG00000254603.1	OR5M6P	unprocessed_pseudogene	0	0	0	0.0000	0.0000	0.0000
ENSG00000254604.1	AP002336.2	lncRNA	20	16	12	3.1510	0.9230	0.8888
ENSG00000254605.1	AP003555.1	lncRNA	8	5	3	1.0005	0.2931	0.2822
ENSG00000254606.1	AC013714.1	lncRNA	0	0	0	0.0000	0.0000	0.0000
ENSG00000254607.2	AP001783.1	lncRNA	0	0	0	0.0000	0.0000	0.0000
ENSG00000254609.1	AC136443.1	unprocessed_pseudogene	0	0	0	0.0000	0.0000	0.0000
ENSG00000254610.3	AC004923.1	transcribed_unprocessed_pseudogene	1	0	1	0.1094	0.0321	0.0309
ENSG00000254612.2	DNAJB6P1	processed_pseudogene	227	105	122	25.9797	7.6099	7.3277
ENSG00000254613.2	OR6M2P	transcribed_unprocessed_pseudogene	0	0	0	0.0000	0.0000	0.0000
ENSG00000254614.2	AP003068.2	lncRNA	81	86	105	3.8406	1.1250	1.0833
ENSG00000254615.3	AC027031.2	lncRNA	8	3	5	0.4778	0.1399	0.1348
ENSG00000254616.1	AP001775.1	processed_pseudogene	0	0	0	0.0000	0.0000	0.0000
ENSG00000254617.1	AP005435.2	unprocessed_pseudogene	0	0	0	0.0000	0.0000	0.0000
ENSG00000254618.1	TMED10P1	processed_pseudogene	0	12	13	0.0000	0.0000	0.0000
ENSG00000254619.1	AC113192.1	lncRNA	0	0	0	0.0000	0.0000	0.0000
ENSG00000254620.1	AL050327.1	lncRNA	0	0	0	0.0000	0.0000	0.0000
ENSG00000254621.1	SETP16	processed_pseudogene	0	0	0	0.0000	0.0000	0.0000
ENSG00000254622.1	NAV2-AS4	lncRNA	0	0	0	0.0000	0.0000	0.0000
ENSG00000254623.1	DEFB108E	unprocessed_pseudogene	0	0	0	0.0000	0.0000	0.0000
ENSG00000254624.1	OR4R3P	unprocessed_pseudogene	0	0	0	0.0000	0.0000	0.0000
ENSG00000254625.1	AF233439.1	lncRNA	0	0	0	0.0000	0.0000	0.0000
ENSG00000254626.1	AP003100.1	lncRNA	2	0	2	0.2041	0.0598	0.0576
ENSG00000254627.1	AL035078.2	lncRNA	0	0	0	0.0000	0.0000	0.0000
ENSG00000254629.1	AP002370.1	processed_pseudogene	0	0	0	0.0000	0.0000	0.0000
ENSG00000254630.1	AP001922.2	lncRNA	1	0	1	0.2177	0.0638	0.0614
ENSG00000254631.5	AP001372.1	lncRNA	8	4	4	0.9976	0.2922	0.2814
ENSG00000254632.2	AP003119.1	lncRNA	0	0	0	0.0000	0.0000	0.0000
ENSG00000254633.2	AL512590.2	transcribed_unitary_pseudogene	0	0	0	0.0000	0.0000	0.0000
ENSG00000254634.4	SMG1P6	unprocessed_pseudogene	9	3	6	0.2608	0.0764	0.0736
ENSG00000254635.6	WAC-AS1	lncRNA	1022	540	539	25.6241	7.5057	7.2274
ENSG00000254636.1	ARMS2	protein_coding	0	0	0	0.0000	0.0000	0.0000
ENSG00000254637.1	OR4A18P	unprocessed_pseudogene	0	0	0	0.0000	0.0000	0.0000
ENSG00000254638.1	AP002884.1	lncRNA	0	0	0	0.0000	0.0000	0.0000
ENSG00000254639.1	AC116021.1	lncRNA	4	3	1	0.5202	0.1524	0.1467
ENSG00000254641.1	AC091564.3	lncRNA	0	0	0	0.0000	0.0000	0.0000
ENSG00000254642.1	COX6CP5	processed_pseudogene	0	0	0	0.0000	0.0000	0.0000
ENSG00000254644.1	AC007751.1	processed_pseudogene	0	0	0	0.0000	0.0000	0.0000
ENSG00000254645.2	AC087379.1	lncRNA	0	0	0	0.0000	0.0000	0.0000
ENSG00000254646.1	OR8B10P	unprocessed_pseudogene	0	0	0	0.0000	0.0000	0.0000
ENSG00000254647.7	INS	protein_coding	0	0	0	0.0000	0.0000	0.0000
ENSG00000254648.1	AP000911.1	lncRNA	0	1	0	0.0000	0.0000	0.0000
ENSG00000254649.1	AP003086.2	lncRNA	1	0	1	0.2327	0.0681	0.0656
ENSG00000254650.1	MTCYBP41	processed_pseudogene	0	0	0	0.0000	0.0000	0.0000
ENSG00000254651.1	AC018716.1	lncRNA	0	0	0	0.0000	0.0000	0.0000
ENSG00000254653.1	AC024475.1	lncRNA	0	0	0	0.0000	0.0000	0.0000
ENSG00000254654.2	LINC02685	lncRNA	0	0	0	0.0000	0.0000	0.0000
ENSG00000254655.1	AP004607.1	processed_pseudogene	0	0	0	0.0000	0.0000	0.0000
ENSG00000254656.3	RTL1	protein_coding	1	0	1	0.0157	0.0046	0.0044
ENSG00000254658.3	OR8J2	polymorphic_pseudogene	0	0	0	0.0000	0.0000	0.0000
ENSG00000254659.3	LINC02715	lncRNA	12	6	6	0.7893	0.2312	0.2226
ENSG00000254660.1	AP002512.2	processed_pseudogene	0	0	0	0.0000	0.0000	0.0000
ENSG00000254661.3	LINC02682	lncRNA	0	0	0	0.0000	0.0000	0.0000
ENSG00000254662.1	AP000781.1	lncRNA	3	549	544	0.8192	0.2399	0.2311
ENSG00000254663.1	OR4A11P	unprocessed_pseudogene	13	5	8	1.2185	0.3569	0.3437
ENSG00000254664.1	AC103681.2	lncRNA	0	0	0	0.0000	0.0000	0.0000
ENSG00000254665.1	AC091053.1	lncRNA	0	731	790	0.0000	0.0000	0.0000
ENSG00000254668.1	AC023442.1	processed_pseudogene	0	0	0	0.0000	0.0000	0.0000
ENSG00000254669.1	AL135934.1	lncRNA	0	0	0	0.0000	0.0000	0.0000
ENSG00000254670.1	RASSF10-DT	lncRNA	0	0	0	0.0000	0.0000	0.0000
ENSG00000254672.1	AL136146.1	processed_pseudogene	0	0	0	0.0000	0.0000	0.0000
ENSG00000254673.1	AC110275.1	protein_coding	0	0	0	0.0000	0.0000	0.0000
ENSG00000254674.1	OR4A42P	unprocessed_pseudogene	0	0	0	0.0000	0.0000	0.0000
ENSG00000254675.1	AP003032.1	lncRNA	0	0	0	0.0000	0.0000	0.0000
ENSG00000254676.1	AP000873.4	lncRNA	7	3	5	0.6568	0.1924	0.1853
ENSG00000254677.1	OSBPL9P2	processed_pseudogene	0	0	0	0.0000	0.0000	0.0000
ENSG00000254678.1	AP005018.1	processed_pseudogene	0	0	0	0.0000	0.0000	0.0000
ENSG00000254680.1	AC079329.1	lncRNA	0	230	214	0.0000	0.0000	0.0000
ENSG00000254681.6	PKD1P5	transcribed_unprocessed_pseudogene	10	6	4	0.0825	0.0242	0.0233
ENSG00000254682.1	AP002387.1	lncRNA	207	106	101	25.8508	7.5721	7.2914
ENSG00000254683.1	SNRPCP6	processed_pseudogene	0	0	0	0.0000	0.0000	0.0000
ENSG00000254684.1	AP002803.1	processed_pseudogene	0	0	0	0.0000	0.0000	0.0000
ENSG00000254685.6	FPGT	protein_coding	1807	909	898	36.7108	10.7532	10.3545
ENSG00000254686.2	AL138812.1	lncRNA	0	0	0	0.0000	0.0000	0.0000
ENSG00000254687.1	AC009646.2	lncRNA	0	0	0	0.0000	0.0000	0.0000
ENSG00000254688.1	AC013549.3	lncRNA	0	0	0	0.0000	0.0000	0.0000
ENSG00000254689.3	LINC02235	lncRNA	3	0	4	0.0616	0.0180	0.0174
ENSG00000254690.1	AC233992.1	lncRNA	0	0	0	0.0000	0.0000	0.0000
ENSG00000254691.1	AP002812.3	lncRNA	0	0	0	0.0000	0.0000	0.0000
ENSG00000254692.1	AL136295.1	protein_coding	0	0	0	0.0000	0.0000	0.0000
ENSG00000254693.1	AC010768.1	lncRNA	1	1588	1652	0.1564	0.0458	0.0441
ENSG00000254694.1	AP001893.1	lncRNA	4	2	2	0.9383	0.2749	0.2647
ENSG00000254695.2	AC087379.2	lncRNA	0	0	0	0.0000	0.0000	0.0000
ENSG00000254697.1	COPS8P3	processed_pseudogene	0	0	0	0.0000	0.0000	0.0000
ENSG00000254698.1	AP000893.2	lncRNA	0	0	0	0.0000	0.0000	0.0000
ENSG00000254699.1	LINC02695	lncRNA	1	0	1	0.4771	0.1397	0.1346
ENSG00000254700.1	DEFB131C	processed_pseudogene	0	0	0	0.0000	0.0000	0.0000
ENSG00000254701.3	AC138866.1	unprocessed_pseudogene	0	1	0	0.0000	0.0000	0.0000
ENSG00000254702.1	AP002353.1	processed_pseudogene	0	0	0	0.0000	0.0000	0.0000
ENSG00000254703.2	SENCR	lncRNA	19	12	9	1.2431	0.3641	0.3506
ENSG00000254704.3	AP002358.2	processed_pseudogene	0	0	0	0.0000	0.0000	0.0000
ENSG00000254705.1	AP000722.1	lncRNA	0	0	0	0.0000	0.0000	0.0000
ENSG00000254706.3	AL512785.2	protein_coding	0	0	0	0.0000	0.0000	0.0000
ENSG00000254707.1	AC104237.1	lncRNA	0	0	0	0.0000	0.0000	0.0000
ENSG00000254708.1	MMADHCP2	processed_pseudogene	2	1	1	0.1917	0.0562	0.0541
ENSG00000254709.8	IGLL5	protein_coding	64	38	26	4.0589	1.1889	1.1448
ENSG00000254710.2	AP001970.1	lncRNA	0	0	0	0.0000	0.0000	0.0000
ENSG00000254712.1	AC087280.1	processed_pseudogene	0	0	0	0.0000	0.0000	0.0000
ENSG00000254713.2	HNRNPA1P72	processed_pseudogene	1	1	0	0.0878	0.0257	0.0248
ENSG00000254715.3	OR7E154P	unprocessed_pseudogene	0	0	0	0.0000	0.0000	0.0000
ENSG00000254717.2	GLYATL1P2	transcribed_unprocessed_pseudogene	0	0	0	0.0000	0.0000	0.0000
ENSG00000254718.6	AL157756.1	lncRNA	4	3	1	0.1077	0.0315	0.0304
ENSG00000254719.1	AC080023.2	processed_pseudogene	3	2	1	1.2248	0.3588	0.3455
ENSG00000254720.1	MRGPRX10P	unprocessed_pseudogene	0	0	0	0.0000	0.0000	0.0000
ENSG00000254721.1	AP000879.1	lncRNA	0	911	894	0.0000	0.0000	0.0000
ENSG00000254722.1	FAM8A2P	unprocessed_pseudogene	0	0	0	0.0000	0.0000	0.0000
ENSG00000254723.1	OR4A12P	unprocessed_pseudogene	1	1	0	0.0925	0.0271	0.0261
ENSG00000254724.1	OR7E10P	unprocessed_pseudogene	0	0	0	0.0000	0.0000	0.0000
ENSG00000254725.1	AC009643.1	processed_pseudogene	0	0	0	0.0000	0.0000	0.0000
ENSG00000254726.3	MEX3A	protein_coding	75	38	37	0.9663	0.2831	0.2726
ENSG00000254727.1	PTP4A1P6	transcribed_processed_pseudogene	0	0	0	0.0000	0.0000	0.0000
ENSG00000254728.1	AC027369.3	unprocessed_pseudogene	2	2	0	0.0458	0.0134	0.0129
ENSG00000254730.1	AP002453.1	processed_pseudogene	0	0	0	0.0000	0.0000	0.0000
ENSG00000254731.1	AP003059.1	lncRNA	0	0	0	0.0000	0.0000	0.0000
ENSG00000254732.2	AP001931.1	protein_coding	6	3	3	0.2089	0.0612	0.0589
ENSG00000254733.1	AP001831.1	lncRNA	1	1	0	0.2066	0.0605	0.0583
ENSG00000254734.1	AC107973.1	lncRNA	0	0	0	0.0000	0.0000	0.0000
ENSG00000254735.1	HMGB1P42	processed_pseudogene	0	0	0	0.0000	0.0000	0.0000
ENSG00000254736.1	BRD9P1	processed_pseudogene	0	0	0	0.0000	0.0000	0.0000
ENSG00000254737.2	OR10G4	protein_coding	0	0	0	0.0000	0.0000	0.0000
ENSG00000254738.1	MRGPRX11P	unprocessed_pseudogene	0	0	0	0.0000	0.0000	0.0000
ENSG00000254739.1	AC137894.1	lncRNA	0	0	0	0.0000	0.0000	0.0000
ENSG00000254740.2	AP003396.3	lncRNA	0	4	6	0.0000	0.0000	0.0000
ENSG00000254741.1	AC067930.1	lncRNA	0	0	0	0.0000	0.0000	0.0000
ENSG00000254743.1	OR10V3P	unprocessed_pseudogene	0	0	0	0.0000	0.0000	0.0000
ENSG00000254744.3	AC084855.1	lncRNA	0	6	4	0.0000	0.0000	0.0000
ENSG00000254746.6	AC103855.2	lncRNA	0	0	0	0.0000	0.0000	0.0000
ENSG00000254747.1	MTND4LP18	processed_pseudogene	0	0	0	0.0000	0.0000	0.0000
ENSG00000254748.1	HNRNPCP8	processed_pseudogene	1	1	0	0.0956	0.0280	0.0270
ENSG00000254749.1	OR5BD1P	unprocessed_pseudogene	0	0	0	0.0000	0.0000	0.0000
ENSG00000254750.1	CASP1P2	unprocessed_pseudogene	2	2	0	0.1350	0.0395	0.0381
ENSG00000254751.3	TRIM64DP	transcribed_unprocessed_pseudogene	0	0	0	0.0000	0.0000	0.0000
ENSG00000254752.2	OR5M2P	transcribed_unprocessed_pseudogene	0	0	0	0.0000	0.0000	0.0000
ENSG00000254753.1	AC022690.2	lncRNA	0	0	0	0.0000	0.0000	0.0000
ENSG00000254754.1	AC013799.1	lncRNA	0	0	0	0.0000	0.0000	0.0000
ENSG00000254755.1	AP001189.2	processed_pseudogene	0	0	0	0.0000	0.0000	0.0000
ENSG00000254756.1	AP001107.6	lncRNA	1	17	42	0.1646	0.0482	0.0464
ENSG00000254757.1	AC127526.1	lncRNA	1	0	1	0.1887	0.0553	0.0532
ENSG00000254758.1	AP000889.1	unprocessed_pseudogene	0	0	0	0.0000	0.0000	0.0000
ENSG00000254759.1	NAP1L1P1	processed_pseudogene	42	19	23	3.3553	0.9828	0.9464
ENSG00000254760.1	AC008750.1	lncRNA	0	15	13	0.0000	0.0000	0.0000
ENSG00000254762.1	AP001107.7	lncRNA	1	17	21	0.3122	0.0915	0.0881
ENSG00000254764.2	TRIM53CP	unprocessed_pseudogene	0	0	0	0.0000	0.0000	0.0000
ENSG00000254765.1	AC011092.1	processed_pseudogene	0	0	0	0.0000	0.0000	0.0000
ENSG00000254767.1	OR2AL1P	unprocessed_pseudogene	0	0	0	0.0000	0.0000	0.0000
ENSG00000254768.6	AC104009.1	lncRNA	0	0	0	0.0000	0.0000	0.0000
ENSG00000254769.4	OR4A4P	unprocessed_pseudogene	0	0	0	0.0000	0.0000	0.0000
ENSG00000254770.1	OR4D7P	unprocessed_pseudogene	0	0	0	0.0000	0.0000	0.0000
ENSG00000254771.1	AP001893.2	processed_pseudogene	0	0	0	0.0000	0.0000	0.0000
ENSG00000254772.10	EEF1G	protein_coding	0	0	0	0.0000	0.0000	0.0000
ENSG00000254775.2	AC021393.1	lncRNA	1	0	1	0.0218	0.0064	0.0062
ENSG00000254776.1	PRR23D3P	unprocessed_pseudogene	0	0	0	0.0000	0.0000	0.0000
ENSG00000254777.5	AC022182.1	lncRNA	1	5	5	0.0623	0.0182	0.0176
ENSG00000254779.4	EGLN1P1	transcribed_processed_pseudogene	0	0	0	0.0000	0.0000	0.0000
ENSG00000254780.1	AC023232.1	processed_pseudogene	2	0	2	0.5959	0.1746	0.1681
ENSG00000254781.1	GVINP2	processed_pseudogene	0	0	0	0.0000	0.0000	0.0000
ENSG00000254783.1	AP003084.1	processed_pseudogene	16	7	9	1.8312	0.5364	0.5165
ENSG00000254784.1	LRRC6P1	processed_pseudogene	0	0	0	0.0000	0.0000	0.0000
ENSG00000254785.1	AP005435.3	unprocessed_pseudogene	0	0	0	0.0000	0.0000	0.0000
ENSG00000254786.1	AP001636.1	unprocessed_pseudogene	0	0	0	0.0000	0.0000	0.0000
ENSG00000254787.1	AP001825.1	lncRNA	0	0	0	0.0000	0.0000	0.0000
ENSG00000254788.7	CKLF-CMTM1	protein_coding	0	0	0	0.0000	0.0000	0.0000
ENSG00000254789.3	AC073172.1	lncRNA	0	0	0	0.0000	0.0000	0.0000
ENSG00000254790.1	AP000842.1	lncRNA	0	0	0	0.0000	0.0000	0.0000
ENSG00000254791.1	FAR1-IT1	lncRNA	0	0	0	0.0000	0.0000	0.0000
ENSG00000254792.1	AP003716.1	processed_pseudogene	0	0	0	0.0000	0.0000	0.0000
ENSG00000254793.1	FDPSP4	processed_pseudogene	0	0	0	0.0000	0.0000	0.0000
ENSG00000254794.1	AP000676.1	processed_pseudogene	0	0	0	0.0000	0.0000	0.0000
ENSG00000254795.1	OR5AP1P	unprocessed_pseudogene	0	0	0	0.0000	0.0000	0.0000
ENSG00000254796.1	AC134684.1	processed_pseudogene	0	0	0	0.0000	0.0000	0.0000
ENSG00000254798.1	TFAMP2	processed_pseudogene	0	0	0	0.0000	0.0000	0.0000
ENSG00000254799.1	SLC25A47P1	processed_pseudogene	0	0	0	0.0000	0.0000	0.0000
ENSG00000254800.2	AP006587.1	transcribed_unprocessed_pseudogene	0	0	0	0.0000	0.0000	0.0000
ENSG00000254801.1	AC084851.1	processed_pseudogene	0	0	0	0.0000	0.0000	0.0000
ENSG00000254802.1	AC022182.2	lncRNA	0	4	5	0.0000	0.0000	0.0000
ENSG00000254803.1	AP004607.2	processed_pseudogene	0	0	0	0.0000	0.0000	0.0000
ENSG00000254804.1	AP006437.1	lncRNA	0	0	0	0.0000	0.0000	0.0000
ENSG00000254805.1	SNRPCP14	processed_pseudogene	0	0	0	0.0000	0.0000	0.0000
ENSG00000254806.5	SYS1-DBNDD2	protein_coding	0	0	0	0.0000	0.0000	0.0000
ENSG00000254807.1	OR10AK1P	unprocessed_pseudogene	0	0	0	0.0000	0.0000	0.0000
ENSG00000254810.1	AP001189.3	lncRNA	62	36	26	8.0877	2.3690	2.2812
ENSG00000254811.5	AP002001.1	transcribed_unprocessed_pseudogene	0	0	0	0.0000	0.0000	0.0000
ENSG00000254812.1	AC067930.2	lncRNA	0	0	0	0.0000	0.0000	0.0000
ENSG00000254813.5	AC123777.1	lncRNA	40	18	22	2.6980	0.7903	0.7610
ENSG00000254814.1	AP003031.1	lncRNA	0	154	158	0.0000	0.0000	0.0000
ENSG00000254815.6	LMNTD2-AS1	lncRNA	1	10	15	0.0351	0.0103	0.0099
ENSG00000254816.1	AC090857.1	processed_pseudogene	0	0	0	0.0000	0.0000	0.0000
ENSG00000254817.1	AC107918.1	unprocessed_pseudogene	0	0	0	0.0000	0.0000	0.0000
ENSG00000254818.1	AP004607.3	unprocessed_pseudogene	0	0	0	0.0000	0.0000	0.0000
ENSG00000254819.2	ANO3-AS1	lncRNA	15	9	6	0.9021	0.2642	0.2545
ENSG00000254820.1	AC107882.1	lncRNA	0	0	0	0.0000	0.0000	0.0000
ENSG00000254821.1	AL136309.3	lncRNA	0	34	30	0.0000	0.0000	0.0000
ENSG00000254822.1	AC023442.2	lncRNA	0	0	0	0.0000	0.0000	0.0000
ENSG00000254823.2	LINC02727	lncRNA	0	0	0	0.0000	0.0000	0.0000
ENSG00000254824.1	AP003461.1	processed_pseudogene	0	0	0	0.0000	0.0000	0.0000
ENSG00000254825.1	OR9G2P	unprocessed_pseudogene	0	0	0	0.0000	0.0000	0.0000
ENSG00000254826.1	AP001922.3	lncRNA	0	0	0	0.0000	0.0000	0.0000
ENSG00000254827.6	SLC22A18AS	protein_coding	73	96	83	3.0196	0.8845	0.8517
ENSG00000254828.1	AP005597.1	unprocessed_pseudogene	0	0	1	0.0000	0.0000	0.0000
ENSG00000254829.1	AP003032.2	lncRNA	0	5	9	0.0000	0.0000	0.0000
ENSG00000254830.1	AP002428.1	lncRNA	0	0	0	0.0000	0.0000	0.0000
ENSG00000254831.1	KRT18P58	processed_pseudogene	0	0	0	0.0000	0.0000	0.0000
ENSG00000254832.1	OR4A40P	unprocessed_pseudogene	0	0	0	0.0000	0.0000	0.0000
ENSG00000254833.1	AP001893.3	lncRNA	0	0	0	0.0000	0.0000	0.0000
ENSG00000254834.4	OR5M10	protein_coding	0	0	0	0.0000	0.0000	0.0000
ENSG00000254835.1	RNF185-AS1	lncRNA	0	380	394	0.0000	0.0000	0.0000
ENSG00000254836.1	AL035078.3	lncRNA	0	0	0	0.0000	0.0000	0.0000
ENSG00000254837.2	AP001372.2	lncRNA	262	134	128	8.9247	2.6142	2.5173
ENSG00000254838.5	GVINP1	transcribed_unprocessed_pseudogene	226	115	111	2.2745	0.6662	0.6415
ENSG00000254839.1	AF131215.3	lncRNA	0	0	0	0.0000	0.0000	0.0000
ENSG00000254840.1	AC024405.2	transcribed_unprocessed_pseudogene	0	0	0	0.0000	0.0000	0.0000
ENSG00000254841.1	OR4V1P	unprocessed_pseudogene	0	0	0	0.0000	0.0000	0.0000
ENSG00000254842.6	LINC02551	lncRNA	4	2	2	0.1506	0.0441	0.0425
ENSG00000254843.1	XIAPP2	processed_pseudogene	1	0	1	0.0459	0.0134	0.0129
ENSG00000254844.4	AP000757.2	lncRNA	0	2	1	0.0000	0.0000	0.0000
ENSG00000254846.1	AL355075.1	lncRNA	0	28	19	0.0000	0.0000	0.0000
ENSG00000254847.1	AC009806.1	lncRNA	1	0	1	0.1636	0.0479	0.0462
ENSG00000254848.1	OR5BN1P	unprocessed_pseudogene	0	0	0	0.0000	0.0000	0.0000
ENSG00000254850.2	AC004923.2	processed_pseudogene	1	1	0	0.2301	0.0674	0.0649
ENSG00000254851.1	AP005018.2	unprocessed_pseudogene	0	0	0	0.0000	0.0000	0.0000
ENSG00000254852.8	NPIPA2	protein_coding	1	1	0	0.0595	0.0174	0.0168
ENSG00000254853.1	AP004247.1	processed_pseudogene	0	0	0	0.0000	0.0000	0.0000
ENSG00000254854.1	AP003390.1	lncRNA	2	0	2	0.3247	0.0951	0.0916
ENSG00000254855.1	AP001107.8	lncRNA	2	124	126	0.3546	0.1039	0.1000
ENSG00000254856.1	NDUFA3P2	processed_pseudogene	0	0	0	0.0000	0.0000	0.0000
ENSG00000254857.1	MRGPRX12P	processed_pseudogene	0	0	0	0.0000	0.0000	0.0000
ENSG00000254858.10	MPV17L2	protein_coding	742	368	385	30.0195	8.7932	8.4672
ENSG00000254859.1	AC067930.3	lncRNA	0	8	8	0.0000	0.0000	0.0000
ENSG00000254860.6	TMEM9B-AS1	lncRNA	32	20	26	0.6163	0.1805	0.1738
ENSG00000254861.2	AC100768.1	lncRNA	0	0	0	0.0000	0.0000	0.0000
ENSG00000254862.5	LGR4-AS1	lncRNA	1	0	1	0.0539	0.0158	0.0152
ENSG00000254863.2	LINC02744	lncRNA	0	0	0	0.0000	0.0000	0.0000
ENSG00000254864.1	AC107884.2	lncRNA	0	0	0	0.0000	0.0000	0.0000
ENSG00000254865.1	AC100763.1	lncRNA	0	0	0	0.0000	0.0000	0.0000
ENSG00000254866.2	DEFB109D	processed_pseudogene	3	6	4	1.0615	0.3109	0.2994
ENSG00000254867.1	AP006287.1	processed_pseudogene	1	0	1	0.1300	0.0381	0.0367
ENSG00000254870.5	ATP6V1G2-DDX39B	protein_coding	0	0	0	0.0000	0.0000	0.0000
ENSG00000254871.1	AC024475.2	processed_pseudogene	0	0	0	0.0000	0.0000	0.0000
ENSG00000254872.3	LINC02688	lncRNA	0	0	0	0.0000	0.0000	0.0000
ENSG00000254873.1	AP001267.1	lncRNA	2	1366	1337	0.0709	0.0208	0.0200
ENSG00000254874.1	AP003171.1	lncRNA	0	0	0	0.0000	0.0000	0.0000
ENSG00000254876.5	SUGT1P4-STRA6LP	lncRNA	17	9	8	0.3901	0.1143	0.1100
ENSG00000254877.1	AP001636.2	processed_pseudogene	0	0	0	0.0000	0.0000	0.0000
ENSG00000254878.1	AC103794.1	lncRNA	0	0	0	0.0000	0.0000	0.0000
ENSG00000254879.1	PTPRJ-AS1	lncRNA	0	0	0	0.0000	0.0000	0.0000
ENSG00000254880.1	PKNOX2-AS1	lncRNA	2	2	0	0.2898	0.0849	0.0817
ENSG00000254883.1	AP003385.2	processed_pseudogene	0	0	0	0.0000	0.0000	0.0000
ENSG00000254884.1	PRR13P2	processed_pseudogene	1	1	0	0.2092	0.0613	0.0590
ENSG00000254885.1	AP001547.1	lncRNA	1	0	1	0.2271	0.0665	0.0640
ENSG00000254887.1	AC010247.1	lncRNA	0	0	0	0.0000	0.0000	0.0000
ENSG00000254888.2	AP000827.1	processed_pseudogene	0	0	0	0.0000	0.0000	0.0000
ENSG00000254889.1	AC084121.1	processed_pseudogene	0	0	0	0.0000	0.0000	0.0000
ENSG00000254890.1	AP003049.1	processed_pseudogene	0	0	0	0.0000	0.0000	0.0000
ENSG00000254891.1	OR4A9P	unprocessed_pseudogene	0	0	0	0.0000	0.0000	0.0000
ENSG00000254892.1	AP003396.4	processed_pseudogene	0	0	0	0.0000	0.0000	0.0000
ENSG00000254893.6	AC113404.3	translated_processed_pseudogene	26	12	14	3.9783	1.1653	1.1221
ENSG00000254894.1	NAV2-AS1	lncRNA	0	231	213	0.0000	0.0000	0.0000
ENSG00000254895.2	MTCO3P15	processed_pseudogene	0	0	0	0.0000	0.0000	0.0000
ENSG00000254896.1	OPCML-IT1	lncRNA	0	0	0	0.0000	0.0000	0.0000
ENSG00000254897.1	AP003035.1	processed_pseudogene	0	0	0	0.0000	0.0000	0.0000
ENSG00000254898.1	AC087362.1	lncRNA	0	113	102	0.0000	0.0000	0.0000
ENSG00000254900.1	AC091053.2	lncRNA	1	0	1	0.1581	0.0463	0.0446
ENSG00000254901.8	BORCS8	protein_coding	276	134	156	4.3630	1.2780	1.2306
ENSG00000254902.1	ANO1-AS1	lncRNA	0	82	74	0.0000	0.0000	0.0000
ENSG00000254903.1	OR8L1P	unprocessed_pseudogene	0	0	0	0.0000	0.0000	0.0000
ENSG00000254905.1	AP001318.1	lncRNA	0	16	30	0.0000	0.0000	0.0000
ENSG00000254906.1	AC090707.1	lncRNA	0	0	0	0.0000	0.0000	0.0000
ENSG00000254907.1	AC087276.2	lncRNA	4	269	290	0.4316	0.1264	0.1217
ENSG00000254909.1	AP003392.2	processed_pseudogene	8	1	7	3.2662	0.9567	0.9212
ENSG00000254910.1	AC136475.2	lncRNA	17	10	8	3.6828	1.0787	1.0387
ENSG00000254911.3	SCARNA9	lncRNA	0	0	0	0.0000	0.0000	0.0000
ENSG00000254912.2	AC135983.3	unprocessed_pseudogene	0	0	0	0.0000	0.0000	0.0000
ENSG00000254913.1	AC239802.1	lncRNA	0	0	0	0.0000	0.0000	0.0000
ENSG00000254914.1	AC109810.1	processed_pseudogene	0	0	0	0.0000	0.0000	0.0000
ENSG00000254915.1	AP003168.1	processed_pseudogene	0	0	0	0.0000	0.0000	0.0000
ENSG00000254916.1	AP004607.4	unprocessed_pseudogene	0	0	0	0.0000	0.0000	0.0000
ENSG00000254917.1	OR7E15P	unprocessed_pseudogene	0	0	0	0.0000	0.0000	0.0000
ENSG00000254919.1	AC090692.1	lncRNA	41	26	15	3.8430	1.1257	1.0839
ENSG00000254920.1	AC027369.4	unprocessed_pseudogene	0	0	0	0.0000	0.0000	0.0000
ENSG00000254921.1	AC116456.1	lncRNA	0	0	0	0.0000	0.0000	0.0000
ENSG00000254923.1	AC130366.1	processed_pseudogene	1	0	1	0.0712	0.0209	0.0201
ENSG00000254924.2	AP000867.2	processed_pseudogene	0	0	0	0.0000	0.0000	0.0000
ENSG00000254925.1	OR4C9P	unprocessed_pseudogene	0	0	0	0.0000	0.0000	0.0000
ENSG00000254926.1	AP000445.2	unprocessed_pseudogene	0	0	0	0.0000	0.0000	0.0000
ENSG00000254927.1	AC027779.1	lncRNA	0	0	0	0.0000	0.0000	0.0000
ENSG00000254928.1	AP001372.3	lncRNA	0	21	23	0.0000	0.0000	0.0000
ENSG00000254929.6	AL591684.2	lncRNA	0	0	0	0.0000	0.0000	0.0000
ENSG00000254930.1	LINC02545	lncRNA	0	0	0	0.0000	0.0000	0.0000
ENSG00000254931.2	MTATP6P15	processed_pseudogene	0	0	0	0.0000	0.0000	0.0000
ENSG00000254932.2	AP001007.1	lncRNA	1	0	1	0.1317	0.0386	0.0371
ENSG00000254933.1	AP000785.1	lncRNA	0	3	1	0.0000	0.0000	0.0000
ENSG00000254934.5	LINC00678	lncRNA	0	0	0	0.0000	0.0000	0.0000
ENSG00000254935.1	AP002469.1	processed_pseudogene	1	0	1	0.2003	0.0587	0.0565
ENSG00000254936.4	AF131215.4	lncRNA	0	0	0	0.0000	0.0000	0.0000
ENSG00000254937.1	AP000916.1	unprocessed_pseudogene	0	0	0	0.0000	0.0000	0.0000
ENSG00000254938.1	AP002833.1	lncRNA	0	0	0	0.0000	0.0000	0.0000
ENSG00000254939.1	AP003038.1	processed_pseudogene	0	0	0	0.0000	0.0000	0.0000
ENSG00000254940.1	OR4A19P	unprocessed_pseudogene	0	0	0	0.0000	0.0000	0.0000
ENSG00000254941.1	AP000866.4	processed_pseudogene	0	1	1	0.0000	0.0000	0.0000
ENSG00000254942.1	AL355310.3	lncRNA	0	0	0	0.0000	0.0000	0.0000
ENSG00000254943.1	AP003501.2	lncRNA	0	16	27	0.0000	0.0000	0.0000
ENSG00000254944.1	ATP5PBP5	processed_pseudogene	0	0	0	0.0000	0.0000	0.0000
ENSG00000254946.2	LINC02751	lncRNA	0	0	0	0.0000	0.0000	0.0000
ENSG00000254947.1	OR8K4P	unprocessed_pseudogene	0	0	0	0.0000	0.0000	0.0000
ENSG00000254948.1	OR7E158P	unprocessed_pseudogene	2	0	2	0.1866	0.0547	0.0526
ENSG00000254949.1	GNG5P3	processed_pseudogene	0	0	0	0.0000	0.0000	0.0000
ENSG00000254951.7	AC044810.2	lncRNA	0	0	0	0.0000	0.0000	0.0000
ENSG00000254952.1	LINC02705	lncRNA	0	0	0	0.0000	0.0000	0.0000
ENSG00000254953.1	AP001803.1	processed_pseudogene	0	0	0	0.0000	0.0000	0.0000
ENSG00000254954.1	SLC2A13P1	processed_pseudogene	0	0	0	0.0000	0.0000	0.0000
ENSG00000254957.1	AC111188.1	processed_pseudogene	0	0	0	0.0000	0.0000	0.0000
ENSG00000254959.6	INMT-MINDY4	protein_coding	0	0	0	0.0000	0.0000	0.0000
ENSG00000254960.2	KIRREL3-AS2	lncRNA	0	0	0	0.0000	0.0000	0.0000
ENSG00000254961.1	TUBB4BP4	processed_pseudogene	0	0	0	0.0000	0.0000	0.0000
ENSG00000254963.1	AP001972.2	lncRNA	0	97	134	0.0000	0.0000	0.0000
ENSG00000254964.1	AP001458.1	lncRNA	0	91	74	0.0000	0.0000	0.0000
ENSG00000254965.1	C1DP5	processed_pseudogene	2	0	2	0.4434	0.1299	0.1251
ENSG00000254966.1	AC103974.1	lncRNA	0	4	2	0.0000	0.0000	0.0000
ENSG00000254968.7	LINC02763	lncRNA	0	0	0	0.0000	0.0000	0.0000
ENSG00000254971.1	AP003122.2	lncRNA	0	0	0	0.0000	0.0000	0.0000
ENSG00000254972.1	AP003498.1	lncRNA	1	0	1	0.2447	0.0717	0.0690
ENSG00000254973.2	AC105219.3	lncRNA	1	1	0	0.0457	0.0134	0.0129
ENSG00000254974.1	AP001372.4	processed_pseudogene	0	0	0	0.0000	0.0000	0.0000
ENSG00000254975.1	AP001189.4	lncRNA	0	0	0	0.0000	0.0000	0.0000
ENSG00000254976.1	OR8B7P	unprocessed_pseudogene	0	0	0	0.0000	0.0000	0.0000
ENSG00000254978.2	ALG1L9P	transcribed_unprocessed_pseudogene	4	27	50	0.6187	0.1812	0.1745
ENSG00000254979.5	AP000781.2	protein_coding	5	2	3	0.1894	0.0555	0.0534
ENSG00000254980.1	AP002008.1	lncRNA	0	0	2	0.0000	0.0000	0.0000
ENSG00000254983.1	AC025300.1	lncRNA	0	0	0	0.0000	0.0000	0.0000
ENSG00000254984.1	FTLP6	processed_pseudogene	0	0	1	0.0000	0.0000	0.0000
ENSG00000254985.1	RSF1-IT2	lncRNA	9	2	7	1.3503	0.3955	0.3809
ENSG00000254986.7	DPP3	protein_coding	1485	763	778	31.7090	9.2881	8.9437
ENSG00000254987.1	AP002989.1	lncRNA	0	0	0	0.0000	0.0000	0.0000
ENSG00000254988.1	AP002498.1	lncRNA	0	25	33	0.0000	0.0000	0.0000
ENSG00000254989.1	AP001999.1	lncRNA	0	0	0	0.0000	0.0000	0.0000
ENSG00000254990.5	AP001781.1	lncRNA	0	0	0	0.0000	0.0000	0.0000
ENSG00000254991.1	AC124276.1	lncRNA	0	0	0	0.0000	0.0000	0.0000
ENSG00000254992.1	AP001582.1	processed_pseudogene	0	0	0	0.0000	0.0000	0.0000
ENSG00000254993.2	TRIM77BP	unprocessed_pseudogene	0	0	0	0.0000	0.0000	0.0000
ENSG00000254995.4	STX16-NPEPL1	protein_coding	5	2	3	0.1100	0.0322	0.0310
ENSG00000254996.5	ANKHD1-EIF4EBP3	protein_coding	23	12	11	0.1716	0.0503	0.0484
ENSG00000254997.4	KRTAP5-9	protein_coding	4	1	3	0.2857	0.0837	0.0806
ENSG00000254999.4	BRK1	protein_coding	2949	1465	1485	217.7656	63.7869	61.4221
ENSG00000255000.1	AC139103.1	processed_pseudogene	2	3	0	0.1649	0.0483	0.0465
ENSG00000255001.1	AC109635.1	processed_pseudogene	0	0	0	0.0000	0.0000	0.0000
ENSG00000255002.2	LINC02324	lncRNA	11	4	7	0.3561	0.1043	0.1004
ENSG00000255003.1	CYCSP28	processed_pseudogene	0	0	0	0.0000	0.0000	0.0000
ENSG00000255004.1	SLC1A2-AS1	lncRNA	0	0	0	0.0000	0.0000	0.0000
ENSG00000255005.1	AP003128.1	lncRNA	0	0	0	0.0000	0.0000	0.0000
ENSG00000255006.1	ELOCP22	processed_pseudogene	0	0	0	0.0000	0.0000	0.0000
ENSG00000255007.1	LINC02489	lncRNA	0	0	0	0.0000	0.0000	0.0000
ENSG00000255008.3	LINC02739	lncRNA	26	18	16	1.3341	0.3908	0.3763
ENSG00000255009.4	UBTFL1	protein_coding	0	0	0	0.0000	0.0000	0.0000
ENSG00000255010.1	COX5BP4	processed_pseudogene	0	0	0	0.0000	0.0000	0.0000
ENSG00000255011.1	AP004607.5	unprocessed_pseudogene	0	0	0	0.0000	0.0000	0.0000
ENSG00000255012.2	OR5M1	protein_coding	0	0	0	0.0000	0.0000	0.0000
ENSG00000255014.1	ARL6IP1P3	processed_pseudogene	0	0	0	0.0000	0.0000	0.0000
ENSG00000255015.1	AP000755.1	lncRNA	0	0	0	0.0000	0.0000	0.0000
ENSG00000255016.1	AC107918.2	processed_pseudogene	0	0	0	0.0000	0.0000	0.0000
ENSG00000255018.1	AC022878.1	processed_pseudogene	0	0	0	0.0000	0.0000	0.0000
ENSG00000255019.1	OR5D15P	unprocessed_pseudogene	0	0	0	0.0000	0.0000	0.0000
ENSG00000255020.1	AF131216.3	lncRNA	0	0	0	0.0000	0.0000	0.0000
ENSG00000255021.1	AC093496.1	lncRNA	0	0	0	0.0000	0.0000	0.0000
ENSG00000255022.1	AP000676.2	processed_pseudogene	0	0	0	0.0000	0.0000	0.0000
ENSG00000255025.1	AF228730.3	processed_pseudogene	0	0	0	0.0000	0.0000	0.0000
ENSG00000255026.1	AC136475.3	lncRNA	19	13	6	1.8761	0.5496	0.5292
ENSG00000255027.2	AP000842.2	lncRNA	0	0	0	0.0000	0.0000	0.0000
ENSG00000255028.5	AP003049.2	lncRNA	8	5	3	0.6227	0.1824	0.1756
ENSG00000255029.2	AC110058.1	lncRNA	1	1	0	0.0939	0.0275	0.0265
ENSG00000255030.1	OR8B5P	unprocessed_pseudogene	0	0	0	0.0000	0.0000	0.0000
ENSG00000255031.5	AP002807.1	lncRNA	2	310	308	0.1405	0.0411	0.0396
ENSG00000255032.1	TSPAN18-AS1	lncRNA	0	0	0	0.0000	0.0000	0.0000
ENSG00000255033.1	SERPINA15P	processed_pseudogene	0	0	0	0.0000	0.0000	0.0000
ENSG00000255035.2	SDHCP4	processed_pseudogene	1	1	0	0.1665	0.0488	0.0470
ENSG00000255036.6	STRA6LP	lncRNA	0	0	0	0.0000	0.0000	0.0000
ENSG00000255037.1	AC136443.2	unprocessed_pseudogene	0	0	0	0.0000	0.0000	0.0000
ENSG00000255038.1	AP006287.2	lncRNA	0	2	1	0.0000	0.0000	0.0000
ENSG00000255039.1	LINC02553	lncRNA	0	0	0	0.0000	0.0000	0.0000
ENSG00000255040.1	MORF4L1P3	processed_pseudogene	5	4	1	0.4469	0.1309	0.1261
ENSG00000255041.1	AC103855.3	lncRNA	0	1	1	0.0000	0.0000	0.0000
ENSG00000255042.3	AC109635.2	transcribed_unprocessed_pseudogene	0	0	0	0.0000	0.0000	0.0000
ENSG00000255043.1	NAV2-AS5	lncRNA	0	0	0	0.0000	0.0000	0.0000
ENSG00000255045.1	AP000866.5	lncRNA	0	3	5	0.0000	0.0000	0.0000
ENSG00000255046.1	AC069185.1	lncRNA	5	4	10	0.3892	0.1140	0.1098
ENSG00000255047.1	HNRNPRP2	processed_pseudogene	0	0	0	0.0000	0.0000	0.0000
ENSG00000255048.1	OR8X1P	unprocessed_pseudogene	0	0	0	0.0000	0.0000	0.0000
ENSG00000255050.1	AC067930.4	lncRNA	1	552	599	0.0724	0.0212	0.0204
ENSG00000255051.1	BCAS2P1	processed_pseudogene	0	0	0	0.0000	0.0000	0.0000
ENSG00000255052.5	FAM66D	lncRNA	70	39	38	0.8091	0.2370	0.2282
ENSG00000255053.1	OR4A44P	unprocessed_pseudogene	0	0	0	0.0000	0.0000	0.0000
ENSG00000255054.3	AL020996.2	protein_coding	0	0	0	0.0000	0.0000	0.0000
ENSG00000255055.1	MTND1P35	processed_pseudogene	0	0	0	0.0000	0.0000	0.0000
ENSG00000255057.1	AP003041.1	processed_pseudogene	0	0	0	0.0000	0.0000	0.0000
ENSG00000255058.1	PDCL2P2	processed_pseudogene	0	0	0	0.0000	0.0000	0.0000
ENSG00000255059.1	PPIAP43	processed_pseudogene	7	3	4	1.1795	0.3455	0.3327
ENSG00000255060.1	AC009656.1	lncRNA	0	0	0	0.0000	0.0000	0.0000
ENSG00000255062.1	AP001318.2	lncRNA	32	125	110	4.3203	1.2655	1.2186
ENSG00000255063.1	RBMXP3	processed_pseudogene	2	2	0	0.1469	0.0430	0.0414
ENSG00000255065.1	AP002001.2	processed_pseudogene	0	0	0	0.0000	0.0000	0.0000
ENSG00000255067.1	AC013549.4	lncRNA	0	0	0	0.0000	0.0000	0.0000
ENSG00000255070.1	OSBPL9P3	processed_pseudogene	0	0	0	0.0000	0.0000	0.0000
ENSG00000255071.3	SAA2-SAA4	protein_coding	0	0	0	0.0000	0.0000	0.0000
ENSG00000255072.2	PIGY	protein_coding	0	0	0	0.0000	0.0000	0.0000
ENSG00000255073.8	ZFP91-CNTF	protein_coding	0	0	0	0.0000	0.0000	0.0000
ENSG00000255074.1	AC018523.1	processed_pseudogene	5	2	3	0.8293	0.2429	0.2339
ENSG00000255075.1	CENPUP1	processed_pseudogene	0	0	0	0.0000	0.0000	0.0000
ENSG00000255076.2	AC084838.1	lncRNA	0	0	0	0.0000	0.0000	0.0000
ENSG00000255077.1	OR4X7P	unprocessed_pseudogene	0	0	0	0.0000	0.0000	0.0000
ENSG00000255078.1	OR4A6P	unprocessed_pseudogene	0	0	0	0.0000	0.0000	0.0000
ENSG00000255079.1	LINC02704	lncRNA	0	0	0	0.0000	0.0000	0.0000
ENSG00000255081.1	AP003168.2	lncRNA	0	0	0	0.0000	0.0000	0.0000
ENSG00000255082.1	GRM5-AS1	lncRNA	0	1	3	0.0000	0.0000	0.0000
ENSG00000255083.2	OR5AK1P	unprocessed_pseudogene	2	2	0	0.1842	0.0540	0.0520
ENSG00000255084.1	AP003110.1	lncRNA	0	0	0	0.0000	0.0000	0.0000
ENSG00000255085.8	AF186192.2	transcribed_unprocessed_pseudogene	2	2	0	0.1011	0.0296	0.0285
ENSG00000255086.1	AC024341.1	processed_pseudogene	0	0	0	0.0000	0.0000	0.0000
ENSG00000255087.4	AP001993.1	lncRNA	0	0	0	0.0000	0.0000	0.0000
ENSG00000255088.1	AC013828.1	processed_pseudogene	0	0	0	0.0000	0.0000	0.0000
ENSG00000255089.1	AC136475.4	lncRNA	0	0	0	0.0000	0.0000	0.0000
ENSG00000255091.1	AC087442.1	lncRNA	0	8	12	0.0000	0.0000	0.0000
ENSG00000255092.1	AC010768.2	lncRNA	2	0	2	0.2995	0.0877	0.0845
ENSG00000255093.2	AP002008.2	transcribed_unitary_pseudogene	1	0	1	0.0159	0.0047	0.0045
ENSG00000255094.1	AC090159.1	lncRNA	1	1	0	0.1054	0.0309	0.0297
ENSG00000255095.2	OR1D4	transcribed_unprocessed_pseudogene	0	0	0	0.0000	0.0000	0.0000
ENSG00000255096.2	OR5B10P	unprocessed_pseudogene	0	0	0	0.0000	0.0000	0.0000
ENSG00000255097.1	AP006259.1	lncRNA	0	0	0	0.0000	0.0000	0.0000
ENSG00000255099.1	AC023245.2	processed_pseudogene	0	0	0	0.0000	0.0000	0.0000
ENSG00000255100.1	AP003119.2	lncRNA	0	0	0	0.0000	0.0000	0.0000
ENSG00000255101.1	AC103843.1	lncRNA	0	1	0	0.0000	0.0000	0.0000
ENSG00000255102.1	AP005436.1	lncRNA	0	0	0	0.0000	0.0000	0.0000
ENSG00000255104.8	AC005324.3	protein_coding	0	0	0	0.0000	0.0000	0.0000
ENSG00000255105.1	PTMAP15	processed_pseudogene	0	0	0	0.0000	0.0000	0.0000
ENSG00000255106.1	AC010768.3	processed_pseudogene	1	0	1	0.1072	0.0314	0.0302
ENSG00000255107.1	AC079089.2	processed_pseudogene	1	1	0	0.0665	0.0195	0.0188
ENSG00000255108.1	AP006621.1	lncRNA	0	311	312	0.0000	0.0000	0.0000
ENSG00000255109.6	LINC02740	lncRNA	0	0	0	0.0000	0.0000	0.0000
ENSG00000255110.1	AP005597.2	unprocessed_pseudogene	0	0	0	0.0000	0.0000	0.0000
ENSG00000255111.1	AP006587.2	processed_pseudogene	0	0	0	0.0000	0.0000	0.0000
ENSG00000255112.3	CHMP1B	protein_coding	617	476	510	17.2810	5.0619	4.8742
ENSG00000255113.1	OR4A48P	unprocessed_pseudogene	0	0	0	0.0000	0.0000	0.0000
ENSG00000255114.1	AP003392.3	lncRNA	0	2779	2817	0.0000	0.0000	0.0000
ENSG00000255115.2	AP002812.4	processed_pseudogene	0	0	0	0.0000	0.0000	0.0000
ENSG00000255116.2	SLC5A4P1	processed_pseudogene	0	0	0	0.0000	0.0000	0.0000
ENSG00000255117.6	LINC02546	lncRNA	0	0	0	0.0000	0.0000	0.0000
ENSG00000255118.1	AP003306.2	lncRNA	0	9	6	0.0000	0.0000	0.0000
ENSG00000255119.1	AP003385.3	lncRNA	0	0	0	0.0000	0.0000	0.0000
ENSG00000255120.5	OVOL1-AS1	lncRNA	3	3	1	0.3719	0.1089	0.1049
ENSG00000255121.2	CENATAC-DT	lncRNA	34	19	15	1.9172	0.5616	0.5408
ENSG00000255122.1	AC068587.2	processed_pseudogene	2	12	3	0.9131	0.2675	0.2576
ENSG00000255123.1	MTND5P21	processed_pseudogene	0	0	0	0.0000	0.0000	0.0000
ENSG00000255126.1	AP003064.1	lncRNA	0	10	23	0.0000	0.0000	0.0000
ENSG00000255127.3	AP003171.2	transcribed_unprocessed_pseudogene	0	0	0	0.0000	0.0000	0.0000
ENSG00000255128.1	HSPD1P3	processed_pseudogene	0	0	0	0.0000	0.0000	0.0000
ENSG00000255129.6	AP000880.1	lncRNA	6	3	4	0.4282	0.1254	0.1208
ENSG00000255130.1	AC022874.1	lncRNA	0	0	0	0.0000	0.0000	0.0000
ENSG00000255131.2	OR9L1P	unprocessed_pseudogene	0	0	0	0.0000	0.0000	0.0000
ENSG00000255132.1	AC090138.1	lncRNA	0	0	0	0.0000	0.0000	0.0000
ENSG00000255133.2	LINC02721	lncRNA	0	0	0	0.0000	0.0000	0.0000
ENSG00000255134.1	OR8K2P	unprocessed_pseudogene	0	0	0	0.0000	0.0000	0.0000
ENSG00000255135.4	AP002360.1	lncRNA	114	60	54	9.1675	2.6853	2.5858
ENSG00000255136.3	AP001972.3	lncRNA	1	55	56	0.0153	0.0045	0.0043
ENSG00000255138.1	GLTPP1	processed_pseudogene	0	0	1	0.0000	0.0000	0.0000
ENSG00000255139.2	AP000442.1	lncRNA	9	376	372	0.4237	0.1241	0.1195
ENSG00000255140.1	OR5BN2P	unprocessed_pseudogene	0	0	0	0.0000	0.0000	0.0000
ENSG00000255141.1	HNRNPA1P76	processed_pseudogene	1	0	1	0.1001	0.0293	0.0282
ENSG00000255142.1	AP006621.2	lncRNA	4	0	4	1.1961	0.3503	0.3374
ENSG00000255143.1	AP000879.2	lncRNA	0	0	0	0.0000	0.0000	0.0000
ENSG00000255144.1	AC025857.1	unprocessed_pseudogene	0	0	0	0.0000	0.0000	0.0000
ENSG00000255145.3	STX17-AS1	lncRNA	35	19	19	0.5042	0.1477	0.1422
ENSG00000255146.1	AP004247.2	lncRNA	0	0	0	0.0000	0.0000	0.0000
ENSG00000255147.1	AP003385.4	transcribed_unprocessed_pseudogene	0	0	0	0.0000	0.0000	0.0000
ENSG00000255148.2	AC239802.2	lncRNA	0	0	0	0.0000	0.0000	0.0000
ENSG00000255149.1	AP002963.1	processed_pseudogene	0	0	0	0.0000	0.0000	0.0000
ENSG00000255150.2	EID3	protein_coding	12	6	6	0.6946	0.2035	0.1959
ENSG00000255151.2	GLYATL1B	protein_coding	2	1	1	0.1868	0.0547	0.0527
ENSG00000255152.8	MSH5-SAPCD1	protein_coding	1	0	1	0.0205	0.0060	0.0058
ENSG00000255153.1	TOLLIP-AS1	lncRNA	13	8	5	1.1757	0.3444	0.3316
ENSG00000255154.8	HTD2	protein_coding	2	1	1	0.0452	0.0132	0.0128
ENSG00000255155.1	AP004371.1	processed_pseudogene	1	0	1	0.3968	0.1162	0.1119
ENSG00000255156.1	RNY1P9	misc_RNA	0	0	0	0.0000	0.0000	0.0000
ENSG00000255157.1	DEFB130C	transcribed_unprocessed_pseudogene	0	0	0	0.0000	0.0000	0.0000
ENSG00000255158.1	AC131934.1	lncRNA	1	1	0	0.0931	0.0273	0.0263
ENSG00000255159.1	AC026894.1	lncRNA	0	0	0	0.0000	0.0000	0.0000
ENSG00000255160.5	AC009652.1	lncRNA	2	1	1	0.2621	0.0768	0.0739
ENSG00000255161.1	AC113192.2	processed_pseudogene	0	0	0	0.0000	0.0000	0.0000
ENSG00000255162.1	AP004833.2	unprocessed_pseudogene	0	0	0	0.0000	0.0000	0.0000
ENSG00000255163.1	HSPE1P18	processed_pseudogene	0	0	0	0.0000	0.0000	0.0000
ENSG00000255164.1	AF235103.1	lncRNA	0	43	66	0.0000	0.0000	0.0000
ENSG00000255165.1	AC134775.1	lncRNA	0	0	0	0.0000	0.0000	0.0000
ENSG00000255166.1	AC022616.7	processed_pseudogene	6	3	3	2.3160	0.6784	0.6532
ENSG00000255167.1	AC090857.2	lncRNA	0	0	0	0.0000	0.0000	0.0000
ENSG00000255169.1	LINC02722	lncRNA	0	0	0	0.0000	0.0000	0.0000
ENSG00000255170.2	AP003122.3	processed_pseudogene	0	0	0	0.0000	0.0000	0.0000
ENSG00000255171.7	LINC01499	lncRNA	0	0	0	0.0000	0.0000	0.0000
ENSG00000255172.2	OR5AM1P	unprocessed_pseudogene	0	0	0	0.0000	0.0000	0.0000
ENSG00000255173.1	AP003068.3	lncRNA	0	42	39	0.0000	0.0000	0.0000
ENSG00000255174.1	AC107918.3	processed_pseudogene	3	2	1	0.6669	0.1953	0.1881
ENSG00000255175.6	LINC02759	lncRNA	0	0	0	0.0000	0.0000	0.0000
ENSG00000255176.1	AP000941.1	lncRNA	5	2	3	0.3059	0.0896	0.0863
ENSG00000255177.2	MUC5B-AS1	lncRNA	0	1	7	0.0000	0.0000	0.0000
ENSG00000255178.1	LINC02720	lncRNA	0	0	0	0.0000	0.0000	0.0000
ENSG00000255179.1	AC027804.1	lncRNA	0	0	0	0.0000	0.0000	0.0000
ENSG00000255181.3	CCDC166	protein_coding	0	0	0	0.0000	0.0000	0.0000
ENSG00000255182.2	AC084125.2	lncRNA	2	452	509	0.0347	0.0102	0.0098
ENSG00000255183.1	LINC02711	lncRNA	0	0	0	0.0000	0.0000	0.0000
ENSG00000255184.1	AP004607.6	unprocessed_pseudogene	0	0	0	0.0000	0.0000	0.0000
ENSG00000255185.6	PDXDC2P	transcribed_unprocessed_pseudogene	0	0	0	0.0000	0.0000	0.0000
ENSG00000255186.1	AC087277.2	lncRNA	0	0	0	0.0000	0.0000	0.0000
ENSG00000255187.2	LINC02748	lncRNA	2	2	0	0.1299	0.0381	0.0367
ENSG00000255188.1	AP003327.1	processed_pseudogene	0	0	0	0.0000	0.0000	0.0000
ENSG00000255189.1	GLYATL1P1	unprocessed_pseudogene	0	0	0	0.0000	0.0000	0.0000
ENSG00000255190.2	TRIM51DP	transcribed_unprocessed_pseudogene	0	0	0	0.0000	0.0000	0.0000
ENSG00000255191.1	AP003555.2	lncRNA	0	0	0	0.0000	0.0000	0.0000
ENSG00000255192.6	NANOGP8	protein_coding	0	0	0	0.0000	0.0000	0.0000
ENSG00000255193.1	LINC02726	lncRNA	0	0	0	0.0000	0.0000	0.0000
ENSG00000255196.1	OR4A17P	unprocessed_pseudogene	0	0	0	0.0000	0.0000	0.0000
ENSG00000255197.6	AC090559.1	lncRNA	140	72	68	4.0562	1.1881	1.1441
ENSG00000255198.4	SNHG9	lncRNA	52	24	28	8.0143	2.3475	2.2605
ENSG00000255199.2	GTF2IP11	unprocessed_pseudogene	0	0	0	0.0000	0.0000	0.0000
ENSG00000255200.1	PGAM1P8	transcribed_processed_pseudogene	47	28	19	1.6955	0.4966	0.4782
ENSG00000255201.1	AC087623.1	lncRNA	0	33	31	0.0000	0.0000	0.0000
ENSG00000255202.1	AL049629.1	lncRNA	10	288	257	1.3105	0.3839	0.3696
ENSG00000255203.1	OR7E2P	unprocessed_pseudogene	0	0	0	0.0000	0.0000	0.0000
ENSG00000255204.1	AC036111.2	unprocessed_pseudogene	6	2	5	0.5655	0.1656	0.1595
ENSG00000255205.1	MED28P5	processed_pseudogene	0	0	0	0.0000	0.0000	0.0000
ENSG00000255206.1	AC011853.2	lncRNA	0	0	0	0.0000	0.0000	0.0000
ENSG00000255207.1	AL133399.1	processed_pseudogene	0	0	0	0.0000	0.0000	0.0000
ENSG00000255209.1	AP001978.1	lncRNA	0	0	0	0.0000	0.0000	0.0000
ENSG00000255210.1	AP001889.1	processed_pseudogene	1	1	0	0.1342	0.0393	0.0378
ENSG00000255211.1	AC130365.1	unprocessed_pseudogene	0	0	0	0.0000	0.0000	0.0000
ENSG00000255213.1	NPM1P35	processed_pseudogene	4	0	4	0.3913	0.1146	0.1104
ENSG00000255214.1	AP006587.3	unprocessed_pseudogene	0	0	0	0.0000	0.0000	0.0000
ENSG00000255215.1	OR4R1P	unprocessed_pseudogene	0	0	0	0.0000	0.0000	0.0000
ENSG00000255216.2	AP001360.1	lncRNA	0	0	0	0.0000	0.0000	0.0000
ENSG00000255217.1	OR5J7P	unprocessed_pseudogene	0	0	0	0.0000	0.0000	0.0000
ENSG00000255218.1	OR5BC1P	unprocessed_pseudogene	0	0	0	0.0000	0.0000	0.0000
ENSG00000255219.1	AP000755.2	lncRNA	0	0	0	0.0000	0.0000	0.0000
ENSG00000255220.1	DDX18P5	processed_pseudogene	0	0	0	0.0000	0.0000	0.0000
ENSG00000255221.3	CARD17	protein_coding	2	1	1	0.1379	0.0404	0.0389
ENSG00000255222.1	SETP17	processed_pseudogene	0	0	0	0.0000	0.0000	0.0000
ENSG00000255223.4	OR5M11	protein_coding	0	0	0	0.0000	0.0000	0.0000
ENSG00000255224.1	AC109322.1	lncRNA	106	387	408	7.1215	2.0860	2.0087
ENSG00000255225.1	OR8B6P	unprocessed_pseudogene	0	0	0	0.0000	0.0000	0.0000
ENSG00000255226.2	LINC02690	lncRNA	0	0	0	0.0000	0.0000	0.0000
ENSG00000255227.1	AC090124.1	lncRNA	0	0	0	0.0000	0.0000	0.0000
ENSG00000255229.1	AC069287.3	lncRNA	0	0	0	0.0000	0.0000	0.0000
ENSG00000255230.1	AC004923.3	processed_pseudogene	0	0	0	0.0000	0.0000	0.0000
ENSG00000255231.1	MRPS36P4	processed_pseudogene	0	0	0	0.0000	0.0000	0.0000
ENSG00000255232.1	AC087441.3	processed_pseudogene	0	0	0	0.0000	0.0000	0.0000
ENSG00000255233.1	AP003969.1	lncRNA	0	0	0	0.0000	0.0000	0.0000
ENSG00000255234.6	AP000446.1	lncRNA	0	15	11	0.0000	0.0000	0.0000
ENSG00000255235.1	AP005435.4	unprocessed_pseudogene	0	0	0	0.0000	0.0000	0.0000
ENSG00000255236.3	AP002992.1	lncRNA	5	3	2	0.2209	0.0647	0.0623
ENSG00000255237.1	AC138230.1	lncRNA	2	1	3	0.2558	0.0749	0.0721
ENSG00000255238.1	RFPL4AP1	processed_pseudogene	0	0	0	0.0000	0.0000	0.0000
ENSG00000255239.2	TREHP1	unprocessed_pseudogene	0	0	0	0.0000	0.0000	0.0000
ENSG00000255240.6	AP001636.3	lncRNA	0	0	0	0.0000	0.0000	0.0000
ENSG00000255241.1	AP005436.2	lncRNA	1	1	0	0.3370	0.0987	0.0950
ENSG00000255244.1	AC023078.1	lncRNA	0	0	0	0.0000	0.0000	0.0000
ENSG00000255245.4	FXYD6-FXYD2	protein_coding	0	0	0	0.0000	0.0000	0.0000
ENSG00000255246.2	AP000793.1	lncRNA	0	0	0	0.0000	0.0000	0.0000
ENSG00000255247.1	NECTIN1-AS1	lncRNA	0	0	0	0.0000	0.0000	0.0000
ENSG00000255248.9	MIR100HG	lncRNA	473	227	247	1.4021	0.4107	0.3955
ENSG00000255250.2	AP003059.2	lncRNA	3	2	1	0.2778	0.0814	0.0784
ENSG00000255251.1	PRR23D1	protein_coding	0	0	0	0.0000	0.0000	0.0000
ENSG00000255252.3	AL078612.1	lncRNA	0	798	813	0.0000	0.0000	0.0000
ENSG00000255253.1	AC068587.3	processed_pseudogene	0	0	0	0.0000	0.0000	0.0000
ENSG00000255254.1	HIGD1AP5	processed_pseudogene	0	0	0	0.0000	0.0000	0.0000
ENSG00000255255.1	PPP1R1AP1	processed_pseudogene	0	0	0	0.0000	0.0000	0.0000
ENSG00000255256.1	AL136146.2	lncRNA	0	0	0	0.0000	0.0000	0.0000
ENSG00000255258.2	LINC02743	lncRNA	0	0	0	0.0000	0.0000	0.0000
ENSG00000255259.2	ZNF123P	processed_pseudogene	0	0	0	0.0000	0.0000	0.0000
ENSG00000255260.1	KC877392.1	lncRNA	0	0	0	0.0000	0.0000	0.0000
ENSG00000255261.1	OR7E4P	unprocessed_pseudogene	0	0	0	0.0000	0.0000	0.0000
ENSG00000255262.3	ELOBP2	processed_pseudogene	5	4	1	1.1961	0.3503	0.3374
ENSG00000255265.1	TMA16P1	processed_pseudogene	0	0	0	0.0000	0.0000	0.0000
ENSG00000255266.1	AP003484.1	processed_pseudogene	0	0	0	0.0000	0.0000	0.0000
ENSG00000255267.4	LINC02687	lncRNA	1	1	2	0.0298	0.0087	0.0084
ENSG00000255268.2	AC130364.2	unprocessed_pseudogene	0	0	0	0.0000	0.0000	0.0000
ENSG00000255269.3	LINC02710	lncRNA	0	0	0	0.0000	0.0000	0.0000
ENSG00000255270.1	NAV2-IT1	lncRNA	0	0	0	0.0000	0.0000	0.0000
ENSG00000255271.1	AL137224.1	lncRNA	0	0	0	0.0000	0.0000	0.0000
ENSG00000255272.1	AC113192.3	lncRNA	0	0	0	0.0000	0.0000	0.0000
ENSG00000255273.1	AF238378.1	processed_pseudogene	0	0	0	0.0000	0.0000	0.0000
ENSG00000255274.9	SMIM35	protein_coding	3	0	3	0.0676	0.0198	0.0191
ENSG00000255276.1	RRM1-AS1	lncRNA	0	71	88	0.0000	0.0000	0.0000
ENSG00000255277.3	ABCC6P2	transcribed_unprocessed_pseudogene	0	0	0	0.0000	0.0000	0.0000
ENSG00000255279.1	AC023442.3	lncRNA	0	0	0	0.0000	0.0000	0.0000
ENSG00000255280.1	AP001922.4	processed_pseudogene	0	0	0	0.0000	0.0000	0.0000
ENSG00000255281.1	AC090124.2	processed_pseudogene	0	0	0	0.0000	0.0000	0.0000
ENSG00000255282.6	WTAPP1	transcribed_processed_pseudogene	3	18	31	0.0765	0.0224	0.0216
ENSG00000255283.3	AP005597.3	unprocessed_pseudogene	0	0	0	0.0000	0.0000	0.0000
ENSG00000255284.2	AP006621.3	lncRNA	46	18	28	2.6235	0.7685	0.7400
ENSG00000255285.1	AP004833.3	processed_pseudogene	0	0	0	0.0000	0.0000	0.0000
ENSG00000255286.2	AP000907.1	processed_pseudogene	0	0	0	0.0000	0.0000	0.0000
ENSG00000255287.1	SNRPGP16	processed_pseudogene	0	0	0	0.0000	0.0000	0.0000
ENSG00000255288.1	AL358944.2	processed_pseudogene	0	0	0	0.0000	0.0000	0.0000
ENSG00000255289.1	AC068389.2	lncRNA	0	0	0	0.0000	0.0000	0.0000
ENSG00000255291.2	HMGB1P40	processed_pseudogene	0	0	0	0.0000	0.0000	0.0000
ENSG00000255292.9	AP002884.2	protein_coding	0	0	0	0.0000	0.0000	0.0000
ENSG00000255293.1	WIZP1	processed_pseudogene	0	0	0	0.0000	0.0000	0.0000
ENSG00000255294.2	OR4A50P	unprocessed_pseudogene	0	0	0	0.0000	0.0000	0.0000
ENSG00000255295.1	H3P34	processed_pseudogene	0	0	0	0.0000	0.0000	0.0000
ENSG00000255296.1	AP002490.2	processed_pseudogene	0	0	0	0.0000	0.0000	0.0000
ENSG00000255297.1	OR4A41P	unprocessed_pseudogene	0	0	0	0.0000	0.0000	0.0000
ENSG00000255298.4	OR8G5	protein_coding	0	0	0	0.0000	0.0000	0.0000
ENSG00000255299.5	AP003557.1	lncRNA	17	9	8	1.4408	0.4220	0.4064
ENSG00000255300.6	LINC02745	lncRNA	0	0	0	0.0000	0.0000	0.0000
ENSG00000255301.1	AP002893.1	lncRNA	0	224	202	0.0000	0.0000	0.0000
ENSG00000255302.5	EID1	protein_coding	13906	7005	6903	578.8744	169.5614	163.2749
ENSG00000255303.2	OR5BA1P	transcribed_unprocessed_pseudogene	5	3	2	0.0774	0.0227	0.0218
ENSG00000255304.1	OR4A46P	unprocessed_pseudogene	1	0	1	0.0910	0.0267	0.0257
ENSG00000255305.1	AP004607.7	unprocessed_pseudogene	0	0	0	0.0000	0.0000	0.0000
ENSG00000255306.1	AC004923.4	lncRNA	4	5	2	0.4597	0.1346	0.1296
ENSG00000255307.1	OR52B2	protein_coding	0	0	0	0.0000	0.0000	0.0000
ENSG00000255308.1	CSRP3-AS1	lncRNA	0	0	0	0.0000	0.0000	0.0000
ENSG00000255309.1	AC131935.1	processed_pseudogene	0	0	0	0.0000	0.0000	0.0000
ENSG00000255310.2	AF131215.5	lncRNA	37	16	21	1.6205	0.4747	0.4571
ENSG00000255311.5	DLG2-AS2	lncRNA	0	0	0	0.0000	0.0000	0.0000
ENSG00000255312.1	OR4C7P	unprocessed_pseudogene	0	0	0	0.0000	0.0000	0.0000
ENSG00000255313.2	AC100858.1	lncRNA	0	0	0	0.0000	0.0000	0.0000
ENSG00000255314.4	AC024475.3	lncRNA	0	0	0	0.0000	0.0000	0.0000
ENSG00000255315.1	OR8A3P	unprocessed_pseudogene	0	0	0	0.0000	0.0000	0.0000
ENSG00000255316.1	MTND6P25	unprocessed_pseudogene	0	0	0	0.0000	0.0000	0.0000
ENSG00000255317.1	AP002833.2	lncRNA	0	0	0	0.0000	0.0000	0.0000
ENSG00000255319.5	ENPP7P8	transcribed_unprocessed_pseudogene	1	1	0	0.0528	0.0155	0.0149
ENSG00000255320.1	AP000759.1	lncRNA	50	23	34	10.6953	3.1328	3.0167
ENSG00000255321.1	AC068389.3	lncRNA	0	0	0	0.0000	0.0000	0.0000
ENSG00000255323.6	LINC01495	lncRNA	0	0	0	0.0000	0.0000	0.0000
ENSG00000255325.2	AC108136.1	lncRNA	0	0	0	0.0000	0.0000	0.0000
ENSG00000255326.1	AP001922.5	lncRNA	20	10	10	2.6089	0.7642	0.7359
ENSG00000255327.1	LINC02697	lncRNA	0	0	0	0.0000	0.0000	0.0000
ENSG00000255328.1	AC136475.5	lncRNA	1	1	0	0.0665	0.0195	0.0188
ENSG00000255329.1	H2AZP4	processed_pseudogene	1	0	1	0.2253	0.0660	0.0635
ENSG00000255330.9	AL096711.2	protein_coding	0	0	0	0.0000	0.0000	0.0000
ENSG00000255331.1	AP000790.2	processed_pseudogene	0	0	0	0.0000	0.0000	0.0000
ENSG00000255332.8	LINC02756	lncRNA	0	0	0	0.0000	0.0000	0.0000
ENSG00000255333.1	AP000435.1	processed_pseudogene	0	0	0	0.0000	0.0000	0.0000
ENSG00000255334.1	AP000907.2	lncRNA	0	0	0	0.0000	0.0000	0.0000
ENSG00000255335.2	LINC02729	lncRNA	0	0	0	0.0000	0.0000	0.0000
ENSG00000255336.1	AP003181.1	unprocessed_pseudogene	0	0	0	0.0000	0.0000	0.0000
ENSG00000255337.1	AP001830.1	lncRNA	3	3	0	0.3682	0.1078	0.1038
ENSG00000255338.1	AC118273.2	processed_pseudogene	0	0	0	0.0000	0.0000	0.0000
ENSG00000255339.6	AL133352.1	protein_coding	0	0	0	0.0000	0.0000	0.0000
ENSG00000255340.1	AC087276.3	lncRNA	0	92	88	0.0000	0.0000	0.0000
ENSG00000255341.1	OR8Q1P	unprocessed_pseudogene	0	0	0	0.0000	0.0000	0.0000
ENSG00000255342.1	AP000926.1	processed_pseudogene	0	0	0	0.0000	0.0000	0.0000
ENSG00000255343.1	AC234917.1	lncRNA	0	0	0	0.0000	0.0000	0.0000
ENSG00000255344.2	LINC02706	lncRNA	0	0	0	0.0000	0.0000	0.0000
ENSG00000255345.1	AP002957.1	lncRNA	108	56	52	3.8230	1.1198	1.0783
ENSG00000255346.10	NOX5	protein_coding	204	94	110	1.3826	0.4050	0.3900
ENSG00000255347.1	AC021820.1	processed_pseudogene	0	0	0	0.0000	0.0000	0.0000
ENSG00000255348.1	AP001775.2	lncRNA	0	25	23	0.0000	0.0000	0.0000
ENSG00000255349.1	OR4A7P	unprocessed_pseudogene	0	0	0	0.0000	0.0000	0.0000
ENSG00000255350.1	MTCO1P15	processed_pseudogene	0	0	0	0.0000	0.0000	0.0000
ENSG00000255351.1	AC023946.1	lncRNA	0	11	4	0.0000	0.0000	0.0000
ENSG00000255352.1	PPP1R10P1	processed_pseudogene	0	0	0	0.0000	0.0000	0.0000
ENSG00000255353.1	ASS1P13	processed_pseudogene	0	0	0	0.0000	0.0000	0.0000
ENSG00000255355.1	AP000640.2	lncRNA	4	1	3	0.3716	0.1089	0.1048
ENSG00000255356.2	AC007536.1	processed_pseudogene	0	0	0	0.0000	0.0000	0.0000
ENSG00000255357.2	AC055878.1	lncRNA	0	0	0	0.0000	0.0000	0.0000
ENSG00000255358.1	NDUFAF2P2	processed_pseudogene	0	0	0	0.0000	0.0000	0.0000
ENSG00000255359.3	CCDC179	protein_coding	0	0	0	0.0000	0.0000	0.0000
ENSG00000255360.1	AP004607.8	unprocessed_pseudogene	0	0	0	0.0000	0.0000	0.0000
ENSG00000255361.1	AC103843.2	processed_pseudogene	1	0	1	0.1245	0.0365	0.0351
ENSG00000255362.1	LINC02761	lncRNA	2	2	0	0.4377	0.1282	0.1235
ENSG00000255363.3	LINC02757	lncRNA	4	1	3	0.1927	0.0564	0.0543
ENSG00000255364.1	SMILR	lncRNA	1	1	0	0.1536	0.0450	0.0433
ENSG00000255365.1	AC040926.1	processed_pseudogene	0	0	0	0.0000	0.0000	0.0000
ENSG00000255366.1	AC120036.4	lncRNA	0	0	0	0.0000	0.0000	0.0000
ENSG00000255367.3	AC127526.2	lncRNA	0	0	0	0.0000	0.0000	0.0000
ENSG00000255368.1	AC087373.1	processed_pseudogene	0	0	0	0.0000	0.0000	0.0000
ENSG00000255369.1	AP000920.1	processed_pseudogene	1	0	1	0.2469	0.0723	0.0696
ENSG00000255370.1	CYCSP25	processed_pseudogene	0	0	0	0.0000	0.0000	0.0000
ENSG00000255371.1	OPCML-IT2	lncRNA	0	0	0	0.0000	0.0000	0.0000
ENSG00000255372.1	AC107886.1	lncRNA	0	0	0	0.0000	0.0000	0.0000
ENSG00000255374.3	TAS2R43	protein_coding	0	0	0	0.0000	0.0000	0.0000
ENSG00000255375.3	AL078612.2	lncRNA	0	0	0	0.0000	0.0000	0.0000
ENSG00000255376.1	AP003066.2	processed_pseudogene	0	0	0	0.0000	0.0000	0.0000
ENSG00000255377.1	DUXAP5	processed_pseudogene	0	0	0	0.0000	0.0000	0.0000
ENSG00000255378.1	PRR23D2	protein_coding	0	0	0	0.0000	0.0000	0.0000
ENSG00000255379.1	CYCSP29	processed_pseudogene	0	0	0	0.0000	0.0000	0.0000
ENSG00000255380.1	AP001317.1	processed_pseudogene	0	0	0	0.0000	0.0000	0.0000
ENSG00000255381.1	AP001258.1	processed_pseudogene	0	0	0	0.0000	0.0000	0.0000
ENSG00000255382.2	LINC02734	lncRNA	4	2	2	0.2812	0.0824	0.0793
ENSG00000255384.1	AP001267.2	lncRNA	0	0	0	0.0000	0.0000	0.0000
ENSG00000255385.1	UBTFL10	processed_pseudogene	0	0	0	0.0000	0.0000	0.0000
ENSG00000255386.1	OR5BR1P	unprocessed_pseudogene	0	0	0	0.0000	0.0000	0.0000
ENSG00000255387.1	RDXP1	processed_pseudogene	0	0	0	0.0000	0.0000	0.0000
ENSG00000255388.6	LINC02741	lncRNA	0	0	0	0.0000	0.0000	0.0000
ENSG00000255389.1	Z97989.1	lncRNA	11	12	17	0.3858	0.1130	0.1088
ENSG00000255390.1	AC091564.4	lncRNA	0	315	299	0.0000	0.0000	0.0000
ENSG00000255391.1	AP003497.1	processed_pseudogene	0	0	0	0.0000	0.0000	0.0000
ENSG00000255393.2	OOSP4B	protein_coding	0	0	0	0.0000	0.0000	0.0000
ENSG00000255394.4	C8orf49	lncRNA	0	0	0	0.0000	0.0000	0.0000
ENSG00000255395.1	AP001972.4	lncRNA	0	0	0	0.0000	0.0000	0.0000
ENSG00000255396.2	AP000857.1	processed_pseudogene	0	0	0	0.0000	0.0000	0.0000
ENSG00000255397.1	NASPP1	processed_pseudogene	2	1	1	0.0784	0.0230	0.0221
ENSG00000255398.3	HCAR3	protein_coding	0	1	3	0.0000	0.0000	0.0000
ENSG00000255399.4	TBX5-AS1	lncRNA	13	8	6	0.2628	0.0770	0.0741
ENSG00000255400.1	AC124276.2	lncRNA	0	0	0	0.0000	0.0000	0.0000
ENSG00000255401.1	AC021269.2	unprocessed_pseudogene	0	0	0	0.0000	0.0000	0.0000
ENSG00000255402.1	AC027451.1	lncRNA	0	0	0	0.0000	0.0000	0.0000
ENSG00000255403.1	HSPD1P13	processed_pseudogene	0	0	0	0.0000	0.0000	0.0000
ENSG00000255404.1	AP001266.1	lncRNA	0	1	1	0.0000	0.0000	0.0000
ENSG00000255406.3	LINC02730	lncRNA	0	0	0	0.0000	0.0000	0.0000
ENSG00000255408.4	PCDHA3	protein_coding	1	0	1	0.0114	0.0033	0.0032
ENSG00000255409.1	RSF1-IT1	lncRNA	3	2	1	0.4031	0.1181	0.1137
ENSG00000255410.2	AC091564.5	lncRNA	3	36	31	0.1227	0.0359	0.0346
ENSG00000255411.3	LINC02548	lncRNA	1	0	1	0.0343	0.0101	0.0097
ENSG00000255413.1	AC022880.1	processed_pseudogene	0	0	0	0.0000	0.0000	0.0000
ENSG00000255415.1	AP000867.3	processed_pseudogene	0	0	0	0.0000	0.0000	0.0000
ENSG00000255416.1	OR10AF1P	unprocessed_pseudogene	0	0	0	0.0000	0.0000	0.0000
ENSG00000255417.1	MTCO2P15	processed_pseudogene	0	0	0	0.0000	0.0000	0.0000
ENSG00000255418.6	LINC02718	lncRNA	0	0	0	0.0000	0.0000	0.0000
ENSG00000255420.2	CASC23	lncRNA	0	0	0	0.0000	0.0000	0.0000
ENSG00000255421.1	AP002340.1	lncRNA	3	2	7	0.8939	0.2618	0.2521
ENSG00000255422.3	AP002954.1	lncRNA	15	80	64	1.3186	0.3863	0.3719
ENSG00000255423.1	EBLN2	protein_coding	13	6	7	0.6575	0.1926	0.1855
ENSG00000255424.1	MRGPRX9P	unprocessed_pseudogene	0	0	0	0.0000	0.0000	0.0000
ENSG00000255425.6	OR8G3P	polymorphic_pseudogene	0	0	0	0.0000	0.0000	0.0000
ENSG00000255426.1	AC044839.2	lncRNA	0	0	0	0.0000	0.0000	0.0000
ENSG00000255427.1	LINC02707	lncRNA	0	0	0	0.0000	0.0000	0.0000
ENSG00000255428.1	AP002008.3	lncRNA	0	0	0	0.0000	0.0000	0.0000
ENSG00000255429.1	AP003400.1	lncRNA	0	0	0	0.0000	0.0000	0.0000
ENSG00000255430.1	CASP1P1	unprocessed_pseudogene	0	0	0	0.0000	0.0000	0.0000
ENSG00000255431.1	OR5B19P	unprocessed_pseudogene	0	0	0	0.0000	0.0000	0.0000
ENSG00000255432.1	AP001458.2	protein_coding	0	0	0	0.0000	0.0000	0.0000
ENSG00000255433.5	LINC02735	lncRNA	0	0	0	0.0000	0.0000	0.0000
ENSG00000255434.1	AP001922.6	lncRNA	30	14	16	4.6660	1.3667	1.3161
ENSG00000255435.7	AP001267.3	lncRNA	1	52	25	0.0315	0.0092	0.0089
ENSG00000255437.1	AC023538.1	processed_pseudogene	1	0	1	0.1154	0.0338	0.0325
ENSG00000255438.2	AL354813.1	lncRNA	2	189	182	0.0697	0.0204	0.0197
ENSG00000255439.6	AC135050.2	protein_coding	0	0	0	0.0000	0.0000	0.0000
ENSG00000255440.2	AP001085.1	lncRNA	0	0	0	0.0000	0.0000	0.0000
ENSG00000255441.1	SIGLEC10-AS1	lncRNA	0	25	20	0.0000	0.0000	0.0000
ENSG00000255442.1	AC109635.3	unprocessed_pseudogene	0	0	0	0.0000	0.0000	0.0000
ENSG00000255443.1	CD44-AS1	lncRNA	31	1499	1446	4.4847	1.3136	1.2649
ENSG00000255444.1	CYCSP27	processed_pseudogene	0	0	0	0.0000	0.0000	0.0000
ENSG00000255445.1	AP003072.2	processed_pseudogene	0	0	0	0.0000	0.0000	0.0000
ENSG00000255446.1	AP003064.2	lncRNA	3	3	0	0.4995	0.1463	0.1409
ENSG00000255447.1	AC044839.3	lncRNA	0	0	0	0.0000	0.0000	0.0000
ENSG00000255448.1	AC055860.1	lncRNA	0	0	0	0.0000	0.0000	0.0000
ENSG00000255449.1	AP002812.5	lncRNA	1	39	46	0.1193	0.0349	0.0336
ENSG00000255450.1	AC110056.1	processed_pseudogene	0	0	0	0.0000	0.0000	0.0000
ENSG00000255451.1	AC010768.4	lncRNA	0	0	0	0.0000	0.0000	0.0000
ENSG00000255452.1	AC084851.2	processed_pseudogene	0	0	0	0.0000	0.0000	0.0000
ENSG00000255454.1	AC100770.1	processed_pseudogene	0	0	0	0.0000	0.0000	0.0000
ENSG00000255455.2	AP003486.1	lncRNA	0	0	0	0.0000	0.0000	0.0000
ENSG00000255456.1	AC084125.3	lncRNA	0	0	0	0.0000	0.0000	0.0000
ENSG00000255457.1	AC022880.2	processed_pseudogene	0	0	0	0.0000	0.0000	0.0000
ENSG00000255458.7	AC108471.2	lncRNA	13	2	12	0.2941	0.0861	0.0829
ENSG00000255459.1	AC105233.2	processed_pseudogene	0	0	0	0.0000	0.0000	0.0000
ENSG00000255460.1	ZDHHC20P3	processed_pseudogene	0	0	0	0.0000	0.0000	0.0000
ENSG00000255461.1	OR8I1P	unprocessed_pseudogene	0	0	0	0.0000	0.0000	0.0000
ENSG00000255462.1	AC104031.1	lncRNA	1	1	0	0.2283	0.0669	0.0644
ENSG00000255463.1	AC011979.2	processed_pseudogene	0	0	0	0.0000	0.0000	0.0000
ENSG00000255464.1	SEPTIN14P8	unprocessed_pseudogene	0	0	0	0.0000	0.0000	0.0000
ENSG00000255466.1	OR5AL2P	unprocessed_pseudogene	0	0	0	0.0000	0.0000	0.0000
ENSG00000255467.1	AP002433.1	lncRNA	0	134	140	0.0000	0.0000	0.0000
ENSG00000255468.7	AP001107.9	lncRNA	49	33	43	1.6305	0.4776	0.4599
ENSG00000255469.1	BOLA3P1	processed_pseudogene	0	0	0	0.0000	0.0000	0.0000
ENSG00000255470.1	AC090099.1	lncRNA	0	1	0	0.0000	0.0000	0.0000
ENSG00000255471.1	AP001528.1	lncRNA	4	2	2	0.2789	0.0817	0.0787
ENSG00000255472.1	AL161668.2	lncRNA	0	0	0	0.0000	0.0000	0.0000
ENSG00000255474.1	GAU1	lncRNA	0	0	0	0.0000	0.0000	0.0000
ENSG00000255475.1	AP001007.2	lncRNA	0	0	0	0.0000	0.0000	0.0000
ENSG00000255476.1	AC011092.2	lncRNA	0	0	0	0.0000	0.0000	0.0000
ENSG00000255477.1	AC021713.1	lncRNA	0	0	0	0.0000	0.0000	0.0000
ENSG00000255478.1	AP000944.1	lncRNA	3	11	15	0.4517	0.1323	0.1274
ENSG00000255479.1	AP001189.5	lncRNA	0	0	0	0.0000	0.0000	0.0000
ENSG00000255480.1	AL353699.1	lncRNA	2	1	1	0.4653	0.1363	0.1312
ENSG00000255481.2	OR56A7P	unprocessed_pseudogene	0	0	0	0.0000	0.0000	0.0000
ENSG00000255482.1	AP001830.2	lncRNA	0	0	0	0.0000	0.0000	0.0000
ENSG00000255483.1	AP000889.2	processed_pseudogene	0	0	0	0.0000	0.0000	0.0000
ENSG00000255484.2	LINC02764	lncRNA	1	1	0	0.0411	0.0120	0.0116
ENSG00000255485.1	OR5G4P	unprocessed_pseudogene	0	0	0	0.0000	0.0000	0.0000
ENSG00000255486.1	AP003122.4	unprocessed_pseudogene	0	0	0	0.0000	0.0000	0.0000
ENSG00000255487.1	AC087362.2	lncRNA	0	18	24	0.0000	0.0000	0.0000
ENSG00000255489.1	AC115990.1	processed_pseudogene	0	0	0	0.0000	0.0000	0.0000
ENSG00000255490.1	EIF4A2P5	processed_pseudogene	0	0	0	0.0000	0.0000	0.0000
ENSG00000255491.3	AC100858.2	lncRNA	20	11	11	0.3502	0.1026	0.0988
ENSG00000255492.1	H3P33	processed_pseudogene	0	0	0	0.0000	0.0000	0.0000
ENSG00000255493.2	OR4A10P	unprocessed_pseudogene	0	0	0	0.0000	0.0000	0.0000
ENSG00000255494.1	LINC00681	lncRNA	16	11	5	2.6959	0.7897	0.7604
ENSG00000255495.1	AC145124.1	lncRNA	24	10	14	1.4975	0.4386	0.4224
ENSG00000255496.1	AC103796.1	lncRNA	2	1	1	0.4744	0.1390	0.1338
ENSG00000255497.1	AC022616.8	processed_pseudogene	0	0	0	0.0000	0.0000	0.0000
ENSG00000255498.1	AC068385.1	lncRNA	0	20	17	0.0000	0.0000	0.0000
ENSG00000255499.1	AC036111.3	processed_pseudogene	0	0	0	0.0000	0.0000	0.0000
ENSG00000255500.2	AC109635.4	processed_pseudogene	0	0	0	0.0000	0.0000	0.0000
ENSG00000255501.3	CARD18	protein_coding	0	0	0	0.0000	0.0000	0.0000
ENSG00000255502.6	LINC02713	lncRNA	0	0	0	0.0000	0.0000	0.0000
ENSG00000255503.1	AP001767.2	lncRNA	1	27	21	0.1948	0.0571	0.0549
ENSG00000255504.2	AP001533.1	transcribed_processed_pseudogene	0	0	0	0.0000	0.0000	0.0000
ENSG00000255505.1	AC079064.1	processed_pseudogene	0	0	0	0.0000	0.0000	0.0000
ENSG00000255506.1	AP003718.1	lncRNA	0	0	0	0.0000	0.0000	0.0000
ENSG00000255507.6	UVRAG-DT	lncRNA	6	5	5	0.3094	0.0906	0.0873
ENSG00000255508.7	AP002990.1	protein_coding	73	40	33	1.1928	0.3494	0.3364
ENSG00000255510.1	OR8A2P	unprocessed_pseudogene	0	0	0	0.0000	0.0000	0.0000
ENSG00000255511.1	AC023078.2	processed_pseudogene	0	0	0	0.0000	0.0000	0.0000
ENSG00000255512.2	LINC02684	lncRNA	0	0	0	0.0000	0.0000	0.0000
ENSG00000255513.1	AC005363.1	transcribed_processed_pseudogene	0	0	0	0.0000	0.0000	0.0000
ENSG00000255514.1	OR4B2P	unprocessed_pseudogene	0	0	0	0.0000	0.0000	0.0000
ENSG00000255515.1	AP003499.1	processed_pseudogene	0	0	0	0.0000	0.0000	0.0000
ENSG00000255516.1	AP005436.3	lncRNA	0	0	0	0.0000	0.0000	0.0000
ENSG00000255517.6	AP002748.4	lncRNA	50	138	118	2.0642	0.6046	0.5822
ENSG00000255519.1	AC103855.4	processed_pseudogene	0	0	0	0.0000	0.0000	0.0000
ENSG00000255520.1	AC090589.2	lncRNA	1	1	0	0.2558	0.0749	0.0721
ENSG00000255521.2	AL356215.1	lncRNA	27	13	14	0.8177	0.2395	0.2306
ENSG00000255522.1	SNRPCP5	processed_pseudogene	0	0	0	0.0000	0.0000	0.0000
ENSG00000255523.1	AP001652.1	lncRNA	0	0	0	0.0000	0.0000	0.0000
ENSG00000255524.7	NPIPB8	protein_coding	1	1	0	0.0363	0.0106	0.0102
ENSG00000255525.1	AL137804.1	lncRNA	0	0	0	0.0000	0.0000	0.0000
ENSG00000255526.6	NEDD8-MDP1	protein_coding	0	0	0	0.0000	0.0000	0.0000
ENSG00000255527.1	AC027369.5	unprocessed_pseudogene	0	0	0	0.0000	0.0000	0.0000
ENSG00000255528.1	AP003123.1	lncRNA	0	0	0	0.0000	0.0000	0.0000
ENSG00000255529.9	POLR2M	protein_coding	818	402	416	10.6738	3.1265	3.0106
ENSG00000255530.1	AF235103.2	processed_pseudogene	0	0	0	0.0000	0.0000	0.0000
ENSG00000255531.1	NDUFS5P6	processed_pseudogene	0	0	0	0.0000	0.0000	0.0000
ENSG00000255532.1	AC118942.1	transcribed_unprocessed_pseudogene	0	0	0	0.0000	0.0000	0.0000
ENSG00000255533.1	AC136475.6	processed_pseudogene	0	0	0	0.0000	0.0000	0.0000
ENSG00000255534.1	OR4A43P	unprocessed_pseudogene	0	0	0	0.0000	0.0000	0.0000
ENSG00000255535.2	AP003041.2	processed_pseudogene	0	0	0	0.0000	0.0000	0.0000
ENSG00000255536.1	MRGPRX5P	unprocessed_pseudogene	0	0	0	0.0000	0.0000	0.0000
ENSG00000255537.1	AP000708.1	lncRNA	7	14	11	0.1737	0.0509	0.0490
ENSG00000255538.1	OR10V2P	unprocessed_pseudogene	0	0	0	0.0000	0.0000	0.0000
ENSG00000255539.1	AP002336.3	lncRNA	0	129	112	0.0000	0.0000	0.0000
ENSG00000255540.1	AP003122.5	processed_pseudogene	0	0	0	0.0000	0.0000	0.0000
ENSG00000255541.1	CKS1BP4	processed_pseudogene	0	0	1	0.0000	0.0000	0.0000
ENSG00000255542.1	AC090625.2	lncRNA	0	0	0	0.0000	0.0000	0.0000
ENSG00000255543.1	AP005597.4	processed_pseudogene	0	0	0	0.0000	0.0000	0.0000
ENSG00000255544.2	DEFB108D	unprocessed_pseudogene	0	0	0	0.0000	0.0000	0.0000
ENSG00000255545.8	B3GAT1-DT	lncRNA	1	0	1	0.0095	0.0028	0.0027
ENSG00000255547.1	RPA2P3	processed_pseudogene	1	1	0	0.1103	0.0323	0.0311
ENSG00000255548.1	AP003043.1	lncRNA	0	0	0	0.0000	0.0000	0.0000
ENSG00000255549.2	ENPP7P6	transcribed_unprocessed_pseudogene	0	0	0	0.0000	0.0000	0.0000
ENSG00000255550.1	AP006587.4	unprocessed_pseudogene	0	0	0	0.0000	0.0000	0.0000
ENSG00000255551.1	AC027369.6	unprocessed_pseudogene	0	0	0	0.0000	0.0000	0.0000
ENSG00000255552.7	LY6G6E	protein_coding	0	0	0	0.0000	0.0000	0.0000
ENSG00000255553.2	LINC02733	lncRNA	1	1	0	0.0252	0.0074	0.0071
ENSG00000255554.1	OR7E1P	unprocessed_pseudogene	0	0	0	0.0000	0.0000	0.0000
ENSG00000255555.1	AP000857.2	lncRNA	0	0	0	0.0000	0.0000	0.0000
ENSG00000255556.2	AC087203.2	processed_pseudogene	0	0	0	0.0000	0.0000	0.0000
ENSG00000255557.1	AP001266.2	lncRNA	1	0	1	0.1830	0.0536	0.0516
ENSG00000255558.1	AC013762.1	lncRNA	0	0	0	0.0000	0.0000	0.0000
ENSG00000255559.1	ZNF252P-AS1	lncRNA	22	31	27	0.5773	0.1691	0.1628
ENSG00000255560.1	OR4R2P	unprocessed_pseudogene	0	0	0	0.0000	0.0000	0.0000
ENSG00000255561.7	FDXACB1	protein_coding	89	46	43	2.1284	0.6234	0.6003
ENSG00000255562.2	UNC93B6	transcribed_processed_pseudogene	2	1	1	0.1485	0.0435	0.0419
ENSG00000255563.1	AC021006.2	processed_pseudogene	0	0	0	0.0000	0.0000	0.0000
ENSG00000255565.1	AC073651.1	lncRNA	0	0	0	0.0000	0.0000	0.0000
ENSG00000255566.1	AC135279.2	processed_pseudogene	3	2	1	0.5055	0.1481	0.1426
ENSG00000255568.3	BRWD1-AS2	lncRNA	25	14	11	2.0652	0.6049	0.5825
ENSG00000255569.1	TRAV1-1	TR_V_gene	7	2	5	1.5164	0.4442	0.4277
ENSG00000255571.9	MIR9-3HG	lncRNA	18	14	4	0.1563	0.0458	0.0441
ENSG00000255572.1	AC018653.1	lncRNA	0	1	0	0.0000	0.0000	0.0000
ENSG00000255575.1	AC004812.1	processed_pseudogene	0	0	0	0.0000	0.0000	0.0000
ENSG00000255580.1	AP000462.1	lncRNA	0	0	0	0.0000	0.0000	0.0000
ENSG00000255581.1	AC006511.2	processed_pseudogene	0	0	0	0.0000	0.0000	0.0000
ENSG00000255582.1	OR10G2	protein_coding	0	0	0	0.0000	0.0000	0.0000
ENSG00000255583.2	AC084357.3	transcribed_unprocessed_pseudogene	0	0	0	0.0000	0.0000	0.0000
ENSG00000255585.3	AL590627.1	transcribed_processed_pseudogene	6	62	66	0.0966	0.0283	0.0272
ENSG00000255587.9	RAB44	protein_coding	3	2	1	0.0598	0.0175	0.0169
ENSG00000255595.5	AC007368.1	lncRNA	8	4	4	0.1056	0.0309	0.0298
ENSG00000255599.1	AP000997.2	lncRNA	0	0	0	0.0000	0.0000	0.0000
ENSG00000255605.1	AP000820.1	lncRNA	31	14	17	5.2026	1.5239	1.4674
ENSG00000255606.1	AP000439.1	lncRNA	0	0	0	0.0000	0.0000	0.0000
ENSG00000255608.1	AC006063.1	lncRNA	0	0	0	0.0000	0.0000	0.0000
ENSG00000255618.2	LINC02440	lncRNA	0	0	0	0.0000	0.0000	0.0000
ENSG00000255621.1	AC023790.2	lncRNA	0	0	0	0.0000	0.0000	0.0000
ENSG00000255622.3	PCDHB17P	transcribed_unprocessed_pseudogene	15	6	9	0.4155	0.1217	0.1172
ENSG00000255624.3	C10orf88B	transcribed_processed_pseudogene	2	0	2	0.0796	0.0233	0.0224
ENSG00000255627.1	AC092862.1	processed_pseudogene	4	2	2	0.6373	0.1867	0.1798
ENSG00000255628.1	AC140847.1	lncRNA	0	0	0	0.0000	0.0000	0.0000
ENSG00000255629.1	AC025576.1	lncRNA	0	206	211	0.0000	0.0000	0.0000
ENSG00000255633.5	MTRNR2L9	processed_pseudogene	1	0	1	1.1323	0.3317	0.3194
ENSG00000255639.3	AC005833.1	protein_coding	0	0	0	0.0000	0.0000	0.0000
ENSG00000255641.1	AC068775.1	protein_coding	0	0	0	0.0000	0.0000	0.0000
ENSG00000255642.1	PABPC1P4	processed_pseudogene	58	28	31	2.6269	0.7695	0.7409
ENSG00000255644.1	AC010185.1	lncRNA	0	10	16	0.0000	0.0000	0.0000
ENSG00000255647.3	AC093510.1	lncRNA	3	1	2	0.3802	0.1114	0.1072
ENSG00000255648.1	AC087242.1	lncRNA	0	0	0	0.0000	0.0000	0.0000
ENSG00000255649.2	AC008114.1	lncRNA	0	28	19	0.0000	0.0000	0.0000
ENSG00000255650.6	FAM222A-AS1	lncRNA	0	0	0	0.0000	0.0000	0.0000
ENSG00000255652.4	AC140847.2	lncRNA	0	0	0	0.0000	0.0000	0.0000
ENSG00000255653.1	AP002383.1	unprocessed_pseudogene	0	0	0	0.0000	0.0000	0.0000
ENSG00000255655.1	AC007570.1	lncRNA	0	2	0	0.0000	0.0000	0.0000
ENSG00000255660.1	RERG-AS1	lncRNA	0	0	0	0.0000	0.0000	0.0000
ENSG00000255663.1	AP002373.1	protein_coding	0	0	0	0.0000	0.0000	0.0000
ENSG00000255664.1	ARL6IP1P1	processed_pseudogene	0	0	0	0.0000	0.0000	0.0000
ENSG00000255666.7	LINC02700	lncRNA	0	0	0	0.0000	0.0000	0.0000
ENSG00000255669.2	AC092471.1	transcribed_unitary_pseudogene	2	1	1	0.1660	0.0486	0.0468
ENSG00000255670.1	AC007619.1	lncRNA	2	2	0	0.4122	0.1208	0.1163
ENSG00000255671.1	AC007406.1	lncRNA	0	0	0	0.0000	0.0000	0.0000
ENSG00000255672.1	AP002892.1	lncRNA	1	1	0	0.1544	0.0452	0.0435
ENSG00000255679.1	JRKL-AS1	lncRNA	0	0	0	0.0000	0.0000	0.0000
ENSG00000255680.1	AC091564.6	lncRNA	1	861	816	0.1830	0.0536	0.0516
ENSG00000255686.1	AC073864.1	lncRNA	0	0	0	0.0000	0.0000	0.0000
ENSG00000255689.1	AP003174.1	lncRNA	0	0	0	0.0000	0.0000	0.0000
ENSG00000255690.3	TRIL	protein_coding	5645	3138	2955	96.3957	28.2358	27.1890
ENSG00000255692.1	AC002563.1	lncRNA	0	40	31	0.0000	0.0000	0.0000
ENSG00000255693.3	LINC02389	lncRNA	0	0	1	0.0000	0.0000	0.0000
ENSG00000255700.2	APOOP3	processed_pseudogene	0	0	1	0.0000	0.0000	0.0000
ENSG00000255703.1	AC127070.3	processed_pseudogene	1	1	0	0.2206	0.0646	0.0622
ENSG00000255704.1	AC140063.1	processed_pseudogene	0	0	0	0.0000	0.0000	0.0000
ENSG00000255710.2	AP003170.1	processed_pseudogene	0	0	0	0.0000	0.0000	0.0000
ENSG00000255713.2	OR4D2	protein_coding	0	0	0	0.0000	0.0000	0.0000
ENSG00000255714.1	LINC02460	lncRNA	0	0	0	0.0000	0.0000	0.0000
ENSG00000255717.7	SNHG1	lncRNA	383	200	183	8.1926	2.3997	2.3108
ENSG00000255723.1	AC108516.2	lncRNA	0	0	0	0.0000	0.0000	0.0000
ENSG00000255725.2	TDGP1	processed_pseudogene	0	0	0	0.0000	0.0000	0.0000
ENSG00000255726.1	AL662844.1	unprocessed_pseudogene	0	0	0	0.0000	0.0000	0.0000
ENSG00000255727.2	LINC01489	lncRNA	0	0	0	0.0000	0.0000	0.0000
ENSG00000255730.5	AC011462.1	protein_coding	0	0	0	0.0000	0.0000	0.0000
ENSG00000255733.6	IFNG-AS1	lncRNA	20	9	11	0.3743	0.1096	0.1056
ENSG00000255734.1	HNRNPABP1	processed_pseudogene	4	4	0	0.4628	0.1356	0.1305
ENSG00000255737.2	AGAP2-AS1	lncRNA	134	1097	1017	7.5862	2.2221	2.1397
ENSG00000255741.1	AP000808.1	lncRNA	13	5	8	1.9402	0.5683	0.5472
ENSG00000255745.2	AC023796.1	lncRNA	0	0	0	0.0000	0.0000	0.0000
ENSG00000255746.1	AC007406.2	lncRNA	0	0	0	0.0000	0.0000	0.0000
ENSG00000255749.1	GNAI2P1	processed_pseudogene	0	0	0	0.0000	0.0000	0.0000
ENSG00000255750.6	AC022509.1	lncRNA	7	31	21	0.2478	0.0726	0.0699
ENSG00000255753.1	AC009533.2	processed_pseudogene	0	0	0	0.0000	0.0000	0.0000
ENSG00000255757.1	AC087894.1	processed_pseudogene	0	0	0	0.0000	0.0000	0.0000
ENSG00000255760.2	LINC02422	lncRNA	10	6	4	0.6385	0.1870	0.1801
ENSG00000255763.1	MRPS18CP4	processed_pseudogene	0	0	0	0.0000	0.0000	0.0000
ENSG00000255769.7	GOLGA2P10	transcribed_unprocessed_pseudogene	24	32	23	1.1593	0.3396	0.3270
ENSG00000255772.5	LINC01479	lncRNA	0	0	0	0.0000	0.0000	0.0000
ENSG00000255774.2	LINC02747	lncRNA	0	0	1	0.0000	0.0000	0.0000
ENSG00000255775.1	AC005845.1	lncRNA	0	0	0	0.0000	0.0000	0.0000
ENSG00000255776.1	VDAC2P2	processed_pseudogene	2	1	1	0.1885	0.0552	0.0532
ENSG00000255780.1	AC020611.1	processed_pseudogene	0	0	0	0.0000	0.0000	0.0000
ENSG00000255786.1	AP000763.1	processed_pseudogene	0	0	0	0.0000	0.0000	0.0000
ENSG00000255790.6	AC078950.1	lncRNA	0	0	0	0.0000	0.0000	0.0000
ENSG00000255794.9	RMST	lncRNA	0	0	0	0.0000	0.0000	0.0000
ENSG00000255801.1	AC092746.1	lncRNA	0	0	0	0.0000	0.0000	0.0000
ENSG00000255804.2	OR6J1	protein_coding	1	1	1	0.0204	0.0060	0.0058
ENSG00000255807.1	PTP4A1P2	processed_pseudogene	0	0	0	0.0000	0.0000	0.0000
ENSG00000255808.1	PDE2A-AS1	lncRNA	0	0	0	0.0000	0.0000	0.0000
ENSG00000255811.1	AL121988.1	lncRNA	0	0	0	0.0000	0.0000	0.0000
ENSG00000255814.2	LINC02439	lncRNA	0	0	0	0.0000	0.0000	0.0000
ENSG00000255815.3	KRT8P11	processed_pseudogene	0	0	0	0.0000	0.0000	0.0000
ENSG00000255817.1	AC025576.2	lncRNA	0	20	26	0.0000	0.0000	0.0000
ENSG00000255819.7	KLRC4-KLRK1	protein_coding	6	5	1	0.1966	0.0576	0.0554
ENSG00000255823.5	MTRNR2L8	protein_coding	50	32	18	3.2839	0.9619	0.9262
ENSG00000255825.1	AC006205.1	lncRNA	0	0	0	0.0000	0.0000	0.0000
ENSG00000255829.1	AC092490.2	lncRNA	0	0	0	0.0000	0.0000	0.0000
ENSG00000255830.2	AC069240.1	processed_pseudogene	0	0	0	0.0000	0.0000	0.0000
ENSG00000255833.2	TIFAB	protein_coding	45	18	27	0.6513	0.1908	0.1837
ENSG00000255835.1	AL117348.2	protein_coding	0	0	0	0.0000	0.0000	0.0000
ENSG00000255836.1	AC131206.1	processed_pseudogene	4	1	3	0.2805	0.0822	0.0791
ENSG00000255837.1	TAS2R20	protein_coding	1	1	0	0.0615	0.0180	0.0173
ENSG00000255838.1	AC069262.1	unprocessed_pseudogene	0	0	0	0.0000	0.0000	0.0000
ENSG00000255839.1	AC117503.1	lncRNA	0	78	74	0.0000	0.0000	0.0000
ENSG00000255843.1	AP000593.3	lncRNA	30	63	66	4.4076	1.2911	1.2432
ENSG00000255845.1	AP000777.1	lncRNA	0	0	0	0.0000	0.0000	0.0000
ENSG00000255847.5	AP003717.1	lncRNA	0	2	0	0.0000	0.0000	0.0000
ENSG00000255850.2	RXYLT1-AS1	lncRNA	0	585	593	0.0000	0.0000	0.0000
ENSG00000255851.2	Metazoa_SRP	misc_RNA	0	0	0	0.0000	0.0000	0.0000
ENSG00000255853.1	AC006065.1	processed_pseudogene	0	0	0	0.0000	0.0000	0.0000
ENSG00000255855.2	KDM4F	protein_coding	0	0	0	0.0000	0.0000	0.0000
ENSG00000255856.2	AC069503.1	lncRNA	0	2	3	0.0000	0.0000	0.0000
ENSG00000255857.6	PXN-AS1	lncRNA	29	2347	2257	0.5320	0.1558	0.1501
ENSG00000255858.3	AC055720.1	lncRNA	1	0	1	0.0750	0.0220	0.0212
ENSG00000255860.3	AP000812.2	unprocessed_pseudogene	1	0	1	0.1183	0.0346	0.0334
ENSG00000255866.2	AC090023.1	lncRNA	50	235	226	4.1384	1.2122	1.1673
ENSG00000255867.1	DENND5B-AS1	lncRNA	1	0	1	0.0649	0.0190	0.0183
ENSG00000255870.1	AP003170.2	processed_pseudogene	0	0	0	0.0000	0.0000	0.0000
ENSG00000255871.2	AC007529.1	lncRNA	0	0	0	0.0000	0.0000	0.0000
ENSG00000255872.3	AL138752.2	protein_coding	0	0	0	0.0000	0.0000	0.0000
ENSG00000255874.2	PRECSIT	lncRNA	36	19	17	0.4880	0.1429	0.1376
ENSG00000255875.2	PABPN1P2	processed_pseudogene	0	0	0	0.0000	0.0000	0.0000
ENSG00000255882.1	AC091814.1	lncRNA	0	11	12	0.0000	0.0000	0.0000
ENSG00000255883.1	FUNDC2P1	processed_pseudogene	24	8	16	3.5756	1.0473	1.0085
ENSG00000255885.1	AC124891.1	processed_pseudogene	0	0	0	0.0000	0.0000	0.0000
ENSG00000255886.1	AC020611.2	lncRNA	0	29	34	0.0000	0.0000	0.0000
ENSG00000255892.1	NDFIP1P1	processed_pseudogene	0	0	0	0.0000	0.0000	0.0000
ENSG00000255893.1	AP000786.1	lncRNA	10	4	6	1.4616	0.4281	0.4123
ENSG00000255899.1	AL662844.2	unprocessed_pseudogene	0	0	0	0.0000	0.0000	0.0000
ENSG00000255900.1	AC006065.2	processed_pseudogene	0	0	0	0.0000	0.0000	0.0000
ENSG00000255903.2	RPL12P46	processed_pseudogene	0	0	0	0.0000	0.0000	0.0000
ENSG00000255909.1	PDCD5P1	processed_pseudogene	6	1	5	1.6489	0.4830	0.4651
ENSG00000255910.2	AC024901.1	lncRNA	0	0	0	0.0000	0.0000	0.0000
ENSG00000255916.1	AC148477.1	lncRNA	0	0	0	0.0000	0.0000	0.0000
ENSG00000255919.1	AC226150.1	processed_pseudogene	0	0	0	0.0000	0.0000	0.0000
ENSG00000255920.3	CCND2-AS1	lncRNA	1	16	17	0.0193	0.0057	0.0054
ENSG00000255921.1	AC026310.1	lncRNA	16	8	10	1.8664	0.5467	0.5264
ENSG00000255923.1	AC078878.1	processed_pseudogene	0	0	0	0.0000	0.0000	0.0000
ENSG00000255928.1	AP002993.1	lncRNA	0	0	0	0.0000	0.0000	0.0000
ENSG00000255929.5	AP000943.2	lncRNA	0	66	54	0.0000	0.0000	0.0000
ENSG00000255931.2	AP003108.1	lncRNA	0	0	0	0.0000	0.0000	0.0000
ENSG00000255933.1	AC117500.2	lncRNA	3	3	0	0.3825	0.1120	0.1079
ENSG00000255944.1	AC006065.3	lncRNA	0	0	0	0.0000	0.0000	0.0000
ENSG00000255945.1	AC025252.1	lncRNA	0	0	0	0.0000	0.0000	0.0000
ENSG00000255946.1	AC069234.1	lncRNA	0	0	0	0.0000	0.0000	0.0000
ENSG00000255947.1	AP002754.2	lncRNA	0	0	0	0.0000	0.0000	0.0000
ENSG00000255949.1	RPS6KB2-AS1	lncRNA	0	256	265	0.0000	0.0000	0.0000
ENSG00000255951.1	AC022364.2	processed_pseudogene	0	0	0	0.0000	0.0000	0.0000
ENSG00000255958.1	GABARAPL1-AS1	lncRNA	0	2	1	0.0000	0.0000	0.0000
ENSG00000255959.1	AP000777.2	lncRNA	1	350	340	0.1695	0.0496	0.0478
ENSG00000255960.1	AC092851.1	processed_pseudogene	0	0	0	0.0000	0.0000	0.0000
ENSG00000255964.1	HSPD1P12	processed_pseudogene	2	1	2	0.1589	0.0465	0.0448
ENSG00000255965.1	AC073916.1	processed_pseudogene	0	0	0	0.0000	0.0000	0.0000
ENSG00000255966.1	AC006064.3	lncRNA	2	2	1	0.3561	0.1043	0.1004
ENSG00000255967.1	HADHAP2	processed_pseudogene	5	0	5	0.1858	0.0544	0.0524
ENSG00000255968.1	AC024145.1	lncRNA	7	3	4	0.7670	0.2247	0.2163
ENSG00000255970.1	LINC02421	lncRNA	5	3	2	0.1354	0.0397	0.0382
ENSG00000255972.1	AC026333.1	processed_pseudogene	0	0	0	0.0000	0.0000	0.0000
ENSG00000255973.1	AC137627.1	processed_pseudogene	0	0	0	0.0000	0.0000	0.0000
ENSG00000255974.8	CYP2A6	protein_coding	3	1	2	0.1146	0.0336	0.0323
ENSG00000255976.1	RAB11AP2	processed_pseudogene	0	0	0	0.0000	0.0000	0.0000
ENSG00000255977.1	AC006927.1	processed_pseudogene	1	1	0	0.1705	0.0499	0.0481
ENSG00000255980.1	AP000439.2	lncRNA	4	1	3	0.1430	0.0419	0.0403
ENSG00000255982.1	NXPE2P1	processed_pseudogene	0	0	0	0.0000	0.0000	0.0000
ENSG00000255983.1	AC007848.1	lncRNA	0	0	0	0.0000	0.0000	0.0000
ENSG00000255986.6	MT1JP	transcribed_unprocessed_pseudogene	0	0	0	0.0000	0.0000	0.0000
ENSG00000255987.1	TOMM20P2	processed_pseudogene	4	1	4	0.8068	0.2363	0.2276
ENSG00000255988.1	TUBB4BP1	processed_pseudogene	0	0	0	0.0000	0.0000	0.0000
ENSG00000255991.2	AC121334.1	processed_pseudogene	0	0	0	0.0000	0.0000	0.0000
ENSG00000255992.1	AC131009.1	lncRNA	14	13	9	2.7908	0.8175	0.7872
ENSG00000255993.1	PSMC1P9	processed_pseudogene	5	3	2	0.3181	0.0932	0.0897
ENSG00000255995.1	AP002795.1	processed_pseudogene	0	0	0	0.0000	0.0000	0.0000
ENSG00000255996.1	AC005906.1	processed_pseudogene	0	0	0	0.0000	0.0000	0.0000
ENSG00000255998.2	LINC02824	lncRNA	1	1	0	0.0399	0.0117	0.0112
ENSG00000256001.2	AC079949.1	lncRNA	0	0	0	0.0000	0.0000	0.0000
ENSG00000256004.1	AC092490.3	processed_pseudogene	0	0	0	0.0000	0.0000	0.0000
ENSG00000256006.1	AC084117.1	lncRNA	0	0	0	0.0000	0.0000	0.0000
ENSG00000256007.1	ARAP1-AS1	lncRNA	0	464	459	0.0000	0.0000	0.0000
ENSG00000256008.3	AC125616.1	lncRNA	0	0	0	0.0000	0.0000	0.0000
ENSG00000256011.1	AC007688.3	lncRNA	0	0	0	0.0000	0.0000	0.0000
ENSG00000256013.1	AC027277.1	lncRNA	0	513	526	0.0000	0.0000	0.0000
ENSG00000256019.1	TAS2R63P	unprocessed_pseudogene	0	0	0	0.0000	0.0000	0.0000
ENSG00000256020.1	AC006205.2	lncRNA	0	0	0	0.0000	0.0000	0.0000
ENSG00000256021.1	ELOCP31	processed_pseudogene	0	0	0	0.0000	0.0000	0.0000
ENSG00000256022.6	LINC02411	lncRNA	0	0	0	0.0000	0.0000	0.0000
ENSG00000256025.2	CACNA1C-AS4	lncRNA	0	0	0	0.0000	0.0000	0.0000
ENSG00000256028.2	AC026362.1	lncRNA	0	0	0	0.0000	0.0000	0.0000
ENSG00000256029.6	AL590560.2	protein_coding	4	259	268	0.0419	0.0123	0.0118
ENSG00000256030.1	CBX3P4	transcribed_processed_pseudogene	1	1	0	0.1300	0.0381	0.0367
ENSG00000256034.1	AP002770.1	lncRNA	0	349	365	0.0000	0.0000	0.0000
ENSG00000256035.1	AP000619.2	processed_pseudogene	0	0	0	0.0000	0.0000	0.0000
ENSG00000256037.1	MRPL40P1	processed_pseudogene	2	2	0	0.2812	0.0824	0.0793
ENSG00000256039.2	LINC02446	lncRNA	33	17	16	2.1230	0.6219	0.5988
ENSG00000256040.2	PAPPA-AS1	lncRNA	0	4	8	0.0000	0.0000	0.0000
ENSG00000256041.1	AP001858.1	processed_pseudogene	0	0	0	0.0000	0.0000	0.0000
ENSG00000256043.4	CTSO	protein_coding	4160	2104	2057	118.7459	34.7825	33.4930
ENSG00000256044.1	AC026333.2	processed_pseudogene	0	0	0	0.0000	0.0000	0.0000
ENSG00000256045.3	MTRNR2L10	protein_coding	4	2	2	0.3232	0.0947	0.0912
ENSG00000256053.9	COA8	protein_coding	527	277	250	11.4224	3.3458	3.2218
ENSG00000256056.1	AC087257.2	unprocessed_pseudogene	49	22	27	4.4839	1.3134	1.2647
ENSG00000256060.3	TRAPPC2B	protein_coding	111	52	59	5.0815	1.4884	1.4333
ENSG00000256061.7	DNAAF4	protein_coding	21	8	13	0.6078	0.1780	0.1714
ENSG00000256064.1	AC063926.1	lncRNA	0	0	0	0.0000	0.0000	0.0000
ENSG00000256069.7	A2MP1	transcribed_unprocessed_pseudogene	8	18	15	0.1459	0.0427	0.0411
ENSG00000256070.1	AC016956.1	processed_pseudogene	0	0	0	0.0000	0.0000	0.0000
ENSG00000256071.1	AC084291.1	lncRNA	0	0	0	0.0000	0.0000	0.0000
ENSG00000256072.1	AC078889.1	lncRNA	0	7	5	0.0000	0.0000	0.0000
ENSG00000256073.3	URB1-AS1	lncRNA	455	253	202	46.4968	13.6196	13.1147
ENSG00000256075.1	AC008033.1	processed_pseudogene	2	1	1	0.1462	0.0428	0.0412
ENSG00000256077.5	LINC02442	lncRNA	2	1	1	0.2959	0.0867	0.0835
ENSG00000256079.1	FAM133GP	processed_pseudogene	1	1	0	0.1291	0.0378	0.0364
ENSG00000256081.2	AC243972.2	processed_pseudogene	0	0	0	0.0000	0.0000	0.0000
ENSG00000256083.1	AC090673.1	lncRNA	0	0	0	0.0000	0.0000	0.0000
ENSG00000256084.1	AC092112.1	lncRNA	2	1	1	0.2654	0.0777	0.0749
ENSG00000256085.1	AC130404.1	lncRNA	0	0	0	0.0000	0.0000	0.0000
ENSG00000256087.7	ZNF432	protein_coding	376	214	189	5.3341	1.5624	1.5045
ENSG00000256091.1	MTRF1LP1	processed_pseudogene	0	0	0	0.0000	0.0000	0.0000
ENSG00000256092.2	SBNO1-AS1	lncRNA	1	9	20	0.0378	0.0111	0.0107
ENSG00000256093.1	AC122688.1	processed_pseudogene	0	0	0	0.0000	0.0000	0.0000
ENSG00000256098.1	AP002392.1	processed_pseudogene	0	0	0	0.0000	0.0000	0.0000
ENSG00000256100.1	AP000721.1	protein_coding	0	0	0	0.0000	0.0000	0.0000
ENSG00000256101.5	AC092745.1	lncRNA	0	0	0	0.0000	0.0000	0.0000
ENSG00000256103.2	ATP5MFP5	processed_pseudogene	0	0	0	0.0000	0.0000	0.0000
ENSG00000256108.1	AC135586.1	processed_pseudogene	0	0	0	0.0000	0.0000	0.0000
ENSG00000256115.6	LINC02443	lncRNA	0	0	0	0.0000	0.0000	0.0000
ENSG00000256116.1	AP001453.1	lncRNA	1	394	349	0.0808	0.0237	0.0228
ENSG00000256120.2	SOX5-AS1	lncRNA	0	0	0	0.0000	0.0000	0.0000
ENSG00000256124.6	LINC01152	lncRNA	59	64	36	1.2032	0.3524	0.3394
ENSG00000256125.1	FAM32EP	processed_pseudogene	0	0	0	0.0000	0.0000	0.0000
ENSG00000256128.6	LINC00944	lncRNA	53	74	74	0.8346	0.2445	0.2354
ENSG00000256134.1	EGLN3P1	processed_pseudogene	0	0	0	0.0000	0.0000	0.0000
ENSG00000256136.1	AC092865.2	processed_pseudogene	0	0	0	0.0000	0.0000	0.0000
ENSG00000256137.1	AC117373.1	lncRNA	0	0	0	0.0000	0.0000	0.0000
ENSG00000256138.1	ZKSCAN7P1	processed_pseudogene	0	0	0	0.0000	0.0000	0.0000
ENSG00000256139.2	AC007637.1	lncRNA	8	3	5	0.7466	0.2187	0.2106
ENSG00000256146.1	AC006206.1	lncRNA	0	0	0	0.0000	0.0000	0.0000
ENSG00000256148.1	AP000763.2	processed_pseudogene	13	6	7	6.7728	1.9839	1.9103
ENSG00000256149.1	AC087863.2	lncRNA	0	0	0	0.0000	0.0000	0.0000
ENSG00000256150.2	ITFG2-AS1	lncRNA	0	1	2	0.0000	0.0000	0.0000
ENSG00000256151.1	ADGRD1-AS1	lncRNA	0	3	1	0.0000	0.0000	0.0000
ENSG00000256152.2	AC027290.1	lncRNA	0	151	171	0.0000	0.0000	0.0000
ENSG00000256155.1	LINC02598	lncRNA	0	0	0	0.0000	0.0000	0.0000
ENSG00000256157.1	AC011604.1	processed_pseudogene	1	0	1	0.4333	0.1269	0.1222
ENSG00000256159.1	AC022080.2	processed_pseudogene	0	0	0	0.0000	0.0000	0.0000
ENSG00000256162.2	SMLR1	protein_coding	0	0	0	0.0000	0.0000	0.0000
ENSG00000256166.1	LINC02571	lncRNA	1	1	0	0.1584	0.0464	0.0447
ENSG00000256167.1	ATF4P4	transcribed_processed_pseudogene	17	8	9	0.6759	0.1980	0.1906
ENSG00000256171.1	GCSHP4	processed_pseudogene	0	0	0	0.0000	0.0000	0.0000
ENSG00000256172.1	LINC02420	lncRNA	0	0	0	0.0000	0.0000	0.0000
ENSG00000256176.1	AC024940.3	processed_pseudogene	0	0	0	0.0000	0.0000	0.0000
ENSG00000256181.1	AP001880.1	unprocessed_pseudogene	0	0	0	0.0000	0.0000	0.0000
ENSG00000256185.1	AC055720.2	lncRNA	0	0	0	0.0000	0.0000	0.0000
ENSG00000256188.3	TAS2R30	protein_coding	1	1	0	0.0503	0.0147	0.0142
ENSG00000256189.1	AP003717.2	processed_pseudogene	0	0	0	0.0000	0.0000	0.0000
ENSG00000256192.1	OOEPP2	processed_pseudogene	0	3	4	0.0000	0.0000	0.0000
ENSG00000256193.6	LINC00507	lncRNA	0	0	0	0.0000	0.0000	0.0000
ENSG00000256195.3	AP002518.1	lncRNA	0	0	0	0.0000	0.0000	0.0000
ENSG00000256196.2	AP003721.1	lncRNA	3	3	0	0.0991	0.0290	0.0279
ENSG00000256197.1	TSPAN9-IT1	lncRNA	0	0	0	0.0000	0.0000	0.0000
ENSG00000256199.1	AC078962.2	lncRNA	0	0	0	0.0000	0.0000	0.0000
ENSG00000256204.1	AC073862.1	lncRNA	0	0	0	0.0000	0.0000	0.0000
ENSG00000256206.2	AC018523.2	protein_coding	0	0	0	0.0000	0.0000	0.0000
ENSG00000256209.2	AC073578.1	lncRNA	6	3	3	0.3203	0.0938	0.0903
ENSG00000256210.3	AC005255.1	processed_pseudogene	0	7	13	0.0000	0.0000	0.0000
ENSG00000256211.1	SKP1P2	processed_pseudogene	3	2	1	0.5105	0.1495	0.1440
ENSG00000256218.1	AC007848.2	lncRNA	0	0	0	0.0000	0.0000	0.0000
ENSG00000256220.1	AP003037.1	lncRNA	0	0	0	0.0000	0.0000	0.0000
ENSG00000256221.1	AC244502.2	processed_pseudogene	0	0	0	0.0000	0.0000	0.0000
ENSG00000256222.3	MTRNR2L3	protein_coding	2	1	1	0.1614	0.0473	0.0455
ENSG00000256223.6	ZNF10	protein_coding	35	16	19	0.5364	0.1571	0.1513
ENSG00000256226.1	AC092747.1	lncRNA	1	1	0	0.1381	0.0404	0.0389
ENSG00000256229.8	ZNF486	protein_coding	35	20	15	0.6956	0.2037	0.1962
ENSG00000256232.1	LINC02387	lncRNA	0	0	0	0.0000	0.0000	0.0000
ENSG00000256234.1	AC022509.2	lncRNA	1	0	1	0.1215	0.0356	0.0343
ENSG00000256235.2	SMIM3	protein_coding	1338	663	676	46.3959	13.5901	13.0862
ENSG00000256237.1	AC007450.1	lncRNA	0	0	0	0.0000	0.0000	0.0000
ENSG00000256238.1	SUPT16HP1	processed_pseudogene	25	18	7	0.6776	0.1985	0.1911
ENSG00000256243.2	RPL7AP3	processed_pseudogene	1	0	1	0.1799	0.0527	0.0507
ENSG00000256249.1	AC026333.3	lncRNA	0	3	1	0.0000	0.0000	0.0000
ENSG00000256250.1	AC073912.1	lncRNA	1	3	0	0.1447	0.0424	0.0408
ENSG00000256254.1	AP000619.3	processed_pseudogene	0	0	0	0.0000	0.0000	0.0000
ENSG00000256256.1	AC019209.1	lncRNA	0	0	0	0.0000	0.0000	0.0000
ENSG00000256257.1	CACNA1C-IT2	lncRNA	0	0	0	0.0000	0.0000	0.0000
ENSG00000256258.1	AC117500.3	lncRNA	0	0	0	0.0000	0.0000	0.0000
ENSG00000256259.1	LINC02425	lncRNA	0	0	0	0.0000	0.0000	0.0000
ENSG00000256262.1	USP30-AS1	lncRNA	2	15	17	0.2589	0.0758	0.0730
ENSG00000256263.1	DDX11L8	unprocessed_pseudogene	0	0	0	0.0000	0.0000	0.0000
ENSG00000256268.2	LINC02454	lncRNA	324	155	171	14.8006	4.3353	4.1746
ENSG00000256269.10	HMBS	protein_coding	737	366	371	14.0738	4.1224	3.9696
ENSG00000256271.1	CACNA1C-AS2	lncRNA	1	3	5	0.1394	0.0408	0.0393
ENSG00000256273.1	AC022511.1	lncRNA	0	0	0	0.0000	0.0000	0.0000
ENSG00000256274.1	TAS2R64P	transcribed_unprocessed_pseudogene	6	4	2	0.2120	0.0621	0.0598
ENSG00000256278.1	AC048382.1	lncRNA	1	1	2	0.0834	0.0244	0.0235
ENSG00000256280.1	ATP5MGP1	processed_pseudogene	0	0	0	0.0000	0.0000	0.0000
ENSG00000256281.1	AP003174.2	lncRNA	0	0	0	0.0000	0.0000	0.0000
ENSG00000256282.1	AC112694.1	transcribed_processed_pseudogene	0	2	4	0.0000	0.0000	0.0000
ENSG00000256283.1	METTL8P1	processed_pseudogene	1	1	0	0.1390	0.0407	0.0392
ENSG00000256285.1	OSBPL9P5	processed_pseudogene	0	0	0	0.0000	0.0000	0.0000
ENSG00000256286.2	AC078878.2	lncRNA	0	0	0	0.0000	0.0000	0.0000
ENSG00000256287.1	LINC02398	lncRNA	0	0	0	0.0000	0.0000	0.0000
ENSG00000256288.1	LINC02617	lncRNA	0	0	0	0.0000	0.0000	0.0000
ENSG00000256292.2	LINC02376	lncRNA	0	0	0	0.0000	0.0000	0.0000
ENSG00000256293.2	ATP6V1E1P3	processed_pseudogene	2	2	1	0.2739	0.0802	0.0773
ENSG00000256294.8	ZNF225	protein_coding	287	144	143	3.3893	0.9928	0.9560
ENSG00000256298.1	AC135388.1	lncRNA	0	0	0	0.0000	0.0000	0.0000
ENSG00000256299.1	AC073912.2	lncRNA	0	0	0	0.0000	0.0000	0.0000
ENSG00000256306.1	AC007527.1	lncRNA	0	0	0	0.0000	0.0000	0.0000
ENSG00000256310.1	NDUFA5P6	processed_pseudogene	0	0	0	0.0000	0.0000	0.0000
ENSG00000256311.1	AC084880.2	lncRNA	0	0	0	0.0000	0.0000	0.0000
ENSG00000256312.1	AC138466.1	lncRNA	0	0	0	0.0000	0.0000	0.0000
ENSG00000256314.1	AC078962.3	lncRNA	0	0	0	0.0000	0.0000	0.0000
ENSG00000256315.1	AP000462.2	lncRNA	0	0	0	0.0000	0.0000	0.0000
ENSG00000256321.6	AC087235.2	lncRNA	20	7	13	1.0426	0.3054	0.2941
ENSG00000256325.1	AC025423.1	lncRNA	4	0	4	0.9082	0.2660	0.2562
ENSG00000256331.1	NIFKP3	processed_pseudogene	0	0	0	0.0000	0.0000	0.0000
ENSG00000256338.2	RPL41P2	processed_pseudogene	47	25	22	9.7586	2.8584	2.7525
ENSG00000256339.1	AC007655.1	lncRNA	1	1	0	0.2379	0.0697	0.0671
ENSG00000256340.8	ABCC6P1	transcribed_unprocessed_pseudogene	0	0	0	0.0000	0.0000	0.0000
ENSG00000256341.1	AP006333.1	lncRNA	0	18	15	0.0000	0.0000	0.0000
ENSG00000256343.8	AC095350.1	lncRNA	0	0	0	0.0000	0.0000	0.0000
ENSG00000256346.1	AC092470.1	processed_pseudogene	0	0	0	0.0000	0.0000	0.0000
ENSG00000256347.1	OR8R1P	unprocessed_pseudogene	0	0	0	0.0000	0.0000	0.0000
ENSG00000256349.1	AP002748.5	protein_coding	0	0	0	0.0000	0.0000	0.0000
ENSG00000256350.1	AC243972.3	unprocessed_pseudogene	0	0	0	0.0000	0.0000	0.0000
ENSG00000256351.1	AC007834.2	processed_pseudogene	0	0	0	0.0000	0.0000	0.0000
ENSG00000256353.1	AC087258.1	processed_pseudogene	0	0	0	0.0000	0.0000	0.0000
ENSG00000256355.1	NTAN1P3	processed_pseudogene	2	1	1	0.2375	0.0696	0.0670
ENSG00000256356.1	HSPA8P5	processed_pseudogene	23	10	13	0.9440	0.2765	0.2663
ENSG00000256357.1	AL132708.1	lncRNA	0	0	0	0.0000	0.0000	0.0000
ENSG00000256358.1	RPL31P57	processed_pseudogene	1	1	0	0.2265	0.0663	0.0639
ENSG00000256361.1	AC027544.1	processed_pseudogene	0	0	0	0.0000	0.0000	0.0000
ENSG00000256362.2	LINC02375	lncRNA	0	0	0	0.0000	0.0000	0.0000
ENSG00000256364.1	AC069234.2	lncRNA	0	1251	1230	0.0000	0.0000	0.0000
ENSG00000256371.1	LRRC34P1	processed_pseudogene	0	0	0	0.0000	0.0000	0.0000
ENSG00000256372.1	AC023050.3	processed_pseudogene	0	0	0	0.0000	0.0000	0.0000
ENSG00000256374.2	PPIAL4D	protein_coding	1	1	1	0.1716	0.0503	0.0484
ENSG00000256377.6	AC009509.1	lncRNA	2	45	50	0.1092	0.0320	0.0308
ENSG00000256378.1	AC008011.1	unprocessed_pseudogene	0	0	0	0.0000	0.0000	0.0000
ENSG00000256379.2	TRAV8-5	TR_V_pseudogene	2	0	2	0.4981	0.1459	0.1405
ENSG00000256381.1	AC005832.1	lncRNA	0	0	0	0.0000	0.0000	0.0000
ENSG00000256385.1	UBE2NP1	processed_pseudogene	0	0	0	0.0000	0.0000	0.0000
ENSG00000256389.2	AC048352.1	lncRNA	0	0	0	0.0000	0.0000	0.0000
ENSG00000256393.1	RPL41P5	processed_pseudogene	99	51	48	107.7836	31.5715	30.4010
ENSG00000256394.3	ASIC5	protein_coding	1	1	0	0.0501	0.0147	0.0141
ENSG00000256399.1	AC079866.1	processed_pseudogene	0	0	0	0.0000	0.0000	0.0000
ENSG00000256400.1	AC018630.1	processed_pseudogene	0	0	0	0.0000	0.0000	0.0000
ENSG00000256403.1	AP003785.1	lncRNA	0	0	0	0.0000	0.0000	0.0000
ENSG00000256407.2	AL357673.1	protein_coding	1	1	0	0.0215	0.0063	0.0061
ENSG00000256417.1	AC006206.2	lncRNA	5	3	2	0.2647	0.0775	0.0747
ENSG00000256420.1	OSBPL9P4	processed_pseudogene	0	0	0	0.0000	0.0000	0.0000
ENSG00000256422.6	LINC02552	lncRNA	117	50	67	0.5836	0.1709	0.1646
ENSG00000256424.2	LINC02414	lncRNA	0	0	0	0.0000	0.0000	0.0000
ENSG00000256427.2	AC010175.1	lncRNA	0	0	1	0.0000	0.0000	0.0000
ENSG00000256433.3	AC005840.2	lncRNA	26	11	15	1.1993	0.3513	0.3383
ENSG00000256436.1	TAS2R31	protein_coding	5	3	2	0.4159	0.1218	0.1173
ENSG00000256440.1	AC019209.2	lncRNA	0	0	0	0.0000	0.0000	0.0000
ENSG00000256441.1	DNAJB6P5	processed_pseudogene	0	0	0	0.0000	0.0000	0.0000
ENSG00000256442.2	AC010186.1	lncRNA	3	1	2	0.3558	0.1042	0.1004
ENSG00000256443.1	AP003559.1	lncRNA	0	0	0	0.0000	0.0000	0.0000
ENSG00000256448.5	AP000763.3	lncRNA	1	186	172	0.2469	0.0723	0.0696
ENSG00000256450.1	AC007552.1	processed_pseudogene	0	0	0	0.0000	0.0000	0.0000
ENSG00000256452.1	AP003170.3	lncRNA	3	1	2	1.6124	0.4723	0.4548
ENSG00000256453.2	DND1	protein_coding	0	285	315	0.0000	0.0000	0.0000
ENSG00000256458.1	AC080075.1	lncRNA	0	26	23	0.0000	0.0000	0.0000
ENSG00000256462.1	AL732437.1	lncRNA	0	0	0	0.0000	0.0000	0.0000
ENSG00000256463.8	SALL3	protein_coding	0	0	0	0.0000	0.0000	0.0000
ENSG00000256464.1	YWHABP2	processed_pseudogene	3	0	3	0.3573	0.1047	0.1008
ENSG00000256465.1	AC023050.4	processed_pseudogene	0	0	0	0.0000	0.0000	0.0000
ENSG00000256469.1	AP002383.2	lncRNA	0	247	230	0.0000	0.0000	0.0000
ENSG00000256473.1	AC087260.1	lncRNA	0	0	0	0.0000	0.0000	0.0000
ENSG00000256474.1	TRAV11	TR_V_pseudogene	0	0	0	0.0000	0.0000	0.0000
ENSG00000256480.1	AC018653.2	processed_pseudogene	0	0	0	0.0000	0.0000	0.0000
ENSG00000256481.1	AP006333.2	lncRNA	2	1	1	0.2320	0.0680	0.0654
ENSG00000256482.1	AC023796.2	lncRNA	0	6	3	0.0000	0.0000	0.0000
ENSG00000256484.1	AC140118.1	lncRNA	0	0	0	0.0000	0.0000	0.0000
ENSG00000256494.1	LINC02825	lncRNA	0	0	0	0.0000	0.0000	0.0000
ENSG00000256496.1	AC073913.1	unprocessed_pseudogene	0	0	0	0.0000	0.0000	0.0000
ENSG00000256499.2	LINC02468	lncRNA	0	0	0	0.0000	0.0000	0.0000
ENSG00000256500.6	AL139300.1	protein_coding	0	0	0	0.0000	0.0000	0.0000
ENSG00000256502.1	AC073913.2	processed_pseudogene	0	0	0	0.0000	0.0000	0.0000
ENSG00000256504.2	AC009509.2	lncRNA	0	0	0	0.0000	0.0000	0.0000
ENSG00000256508.2	MRGPRF-AS1	lncRNA	0	1	3	0.0000	0.0000	0.0000
ENSG00000256512.1	AC009511.1	lncRNA	0	50	58	0.0000	0.0000	0.0000
ENSG00000256513.1	AC022081.1	lncRNA	0	0	0	0.0000	0.0000	0.0000
ENSG00000256514.1	AP003419.1	protein_coding	0	0	0	0.0000	0.0000	0.0000
ENSG00000256518.3	FOLR1P1	unprocessed_pseudogene	0	0	0	0.0000	0.0000	0.0000
ENSG00000256525.8	POLG2	protein_coding	245	123	127	4.5777	1.3409	1.2912
ENSG00000256533.1	AP002373.2	processed_pseudogene	0	0	0	0.0000	0.0000	0.0000
ENSG00000256537.5	SMIM10L1	protein_coding	1309	859	783	23.0481	6.7511	6.5008
ENSG00000256538.2	AC046130.2	lncRNA	3	1	2	0.0931	0.0273	0.0263
ENSG00000256540.1	AC007406.3	lncRNA	7	4	3	0.5021	0.1471	0.1416
ENSG00000256542.2	AC148477.2	lncRNA	0	0	0	0.0000	0.0000	0.0000
ENSG00000256546.2	AC156455.1	lncRNA	57	38	19	2.6436	0.7744	0.7456
ENSG00000256551.2	LINC02369	lncRNA	0	0	0	0.0000	0.0000	0.0000
ENSG00000256552.2	AC092745.2	transcribed_processed_pseudogene	3	1	2	0.4109	0.1204	0.1159
ENSG00000256553.1	TRAV1-2	TR_V_gene	10	8	2	2.1124	0.6188	0.5958
ENSG00000256557.1	AC009509.3	processed_pseudogene	0	0	0	0.0000	0.0000	0.0000
ENSG00000256560.1	LINC01486	lncRNA	0	0	0	0.0000	0.0000	0.0000
ENSG00000256563.2	NANOGNBP2	processed_pseudogene	0	0	0	0.0000	0.0000	0.0000
ENSG00000256564.1	AC007552.2	lncRNA	0	0	0	0.0000	0.0000	0.0000
ENSG00000256566.1	AL049650.1	protein_coding	0	0	0	0.0000	0.0000	0.0000
ENSG00000256568.2	AP002761.2	lncRNA	0	0	0	0.0000	0.0000	0.0000
ENSG00000256569.1	AC069234.3	lncRNA	0	135	134	0.0000	0.0000	0.0000
ENSG00000256571.1	AC079866.2	lncRNA	2	0	2	0.3298	0.0966	0.0930
ENSG00000256574.8	OR13A1	protein_coding	0	0	0	0.0000	0.0000	0.0000
ENSG00000256576.2	LINC02361	lncRNA	40	21	19	2.2890	0.6705	0.6456
ENSG00000256577.2	SLC6A12-AS1	lncRNA	0	0	1	0.0000	0.0000	0.0000
ENSG00000256581.1	NLRP9P1	unprocessed_pseudogene	0	0	0	0.0000	0.0000	0.0000
ENSG00000256582.1	LINC02390	lncRNA	0	0	0	0.0000	0.0000	0.0000
ENSG00000256588.1	AC027544.2	lncRNA	3	2	1	0.4044	0.1185	0.1141
ENSG00000256589.2	ENPP7P5	unprocessed_pseudogene	3	2	1	0.2471	0.0724	0.0697
ENSG00000256590.2	TRDV3	TR_V_gene	0	0	0	0.0000	0.0000	0.0000
ENSG00000256591.5	AP003108.2	protein_coding	5	46	51	0.0564	0.0165	0.0159
ENSG00000256594.8	AC010186.2	transcribed_unprocessed_pseudogene	81	42	39	2.4349	0.7132	0.6868
ENSG00000256596.1	AC026358.1	lncRNA	1	1	0	0.0376	0.0110	0.0106
ENSG00000256597.3	LINC02393	lncRNA	0	0	0	0.0000	0.0000	0.0000
ENSG00000256603.1	AP003170.4	lncRNA	1	1	0	0.1449	0.0424	0.0409
ENSG00000256609.1	AC084880.3	lncRNA	1	1	0	0.1570	0.0460	0.0443
ENSG00000256612.7	CYP2B7P	transcribed_unprocessed_pseudogene	0	0	0	0.0000	0.0000	0.0000
ENSG00000256614.1	AK6P1	processed_pseudogene	0	0	0	0.0000	0.0000	0.0000
ENSG00000256615.1	AC010197.1	lncRNA	3	3	0	0.4408	0.1291	0.1243
ENSG00000256616.3	AP002414.2	transcribed_processed_pseudogene	0	0	0	0.0000	0.0000	0.0000
ENSG00000256618.2	MTRNR2L1	protein_coding	4	3	1	0.2187	0.0641	0.0617
ENSG00000256625.1	AC092747.2	unprocessed_pseudogene	7	2	5	0.6047	0.1771	0.1706
ENSG00000256626.1	AC024224.1	unprocessed_pseudogene	0	0	0	0.0000	0.0000	0.0000
ENSG00000256627.1	AC073651.2	processed_pseudogene	0	0	0	0.0000	0.0000	0.0000
ENSG00000256628.3	ZBTB11-AS1	lncRNA	193	205	189	5.9751	1.7502	1.6853
ENSG00000256630.1	AC090424.1	unprocessed_pseudogene	0	0	0	0.0000	0.0000	0.0000
ENSG00000256632.3	AC135586.2	lncRNA	0	0	0	0.0000	0.0000	0.0000
ENSG00000256633.1	PDE2A-AS2	lncRNA	21	44	46	2.6857	0.7867	0.7575
ENSG00000256637.7	LINC01965	lncRNA	0	0	0	0.0000	0.0000	0.0000
ENSG00000256640.1	AC023051.2	processed_pseudogene	0	0	0	0.0000	0.0000	0.0000
ENSG00000256642.1	LINC00273	lncRNA	0	0	0	0.0000	0.0000	0.0000
ENSG00000256643.1	LINC02441	lncRNA	0	0	0	0.0000	0.0000	0.0000
ENSG00000256646.8	AC010132.3	protein_coding	0	0	0	0.0000	0.0000	0.0000
ENSG00000256650.1	RERG-IT1	lncRNA	0	0	0	0.0000	0.0000	0.0000
ENSG00000256651.1	AC006518.1	unprocessed_pseudogene	0	0	0	0.0000	0.0000	0.0000
ENSG00000256654.4	AC005906.2	lncRNA	2	2	0	0.0176	0.0052	0.0050
ENSG00000256657.1	AC244131.1	unprocessed_pseudogene	0	0	0	0.0000	0.0000	0.0000
ENSG00000256658.1	AC008115.1	lncRNA	0	0	0	0.0000	0.0000	0.0000
ENSG00000256659.2	LINC02368	lncRNA	0	0	0	0.0000	0.0000	0.0000
ENSG00000256660.6	CLEC12B	protein_coding	7	5	3	0.1546	0.0453	0.0436
ENSG00000256661.1	A2ML1-AS1	lncRNA	0	20	27	0.0000	0.0000	0.0000
ENSG00000256663.1	AC112777.1	processed_pseudogene	45	22	23	2.6855	0.7866	0.7575
ENSG00000256664.1	AC025423.2	processed_pseudogene	0	0	0	0.0000	0.0000	0.0000
ENSG00000256667.6	KLRA1P	transcribed_unprocessed_pseudogene	19	11	8	0.6567	0.1924	0.1852
ENSG00000256670.1	AC078962.4	lncRNA	1	1	0	0.3343	0.0979	0.0943
ENSG00000256671.6	LIMS4	protein_coding	0	0	0	0.0000	0.0000	0.0000
ENSG00000256672.1	LINC02455	lncRNA	0	0	0	0.0000	0.0000	0.0000
ENSG00000256673.1	AC141557.1	unprocessed_pseudogene	2552	2754	2725	541.7925	158.6995	152.8157
ENSG00000256674.1	AC020549.2	processed_pseudogene	0	0	0	0.0000	0.0000	0.0000
ENSG00000256678.1	AC025423.3	processed_pseudogene	1	0	1	0.1811	0.0530	0.0511
ENSG00000256681.1	CCDC58P5	processed_pseudogene	0	0	0	0.0000	0.0000	0.0000
ENSG00000256682.2	AC006518.2	transcribed_processed_pseudogene	0	0	0	0.0000	0.0000	0.0000
ENSG00000256683.7	ZNF350	protein_coding	258	126	132	4.8238	1.4130	1.3606
ENSG00000256684.1	LINC02737	lncRNA	0	0	0	0.0000	0.0000	0.0000
ENSG00000256686.1	AC019209.3	lncRNA	1	1	0	0.1100	0.0322	0.0310
ENSG00000256690.1	AP001160.1	lncRNA	1	267	292	0.1110	0.0325	0.0313
ENSG00000256691.1	AC005908.2	lncRNA	0	0	0	0.0000	0.0000	0.0000
ENSG00000256694.1	AC026369.2	lncRNA	5	9	7	0.3857	0.1130	0.1088
ENSG00000256695.2	AC003982.1	lncRNA	0	0	0	0.0000	0.0000	0.0000
ENSG00000256699.1	TMEM132D-AS2	lncRNA	0	0	0	0.0000	0.0000	0.0000
ENSG00000256704.3	ENTR1P1	processed_pseudogene	0	0	0	0.0000	0.0000	0.0000
ENSG00000256705.3	AL137779.1	lncRNA	2	0	2	0.2835	0.0831	0.0800
ENSG00000256706.1	AC005342.2	lncRNA	0	0	0	0.0000	0.0000	0.0000
ENSG00000256708.1	AC007458.1	processed_pseudogene	0	0	0	0.0000	0.0000	0.0000
ENSG00000256709.2	CSGALNACT2P2	processed_pseudogene	0	0	0	0.0000	0.0000	0.0000
ENSG00000256712.1	AC134349.1	lncRNA	0	8	18	0.0000	0.0000	0.0000
ENSG00000256713.8	PGA5	protein_coding	0	0	0	0.0000	0.0000	0.0000
ENSG00000256714.1	AC087318.1	lncRNA	0	0	0	0.0000	0.0000	0.0000
ENSG00000256717.1	LINC02698	lncRNA	0	0	0	0.0000	0.0000	0.0000
ENSG00000256720.1	BTG1P1	processed_pseudogene	6	3	3	1.0030	0.2938	0.2829
ENSG00000256721.1	CACNA1C-IT3	lncRNA	0	0	0	0.0000	0.0000	0.0000
ENSG00000256723.1	AP003717.3	processed_pseudogene	0	0	0	0.0000	0.0000	0.0000
ENSG00000256732.1	AC006065.4	lncRNA	1	0	1	0.0712	0.0209	0.0201
ENSG00000256733.2	AP003721.2	lncRNA	0	0	0	0.0000	0.0000	0.0000
ENSG00000256734.1	AC027544.3	processed_pseudogene	0	0	0	0.0000	0.0000	0.0000
ENSG00000256737.1	RBBP4P5	processed_pseudogene	3	2	1	0.2012	0.0589	0.0568
ENSG00000256739.1	AP002892.2	lncRNA	0	0	0	0.0000	0.0000	0.0000
ENSG00000256742.1	KDM2B-DT	lncRNA	11	13	12	1.7171	0.5030	0.4843
ENSG00000256745.1	ARPC3P3	processed_pseudogene	16	15	5	2.4749	0.7249	0.6981
ENSG00000256746.5	MADD-AS1	lncRNA	2	1	1	0.3169	0.0928	0.0894
ENSG00000256747.1	AC009511.2	lncRNA	0	93	90	0.0000	0.0000	0.0000
ENSG00000256748.1	AC005832.2	processed_pseudogene	0	0	0	0.0000	0.0000	0.0000
ENSG00000256750.2	LINC02423	lncRNA	0	0	0	0.0000	0.0000	0.0000
ENSG00000256751.6	PLBD1-AS1	lncRNA	14	14	13	0.2354	0.0690	0.0664
ENSG00000256752.1	HPRT1P3	processed_pseudogene	0	0	0	0.0000	0.0000	0.0000
ENSG00000256756.1	TIMM17BP1	processed_pseudogene	1	1	0	0.1646	0.0482	0.0464
ENSG00000256757.1	AP002840.1	lncRNA	0	0	0	0.0000	0.0000	0.0000
ENSG00000256762.1	STH	protein_coding	1	0	1	0.1908	0.0559	0.0538
ENSG00000256769.1	CACNA1C-AS3	lncRNA	0	0	0	0.0000	0.0000	0.0000
ENSG00000256771.4	ZNF253	protein_coding	51	31	24	1.1931	0.3495	0.3365
ENSG00000256774.1	AC087241.1	processed_pseudogene	0	0	0	0.0000	0.0000	0.0000
ENSG00000256777.1	PDCL3P7	processed_pseudogene	0	0	0	0.0000	0.0000	0.0000
ENSG00000256779.2	AP002383.3	transcribed_processed_pseudogene	0	0	0	0.0000	0.0000	0.0000
ENSG00000256783.1	AC079031.1	lncRNA	0	0	0	0.0000	0.0000	0.0000
ENSG00000256789.1	AP000753.2	lncRNA	0	89	91	0.0000	0.0000	0.0000
ENSG00000256797.1	KLRF2	protein_coding	0	0	0	0.0000	0.0000	0.0000
ENSG00000256799.1	AC005832.3	processed_pseudogene	0	0	0	0.0000	0.0000	0.0000
ENSG00000256802.2	AC022613.1	lncRNA	20	9	11	0.6208	0.1818	0.1751
ENSG00000256803.1	AC024224.2	lncRNA	0	1	0	0.0000	0.0000	0.0000
ENSG00000256804.1	AC138466.2	processed_pseudogene	0	3	3	0.0000	0.0000	0.0000
ENSG00000256806.6	C17orf100	protein_coding	105	54	51	3.6649	1.0735	1.0337
ENSG00000256810.2	AC078925.1	lncRNA	0	0	0	0.0000	0.0000	0.0000
ENSG00000256811.1	AC079360.1	lncRNA	1	0	1	0.1957	0.0573	0.0552
ENSG00000256812.2	CAPNS2	protein_coding	1	1	0	0.0846	0.0248	0.0239
ENSG00000256813.1	AP000777.3	lncRNA	0	184	158	0.0000	0.0000	0.0000
ENSG00000256814.1	AC122688.2	lncRNA	0	0	0	0.0000	0.0000	0.0000
ENSG00000256817.1	TPT1P12	processed_pseudogene	1	1	0	0.1726	0.0506	0.0487
ENSG00000256824.1	AP000721.2	lncRNA	0	0	0	0.0000	0.0000	0.0000
ENSG00000256825.4	AC026786.1	protein_coding	0	0	0	0.0000	0.0000	0.0000
ENSG00000256826.1	ATP5MFP4	processed_pseudogene	0	0	0	0.0000	0.0000	0.0000
ENSG00000256827.1	AC068790.1	processed_pseudogene	0	0	0	0.0000	0.0000	0.0000
ENSG00000256835.1	AC005294.1	processed_pseudogene	0	0	0	0.0000	0.0000	0.0000
ENSG00000256837.1	CACNA1C-IT1	lncRNA	0	0	0	0.0000	0.0000	0.0000
ENSG00000256843.1	AC023157.1	processed_pseudogene	1	0	1	0.6023	0.1764	0.1699
ENSG00000256844.1	MEF2BNBP1	processed_pseudogene	0	0	0	0.0000	0.0000	0.0000
ENSG00000256847.1	CCND2P1	processed_pseudogene	0	1	0	0.0000	0.0000	0.0000
ENSG00000256849.1	TCP1P3	processed_pseudogene	2	1	1	0.1134	0.0332	0.0320
ENSG00000256851.1	AL663061.1	unprocessed_pseudogene	0	0	0	0.0000	0.0000	0.0000
ENSG00000256852.1	KNOP1P1	processed_pseudogene	0	0	0	0.0000	0.0000	0.0000
ENSG00000256861.1	AC048338.1	protein_coding	0	0	0	0.0000	0.0000	0.0000
ENSG00000256862.3	PARP11-AS1	lncRNA	15	13	5	0.6819	0.1997	0.1923
ENSG00000256863.1	AP001880.2	unprocessed_pseudogene	0	0	0	0.0000	0.0000	0.0000
ENSG00000256870.3	SLC5A8	protein_coding	0	0	1	0.0000	0.0000	0.0000
ENSG00000256875.2	AC079031.2	lncRNA	0	0	0	0.0000	0.0000	0.0000
ENSG00000256879.1	AC129102.1	lncRNA	0	1	1	0.0000	0.0000	0.0000
ENSG00000256884.1	AC084880.4	lncRNA	0	0	0	0.0000	0.0000	0.0000
ENSG00000256888.6	LINC02366	lncRNA	0	0	0	0.0000	0.0000	0.0000
ENSG00000256892.2	MTRNR2L7	protein_coding	1	0	1	0.0553	0.0162	0.0156
ENSG00000256894.1	AC022509.3	lncRNA	106	47	59	10.8978	3.1921	3.0738
ENSG00000256896.1	PSMC1P8	processed_pseudogene	0	0	0	0.0000	0.0000	0.0000
ENSG00000256897.1	AC018410.1	lncRNA	7	4	3	0.9745	0.2854	0.2749
ENSG00000256898.1	ARPC3P4	processed_pseudogene	3	2	1	0.4789	0.1403	0.1351
ENSG00000256902.1	IQSEC3P1	processed_pseudogene	0	0	0	0.0000	0.0000	0.0000
ENSG00000256904.1	A2ML1-AS2	lncRNA	0	0	0	0.0000	0.0000	0.0000
ENSG00000256906.1	LINC02419	lncRNA	0	0	0	0.0000	0.0000	0.0000
ENSG00000256912.1	GCNAP1	processed_pseudogene	2	1	1	0.4300	0.1259	0.1213
ENSG00000256913.1	AC005840.3	processed_pseudogene	3	1	2	0.1021	0.0299	0.0288
ENSG00000256915.2	AC090023.2	lncRNA	188	108	95	11.9409	3.4977	3.3680
ENSG00000256916.1	AP000851.1	lncRNA	0	0	0	0.0000	0.0000	0.0000
ENSG00000256917.1	AC008033.2	processed_pseudogene	1	1	0	0.4798	0.1405	0.1353
ENSG00000256923.1	AC084819.1	lncRNA	0	0	0	0.0000	0.0000	0.0000
ENSG00000256925.3	ADGRA1-AS1	lncRNA	0	0	0	0.0000	0.0000	0.0000
ENSG00000256928.1	AP000763.4	lncRNA	0	77	77	0.0000	0.0000	0.0000
ENSG00000256937.1	KRT17P8	processed_pseudogene	2	0	2	0.1968	0.0576	0.0555
ENSG00000256940.2	PPP1R14B-AS1	lncRNA	12	112	80	1.2003	0.3516	0.3385
ENSG00000256943.1	AC148477.3	lncRNA	0	0	0	0.0000	0.0000	0.0000
ENSG00000256944.1	AP003721.3	lncRNA	7	16	3	1.4678	0.4299	0.4140
ENSG00000256947.1	AP002518.2	lncRNA	0	0	0	0.0000	0.0000	0.0000
ENSG00000256948.1	AC026369.3	lncRNA	3	1	2	0.4347	0.1273	0.1226
ENSG00000256950.2	AC069503.2	protein_coding	2	0	2	0.0928	0.0272	0.0262
ENSG00000256951.1	AC055876.3	transcribed_processed_pseudogene	0	0	0	0.0000	0.0000	0.0000
ENSG00000256955.2	AC131009.2	lncRNA	2	0	2	0.2206	0.0646	0.0622
ENSG00000256963.1	AC079602.2	processed_pseudogene	0	0	0	0.0000	0.0000	0.0000
ENSG00000256966.6	AL513165.2	protein_coding	0	0	0	0.0000	0.0000	0.0000
ENSG00000256967.1	AC018653.3	lncRNA	8	6	16	0.5762	0.1688	0.1625
ENSG00000256968.1	SNRPEP2	processed_pseudogene	25	17	8	7.6094	2.2289	2.1463
ENSG00000256969.2	AC084375.1	lncRNA	0	0	0	0.0000	0.0000	0.0000
ENSG00000256971.2	LINC00508	lncRNA	0	0	0	0.0000	0.0000	0.0000
ENSG00000256972.1	AP000462.3	lncRNA	0	0	0	0.0000	0.0000	0.0000
ENSG00000256973.1	AC053513.2	lncRNA	6	3	3	0.6904	0.2022	0.1947
ENSG00000256975.1	AC092821.2	processed_pseudogene	10	7	3	0.4159	0.1218	0.1173
ENSG00000256977.12	LIMS3	protein_coding	0	0	0	0.0000	0.0000	0.0000
ENSG00000256980.5	KHDC1L	protein_coding	0	0	0	0.0000	0.0000	0.0000
ENSG00000256981.1	AC134349.2	unprocessed_pseudogene	1	1	0	0.0933	0.0273	0.0263
ENSG00000256982.2	AC135782.1	lncRNA	0	0	0	0.0000	0.0000	0.0000
ENSG00000256984.2	AC008013.2	transcribed_processed_pseudogene	0	0	0	0.0000	0.0000	0.0000
ENSG00000256986.2	AC140847.3	unprocessed_pseudogene	0	0	0	0.0000	0.0000	0.0000
ENSG00000256987.1	AC023050.5	processed_pseudogene	2	1	1	0.1231	0.0361	0.0347
ENSG00000256988.2	AC005833.2	lncRNA	0	0	0	0.0000	0.0000	0.0000
ENSG00000256994.2	LINC02378	lncRNA	0	0	0	0.0000	0.0000	0.0000
ENSG00000256995.8	AC084816.1	lncRNA	6	3	3	0.0773	0.0226	0.0218
ENSG00000257000.1	AC137590.1	lncRNA	0	75	99	0.0000	0.0000	0.0000
ENSG00000257002.1	AP000438.1	lncRNA	0	0	0	0.0000	0.0000	0.0000
ENSG00000257004.1	AC008115.2	lncRNA	1	1	0	0.3524	0.1032	0.0994
ENSG00000257005.1	AC027667.1	processed_pseudogene	2	0	2	0.5587	0.1636	0.1576
ENSG00000257008.6	GPR142	protein_coding	4	2	2	0.2112	0.0619	0.0596
ENSG00000257009.1	AC022367.1	lncRNA	0	0	0	0.0000	0.0000	0.0000
ENSG00000257012.1	AP002383.4	unprocessed_pseudogene	0	0	0	0.0000	0.0000	0.0000
ENSG00000257016.1	SLC25A39P2	processed_pseudogene	0	0	0	0.0000	0.0000	0.0000
ENSG00000257017.9	HP	protein_coding	1	0	1	0.0155	0.0045	0.0044
ENSG00000257021.1	HSPE1P20	processed_pseudogene	0	0	0	0.0000	0.0000	0.0000
ENSG00000257022.1	AC008250.1	lncRNA	0	1	3	0.0000	0.0000	0.0000
ENSG00000257023.1	AC087241.2	lncRNA	2	0	2	0.1970	0.0577	0.0556
ENSG00000257025.1	AC023595.1	lncRNA	0	0	0	0.0000	0.0000	0.0000
ENSG00000257027.1	AC010186.3	lncRNA	546	271	275	18.4875	5.4153	5.2145
ENSG00000257035.1	AC025252.2	unprocessed_pseudogene	0	0	0	0.0000	0.0000	0.0000
ENSG00000257037.1	RARS1P1	processed_pseudogene	0	0	0	0.0000	0.0000	0.0000
ENSG00000257038.1	AP002761.3	lncRNA	6	16	23	0.3006	0.0881	0.0848
ENSG00000257042.1	AC008011.2	lncRNA	0	6	5	0.0000	0.0000	0.0000
ENSG00000257043.1	SRSF3P1	processed_pseudogene	2	0	2	0.3404	0.0997	0.0960
ENSG00000257045.1	AC016746.1	lncRNA	0	30	36	0.0000	0.0000	0.0000
ENSG00000257046.5	SLCO1B3-SLCO1B7	protein_coding	0	0	0	0.0000	0.0000	0.0000
ENSG00000257048.1	LINC02417	lncRNA	0	0	0	0.0000	0.0000	0.0000
ENSG00000257052.1	AP003721.4	lncRNA	58	26	32	6.0807	1.7811	1.7151
ENSG00000257056.3	LINC02282	lncRNA	0	0	0	0.0000	0.0000	0.0000
ENSG00000257057.3	C11orf97	protein_coding	0	0	0	0.0000	0.0000	0.0000
ENSG00000257058.1	AP001363.2	lncRNA	1	1	0	0.2172	0.0636	0.0613
ENSG00000257060.7	AC091078.1	lncRNA	2	1	1	0.0227	0.0066	0.0064
ENSG00000257062.6	AC022335.1	protein_coding	0	0	0	0.0000	0.0000	0.0000
ENSG00000257065.1	AL049844.1	protein_coding	0	0	0	0.0000	0.0000	0.0000
ENSG00000257067.6	LINC02703	lncRNA	2	1	1	0.1239	0.0363	0.0349
ENSG00000257069.6	KCNK4-TEX40	lncRNA	0	0	0	0.0000	0.0000	0.0000
ENSG00000257070.1	AP003170.5	processed_pseudogene	0	0	0	0.0000	0.0000	0.0000
ENSG00000257074.3	RPL29P33	processed_pseudogene	2	1	1	0.5375	0.1574	0.1516
ENSG00000257075.1	RPEP6	processed_pseudogene	0	0	0	0.0000	0.0000	0.0000
ENSG00000257078.1	AC006512.2	processed_pseudogene	0	0	0	0.0000	0.0000	0.0000
ENSG00000257083.7	AC073530.1	lncRNA	0	0	0	0.0000	0.0000	0.0000
ENSG00000257084.1	MIR200CHG	lncRNA	0	0	0	0.0000	0.0000	0.0000
ENSG00000257086.1	AP001453.2	lncRNA	2	37	63	0.1991	0.0583	0.0562
ENSG00000257087.1	AP003174.3	processed_pseudogene	1	1	0	0.1646	0.0482	0.0464
ENSG00000257093.7	DENND11	protein_coding	1654	835	819	19.0607	5.5832	5.3762
ENSG00000257094.1	AC016957.1	processed_pseudogene	0	0	0	0.0000	0.0000	0.0000
ENSG00000257095.1	AC084361.1	lncRNA	0	0	0	0.0000	0.0000	0.0000
ENSG00000257096.1	AL161747.2	lncRNA	0	25	18	0.0000	0.0000	0.0000
ENSG00000257097.1	CLIP1-AS1	lncRNA	0	1	1	0.0000	0.0000	0.0000
ENSG00000257101.1	LRRC37A13P	processed_pseudogene	0	0	0	0.0000	0.0000	0.0000
ENSG00000257103.8	LSM14A	protein_coding	3374	1692	1682	60.3457	17.6762	17.0209
ENSG00000257105.1	AC006581.1	lncRNA	0	0	0	0.0000	0.0000	0.0000
ENSG00000257108.2	NHLRC4	protein_coding	32	16	16	1.2965	0.3798	0.3657
ENSG00000257109.3	OR4F28P	unprocessed_pseudogene	2	1	1	0.1811	0.0530	0.0511
ENSG00000257113.1	AC090502.1	processed_pseudogene	1	0	1	0.3033	0.0888	0.0855
ENSG00000257114.3	LINC02450	lncRNA	6	5	1	0.3443	0.1008	0.0971
ENSG00000257115.1	OR11H12	protein_coding	0	0	0	0.0000	0.0000	0.0000
ENSG00000257119.1	EEF1B2P4	processed_pseudogene	0	0	0	0.0000	0.0000	0.0000
ENSG00000257120.1	AL356756.1	lncRNA	0	0	0	0.0000	0.0000	0.0000
ENSG00000257121.1	AC126615.2	processed_pseudogene	0	0	0	0.0000	0.0000	0.0000
ENSG00000257122.5	RRN3P3	transcribed_unprocessed_pseudogene	131	65	72	3.3050	0.9681	0.9322
ENSG00000257124.2	AC093025.1	lncRNA	0	0	0	0.0000	0.0000	0.0000
ENSG00000257125.1	KRT127P	unprocessed_pseudogene	0	0	0	0.0000	0.0000	0.0000
ENSG00000257126.6	FOXG1-AS1	lncRNA	0	0	0	0.0000	0.0000	0.0000
ENSG00000257127.6	CLLU1	lncRNA	0	0	1	0.0000	0.0000	0.0000
ENSG00000257128.1	AC006197.1	processed_pseudogene	0	0	0	0.0000	0.0000	0.0000
ENSG00000257129.1	AC126177.1	transcribed_processed_pseudogene	0	0	0	0.0000	0.0000	0.0000
ENSG00000257135.7	ODC1-DT	lncRNA	14	7	7	0.2532	0.0742	0.0714
ENSG00000257137.7	LINC02874	lncRNA	0	0	0	0.0000	0.0000	0.0000
ENSG00000257138.1	TAS2R38	protein_coding	0	0	0	0.0000	0.0000	0.0000
ENSG00000257139.1	LINC02821	lncRNA	1	0	1	0.1469	0.0430	0.0414
ENSG00000257142.1	AL512310.1	unprocessed_pseudogene	0	0	0	0.0000	0.0000	0.0000
ENSG00000257146.1	AC079905.2	processed_pseudogene	0	0	0	0.0000	0.0000	0.0000
ENSG00000257150.3	PGAM1P5	transcribed_processed_pseudogene	3	3	0	0.1076	0.0315	0.0304
ENSG00000257155.1	AL163973.2	lncRNA	0	0	0	0.0000	0.0000	0.0000
ENSG00000257157.1	AC018659.2	processed_pseudogene	0	0	0	0.0000	0.0000	0.0000
ENSG00000257159.1	AC084033.1	processed_pseudogene	0	0	0	0.0000	0.0000	0.0000
ENSG00000257162.6	MED15P6	transcribed_processed_pseudogene	0	0	0	0.0000	0.0000	0.0000
ENSG00000257164.5	LINC02451	lncRNA	1	1	0	0.1047	0.0307	0.0295
ENSG00000257165.5	AC079362.1	lncRNA	1	0	1	0.1183	0.0346	0.0334
ENSG00000257167.2	TMPO-AS1	lncRNA	41	71	53	1.0372	0.3038	0.2925
ENSG00000257169.1	AC125612.1	processed_pseudogene	0	0	0	0.0000	0.0000	0.0000
ENSG00000257171.2	CR383658.2	transcribed_unprocessed_pseudogene	0	0	0	0.0000	0.0000	0.0000
ENSG00000257173.1	AK6P2	processed_pseudogene	0	0	0	0.0000	0.0000	0.0000
ENSG00000257175.2	CR383656.1	processed_pseudogene	0	0	0	0.0000	0.0000	0.0000
ENSG00000257176.3	AC009318.1	lncRNA	55	116	96	0.7574	0.2218	0.2136
ENSG00000257178.5	AC103702.1	lncRNA	3	1	3	0.0969	0.0284	0.0273
ENSG00000257179.1	HMGN2P6	processed_pseudogene	1	1	0	0.3111	0.0911	0.0877
ENSG00000257180.1	AC009135.1	lncRNA	0	0	0	0.0000	0.0000	0.0000
ENSG00000257181.1	AC025423.4	lncRNA	0	2243	2310	0.0000	0.0000	0.0000
ENSG00000257183.1	AC090502.2	lncRNA	0	0	0	0.0000	0.0000	0.0000
ENSG00000257184.3	AC004080.3	protein_coding	0	0	0	0.0000	0.0000	0.0000
ENSG00000257185.2	LINC02293	lncRNA	18	13	5	0.3632	0.1064	0.1024
ENSG00000257191.1	AC090709.1	lncRNA	0	0	0	0.0000	0.0000	0.0000
ENSG00000257193.1	LINC02385	lncRNA	0	0	0	0.0000	0.0000	0.0000
ENSG00000257194.2	AC126178.1	lncRNA	1	1	0	0.0917	0.0269	0.0259
ENSG00000257195.1	HNRNPA1P50	processed_pseudogene	6	2	4	0.5491	0.1608	0.1549
ENSG00000257198.6	FAM205BP	transcribed_unprocessed_pseudogene	0	0	0	0.0000	0.0000	0.0000
ENSG00000257199.2	AC025161.1	processed_pseudogene	2	1	1	0.2874	0.0842	0.0811
ENSG00000257202.1	AC084398.2	lncRNA	1	68	40	0.1506	0.0441	0.0425
ENSG00000257207.5	AC112229.3	protein_coding	0	0	0	0.0000	0.0000	0.0000
ENSG00000257210.1	NACAP8	processed_pseudogene	1	0	1	0.1765	0.0517	0.0498
ENSG00000257218.6	GATC	protein_coding	390	1163	1076	7.4998	2.1968	2.1154
ENSG00000257219.6	LNCOG	lncRNA	16	9	7	0.6446	0.1888	0.1818
ENSG00000257220.1	PRXL2AP1	processed_pseudogene	0	0	0	0.0000	0.0000	0.0000
ENSG00000257221.4	AC007569.1	lncRNA	11	8	3	0.4415	0.1293	0.1245
ENSG00000257222.1	AC079907.1	lncRNA	3	56	40	0.6812	0.1995	0.1921
ENSG00000257224.1	CR383656.2	transcribed_processed_pseudogene	0	0	0	0.0000	0.0000	0.0000
ENSG00000257225.1	AC079601.1	lncRNA	2	218	216	0.0609	0.0178	0.0172
ENSG00000257226.2	AC079584.2	lncRNA	3	2	1	0.2053	0.0601	0.0579
ENSG00000257228.5	AC090531.1	lncRNA	0	0	0	0.0000	0.0000	0.0000
ENSG00000257230.1	LINC02448	lncRNA	0	0	0	0.0000	0.0000	0.0000
ENSG00000257231.1	DYNLL1P4	processed_pseudogene	0	0	0	0.0000	0.0000	0.0000
ENSG00000257235.1	AC078814.1	lncRNA	0	0	0	0.0000	0.0000	0.0000
ENSG00000257237.1	AC018448.1	unprocessed_pseudogene	0	0	0	0.0000	0.0000	0.0000
ENSG00000257239.1	AC090630.1	lncRNA	0	0	0	0.0000	0.0000	0.0000
ENSG00000257241.1	AC078922.1	lncRNA	0	0	0	0.0000	0.0000	0.0000
ENSG00000257242.8	LINC01619	lncRNA	18	12	6	0.3163	0.0926	0.0892
ENSG00000257243.1	AC020612.1	processed_pseudogene	6	5	1	0.9418	0.2759	0.2656
ENSG00000257246.1	PHBP19	processed_pseudogene	3	2	1	0.3379	0.0990	0.0953
ENSG00000257252.6	AC124947.1	lncRNA	16	7	9	1.0492	0.3073	0.2959
ENSG00000257253.2	AC131157.1	lncRNA	0	0	0	0.0000	0.0000	0.0000
ENSG00000257254.1	AC010202.1	processed_pseudogene	1	0	1	0.2097	0.0614	0.0591
ENSG00000257256.1	AC008147.1	lncRNA	2	1	1	0.5226	0.1531	0.1474
ENSG00000257258.2	AC012150.1	lncRNA	3	2	1	0.2374	0.0695	0.0670
ENSG00000257259.3	LINC02388	lncRNA	1	1	0	0.0195	0.0057	0.0055
ENSG00000257261.6	AC008014.1	lncRNA	23	8	15	0.4012	0.1175	0.1132
ENSG00000257262.1	AC023511.1	lncRNA	0	0	0	0.0000	0.0000	0.0000
ENSG00000257264.5	AC136443.3	lncRNA	0	0	0	0.0000	0.0000	0.0000
ENSG00000257265.1	AC123905.1	lncRNA	0	0	0	0.0000	0.0000	0.0000
ENSG00000257267.3	ZNF271P	transcribed_unitary_pseudogene	1109	563	547	12.6412	3.7028	3.5655
ENSG00000257268.1	AC002375.1	lncRNA	0	0	0	0.0000	0.0000	0.0000
ENSG00000257270.1	AL928654.2	lncRNA	9	111	113	1.7175	0.5031	0.4844
ENSG00000257271.1	KIRREL3-AS1	lncRNA	0	0	0	0.0000	0.0000	0.0000
ENSG00000257272.1	AL162311.1	lncRNA	0	0	0	0.0000	0.0000	0.0000
ENSG00000257275.6	AL139020.1	lncRNA	0	0	0	0.0000	0.0000	0.0000
ENSG00000257277.2	AC092652.1	lncRNA	1	0	1	0.0311	0.0091	0.0088
ENSG00000257279.1	AC127164.1	lncRNA	0	25	26	0.0000	0.0000	0.0000
ENSG00000257281.1	AC009729.1	processed_pseudogene	1	1	0	0.0750	0.0220	0.0211
ENSG00000257283.1	AC012464.1	lncRNA	13	7	9	2.0444	0.5988	0.5766
ENSG00000257284.1	AC013437.1	lncRNA	0	0	0	0.0000	0.0000	0.0000
ENSG00000257285.6	AL132780.1	lncRNA	29	101	91	1.3659	0.4001	0.3853
ENSG00000257286.1	AC089999.1	lncRNA	0	46	41	0.0000	0.0000	0.0000
ENSG00000257287.1	H3P35	processed_pseudogene	0	0	0	0.0000	0.0000	0.0000
ENSG00000257288.1	AC068305.1	processed_pseudogene	1	1	0	0.0705	0.0206	0.0199
ENSG00000257289.1	AC025423.5	processed_pseudogene	0	0	0	0.0000	0.0000	0.0000
ENSG00000257292.2	AC117372.1	unprocessed_pseudogene	0	0	0	0.0000	0.0000	0.0000
ENSG00000257294.2	AC080011.1	lncRNA	0	0	0	0.0000	0.0000	0.0000
ENSG00000257296.1	AC093027.1	processed_pseudogene	0	0	0	0.0000	0.0000	0.0000
ENSG00000257298.1	AC008147.2	lncRNA	17	9	8	0.3063	0.0897	0.0864
ENSG00000257300.1	HAUS8P1	processed_pseudogene	0	0	0	0.0000	0.0000	0.0000
ENSG00000257302.1	FAHD2P1	processed_pseudogene	0	0	0	0.0000	0.0000	0.0000
ENSG00000257303.2	AC073896.2	lncRNA	16	1302	1280	0.3551	0.1040	0.1002
ENSG00000257307.1	AL162311.2	processed_pseudogene	11	7	4	1.3175	0.3859	0.3716
ENSG00000257308.1	AC090017.1	processed_pseudogene	1	1	0	0.0477	0.0140	0.0135
ENSG00000257310.1	AL589743.1	lncRNA	0	0	0	0.0000	0.0000	0.0000
ENSG00000257315.3	ZBED6	protein_coding	2	2	0	0.0136	0.0040	0.0038
ENSG00000257316.1	ASS1P14	processed_pseudogene	0	0	0	0.0000	0.0000	0.0000
ENSG00000257319.1	AC008127.1	lncRNA	0	0	0	0.0000	0.0000	0.0000
ENSG00000257322.6	AC138123.1	lncRNA	0	1	0	0.0000	0.0000	0.0000
ENSG00000257323.1	AC123904.2	processed_pseudogene	0	0	0	0.0000	0.0000	0.0000
ENSG00000257325.1	AC138360.1	lncRNA	1	3	2	0.2200	0.0644	0.0621
ENSG00000257327.1	AC012555.1	lncRNA	0	3	4	0.0000	0.0000	0.0000
ENSG00000257329.1	AC011611.2	lncRNA	0	0	0	0.0000	0.0000	0.0000
ENSG00000257331.1	RACGAP1P1	processed_pseudogene	1	1	0	0.0452	0.0132	0.0127
ENSG00000257332.1	HNRNPA1P69	processed_pseudogene	1	1	0	0.0910	0.0267	0.0257
ENSG00000257335.8	MGAM	protein_coding	10	7	9	0.0789	0.0231	0.0222
ENSG00000257336.1	PRELID2P1	processed_pseudogene	1	1	0	0.2821	0.0826	0.0796
ENSG00000257337.7	AC068888.1	lncRNA	390	1261	1335	4.2778	1.2530	1.2066
ENSG00000257341.5	AL928654.3	protein_coding	0	0	0	0.0000	0.0000	0.0000
ENSG00000257342.1	AC025165.2	lncRNA	0	5333	5252	0.0000	0.0000	0.0000
ENSG00000257343.1	AC055716.1	unprocessed_pseudogene	0	0	0	0.0000	0.0000	0.0000
ENSG00000257345.2	LINC02413	lncRNA	4	2	2	0.2715	0.0795	0.0766
ENSG00000257346.1	AC011603.1	lncRNA	4	10	13	0.4049	0.1186	0.1142
ENSG00000257350.1	AC027287.1	processed_pseudogene	0	0	0	0.0000	0.0000	0.0000
ENSG00000257354.2	AC048341.1	lncRNA	75	40	35	0.7327	0.2146	0.2067
ENSG00000257355.1	AC008770.1	protein_coding	0	0	0	0.0000	0.0000	0.0000
ENSG00000257356.2	BNIP3P6	processed_pseudogene	0	0	0	0.0000	0.0000	0.0000
ENSG00000257359.1	AC073863.1	lncRNA	0	53	71	0.0000	0.0000	0.0000
ENSG00000257360.1	AC123567.1	processed_pseudogene	0	0	0	0.0000	0.0000	0.0000
ENSG00000257364.1	VENTXP3	processed_pseudogene	0	0	0	0.0000	0.0000	0.0000
ENSG00000257365.8	FNTB	protein_coding	1314	975	911	29.5747	8.6629	8.3417
ENSG00000257366.1	AC138969.2	lncRNA	0	0	0	0.0000	0.0000	0.0000
ENSG00000257368.2	AC063924.1	processed_pseudogene	0	0	0	0.0000	0.0000	0.0000
ENSG00000257373.1	AC012038.1	lncRNA	0	0	0	0.0000	0.0000	0.0000
ENSG00000257376.1	AC079601.2	processed_pseudogene	4	3	1	0.4383	0.1284	0.1236
ENSG00000257378.1	AC025154.1	lncRNA	0	0	0	0.0000	0.0000	0.0000
ENSG00000257379.1	AC023509.1	lncRNA	0	0	0	0.0000	0.0000	0.0000
ENSG00000257381.3	MIR3179-2	miRNA	0	0	0	0.0000	0.0000	0.0000
ENSG00000257384.1	AC009779.1	processed_pseudogene	3	2	1	0.9002	0.2637	0.2539
ENSG00000257386.1	AC025257.1	lncRNA	0	328	307	0.0000	0.0000	0.0000
ENSG00000257389.1	AC107016.1	processed_pseudogene	0	0	0	0.0000	0.0000	0.0000
ENSG00000257390.5	AC023055.1	protein_coding	0	644	691	0.0000	0.0000	0.0000
ENSG00000257391.1	AC126763.1	lncRNA	0	0	0	0.0000	0.0000	0.0000
ENSG00000257392.1	AC126177.2	unprocessed_pseudogene	0	0	0	0.0000	0.0000	0.0000
ENSG00000257395.1	AL512310.2	lncRNA	0	0	0	0.0000	0.0000	0.0000
ENSG00000257398.8	AC126177.3	lncRNA	2	1	1	0.0540	0.0158	0.0152
ENSG00000257400.1	AC023161.1	lncRNA	0	0	0	0.0000	0.0000	0.0000
ENSG00000257402.2	KRT126P	unprocessed_pseudogene	0	0	0	0.0000	0.0000	0.0000
ENSG00000257403.2	AC008740.1	unprocessed_pseudogene	2	0	2	0.6660	0.1951	0.1879
ENSG00000257404.1	AC107016.2	processed_pseudogene	0	0	0	0.0000	0.0000	0.0000
ENSG00000257405.1	AC079600.1	processed_pseudogene	0	0	0	0.0000	0.0000	0.0000
ENSG00000257407.1	AC009803.1	lncRNA	0	0	0	0.0000	0.0000	0.0000
ENSG00000257408.2	AC092375.1	transcribed_unprocessed_pseudogene	0	0	0	0.0000	0.0000	0.0000
ENSG00000257410.1	AC089984.1	lncRNA	0	6	5	0.0000	0.0000	0.0000
ENSG00000257411.2	AC034102.2	protein_coding	0	0	0	0.0000	0.0000	0.0000
ENSG00000257414.1	OR6C73P	unprocessed_pseudogene	0	0	0	0.0000	0.0000	0.0000
ENSG00000257415.1	AC084364.1	processed_pseudogene	0	0	0	0.0000	0.0000	0.0000
ENSG00000257426.1	AC126177.4	unprocessed_pseudogene	0	0	0	0.0000	0.0000	0.0000
ENSG00000257429.1	AC074031.1	lncRNA	0	0	0	0.0000	0.0000	0.0000
ENSG00000257431.1	AC089998.1	lncRNA	0	0	0	0.0000	0.0000	0.0000
ENSG00000257432.1	AL512310.3	processed_pseudogene	0	0	0	0.0000	0.0000	0.0000
ENSG00000257433.6	AC004241.1	lncRNA	12	36	29	0.1872	0.0548	0.0528
ENSG00000257434.1	AC073525.1	lncRNA	0	1	0	0.0000	0.0000	0.0000
ENSG00000257435.1	AC087311.1	lncRNA	0	0	0	0.0000	0.0000	0.0000
ENSG00000257438.1	AC011595.1	lncRNA	0	0	0	0.0000	0.0000	0.0000
ENSG00000257443.1	AC068305.2	lncRNA	1	1	0	0.1530	0.0448	0.0432
ENSG00000257444.1	SETP7	processed_pseudogene	0	0	0	0.0000	0.0000	0.0000
ENSG00000257446.4	ZNF878	protein_coding	1	1	0	0.0484	0.0142	0.0136
ENSG00000257449.1	AC034102.3	lncRNA	0	0	0	0.0000	0.0000	0.0000
ENSG00000257452.1	AC004551.1	lncRNA	0	266	283	0.0000	0.0000	0.0000
ENSG00000257453.1	AC011611.3	lncRNA	2	3109	3171	0.2985	0.0874	0.0842
ENSG00000257454.1	AC025575.1	lncRNA	0	0	0	0.0000	0.0000	0.0000
ENSG00000257456.1	AC009320.1	lncRNA	0	0	0	0.0000	0.0000	0.0000
ENSG00000257458.1	AC069437.1	lncRNA	0	0	0	0.0000	0.0000	0.0000
ENSG00000257464.1	AC125611.1	processed_pseudogene	1	0	1	0.3708	0.1086	0.1046
ENSG00000257465.2	ELOCP32	processed_pseudogene	0	0	0	0.0000	0.0000	0.0000
ENSG00000257467.6	PPFIA2-AS1	lncRNA	16	16	11	0.6693	0.1961	0.1888
ENSG00000257470.2	AC007656.1	lncRNA	0	0	0	0.0000	0.0000	0.0000
ENSG00000257472.1	AL355112.1	lncRNA	0	0	0	0.0000	0.0000	0.0000
ENSG00000257474.5	AC027288.1	lncRNA	0	0	0	0.0000	0.0000	0.0000
ENSG00000257475.2	AC068888.2	lncRNA	0	1	1	0.0000	0.0000	0.0000
ENSG00000257476.1	LINC02459	lncRNA	0	0	0	0.0000	0.0000	0.0000
ENSG00000257477.1	LINC01154	lncRNA	0	0	0	0.0000	0.0000	0.0000
ENSG00000257480.1	MRPL2P1	processed_pseudogene	0	0	0	0.0000	0.0000	0.0000
ENSG00000257488.5	LINC02354	lncRNA	0	0	0	0.0000	0.0000	0.0000
ENSG00000257489.6	AC010203.1	transcribed_unprocessed_pseudogene	0	0	0	0.0000	0.0000	0.0000
ENSG00000257493.1	AL512310.4	unprocessed_pseudogene	0	0	0	0.0000	0.0000	0.0000
ENSG00000257494.1	AC004217.1	lncRNA	0	7	4	0.0000	0.0000	0.0000
ENSG00000257495.5	KRT73-AS1	lncRNA	0	0	0	0.0000	0.0000	0.0000
ENSG00000257496.1	AC025031.1	lncRNA	0	0	0	0.0000	0.0000	0.0000
ENSG00000257497.2	AC121761.1	lncRNA	11	6	5	0.6303	0.1846	0.1778
ENSG00000257500.1	AC055736.1	lncRNA	0	0	0	0.0000	0.0000	0.0000
ENSG00000257501.6	PAFAH1B2P2	transcribed_processed_pseudogene	0	0	0	0.0000	0.0000	0.0000
ENSG00000257503.1	CYB5AP5	processed_pseudogene	0	0	0	0.0000	0.0000	0.0000
ENSG00000257504.1	LINC02297	lncRNA	0	0	0	0.0000	0.0000	0.0000
ENSG00000257506.1	AC133555.1	unprocessed_pseudogene	0	0	0	0.0000	0.0000	0.0000
ENSG00000257507.1	LINC02373	lncRNA	1	0	1	0.2008	0.0588	0.0566
ENSG00000257509.1	AC073487.1	lncRNA	6	5	1	0.9632	0.2821	0.2717
ENSG00000257510.2	LINC02402	lncRNA	0	0	0	0.0000	0.0000	0.0000
ENSG00000257511.1	AC084824.1	processed_pseudogene	68	39	29	5.7459	1.6831	1.6207
ENSG00000257512.1	AC124947.2	transcribed_processed_pseudogene	2	0	2	0.1499	0.0439	0.0423
ENSG00000257513.7	NPIPB1P	transcribed_unprocessed_pseudogene	1	1	1	0.0750	0.0220	0.0211
ENSG00000257514.5	AC117505.1	lncRNA	0	0	0	0.0000	0.0000	0.0000
ENSG00000257515.1	AC011601.1	lncRNA	0	0	0	0.0000	0.0000	0.0000
ENSG00000257517.1	AC026765.2	lncRNA	0	0	0	0.0000	0.0000	0.0000
ENSG00000257519.1	AC078880.1	lncRNA	0	0	0	0.0000	0.0000	0.0000
ENSG00000257520.2	SFTA3	protein_coding	0	0	0	0.0000	0.0000	0.0000
ENSG00000257522.7	AL133166.1	lncRNA	0	0	0	0.0000	0.0000	0.0000
ENSG00000257523.3	LINC02326	lncRNA	0	0	0	0.0000	0.0000	0.0000
ENSG00000257524.6	AL157935.2	protein_coding	4	1	3	0.0890	0.0261	0.0251
ENSG00000257526.2	AC107032.2	lncRNA	10	3	7	2.2000	0.6444	0.6205
ENSG00000257527.1	AC126755.1	lncRNA	0	0	0	0.0000	0.0000	0.0000
ENSG00000257528.1	KRT8P19	processed_pseudogene	0	0	0	0.0000	0.0000	0.0000
ENSG00000257529.5	RPL36A-HNRNPH2	protein_coding	0	0	0	0.0000	0.0000	0.0000
ENSG00000257530.1	AC048344.1	lncRNA	1	70	77	0.2086	0.0611	0.0589
ENSG00000257531.2	AC008147.3	transcribed_processed_pseudogene	1	1	0	0.2399	0.0703	0.0677
ENSG00000257534.1	AC023794.4	lncRNA	3	1	2	0.3379	0.0990	0.0953
ENSG00000257539.2	HSPA8P14	processed_pseudogene	1	1	0	0.0470	0.0138	0.0133
ENSG00000257541.1	LINC02403	lncRNA	0	0	0	0.0000	0.0000	0.0000
ENSG00000257542.5	OR7E47P	transcribed_unprocessed_pseudogene	0	0	0	0.0000	0.0000	0.0000
ENSG00000257543.1	AC063948.1	lncRNA	8	4	4	1.7925	0.5251	0.5056
ENSG00000257545.5	AC079385.1	lncRNA	2	16	29	0.0702	0.0206	0.0198
ENSG00000257548.1	AC078929.1	lncRNA	0	6	11	0.0000	0.0000	0.0000
ENSG00000257550.2	AC023509.2	lncRNA	0	519	528	0.0000	0.0000	0.0000
ENSG00000257551.1	HLX-AS1	lncRNA	0	12	6	0.0000	0.0000	0.0000
ENSG00000257553.1	AC034102.4	lncRNA	0	584	637	0.0000	0.0000	0.0000
ENSG00000257556.2	LINC02298	lncRNA	9	16	15	0.2132	0.0625	0.0601
ENSG00000257557.2	PPP1R12A-AS1	lncRNA	19	46	37	0.4989	0.1461	0.1407
ENSG00000257558.2	CR383656.3	processed_pseudogene	0	0	0	0.0000	0.0000	0.0000
ENSG00000257563.1	AC126755.2	lncRNA	0	0	0	0.0000	0.0000	0.0000
ENSG00000257564.1	AC068993.1	processed_pseudogene	0	0	0	0.0000	0.0000	0.0000
ENSG00000257568.1	AC079035.1	lncRNA	0	0	0	0.0000	0.0000	0.0000
ENSG00000257569.1	GSTP1P1	processed_pseudogene	0	0	0	0.0000	0.0000	0.0000
ENSG00000257570.1	AC020612.2	processed_pseudogene	0	0	0	0.0000	0.0000	0.0000
ENSG00000257572.1	SSBL3P	processed_pseudogene	0	0	0	0.0000	0.0000	0.0000
ENSG00000257576.1	HSPD1P4	processed_pseudogene	31	19	13	1.5467	0.4531	0.4363
ENSG00000257579.1	AC007540.1	lncRNA	0	0	0	0.0000	0.0000	0.0000
ENSG00000257580.1	AC008055.1	processed_pseudogene	0	0	0	0.0000	0.0000	0.0000
ENSG00000257582.5	LINC01475	lncRNA	0	0	0	0.0000	0.0000	0.0000
ENSG00000257585.1	LINC00609	lncRNA	0	0	0	0.0000	0.0000	0.0000
ENSG00000257586.1	AC018448.2	unprocessed_pseudogene	0	0	0	0.0000	0.0000	0.0000
ENSG00000257587.1	AC136188.1	lncRNA	0	0	0	0.0000	0.0000	0.0000
ENSG00000257588.1	AC025154.2	lncRNA	39	25	22	2.1041	0.6163	0.5935
ENSG00000257591.6	ZNF625	protein_coding	0	0	0	0.0000	0.0000	0.0000
ENSG00000257594.4	GALNT4	protein_coding	9	8	6	0.1419	0.0416	0.0400
ENSG00000257595.3	LINC02356	lncRNA	1	0	1	0.2271	0.0665	0.0640
ENSG00000257596.1	SCAT2	lncRNA	6	4	2	0.6932	0.2031	0.1955
ENSG00000257599.3	OVCH1-AS1	lncRNA	40	20	20	0.4853	0.1422	0.1369
ENSG00000257603.1	AC010183.1	lncRNA	0	0	0	0.0000	0.0000	0.0000
ENSG00000257604.1	AC027288.2	processed_pseudogene	0	0	0	0.0000	0.0000	0.0000
ENSG00000257605.2	MYG1-AS1	lncRNA	0	337	333	0.0000	0.0000	0.0000
ENSG00000257607.1	AC073957.2	lncRNA	0	40	36	0.0000	0.0000	0.0000
ENSG00000257609.1	AC091515.1	processed_pseudogene	0	0	0	0.0000	0.0000	0.0000
ENSG00000257611.1	AC010182.1	processed_pseudogene	1	0	1	0.0349	0.0102	0.0098
ENSG00000257612.2	MIR4307HG	lncRNA	0	0	0	0.0000	0.0000	0.0000
ENSG00000257614.1	AL133304.1	lncRNA	0	0	0	0.0000	0.0000	0.0000
ENSG00000257616.1	AC055716.2	processed_pseudogene	2	1	1	0.0696	0.0204	0.0196
ENSG00000257621.8	PSMA3-AS1	lncRNA	754	408	357	8.6422	2.5314	2.4376
ENSG00000257622.1	AL512356.1	lncRNA	0	0	0	0.0000	0.0000	0.0000
ENSG00000257624.1	AC004024.1	processed_pseudogene	1	0	1	0.3438	0.1007	0.0970
ENSG00000257629.1	AC006199.1	processed_pseudogene	1	0	1	0.3878	0.1136	0.1094
ENSG00000257634.1	AC079310.1	lncRNA	0	0	0	0.0000	0.0000	0.0000
ENSG00000257635.2	CR383656.4	transcribed_processed_pseudogene	0	0	0	0.0000	0.0000	0.0000
ENSG00000257636.6	G2E3-AS1	lncRNA	0	0	0	0.0000	0.0000	0.0000
ENSG00000257639.1	AC005632.2	unprocessed_pseudogene	2	1	1	0.2949	0.0864	0.0832
ENSG00000257642.1	KCCAT198	lncRNA	1	0	1	0.1547	0.0453	0.0436
ENSG00000257643.1	AC084824.2	processed_pseudogene	0	0	0	0.0000	0.0000	0.0000
ENSG00000257644.1	CR383656.5	unprocessed_pseudogene	0	0	0	0.0000	0.0000	0.0000
ENSG00000257645.1	AC087897.1	processed_pseudogene	0	0	0	0.0000	0.0000	0.0000
ENSG00000257647.1	AC124312.2	lncRNA	0	2	2	0.0000	0.0000	0.0000
ENSG00000257648.1	CYCSP30	processed_pseudogene	0	0	0	0.0000	0.0000	0.0000
ENSG00000257649.1	METTL7AP1	processed_pseudogene	0	0	0	0.0000	0.0000	0.0000
ENSG00000257653.1	AC117498.1	lncRNA	0	335	356	0.0000	0.0000	0.0000
ENSG00000257654.1	AC125603.1	lncRNA	0	0	0	0.0000	0.0000	0.0000
ENSG00000257657.3	AC079950.1	lncRNA	0	0	0	0.0000	0.0000	0.0000
ENSG00000257658.1	AC004217.2	processed_pseudogene	0	0	0	0.0000	0.0000	0.0000
ENSG00000257660.5	ADCY6-DT	lncRNA	2	0	2	0.3066	0.0898	0.0865
ENSG00000257662.1	EIF4A1P12	processed_pseudogene	0	0	0	0.0000	0.0000	0.0000
ENSG00000257663.1	AC025259.1	lncRNA	0	850	935	0.0000	0.0000	0.0000
ENSG00000257664.1	RSL24D1P5	processed_pseudogene	0	0	0	0.0000	0.0000	0.0000
ENSG00000257666.1	CBX3P5	processed_pseudogene	1	1	0	0.1630	0.0477	0.0460
ENSG00000257668.1	AC084033.2	processed_pseudogene	1	1	0	0.0878	0.0257	0.0248
ENSG00000257671.1	KRT7-AS	lncRNA	0	2	1	0.0000	0.0000	0.0000
ENSG00000257672.2	CR383656.6	processed_pseudogene	0	0	0	0.0000	0.0000	0.0000
ENSG00000257674.1	AC020629.1	processed_pseudogene	0	0	0	0.0000	0.0000	0.0000
ENSG00000257675.1	BTBD10P1	processed_pseudogene	0	0	0	0.0000	0.0000	0.0000
ENSG00000257677.2	LINC02464	lncRNA	0	0	0	0.0000	0.0000	0.0000
ENSG00000257680.1	AC016144.1	processed_pseudogene	0	0	0	0.0000	0.0000	0.0000
ENSG00000257681.1	AC025265.1	lncRNA	0	1	2	0.0000	0.0000	0.0000
ENSG00000257682.1	AC090503.1	lncRNA	0	0	0	0.0000	0.0000	0.0000
ENSG00000257683.1	LINC02463	lncRNA	0	0	0	0.0000	0.0000	0.0000
ENSG00000257687.1	AC079600.2	processed_pseudogene	0	0	0	0.0000	0.0000	0.0000
ENSG00000257691.2	AC133555.2	processed_pseudogene	0	0	0	0.0000	0.0000	0.0000
ENSG00000257696.1	AC010203.2	lncRNA	0	0	0	0.0000	0.0000	0.0000
ENSG00000257698.2	GIHCG	lncRNA	241	130	112	5.0433	1.4773	1.4225
ENSG00000257700.1	AC055716.3	lncRNA	0	0	0	0.0000	0.0000	0.0000
ENSG00000257702.3	LBX2-AS1	lncRNA	1288	851	844	52.4844	15.3735	14.8035
ENSG00000257703.6	AC068643.1	lncRNA	0	0	1	0.0000	0.0000	0.0000
ENSG00000257704.4	INAFM1	protein_coding	229	130	99	23.1785	6.7894	6.5376
ENSG00000257711.2	AC079385.2	lncRNA	0	0	0	0.0000	0.0000	0.0000
ENSG00000257715.1	AC007298.1	lncRNA	0	100	103	0.0000	0.0000	0.0000
ENSG00000257718.1	CPNE8-AS1	lncRNA	15	8	7	2.4217	0.7093	0.6831
ENSG00000257720.1	ILF2P2	processed_pseudogene	2	2	0	0.1521	0.0445	0.0429
ENSG00000257721.1	CR383656.7	processed_pseudogene	0	0	0	0.0000	0.0000	0.0000
ENSG00000257723.1	CHCHD3P2	processed_pseudogene	0	0	0	0.0000	0.0000	0.0000
ENSG00000257725.1	LINC02399	lncRNA	0	0	0	0.0000	0.0000	0.0000
ENSG00000257726.1	AC078880.2	lncRNA	0	0	0	0.0000	0.0000	0.0000
ENSG00000257727.6	CNPY2	protein_coding	84	127	99	2.3628	0.6921	0.6664
ENSG00000257729.2	AC090679.2	lncRNA	0	0	0	0.0000	0.0000	0.0000
ENSG00000257730.1	LSM6P2	processed_pseudogene	0	0	0	0.0000	0.0000	0.0000
ENSG00000257731.2	CR383656.8	processed_pseudogene	0	0	0	0.0000	0.0000	0.0000
ENSG00000257732.1	AC089983.1	lncRNA	0	0	0	0.0000	0.0000	0.0000
ENSG00000257735.1	AC090115.1	lncRNA	2	2	0	0.3022	0.0885	0.0852
ENSG00000257737.1	AC025265.2	lncRNA	0	0	0	0.0000	0.0000	0.0000
ENSG00000257738.2	AC009248.1	processed_pseudogene	0	0	0	0.0000	0.0000	0.0000
ENSG00000257740.1	AC073896.3	lncRNA	23	11	12	4.4695	1.3092	1.2606
ENSG00000257741.6	LINC01490	lncRNA	0	0	0	0.0000	0.0000	0.0000
ENSG00000257743.8	MGAM2	protein_coding	2	0	2	0.0208	0.0061	0.0059
ENSG00000257746.2	AC138123.2	lncRNA	0	0	0	0.0000	0.0000	0.0000
ENSG00000257747.2	LINC02426	lncRNA	0	0	0	0.0000	0.0000	0.0000
ENSG00000257748.2	LINC02281	lncRNA	0	0	0	0.0000	0.0000	0.0000
ENSG00000257750.2	LINC02445	lncRNA	0	0	0	0.0000	0.0000	0.0000
ENSG00000257751.2	AL512310.5	processed_pseudogene	0	0	0	0.0000	0.0000	0.0000
ENSG00000257752.1	AC091516.1	processed_pseudogene	1	0	1	0.1208	0.0354	0.0341
ENSG00000257754.1	AC012555.2	lncRNA	0	0	0	0.0000	0.0000	0.0000
ENSG00000257756.6	LINC02386	lncRNA	0	0	0	0.0000	0.0000	0.0000
ENSG00000257757.1	OR6C7P	unprocessed_pseudogene	0	0	0	0.0000	0.0000	0.0000
ENSG00000257758.1	KRT18P20	processed_pseudogene	0	0	0	0.0000	0.0000	0.0000
ENSG00000257759.2	AL357153.2	lncRNA	0	0	0	0.0000	0.0000	0.0000
ENSG00000257761.3	AC078860.2	lncRNA	0	0	0	0.0000	0.0000	0.0000
ENSG00000257762.6	LINC02401	lncRNA	0	0	0	0.0000	0.0000	0.0000
ENSG00000257763.1	OR5BK1P	unprocessed_pseudogene	1	0	1	0.1032	0.0302	0.0291
ENSG00000257764.2	AC020656.1	lncRNA	0	3309	3359	0.0000	0.0000	0.0000
ENSG00000257766.1	AC025265.3	lncRNA	0	0	0	0.0000	0.0000	0.0000
ENSG00000257767.3	AC002996.1	protein_coding	0	0	0	0.0000	0.0000	0.0000
ENSG00000257769.1	AC026401.1	lncRNA	1	41	53	0.1602	0.0469	0.0452
ENSG00000257771.6	LINC02395	lncRNA	0	0	1	0.0000	0.0000	0.0000
ENSG00000257773.1	ST13P3	processed_pseudogene	10	3	7	0.7650	0.2241	0.2158
ENSG00000257777.1	AC022507.1	processed_pseudogene	0	0	0	0.0000	0.0000	0.0000
ENSG00000257779.1	AC078814.2	processed_pseudogene	0	0	0	0.0000	0.0000	0.0000
ENSG00000257780.5	GLYCAM1	transcribed_unitary_pseudogene	0	0	0	0.0000	0.0000	0.0000
ENSG00000257781.1	AC009387.1	lncRNA	0	0	0	0.0000	0.0000	0.0000
ENSG00000257784.2	LINC02400	lncRNA	0	0	0	0.0000	0.0000	0.0000
ENSG00000257786.1	AKIRIN1P1	processed_pseudogene	0	0	0	0.0000	0.0000	0.0000
ENSG00000257787.2	AC112481.1	lncRNA	0	0	0	0.0000	0.0000	0.0000
ENSG00000257790.1	EIF4A1P4	processed_pseudogene	35	13	23	2.4503	0.7177	0.6911
ENSG00000257792.1	OR5BJ1P	unprocessed_pseudogene	0	0	0	0.0000	0.0000	0.0000
ENSG00000257797.1	AC039056.1	lncRNA	0	0	0	0.0000	0.0000	0.0000
ENSG00000257800.1	FNBP1P1	processed_pseudogene	52	21	31	2.2146	0.6487	0.6246
ENSG00000257802.1	MRS2P2	processed_pseudogene	1	1	0	0.0707	0.0207	0.0199
ENSG00000257803.2	PIGAP1	processed_pseudogene	1	0	1	0.0584	0.0171	0.0165
ENSG00000257807.1	AC003686.1	processed_pseudogene	0	0	0	0.0000	0.0000	0.0000
ENSG00000257808.1	AC073573.1	lncRNA	0	9	9	0.0000	0.0000	0.0000
ENSG00000257809.1	AC034102.5	lncRNA	0	171	146	0.0000	0.0000	0.0000
ENSG00000257813.2	AC090525.2	processed_pseudogene	0	0	0	0.0000	0.0000	0.0000
ENSG00000257815.7	PRANCR	lncRNA	26	32	34	0.2247	0.0658	0.0634
ENSG00000257817.2	AC026765.3	lncRNA	0	1	0	0.0000	0.0000	0.0000
ENSG00000257818.1	C1GALT1P1	processed_pseudogene	2	1	1	0.1560	0.0457	0.0440
ENSG00000257820.1	MRPS6P4	processed_pseudogene	0	0	0	0.0000	0.0000	0.0000
ENSG00000257823.1	AC092552.1	processed_pseudogene	0	0	0	0.0000	0.0000	0.0000
ENSG00000257824.1	AC068789.1	lncRNA	0	15	11	0.0000	0.0000	0.0000
ENSG00000257825.1	CR383656.9	transcribed_processed_pseudogene	0	0	0	0.0000	0.0000	0.0000
ENSG00000257826.1	AL133304.2	lncRNA	18	13	5	1.7252	0.5054	0.4866
ENSG00000257829.1	AC121757.1	lncRNA	0	1	3	0.0000	0.0000	0.0000
ENSG00000257830.1	AC021066.1	lncRNA	0	0	0	0.0000	0.0000	0.0000
ENSG00000257831.1	AL136418.1	lncRNA	1	131	139	0.0871	0.0255	0.0246
ENSG00000257835.2	AC073591.1	lncRNA	2	2	0	0.2605	0.0763	0.0735
ENSG00000257837.1	AC089998.2	lncRNA	0	0	0	0.0000	0.0000	0.0000
ENSG00000257838.5	OTOAP1	transcribed_unprocessed_pseudogene	7	4	3	0.2234	0.0654	0.0630
ENSG00000257839.1	AC011611.4	lncRNA	0	5	7	0.0000	0.0000	0.0000
ENSG00000257842.6	LINC02588	lncRNA	45	22	23	0.7461	0.2185	0.2104
ENSG00000257844.2	KRT90P	unprocessed_pseudogene	0	0	0	0.0000	0.0000	0.0000
ENSG00000257845.1	LINC02294	lncRNA	1	1	0	0.1709	0.0500	0.0482
ENSG00000257846.2	AL512310.6	processed_pseudogene	0	0	0	0.0000	0.0000	0.0000
ENSG00000257847.1	LSM3P2	processed_pseudogene	1	1	0	0.3111	0.0911	0.0877
ENSG00000257848.1	AC074029.1	processed_pseudogene	0	1	0	0.0000	0.0000	0.0000
ENSG00000257849.1	AC012038.2	lncRNA	0	0	0	0.0000	0.0000	0.0000
ENSG00000257851.2	HNRNPA3P10	processed_pseudogene	20	9	11	1.4925	0.4372	0.4210
ENSG00000257852.1	AC048344.2	processed_pseudogene	0	0	0	0.0000	0.0000	0.0000
ENSG00000257853.2	MED15P1	transcribed_unprocessed_pseudogene	0	0	0	0.0000	0.0000	0.0000
ENSG00000257855.1	AC126471.1	processed_pseudogene	0	0	0	0.0000	0.0000	0.0000
ENSG00000257858.1	MTND1P24	unprocessed_pseudogene	0	0	0	0.0000	0.0000	0.0000
ENSG00000257859.2	CASC18	lncRNA	1	1	0	0.0266	0.0078	0.0075
ENSG00000257860.6	AC068643.2	lncRNA	0	0	0	0.0000	0.0000	0.0000
ENSG00000257863.1	AC090049.1	lncRNA	0	0	0	0.0000	0.0000	0.0000
ENSG00000257864.1	AC025030.1	processed_pseudogene	2	1	1	0.2964	0.0868	0.0836
ENSG00000257865.1	AC090022.2	processed_pseudogene	0	0	0	0.0000	0.0000	0.0000
ENSG00000257869.1	AL139023.1	lncRNA	0	0	0	0.0000	0.0000	0.0000
ENSG00000257870.1	AC027287.2	lncRNA	0	0	0	0.0000	0.0000	0.0000
ENSG00000257872.1	AC233290.1	processed_pseudogene	1	0	1	0.0716	0.0210	0.0202
ENSG00000257875.1	AC089998.3	processed_pseudogene	1	0	1	0.1723	0.0505	0.0486
ENSG00000257878.1	AC007298.2	lncRNA	0	4	1	0.0000	0.0000	0.0000
ENSG00000257879.1	AC130415.1	lncRNA	0	0	0	0.0000	0.0000	0.0000
ENSG00000257880.1	AC078789.1	lncRNA	1	0	1	0.1780	0.0521	0.0502
ENSG00000257883.1	AC125603.2	lncRNA	0	0	0	0.0000	0.0000	0.0000
ENSG00000257884.2	AL512310.7	transcribed_processed_pseudogene	0	0	0	0.0000	0.0000	0.0000
ENSG00000257885.1	PHBP18	processed_pseudogene	0	0	0	0.0000	0.0000	0.0000
ENSG00000257890.1	AC011595.2	lncRNA	0	0	0	0.0000	0.0000	0.0000
ENSG00000257891.1	AL929601.1	lncRNA	0	0	0	0.0000	0.0000	0.0000
ENSG00000257893.3	LINC02404	lncRNA	0	0	0	0.0000	0.0000	0.0000
ENSG00000257894.2	AC027288.3	lncRNA	16	5	11	0.6031	0.1767	0.1701
ENSG00000257896.1	AC093012.1	transcribed_unprocessed_pseudogene	7	37	41	0.5081	0.1488	0.1433
ENSG00000257897.1	AC139697.1	processed_pseudogene	0	0	0	0.0000	0.0000	0.0000
ENSG00000257900.2	AL162632.1	lncRNA	0	0	0	0.0000	0.0000	0.0000
ENSG00000257904.1	AL133372.3	lncRNA	116	57	60	11.9985	3.5145	3.3842
ENSG00000257905.1	AC004486.1	processed_pseudogene	2	1	1	0.7289	0.2135	0.2056
ENSG00000257906.3	LINC02156	lncRNA	2	1	1	0.0605	0.0177	0.0171
ENSG00000257907.2	EEF1A1P17	processed_pseudogene	14	9	5	0.9325	0.2731	0.2630
ENSG00000257910.1	AC124784.1	lncRNA	1	1	0	0.1487	0.0436	0.0419
ENSG00000257912.1	LINC02258	lncRNA	0	0	0	0.0000	0.0000	0.0000
ENSG00000257913.2	DDN-AS1	lncRNA	6	167	134	0.2277	0.0667	0.0642
ENSG00000257915.1	GLULP5	processed_pseudogene	0	0	0	0.0000	0.0000	0.0000
ENSG00000257918.1	AC079385.3	lncRNA	1	3	1	0.1050	0.0307	0.0296
ENSG00000257920.1	LINC02409	lncRNA	0	0	0	0.0000	0.0000	0.0000
ENSG00000257921.6	AC025165.3	protein_coding	0	0	0	0.0000	0.0000	0.0000
ENSG00000257923.12	CUX1	protein_coding	4628	2276	2352	22.1228	6.4801	6.2399
ENSG00000257924.1	LINC02416	lncRNA	5	2	3	0.7863	0.2303	0.2218
ENSG00000257925.1	AC008083.2	lncRNA	0	0	0	0.0000	0.0000	0.0000
ENSG00000257927.1	MRPS36P5	processed_pseudogene	1	1	0	0.2850	0.0835	0.0804
ENSG00000257932.1	AC078776.1	lncRNA	10	5	5	1.5110	0.4426	0.4262
ENSG00000257935.2	LHX5-AS1	lncRNA	0	0	0	0.0000	0.0000	0.0000
ENSG00000257940.1	AC079598.1	lncRNA	0	0	0	0.0000	0.0000	0.0000
ENSG00000257941.1	AC011611.5	processed_pseudogene	1	6	4	0.1469	0.0430	0.0414
ENSG00000257943.2	AC084879.1	transcribed_unitary_pseudogene	0	0	0	0.0000	0.0000	0.0000
ENSG00000257947.1	AC025030.2	lncRNA	0	0	0	0.0000	0.0000	0.0000
ENSG00000257948.2	AC068993.2	lncRNA	0	0	0	0.0000	0.0000	0.0000
ENSG00000257949.7	TEN1	protein_coding	2	1	1	0.1324	0.0388	0.0373
ENSG00000257950.3	P2RX5-TAX1BP3	protein_coding	21	367	408	0.3020	0.0885	0.0852
ENSG00000257951.2	AC126177.5	unprocessed_pseudogene	0	0	0	0.0000	0.0000	0.0000
ENSG00000257953.1	AC083805.2	lncRNA	0	0	0	0.0000	0.0000	0.0000
ENSG00000257954.1	AC125611.2	processed_pseudogene	3	2	1	0.3938	0.1153	0.1111
ENSG00000257955.1	AC004801.3	lncRNA	0	0	0	0.0000	0.0000	0.0000
ENSG00000257956.1	NOP56P3	processed_pseudogene	0	0	0	0.0000	0.0000	0.0000
ENSG00000257957.1	QRSL1P3	processed_pseudogene	0	0	0	0.0000	0.0000	0.0000
ENSG00000257958.1	AC008125.1	lncRNA	0	0	0	0.0000	0.0000	0.0000
ENSG00000257959.1	CR383656.10	lncRNA	0	0	0	0.0000	0.0000	0.0000
ENSG00000257962.1	AC011773.2	lncRNA	0	0	0	0.0000	0.0000	0.0000
ENSG00000257964.1	AC020612.3	lncRNA	0	0	0	0.0000	0.0000	0.0000
ENSG00000257966.1	OLA1P3	processed_pseudogene	1	1	0	0.0332	0.0097	0.0094
ENSG00000257976.1	AL079352.1	processed_pseudogene	1	0	1	0.0815	0.0239	0.0230
ENSG00000257979.1	SNRPGP18	processed_pseudogene	0	0	0	0.0000	0.0000	0.0000
ENSG00000257985.1	AC004801.4	lncRNA	0	0	0	0.0000	0.0000	0.0000
ENSG00000257986.3	LINC02306	lncRNA	0	0	0	0.0000	0.0000	0.0000
ENSG00000257987.6	TEX49	protein_coding	0	0	0	0.0000	0.0000	0.0000
ENSG00000257989.1	AC078864.1	lncRNA	0	0	0	0.0000	0.0000	0.0000
ENSG00000257991.1	AC089984.2	processed_pseudogene	0	0	0	0.0000	0.0000	0.0000
ENSG00000257994.1	AC084364.2	unprocessed_pseudogene	0	0	0	0.0000	0.0000	0.0000
ENSG00000257995.1	AC084365.1	lncRNA	0	0	0	0.0000	0.0000	0.0000
ENSG00000257997.5	AC010183.2	lncRNA	0	0	0	0.0000	0.0000	0.0000
ENSG00000257998.1	AC123904.3	processed_pseudogene	0	0	0	0.0000	0.0000	0.0000
ENSG00000258001.1	AC126614.1	lncRNA	0	0	0	0.0000	0.0000	0.0000
ENSG00000258007.1	AC063947.1	lncRNA	0	0	0	0.0000	0.0000	0.0000
ENSG00000258010.4	AC016705.1	lncRNA	6	4	2	0.2311	0.0677	0.0652
ENSG00000258011.2	HMGA1P3	processed_pseudogene	8	5	3	2.0968	0.6142	0.5914
ENSG00000258012.1	AC026111.1	processed_pseudogene	2	0	2	0.1421	0.0416	0.0401
ENSG00000258013.2	RPL3P13	processed_pseudogene	1	0	1	0.3932	0.1152	0.1109
ENSG00000258016.1	HIGD1AP1	processed_pseudogene	0	0	0	0.0000	0.0000	0.0000
ENSG00000258017.2	AC011603.2	lncRNA	5	22481	22927	0.0925	0.0271	0.0261
ENSG00000258018.2	LINC02457	lncRNA	1	0	1	0.0173	0.0051	0.0049
ENSG00000258021.1	AC025259.2	processed_pseudogene	1	1	0	0.1100	0.0322	0.0310
ENSG00000258024.1	OR5BT1P	unprocessed_pseudogene	0	0	0	0.0000	0.0000	0.0000
ENSG00000258026.2	AC078955.1	lncRNA	0	0	0	0.0000	0.0000	0.0000
ENSG00000258027.2	NF1P4	unprocessed_pseudogene	0	0	0	0.0000	0.0000	0.0000
ENSG00000258028.3	AL135878.1	lncRNA	0	0	0	0.0000	0.0000	0.0000
ENSG00000258033.1	SNX5P2	unprocessed_pseudogene	0	0	0	0.0000	0.0000	0.0000
ENSG00000258034.1	AC012157.2	lncRNA	0	80	85	0.0000	0.0000	0.0000
ENSG00000258035.2	AC123567.2	lncRNA	0	171	190	0.0000	0.0000	0.0000
ENSG00000258036.2	KRT125P	unprocessed_pseudogene	0	0	0	0.0000	0.0000	0.0000
ENSG00000258038.6	LINC02327	lncRNA	6	3	3	0.0945	0.0277	0.0267
ENSG00000258039.2	AC117377.1	lncRNA	0	0	0	0.0000	0.0000	0.0000
ENSG00000258044.1	AC073569.1	lncRNA	0	0	0	0.0000	0.0000	0.0000
ENSG00000258045.2	Metazoa_SRP	misc_RNA	1	0	1	0.3169	0.0928	0.0894
ENSG00000258048.1	AC073569.2	lncRNA	0	0	0	0.0000	0.0000	0.0000
ENSG00000258050.2	AL139316.1	lncRNA	0	0	0	0.0000	0.0000	0.0000
ENSG00000258051.1	AC074029.2	processed_pseudogene	0	0	0	0.0000	0.0000	0.0000
ENSG00000258052.1	AC025263.2	protein_coding	0	0	0	0.0000	0.0000	0.0000
ENSG00000258053.1	AC025575.2	lncRNA	0	0	0	0.0000	0.0000	0.0000
ENSG00000258056.2	AC009779.2	lncRNA	285	196	173	16.7722	4.9128	4.7307
ENSG00000258057.6	BCDIN3D-AS1	lncRNA	71	150	155	1.1378	0.3333	0.3209
ENSG00000258064.1	AC073612.1	protein_coding	0	0	0	0.0000	0.0000	0.0000
ENSG00000258065.1	AL122126.1	processed_pseudogene	1	1	0	0.0644	0.0189	0.0182
ENSG00000258066.1	AC138331.1	lncRNA	6	4	2	1.3551	0.3969	0.3822
ENSG00000258068.2	AC079600.3	lncRNA	0	0	0	0.0000	0.0000	0.0000
ENSG00000258071.1	ARL2BPP2	processed_pseudogene	0	0	0	0.0000	0.0000	0.0000
ENSG00000258072.1	AC126177.6	processed_pseudogene	0	0	0	0.0000	0.0000	0.0000
ENSG00000258073.1	AC128657.1	processed_pseudogene	0	0	0	0.0000	0.0000	0.0000
ENSG00000258074.1	VTI1BP3	processed_pseudogene	0	0	0	0.0000	0.0000	0.0000
ENSG00000258076.1	CR383656.11	processed_pseudogene	0	0	0	0.0000	0.0000	0.0000
ENSG00000258077.2	AC078923.1	lncRNA	13	31	31	0.7971	0.2335	0.2248
ENSG00000258080.1	ARHGAP42P4	processed_pseudogene	0	0	0	0.0000	0.0000	0.0000
ENSG00000258081.4	AL110292.1	lncRNA	0	0	0	0.0000	0.0000	0.0000
ENSG00000258082.1	AL391832.3	lncRNA	6	4	2	0.6023	0.1764	0.1699
ENSG00000258083.2	OR9A4	protein_coding	0	0	0	0.0000	0.0000	0.0000
ENSG00000258084.6	AC128707.1	lncRNA	0	0	0	0.0000	0.0000	0.0000
ENSG00000258086.1	AC079313.1	lncRNA	1	93	111	0.1555	0.0456	0.0439
ENSG00000258088.1	AC078820.1	lncRNA	58	32	26	6.6380	1.9444	1.8723
ENSG00000258090.1	AC093014.1	processed_pseudogene	1	1	0	0.1173	0.0344	0.0331
ENSG00000258091.1	AC011611.6	processed_pseudogene	1	0	1	0.3330	0.0975	0.0939
ENSG00000258092.1	AC005841.1	lncRNA	0	637	591	0.0000	0.0000	0.0000
ENSG00000258096.1	AC025031.2	lncRNA	1	0	1	0.1354	0.0397	0.0382
ENSG00000258098.2	LINC02286	lncRNA	0	0	0	0.0000	0.0000	0.0000
ENSG00000258099.1	ATXN2-AS	lncRNA	0	0	0	0.0000	0.0000	0.0000
ENSG00000258100.3	LINC02823	lncRNA	0	0	0	0.0000	0.0000	0.0000
ENSG00000258101.2	AC010173.1	lncRNA	12	5	7	0.7013	0.2054	0.1978
ENSG00000258102.5	MAP1LC3B2	protein_coding	91	39	52	4.0144	1.1759	1.1323
ENSG00000258104.1	HIGD1AP9	processed_pseudogene	0	0	0	0.0000	0.0000	0.0000
ENSG00000258107.3	AL158058.1	lncRNA	0	0	0	0.0000	0.0000	0.0000
ENSG00000258108.2	AC009803.2	lncRNA	0	0	0	0.0000	0.0000	0.0000
ENSG00000258111.1	AC079316.1	processed_pseudogene	0	0	0	0.0000	0.0000	0.0000
ENSG00000258112.1	CCNG2P1	processed_pseudogene	1	0	1	0.0849	0.0249	0.0240
ENSG00000258114.1	AC005871.2	lncRNA	0	1	1	0.0000	0.0000	0.0000
ENSG00000258115.1	AC090109.1	lncRNA	0	0	0	0.0000	0.0000	0.0000
ENSG00000258116.1	PPIAP45	processed_pseudogene	3	1	2	0.5352	0.1568	0.1510
ENSG00000258117.2	AC026116.1	lncRNA	0	0	0	0.0000	0.0000	0.0000
ENSG00000258118.1	PPIAP44	processed_pseudogene	1	0	1	0.3279	0.0960	0.0925
ENSG00000258119.1	AC087897.2	lncRNA	1	0	1	0.1175	0.0344	0.0331
ENSG00000258120.2	KRT128P	unprocessed_pseudogene	0	0	0	0.0000	0.0000	0.0000
ENSG00000258121.1	AC089987.2	lncRNA	0	0	0	0.0000	0.0000	0.0000
ENSG00000258122.1	AC044802.2	lncRNA	28	29	34	5.4787	1.6048	1.5453
ENSG00000258123.1	LINC02444	lncRNA	0	0	0	0.0000	0.0000	0.0000
ENSG00000258125.1	AC025254.1	lncRNA	0	0	0	0.0000	0.0000	0.0000
ENSG00000258128.2	MKRN9P	transcribed_processed_pseudogene	4	2	2	0.1412	0.0414	0.0398
ENSG00000258130.8	AC106782.1	transcribed_unprocessed_pseudogene	1	2	0	0.0314	0.0092	0.0088
ENSG00000258131.1	AC007656.2	lncRNA	0	0	0	0.0000	0.0000	0.0000
ENSG00000258133.1	AC025578.1	processed_pseudogene	0	0	0	0.0000	0.0000	0.0000
ENSG00000258134.1	AC016954.1	processed_pseudogene	0	0	0	0.0000	0.0000	0.0000
ENSG00000258135.5	LINC02396	lncRNA	0	1	0	0.0000	0.0000	0.0000
ENSG00000258136.2	AC007622.2	lncRNA	3	40	42	0.1333	0.0390	0.0376
ENSG00000258137.5	AC079313.2	lncRNA	0	0	0	0.0000	0.0000	0.0000
ENSG00000258140.2	AC127894.1	lncRNA	0	0	0	0.0000	0.0000	0.0000
ENSG00000258142.2	AC093023.1	processed_pseudogene	0	0	0	0.0000	0.0000	0.0000
ENSG00000258144.2	LINC02406	lncRNA	5	3	2	0.3104	0.0909	0.0875
ENSG00000258148.2	AC007115.1	processed_pseudogene	0	0	0	0.0000	0.0000	0.0000
ENSG00000258150.6	AC133555.3	transcribed_unprocessed_pseudogene	1	0	1	0.0467	0.0137	0.0132
ENSG00000258153.1	HSPE1P4	processed_pseudogene	5	3	2	1.3786	0.4038	0.3888
ENSG00000258154.2	AL512356.2	unprocessed_pseudogene	0	0	0	0.0000	0.0000	0.0000
ENSG00000258159.1	IMMP1LP2	processed_pseudogene	1	0	1	0.1726	0.0506	0.0487
ENSG00000258162.4	AC069228.1	lncRNA	3	1	2	0.0277	0.0081	0.0078
ENSG00000258167.1	AC107023.1	lncRNA	0	0	0	0.0000	0.0000	0.0000
ENSG00000258168.6	AC025569.1	lncRNA	6	55	49	0.0800	0.0234	0.0226
ENSG00000258169.1	LINC00485	lncRNA	0	0	0	0.0000	0.0000	0.0000
ENSG00000258170.1	AC089998.4	lncRNA	0	0	0	0.0000	0.0000	0.0000
ENSG00000258171.2	LINC02412	lncRNA	3	1	3	0.0937	0.0274	0.0264
ENSG00000258172.1	AC073655.1	lncRNA	3	2	1	0.5168	0.1514	0.1458
ENSG00000258173.1	AC079598.2	processed_pseudogene	0	0	0	0.0000	0.0000	0.0000
ENSG00000258175.1	LINC02300	lncRNA	0	0	0	0.0000	0.0000	0.0000
ENSG00000258177.1	AC008149.1	lncRNA	0	108	139	0.0000	0.0000	0.0000
ENSG00000258178.1	AC016993.1	lncRNA	0	0	0	0.0000	0.0000	0.0000
ENSG00000258179.1	AC079598.3	processed_pseudogene	0	0	0	0.0000	0.0000	0.0000
ENSG00000258181.1	AC008083.3	lncRNA	1	1	0	0.1665	0.0488	0.0470
ENSG00000258183.6	LINC02392	lncRNA	2	2	0	0.0598	0.0175	0.0169
ENSG00000258184.1	AC087883.1	processed_pseudogene	0	0	0	0.0000	0.0000	0.0000
ENSG00000258185.2	AC010196.1	lncRNA	0	0	0	0.0000	0.0000	0.0000
ENSG00000258186.2	SLC7A5P2	transcribed_processed_pseudogene	0	0	0	0.0000	0.0000	0.0000
ENSG00000258193.1	AC011602.1	processed_pseudogene	0	0	0	0.0000	0.0000	0.0000
ENSG00000258196.1	AL163973.3	lncRNA	0	1	0	0.0000	0.0000	0.0000
ENSG00000258197.1	NKX2-2-AS1	lncRNA	0	0	0	0.0000	0.0000	0.0000
ENSG00000258199.1	AC073896.4	lncRNA	1	1	0	0.2107	0.0617	0.0594
ENSG00000258202.1	AC026371.1	unprocessed_pseudogene	0	0	0	0.0000	0.0000	0.0000
ENSG00000258203.5	AC004801.5	lncRNA	10	6	4	0.8134	0.2383	0.2294
ENSG00000258204.1	AC008126.1	processed_pseudogene	1	1	0	0.1769	0.0518	0.0499
ENSG00000258205.1	AC079598.4	processed_pseudogene	0	0	0	0.0000	0.0000	0.0000
ENSG00000258206.1	AC137768.1	processed_pseudogene	0	0	0	0.0000	0.0000	0.0000
ENSG00000258210.1	AC144548.1	lncRNA	1	0	1	0.0898	0.0263	0.0253
ENSG00000258212.1	ZNF75BP	processed_pseudogene	0	0	0	0.0000	0.0000	0.0000
ENSG00000258214.1	AC108721.1	lncRNA	0	0	0	0.0000	0.0000	0.0000
ENSG00000258215.1	AC078886.1	processed_pseudogene	0	0	0	0.0000	0.0000	0.0000
ENSG00000258216.7	AC009522.1	lncRNA	1	0	1	0.0398	0.0117	0.0112
ENSG00000258220.1	LINC02424	lncRNA	1	0	1	0.0672	0.0197	0.0189
ENSG00000258223.6	PRSS58	protein_coding	0	0	0	0.0000	0.0000	0.0000
ENSG00000258224.1	AC090049.2	processed_pseudogene	0	0	0	0.0000	0.0000	0.0000
ENSG00000258225.1	AC073571.1	lncRNA	0	0	0	0.0000	0.0000	0.0000
ENSG00000258227.7	CLEC5A	protein_coding	46	28	24	0.9461	0.2771	0.2668
ENSG00000258230.2	AC063950.1	transcribed_processed_pseudogene	6	2	4	0.7936	0.2325	0.2239
ENSG00000258231.5	AC020637.1	lncRNA	0	0	0	0.0000	0.0000	0.0000
ENSG00000258232.2	AC125611.3	lncRNA	0	2722	2747	0.0000	0.0000	0.0000
ENSG00000258233.1	ARHGAP42P5	processed_pseudogene	0	0	0	0.0000	0.0000	0.0000
ENSG00000258234.1	AC024257.1	lncRNA	0	0	0	0.0000	0.0000	0.0000
ENSG00000258235.1	AC133480.1	lncRNA	0	0	0	0.0000	0.0000	0.0000
ENSG00000258239.1	MTND2P17	unprocessed_pseudogene	0	0	0	0.0000	0.0000	0.0000
ENSG00000258240.6	AC002351.1	lncRNA	2	0	2	0.0682	0.0200	0.0192
ENSG00000258244.1	OSTF1P1	processed_pseudogene	1	0	1	0.1394	0.0408	0.0393
ENSG00000258245.1	RPL10P13	processed_pseudogene	28	18	17	7.8474	2.2986	2.2134
ENSG00000258249.1	AC125603.3	lncRNA	2	1	1	0.3495	0.1024	0.0986
ENSG00000258251.1	YPEL5P3	processed_pseudogene	0	0	0	0.0000	0.0000	0.0000
ENSG00000258253.1	AC078865.1	lncRNA	0	0	0	0.0000	0.0000	0.0000
ENSG00000258254.1	AC010177.1	lncRNA	0	0	0	0.0000	0.0000	0.0000
ENSG00000258256.1	AC011773.3	lncRNA	1	1	0	0.0676	0.0198	0.0191
ENSG00000258260.1	AC073896.5	lncRNA	0	26	36	0.0000	0.0000	0.0000
ENSG00000258262.1	AC063949.1	processed_pseudogene	0	0	0	0.0000	0.0000	0.0000
ENSG00000258265.1	AL929601.2	lncRNA	0	0	0	0.0000	0.0000	0.0000
ENSG00000258271.1	AC025260.1	processed_pseudogene	0	0	0	0.0000	0.0000	0.0000
ENSG00000258272.1	AC007513.1	lncRNA	0	0	0	0.0000	0.0000	0.0000
ENSG00000258273.1	AC024257.2	unprocessed_pseudogene	0	0	0	0.0000	0.0000	0.0000
ENSG00000258274.1	AC012085.2	lncRNA	0	0	0	0.0000	0.0000	0.0000
ENSG00000258275.1	OR7K1P	unprocessed_pseudogene	0	0	0	0.0000	0.0000	0.0000
ENSG00000258278.2	CLUHP8	unprocessed_pseudogene	0	0	0	0.0000	0.0000	0.0000
ENSG00000258279.4	LINC00592	lncRNA	1	1	0	0.0377	0.0110	0.0106
ENSG00000258282.2	BTF3P2	processed_pseudogene	4	3	1	0.6975	0.2043	0.1967
ENSG00000258283.1	AC011603.3	lncRNA	0	2	2	0.0000	0.0000	0.0000
ENSG00000258284.1	POLR2KP1	processed_pseudogene	2	0	2	1.0110	0.2961	0.2851
ENSG00000258285.1	TESC-AS1	lncRNA	0	1	0	0.0000	0.0000	0.0000
ENSG00000258288.1	NENFP2	processed_pseudogene	0	0	0	0.0000	0.0000	0.0000
ENSG00000258289.8	CHURC1	protein_coding	2061	1053	1008	32.3873	9.4868	9.1350
ENSG00000258290.1	BRWD1P2	processed_pseudogene	0	0	0	0.0000	0.0000	0.0000
ENSG00000258292.1	LINC02410	lncRNA	0	0	0	0.0000	0.0000	0.0000
ENSG00000258294.5	AC090503.2	lncRNA	0	0	0	0.0000	0.0000	0.0000
ENSG00000258300.2	NUTF2P2	processed_pseudogene	0	4	0	0.0000	0.0000	0.0000
ENSG00000258301.3	VASH1-AS1	lncRNA	3	287	253	0.1382	0.0405	0.0390
ENSG00000258302.2	AC025034.1	lncRNA	14	11	3	0.6948	0.2035	0.1960
ENSG00000258303.1	AC012464.2	lncRNA	3	2	1	0.3270	0.0958	0.0922
ENSG00000258304.1	AC233290.2	processed_pseudogene	0	0	0	0.0000	0.0000	0.0000
ENSG00000258308.6	AC079907.2	lncRNA	1	0	1	0.0631	0.0185	0.0178
ENSG00000258311.5	AC009779.3	protein_coding	54	24	30	1.3065	0.3827	0.3685
ENSG00000258312.1	AC016152.1	lncRNA	0	0	0	0.0000	0.0000	0.0000
ENSG00000258313.1	AC084879.2	lncRNA	0	0	0	0.0000	0.0000	0.0000
ENSG00000258314.3	AL589182.1	lncRNA	1	0	1	0.1067	0.0312	0.0301
ENSG00000258315.5	C17orf49	protein_coding	8	6	14	0.2585	0.0757	0.0729
ENSG00000258316.1	KLF17P1	processed_pseudogene	0	0	0	0.0000	0.0000	0.0000
ENSG00000258317.1	AC034102.6	lncRNA	3	436	452	0.1969	0.0577	0.0555
ENSG00000258320.1	AC090502.3	processed_pseudogene	1	0	1	0.0613	0.0179	0.0173
ENSG00000258323.1	AC073575.1	lncRNA	0	0	0	0.0000	0.0000	0.0000
ENSG00000258324.2	AL512310.8	processed_pseudogene	0	0	0	0.0000	0.0000	0.0000
ENSG00000258325.2	ITFG2-AS1	lncRNA	0	6	3	0.0000	0.0000	0.0000
ENSG00000258331.1	LINC02461	lncRNA	4	4	0	0.4063	0.1190	0.1146
ENSG00000258332.3	LINC02394	lncRNA	0	0	0	0.0000	0.0000	0.0000
ENSG00000258334.1	AC125611.4	lncRNA	0	29	20	0.0000	0.0000	0.0000
ENSG00000258336.2	DUX4L52	processed_pseudogene	0	0	0	0.0000	0.0000	0.0000
ENSG00000258337.1	AC130895.1	lncRNA	0	0	0	0.0000	0.0000	0.0000
ENSG00000258338.1	AC090680.1	lncRNA	0	0	0	0.0000	0.0000	0.0000
ENSG00000258342.2	AL133304.3	lncRNA	1	1	0	0.0248	0.0072	0.0070
ENSG00000258343.2	AC090001.1	lncRNA	0	0	0	0.0000	0.0000	0.0000
ENSG00000258344.1	AC078778.1	lncRNA	1	0	1	0.1498	0.0439	0.0422
ENSG00000258345.1	AC034102.7	lncRNA	0	9	16	0.0000	0.0000	0.0000
ENSG00000258346.1	AC079384.1	lncRNA	0	0	0	0.0000	0.0000	0.0000
ENSG00000258350.1	SYF2P1	processed_pseudogene	0	0	0	0.0000	0.0000	0.0000
ENSG00000258352.1	IFITM3P6	transcribed_processed_pseudogene	17	7	10	2.3941	0.7013	0.6753
ENSG00000258354.1	AC138932.1	lncRNA	0	0	0	0.0000	0.0000	0.0000
ENSG00000258355.1	AC079174.1	lncRNA	0	0	0	0.0000	0.0000	0.0000
ENSG00000258357.1	NSA2P2	processed_pseudogene	5	3	2	0.5444	0.1595	0.1535
ENSG00000258358.2	AC087888.1	processed_pseudogene	0	0	0	0.0000	0.0000	0.0000
ENSG00000258359.1	PCNPP1	processed_pseudogene	1	1	0	0.1662	0.0487	0.0469
ENSG00000258360.1	NF1P12	unprocessed_pseudogene	0	0	0	0.0000	0.0000	0.0000
ENSG00000258364.1	CR383656.12	lncRNA	0	0	0	0.0000	0.0000	0.0000
ENSG00000258365.1	AC073655.2	lncRNA	2	1	2	0.1522	0.0446	0.0429
ENSG00000258366.9	RTEL1	protein_coding	6	3	4	0.0791	0.0232	0.0223
ENSG00000258367.2	CR383656.13	transcribed_unprocessed_pseudogene	0	0	0	0.0000	0.0000	0.0000
ENSG00000258368.2	ZNF970P	unprocessed_pseudogene	0	0	0	0.0000	0.0000	0.0000
ENSG00000258369.1	ADI1P3	processed_pseudogene	0	0	0	0.0000	0.0000	0.0000
ENSG00000258373.1	SLC25A3P2	processed_pseudogene	0	0	0	0.0000	0.0000	0.0000
ENSG00000258375.2	AC079363.1	processed_pseudogene	0	0	0	0.0000	0.0000	0.0000
ENSG00000258376.2	AC004846.1	lncRNA	171	130	144	4.7611	1.3946	1.3429
ENSG00000258377.1	AL139099.1	lncRNA	0	1092	1188	0.0000	0.0000	0.0000
ENSG00000258378.1	AL139021.1	lncRNA	1	83	101	0.1948	0.0571	0.0549
ENSG00000258379.1	AL355097.1	lncRNA	1	0	1	0.1576	0.0461	0.0444
ENSG00000258380.1	AL356805.1	lncRNA	0	0	0	0.0000	0.0000	0.0000
ENSG00000258381.1	AL512360.1	processed_pseudogene	0	0	0	0.0000	0.0000	0.0000
ENSG00000258383.1	AL132819.1	lncRNA	1	0	1	0.4083	0.1196	0.1152
ENSG00000258384.1	RCCD1-AS1	lncRNA	1	374	385	0.0457	0.0134	0.0129
ENSG00000258385.1	AL391516.1	processed_pseudogene	0	0	0	0.0000	0.0000	0.0000
ENSG00000258386.1	AL352984.1	lncRNA	4	3	1	1.2307	0.3605	0.3471
ENSG00000258387.1	AL358913.1	processed_pseudogene	0	0	0	0.0000	0.0000	0.0000
ENSG00000258388.7	PPT2-EGFL8	protein_coding	2	1909	2031	0.0308	0.0090	0.0087
ENSG00000258390.2	LINC02318	lncRNA	0	0	0	0.0000	0.0000	0.0000
ENSG00000258392.1	RPA2P1	processed_pseudogene	0	0	0	0.0000	0.0000	0.0000
ENSG00000258393.1	AL049833.1	lncRNA	0	0	0	0.0000	0.0000	0.0000
ENSG00000258394.1	AL442163.1	lncRNA	0	0	0	0.0000	0.0000	0.0000
ENSG00000258397.1	BCAR1P1	processed_pseudogene	0	0	0	0.0000	0.0000	0.0000
ENSG00000258399.7	AL117190.1	lncRNA	0	0	0	0.0000	0.0000	0.0000
ENSG00000258400.1	AL591767.1	lncRNA	0	0	0	0.0000	0.0000	0.0000
ENSG00000258401.1	ATP5MC2P2	processed_pseudogene	0	0	0	0.0000	0.0000	0.0000
ENSG00000258402.1	AC016526.1	lncRNA	0	0	0	0.0000	0.0000	0.0000
ENSG00000258404.1	LINC02320	lncRNA	2	1	1	0.3741	0.1096	0.1055
ENSG00000258405.11	ZNF578	protein_coding	10	7	3	0.1248	0.0366	0.0352
ENSG00000258406.1	TUBBP3	processed_pseudogene	0	0	0	0.0000	0.0000	0.0000
ENSG00000258407.1	AL157955.1	lncRNA	0	26	13	0.0000	0.0000	0.0000
ENSG00000258408.1	NT5CP2	transcribed_processed_pseudogene	0	0	0	0.0000	0.0000	0.0000
ENSG00000258410.1	AC087386.1	lncRNA	0	0	0	0.0000	0.0000	0.0000
ENSG00000258411.2	AL161670.1	processed_pseudogene	0	0	0	0.0000	0.0000	0.0000
ENSG00000258412.1	AL355102.1	lncRNA	0	0	0	0.0000	0.0000	0.0000
ENSG00000258413.2	AL158801.2	lncRNA	5	4	2	0.3279	0.0960	0.0925
ENSG00000258414.1	AL121790.1	lncRNA	0	0	0	0.0000	0.0000	0.0000
ENSG00000258415.2	LONRF2P4	processed_pseudogene	0	0	0	0.0000	0.0000	0.0000
ENSG00000258416.1	AF123462.1	lncRNA	0	0	0	0.0000	0.0000	0.0000
ENSG00000258417.3	AC100868.1	protein_coding	0	0	0	0.0000	0.0000	0.0000
ENSG00000258419.1	AC022469.1	lncRNA	0	0	0	0.0000	0.0000	0.0000
ENSG00000258420.1	LONRF2P3	processed_pseudogene	0	0	0	0.0000	0.0000	0.0000
ENSG00000258421.2	FXNP1	processed_pseudogene	0	0	0	0.0000	0.0000	0.0000
ENSG00000258422.5	AL160191.1	lncRNA	0	0	0	0.0000	0.0000	0.0000
ENSG00000258423.1	OR7E105P	unprocessed_pseudogene	0	0	0	0.0000	0.0000	0.0000
ENSG00000258424.1	AL512791.1	lncRNA	28	3004	2955	7.9259	2.3216	2.2355
ENSG00000258425.1	AC013451.1	lncRNA	0	42	32	0.0000	0.0000	0.0000
ENSG00000258426.1	AL162872.1	lncRNA	0	0	0	0.0000	0.0000	0.0000
ENSG00000258427.3	RBM8B	processed_pseudogene	11	7	7	1.7793	0.5212	0.5019
ENSG00000258428.5	AL161757.2	lncRNA	2	64	60	0.3684	0.1079	0.1039
ENSG00000258429.2	PDF	protein_coding	3	2	1	0.0891	0.0261	0.0251
ENSG00000258430.1	AL583722.1	lncRNA	0	1155	1123	0.0000	0.0000	0.0000
ENSG00000258431.1	AC004825.1	processed_pseudogene	0	0	0	0.0000	0.0000	0.0000
ENSG00000258433.2	AC087633.1	lncRNA	0	0	0	0.0000	0.0000	0.0000
ENSG00000258435.1	AC048337.1	lncRNA	0	0	0	0.0000	0.0000	0.0000
ENSG00000258436.1	RNASE12	protein_coding	0	0	0	0.0000	0.0000	0.0000
ENSG00000258437.1	AL139193.1	lncRNA	0	0	0	0.0000	0.0000	0.0000
ENSG00000258438.3	OR11K2P	unprocessed_pseudogene	0	0	0	0.0000	0.0000	0.0000
ENSG00000258439.1	AC007956.2	processed_pseudogene	2	0	2	0.3134	0.0918	0.0884
ENSG00000258440.1	AL118557.1	processed_pseudogene	0	0	0	0.0000	0.0000	0.0000
ENSG00000258441.1	LINC00641	lncRNA	156	76	80	2.3180	0.6790	0.6538
ENSG00000258443.1	AC005225.1	lncRNA	3	2	1	0.2719	0.0796	0.0767
ENSG00000258444.1	AL132855.1	lncRNA	0	0	0	0.0000	0.0000	0.0000
ENSG00000258445.3	MAD2L1P1	processed_pseudogene	0	0	0	0.0000	0.0000	0.0000
ENSG00000258446.1	AL133153.1	processed_pseudogene	0	0	0	0.0000	0.0000	0.0000
ENSG00000258448.1	AL442663.2	processed_pseudogene	0	0	0	0.0000	0.0000	0.0000
ENSG00000258449.1	AC023510.1	lncRNA	0	13	8	0.0000	0.0000	0.0000
ENSG00000258450.1	AL139099.2	lncRNA	1	1	0	0.2118	0.0620	0.0597
ENSG00000258451.1	EGILA	lncRNA	1	296	308	0.0928	0.0272	0.0262
ENSG00000258452.1	HMGN2P2	processed_pseudogene	1	0	1	0.3111	0.0911	0.0877
ENSG00000258453.3	OR11H2	protein_coding	0	0	0	0.0000	0.0000	0.0000
ENSG00000258454.1	AC016526.2	lncRNA	1	1	0	0.1633	0.0478	0.0461
ENSG00000258455.1	AL158801.3	lncRNA	0	0	0	0.0000	0.0000	0.0000
ENSG00000258456.2	PTCD2P1	processed_pseudogene	0	0	0	0.0000	0.0000	0.0000
ENSG00000258457.5	AL132780.2	lncRNA	10	60	46	0.5809	0.1701	0.1638
ENSG00000258458.8	AL160314.2	lncRNA	9	16	13	0.2349	0.0688	0.0662
ENSG00000258459.1	AL356019.1	lncRNA	0	38	28	0.0000	0.0000	0.0000
ENSG00000258460.2	AL355096.1	lncRNA	0	0	0	0.0000	0.0000	0.0000
ENSG00000258461.5	AC012651.1	protein_coding	2	0	2	0.0364	0.0107	0.0103
ENSG00000258462.2	AL591767.2	processed_pseudogene	0	0	0	0.0000	0.0000	0.0000
ENSG00000258463.1	AC138701.2	processed_pseudogene	0	0	0	0.0000	0.0000	0.0000
ENSG00000258464.2	AL160237.1	lncRNA	0	0	0	0.0000	0.0000	0.0000
ENSG00000258465.8	AL139011.2	protein_coding	1	1	0	0.0265	0.0078	0.0075
ENSG00000258466.5	AL049779.1	protein_coding	0	0	0	0.0000	0.0000	0.0000
ENSG00000258467.1	PHKBP2	unprocessed_pseudogene	0	0	0	0.0000	0.0000	0.0000
ENSG00000258468.1	OR11G1P	unprocessed_pseudogene	0	0	0	0.0000	0.0000	0.0000
ENSG00000258469.1	CHMP4BP1	processed_pseudogene	16	7	9	2.3108	0.6769	0.6518
ENSG00000258471.2	AL161668.3	lncRNA	1	156	148	0.0439	0.0128	0.0124
ENSG00000258472.9	AC005726.1	protein_coding	0	0	0	0.0000	0.0000	0.0000
ENSG00000258473.2	AC007686.2	lncRNA	0	0	0	0.0000	0.0000	0.0000
ENSG00000258474.1	LINC02313	lncRNA	0	0	0	0.0000	0.0000	0.0000
ENSG00000258476.6	LINC02207	lncRNA	2	2	1	0.0202	0.0059	0.0057
ENSG00000258477.1	PPIAP6	processed_pseudogene	23	14	9	3.9142	1.1465	1.1040
ENSG00000258478.1	AC009396.1	lncRNA	0	0	0	0.0000	0.0000	0.0000
ENSG00000258479.6	LINC00640	lncRNA	5	4	1	0.1686	0.0494	0.0475
ENSG00000258481.1	AL133240.1	lncRNA	0	0	0	0.0000	0.0000	0.0000
ENSG00000258482.1	TRAV15	TR_V_pseudogene	0	0	0	0.0000	0.0000	0.0000
ENSG00000258483.4	LINC02251	lncRNA	25	10	15	0.8222	0.2408	0.2319
ENSG00000258484.4	SPESP1	protein_coding	529	260	269	28.7415	8.4188	8.1067
ENSG00000258485.2	SRMP2	processed_pseudogene	0	0	0	0.0000	0.0000	0.0000
ENSG00000258487.2	LINC02277	lncRNA	0	0	0	0.0000	0.0000	0.0000
ENSG00000258488.2	AC023310.1	unprocessed_pseudogene	0	0	0	0.0000	0.0000	0.0000
ENSG00000258489.4	AC027013.1	lncRNA	1	1	0	0.0565	0.0165	0.0159
ENSG00000258490.1	AL049835.1	lncRNA	0	0	0	0.0000	0.0000	0.0000
ENSG00000258491.2	ZFP64P1	processed_pseudogene	0	0	0	0.0000	0.0000	0.0000
ENSG00000258493.2	AL121603.1	processed_pseudogene	0	0	0	0.0000	0.0000	0.0000
ENSG00000258494.1	OR11J5P	unprocessed_pseudogene	0	0	0	0.0000	0.0000	0.0000
ENSG00000258496.1	AL352955.1	lncRNA	0	0	0	0.0000	0.0000	0.0000
ENSG00000258497.1	AL359682.1	lncRNA	0	0	0	0.0000	0.0000	0.0000
ENSG00000258498.8	DIO3OS	lncRNA	3	2	1	0.0455	0.0133	0.0128
ENSG00000258499.1	LINC02287	lncRNA	2	0	2	0.1227	0.0359	0.0346
ENSG00000258500.2	AL845552.1	transcribed_processed_pseudogene	0	0	0	0.0000	0.0000	0.0000
ENSG00000258501.1	EIF3LP1	processed_pseudogene	4	2	2	0.2049	0.0600	0.0578
ENSG00000258502.6	LINC02290	lncRNA	0	0	0	0.0000	0.0000	0.0000
ENSG00000258503.1	AL352979.1	processed_pseudogene	0	0	0	0.0000	0.0000	0.0000
ENSG00000258504.2	AL157871.1	lncRNA	0	201	207	0.0000	0.0000	0.0000
ENSG00000258505.1	AL442163.2	transcribed_processed_pseudogene	0	0	0	0.0000	0.0000	0.0000
ENSG00000258506.2	AL163642.1	processed_pseudogene	0	0	0	0.0000	0.0000	0.0000
ENSG00000258507.1	AC116612.1	lncRNA	0	0	0	0.0000	0.0000	0.0000
ENSG00000258509.1	AL049870.1	processed_pseudogene	1	0	1	0.2757	0.0808	0.0778
ENSG00000258510.2	AC007954.1	processed_pseudogene	0	0	0	0.0000	0.0000	0.0000
ENSG00000258511.1	LINC02295	lncRNA	0	0	0	0.0000	0.0000	0.0000
ENSG00000258512.1	LINC00239	lncRNA	22	9	13	2.9237	0.8564	0.8246
ENSG00000258513.1	AC006349.1	transcribed_processed_pseudogene	0	0	0	0.0000	0.0000	0.0000
ENSG00000258515.1	AL355075.2	lncRNA	3	8	7	0.5330	0.1561	0.1503
ENSG00000258516.2	AL133167.1	lncRNA	0	0	0	0.0000	0.0000	0.0000
ENSG00000258517.1	AC004817.1	lncRNA	89	35	54	10.4826	3.0705	2.9567
ENSG00000258519.1	AL121579.1	processed_pseudogene	0	0	0	0.0000	0.0000	0.0000
ENSG00000258520.1	AL359317.1	lncRNA	4	4	3	0.5877	0.1721	0.1658
ENSG00000258521.1	AL157871.2	lncRNA	34	23	11	5.2306	1.5321	1.4753
ENSG00000258524.1	NT5CP1	processed_pseudogene	2	1	1	0.3337	0.0977	0.0941
ENSG00000258525.2	AL049830.3	lncRNA	1	3	7	0.0301	0.0088	0.0085
ENSG00000258526.7	AL049828.1	lncRNA	8	5	3	0.0481	0.0141	0.0136
ENSG00000258527.1	ASB9P1	processed_pseudogene	0	0	0	0.0000	0.0000	0.0000
ENSG00000258529.5	AP001781.2	protein_coding	0	0	0	0.0000	0.0000	0.0000
ENSG00000258531.2	BANF1P1	processed_pseudogene	0	0	0	0.0000	0.0000	0.0000
ENSG00000258532.2	LINC02305	lncRNA	0	0	0	0.0000	0.0000	0.0000
ENSG00000258534.1	AL132712.1	lncRNA	0	2	3	0.0000	0.0000	0.0000
ENSG00000258535.1	AL079307.1	lncRNA	1	1	0	0.0142	0.0042	0.0040
ENSG00000258536.1	FKBP1BP1	processed_pseudogene	0	0	0	0.0000	0.0000	0.0000
ENSG00000258537.5	FRMD6-AS2	lncRNA	0	0	0	0.0000	0.0000	0.0000
ENSG00000258538.5	AL133279.1	lncRNA	0	0	0	0.0000	0.0000	0.0000
ENSG00000258539.1	AC068896.1	protein_coding	1	7	5	0.0248	0.0073	0.0070
ENSG00000258540.1	AC107958.1	processed_pseudogene	0	0	0	0.0000	0.0000	0.0000
ENSG00000258541.1	OR4K4P	unprocessed_pseudogene	0	0	0	0.0000	0.0000	0.0000
ENSG00000258542.1	AC068831.1	transcribed_processed_pseudogene	0	0	0	0.0000	0.0000	0.0000
ENSG00000258544.1	GLRXP2	processed_pseudogene	0	0	0	0.0000	0.0000	0.0000
ENSG00000258545.6	RHOXF1-AS1	lncRNA	7	1	6	0.2380	0.0697	0.0671
ENSG00000258546.1	CENPUP2	processed_pseudogene	0	0	0	0.0000	0.0000	0.0000
ENSG00000258548.6	LINC00645	lncRNA	10	9	1	0.1874	0.0549	0.0529
ENSG00000258549.1	AL161713.1	processed_pseudogene	0	0	0	0.0000	0.0000	0.0000
ENSG00000258550.1	OR7E106P	unprocessed_pseudogene	1	0	1	0.0832	0.0244	0.0235
ENSG00000258551.6	CRAT37	lncRNA	0	0	0	0.0000	0.0000	0.0000
ENSG00000258552.1	FAM204DP	processed_pseudogene	1	0	1	0.1469	0.0430	0.0414
ENSG00000258553.5	AL157911.1	lncRNA	4	2	2	0.5938	0.1739	0.1675
ENSG00000258554.1	AC025162.1	lncRNA	0	291	321	0.0000	0.0000	0.0000
ENSG00000258555.6	SPECC1L-ADORA2A	protein_coding	0	0	0	0.0000	0.0000	0.0000
ENSG00000258556.1	LINC02322	lncRNA	12	5	7	3.0149	0.8831	0.8504
ENSG00000258557.1	AC245505.1	processed_pseudogene	0	0	0	0.0000	0.0000	0.0000
ENSG00000258558.1	AL121852.1	lncRNA	2	1	1	0.3950	0.1157	0.1114
ENSG00000258559.2	AC005519.1	lncRNA	1	1	0	0.0621	0.0182	0.0175
ENSG00000258560.1	AL157912.1	lncRNA	0	0	0	0.0000	0.0000	0.0000
ENSG00000258561.2	AL359232.1	lncRNA	62	60	50	0.8597	0.2518	0.2425
ENSG00000258562.2	AC106028.1	processed_pseudogene	0	0	0	0.0000	0.0000	0.0000
ENSG00000258563.2	PSMA3P1	processed_pseudogene	0	0	0	0.0000	0.0000	0.0000
ENSG00000258564.2	OR4N1P	unprocessed_pseudogene	0	0	0	0.0000	0.0000	0.0000
ENSG00000258565.1	BLZF2P	unprocessed_pseudogene	0	0	0	0.0000	0.0000	0.0000
ENSG00000258566.2	AC007376.1	processed_pseudogene	0	0	0	0.0000	0.0000	0.0000
ENSG00000258567.1	DUX4L16	unprocessed_pseudogene	0	0	0	0.0000	0.0000	0.0000
ENSG00000258568.1	RHOQP1	processed_pseudogene	21	10	11	3.0800	0.9022	0.8687
ENSG00000258569.1	AC007376.2	lncRNA	1	0	1	0.1573	0.0461	0.0444
ENSG00000258570.1	H3P40	processed_pseudogene	0	0	0	0.0000	0.0000	0.0000
ENSG00000258571.1	PTTG4P	processed_pseudogene	1	0	2	0.2413	0.0707	0.0680
ENSG00000258572.1	AL133467.1	lncRNA	18	6	12	1.5393	0.4509	0.4342
ENSG00000258573.6	AL163195.2	lncRNA	0	0	0	0.0000	0.0000	0.0000
ENSG00000258576.1	AL163974.1	lncRNA	0	0	0	0.0000	0.0000	0.0000
ENSG00000258577.1	SNRPGP1	processed_pseudogene	0	0	0	0.0000	0.0000	0.0000
ENSG00000258578.2	AC008015.1	processed_pseudogene	0	0	0	0.0000	0.0000	0.0000
ENSG00000258580.1	AL136298.1	lncRNA	215	109	109	19.6745	5.7630	5.5493
ENSG00000258581.2	AL157871.3	processed_pseudogene	1	1	0	0.2898	0.0849	0.0817
ENSG00000258583.7	LINC01500	lncRNA	1	0	5	0.0125	0.0037	0.0035
ENSG00000258584.2	FAM181A-AS1	lncRNA	0	0	0	0.0000	0.0000	0.0000
ENSG00000258585.2	ZNF519P3	unprocessed_pseudogene	0	0	0	0.0000	0.0000	0.0000
ENSG00000258586.1	LINC02274	lncRNA	0	0	0	0.0000	0.0000	0.0000
ENSG00000258587.1	AC006530.1	processed_pseudogene	0	0	0	0.0000	0.0000	0.0000
ENSG00000258588.3	TRIM6-TRIM34	protein_coding	0	0	0	0.0000	0.0000	0.0000
ENSG00000258590.5	NBEAP1	transcribed_unprocessed_pseudogene	13	8	6	0.2993	0.0877	0.0844
ENSG00000258591.2	PPIAP4	processed_pseudogene	8	3	5	1.8562	0.5437	0.5235
ENSG00000258592.1	AL391152.1	lncRNA	0	0	0	0.0000	0.0000	0.0000
ENSG00000258593.2	AL583810.1	lncRNA	0	0	0	0.0000	0.0000	0.0000
ENSG00000258594.1	AC021979.1	lncRNA	0	0	0	0.0000	0.0000	0.0000
ENSG00000258595.2	CYB5AP3	processed_pseudogene	0	0	0	0.0000	0.0000	0.0000
ENSG00000258597.3	SERPINA2	polymorphic_pseudogene	0	0	0	0.0000	0.0000	0.0000
ENSG00000258598.1	AL512357.1	lncRNA	0	0	0	0.0000	0.0000	0.0000
ENSG00000258599.2	AL355922.2	processed_pseudogene	0	0	0	0.0000	0.0000	0.0000
ENSG00000258600.1	AL359238.1	lncRNA	0	0	0	0.0000	0.0000	0.0000
ENSG00000258601.1	AL162464.1	lncRNA	0	0	0	0.0000	0.0000	0.0000
ENSG00000258602.1	LINC01629	lncRNA	0	0	0	0.0000	0.0000	0.0000
ENSG00000258603.4	AC005225.2	lncRNA	7	22	27	0.1574	0.0461	0.0444
ENSG00000258604.1	AL161668.4	lncRNA	1	0	1	0.1432	0.0419	0.0404
ENSG00000258605.1	DYNLL1P2	processed_pseudogene	0	2	1	0.0000	0.0000	0.0000
ENSG00000258608.1	DNAJC19P9	processed_pseudogene	4	1	3	0.9678	0.2835	0.2730
ENSG00000258609.3	LINC-ROR	lncRNA	0	0	0	0.0000	0.0000	0.0000
ENSG00000258610.1	AF111169.1	lncRNA	0	0	0	0.0000	0.0000	0.0000
ENSG00000258611.2	YBX2P2	transcribed_processed_pseudogene	0	0	0	0.0000	0.0000	0.0000
ENSG00000258613.1	RPL21P7	processed_pseudogene	0	0	0	0.0000	0.0000	0.0000
ENSG00000258615.1	AL117187.1	unprocessed_pseudogene	0	0	0	0.0000	0.0000	0.0000
ENSG00000258616.5	LINC02303	lncRNA	895	449	446	66.4369	19.4604	18.7389
ENSG00000258618.2	RPL21P9	processed_pseudogene	0	0	0	0.0000	0.0000	0.0000
ENSG00000258619.2	AL136298.2	processed_pseudogene	1	0	1	0.0541	0.0158	0.0153
ENSG00000258620.2	AL135838.1	lncRNA	0	0	0	0.0000	0.0000	0.0000
ENSG00000258622.2	AL442163.3	processed_pseudogene	0	0	0	0.0000	0.0000	0.0000
ENSG00000258623.1	AL121820.1	lncRNA	2	1	1	0.3684	0.1079	0.1039
ENSG00000258624.1	SERPINE4P	processed_pseudogene	0	0	0	0.0000	0.0000	0.0000
ENSG00000258625.2	OR11H5P	transcribed_unprocessed_pseudogene	0	0	0	0.0000	0.0000	0.0000
ENSG00000258626.2	COX7A2P1	processed_pseudogene	8	4	4	2.1567	0.6317	0.6083
ENSG00000258627.1	AC103996.1	transcribed_processed_pseudogene	0	0	0	0.0000	0.0000	0.0000
ENSG00000258628.1	RHPN2P1	unprocessed_pseudogene	0	0	0	0.0000	0.0000	0.0000
ENSG00000258629.1	NCOA4P1	processed_pseudogene	0	0	0	0.0000	0.0000	0.0000
ENSG00000258630.3	LINC02292	lncRNA	0	0	0	0.0000	0.0000	0.0000
ENSG00000258631.3	AC110023.1	lncRNA	0	0	0	0.0000	0.0000	0.0000
ENSG00000258632.2	AC135626.1	processed_pseudogene	0	0	0	0.0000	0.0000	0.0000
ENSG00000258633.1	AL049870.2	lncRNA	0	0	0	0.0000	0.0000	0.0000
ENSG00000258634.3	AL160006.1	lncRNA	160	121	119	3.2228	0.9440	0.9090
ENSG00000258636.2	AL121821.2	lncRNA	4	3	1	0.0689	0.0202	0.0194
ENSG00000258637.1	AC008056.1	lncRNA	1	1	0	0.2155	0.0631	0.0608
ENSG00000258638.2	AL389895.1	processed_pseudogene	0	0	0	0.0000	0.0000	0.0000
ENSG00000258639.1	AL359212.1	processed_pseudogene	0	0	0	0.0000	0.0000	0.0000
ENSG00000258640.3	RPL21P5	processed_pseudogene	1	1	0	0.1799	0.0527	0.0507
ENSG00000258641.1	OR4T1P	unprocessed_pseudogene	0	0	0	0.0000	0.0000	0.0000
ENSG00000258642.1	AL133371.1	lncRNA	11	7	4	1.2227	0.3581	0.3449
ENSG00000258643.6	BCL2L2-PABPN1	protein_coding	2	1	1	0.0717	0.0210	0.0202
ENSG00000258644.6	SYNJ2BP-COX16	protein_coding	0	0	0	0.0000	0.0000	0.0000
ENSG00000258645.2	HSPE1P2	processed_pseudogene	11	6	5	3.0527	0.8942	0.8610
ENSG00000258646.1	AL049780.1	lncRNA	6	423	412	1.0420	0.3052	0.2939
ENSG00000258647.6	LINC00930	lncRNA	9	5	4	0.1644	0.0481	0.0464
ENSG00000258648.1	UBE2CP1	processed_pseudogene	1	0	1	0.1533	0.0449	0.0432
ENSG00000258649.1	AL392023.1	lncRNA	0	0	0	0.0000	0.0000	0.0000
ENSG00000258650.1	HSBP1P1	processed_pseudogene	0	0	0	0.0000	0.0000	0.0000
ENSG00000258651.1	SEC23A-AS1	lncRNA	0	33	24	0.0000	0.0000	0.0000
ENSG00000258653.3	AC005520.1	protein_coding	0	0	0	0.0000	0.0000	0.0000
ENSG00000258654.1	AC026495.1	lncRNA	1	1	0	0.0538	0.0158	0.0152
ENSG00000258655.2	ARHGAP5-AS1	lncRNA	201	206	199	9.2365	2.7055	2.6052
ENSG00000258656.1	AL160236.1	processed_pseudogene	0	0	0	0.0000	0.0000	0.0000
ENSG00000258657.5	AL136018.1	lncRNA	314	161	155	28.1574	8.2477	7.9419
ENSG00000258658.1	AL139021.2	lncRNA	1	1	0	0.2128	0.0623	0.0600
ENSG00000258659.7	TRIM34	protein_coding	0	0	0	0.0000	0.0000	0.0000
ENSG00000258660.1	AC006146.1	lncRNA	0	40	50	0.0000	0.0000	0.0000
ENSG00000258661.1	AL079303.1	lncRNA	0	0	0	0.0000	0.0000	0.0000
ENSG00000258662.1	AC022469.2	lncRNA	0	0	0	0.0000	0.0000	0.0000
ENSG00000258663.1	AL117190.2	lncRNA	0	11	7	0.0000	0.0000	0.0000
ENSG00000258665.1	AC068831.2	unprocessed_pseudogene	0	0	0	0.0000	0.0000	0.0000
ENSG00000258666.1	AL157871.4	lncRNA	0	5412	5572	0.0000	0.0000	0.0000
ENSG00000258667.2	HIF1A-AS3	lncRNA	4	2	2	0.1834	0.0537	0.0517
ENSG00000258668.1	COX6CP11	processed_pseudogene	0	0	0	0.0000	0.0000	0.0000
ENSG00000258670.1	AL049874.3	lncRNA	0	0	0	0.0000	0.0000	0.0000
ENSG00000258671.2	AL132639.1	processed_pseudogene	0	0	0	0.0000	0.0000	0.0000
ENSG00000258672.1	AL160313.2	lncRNA	0	2	1	0.0000	0.0000	0.0000
ENSG00000258673.1	LINC01397	lncRNA	0	0	0	0.0000	0.0000	0.0000
ENSG00000258674.5	AC011448.1	protein_coding	4	2	2	0.1840	0.0539	0.0519
ENSG00000258675.2	LINC02308	lncRNA	0	0	0	0.0000	0.0000	0.0000
ENSG00000258676.5	AC091544.2	lncRNA	7	10	3	0.1328	0.0389	0.0375
ENSG00000258677.2	AC022826.2	protein_coding	0	0	0	0.0000	0.0000	0.0000
ENSG00000258678.2	LINC02317	lncRNA	0	0	0	0.0000	0.0000	0.0000
ENSG00000258679.1	AC121758.2	transcribed_processed_pseudogene	0	0	0	0.0000	0.0000	0.0000
ENSG00000258680.2	AL132994.1	processed_pseudogene	0	3	4	0.0000	0.0000	0.0000
ENSG00000258681.1	AL355836.1	processed_pseudogene	0	0	0	0.0000	0.0000	0.0000
ENSG00000258682.1	AL132989.1	lncRNA	17	8	9	2.5063	0.7341	0.7069
ENSG00000258683.1	AL355095.1	lncRNA	0	0	0	0.0000	0.0000	0.0000
ENSG00000258684.2	BMS1P16	unprocessed_pseudogene	1	1	1	0.0740	0.0217	0.0209
ENSG00000258685.2	AKR1B1P5	processed_pseudogene	0	0	0	0.0000	0.0000	0.0000
ENSG00000258687.1	AL358334.1	lncRNA	0	0	0	0.0000	0.0000	0.0000
ENSG00000258689.1	LINC01269	lncRNA	0	0	0	0.0000	0.0000	0.0000
ENSG00000258690.1	AL162464.2	lncRNA	0	0	0	0.0000	0.0000	0.0000
ENSG00000258691.1	AL355102.2	protein_coding	0	0	0	0.0000	0.0000	0.0000
ENSG00000258692.2	SALL4P7	transcribed_processed_pseudogene	0	0	0	0.0000	0.0000	0.0000
ENSG00000258693.1	AL133368.2	lncRNA	0	0	0	0.0000	0.0000	0.0000
ENSG00000258694.1	LINC02319	lncRNA	0	0	0	0.0000	0.0000	0.0000
ENSG00000258695.2	AC005225.3	lncRNA	1	1	0	0.1636	0.0479	0.0462
ENSG00000258696.1	AL359233.1	lncRNA	0	0	0	0.0000	0.0000	0.0000
ENSG00000258698.1	AL139317.1	lncRNA	0	0	0	0.0000	0.0000	0.0000
ENSG00000258699.1	AL357093.1	lncRNA	0	0	0	0.0000	0.0000	0.0000
ENSG00000258700.6	LINC00871	lncRNA	26	16	10	1.2646	0.3704	0.3567
ENSG00000258701.1	LINC00638	lncRNA	44	21	24	1.4839	0.4347	0.4185
ENSG00000258702.3	AL137786.1	lncRNA	2	1	1	0.0383	0.0112	0.0108
ENSG00000258703.1	AL161757.3	lncRNA	0	0	0	0.0000	0.0000	0.0000
ENSG00000258704.6	SRP54-AS1	transcribed_unitary_pseudogene	23	15	8	1.2757	0.3737	0.3598
ENSG00000258705.2	AC245505.2	processed_pseudogene	1	0	1	0.0278	0.0081	0.0078
ENSG00000258706.1	SLC20A1P3	processed_pseudogene	0	0	0	0.0000	0.0000	0.0000
ENSG00000258707.2	AC023310.2	processed_pseudogene	0	0	0	0.0000	0.0000	0.0000
ENSG00000258708.1	SLC25A21-AS1	lncRNA	1	1	0	0.0441	0.0129	0.0124
ENSG00000258710.8	LINC01193	lncRNA	0	0	0	0.0000	0.0000	0.0000
ENSG00000258711.2	AL358334.2	lncRNA	0	0	0	0.0000	0.0000	0.0000
ENSG00000258712.2	CXADRP2	processed_pseudogene	0	0	0	0.0000	0.0000	0.0000
ENSG00000258713.3	C20orf141	protein_coding	0	0	0	0.0000	0.0000	0.0000
ENSG00000258716.1	AL139193.2	lncRNA	0	1	0	0.0000	0.0000	0.0000
ENSG00000258717.1	AL132711.1	lncRNA	0	0	0	0.0000	0.0000	0.0000
ENSG00000258718.3	LINC02311	lncRNA	0	0	0	0.0000	0.0000	0.0000
ENSG00000258719.1	AC009396.2	lncRNA	0	0	0	0.0000	0.0000	0.0000
ENSG00000258721.3	OR11H3P	unprocessed_pseudogene	0	0	0	0.0000	0.0000	0.0000
ENSG00000258722.2	CKAP2P1	processed_pseudogene	0	0	0	0.0000	0.0000	0.0000
ENSG00000258723.1	AF099810.1	lncRNA	0	0	0	0.0000	0.0000	0.0000
ENSG00000258724.1	AC105001.2	protein_coding	0	0	0	0.0000	0.0000	0.0000
ENSG00000258725.2	PRC1-AS1	lncRNA	3	457	409	0.0511	0.0150	0.0144
ENSG00000258726.1	DUXAP6	processed_pseudogene	0	0	0	0.0000	0.0000	0.0000
ENSG00000258727.1	AL135999.1	lncRNA	3	122	145	0.0786	0.0230	0.0222
ENSG00000258728.1	AL162231.3	protein_coding	0	0	0	0.0000	0.0000	0.0000
ENSG00000258729.2	AL355102.3	lncRNA	0	0	0	0.0000	0.0000	0.0000
ENSG00000258730.1	ITPK1-AS1	lncRNA	2	0	2	0.0361	0.0106	0.0102
ENSG00000258731.1	AL356020.1	lncRNA	0	0	0	0.0000	0.0000	0.0000
ENSG00000258732.1	AC025884.1	unprocessed_pseudogene	4	1	3	0.8986	0.2632	0.2535
ENSG00000258733.6	LINC02328	lncRNA	57	37	20	0.8103	0.2373	0.2285
ENSG00000258734.2	AL049873.2	processed_pseudogene	12	6	10	2.0463	0.5994	0.5772
ENSG00000258735.1	LINC00637	lncRNA	0	0	0	0.0000	0.0000	0.0000
ENSG00000258736.1	AL583722.2	lncRNA	0	0	0	0.0000	0.0000	0.0000
ENSG00000258737.2	SUB1P2	processed_pseudogene	0	0	0	0.0000	0.0000	0.0000
ENSG00000258738.1	AL121603.2	lncRNA	64	71	74	2.5673	0.7520	0.7241
ENSG00000258739.1	ENO1P2	transcribed_processed_pseudogene	0	0	0	0.0000	0.0000	0.0000
ENSG00000258740.1	AL691403.1	lncRNA	0	0	0	0.0000	0.0000	0.0000
ENSG00000258741.4	H2AZ2P1	transcribed_processed_pseudogene	31	11	20	0.8680	0.2542	0.2448
ENSG00000258742.6	LINC02833	lncRNA	0	0	0	0.0000	0.0000	0.0000
ENSG00000258743.6	LINC02301	lncRNA	0	0	0	0.0000	0.0000	0.0000
ENSG00000258744.2	AL132800.1	lncRNA	97	50	49	2.5214	0.7385	0.7112
ENSG00000258745.1	AL358334.3	lncRNA	2	707	601	0.3175	0.0930	0.0895
ENSG00000258746.2	AL162632.2	processed_pseudogene	0	0	0	0.0000	0.0000	0.0000
ENSG00000258747.2	AL356022.1	lncRNA	0	0	0	0.0000	0.0000	0.0000
ENSG00000258748.1	AL359399.1	lncRNA	0	0	0	0.0000	0.0000	0.0000
ENSG00000258749.1	AL110504.1	lncRNA	0	308	298	0.0000	0.0000	0.0000
ENSG00000258750.2	AL358335.1	processed_pseudogene	0	0	0	0.0000	0.0000	0.0000
ENSG00000258751.2	AL358335.2	lncRNA	0	0	0	0.0000	0.0000	0.0000
ENSG00000258752.2	AL357093.2	lncRNA	0	0	0	0.0000	0.0000	0.0000
ENSG00000258753.1	AL359792.1	lncRNA	0	0	0	0.0000	0.0000	0.0000
ENSG00000258754.8	LINC01579	lncRNA	5	9	3	0.0445	0.0130	0.0126
ENSG00000258757.1	AL133453.1	lncRNA	0	455	544	0.0000	0.0000	0.0000
ENSG00000258758.1	AL137100.1	processed_pseudogene	0	0	0	0.0000	0.0000	0.0000
ENSG00000258759.1	AL049779.2	processed_pseudogene	1	0	1	0.1401	0.0410	0.0395
ENSG00000258760.1	AL355076.2	lncRNA	0	0	0	0.0000	0.0000	0.0000
ENSG00000258761.1	AC116903.1	lncRNA	0	98	109	0.0000	0.0000	0.0000
ENSG00000258762.1	MTND4P33	processed_pseudogene	0	0	0	0.0000	0.0000	0.0000
ENSG00000258763.5	AC122685.1	lncRNA	0	0	0	0.0000	0.0000	0.0000
ENSG00000258764.1	AL049874.4	transcribed_processed_pseudogene	0	0	0	0.0000	0.0000	0.0000
ENSG00000258765.1	AC107958.2	lncRNA	0	0	0	0.0000	0.0000	0.0000
ENSG00000258766.1	DIO2-AS1	lncRNA	0	0	1	0.0000	0.0000	0.0000
ENSG00000258767.1	AC060814.1	processed_pseudogene	0	0	0	0.0000	0.0000	0.0000
ENSG00000258768.2	AL356019.2	lncRNA	19	5	14	0.4214	0.1234	0.1189
ENSG00000258769.1	RAP1AP	processed_pseudogene	2	1	1	0.3766	0.1103	0.1062
ENSG00000258770.1	LINC02330	lncRNA	1	0	1	0.1530	0.0448	0.0432
ENSG00000258771.1	BCAR1P2	processed_pseudogene	0	0	0	0.0000	0.0000	0.0000
ENSG00000258772.1	AL355922.3	lncRNA	1	1	0	0.1891	0.0554	0.0533
ENSG00000258773.2	AC087636.1	lncRNA	0	0	0	0.0000	0.0000	0.0000
ENSG00000258774.1	NANOGP7	transcribed_processed_pseudogene	0	0	0	0.0000	0.0000	0.0000
ENSG00000258776.1	AL161757.4	lncRNA	1	0	1	0.0377	0.0111	0.0106
ENSG00000258777.1	HIF1A-AS1	lncRNA	0	222	215	0.0000	0.0000	0.0000
ENSG00000258778.2	EIF2S2P1	processed_pseudogene	1	0	1	0.0692	0.0203	0.0195
ENSG00000258779.8	LINC01568	lncRNA	0	0	0	0.0000	0.0000	0.0000
ENSG00000258780.1	BMS1P15	unprocessed_pseudogene	1	1	0	0.0744	0.0218	0.0210
ENSG00000258781.3	CDRT15P13	unprocessed_pseudogene	0	0	0	0.0000	0.0000	0.0000
ENSG00000258782.3	AL121694.1	lncRNA	0	0	0	0.0000	0.0000	0.0000
ENSG00000258783.1	KRT18P6	processed_pseudogene	0	0	0	0.0000	0.0000	0.0000
ENSG00000258784.1	AL355773.1	lncRNA	1	0	1	0.1850	0.0542	0.0522
ENSG00000258785.6	LINC01580	lncRNA	0	2	4	0.0000	0.0000	0.0000
ENSG00000258787.1	SEPHS1P2	processed_pseudogene	0	0	0	0.0000	0.0000	0.0000
ENSG00000258788.3	CKS1BP1	processed_pseudogene	1	1	0	0.3538	0.1036	0.0998
ENSG00000258789.1	AL162171.1	lncRNA	1	0	1	0.1183	0.0346	0.0334
ENSG00000258790.1	AL121594.1	protein_coding	1	1	0	0.0220	0.0064	0.0062
ENSG00000258791.9	LINC00520	lncRNA	8246	4128	4119	201.1068	58.9073	56.7234
ENSG00000258792.4	AL137230.1	lncRNA	0	0	0	0.0000	0.0000	0.0000
ENSG00000258793.1	AL355102.4	lncRNA	0	0	0	0.0000	0.0000	0.0000
ENSG00000258794.3	DUX4L27	processed_pseudogene	1	1	0	0.0673	0.0197	0.0190
ENSG00000258795.1	AL132719.1	lncRNA	0	0	0	0.0000	0.0000	0.0000
ENSG00000258796.1	AL133241.1	processed_pseudogene	0	0	0	0.0000	0.0000	0.0000
ENSG00000258797.2	AC023310.3	unprocessed_pseudogene	0	0	0	0.0000	0.0000	0.0000
ENSG00000258798.1	AL133153.2	lncRNA	0	0	0	0.0000	0.0000	0.0000
ENSG00000258799.1	ZNF519P2	processed_pseudogene	0	0	0	0.0000	0.0000	0.0000
ENSG00000258800.1	AL136038.2	lncRNA	0	105	89	0.0000	0.0000	0.0000
ENSG00000258802.1	AL139317.2	processed_pseudogene	0	2	0	0.0000	0.0000	0.0000
ENSG00000258803.1	AL355103.1	lncRNA	6	3	3	0.2289	0.0670	0.0646
ENSG00000258804.1	LINC01148	lncRNA	0	0	0	0.0000	0.0000	0.0000
ENSG00000258805.2	ADIPOR1P2	processed_pseudogene	0	1	0	0.0000	0.0000	0.0000
ENSG00000258806.2	OR11H7	polymorphic_pseudogene	0	0	0	0.0000	0.0000	0.0000
ENSG00000258807.5	AL359237.1	lncRNA	12	6	6	0.5523	0.1618	0.1558
ENSG00000258808.1	LINC02310	lncRNA	0	0	0	0.0000	0.0000	0.0000
ENSG00000258810.1	AL133371.2	lncRNA	1	1	0	0.2888	0.0846	0.0815
ENSG00000258811.1	AL583810.2	lncRNA	3	1	2	0.0783	0.0229	0.0221
ENSG00000258812.1	TRAV33	TR_V_pseudogene	0	0	0	0.0000	0.0000	0.0000
ENSG00000258813.2	AL442663.3	lncRNA	18	77	78	1.5286	0.4477	0.4311
ENSG00000258814.2	LINC02329	lncRNA	0	0	0	0.0000	0.0000	0.0000
ENSG00000258815.1	LINC02820	lncRNA	3	1	2	0.4909	0.1438	0.1385
ENSG00000258816.1	AC121758.3	unprocessed_pseudogene	0	0	0	0.0000	0.0000	0.0000
ENSG00000258817.1	OR4C13	protein_coding	0	0	0	0.0000	0.0000	0.0000
ENSG00000258818.4	RNASE4	protein_coding	7	3	4	0.2760	0.0808	0.0778
ENSG00000258819.2	LINC02289	lncRNA	28	16	18	0.6819	0.1997	0.1923
ENSG00000258820.5	AF111167.1	lncRNA	0	0	0	0.0000	0.0000	0.0000
ENSG00000258822.2	OR4K16P	transcribed_unprocessed_pseudogene	0	0	0	0.0000	0.0000	0.0000
ENSG00000258823.1	AL160314.3	transcribed_unprocessed_pseudogene	2	1	1	0.2214	0.0649	0.0625
ENSG00000258824.2	AL122035.1	lncRNA	12	115	108	1.8528	0.5427	0.5226
ENSG00000258826.6	LINC01147	lncRNA	0	0	0	0.0000	0.0000	0.0000
ENSG00000258827.2	AL079304.1	lncRNA	0	0	0	0.0000	0.0000	0.0000
ENSG00000258828.2	KRT8P2	processed_pseudogene	0	0	0	0.0000	0.0000	0.0000
ENSG00000258829.1	AC026888.1	lncRNA	0	0	0	0.0000	0.0000	0.0000
ENSG00000258830.1	AC137834.1	protein_coding	0	0	0	0.0000	0.0000	0.0000
ENSG00000258831.1	AC103996.2	lncRNA	0	0	0	0.0000	0.0000	0.0000
ENSG00000258834.4	DUX4L4	unprocessed_pseudogene	0	0	0	0.0000	0.0000	0.0000
ENSG00000258835.1	TRAV28	TR_V_pseudogene	0	0	0	0.0000	0.0000	0.0000
ENSG00000258836.2	AL121579.2	processed_pseudogene	0	0	0	0.0000	0.0000	0.0000
ENSG00000258837.1	AL133370.1	lncRNA	0	0	0	0.0000	0.0000	0.0000
ENSG00000258839.4	MC1R	protein_coding	281	278	294	5.0142	1.4687	1.4143
ENSG00000258841.1	EEF1A1P2	processed_pseudogene	2	1	1	0.1174	0.0344	0.0331
ENSG00000258842.1	AL390816.1	lncRNA	0	0	0	0.0000	0.0000	0.0000
ENSG00000258843.1	AL133485.2	lncRNA	0	65	60	0.0000	0.0000	0.0000
ENSG00000258844.2	AL162511.1	lncRNA	2	2	0	0.0743	0.0218	0.0210
ENSG00000258845.1	AL139354.1	lncRNA	0	0	0	0.0000	0.0000	0.0000
ENSG00000258846.1	EEF1A1P33	processed_pseudogene	3	1	2	0.1870	0.0548	0.0528
ENSG00000258847.1	AL391261.1	lncRNA	0	0	0	0.0000	0.0000	0.0000
ENSG00000258848.1	GRAMD4P6	processed_pseudogene	0	0	0	0.0000	0.0000	0.0000
ENSG00000258849.1	OR7E159P	unprocessed_pseudogene	0	0	0	0.0000	0.0000	0.0000
ENSG00000258850.1	AL450442.1	lncRNA	0	0	0	0.0000	0.0000	0.0000
ENSG00000258851.1	AL139300.2	lncRNA	0	0	2	0.0000	0.0000	0.0000
ENSG00000258853.1	AC021979.2	lncRNA	0	0	0	0.0000	0.0000	0.0000
ENSG00000258854.1	AL358333.1	lncRNA	0	0	0	0.0000	0.0000	0.0000
ENSG00000258855.1	OR11J2P	unprocessed_pseudogene	0	0	0	0.0000	0.0000	0.0000
ENSG00000258856.2	AL136520.1	transcribed_processed_pseudogene	0	0	0	0.0000	0.0000	0.0000
ENSG00000258857.1	AL359397.1	lncRNA	7	3	8	1.1865	0.3475	0.3347
ENSG00000258858.1	AL583722.3	lncRNA	2	1	1	0.2372	0.0695	0.0669
ENSG00000258859.1	LINC02296	lncRNA	0	0	0	0.0000	0.0000	0.0000
ENSG00000258860.1	AL133163.2	lncRNA	1	1	0	0.1361	0.0399	0.0384
ENSG00000258861.1	MIR381HG	lncRNA	0	0	0	0.0000	0.0000	0.0000
ENSG00000258863.1	SETP1	processed_pseudogene	0	0	0	0.0000	0.0000	0.0000
ENSG00000258864.1	AC008575.1	protein_coding	0	0	0	0.0000	0.0000	0.0000
ENSG00000258866.2	AL390254.1	lncRNA	0	0	0	0.0000	0.0000	0.0000
ENSG00000258867.6	LINC01146	lncRNA	12	7	5	0.1098	0.0322	0.0310
ENSG00000258868.1	AL110505.1	lncRNA	0	0	0	0.0000	0.0000	0.0000
ENSG00000258869.1	LINC02312	lncRNA	2	2	0	0.0547	0.0160	0.0154
ENSG00000258870.1	EIF4EBP1P1	processed_pseudogene	0	0	0	0.0000	0.0000	0.0000
ENSG00000258871.1	AC004828.1	lncRNA	0	0	0	0.0000	0.0000	0.0000
ENSG00000258872.2	FDPSP3	transcribed_processed_pseudogene	0	0	0	0.0000	0.0000	0.0000
ENSG00000258873.3	DUXA	protein_coding	0	0	0	0.0000	0.0000	0.0000
ENSG00000258874.1	AC009396.3	lncRNA	0	0	0	0.0000	0.0000	0.0000
ENSG00000258875.6	AL135818.1	lncRNA	22	25	32	0.8956	0.2623	0.2526
ENSG00000258876.1	TGFB3-AS1	lncRNA	0	38	23	0.0000	0.0000	0.0000
ENSG00000258877.2	ATP5F1AP4	processed_pseudogene	0	0	0	0.0000	0.0000	0.0000
ENSG00000258878.1	AL355076.3	processed_pseudogene	0	0	0	0.0000	0.0000	0.0000
ENSG00000258881.6	AC007040.2	protein_coding	14	8	7	0.2671	0.0782	0.0753
ENSG00000258883.1	NBEAP4	unprocessed_pseudogene	0	0	0	0.0000	0.0000	0.0000
ENSG00000258884.2	LINC02321	lncRNA	75	35	40	2.7703	0.8115	0.7814
ENSG00000258885.1	AL450267.1	lncRNA	0	0	0	0.0000	0.0000	0.0000
ENSG00000258886.2	HIGD1AP17	processed_pseudogene	0	0	0	0.0000	0.0000	0.0000
ENSG00000258887.3	AL160237.2	unprocessed_pseudogene	0	0	0	0.0000	0.0000	0.0000
ENSG00000258888.1	AC112693.1	lncRNA	0	0	0	0.0000	0.0000	0.0000
ENSG00000258890.7	CEP95	protein_coding	489	285	244	5.3437	1.5653	1.5072
ENSG00000258891.1	AC005480.1	lncRNA	0	132	150	0.0000	0.0000	0.0000
ENSG00000258892.1	AL160236.2	lncRNA	0	0	0	0.0000	0.0000	0.0000
ENSG00000258893.1	SETP2	processed_pseudogene	1	1	0	0.0917	0.0269	0.0259
ENSG00000258894.1	ARHGAP16P	processed_pseudogene	0	0	0	0.0000	0.0000	0.0000
ENSG00000258895.1	AC104390.1	processed_pseudogene	0	0	0	0.0000	0.0000	0.0000
ENSG00000258896.1	SCOCP1	processed_pseudogene	1	0	1	0.2433	0.0713	0.0686
ENSG00000258897.1	EGLN3-AS1	lncRNA	0	0	0	0.0000	0.0000	0.0000
ENSG00000258899.1	OR4U1P	unprocessed_pseudogene	0	0	0	0.0000	0.0000	0.0000
ENSG00000258900.1	HNRNPCP1	processed_pseudogene	0	0	0	0.0000	0.0000	0.0000
ENSG00000258901.2	AL121821.3	processed_pseudogene	0	0	0	0.0000	0.0000	0.0000
ENSG00000258902.1	AL049775.2	lncRNA	1	1	0	0.1522	0.0446	0.0429
ENSG00000258903.2	AL390816.2	lncRNA	0	0	0	0.0000	0.0000	0.0000
ENSG00000258904.1	AL157871.5	lncRNA	0	0	0	0.0000	0.0000	0.0000
ENSG00000258905.1	TRAV32	TR_V_pseudogene	0	0	0	0.0000	0.0000	0.0000
ENSG00000258906.2	AL157687.1	processed_pseudogene	0	0	0	0.0000	0.0000	0.0000
ENSG00000258907.2	PSMB3P1	processed_pseudogene	2	1	1	0.2780	0.0814	0.0784
ENSG00000258908.1	AL355075.3	lncRNA	0	499	439	0.0000	0.0000	0.0000
ENSG00000258909.1	AC091078.2	lncRNA	0	0	0	0.0000	0.0000	0.0000
ENSG00000258910.3	LINC01956	lncRNA	3	2	1	0.2295	0.0672	0.0647
ENSG00000258912.2	LINC02316	lncRNA	2	1	1	0.0412	0.0121	0.0116
ENSG00000258913.2	LINC02691	lncRNA	62	28	35	2.2414	0.6565	0.6322
ENSG00000258915.1	BHLHB9P1	processed_pseudogene	0	0	0	0.0000	0.0000	0.0000
ENSG00000258916.2	SPATA31E2P	unprocessed_pseudogene	0	0	0	0.0000	0.0000	0.0000
ENSG00000258917.1	ZMYND19P1	processed_pseudogene	1	1	0	0.1079	0.0316	0.0304
ENSG00000258918.1	AL355922.4	lncRNA	1	1	0	0.2419	0.0709	0.0682
ENSG00000258919.1	AL049836.1	lncRNA	13	6	7	2.0482	0.5999	0.5777
ENSG00000258920.1	FOXN3-AS1	lncRNA	55	35	20	4.3367	1.2703	1.2232
ENSG00000258921.1	AC009779.4	lncRNA	0	0	0	0.0000	0.0000	0.0000
ENSG00000258922.1	AC106028.2	lncRNA	1	1	0	0.1830	0.0536	0.0516
ENSG00000258923.2	MTND5P35	processed_pseudogene	0	0	0	0.0000	0.0000	0.0000
ENSG00000258924.4	AC002094.1	lncRNA	0	0	0	0.0000	0.0000	0.0000
ENSG00000258925.2	NPM1P5	processed_pseudogene	5	2	3	0.5067	0.1484	0.1429
ENSG00000258926.2	AL355916.2	lncRNA	13	6	9	0.2756	0.0807	0.0777
ENSG00000258927.2	AL133467.2	lncRNA	0	0	0	0.0000	0.0000	0.0000
ENSG00000258928.1	AL358333.2	lncRNA	1	1	0	0.1605	0.0470	0.0453
ENSG00000258930.1	AC005230.1	transcribed_processed_pseudogene	1	0	1	0.2980	0.0873	0.0840
ENSG00000258931.1	AC100836.1	lncRNA	0	0	0	0.0000	0.0000	0.0000
ENSG00000258932.5	AL390334.1	transcribed_processed_pseudogene	0	0	0	0.0000	0.0000	0.0000
ENSG00000258933.1	LINC02279	lncRNA	0	0	0	0.0000	0.0000	0.0000
ENSG00000258934.1	YWHAQP1	processed_pseudogene	0	0	0	0.0000	0.0000	0.0000
ENSG00000258935.1	AL096869.1	lncRNA	0	0	0	0.0000	0.0000	0.0000
ENSG00000258938.1	AL162311.3	lncRNA	13	17	31	0.3851	0.1128	0.1086
ENSG00000258940.2	AL132639.2	lncRNA	18	41	35	1.1248	0.3295	0.3172
ENSG00000258942.1	AL358332.1	lncRNA	3	1	2	0.3134	0.0918	0.0884
ENSG00000258943.1	AL049871.1	lncRNA	2	1	1	0.1930	0.0565	0.0544
ENSG00000258944.1	AC004846.2	lncRNA	4	56	60	0.4372	0.1281	0.1233
ENSG00000258945.1	AL049775.3	lncRNA	0	1	1	0.0000	0.0000	0.0000
ENSG00000258947.7	TUBB3	protein_coding	47	24	23	0.9010	0.2639	0.2541
ENSG00000258948.2	KRT8P1	processed_pseudogene	0	0	0	0.0000	0.0000	0.0000
ENSG00000258949.1	AL049870.3	lncRNA	1	1	0	0.2359	0.0691	0.0665
ENSG00000258951.1	KRT18P7	processed_pseudogene	5	4	1	0.3483	0.1020	0.0982
ENSG00000258952.2	SALRNA1	lncRNA	0	0	0	0.0000	0.0000	0.0000
ENSG00000258954.1	AC107958.3	lncRNA	0	0	0	0.0000	0.0000	0.0000
ENSG00000258955.2	LINC00519	lncRNA	78	39	39	6.2021	1.8167	1.7493
ENSG00000258956.2	COX4I1P1	processed_pseudogene	1	1	0	0.1668	0.0489	0.0471
ENSG00000258957.2	AL359317.2	lncRNA	14	10	11	0.5023	0.1471	0.1417
ENSG00000258958.1	AL157688.1	lncRNA	0	0	0	0.0000	0.0000	0.0000
ENSG00000258959.2	AL118558.1	transcribed_unitary_pseudogene	0	4892	4860	0.0000	0.0000	0.0000
ENSG00000258960.1	FTH1P13	processed_pseudogene	7	2	5	1.1432	0.3348	0.3224
ENSG00000258962.2	AL121839.1	processed_pseudogene	0	0	0	0.0000	0.0000	0.0000
ENSG00000258963.1	EDDM3DP	unprocessed_pseudogene	0	0	0	0.0000	0.0000	0.0000
ENSG00000258964.1	AL137129.1	lncRNA	0	0	0	0.0000	0.0000	0.0000
ENSG00000258965.2	AC044913.2	processed_pseudogene	0	0	0	0.0000	0.0000	0.0000
ENSG00000258966.1	GTF3AP2	transcribed_processed_pseudogene	0	0	0	0.0000	0.0000	0.0000
ENSG00000258967.1	HMGN1P3	processed_pseudogene	0	0	0	0.0000	0.0000	0.0000
ENSG00000258968.2	AL049830.4	processed_pseudogene	0	0	0	0.0000	0.0000	0.0000
ENSG00000258969.2	LINC02307	lncRNA	0	0	0	0.0000	0.0000	0.0000
ENSG00000258970.1	AC104002.1	lncRNA	0	0	0	0.0000	0.0000	0.0000
ENSG00000258971.1	AC112693.2	processed_pseudogene	0	0	0	0.0000	0.0000	0.0000
ENSG00000258972.1	NDUFB8P1	processed_pseudogene	0	0	0	0.0000	0.0000	0.0000
ENSG00000258973.1	AL096870.1	lncRNA	0	0	0	0.0000	0.0000	0.0000
ENSG00000258975.1	AL133279.2	lncRNA	0	0	0	0.0000	0.0000	0.0000
ENSG00000258976.1	AC013451.2	lncRNA	0	0	0	0.0000	0.0000	0.0000
ENSG00000258977.2	LINC01467	lncRNA	0	0	0	0.0000	0.0000	0.0000
ENSG00000258978.1	HIF1AP1	processed_pseudogene	0	0	0	0.0000	0.0000	0.0000
ENSG00000258979.3	LINC02299	lncRNA	0	0	0	0.0000	0.0000	0.0000
ENSG00000258980.1	EIF1AXP2	processed_pseudogene	0	0	0	0.0000	0.0000	0.0000
ENSG00000258981.1	COX5AP2	processed_pseudogene	0	0	0	0.0000	0.0000	0.0000
ENSG00000258982.1	AL133523.1	lncRNA	1	0	1	0.2566	0.0751	0.0724
ENSG00000258983.2	AL162171.2	lncRNA	2	10	14	0.1877	0.0550	0.0529
ENSG00000258984.5	UBE2F-SCLY	protein_coding	5	3	2	0.1329	0.0389	0.0375
ENSG00000258985.1	AL352979.2	lncRNA	0	9	5	0.0000	0.0000	0.0000
ENSG00000258986.7	TMEM179	protein_coding	46	22	24	0.7293	0.2136	0.2057
ENSG00000258987.2	AL132642.1	lncRNA	4	5	9	0.4068	0.1192	0.1147
ENSG00000258988.1	SF3B4P1	processed_pseudogene	4	1	3	0.2683	0.0786	0.0757
ENSG00000258989.1	AL355916.3	protein_coding	0	0	0	0.0000	0.0000	0.0000
ENSG00000258990.2	MPPE1P1	processed_pseudogene	0	0	0	0.0000	0.0000	0.0000
ENSG00000258991.1	DUX4L19	unprocessed_pseudogene	0	0	0	0.0000	0.0000	0.0000
ENSG00000258992.7	TSPY1	protein_coding	0	0	0	0.0000	0.0000	0.0000
ENSG00000258993.1	AL352979.3	processed_pseudogene	0	0	0	0.0000	0.0000	0.0000
ENSG00000258994.1	LINC02309	lncRNA	0	0	0	0.0000	0.0000	0.0000
ENSG00000258995.1	PARP1P2	processed_pseudogene	0	0	2	0.0000	0.0000	0.0000
ENSG00000258996.2	PPIAP5	processed_pseudogene	0	0	0	0.0000	0.0000	0.0000
ENSG00000258997.2	NF1P2	unprocessed_pseudogene	0	0	0	0.0000	0.0000	0.0000
ENSG00000258998.2	LINC02302	lncRNA	0	0	0	0.0000	0.0000	0.0000
ENSG00000259000.1	DOCK11P1	processed_pseudogene	0	0	0	0.0000	0.0000	0.0000
ENSG00000259001.3	AL355075.4	lncRNA	0	10	15	0.0000	0.0000	0.0000
ENSG00000259002.2	AL445363.1	lncRNA	0	0	0	0.0000	0.0000	0.0000
ENSG00000259003.1	AC243965.1	lncRNA	0	6	3	0.0000	0.0000	0.0000
ENSG00000259004.2	LINC02285	lncRNA	2	2	2	0.1765	0.0517	0.0498
ENSG00000259005.1	AC005479.1	lncRNA	10	6	4	1.4418	0.4223	0.4067
ENSG00000259006.1	AC092143.2	lncRNA	0	994	998	0.0000	0.0000	0.0000
ENSG00000259007.1	AL358333.3	lncRNA	0	702	710	0.0000	0.0000	0.0000
ENSG00000259008.1	AL355834.1	lncRNA	0	0	0	0.0000	0.0000	0.0000
ENSG00000259009.4	TPRX2P	unprocessed_pseudogene	0	0	0	0.0000	0.0000	0.0000
ENSG00000259010.1	NUP50P1	processed_pseudogene	3	1	2	0.1817	0.0532	0.0513
ENSG00000259011.1	AC016266.1	lncRNA	0	0	0	0.0000	0.0000	0.0000
ENSG00000259012.2	MTCYBP27	processed_pseudogene	0	0	0	0.0000	0.0000	0.0000
ENSG00000259013.2	AL118558.2	processed_pseudogene	0	0	0	0.0000	0.0000	0.0000
ENSG00000259015.1	AL442663.4	processed_pseudogene	6	2	4	1.7631	0.5164	0.4973
ENSG00000259016.1	AL391156.1	processed_pseudogene	0	0	0	0.0000	0.0000	0.0000
ENSG00000259017.1	AL133163.3	lncRNA	0	0	0	0.0000	0.0000	0.0000
ENSG00000259018.1	AL049829.2	lncRNA	0	6	9	0.0000	0.0000	0.0000
ENSG00000259019.1	EIF4BP1	transcribed_processed_pseudogene	0	0	0	0.0000	0.0000	0.0000
ENSG00000259020.3	AL049872.1	processed_pseudogene	14	11	4	3.6922	1.0815	1.0414
ENSG00000259021.2	TPRX1P1	processed_pseudogene	0	0	0	0.0000	0.0000	0.0000
ENSG00000259022.2	DNAJC8P1	processed_pseudogene	2	2	0	0.4566	0.1337	0.1288
ENSG00000259023.3	LINC00524	lncRNA	0	0	0	0.0000	0.0000	0.0000
ENSG00000259024.6	TVP23C-CDRT4	protein_coding	0	0	0	0.0000	0.0000	0.0000
ENSG00000259025.1	AC037471.1	processed_pseudogene	0	0	0	0.0000	0.0000	0.0000
ENSG00000259026.1	AL049833.2	lncRNA	0	0	0	0.0000	0.0000	0.0000
ENSG00000259028.1	AL135746.1	lncRNA	5	1	4	0.7762	0.2274	0.2189
ENSG00000259029.1	DUX4L18	unprocessed_pseudogene	0	0	0	0.0000	0.0000	0.0000
ENSG00000259030.7	FPGT-TNNI3K	protein_coding	52	24	28	0.4462	0.1307	0.1259
ENSG00000259031.1	AL845552.2	lncRNA	0	2	2	0.0000	0.0000	0.0000
ENSG00000259032.2	ENSAP2	processed_pseudogene	6	2	4	1.4475	0.4240	0.4083
ENSG00000259033.2	AL356804.1	lncRNA	1	354	363	0.0373	0.0109	0.0105
ENSG00000259035.2	AL355838.1	lncRNA	0	0	0	0.0000	0.0000	0.0000
ENSG00000259036.1	AL355102.5	lncRNA	0	0	0	0.0000	0.0000	0.0000
ENSG00000259037.1	BX927359.1	lncRNA	0	0	0	0.0000	0.0000	0.0000
ENSG00000259038.1	AL121820.2	lncRNA	66	34	32	20.0887	5.8843	5.6661
ENSG00000259039.3	AL161804.1	lncRNA	0	0	0	0.0000	0.0000	0.0000
ENSG00000259040.5	BLOC1S5-TXNDC5	protein_coding	0	0	0	0.0000	0.0000	0.0000
ENSG00000259041.1	AC015722.1	lncRNA	0	0	0	0.0000	0.0000	0.0000
ENSG00000259042.3	AC244502.3	lncRNA	0	0	1	0.0000	0.0000	0.0000
ENSG00000259043.1	BRD7P1	processed_pseudogene	0	0	0	0.0000	0.0000	0.0000
ENSG00000259044.1	AL357172.1	lncRNA	0	0	0	0.0000	0.0000	0.0000
ENSG00000259045.1	MTCO1P2	unprocessed_pseudogene	18	8	10	2.1743	0.6369	0.6133
ENSG00000259046.1	RRAGAP1	processed_pseudogene	0	0	0	0.0000	0.0000	0.0000
ENSG00000259047.1	AL163153.1	processed_pseudogene	0	0	0	0.0000	0.0000	0.0000
ENSG00000259048.1	AL392023.2	lncRNA	0	0	0	0.0000	0.0000	0.0000
ENSG00000259049.1	AL139317.3	lncRNA	0	612	568	0.0000	0.0000	0.0000
ENSG00000259050.2	CHORDC2P	processed_pseudogene	0	0	0	0.0000	0.0000	0.0000
ENSG00000259051.1	HNRNPUP1	processed_pseudogene	7	4	3	1.7851	0.5229	0.5035
ENSG00000259052.1	AL157871.6	lncRNA	0	42	47	0.0000	0.0000	0.0000
ENSG00000259053.1	AL137230.2	lncRNA	0	0	0	0.0000	0.0000	0.0000
ENSG00000259054.1	LINC02332	lncRNA	1	4	6	0.2200	0.0644	0.0621
ENSG00000259055.1	AL591770.1	lncRNA	2	1	1	0.1502	0.0440	0.0424
ENSG00000259056.1	DUXAP1	transcribed_unprocessed_pseudogene	0	0	0	0.0000	0.0000	0.0000
ENSG00000259057.1	THRAP3P2	processed_pseudogene	0	0	0	0.0000	0.0000	0.0000
ENSG00000259058.1	AF111169.2	lncRNA	0	0	0	0.0000	0.0000	0.0000
ENSG00000259059.1	PEBP1P1	processed_pseudogene	0	0	0	0.0000	0.0000	0.0000
ENSG00000259060.7	AL163195.3	protein_coding	0	0	0	0.0000	0.0000	0.0000
ENSG00000259061.1	AL358292.1	lncRNA	0	0	0	0.0000	0.0000	0.0000
ENSG00000259062.2	ACTN1-AS1	lncRNA	8	4	4	0.7258	0.2126	0.2047
ENSG00000259064.2	AC091544.3	processed_pseudogene	4	6	1	0.9932	0.2909	0.2801
ENSG00000259065.2	AC005520.2	lncRNA	131	61	70	5.1077	1.4961	1.4407
ENSG00000259066.5	AL110118.1	protein_coding	2	1	1	0.1846	0.0541	0.0521
ENSG00000259067.1	AL583810.3	lncRNA	0	0	0	0.0000	0.0000	0.0000
ENSG00000259068.1	TRAV37	TR_V_pseudogene	0	0	0	0.0000	0.0000	0.0000
ENSG00000259069.1	AL512310.9	lncRNA	0	0	0	0.0000	0.0000	0.0000
ENSG00000259070.7	LINC00639	lncRNA	8	9	6	0.0719	0.0211	0.0203
ENSG00000259071.1	AL359397.2	lncRNA	0	95	89	0.0000	0.0000	0.0000
ENSG00000259072.2	AL355835.1	lncRNA	0	0	0	0.0000	0.0000	0.0000
ENSG00000259073.1	FOXN3-AS2	lncRNA	0	0	0	0.0000	0.0000	0.0000
ENSG00000259074.1	PSMB7P1	processed_pseudogene	0	0	0	0.0000	0.0000	0.0000
ENSG00000259075.6	POC1B-GALNT4	protein_coding	0	0	0	0.0000	0.0000	0.0000
ENSG00000259076.1	AL049869.1	lncRNA	0	0	1	0.0000	0.0000	0.0000
ENSG00000259077.1	AL136501.1	lncRNA	0	0	0	0.0000	0.0000	0.0000
ENSG00000259078.2	PTBP1P	processed_pseudogene	4	0	4	0.2122	0.0621	0.0598
ENSG00000259079.1	AC005476.1	processed_pseudogene	2	1	1	0.4278	0.1253	0.1207
ENSG00000259080.1	AC074091.2	lncRNA	0	0	0	0.0000	0.0000	0.0000
ENSG00000259081.1	AF111169.3	lncRNA	0	41	53	0.0000	0.0000	0.0000
ENSG00000259082.1	LINC02314	lncRNA	0	0	0	0.0000	0.0000	0.0000
ENSG00000259083.1	AL132639.3	lncRNA	2	29	8	0.3205	0.0939	0.0904
ENSG00000259084.6	AL133467.3	lncRNA	0	0	0	0.0000	0.0000	0.0000
ENSG00000259086.3	KIAA1143P1	processed_pseudogene	1	1	0	0.1908	0.0559	0.0538
ENSG00000259087.5	AL121790.2	lncRNA	0	0	0	0.0000	0.0000	0.0000
ENSG00000259088.1	AL137779.2	lncRNA	8	5	3	1.5164	0.4442	0.4277
ENSG00000259089.2	GRAMD4P5	unprocessed_pseudogene	0	0	0	0.0000	0.0000	0.0000
ENSG00000259090.1	SEPTIN7P1	processed_pseudogene	0	0	0	0.0000	0.0000	0.0000
ENSG00000259091.1	LINC00517	lncRNA	0	0	0	0.0000	0.0000	0.0000
ENSG00000259092.1	TRAV30	TR_V_gene	0	1	0	0.0000	0.0000	0.0000
ENSG00000259093.2	AL137191.1	lncRNA	0	2	0	0.0000	0.0000	0.0000
ENSG00000259094.1	AC013457.1	lncRNA	0	0	0	0.0000	0.0000	0.0000
ENSG00000259095.1	GTF2IP22	processed_pseudogene	0	0	0	0.0000	0.0000	0.0000
ENSG00000259096.1	SHLD2P2	processed_pseudogene	0	0	0	0.0000	0.0000	0.0000
ENSG00000259097.2	AL163932.1	lncRNA	0	0	0	0.0000	0.0000	0.0000
ENSG00000259098.1	AC025884.2	processed_pseudogene	0	0	0	0.0000	0.0000	0.0000
ENSG00000259099.2	AC025574.1	processed_pseudogene	0	0	0	0.0000	0.0000	0.0000
ENSG00000259100.1	COILP1	processed_pseudogene	0	1	1	0.0000	0.0000	0.0000
ENSG00000259102.2	SMARCE1P3	processed_pseudogene	2	1	1	0.1380	0.0404	0.0389
ENSG00000259103.2	AF107885.2	lncRNA	0	0	0	0.0000	0.0000	0.0000
ENSG00000259104.2	PTCSC3	lncRNA	0	0	0	0.0000	0.0000	0.0000
ENSG00000259105.1	RPS3AP4	processed_pseudogene	2	0	2	0.2223	0.0651	0.0627
ENSG00000259106.1	AC008056.2	lncRNA	2	1	1	0.3082	0.0903	0.0869
ENSG00000259107.2	LINC00911	lncRNA	0	0	0	0.0000	0.0000	0.0000
ENSG00000259108.3	LINC01595	lncRNA	0	0	0	0.0000	0.0000	0.0000
ENSG00000259109.1	AC004858.1	processed_pseudogene	0	0	0	0.0000	0.0000	0.0000
ENSG00000259110.1	LINC02304	lncRNA	0	0	0	0.0000	0.0000	0.0000
ENSG00000259111.1	AL079307.2	lncRNA	0	0	0	0.0000	0.0000	0.0000
ENSG00000259112.2	NDUFC2-KCTD14	protein_coding	0	0	0	0.0000	0.0000	0.0000
ENSG00000259113.1	AL118556.1	lncRNA	2	52	57	0.3383	0.0991	0.0954
ENSG00000259115.1	AL357153.3	lncRNA	0	0	0	0.0000	0.0000	0.0000
ENSG00000259116.2	AL049869.2	lncRNA	2	8	9	0.1376	0.0403	0.0388
ENSG00000259117.1	AL121576.1	processed_pseudogene	0	0	0	0.0000	0.0000	0.0000
ENSG00000259118.5	AL139022.1	lncRNA	3	217	213	0.1850	0.0542	0.0522
ENSG00000259119.1	AL132796.2	lncRNA	1	1	0	0.0459	0.0134	0.0129
ENSG00000259120.3	SMIM6	protein_coding	0	0	0	0.0000	0.0000	0.0000
ENSG00000259121.2	AL109628.1	processed_pseudogene	1	1	0	0.4225	0.1238	0.1192
ENSG00000259122.2	TVP23BP1	unprocessed_pseudogene	0	0	0	0.0000	0.0000	0.0000
ENSG00000259123.1	AC103996.3	lncRNA	0	0	0	0.0000	0.0000	0.0000
ENSG00000259124.1	AC008050.1	lncRNA	9	4	5	1.2093	0.3542	0.3411
ENSG00000259125.1	LRP1-AS	lncRNA	3	93	81	0.2898	0.0849	0.0817
ENSG00000259126.1	AL161752.1	lncRNA	0	0	0	0.0000	0.0000	0.0000
ENSG00000259129.6	LINC00648	lncRNA	1	0	1	0.0261	0.0076	0.0074
ENSG00000259130.2	AL133371.3	lncRNA	16	9	7	1.3230	0.3875	0.3732
ENSG00000259132.1	AL132780.3	protein_coding	0	0	0	0.0000	0.0000	0.0000
ENSG00000259133.5	AL161757.5	lncRNA	0	79	74	0.0000	0.0000	0.0000
ENSG00000259134.7	LINC00924	lncRNA	19	7	12	0.3923	0.1149	0.1106
ENSG00000259135.1	AL445363.2	lncRNA	0	0	0	0.0000	0.0000	0.0000
ENSG00000259136.1	AL137100.2	processed_pseudogene	0	0	0	0.0000	0.0000	0.0000
ENSG00000259137.1	AL109766.1	processed_pseudogene	6	3	3	0.9230	0.2704	0.2604
ENSG00000259138.1	AL049780.2	lncRNA	2	5	0	0.4628	0.1356	0.1305
ENSG00000259140.2	AL049839.1	processed_pseudogene	0	0	0	0.0000	0.0000	0.0000
ENSG00000259142.1	LINC00644	lncRNA	0	0	0	0.0000	0.0000	0.0000
ENSG00000259143.1	AL356017.1	lncRNA	0	0	0	0.0000	0.0000	0.0000
ENSG00000259144.2	RANBP20P	processed_pseudogene	3	2	1	0.1211	0.0355	0.0342
ENSG00000259146.4	AC005476.2	lncRNA	3	3	0	0.2200	0.0644	0.0621
ENSG00000259148.1	YWHAZP1	processed_pseudogene	0	0	0	0.0000	0.0000	0.0000
ENSG00000259149.1	AL445074.1	lncRNA	0	0	0	0.0000	0.0000	0.0000
ENSG00000259150.6	LINC00929	lncRNA	0	0	0	0.0000	0.0000	0.0000
ENSG00000259151.2	CAP2P1	transcribed_processed_pseudogene	0	0	0	0.0000	0.0000	0.0000
ENSG00000259152.1	AC104002.2	lncRNA	0	0	0	0.0000	0.0000	0.0000
ENSG00000259153.2	AC004816.1	lncRNA	5	2	3	0.2471	0.0724	0.0697
ENSG00000259154.1	DUX4L17	unprocessed_pseudogene	0	0	0	0.0000	0.0000	0.0000
ENSG00000259155.2	STK16P1	processed_pseudogene	1	0	1	0.1618	0.0474	0.0456
ENSG00000259156.7	CHEK2P2	transcribed_unprocessed_pseudogene	0	0	0	0.0000	0.0000	0.0000
ENSG00000259157.1	AL079307.3	unprocessed_pseudogene	0	0	0	0.0000	0.0000	0.0000
ENSG00000259158.4	ADAM20P1	transcribed_unprocessed_pseudogene	5	3	2	0.1137	0.0333	0.0321
ENSG00000259160.1	AL049869.3	processed_pseudogene	0	0	0	0.0000	0.0000	0.0000
ENSG00000259161.2	NPM1P20	processed_pseudogene	0	0	0	0.0000	0.0000	0.0000
ENSG00000259162.1	AL355075.5	transcribed_unprocessed_pseudogene	11	7	7	0.9417	0.2758	0.2656
ENSG00000259163.2	AL096869.2	lncRNA	2	69	75	0.1042	0.0305	0.0294
ENSG00000259164.1	AC007375.2	protein_coding	0	0	0	0.0000	0.0000	0.0000
ENSG00000259165.1	DDX18P1	processed_pseudogene	3	2	1	0.1279	0.0375	0.0361
ENSG00000259166.1	AL049836.2	lncRNA	0	0	0	0.0000	0.0000	0.0000
ENSG00000259167.2	NMNAT1P1	processed_pseudogene	0	0	0	0.0000	0.0000	0.0000
ENSG00000259168.1	AC104002.3	lncRNA	0	0	0	0.0000	0.0000	0.0000
ENSG00000259169.1	GNRHR2P1	unprocessed_pseudogene	3	3	0	0.4037	0.1183	0.1139
ENSG00000259170.1	AC090985.2	lncRNA	1	1	0	0.1769	0.0518	0.0499
ENSG00000259171.1	AL163636.1	protein_coding	0	0	0	0.0000	0.0000	0.0000
ENSG00000259172.1	AC023024.1	lncRNA	4	1270	1275	0.1312	0.0384	0.0370
ENSG00000259173.2	AC090515.3	processed_pseudogene	0	0	0	0.0000	0.0000	0.0000
ENSG00000259175.1	AC108451.1	lncRNA	0	120	104	0.0000	0.0000	0.0000
ENSG00000259177.1	AC018946.1	lncRNA	0	0	0	0.0000	0.0000	0.0000
ENSG00000259178.1	AC023906.2	lncRNA	0	0	0	0.0000	0.0000	0.0000
ENSG00000259179.1	UBE2CP4	processed_pseudogene	0	0	0	0.0000	0.0000	0.0000
ENSG00000259180.1	AC012378.1	lncRNA	0	8	6	0.0000	0.0000	0.0000
ENSG00000259181.1	AC114546.1	lncRNA	0	0	0	0.0000	0.0000	0.0000
ENSG00000259182.5	AC019254.1	lncRNA	6	1	5	0.6687	0.1959	0.1886
ENSG00000259183.1	MED28P6	processed_pseudogene	0	0	0	0.0000	0.0000	0.0000
ENSG00000259185.1	AC090971.1	lncRNA	0	232	224	0.0000	0.0000	0.0000
ENSG00000259186.1	MRPS15P1	processed_pseudogene	0	0	0	0.0000	0.0000	0.0000
ENSG00000259187.1	AC122108.1	lncRNA	0	6	13	0.0000	0.0000	0.0000
ENSG00000259188.6	AC025040.1	lncRNA	0	0	0	0.0000	0.0000	0.0000
ENSG00000259191.2	AC027237.1	processed_pseudogene	0	0	0	0.0000	0.0000	0.0000
ENSG00000259192.1	AC109631.1	processed_pseudogene	1	1	0	0.1087	0.0318	0.0307
ENSG00000259194.1	AC020891.1	lncRNA	0	0	0	0.0000	0.0000	0.0000
ENSG00000259195.1	AC021739.1	processed_pseudogene	0	0	0	0.0000	0.0000	0.0000
ENSG00000259196.1	HMBOX1-IT1	lncRNA	0	0	0	0.0000	0.0000	0.0000
ENSG00000259198.1	AC020658.2	lncRNA	1	5	1	0.0211	0.0062	0.0060
ENSG00000259199.2	AC022523.1	lncRNA	0	0	0	0.0000	0.0000	0.0000
ENSG00000259200.2	AC068722.1	lncRNA	0	0	0	0.0000	0.0000	0.0000
ENSG00000259201.1	AC090971.2	lncRNA	0	80	101	0.0000	0.0000	0.0000
ENSG00000259202.1	AC012568.1	lncRNA	0	0	0	0.0000	0.0000	0.0000
ENSG00000259203.2	AC016044.1	lncRNA	0	0	0	0.0000	0.0000	0.0000
ENSG00000259204.1	AC073964.1	lncRNA	0	0	0	0.0000	0.0000	0.0000
ENSG00000259205.2	PRKXP1	processed_pseudogene	4	3	3	0.3027	0.0887	0.0854
ENSG00000259207.9	ITGB3	protein_coding	16336	8118	8218	218.8108	64.0931	61.7169
ENSG00000259208.2	AC023968.1	processed_pseudogene	0	0	0	0.0000	0.0000	0.0000
ENSG00000259209.3	AC004943.1	lncRNA	2	1	1	0.1001	0.0293	0.0282
ENSG00000259211.1	AC013356.2	lncRNA	1	260	273	0.1165	0.0341	0.0329
ENSG00000259212.1	AC103739.1	lncRNA	1	1	0	0.1792	0.0525	0.0505
ENSG00000259213.1	AC105133.1	lncRNA	0	0	0	0.0000	0.0000	0.0000
ENSG00000259214.1	AC012414.1	processed_pseudogene	0	0	0	0.0000	0.0000	0.0000
ENSG00000259215.1	AC027237.2	lncRNA	1	0	1	0.2172	0.0636	0.0613
ENSG00000259216.2	AC084757.1	processed_pseudogene	1	0	1	0.1733	0.0508	0.0489
ENSG00000259217.2	AC068867.1	unprocessed_pseudogene	0	0	0	0.0000	0.0000	0.0000
ENSG00000259218.6	LINC00928	lncRNA	0	0	1	0.0000	0.0000	0.0000
ENSG00000259219.1	AC084855.2	lncRNA	1	0	1	0.0355	0.0104	0.0100
ENSG00000259221.5	AC023905.1	lncRNA	5	1	4	0.2867	0.0840	0.0809
ENSG00000259222.2	AC027088.2	lncRNA	1	0	1	0.0927	0.0272	0.0261
ENSG00000259223.2	AC009654.1	lncRNA	0	0	0	0.0000	0.0000	0.0000
ENSG00000259224.2	SLC35G6	protein_coding	3	2	1	0.1501	0.0440	0.0423
ENSG00000259225.7	LINC02345	lncRNA	18	15	3	0.5689	0.1666	0.1605
ENSG00000259227.2	AC087699.1	processed_pseudogene	0	0	0	0.0000	0.0000	0.0000
ENSG00000259228.1	HNRNPA1P62	processed_pseudogene	0	0	0	0.0000	0.0000	0.0000
ENSG00000259229.2	AC026826.2	processed_pseudogene	0	0	0	0.0000	0.0000	0.0000
ENSG00000259230.1	LINC02323	lncRNA	0	0	0	0.0000	0.0000	0.0000
ENSG00000259231.2	AC090888.1	processed_pseudogene	0	0	0	0.0000	0.0000	0.0000
ENSG00000259232.2	AC105129.1	processed_pseudogene	0	0	0	0.0000	0.0000	0.0000
ENSG00000259234.6	ANKRD34C-AS1	lncRNA	1	4	5	0.0079	0.0023	0.0022
ENSG00000259235.2	AC066612.1	lncRNA	0	0	0	0.0000	0.0000	0.0000
ENSG00000259236.1	GOLGA8VP	unprocessed_pseudogene	43	33	22	2.0309	0.5949	0.5728
ENSG00000259237.1	LINC02490	lncRNA	0	0	0	0.0000	0.0000	0.0000
ENSG00000259238.1	AC092755.2	lncRNA	0	66	55	0.0000	0.0000	0.0000
ENSG00000259239.1	AC021755.1	processed_pseudogene	0	0	0	0.0000	0.0000	0.0000
ENSG00000259240.1	MIR4713HG	lncRNA	0	0	0	0.0000	0.0000	0.0000
ENSG00000259241.1	AC020892.1	lncRNA	0	0	0	0.0000	0.0000	0.0000
ENSG00000259242.2	AC002306.1	lncRNA	0	0	0	0.0000	0.0000	0.0000
ENSG00000259244.1	AC048382.2	lncRNA	0	0	0	0.0000	0.0000	0.0000
ENSG00000259245.2	LINC02853	lncRNA	0	0	0	0.0000	0.0000	0.0000
ENSG00000259246.4	HMGN2P47	processed_pseudogene	0	0	0	0.0000	0.0000	0.0000
ENSG00000259247.1	TTTY25P	unprocessed_pseudogene	0	0	0	0.0000	0.0000	0.0000
ENSG00000259248.7	USP3-AS1	lncRNA	18	222	213	0.1732	0.0507	0.0488
ENSG00000259250.1	AC018904.1	lncRNA	25	12	15	3.9170	1.1473	1.1048
ENSG00000259251.2	AC104590.1	lncRNA	10	5	5	0.4395	0.1288	0.1240
ENSG00000259252.1	AC026583.1	lncRNA	0	0	0	0.0000	0.0000	0.0000
ENSG00000259254.1	AC022405.1	lncRNA	1	0	1	0.1646	0.0482	0.0464
ENSG00000259255.1	AC073941.1	lncRNA	0	0	0	0.0000	0.0000	0.0000
ENSG00000259256.2	LINC01895	lncRNA	11	7	4	0.4480	0.1312	0.1264
ENSG00000259257.1	AC037479.1	processed_pseudogene	0	0	0	0.0000	0.0000	0.0000
ENSG00000259258.1	AC013553.1	processed_pseudogene	1	1	0	0.3181	0.0932	0.0897
ENSG00000259259.1	NPM1P42	processed_pseudogene	1	0	1	0.0985	0.0289	0.0278
ENSG00000259261.2	IGHV4OR15-8	IG_V_gene	2	1	1	0.4811	0.1409	0.1357
ENSG00000259262.1	NDUFA3P4	processed_pseudogene	0	0	0	0.0000	0.0000	0.0000
ENSG00000259265.1	AC027088.3	lncRNA	0	0	0	0.0000	0.0000	0.0000
ENSG00000259266.1	AC022523.2	processed_pseudogene	0	0	0	0.0000	0.0000	0.0000
ENSG00000259267.3	LINC02622	lncRNA	0	0	1	0.0000	0.0000	0.0000
ENSG00000259268.2	AC007950.1	lncRNA	0	0	0	0.0000	0.0000	0.0000
ENSG00000259269.2	AC109630.1	lncRNA	0	0	0	0.0000	0.0000	0.0000
ENSG00000259270.1	AC044860.2	processed_pseudogene	0	0	0	0.0000	0.0000	0.0000
ENSG00000259271.1	ANKRD62P1	transcribed_unprocessed_pseudogene	0	0	0	0.0000	0.0000	0.0000
ENSG00000259273.1	AC027176.1	processed_pseudogene	0	0	0	0.0000	0.0000	0.0000
ENSG00000259274.1	AC107241.1	lncRNA	1	0	1	0.1957	0.0573	0.0552
ENSG00000259275.4	AC087477.2	lncRNA	18	7	12	0.2158	0.0632	0.0609
ENSG00000259276.1	AC087286.1	lncRNA	0	0	1	0.0000	0.0000	0.0000
ENSG00000259277.1	AC127522.1	lncRNA	2	2	0	0.2262	0.0662	0.0638
ENSG00000259278.2	AC087878.1	lncRNA	2	1	1	0.0766	0.0224	0.0216
ENSG00000259280.1	AC018563.1	lncRNA	0	0	0	0.0000	0.0000	0.0000
ENSG00000259281.1	LINGO1-AS2	lncRNA	0	0	0	0.0000	0.0000	0.0000
ENSG00000259282.5	SPATA8-AS1	lncRNA	0	0	0	0.0000	0.0000	0.0000
ENSG00000259283.2	AC109462.1	lncRNA	0	0	0	0.0000	0.0000	0.0000
ENSG00000259284.2	LINC02349	lncRNA	0	0	0	0.0000	0.0000	0.0000
ENSG00000259285.1	AC025431.1	lncRNA	0	0	0	0.0000	0.0000	0.0000
ENSG00000259286.3	AC087639.1	processed_pseudogene	0	0	0	0.0000	0.0000	0.0000
ENSG00000259287.2	AC010809.1	lncRNA	2	1	1	0.3022	0.0885	0.0852
ENSG00000259288.7	BUB1B-PAK6	protein_coding	0	0	0	0.0000	0.0000	0.0000
ENSG00000259289.2	LINC02206	lncRNA	0	0	1	0.0000	0.0000	0.0000
ENSG00000259290.1	AP001007.3	lncRNA	0	0	0	0.0000	0.0000	0.0000
ENSG00000259291.2	ZNF710-AS1	lncRNA	51	157	132	1.4924	0.4371	0.4209
ENSG00000259293.1	LIPC-AS1	lncRNA	0	0	0	0.0000	0.0000	0.0000
ENSG00000259294.1	AC005096.1	lncRNA	0	0	0	0.0000	0.0000	0.0000
ENSG00000259295.6	CSPG4P12	transcribed_unprocessed_pseudogene	17	6	13	0.1256	0.0368	0.0354
ENSG00000259296.1	AC020892.2	lncRNA	0	0	0	0.0000	0.0000	0.0000
ENSG00000259299.1	AC061965.2	processed_pseudogene	2	0	2	0.1159	0.0340	0.0327
ENSG00000259300.2	TUBBP8	processed_pseudogene	0	0	0	0.0000	0.0000	0.0000
ENSG00000259301.2	AC084759.1	processed_pseudogene	0	0	0	0.0000	0.0000	0.0000
ENSG00000259302.1	AC048382.3	unprocessed_pseudogene	0	0	0	0.0000	0.0000	0.0000
ENSG00000259303.5	IGHV2OR16-5	IG_V_gene	0	0	0	0.0000	0.0000	0.0000
ENSG00000259304.1	AC090888.2	processed_pseudogene	0	0	0	0.0000	0.0000	0.0000
ENSG00000259305.6	ZHX1-C8orf76	protein_coding	1	1	0	0.0641	0.0188	0.0181
ENSG00000259306.2	AC020891.2	lncRNA	0	0	0	0.0000	0.0000	0.0000
ENSG00000259307.1	PLCB2-AS1	lncRNA	0	1	2	0.0000	0.0000	0.0000
ENSG00000259308.3	FABP5P8	processed_pseudogene	5	3	2	1.0510	0.3079	0.2964
ENSG00000259309.2	AC021818.1	lncRNA	0	0	0	0.0000	0.0000	0.0000
ENSG00000259312.1	AC087477.3	lncRNA	0	0	0	0.0000	0.0000	0.0000
ENSG00000259314.1	AC103739.2	lncRNA	2	38	28	0.2105	0.0616	0.0594
ENSG00000259315.1	ACTG1P17	transcribed_processed_pseudogene	12	5	11	0.4862	0.1424	0.1371
ENSG00000259316.12	AC087632.2	protein_coding	0	0	0	0.0000	0.0000	0.0000
ENSG00000259317.1	AC044860.3	unprocessed_pseudogene	0	0	0	0.0000	0.0000	0.0000
ENSG00000259318.1	HMGN1P1	processed_pseudogene	11	7	4	3.1773	0.9307	0.8962
ENSG00000259319.1	AF111167.2	lncRNA	195	92	103	4.0797	1.1950	1.1507
ENSG00000259320.2	AC022523.3	lncRNA	0	0	0	0.0000	0.0000	0.0000
ENSG00000259321.1	AL136295.2	lncRNA	3	72	82	0.3410	0.0999	0.0962
ENSG00000259322.1	AC090607.1	lncRNA	3	198	219	0.5674	0.1662	0.1600
ENSG00000259324.2	AC135068.2	unprocessed_pseudogene	0	0	0	0.0000	0.0000	0.0000
ENSG00000259326.1	AC116158.1	lncRNA	4	28	15	0.1595	0.0467	0.0450
ENSG00000259327.1	AC023906.3	lncRNA	0	120	107	0.0000	0.0000	0.0000
ENSG00000259330.3	INAFM2	protein_coding	350	169	181	9.8288	2.8790	2.7723
ENSG00000259331.1	AC009432.1	lncRNA	0	0	0	0.0000	0.0000	0.0000
ENSG00000259332.3	ST20-MTHFS	protein_coding	0	4	7	0.0000	0.0000	0.0000
ENSG00000259333.1	AC127029.1	unprocessed_pseudogene	0	0	0	0.0000	0.0000	0.0000
ENSG00000259334.1	LINC00596	lncRNA	0	0	0	0.0000	0.0000	0.0000
ENSG00000259335.1	HNRNPMP1	processed_pseudogene	0	0	0	0.0000	0.0000	0.0000
ENSG00000259336.1	AC021231.1	lncRNA	1	1	0	0.0633	0.0185	0.0178
ENSG00000259337.4	IGHV1OR15-2	IG_V_pseudogene	29	17	12	6.9765	2.0435	1.9678
ENSG00000259338.1	H3P39	processed_pseudogene	3	2	2	0.6417	0.1880	0.1810
ENSG00000259339.2	TGIF1P1	processed_pseudogene	0	0	0	0.0000	0.0000	0.0000
ENSG00000259340.2	AC110588.1	processed_pseudogene	0	0	0	0.0000	0.0000	0.0000
ENSG00000259341.2	AC015660.1	lncRNA	24	8	16	0.1789	0.0524	0.0505
ENSG00000259342.1	AC025580.1	lncRNA	2	93	92	0.2330	0.0682	0.0657
ENSG00000259343.7	TMC3-AS1	lncRNA	47	43	33	0.2819	0.0826	0.0795
ENSG00000259345.7	AC013652.1	lncRNA	4	3	1	0.0486	0.0142	0.0137
ENSG00000259346.2	AC105129.2	processed_pseudogene	0	0	0	0.0000	0.0000	0.0000
ENSG00000259347.7	AC087482.1	lncRNA	1	1	1	0.0225	0.0066	0.0063
ENSG00000259349.2	AC011921.1	lncRNA	9	6	3	0.5534	0.1621	0.1561
ENSG00000259350.2	AC067805.1	processed_pseudogene	0	0	0	0.0000	0.0000	0.0000
ENSG00000259351.1	AC015914.1	lncRNA	0	3	1	0.0000	0.0000	0.0000
ENSG00000259352.1	AC091117.1	lncRNA	0	95	106	0.0000	0.0000	0.0000
ENSG00000259353.1	AC090515.4	lncRNA	4	41	41	0.7548	0.2211	0.2129
ENSG00000259354.5	AC025580.2	lncRNA	11	5	7	0.2404	0.0704	0.0678
ENSG00000259356.1	AC022710.1	lncRNA	0	0	0	0.0000	0.0000	0.0000
ENSG00000259357.2	AL590133.2	lncRNA	0	3736	3747	0.0000	0.0000	0.0000
ENSG00000259358.1	DEPDC1P1	processed_pseudogene	2	1	1	0.0691	0.0202	0.0195
ENSG00000259359.2	AC012409.1	lncRNA	0	0	0	0.0000	0.0000	0.0000
ENSG00000259360.1	AC009558.1	lncRNA	5	3	2	0.7308	0.2141	0.2061
ENSG00000259361.7	LINC00927	lncRNA	1	0	1	0.0157	0.0046	0.0044
ENSG00000259362.2	AC046168.1	lncRNA	32	18	14	0.7125	0.2087	0.2010
ENSG00000259363.6	AC090825.1	lncRNA	81	45	36	0.8915	0.2611	0.2514
ENSG00000259364.1	AC013356.3	lncRNA	1	1	0	0.1454	0.0426	0.0410
ENSG00000259365.1	AC019254.2	lncRNA	0	0	0	0.0000	0.0000	0.0000
ENSG00000259366.1	AC108449.2	lncRNA	42	23	19	6.4613	1.8926	1.8225
ENSG00000259367.1	AC087286.2	lncRNA	8	27	26	1.0293	0.3015	0.2903
ENSG00000259368.1	AC013356.4	lncRNA	0	4	4	0.0000	0.0000	0.0000
ENSG00000259369.1	AC009997.1	processed_pseudogene	1	1	0	0.6583	0.1928	0.1857
ENSG00000259370.2	AC103740.1	lncRNA	0	101	87	0.0000	0.0000	0.0000
ENSG00000259371.2	AL136295.3	protein_coding	0	0	0	0.0000	0.0000	0.0000
ENSG00000259374.2	NDUFB4P11	transcribed_processed_pseudogene	0	0	0	0.0000	0.0000	0.0000
ENSG00000259375.1	AC087286.3	lncRNA	0	75	73	0.0000	0.0000	0.0000
ENSG00000259376.1	AC090907.1	lncRNA	2	1	1	0.3459	0.1013	0.0976
ENSG00000259377.1	AC026770.1	lncRNA	0	0	0	0.0000	0.0000	0.0000
ENSG00000259378.1	DCAF13P3	processed_pseudogene	1	1	0	0.0637	0.0186	0.0180
ENSG00000259379.1	MTND5P32	processed_pseudogene	0	0	0	0.0000	0.0000	0.0000
ENSG00000259380.6	AC087473.1	lncRNA	50	26	24	0.5786	0.1695	0.1632
ENSG00000259381.2	AC090695.1	processed_pseudogene	2	1	1	0.1390	0.0407	0.0392
ENSG00000259383.1	AC012414.2	lncRNA	0	0	0	0.0000	0.0000	0.0000
ENSG00000259384.7	GH1	protein_coding	0	0	0	0.0000	0.0000	0.0000
ENSG00000259385.1	AC066612.2	lncRNA	0	7	5	0.0000	0.0000	0.0000
ENSG00000259388.1	AC025040.2	processed_pseudogene	0	0	0	0.0000	0.0000	0.0000
ENSG00000259389.2	H3P38	processed_pseudogene	0	0	0	0.0000	0.0000	0.0000
ENSG00000259390.4	AC022196.1	lncRNA	0	0	0	0.0000	0.0000	0.0000
ENSG00000259392.2	AC090877.1	transcribed_processed_pseudogene	29	11	18	7.1590	2.0970	2.0192
ENSG00000259393.2	AC025918.2	processed_pseudogene	0	0	0	0.0000	0.0000	0.0000
ENSG00000259394.2	AC079328.1	processed_pseudogene	13	7	6	1.1596	0.3397	0.3271
ENSG00000259395.1	AC087516.1	lncRNA	0	0	0	0.0000	0.0000	0.0000
ENSG00000259396.1	AC087721.1	lncRNA	0	0	0	0.0000	0.0000	0.0000
ENSG00000259397.3	AC021231.2	processed_pseudogene	8	2	6	0.9306	0.2726	0.2625
ENSG00000259398.1	AC090970.1	lncRNA	1	1	0	0.2229	0.0653	0.0629
ENSG00000259399.1	TGIF2-RAB5IF	protein_coding	0	0	0	0.0000	0.0000	0.0000
ENSG00000259402.1	AC090515.5	lncRNA	0	0	0	0.0000	0.0000	0.0000
ENSG00000259403.2	AC020704.1	lncRNA	0	0	0	0.0000	0.0000	0.0000
ENSG00000259404.5	EFL1P1	transcribed_unprocessed_pseudogene	4	3	1	0.1889	0.0553	0.0533
ENSG00000259405.1	ISCA1P4	processed_pseudogene	10	6	5	6.3373	1.8563	1.7875
ENSG00000259407.1	AC021739.2	lncRNA	0	349	358	0.0000	0.0000	0.0000
ENSG00000259408.2	AC010809.2	lncRNA	2	5	6	0.1762	0.0516	0.0497
ENSG00000259409.1	BMF-AS1	lncRNA	0	46	40	0.0000	0.0000	0.0000
ENSG00000259410.5	AC009292.2	lncRNA	0	0	0	0.0000	0.0000	0.0000
ENSG00000259411.1	HNRNPA1P45	processed_pseudogene	1	0	1	0.0788	0.0231	0.0222
ENSG00000259413.2	AC011270.1	processed_pseudogene	0	0	0	0.0000	0.0000	0.0000
ENSG00000259414.1	AC242376.1	unprocessed_pseudogene	0	0	0	0.0000	0.0000	0.0000
ENSG00000259415.1	AC012291.2	lncRNA	0	0	0	0.0000	0.0000	0.0000
ENSG00000259416.2	LINC02883	lncRNA	0	0	0	0.0000	0.0000	0.0000
ENSG00000259417.3	CTXND1	protein_coding	6276	3080	3198	77.3191	22.6480	21.8083
ENSG00000259418.1	AC091117.2	lncRNA	1	0	1	0.1567	0.0459	0.0442
ENSG00000259419.2	HNRNPCP3	processed_pseudogene	1	3	6	0.0971	0.0284	0.0274
ENSG00000259420.5	AC046168.2	lncRNA	2	1	1	0.1388	0.0406	0.0391
ENSG00000259421.1	AL022318.2	unprocessed_pseudogene	1	1	0	0.3291	0.0964	0.0928
ENSG00000259422.1	AC091100.1	lncRNA	1	2	2	0.0361	0.0106	0.0102
ENSG00000259423.3	AC113146.1	lncRNA	0	0	0	0.0000	0.0000	0.0000
ENSG00000259424.1	IRAIN	lncRNA	4	2	2	1.0170	0.2979	0.2869
ENSG00000259425.5	AC011767.1	transcribed_unprocessed_pseudogene	0	0	0	0.0000	0.0000	0.0000
ENSG00000259426.6	AC027237.3	lncRNA	12	128	135	0.2160	0.0633	0.0609
ENSG00000259427.2	DPPA5P2	transcribed_processed_pseudogene	0	0	0	0.0000	0.0000	0.0000
ENSG00000259428.1	HMGB3P26	processed_pseudogene	0	0	0	0.0000	0.0000	0.0000
ENSG00000259429.5	UBE2Q2P2	transcribed_unprocessed_pseudogene	20	7	13	0.9156	0.2682	0.2582
ENSG00000259430.2	CERS3-AS1	lncRNA	0	0	0	0.0000	0.0000	0.0000
ENSG00000259431.6	THTPA	protein_coding	185	108	99	5.4286	1.5901	1.5312
ENSG00000259432.1	AC023908.1	lncRNA	0	0	0	0.0000	0.0000	0.0000
ENSG00000259433.2	AC051619.2	processed_pseudogene	0	0	0	0.0000	0.0000	0.0000
ENSG00000259434.2	AC068875.1	lncRNA	0	0	1	0.0000	0.0000	0.0000
ENSG00000259435.3	OR4N3P	transcribed_unprocessed_pseudogene	0	0	0	0.0000	0.0000	0.0000
ENSG00000259436.1	AC010247.2	lncRNA	6	0	6	0.2606	0.0763	0.0735
ENSG00000259437.1	AC093334.1	lncRNA	0	1	0	0.0000	0.0000	0.0000
ENSG00000259438.1	MAPK6-DT	lncRNA	0	0	0	0.0000	0.0000	0.0000
ENSG00000259439.2	LINC01833	lncRNA	4	4	1	0.0877	0.0257	0.0247
ENSG00000259440.2	NPM1P43	processed_pseudogene	1	1	0	0.1080	0.0316	0.0305
ENSG00000259441.2	MRPL15P1	processed_pseudogene	1	0	1	0.0967	0.0283	0.0273
ENSG00000259442.1	AC105339.3	lncRNA	0	2	7	0.0000	0.0000	0.0000
ENSG00000259443.1	AC012414.3	lncRNA	0	0	0	0.0000	0.0000	0.0000
ENSG00000259444.1	AL161669.1	lncRNA	0	0	0	0.0000	0.0000	0.0000
ENSG00000259446.6	AC055874.1	lncRNA	1	0	1	0.0353	0.0104	0.0100
ENSG00000259447.1	AC013652.2	lncRNA	0	0	0	0.0000	0.0000	0.0000
ENSG00000259448.3	LINC02352	lncRNA	12	6	6	0.4037	0.1183	0.1139
ENSG00000259449.1	NIFKP8	processed_pseudogene	0	0	0	0.0000	0.0000	0.0000
ENSG00000259452.2	AC009269.1	processed_pseudogene	0	0	0	0.0000	0.0000	0.0000
ENSG00000259453.1	AC087286.4	lncRNA	0	0	0	0.0000	0.0000	0.0000
ENSG00000259454.1	WBP1LP5	processed_pseudogene	1	1	0	0.2051	0.0601	0.0579
ENSG00000259456.4	ADNP-AS1	lncRNA	31	21	15	2.5096	0.7351	0.7078
ENSG00000259457.1	AC100826.1	lncRNA	0	0	1	0.0000	0.0000	0.0000
ENSG00000259458.1	MGC15885	lncRNA	3	2	1	0.1051	0.0308	0.0296
ENSG00000259459.6	LINC02568	lncRNA	4	2	2	0.1521	0.0446	0.0429
ENSG00000259460.1	AC078909.1	lncRNA	0	1	2	0.0000	0.0000	0.0000
ENSG00000259461.1	ANP32BP3	processed_pseudogene	0	0	0	0.0000	0.0000	0.0000
ENSG00000259462.3	CPEB1-AS1	lncRNA	7	8	10	0.1186	0.0347	0.0334
ENSG00000259463.1	AC020661.2	lncRNA	0	0	0	0.0000	0.0000	0.0000
ENSG00000259464.2	SNRPCP18	processed_pseudogene	0	0	0	0.0000	0.0000	0.0000
ENSG00000259465.2	AHCYP7	processed_pseudogene	0	0	0	0.0000	0.0000	0.0000
ENSG00000259466.1	NPM1P47	processed_pseudogene	1	1	0	0.0992	0.0291	0.0280
ENSG00000259467.1	NDUFAF4P1	processed_pseudogene	2	0	2	0.3272	0.0959	0.0923
ENSG00000259468.1	AC079203.2	lncRNA	0	40	36	0.0000	0.0000	0.0000
ENSG00000259469.1	AC084757.2	lncRNA	0	0	0	0.0000	0.0000	0.0000
ENSG00000259470.2	KRT8P9	processed_pseudogene	0	0	0	0.0000	0.0000	0.0000
ENSG00000259471.1	LINC01169	lncRNA	0	0	0	0.0000	0.0000	0.0000
ENSG00000259473.1	LINC02205	lncRNA	0	0	0	0.0000	0.0000	0.0000
ENSG00000259474.1	AC027228.1	lncRNA	0	0	0	0.0000	0.0000	0.0000
ENSG00000259475.1	AC036108.1	lncRNA	0	5	1	0.0000	0.0000	0.0000
ENSG00000259476.1	AC018904.2	lncRNA	1	1	0	0.0483	0.0142	0.0136
ENSG00000259477.1	AC012653.1	processed_pseudogene	0	0	0	0.0000	0.0000	0.0000
ENSG00000259478.2	AC024651.1	lncRNA	0	0	0	0.0000	0.0000	0.0000
ENSG00000259479.6	SORD2P	transcribed_unprocessed_pseudogene	120	85	56	3.4839	1.0205	0.9827
ENSG00000259481.1	AC012404.1	lncRNA	0	0	0	0.0000	0.0000	0.0000
ENSG00000259482.2	RORA-AS2	lncRNA	0	0	0	0.0000	0.0000	0.0000
ENSG00000259483.1	AL355073.1	lncRNA	0	0	0	0.0000	0.0000	0.0000
ENSG00000259485.2	LINC02253	lncRNA	3	2	1	0.1329	0.0389	0.0375
ENSG00000259488.2	AC023355.1	lncRNA	9	58	62	0.1623	0.0475	0.0458
ENSG00000259489.2	KRT18P47	processed_pseudogene	0	0	0	0.0000	0.0000	0.0000
ENSG00000259490.2	IGHV3OR15-7	IG_V_gene	6	2	4	1.4193	0.4157	0.4003
ENSG00000259493.2	TFDP1P3	processed_pseudogene	0	0	0	0.0000	0.0000	0.0000
ENSG00000259494.2	MRPL46	protein_coding	53	30	23	0.7030	0.2059	0.1983
ENSG00000259495.3	AC016705.2	lncRNA	677	343	334	7.1249	2.0870	2.0096
ENSG00000259496.2	GEMIN8P1	processed_pseudogene	0	0	0	0.0000	0.0000	0.0000
ENSG00000259498.1	TPM1-AS	lncRNA	0	90	95	0.0000	0.0000	0.0000
ENSG00000259499.1	AC090519.1	lncRNA	0	0	0	0.0000	0.0000	0.0000
ENSG00000259500.1	KRT8P24	processed_pseudogene	1	1	0	0.0545	0.0160	0.0154
ENSG00000259502.1	AL132640.1	processed_pseudogene	1	0	1	0.1372	0.0402	0.0387
ENSG00000259503.1	AC048383.1	lncRNA	0	0	0	0.0000	0.0000	0.0000
ENSG00000259504.2	AC026992.1	lncRNA	0	0	1	0.0000	0.0000	0.0000
ENSG00000259505.1	AC009268.1	processed_pseudogene	0	0	0	0.0000	0.0000	0.0000
ENSG00000259507.1	AC103968.1	processed_pseudogene	0	0	0	0.0000	0.0000	0.0000
ENSG00000259508.1	AL132801.1	lncRNA	3	3	0	0.2532	0.0742	0.0714
ENSG00000259509.2	AC073941.2	processed_pseudogene	0	0	0	0.0000	0.0000	0.0000
ENSG00000259511.3	UBE2Q2L	transcribed_unprocessed_pseudogene	3	1	2	0.1868	0.0547	0.0527
ENSG00000259512.3	HNRNPA1P5	processed_pseudogene	0	0	0	0.0000	0.0000	0.0000
ENSG00000259513.1	CYCSP38	transcribed_processed_pseudogene	0	0	0	0.0000	0.0000	0.0000
ENSG00000259514.1	AC027243.1	lncRNA	1	2	2	0.1120	0.0328	0.0316
ENSG00000259515.1	AL117209.1	lncRNA	3	122	115	0.3077	0.0901	0.0868
ENSG00000259516.2	ANP32AP1	transcribed_processed_pseudogene	7	2	5	0.5535	0.1621	0.1561
ENSG00000259517.3	LINC02169	lncRNA	8	4	4	0.7955	0.2330	0.2244
ENSG00000259518.2	LINC01583	lncRNA	17	9	8	0.5319	0.1558	0.1500
ENSG00000259519.1	AC051619.3	lncRNA	0	1	1	0.0000	0.0000	0.0000
ENSG00000259520.6	AC051619.4	lncRNA	14	9	6	0.2771	0.0812	0.0782
ENSG00000259521.1	INO80-AS1	lncRNA	0	65	64	0.0000	0.0000	0.0000
ENSG00000259522.3	AL136295.4	protein_coding	0	0	0	0.0000	0.0000	0.0000
ENSG00000259523.1	AC022613.2	lncRNA	38	21	17	2.2240	0.6514	0.6273
ENSG00000259525.1	GCSHP2	processed_pseudogene	0	0	0	0.0000	0.0000	0.0000
ENSG00000259527.2	LINC00052	lncRNA	0	0	0	0.0000	0.0000	0.0000
ENSG00000259528.1	AC068397.1	lncRNA	0	0	0	0.0000	0.0000	0.0000
ENSG00000259529.2	AL136295.5	protein_coding	3	1	2	0.0457	0.0134	0.0129
ENSG00000259530.1	AC104574.1	lncRNA	0	0	0	0.0000	0.0000	0.0000
ENSG00000259531.2	AC022306.1	processed_pseudogene	5	4	1	0.2718	0.0796	0.0767
ENSG00000259532.1	AC009269.2	lncRNA	0	0	0	0.0000	0.0000	0.0000
ENSG00000259533.2	AC040958.1	unprocessed_pseudogene	0	0	0	0.0000	0.0000	0.0000
ENSG00000259534.1	AC087477.4	lncRNA	0	0	0	0.0000	0.0000	0.0000
ENSG00000259535.1	RPL21P12	processed_pseudogene	0	0	0	0.0000	0.0000	0.0000
ENSG00000259536.5	AC091045.1	lncRNA	3	369	326	0.1098	0.0322	0.0310
ENSG00000259538.1	UBE2Q2P11	transcribed_unprocessed_pseudogene	2	1	1	0.8285	0.2427	0.2337
ENSG00000259539.1	AC051619.5	lncRNA	0	1	1	0.0000	0.0000	0.0000
ENSG00000259540.1	AC027020.1	lncRNA	0	0	2	0.0000	0.0000	0.0000
ENSG00000259541.5	AP001150.1	lncRNA	0	0	0	0.0000	0.0000	0.0000
ENSG00000259542.5	AC087477.5	lncRNA	0	1	0	0.0000	0.0000	0.0000
ENSG00000259543.1	AC060809.1	lncRNA	0	0	0	0.0000	0.0000	0.0000
ENSG00000259544.1	AC021739.3	lncRNA	0	138	107	0.0000	0.0000	0.0000
ENSG00000259545.2	AC013452.1	processed_pseudogene	2	2	0	0.2840	0.0832	0.0801
ENSG00000259546.1	AC027808.1	lncRNA	0	0	0	0.0000	0.0000	0.0000
ENSG00000259547.1	CYCSP2	processed_pseudogene	0	0	0	0.0000	0.0000	0.0000
ENSG00000259548.1	AC021483.1	lncRNA	5	3	2	0.7878	0.2307	0.2222
ENSG00000259550.2	HNRNPA1P74	processed_pseudogene	0	0	0	0.0000	0.0000	0.0000
ENSG00000259551.1	AC048382.4	lncRNA	0	0	0	0.0000	0.0000	0.0000
ENSG00000259553.6	AC140725.1	lncRNA	0	0	0	0.0000	0.0000	0.0000
ENSG00000259554.1	AC084882.1	lncRNA	0	0	0	0.0000	0.0000	0.0000
ENSG00000259555.1	AC067863.1	lncRNA	0	0	0	0.0000	0.0000	0.0000
ENSG00000259556.2	AC090971.3	unprocessed_pseudogene	4	2	2	0.3263	0.0956	0.0920
ENSG00000259557.2	HMGN1P26	processed_pseudogene	0	0	0	0.0000	0.0000	0.0000
ENSG00000259558.1	MESTP2	processed_pseudogene	0	0	0	0.0000	0.0000	0.0000
ENSG00000259560.2	AC020687.1	lncRNA	1	0	1	0.0550	0.0161	0.0155
ENSG00000259561.1	AC079075.1	lncRNA	0	0	0	0.0000	0.0000	0.0000
ENSG00000259562.2	AC090607.2	transcribed_processed_pseudogene	11	7	5	1.3441	0.3937	0.3791
ENSG00000259563.1	AC025430.1	lncRNA	0	0	0	0.0000	0.0000	0.0000
ENSG00000259564.2	AC009554.1	lncRNA	0	44	58	0.0000	0.0000	0.0000
ENSG00000259565.2	KRT8P23	processed_pseudogene	1	1	0	0.0704	0.0206	0.0198
ENSG00000259569.2	AC013489.2	processed_pseudogene	0	0	0	0.0000	0.0000	0.0000
ENSG00000259570.1	AC243562.1	unprocessed_pseudogene	34	16	19	7.4224	2.1741	2.0935
ENSG00000259571.2	BLID	protein_coding	0	0	0	0.0000	0.0000	0.0000
ENSG00000259572.7	LINC01491	lncRNA	0	0	1	0.0000	0.0000	0.0000
ENSG00000259573.1	NMNAT1P5	processed_pseudogene	0	0	0	0.0000	0.0000	0.0000
ENSG00000259575.1	AC012404.2	lncRNA	0	0	0	0.0000	0.0000	0.0000
ENSG00000259577.2	CERNA1	lncRNA	7	11	9	0.1840	0.0539	0.0519
ENSG00000259579.1	AC087762.1	lncRNA	0	0	0	0.0000	0.0000	0.0000
ENSG00000259580.1	AC023908.2	lncRNA	0	0	0	0.0000	0.0000	0.0000
ENSG00000259581.3	TYRO3P	processed_pseudogene	2	1	1	0.0628	0.0184	0.0177
ENSG00000259582.4	AC026523.1	lncRNA	0	0	0	0.0000	0.0000	0.0000
ENSG00000259583.3	AC015712.2	lncRNA	46	2753	2784	0.5074	0.1486	0.1431
ENSG00000259584.1	AC021755.2	lncRNA	21	21	20	2.0640	0.6046	0.5822
ENSG00000259585.2	RBM17P4	processed_pseudogene	0	0	0	0.0000	0.0000	0.0000
ENSG00000259586.1	AC015712.3	processed_pseudogene	0	0	0	0.0000	0.0000	0.0000
ENSG00000259587.3	AC114546.2	lncRNA	0	0	0	0.0000	0.0000	0.0000
ENSG00000259588.1	AC012050.1	lncRNA	12	5	7	2.1590	0.6324	0.6090
ENSG00000259589.2	AC073167.1	lncRNA	0	40	53	0.0000	0.0000	0.0000
ENSG00000259590.1	LINC02244	lncRNA	0	0	1	0.0000	0.0000	0.0000
ENSG00000259591.2	AC022898.1	lncRNA	0	0	0	0.0000	0.0000	0.0000
ENSG00000259592.1	PRELID1P4	processed_pseudogene	3	2	1	0.4976	0.1457	0.1403
ENSG00000259593.1	MTND5P40	processed_pseudogene	0	0	0	0.0000	0.0000	0.0000
ENSG00000259594.6	AC023034.1	lncRNA	1	2	0	0.0563	0.0165	0.0159
ENSG00000259595.1	AC025043.1	lncRNA	1	1012	1008	0.1359	0.0398	0.0383
ENSG00000259598.1	AC116158.2	lncRNA	0	0	0	0.0000	0.0000	0.0000
ENSG00000259600.2	AC066616.2	processed_pseudogene	0	0	0	0.0000	0.0000	0.0000
ENSG00000259601.2	AC092079.1	processed_pseudogene	0	0	0	0.0000	0.0000	0.0000
ENSG00000259602.1	AC091073.1	lncRNA	0	0	0	0.0000	0.0000	0.0000
ENSG00000259603.1	AC016595.1	lncRNA	0	2	1	0.0000	0.0000	0.0000
ENSG00000259604.5	AC015712.4	lncRNA	0	0	0	0.0000	0.0000	0.0000
ENSG00000259605.3	AC074212.1	lncRNA	0	248	215	0.0000	0.0000	0.0000
ENSG00000259607.1	AC108449.3	lncRNA	0	1095	1195	0.0000	0.0000	0.0000
ENSG00000259608.1	AC104229.1	processed_pseudogene	0	0	0	0.0000	0.0000	0.0000
ENSG00000259609.1	AC027807.1	unprocessed_pseudogene	0	0	0	0.0000	0.0000	0.0000
ENSG00000259611.2	LINC01582	lncRNA	0	0	0	0.0000	0.0000	0.0000
ENSG00000259612.1	EEF1A1P22	processed_pseudogene	35	18	17	2.1538	0.6309	0.6075
ENSG00000259614.2	TUBAP12	processed_pseudogene	0	0	0	0.0000	0.0000	0.0000
ENSG00000259615.1	AC013391.1	lncRNA	0	0	0	0.0000	0.0000	0.0000
ENSG00000259616.2	AC104574.2	lncRNA	0	0	0	0.0000	0.0000	0.0000
ENSG00000259617.1	AC020661.3	lncRNA	0	0	0	0.0000	0.0000	0.0000
ENSG00000259619.2	AC010867.1	processed_pseudogene	0	0	0	0.0000	0.0000	0.0000
ENSG00000259620.1	AC016987.1	lncRNA	0	0	0	0.0000	0.0000	0.0000
ENSG00000259621.1	AC069029.1	lncRNA	0	0	0	0.0000	0.0000	0.0000
ENSG00000259622.1	AC026956.1	processed_pseudogene	0	0	0	0.0000	0.0000	0.0000
ENSG00000259623.1	AC125257.1	lncRNA	0	0	0	0.0000	0.0000	0.0000
ENSG00000259624.1	AC009269.3	lncRNA	0	0	0	0.0000	0.0000	0.0000
ENSG00000259626.2	MTND3P12	processed_pseudogene	0	0	0	0.0000	0.0000	0.0000
ENSG00000259627.1	AC079328.2	lncRNA	0	326	338	0.0000	0.0000	0.0000
ENSG00000259628.1	AC007000.3	lncRNA	0	1	0	0.0000	0.0000	0.0000
ENSG00000259630.2	FABP5P9	transcribed_processed_pseudogene	16	10	6	3.3466	0.9803	0.9439
ENSG00000259631.1	AC104316.2	lncRNA	0	0	0	0.0000	0.0000	0.0000
ENSG00000259632.2	AC090971.4	processed_pseudogene	1	0	1	0.0472	0.0138	0.0133
ENSG00000259633.1	UBE2Q2P8	unprocessed_pseudogene	0	0	0	0.0000	0.0000	0.0000
ENSG00000259635.1	AC100830.1	lncRNA	2	2	1	0.1056	0.0309	0.0298
ENSG00000259636.1	AC016987.2	lncRNA	0	0	0	0.0000	0.0000	0.0000
ENSG00000259637.1	DNM1P38	unprocessed_pseudogene	1	1	1	0.1961	0.0574	0.0553
ENSG00000259639.6	AC021351.1	lncRNA	0	0	0	0.0000	0.0000	0.0000
ENSG00000259642.2	ST20-AS1	lncRNA	86	112	90	1.7294	0.5066	0.4878
ENSG00000259644.1	AC022613.3	lncRNA	0	0	0	0.0000	0.0000	0.0000
ENSG00000259645.1	AC027237.4	lncRNA	1	0	1	0.1224	0.0358	0.0345
ENSG00000259646.1	AC140725.2	unprocessed_pseudogene	0	0	0	0.0000	0.0000	0.0000
ENSG00000259647.1	AC111152.2	lncRNA	2	2	0	0.3502	0.1026	0.0988
ENSG00000259648.1	AL132640.2	transcribed_processed_pseudogene	4	0	4	0.2000	0.0586	0.0564
ENSG00000259649.4	AC027808.2	lncRNA	1	1	0	0.1141	0.0334	0.0322
ENSG00000259650.1	AC068397.2	lncRNA	0	0	0	0.0000	0.0000	0.0000
ENSG00000259651.2	MTCO3P23	processed_pseudogene	0	0	0	0.0000	0.0000	0.0000
ENSG00000259652.1	AC090181.1	lncRNA	0	24	22	0.0000	0.0000	0.0000
ENSG00000259654.1	AC115102.1	lncRNA	0	0	0	0.0000	0.0000	0.0000
ENSG00000259655.1	AC090825.2	unprocessed_pseudogene	0	2	1	0.0000	0.0000	0.0000
ENSG00000259656.1	AC013452.2	lncRNA	1	0	1	0.1143	0.0335	0.0322
ENSG00000259657.1	PIGHP1	processed_pseudogene	5	1	4	0.7515	0.2201	0.2120
ENSG00000259658.5	AC027559.1	transcribed_unprocessed_pseudogene	21	9	12	1.8385	0.5385	0.5186
ENSG00000259659.1	AC009996.1	lncRNA	0	0	0	0.0000	0.0000	0.0000
ENSG00000259660.2	DNM1P47	transcribed_unprocessed_pseudogene	15	9	19	0.0834	0.0244	0.0235
ENSG00000259661.1	AC068831.3	lncRNA	0	600	557	0.0000	0.0000	0.0000
ENSG00000259663.2	AC010478.1	lncRNA	2	1	1	0.0237	0.0070	0.0067
ENSG00000259664.3	LINC02254	lncRNA	0	0	0	0.0000	0.0000	0.0000
ENSG00000259665.1	AC021231.3	processed_pseudogene	3	1	3	0.6885	0.2017	0.1942
ENSG00000259666.3	LINGO1-AS1	lncRNA	0	0	0	0.0000	0.0000	0.0000
ENSG00000259668.6	AC066613.1	lncRNA	14	231	252	0.3624	0.1061	0.1022
ENSG00000259669.6	AC084759.2	lncRNA	0	0	0	0.0000	0.0000	0.0000
ENSG00000259670.1	AC012379.1	lncRNA	0	7	9	0.0000	0.0000	0.0000
ENSG00000259671.1	MTCYBP23	processed_pseudogene	0	0	0	0.0000	0.0000	0.0000
ENSG00000259672.3	AC087612.1	lncRNA	0	0	0	0.0000	0.0000	0.0000
ENSG00000259673.6	IQCH-AS1	lncRNA	173	172	177	1.2715	0.3725	0.3586
ENSG00000259674.1	AC092868.1	processed_pseudogene	11	5	6	1.1647	0.3412	0.3285
ENSG00000259675.2	AC018618.1	lncRNA	0	0	0	0.0000	0.0000	0.0000
ENSG00000259676.1	AC103982.1	lncRNA	0	0	0	0.0000	0.0000	0.0000
ENSG00000259677.1	AC027176.2	processed_pseudogene	5	6	6	0.5692	0.1667	0.1605
ENSG00000259678.1	AC066613.2	lncRNA	0	307	297	0.0000	0.0000	0.0000
ENSG00000259680.5	AC136428.1	protein_coding	2	2	0	0.4867	0.1425	0.1373
ENSG00000259681.1	AC090527.1	lncRNA	0	0	0	0.0000	0.0000	0.0000
ENSG00000259682.1	AC091231.1	lncRNA	0	0	0	0.0000	0.0000	0.0000
ENSG00000259683.1	AC243562.2	unprocessed_pseudogene	182	97	85	15.9335	4.6672	4.4941
ENSG00000259684.1	AC084756.1	lncRNA	0	91	96	0.0000	0.0000	0.0000
ENSG00000259685.3	IDH2-DT	lncRNA	0	0	0	0.0000	0.0000	0.0000
ENSG00000259686.1	HNRNPA1P71	processed_pseudogene	7	4	3	0.6257	0.1833	0.1765
ENSG00000259687.2	LINC01220	lncRNA	46	24	22	1.9739	0.5782	0.5567
ENSG00000259688.1	AC019288.1	processed_pseudogene	0	0	0	0.0000	0.0000	0.0000
ENSG00000259690.1	AC107980.1	lncRNA	0	0	0	0.0000	0.0000	0.0000
ENSG00000259691.2	FKBP1AP2	processed_pseudogene	0	0	0	0.0000	0.0000	0.0000
ENSG00000259692.6	AC104041.1	lncRNA	2	0	2	0.0237	0.0069	0.0067
ENSG00000259694.1	AC136698.1	lncRNA	0	0	0	0.0000	0.0000	0.0000
ENSG00000259695.2	AC090164.1	processed_pseudogene	0	0	0	0.0000	0.0000	0.0000
ENSG00000259696.2	AC104759.1	processed_pseudogene	1	1	0	0.0904	0.0265	0.0255
ENSG00000259697.2	AC126323.2	lncRNA	0	0	0	0.0000	0.0000	0.0000
ENSG00000259698.1	FAM30C	unprocessed_pseudogene	0	0	0	0.0000	0.0000	0.0000
ENSG00000259699.2	HMGB1P8	processed_pseudogene	4	0	4	0.3579	0.1048	0.1010
ENSG00000259700.3	AC012379.2	lncRNA	0	3	5	0.0000	0.0000	0.0000
ENSG00000259701.1	AC020891.3	lncRNA	0	0	0	0.0000	0.0000	0.0000
ENSG00000259702.3	AC024337.1	lncRNA	0	0	0	0.0000	0.0000	0.0000
ENSG00000259704.2	AC124248.1	lncRNA	1	1	0	0.0628	0.0184	0.0177
ENSG00000259705.1	AC084757.3	lncRNA	2	2	0	0.0874	0.0256	0.0247
ENSG00000259706.1	HSP90B2P	processed_pseudogene	27	10	17	0.9618	0.2817	0.2713
ENSG00000259707.1	AC105339.4	processed_pseudogene	0	0	0	0.0000	0.0000	0.0000
ENSG00000259708.1	AC090607.3	lncRNA	2	2	1	0.2479	0.0726	0.0699
ENSG00000259709.1	AC023906.4	lncRNA	1	87	77	0.0552	0.0162	0.0156
ENSG00000259710.1	NUTF2P6	processed_pseudogene	1	0	1	0.2206	0.0646	0.0622
ENSG00000259711.1	AC106738.1	lncRNA	2	0	2	0.4731	0.1386	0.1334
ENSG00000259712.1	AC023906.5	lncRNA	7	5	2	0.9361	0.2742	0.2640
ENSG00000259713.1	AC013391.2	lncRNA	0	0	0	0.0000	0.0000	0.0000
ENSG00000259715.1	AC022087.1	lncRNA	0	6	8	0.0000	0.0000	0.0000
ENSG00000259717.1	LINC00677	lncRNA	1	0	1	0.1454	0.0426	0.0410
ENSG00000259719.6	LINC02284	lncRNA	1	1	0	0.0189	0.0055	0.0053
ENSG00000259720.2	AC009562.1	lncRNA	0	0	0	0.0000	0.0000	0.0000
ENSG00000259721.1	AC090877.2	lncRNA	0	2	0	0.0000	0.0000	0.0000
ENSG00000259722.2	AC087465.1	processed_pseudogene	0	0	0	0.0000	0.0000	0.0000
ENSG00000259723.1	AL354993.2	lncRNA	0	0	0	0.0000	0.0000	0.0000
ENSG00000259724.2	LINC01581	lncRNA	1	0	1	0.0245	0.0072	0.0069
ENSG00000259725.1	AC106738.2	lncRNA	0	0	0	0.0000	0.0000	0.0000
ENSG00000259726.1	CSPG4P11	transcribed_unprocessed_pseudogene	2	2	1	0.0346	0.0101	0.0098
ENSG00000259727.1	AC103740.2	lncRNA	0	0	0	0.0000	0.0000	0.0000
ENSG00000259728.5	LINC00933	transcribed_unprocessed_pseudogene	9	11	10	0.2548	0.0746	0.0719
ENSG00000259730.1	AC092078.1	lncRNA	0	0	0	0.0000	0.0000	0.0000
ENSG00000259731.2	AC022929.1	lncRNA	0	0	0	0.0000	0.0000	0.0000
ENSG00000259732.1	AC092757.2	lncRNA	4	3	3	0.5366	0.1572	0.1514
ENSG00000259734.1	AC012229.1	lncRNA	0	0	0	0.0000	0.0000	0.0000
ENSG00000259735.1	AC092868.2	lncRNA	0	0	0	0.0000	0.0000	0.0000
ENSG00000259736.1	CRTC3-AS1	lncRNA	4	54	42	0.3549	0.1040	0.1001
ENSG00000259737.7	AC087516.2	lncRNA	0	0	0	0.0000	0.0000	0.0000
ENSG00000259738.1	ZNF444P1	processed_pseudogene	0	0	0	0.0000	0.0000	0.0000
ENSG00000259740.1	AC009558.2	lncRNA	0	0	0	0.0000	0.0000	0.0000
ENSG00000259742.1	AC090888.3	unprocessed_pseudogene	0	0	0	0.0000	0.0000	0.0000
ENSG00000259743.2	AC068714.1	processed_pseudogene	0	0	0	0.0000	0.0000	0.0000
ENSG00000259744.1	AC009269.4	lncRNA	0	0	0	0.0000	0.0000	0.0000
ENSG00000259746.1	HSPE1P3	processed_pseudogene	5	4	1	1.3741	0.4025	0.3876
ENSG00000259749.1	NCAPGP2	unprocessed_pseudogene	0	0	0	0.0000	0.0000	0.0000
ENSG00000259750.1	NSA2P4	processed_pseudogene	1	0	1	0.1083	0.0317	0.0306
ENSG00000259751.1	TUBAP11	processed_pseudogene	5	1	4	0.3373	0.0988	0.0951
ENSG00000259753.1	AC068234.1	protein_coding	0	0	0	0.0000	0.0000	0.0000
ENSG00000259754.2	AC092078.2	lncRNA	6	4	4	0.1613	0.0472	0.0455
ENSG00000259755.1	AC090907.2	lncRNA	1	17	22	0.1179	0.0345	0.0333
ENSG00000259756.1	AC100839.1	lncRNA	0	0	0	0.0000	0.0000	0.0000
ENSG00000259757.1	AC091891.1	lncRNA	0	0	0	0.0000	0.0000	0.0000
ENSG00000259759.1	AC007907.1	lncRNA	0	0	0	0.0000	0.0000	0.0000
ENSG00000259760.1	AC015660.2	lncRNA	0	0	0	0.0000	0.0000	0.0000
ENSG00000259761.2	AC078905.1	lncRNA	0	0	0	0.0000	0.0000	0.0000
ENSG00000259762.1	AC021739.4	lncRNA	1	0	1	0.1719	0.0504	0.0485
ENSG00000259763.2	LINC02157	lncRNA	7	4	3	0.6590	0.1930	0.1859
ENSG00000259764.1	PCSK6-AS1	lncRNA	0	0	0	0.0000	0.0000	0.0000
ENSG00000259767.1	AC022558.1	lncRNA	3	2	1	0.5611	0.1644	0.1583
ENSG00000259768.6	AC004943.2	lncRNA	155	228	230	1.8737	0.5488	0.5285
ENSG00000259769.1	AC127381.1	processed_pseudogene	0	0	0	0.0000	0.0000	0.0000
ENSG00000259770.2	AC015871.1	processed_pseudogene	2	1	1	0.1571	0.0460	0.0443
ENSG00000259771.1	AC092756.1	lncRNA	3	1	2	0.5687	0.1666	0.1604
ENSG00000259772.6	AC012236.1	lncRNA	40	30	10	2.1733	0.6366	0.6130
ENSG00000259773.1	AC012100.2	lncRNA	0	125	138	0.0000	0.0000	0.0000
ENSG00000259774.1	AC243562.3	lncRNA	1	1	0	0.0701	0.0205	0.0198
ENSG00000259775.1	AL138976.2	lncRNA	14	7	7	1.7131	0.5018	0.4832
ENSG00000259776.1	AC093426.1	lncRNA	1	1	0	0.0282	0.0083	0.0080
ENSG00000259779.1	LINC01922	lncRNA	0	0	0	0.0000	0.0000	0.0000
ENSG00000259780.3	AC009065.1	lncRNA	0	8	10	0.0000	0.0000	0.0000
ENSG00000259781.1	HMGB1P6	processed_pseudogene	190	94	96	24.9766	7.3160	7.0448
ENSG00000259782.2	AC008915.1	lncRNA	1	1	0	0.1015	0.0297	0.0286
ENSG00000259783.6	LINC02259	lncRNA	2	2	0	0.2666	0.0781	0.0752
ENSG00000259784.1	AC093525.1	protein_coding	0	0	0	0.0000	0.0000	0.0000
ENSG00000259786.7	LINC02109	lncRNA	2	1	1	0.0298	0.0087	0.0084
ENSG00000259788.1	AL596325.1	lncRNA	0	0	0	0.0000	0.0000	0.0000
ENSG00000259789.2	AL096869.3	lncRNA	0	1	0	0.0000	0.0000	0.0000
ENSG00000259790.1	ANP32BP1	transcribed_processed_pseudogene	7	4	3	0.4583	0.1342	0.1293
ENSG00000259791.1	AC092325.1	lncRNA	0	0	0	0.0000	0.0000	0.0000
ENSG00000259792.1	AC104758.1	lncRNA	2	83	86	0.3516	0.1030	0.0992
ENSG00000259793.1	AC013726.1	lncRNA	0	0	0	0.0000	0.0000	0.0000
ENSG00000259797.1	AC020978.1	lncRNA	0	0	0	0.0000	0.0000	0.0000
ENSG00000259798.1	AC138625.1	lncRNA	0	0	0	0.0000	0.0000	0.0000
ENSG00000259800.1	AC145350.1	processed_pseudogene	0	0	0	0.0000	0.0000	0.0000
ENSG00000259802.1	AC012640.2	lncRNA	34	19	15	3.2045	0.9387	0.9039
ENSG00000259803.7	SLC22A31	protein_coding	2	0	2	0.0642	0.0188	0.0181
ENSG00000259804.1	AC027682.1	lncRNA	7	2	5	0.6612	0.1937	0.1865
ENSG00000259805.1	AC022558.2	lncRNA	0	0	0	0.0000	0.0000	0.0000
ENSG00000259807.2	AC009093.1	lncRNA	21	17	21	0.3737	0.1095	0.1054
ENSG00000259810.2	AC002519.1	lncRNA	0	0	0	0.0000	0.0000	0.0000
ENSG00000259813.1	AC138028.3	lncRNA	0	98	104	0.0000	0.0000	0.0000
ENSG00000259814.1	AC102941.1	lncRNA	0	0	0	0.0000	0.0000	0.0000
ENSG00000259815.1	LINC02769	lncRNA	0	0	0	0.0000	0.0000	0.0000
ENSG00000259817.3	AC087565.1	lncRNA	0	0	0	0.0000	0.0000	0.0000
ENSG00000259818.1	AL606760.3	lncRNA	1	0	1	0.0236	0.0069	0.0067
ENSG00000259819.1	AC018767.1	lncRNA	0	0	0	0.0000	0.0000	0.0000
ENSG00000259820.1	AC083843.2	lncRNA	393	207	186	5.3372	1.5634	1.5054
ENSG00000259821.1	AC018845.1	lncRNA	7	6	1	0.7990	0.2340	0.2254
ENSG00000259822.2	AC140878.1	processed_pseudogene	0	0	0	0.0000	0.0000	0.0000
ENSG00000259823.6	LYPD8	protein_coding	0	0	0	0.0000	0.0000	0.0000
ENSG00000259826.1	AC072061.1	lncRNA	27	13	14	1.0263	0.3006	0.2895
ENSG00000259827.1	AC026461.1	lncRNA	0	0	0	0.0000	0.0000	0.0000
ENSG00000259828.1	AL355596.1	lncRNA	6	2	4	0.1275	0.0373	0.0360
ENSG00000259831.1	LINC00567	lncRNA	2	1	1	0.0498	0.0146	0.0141
ENSG00000259832.1	CYP4A26P	unprocessed_pseudogene	0	0	0	0.0000	0.0000	0.0000
ENSG00000259833.5	AC138625.2	lncRNA	0	0	0	0.0000	0.0000	0.0000
ENSG00000259834.1	AL365361.1	lncRNA	137	69	68	3.3422	0.9790	0.9427
ENSG00000259836.1	AGGF1P6	processed_pseudogene	0	0	0	0.0000	0.0000	0.0000
ENSG00000259837.1	LINC01904	lncRNA	0	0	0	0.0000	0.0000	0.0000
ENSG00000259838.1	ELOCP2	unprocessed_pseudogene	7	5	2	1.7905	0.5245	0.5050
ENSG00000259840.1	Z97653.1	lncRNA	2	1	1	0.3808	0.1115	0.1074
ENSG00000259841.6	LINC01566	lncRNA	0	0	0	0.0000	0.0000	0.0000
ENSG00000259842.2	IGHV3OR16-16	unprocessed_pseudogene	4	2	3	0.9903	0.2901	0.2793
ENSG00000259843.2	AC007610.1	lncRNA	0	8	7	0.0000	0.0000	0.0000
ENSG00000259844.2	GNPATP	processed_pseudogene	1	1	0	0.0429	0.0126	0.0121
ENSG00000259845.1	HERC2P10	unprocessed_pseudogene	25	15	10	0.8872	0.2599	0.2502
ENSG00000259846.1	AC092131.1	lncRNA	0	0	0	0.0000	0.0000	0.0000
ENSG00000259847.2	LINC02126	lncRNA	2	1	1	0.1064	0.0312	0.0300
ENSG00000259848.9	AC097374.1	transcribed_unprocessed_pseudogene	1	0	1	0.0102	0.0030	0.0029
ENSG00000259849.2	VENTXP1	transcribed_processed_pseudogene	0	0	0	0.0000	0.0000	0.0000
ENSG00000259852.2	IGHV1OR16-2	IG_V_pseudogene	0	0	0	0.0000	0.0000	0.0000
ENSG00000259854.1	AP005233.1	lncRNA	0	0	0	0.0000	0.0000	0.0000
ENSG00000259855.1	AC007749.1	lncRNA	0	0	0	0.0000	0.0000	0.0000
ENSG00000259856.1	RAB43P1	processed_pseudogene	53	25	28	7.6414	2.2383	2.1553
ENSG00000259861.1	AC010266.1	lncRNA	0	0	0	0.0000	0.0000	0.0000
ENSG00000259862.1	AC026336.2	lncRNA	0	0	0	0.0000	0.0000	0.0000
ENSG00000259863.1	SH3RF3-AS1	lncRNA	6	4	2	0.3177	0.0930	0.0896
ENSG00000259864.1	AC018846.1	processed_pseudogene	0	0	0	0.0000	0.0000	0.0000
ENSG00000259865.1	AL390728.6	lncRNA	73	35	38	4.9753	1.4573	1.4033
ENSG00000259866.1	AC007599.1	processed_pseudogene	0	3	0	0.0000	0.0000	0.0000
ENSG00000259867.6	AC105411.1	lncRNA	1	0	1	0.0116	0.0034	0.0033
ENSG00000259868.3	AL163952.1	lncRNA	100	57	43	1.7145	0.5022	0.4836
ENSG00000259869.2	AL022344.1	lncRNA	0	0	0	0.0000	0.0000	0.0000
ENSG00000259870.1	AC024651.2	lncRNA	0	0	0	0.0000	0.0000	0.0000
ENSG00000259871.1	AC130456.1	lncRNA	0	0	0	0.0000	0.0000	0.0000
ENSG00000259873.1	AC009117.1	processed_pseudogene	0	0	0	0.0000	0.0000	0.0000
ENSG00000259874.1	AC034105.2	processed_pseudogene	0	0	0	0.0000	0.0000	0.0000
ENSG00000259876.1	AC010333.1	lncRNA	0	0	0	0.0000	0.0000	0.0000
ENSG00000259877.2	AC009113.1	lncRNA	64	33	32	2.2247	0.6516	0.6275
ENSG00000259878.1	AC126323.3	lncRNA	0	0	0	0.0000	0.0000	0.0000
ENSG00000259881.1	AC092384.2	lncRNA	2	2	13	0.0556	0.0163	0.0157
ENSG00000259882.2	AC142384.1	unprocessed_pseudogene	0	0	0	0.0000	0.0000	0.0000
ENSG00000259883.2	EHD4-AS1	lncRNA	1	1	1	0.0723	0.0212	0.0204
ENSG00000259884.1	NR4A1AS	lncRNA	13	514	483	1.2065	0.3534	0.3403
ENSG00000259887.1	FIGNL2-DT	lncRNA	0	0	0	0.0000	0.0000	0.0000
ENSG00000259889.1	AC093802.2	lncRNA	0	0	0	0.0000	0.0000	0.0000
ENSG00000259890.1	DNM1P50	unprocessed_pseudogene	0	0	0	0.0000	0.0000	0.0000
ENSG00000259891.1	AC107375.1	lncRNA	33	9	24	1.2561	0.3679	0.3543
ENSG00000259892.1	AC027139.1	unprocessed_pseudogene	0	0	0	0.0000	0.0000	0.0000
ENSG00000259895.1	AC106820.2	lncRNA	0	2	2	0.0000	0.0000	0.0000
ENSG00000259897.2	FRG2JP	unprocessed_pseudogene	2	2	0	0.2041	0.0598	0.0576
ENSG00000259899.1	AC010333.2	lncRNA	0	0	0	0.0000	0.0000	0.0000
ENSG00000259900.5	AC026464.1	protein_coding	0	0	0	0.0000	0.0000	0.0000
ENSG00000259904.1	ACTG1P15	processed_pseudogene	5	2	3	0.3994	0.1170	0.1127
ENSG00000259905.7	PWRN1	lncRNA	1	0	1	0.0035	0.0010	0.0010
ENSG00000259906.1	AC120045.1	lncRNA	0	0	0	0.0000	0.0000	0.0000
ENSG00000259907.1	AC004817.2	lncRNA	0	0	0	0.0000	0.0000	0.0000
ENSG00000259909.1	AC100827.1	unprocessed_pseudogene	0	0	0	0.0000	0.0000	0.0000
ENSG00000259910.1	AC120498.1	lncRNA	0	0	0	0.0000	0.0000	0.0000
ENSG00000259912.1	AC023813.1	lncRNA	0	0	0	0.0000	0.0000	0.0000
ENSG00000259914.1	AC009063.1	lncRNA	0	0	0	0.0000	0.0000	0.0000
ENSG00000259915.2	AC017071.1	lncRNA	5	3	2	0.1927	0.0564	0.0543
ENSG00000259916.1	AL845331.1	protein_coding	0	0	0	0.0000	0.0000	0.0000
ENSG00000259917.1	HNRNPLP2	unprocessed_pseudogene	40	20	20	2.1636	0.6337	0.6102
ENSG00000259918.1	NDUFA5P11	processed_pseudogene	7	4	3	1.7331	0.5076	0.4888
ENSG00000259920.1	AC007938.1	lncRNA	2	1	1	0.0585	0.0171	0.0165
ENSG00000259921.1	AC022819.1	lncRNA	3	3	0	0.0652	0.0191	0.0184
ENSG00000259922.1	AC023825.1	processed_pseudogene	0	0	0	0.0000	0.0000	0.0000
ENSG00000259923.1	AC026461.2	lncRNA	0	0	0	0.0000	0.0000	0.0000
ENSG00000259924.1	AC011939.1	processed_pseudogene	2	2	0	0.1762	0.0516	0.0497
ENSG00000259925.1	AC130456.2	lncRNA	0	0	0	0.0000	0.0000	0.0000
ENSG00000259926.1	AC007342.1	lncRNA	0	0	0	0.0000	0.0000	0.0000
ENSG00000259928.1	AC011840.2	lncRNA	0	0	0	0.0000	0.0000	0.0000
ENSG00000259929.5	AC010601.1	lncRNA	0	3	2	0.0000	0.0000	0.0000
ENSG00000259931.2	AC105036.1	processed_pseudogene	1	0	1	0.3134	0.0918	0.0884
ENSG00000259932.1	AC051619.6	lncRNA	2	1	1	0.2726	0.0799	0.0769
ENSG00000259933.6	AC009065.2	lncRNA	5	80	98	0.6145	0.1800	0.1733
ENSG00000259934.1	AC142086.2	processed_pseudogene	0	0	0	0.0000	0.0000	0.0000
ENSG00000259935.1	AC009754.1	lncRNA	1	1	0	0.1573	0.0461	0.0444
ENSG00000259937.2	AC023158.1	lncRNA	0	0	0	0.0000	0.0000	0.0000
ENSG00000259939.1	AC022167.1	lncRNA	0	249	308	0.0000	0.0000	0.0000
ENSG00000259940.2	AC109449.1	lncRNA	1	7	14	0.0504	0.0148	0.0142
ENSG00000259941.1	AC084782.1	lncRNA	0	15	16	0.0000	0.0000	0.0000
ENSG00000259943.1	AL050341.2	lncRNA	110	60	50	6.0618	1.7756	1.7098
ENSG00000259944.1	CDRT7	lncRNA	0	0	0	0.0000	0.0000	0.0000
ENSG00000259945.1	AC027682.2	lncRNA	0	216	226	0.0000	0.0000	0.0000
ENSG00000259946.1	BX005019.1	lncRNA	0	0	0	0.0000	0.0000	0.0000
ENSG00000259947.1	LINC02124	lncRNA	0	0	0	0.0000	0.0000	0.0000
ENSG00000259948.2	AC124068.1	processed_pseudogene	0	1125	1168	0.0000	0.0000	0.0000
ENSG00000259950.1	AC034105.3	processed_pseudogene	0	0	0	0.0000	0.0000	0.0000
ENSG00000259952.1	AC009133.2	lncRNA	0	311	264	0.0000	0.0000	0.0000
ENSG00000259953.2	AL138756.1	lncRNA	64	40	24	0.7632	0.2236	0.2153
ENSG00000259954.1	IL21R-AS1	lncRNA	2	85	99	0.0649	0.0190	0.0183
ENSG00000259955.1	AC008741.1	lncRNA	0	34	26	0.0000	0.0000	0.0000
ENSG00000259956.2	RBM15B	protein_coding	1815	945	1064	23.2685	6.8157	6.5630
ENSG00000259959.1	AC107068.1	lncRNA	66	30	36	1.3288	0.3892	0.3748
ENSG00000259961.1	AL354712.1	lncRNA	0	0	0	0.0000	0.0000	0.0000
ENSG00000259962.1	AC007342.2	unprocessed_pseudogene	0	0	0	0.0000	0.0000	0.0000
ENSG00000259963.1	AC007012.1	processed_pseudogene	0	0	0	0.0000	0.0000	0.0000
ENSG00000259964.7	THSD4-AS1	lncRNA	1	1	0	0.0184	0.0054	0.0052
ENSG00000259966.6	AC137800.1	transcribed_unprocessed_pseudogene	0	0	0	0.0000	0.0000	0.0000
ENSG00000259967.1	AC087761.1	lncRNA	2	1	1	0.3055	0.0895	0.0862
ENSG00000259968.3	AC093283.1	lncRNA	0	0	0	0.0000	0.0000	0.0000
ENSG00000259969.1	AL049838.1	lncRNA	2	0	2	0.1731	0.0507	0.0488
ENSG00000259970.1	AC099668.1	lncRNA	0	0	0	0.0000	0.0000	0.0000
ENSG00000259972.3	AC009120.2	lncRNA	101	1240	1171	1.9564	0.5731	0.5518
ENSG00000259974.3	LINC00261	lncRNA	0	0	0	0.0000	0.0000	0.0000
ENSG00000259976.3	AC093010.2	lncRNA	0	0	0	0.0000	0.0000	0.0000
ENSG00000259977.1	AL121578.1	lncRNA	3	2	1	0.3588	0.1051	0.1012
ENSG00000259978.1	MRPS21P8	processed_pseudogene	0	0	0	0.0000	0.0000	0.0000
ENSG00000259979.1	VN1R68P	processed_pseudogene	0	0	0	0.0000	0.0000	0.0000
ENSG00000259981.1	AF096876.1	lncRNA	0	0	0	0.0000	0.0000	0.0000
ENSG00000259982.1	CDC37P1	processed_pseudogene	1	1	0	0.0886	0.0259	0.0250
ENSG00000259983.1	AC018845.2	transcribed_processed_pseudogene	0	0	0	0.0000	0.0000	0.0000
ENSG00000259984.1	AL928711.1	unprocessed_pseudogene	0	0	0	0.0000	0.0000	0.0000
ENSG00000259985.1	AC017100.1	lncRNA	257	150	155	18.6694	5.4686	5.2658
ENSG00000259986.1	AC103876.1	lncRNA	0	0	0	0.0000	0.0000	0.0000
ENSG00000259987.1	DUX4L46	processed_pseudogene	0	0	0	0.0000	0.0000	0.0000
ENSG00000259989.1	AC135782.2	lncRNA	1	0	1	0.1799	0.0527	0.0507
ENSG00000259990.2	AC133561.2	unprocessed_pseudogene	1	0	1	0.2419	0.0709	0.0682
ENSG00000259992.1	AC025287.1	lncRNA	0	0	0	0.0000	0.0000	0.0000
ENSG00000259993.1	AC135731.1	processed_pseudogene	2	1	1	0.0667	0.0195	0.0188
ENSG00000259994.1	AL353796.1	lncRNA	23	8	15	0.6026	0.1765	0.1700
ENSG00000259995.1	AC106729.1	lncRNA	0	0	0	0.0000	0.0000	0.0000
ENSG00000259996.1	RARRES2P8	processed_pseudogene	0	0	0	0.0000	0.0000	0.0000
ENSG00000259997.2	IGHV1OR16-4	IG_V_pseudogene	0	0	0	0.0000	0.0000	0.0000
ENSG00000259998.1	AL133279.3	lncRNA	0	0	0	0.0000	0.0000	0.0000
ENSG00000259999.1	AC009054.1	lncRNA	0	0	0	0.0000	0.0000	0.0000
ENSG00000260000.2	AL133338.1	lncRNA	18	12	6	1.0076	0.2951	0.2842
ENSG00000260001.6	TGFBR3L	protein_coding	2	5	0	0.1120	0.0328	0.0316
ENSG00000260003.1	AC018767.2	lncRNA	0	0	0	0.0000	0.0000	0.0000
ENSG00000260004.1	AC092138.1	lncRNA	0	0	0	0.0000	0.0000	0.0000
ENSG00000260005.6	AC027601.1	lncRNA	12	186	192	0.2262	0.0662	0.0638
ENSG00000260007.3	AC107871.1	protein_coding	21	87	66	0.2451	0.0718	0.0691
ENSG00000260008.1	AP001527.1	lncRNA	0	0	0	0.0000	0.0000	0.0000
ENSG00000260009.1	LINC02130	lncRNA	0	0	0	0.0000	0.0000	0.0000
ENSG00000260010.1	ZNF720P1	processed_pseudogene	0	0	0	0.0000	0.0000	0.0000
ENSG00000260011.2	AC132938.1	lncRNA	0	0	0	0.0000	0.0000	0.0000
ENSG00000260012.1	AC007494.1	processed_pseudogene	0	0	0	0.0000	0.0000	0.0000
ENSG00000260014.1	LSM3P5	processed_pseudogene	0	0	0	0.0000	0.0000	0.0000
ENSG00000260015.1	AC010547.2	lncRNA	0	0	0	0.0000	0.0000	0.0000
ENSG00000260017.1	AC138811.1	lncRNA	0	88	97	0.0000	0.0000	0.0000
ENSG00000260018.1	AC040169.1	lncRNA	39	21	18	6.3568	1.8620	1.7930
ENSG00000260019.2	LINC01992	lncRNA	66	57	61	1.6460	0.4821	0.4643
ENSG00000260021.1	AC098934.2	lncRNA	0	0	0	0.0000	0.0000	0.0000
ENSG00000260022.1	AL031716.1	lncRNA	6	3	3	0.9614	0.2816	0.2712
ENSG00000260024.1	MRPS21P7	processed_pseudogene	0	0	0	0.0000	0.0000	0.0000
ENSG00000260025.1	CRIM1-DT	lncRNA	10	4	6	2.3202	0.6796	0.6544
ENSG00000260026.3	LINC02189	lncRNA	0	0	0	0.0000	0.0000	0.0000
ENSG00000260027.5	HOXB7	protein_coding	1073	555	518	59.9471	17.5595	16.9084
ENSG00000260029.2	AC007608.2	lncRNA	0	0	0	0.0000	0.0000	0.0000
ENSG00000260030.1	AC076968.1	lncRNA	0	0	0	0.0000	0.0000	0.0000
ENSG00000260031.1	RPL10P14	processed_pseudogene	2	2	0	0.5699	0.1669	0.1608
ENSG00000260032.2	NORAD	lncRNA	13482	6925	6560	211.9788	62.0919	59.7899
ENSG00000260033.1	AC023813.2	processed_pseudogene	0	0	0	0.0000	0.0000	0.0000
ENSG00000260034.1	LCMT1-AS2	lncRNA	3	2	1	0.0319	0.0093	0.0090
ENSG00000260035.1	AC051619.7	lncRNA	1	1	0	0.2757	0.0808	0.0778
ENSG00000260036.1	AC013355.1	processed_pseudogene	0	0	0	0.0000	0.0000	0.0000
ENSG00000260037.5	AC104938.1	lncRNA	4	172	188	0.3791	0.1110	0.1069
ENSG00000260038.1	AC009090.1	lncRNA	0	0	0	0.0000	0.0000	0.0000
ENSG00000260041.5	AC007495.1	lncRNA	0	0	0	0.0000	0.0000	0.0000
ENSG00000260042.1	AC025810.1	lncRNA	0	0	0	0.0000	0.0000	0.0000
ENSG00000260046.1	AL162632.3	lncRNA	5	4	1	0.2613	0.0765	0.0737
ENSG00000260047.2	BCAP31P2	unprocessed_pseudogene	0	0	0	0.0000	0.0000	0.0000
ENSG00000260048.2	IGHV1OR16-3	IG_V_pseudogene	1	0	1	0.4142	0.1213	0.1168
ENSG00000260051.1	AL031600.1	lncRNA	3	2	4	0.4469	0.1309	0.1261
ENSG00000260052.1	AC023813.3	lncRNA	24	5	19	3.7812	1.1076	1.0665
ENSG00000260053.2	ABCB10P4	processed_pseudogene	0	0	0	0.0000	0.0000	0.0000
ENSG00000260057.6	LINC01571	lncRNA	0	0	0	0.0000	0.0000	0.0000
ENSG00000260058.1	AC018767.3	lncRNA	0	0	0	0.0000	0.0000	0.0000
ENSG00000260059.1	AC092620.2	lncRNA	0	0	0	0.0000	0.0000	0.0000
ENSG00000260060.1	AC009088.1	lncRNA	7	1	6	0.7136	0.2090	0.2013
ENSG00000260062.3	GOLGA2P11	transcribed_unprocessed_pseudogene	0	0	0	0.0000	0.0000	0.0000
ENSG00000260063.1	AL512408.1	lncRNA	16	12	11	0.6794	0.1990	0.1916
ENSG00000260064.1	AC092332.1	lncRNA	0	0	0	0.0000	0.0000	0.0000
ENSG00000260066.1	AC112176.1	lncRNA	0	0	0	0.0000	0.0000	0.0000
ENSG00000260067.1	MTND4LP25	processed_pseudogene	0	0	0	0.0000	0.0000	0.0000
ENSG00000260068.1	AC009101.1	processed_pseudogene	0	0	0	0.0000	0.0000	0.0000
ENSG00000260070.1	AC006960.3	lncRNA	1	1	0	0.1205	0.0353	0.0340
ENSG00000260071.2	AC012178.1	lncRNA	0	0	0	0.0000	0.0000	0.0000
ENSG00000260072.1	AC008938.1	lncRNA	0	0	0	0.0000	0.0000	0.0000
ENSG00000260073.2	AC023824.1	lncRNA	0	0	0	0.0000	0.0000	0.0000
ENSG00000260075.1	NSFP1	unprocessed_pseudogene	3	1	2	0.1732	0.0507	0.0488
ENSG00000260077.1	AC104794.3	lncRNA	83	39	45	4.4837	1.3133	1.2647
ENSG00000260078.3	AC007342.3	transcribed_unprocessed_pseudogene	0	0	0	0.0000	0.0000	0.0000
ENSG00000260081.2	AF274858.1	transcribed_processed_pseudogene	33	17	16	0.5383	0.1577	0.1518
ENSG00000260082.1	AC106886.1	processed_pseudogene	0	1	2	0.0000	0.0000	0.0000
ENSG00000260083.2	MIR762HG	lncRNA	42	389	392	1.6497	0.4832	0.4653
ENSG00000260084.1	AC126773.3	lncRNA	2	1	1	0.3105	0.0909	0.0876
ENSG00000260086.3	AC007611.1	lncRNA	125	61	64	3.1858	0.9332	0.8986
ENSG00000260087.1	PCMTD1P2	processed_pseudogene	0	0	0	0.0000	0.0000	0.0000
ENSG00000260088.1	DDX59-AS1	lncRNA	4	4	3	0.4615	0.1352	0.1302
ENSG00000260089.2	ADAM3B	processed_pseudogene	0	0	0	0.0000	0.0000	0.0000
ENSG00000260090.1	AC092435.3	lncRNA	0	0	0	0.0000	0.0000	0.0000
ENSG00000260091.1	AC093752.3	lncRNA	0	2	4	0.0000	0.0000	0.0000
ENSG00000260092.1	AC009163.3	protein_coding	0	0	0	0.0000	0.0000	0.0000
ENSG00000260093.1	AC034111.1	lncRNA	1	0	1	0.0225	0.0066	0.0064
ENSG00000260094.1	LINC00564	lncRNA	0	0	0	0.0000	0.0000	0.0000
ENSG00000260095.1	AC106820.3	lncRNA	1	0	1	0.2139	0.0627	0.0603
ENSG00000260096.1	DNM1P33	unprocessed_pseudogene	0	0	0	0.0000	0.0000	0.0000
ENSG00000260097.3	SPDYE6	protein_coding	5	6	0	0.1348	0.0395	0.0380
ENSG00000260100.1	AL512604.3	lncRNA	0	0	0	0.0000	0.0000	0.0000
ENSG00000260101.1	AC008074.2	lncRNA	30	15	16	1.3359	0.3913	0.3768
ENSG00000260102.2	LINC01070	lncRNA	0	0	0	0.0000	0.0000	0.0000
ENSG00000260103.2	AC012435.2	transcribed_processed_pseudogene	0	24	17	0.0000	0.0000	0.0000
ENSG00000260104.1	AC068338.1	unprocessed_pseudogene	0	0	0	0.0000	0.0000	0.0000
ENSG00000260105.6	AOC4P	transcribed_unprocessed_pseudogene	0	0	1	0.0000	0.0000	0.0000
ENSG00000260107.1	AC005606.1	lncRNA	0	281	323	0.0000	0.0000	0.0000
ENSG00000260108.1	AC026464.2	lncRNA	0	0	0	0.0000	0.0000	0.0000
ENSG00000260109.1	AC135628.1	unprocessed_pseudogene	0	0	0	0.0000	0.0000	0.0000
ENSG00000260111.1	AC012184.1	lncRNA	0	170	175	0.0000	0.0000	0.0000
ENSG00000260112.1	AC008567.1	processed_pseudogene	1	0	1	0.0712	0.0209	0.0201
ENSG00000260113.3	AC093249.1	processed_pseudogene	0	0	0	0.0000	0.0000	0.0000
ENSG00000260115.1	AC012174.1	lncRNA	0	0	0	0.0000	0.0000	0.0000
ENSG00000260118.1	AL157700.1	lncRNA	25	14	11	1.4825	0.4343	0.4182
ENSG00000260120.2	AC104066.3	lncRNA	0	0	0	0.0000	0.0000	0.0000
ENSG00000260121.1	AC138028.4	lncRNA	2	855	845	0.0921	0.0270	0.0260
ENSG00000260122.1	AC068987.1	lncRNA	0	1	0	0.0000	0.0000	0.0000
ENSG00000260123.2	AC013565.1	lncRNA	6	5	1	0.2629	0.0770	0.0742
ENSG00000260125.2	AGBL1-AS1	lncRNA	0	0	0	0.0000	0.0000	0.0000
ENSG00000260126.2	AC136431.1	lncRNA	0	0	0	0.0000	0.0000	0.0000
ENSG00000260128.6	ULK4P2	transcribed_unprocessed_pseudogene	0	0	0	0.0000	0.0000	0.0000
ENSG00000260131.1	LINC00556	lncRNA	0	0	0	0.0000	0.0000	0.0000
ENSG00000260132.1	AL032819.1	lncRNA	5	4	2	1.1203	0.3282	0.3160
ENSG00000260133.1	CA5AP1	unprocessed_pseudogene	0	0	0	0.0000	0.0000	0.0000
ENSG00000260134.1	C1QL1P1	processed_pseudogene	0	0	0	0.0000	0.0000	0.0000
ENSG00000260135.7	MMP2-AS1	lncRNA	11	6	5	0.4242	0.1243	0.1197
ENSG00000260136.6	AC008915.2	lncRNA	8	67	73	0.6746	0.1976	0.1903
ENSG00000260137.1	AL132657.2	lncRNA	0	0	0	0.0000	0.0000	0.0000
ENSG00000260139.6	CSPG4P13	transcribed_unprocessed_pseudogene	169	88	81	2.9787	0.8725	0.8402
ENSG00000260141.1	AC145350.2	lncRNA	0	0	0	0.0000	0.0000	0.0000
ENSG00000260142.1	AC068135.2	lncRNA	0	0	0	0.0000	0.0000	0.0000
ENSG00000260144.1	AC100827.2	unprocessed_pseudogene	1	0	1	0.0711	0.0208	0.0201
ENSG00000260145.1	AC023825.2	lncRNA	2	0	2	0.2527	0.0740	0.0713
ENSG00000260146.1	AC132186.1	processed_pseudogene	0	0	0	0.0000	0.0000	0.0000
ENSG00000260147.1	MTND5P34	processed_pseudogene	0	0	0	0.0000	0.0000	0.0000
ENSG00000260148.1	AC009090.2	lncRNA	0	0	0	0.0000	0.0000	0.0000
ENSG00000260151.1	LINC02673	lncRNA	0	0	0	0.0000	0.0000	0.0000
ENSG00000260152.2	AC113208.2	processed_pseudogene	0	0	0	0.0000	0.0000	0.0000
ENSG00000260153.1	RARRES2P10	processed_pseudogene	0	0	0	0.0000	0.0000	0.0000
ENSG00000260156.1	AC020763.1	lncRNA	5	1	4	0.7706	0.2257	0.2174
ENSG00000260157.3	AC233702.1	transcribed_unprocessed_pseudogene	0	0	0	0.0000	0.0000	0.0000
ENSG00000260158.1	AC137761.1	lncRNA	0	0	0	0.0000	0.0000	0.0000
ENSG00000260159.1	AC091304.2	unprocessed_pseudogene	0	0	0	0.0000	0.0000	0.0000
ENSG00000260160.1	AC011468.1	lncRNA	35	22	13	4.4033	1.2898	1.2420
ENSG00000260161.1	MTCYBP28	processed_pseudogene	1	0	1	0.0750	0.0220	0.0212
ENSG00000260162.2	AC134312.2	lncRNA	0	4	6	0.0000	0.0000	0.0000
ENSG00000260163.1	AC012508.1	lncRNA	0	0	0	0.0000	0.0000	0.0000
ENSG00000260165.1	AC105036.2	unprocessed_pseudogene	0	0	0	0.0000	0.0000	0.0000
ENSG00000260166.2	AC134312.3	lncRNA	2	1	1	0.2183	0.0639	0.0616
ENSG00000260167.1	AC093249.2	lncRNA	3	2	1	0.5286	0.1548	0.1491
ENSG00000260170.1	AC090527.2	protein_coding	0	0	0	0.0000	0.0000	0.0000
ENSG00000260171.1	AC008269.2	lncRNA	0	0	0	0.0000	0.0000	0.0000
ENSG00000260172.2	LINC01413	lncRNA	2	0	2	0.1723	0.0505	0.0486
ENSG00000260173.1	AC020779.2	lncRNA	0	15	14	0.0000	0.0000	0.0000
ENSG00000260174.1	SYNGR2P1	processed_pseudogene	2	2	0	0.2524	0.0739	0.0712
ENSG00000260176.1	AC141586.2	lncRNA	3	3	0	0.4454	0.1305	0.1256
ENSG00000260177.1	AC126696.1	lncRNA	0	0	0	0.0000	0.0000	0.0000
ENSG00000260179.1	AL162741.1	lncRNA	2	0	2	0.1090	0.0319	0.0307
ENSG00000260182.1	AC120498.2	lncRNA	1	1	0	0.3410	0.0999	0.0962
ENSG00000260183.1	AC108097.1	lncRNA	0	0	0	0.0000	0.0000	0.0000
ENSG00000260184.1	AC023827.1	processed_pseudogene	0	0	0	0.0000	0.0000	0.0000
ENSG00000260185.1	AC009097.1	lncRNA	0	13	7	0.0000	0.0000	0.0000
ENSG00000260186.5	LINC02137	lncRNA	0	0	0	0.0000	0.0000	0.0000
ENSG00000260187.2	PPIAP48	transcribed_processed_pseudogene	0	0	0	0.0000	0.0000	0.0000
ENSG00000260188.1	AC002464.1	lncRNA	0	0	0	0.0000	0.0000	0.0000
ENSG00000260190.1	AL807752.5	lncRNA	2	2	0	0.2071	0.0607	0.0584
ENSG00000260192.3	LINC02240	lncRNA	1	8	4	0.0112	0.0033	0.0032
ENSG00000260193.1	LINC02846	lncRNA	6	0	6	0.3820	0.1119	0.1077
ENSG00000260194.1	AC007496.1	lncRNA	0	0	0	0.0000	0.0000	0.0000
ENSG00000260196.1	AC124798.1	lncRNA	69	33	36	2.0324	0.5953	0.5733
ENSG00000260197.1	AC010889.1	lncRNA	13	7	6	0.4141	0.1213	0.1168
ENSG00000260198.1	AC009102.1	lncRNA	0	0	0	0.0000	0.0000	0.0000
ENSG00000260201.2	AC141273.1	lncRNA	0	0	0	0.0000	0.0000	0.0000
ENSG00000260202.2	AL109954.1	lncRNA	0	0	0	0.0000	0.0000	0.0000
ENSG00000260205.1	AL157831.2	lncRNA	0	0	0	0.0000	0.0000	0.0000
ENSG00000260206.1	AC105020.2	lncRNA	0	451	366	0.0000	0.0000	0.0000
ENSG00000260207.1	DUX4L47	processed_pseudogene	0	0	0	0.0000	0.0000	0.0000
ENSG00000260209.1	AP000842.3	lncRNA	10	5	5	0.5669	0.1661	0.1599
ENSG00000260211.2	AC139426.1	processed_pseudogene	0	0	0	0.0000	0.0000	0.0000
ENSG00000260212.1	AL356432.3	unprocessed_pseudogene	0	0	0	0.0000	0.0000	0.0000
ENSG00000260213.6	AC092718.2	lncRNA	1	35	45	0.0250	0.0073	0.0071
ENSG00000260217.1	AC104640.1	lncRNA	0	0	0	0.0000	0.0000	0.0000
ENSG00000260218.1	AC034105.4	processed_pseudogene	0	0	0	0.0000	0.0000	0.0000
ENSG00000260219.2	CD2BP2-DT	lncRNA	107	62	67	9.1598	2.6830	2.5836
ENSG00000260220.7	CCDC187	protein_coding	0	0	0	0.0000	0.0000	0.0000
ENSG00000260223.2	AC099511.1	lncRNA	0	0	0	0.0000	0.0000	0.0000
ENSG00000260224.1	UBL5P4	processed_pseudogene	0	0	0	0.0000	0.0000	0.0000
ENSG00000260228.6	AC009119.1	lncRNA	4	43	33	0.0675	0.0198	0.0190
ENSG00000260229.1	PPIAP51	processed_pseudogene	5	3	2	0.8543	0.2502	0.2410
ENSG00000260230.5	FRRS1L	protein_coding	2	2	0	0.0109	0.0032	0.0031
ENSG00000260231.2	KDM7A-DT	lncRNA	424	218	206	14.6546	4.2926	4.1334
ENSG00000260232.3	PWRN4	lncRNA	0	0	0	0.0000	0.0000	0.0000
ENSG00000260233.3	ZNRD2-AS1	lncRNA	26	22	11	1.1369	0.3330	0.3207
ENSG00000260234.5	AC020636.2	protein_coding	1	1	0	0.0639	0.0187	0.0180
ENSG00000260235.1	AC105020.3	lncRNA	0	32	30	0.0000	0.0000	0.0000
ENSG00000260236.1	AC099778.1	lncRNA	7	7	1	0.3111	0.0911	0.0877
ENSG00000260237.1	AC092130.1	lncRNA	0	0	0	0.0000	0.0000	0.0000
ENSG00000260238.6	PMF1-BGLAP	protein_coding	0	0	0	0.0000	0.0000	0.0000
ENSG00000260239.2	LINC02533	lncRNA	1	1	0	0.0285	0.0083	0.0080
ENSG00000260240.4	APOOP5	transcribed_processed_pseudogene	0	0	0	0.0000	0.0000	0.0000
ENSG00000260242.1	AC091489.1	lncRNA	0	0	0	0.0000	0.0000	0.0000
ENSG00000260244.1	AC104083.1	lncRNA	0	0	0	0.0000	0.0000	0.0000
ENSG00000260246.1	AC000032.1	lncRNA	0	9	6	0.0000	0.0000	0.0000
ENSG00000260247.1	SUB1P4	processed_pseudogene	0	0	0	0.0000	0.0000	0.0000
ENSG00000260249.3	AC007608.3	lncRNA	1	26	28	0.0129	0.0038	0.0036
ENSG00000260251.1	AC092368.1	unprocessed_pseudogene	0	0	0	0.0000	0.0000	0.0000
ENSG00000260252.1	AC009087.1	lncRNA	2	31	34	0.4603	0.1348	0.1298
ENSG00000260253.1	AC084262.1	lncRNA	9	3	6	1.0177	0.2981	0.2870
ENSG00000260254.1	AP000997.3	lncRNA	0	0	0	0.0000	0.0000	0.0000
ENSG00000260255.1	AC093524.1	processed_pseudogene	0	0	0	0.0000	0.0000	0.0000
ENSG00000260256.1	AP001063.1	lncRNA	0	0	0	0.0000	0.0000	0.0000
ENSG00000260257.2	AL035071.1	lncRNA	133	69	64	5.3001	1.5525	1.4949
ENSG00000260258.2	AC007346.1	transcribed_processed_pseudogene	6	1	5	0.3843	0.1126	0.1084
ENSG00000260259.1	LINC02166	lncRNA	4	2	2	0.4711	0.1380	0.1329
ENSG00000260260.1	SNHG19	lncRNA	110	60	50	27.3136	8.0006	7.7040
ENSG00000260261.2	AC124944.2	transcribed_unprocessed_pseudogene	10	8	5	0.1548	0.0454	0.0437
ENSG00000260262.1	AC139887.3	lncRNA	0	0	0	0.0000	0.0000	0.0000
ENSG00000260264.1	LINC02194	lncRNA	0	0	0	0.0000	0.0000	0.0000
ENSG00000260265.1	LINC02562	lncRNA	0	0	0	0.0000	0.0000	0.0000
ENSG00000260266.1	PPIAP46	transcribed_processed_pseudogene	7	6	3	0.1606	0.0470	0.0453
ENSG00000260267.1	AC026471.1	lncRNA	208	209	188	5.8372	1.7098	1.6464
ENSG00000260268.6	LINC00919	lncRNA	0	0	0	0.0000	0.0000	0.0000
ENSG00000260269.5	AC105036.3	lncRNA	1	0	1	0.0776	0.0227	0.0219
ENSG00000260271.3	AL132996.1	lncRNA	2	0	2	0.0190	0.0056	0.0054
ENSG00000260272.1	AC093525.2	protein_coding	0	0	0	0.0000	0.0000	0.0000
ENSG00000260273.1	AL359711.2	lncRNA	3	1	3	0.2922	0.0856	0.0824
ENSG00000260274.1	AC068338.2	lncRNA	43	148	118	2.5536	0.7480	0.7202
ENSG00000260275.1	AC013565.2	processed_pseudogene	0	0	0	0.0000	0.0000	0.0000
ENSG00000260276.2	AC022167.2	lncRNA	19	475	429	0.6107	0.1789	0.1723
ENSG00000260277.2	AC009019.1	lncRNA	2	82	114	0.1204	0.0353	0.0340
ENSG00000260278.1	AC098818.2	lncRNA	0	0	0	0.0000	0.0000	0.0000
ENSG00000260279.4	AC137932.1	lncRNA	10	5	5	0.4536	0.1329	0.1280
ENSG00000260280.5	SLX1B-SULT1A4	lncRNA	0	0	0	0.0000	0.0000	0.0000
ENSG00000260281.6	ITFG1-AS1	lncRNA	5	453	457	0.6761	0.1980	0.1907
ENSG00000260282.1	EIF4EBP2P2	processed_pseudogene	0	0	0	0.0000	0.0000	0.0000
ENSG00000260284.1	TPSP2	unprocessed_pseudogene	0	0	1	0.0000	0.0000	0.0000
ENSG00000260285.1	AL133367.1	lncRNA	36	19	17	0.7524	0.2204	0.2122
ENSG00000260286.4	ARMH2	protein_coding	2	1	1	0.2051	0.0601	0.0579
ENSG00000260287.4	TBC1D3G	protein_coding	0	0	0	0.0000	0.0000	0.0000
ENSG00000260288.4	AC019294.2	lncRNA	1	0	2	0.0136	0.0040	0.0038
ENSG00000260289.2	AC093515.1	lncRNA	1	1	0	0.0317	0.0093	0.0089
ENSG00000260290.2	AC092115.1	processed_pseudogene	33	16	17	1.9988	0.5855	0.5638
ENSG00000260291.1	FRG2GP	unprocessed_pseudogene	0	0	0	0.0000	0.0000	0.0000
ENSG00000260293.2	AC106820.4	lncRNA	42	23	20	0.6351	0.1860	0.1791
ENSG00000260296.1	AC095057.3	lncRNA	7	3	4	0.5138	0.1505	0.1449
ENSG00000260298.2	ACTG1P16	transcribed_processed_pseudogene	1	1	1	0.0785	0.0230	0.0221
ENSG00000260302.3	LINC01882	lncRNA	1	1	1	0.0361	0.0106	0.0102
ENSG00000260303.1	AC108206.1	lncRNA	0	0	0	0.0000	0.0000	0.0000
ENSG00000260304.1	AC009088.2	lncRNA	0	1024	1036	0.0000	0.0000	0.0000
ENSG00000260305.1	NTRK3-AS1	lncRNA	0	0	0	0.0000	0.0000	0.0000
ENSG00000260306.1	AC092375.2	lncRNA	5	3	2	0.2550	0.0747	0.0719
ENSG00000260307.2	PABPC1P13	processed_pseudogene	0	0	0	0.0000	0.0000	0.0000
ENSG00000260308.1	AC136428.2	processed_pseudogene	0	0	0	0.0000	0.0000	0.0000
ENSG00000260310.1	AC027277.2	lncRNA	0	0	0	0.0000	0.0000	0.0000
ENSG00000260311.1	AC138907.1	lncRNA	0	0	0	0.0000	0.0000	0.0000
ENSG00000260312.1	AC140658.2	lncRNA	0	0	0	0.0000	0.0000	0.0000
ENSG00000260314.3	MRC1	protein_coding	563	289	274	9.2155	2.6994	2.5993
ENSG00000260316.2	AL008727.1	lncRNA	5	2	3	0.0898	0.0263	0.0253
ENSG00000260317.1	AC009812.4	lncRNA	34	14	20	1.5996	0.4686	0.4512
ENSG00000260318.1	COX6CP1	processed_pseudogene	0	0	0	0.0000	0.0000	0.0000
ENSG00000260322.1	AC098657.2	lncRNA	0	0	0	0.0000	0.0000	0.0000
ENSG00000260325.2	HSPB9	protein_coding	1	0	1	0.1547	0.0453	0.0436
ENSG00000260326.1	PHBP21	processed_pseudogene	5	3	2	0.5159	0.1511	0.1455
ENSG00000260327.2	ACTR3BP3	processed_pseudogene	0	0	0	0.0000	0.0000	0.0000
ENSG00000260328.1	AC104024.2	lncRNA	0	0	0	0.0000	0.0000	0.0000
ENSG00000260329.1	AC007541.1	lncRNA	26	11	15	1.5030	0.4403	0.4239
ENSG00000260331.1	AC079148.1	lncRNA	8	5	3	0.8295	0.2430	0.2340
ENSG00000260332.1	AC010546.1	processed_pseudogene	0	0	0	0.0000	0.0000	0.0000
ENSG00000260335.1	AC133555.4	unprocessed_pseudogene	0	0	0	0.0000	0.0000	0.0000
ENSG00000260337.4	AC091544.4	lncRNA	9	4	11	0.1965	0.0576	0.0554
ENSG00000260338.2	LINC01570	lncRNA	5	2	3	0.1115	0.0327	0.0314
ENSG00000260339.1	HEXA-AS1	lncRNA	7	19	28	0.2221	0.0651	0.0627
ENSG00000260340.1	LINC02176	lncRNA	0	0	0	0.0000	0.0000	0.0000
ENSG00000260341.1	C2orf69P2	processed_pseudogene	0	0	0	0.0000	0.0000	0.0000
ENSG00000260342.2	AC138811.2	protein_coding	0	0	0	0.0000	0.0000	0.0000
ENSG00000260343.1	LINC01043	lncRNA	0	0	0	0.0000	0.0000	0.0000
ENSG00000260344.2	AC133485.1	processed_pseudogene	0	0	0	0.0000	0.0000	0.0000
ENSG00000260345.1	AC009052.1	lncRNA	1	1	0	0.2850	0.0835	0.0804
ENSG00000260347.1	MOCS1P1	processed_pseudogene	0	0	0	0.0000	0.0000	0.0000
ENSG00000260348.1	AP007216.1	lncRNA	0	0	0	0.0000	0.0000	0.0000
ENSG00000260349.1	AC087190.1	lncRNA	0	93	111	0.0000	0.0000	0.0000
ENSG00000260350.1	AC012173.1	lncRNA	0	273	286	0.0000	0.0000	0.0000
ENSG00000260351.1	AC024270.1	lncRNA	0	0	0	0.0000	0.0000	0.0000
ENSG00000260352.1	AC092287.1	lncRNA	19	10	12	3.4849	1.0208	0.9829
ENSG00000260357.1	DNM1P34	transcribed_unprocessed_pseudogene	0	0	0	0.0000	0.0000	0.0000
ENSG00000260360.1	AL353708.1	lncRNA	13	5	8	0.8783	0.2573	0.2477
ENSG00000260361.1	AC106028.3	lncRNA	11	4	7	0.5381	0.1576	0.1518
ENSG00000260362.1	AC007218.1	lncRNA	0	0	0	0.0000	0.0000	0.0000
ENSG00000260364.1	AC009055.1	lncRNA	0	0	0	0.0000	0.0000	0.0000
ENSG00000260366.1	AC026803.1	lncRNA	3	1	2	0.9298	0.2723	0.2623
ENSG00000260367.2	AC109460.1	lncRNA	10	102	91	0.5746	0.1683	0.1621
ENSG00000260368.1	AC027373.1	lncRNA	4	2	2	0.2974	0.0871	0.0839
ENSG00000260369.2	AC120024.1	lncRNA	2	2	0	0.1707	0.0500	0.0481
ENSG00000260370.1	AC215217.1	lncRNA	0	0	0	0.0000	0.0000	0.0000
ENSG00000260371.1	AC026464.3	protein_coding	0	0	0	0.0000	0.0000	0.0000
ENSG00000260372.7	AQP4-AS1	lncRNA	0	0	0	0.0000	0.0000	0.0000
ENSG00000260375.1	AC126323.4	unprocessed_pseudogene	0	0	0	0.0000	0.0000	0.0000
ENSG00000260377.1	AC083801.2	lncRNA	1	0	1	0.0720	0.0211	0.0203
ENSG00000260378.1	AC109597.1	lncRNA	0	0	0	0.0000	0.0000	0.0000
ENSG00000260379.1	AC074052.1	processed_pseudogene	1	0	1	0.1862	0.0545	0.0525
ENSG00000260381.2	AC007610.2	lncRNA	0	42	39	0.0000	0.0000	0.0000
ENSG00000260382.1	AC087481.1	processed_pseudogene	4	4	0	0.3520	0.1031	0.0993
ENSG00000260385.1	AL356961.1	lncRNA	0	0	0	0.0000	0.0000	0.0000
ENSG00000260386.6	LDC1P	transcribed_unitary_pseudogene	0	0	0	0.0000	0.0000	0.0000
ENSG00000260387.1	AC009108.2	lncRNA	0	0	0	0.0000	0.0000	0.0000
ENSG00000260388.2	LINC00562	lncRNA	4	1	3	0.1375	0.0403	0.0388
ENSG00000260389.1	WBP11P1	transcribed_processed_pseudogene	1	0	1	0.0286	0.0084	0.0081
ENSG00000260390.1	AL360014.1	lncRNA	0	0	0	0.0000	0.0000	0.0000
ENSG00000260391.2	AC022336.2	lncRNA	0	0	0	0.0000	0.0000	0.0000
ENSG00000260392.6	AC090518.1	lncRNA	0	0	0	0.0000	0.0000	0.0000
ENSG00000260393.1	AC026462.2	lncRNA	0	0	0	0.0000	0.0000	0.0000
ENSG00000260394.2	LINC02867	lncRNA	3	3	3	0.2000	0.0586	0.0564
ENSG00000260395.1	AC092119.1	processed_pseudogene	0	0	0	0.0000	0.0000	0.0000
ENSG00000260398.1	AC068700.1	lncRNA	1	0	1	0.0226	0.0066	0.0064
ENSG00000260399.1	AC100756.1	unprocessed_pseudogene	0	0	0	0.0000	0.0000	0.0000
ENSG00000260400.1	AL513534.2	lncRNA	54	20	34	1.9981	0.5853	0.5636
ENSG00000260401.1	AP002761.4	lncRNA	0	0	0	0.0000	0.0000	0.0000
ENSG00000260402.1	AC133485.2	lncRNA	0	0	0	0.0000	0.0000	0.0000
ENSG00000260403.1	AC120498.3	lncRNA	0	0	0	0.0000	0.0000	0.0000
ENSG00000260404.3	AC110079.1	transcribed_unprocessed_pseudogene	274	150	126	5.2619	1.5413	1.4842
ENSG00000260405.1	AC109446.1	processed_pseudogene	0	0	0	0.0000	0.0000	0.0000
ENSG00000260406.1	AC009852.1	lncRNA	0	0	0	0.0000	0.0000	0.0000
ENSG00000260409.1	AC012414.4	lncRNA	3	1	2	0.1590	0.0466	0.0449
ENSG00000260410.2	AC040169.2	processed_pseudogene	0	0	0	0.0000	0.0000	0.0000
ENSG00000260412.1	AL353746.1	lncRNA	102	46	56	1.2588	0.3687	0.3551
ENSG00000260413.1	AC025279.2	transcribed_unprocessed_pseudogene	0	0	0	0.0000	0.0000	0.0000
ENSG00000260414.1	AC138869.1	processed_pseudogene	0	0	0	0.0000	0.0000	0.0000
ENSG00000260416.1	AL096828.2	lncRNA	0	0	0	0.0000	0.0000	0.0000
ENSG00000260417.1	AC092127.1	lncRNA	0	0	0	0.0000	0.0000	0.0000
ENSG00000260418.1	AL023284.4	lncRNA	0	0	0	0.0000	0.0000	0.0000
ENSG00000260419.1	AC138869.2	lncRNA	0	0	0	0.0000	0.0000	0.0000
ENSG00000260420.3	LINC02182	lncRNA	0	0	4	0.0000	0.0000	0.0000
ENSG00000260422.1	Z97205.2	lncRNA	26	10	16	1.3471	0.3946	0.3800
ENSG00000260423.2	LINC02367	lncRNA	832	1870	1874	10.2814	3.0116	2.8999
ENSG00000260425.1	AL031709.1	lncRNA	6	10	17	1.1713	0.3431	0.3304
ENSG00000260426.1	AC008060.4	lncRNA	0	0	0	0.0000	0.0000	0.0000
ENSG00000260427.1	AGGF1P9	processed_pseudogene	0	0	0	0.0000	0.0000	0.0000
ENSG00000260428.3	SCX	protein_coding	7	0	7	0.5375	0.1574	0.1516
ENSG00000260430.2	AC099518.1	lncRNA	10	4	6	0.7805	0.2286	0.2201
ENSG00000260431.2	AC074051.1	processed_pseudogene	0	0	0	0.0000	0.0000	0.0000
ENSG00000260433.3	LINC01917	lncRNA	1	0	1	0.0405	0.0119	0.0114
ENSG00000260436.1	AC093525.3	lncRNA	0	0	0	0.0000	0.0000	0.0000
ENSG00000260438.1	AC018552.1	processed_pseudogene	1	1	0	0.1047	0.0307	0.0295
ENSG00000260439.1	LMF1-AS1	lncRNA	1	40	44	0.0586	0.0172	0.0165
ENSG00000260440.3	LINC01544	lncRNA	0	0	0	0.0000	0.0000	0.0000
ENSG00000260441.5	AC020978.2	lncRNA	1	435	385	0.1733	0.0508	0.0489
ENSG00000260442.5	ATP2A1-AS1	lncRNA	14	28	24	2.0393	0.5973	0.5752
ENSG00000260443.1	AC127455.1	processed_pseudogene	0	0	0	0.0000	0.0000	0.0000
ENSG00000260444.1	AC138749.2	unprocessed_pseudogene	0	0	0	0.0000	0.0000	0.0000
ENSG00000260445.1	AC011904.1	unprocessed_pseudogene	0	0	0	0.0000	0.0000	0.0000
ENSG00000260447.1	AC009065.3	lncRNA	0	0	0	0.0000	0.0000	0.0000
ENSG00000260448.6	LCMT1-AS1	lncRNA	49	31	18	1.9336	0.5664	0.5454
ENSG00000260450.2	LINC02134	lncRNA	0	0	0	0.0000	0.0000	0.0000
ENSG00000260451.1	GEMIN8P2	processed_pseudogene	0	1	0	0.0000	0.0000	0.0000
ENSG00000260452.1	TPRKBP2	processed_pseudogene	0	0	0	0.0000	0.0000	0.0000
ENSG00000260454.2	AL355607.2	lncRNA	0	0	0	0.0000	0.0000	0.0000
ENSG00000260455.2	NBAT1	lncRNA	7	7	4	0.1610	0.0472	0.0454
ENSG00000260456.7	C16orf95	protein_coding	16	5	11	0.3702	0.1084	0.1044
ENSG00000260457.2	AC027458.1	lncRNA	0	0	0	0.0000	0.0000	0.0000
ENSG00000260458.3	KCNJ18	protein_coding	0	0	0	0.0000	0.0000	0.0000
ENSG00000260459.2	FTLP14	processed_pseudogene	68	42	26	11.9310	3.4948	3.3652
ENSG00000260460.1	AL365181.1	lncRNA	0	0	0	0.0000	0.0000	0.0000
ENSG00000260461.1	AL133355.1	lncRNA	3	2	1	0.1067	0.0312	0.0301
ENSG00000260464.1	AL049796.1	lncRNA	3	2	1	0.1443	0.0423	0.0407
ENSG00000260465.1	AC018557.1	lncRNA	0	1179	1209	0.0000	0.0000	0.0000
ENSG00000260466.1	AC126696.2	lncRNA	0	550	498	0.0000	0.0000	0.0000
ENSG00000260467.1	AC018552.2	lncRNA	0	1	2	0.0000	0.0000	0.0000
ENSG00000260468.1	LINC01290	lncRNA	1	1	0	0.1692	0.0496	0.0477
ENSG00000260469.3	INSYN1-AS1	lncRNA	0	1	0	0.0000	0.0000	0.0000
ENSG00000260470.1	AC023794.5	lncRNA	0	1	7	0.0000	0.0000	0.0000
ENSG00000260471.1	PPIAP49	processed_pseudogene	2	1	1	0.3404	0.0997	0.0960
ENSG00000260472.1	AC074050.1	processed_pseudogene	0	0	0	0.0000	0.0000	0.0000
ENSG00000260473.2	AC068987.2	lncRNA	0	0	0	0.0000	0.0000	0.0000
ENSG00000260475.1	AL353719.1	lncRNA	2	0	2	0.1966	0.0576	0.0554
ENSG00000260476.1	AC104794.4	lncRNA	0	0	0	0.0000	0.0000	0.0000
ENSG00000260477.8	LINC01584	lncRNA	0	0	0	0.0000	0.0000	0.0000
ENSG00000260478.2	AC007333.1	lncRNA	0	0	0	0.0000	0.0000	0.0000
ENSG00000260479.1	AC009145.1	lncRNA	2	1	1	0.3922	0.1149	0.1106
ENSG00000260480.1	C2orf69P4	processed_pseudogene	0	0	0	0.0000	0.0000	0.0000
ENSG00000260482.3	AC008870.1	lncRNA	0	0	0	0.0000	0.0000	0.0000
ENSG00000260483.2	AC015720.1	processed_pseudogene	0	0	0	0.0000	0.0000	0.0000
ENSG00000260484.1	AC131902.1	lncRNA	0	0	0	0.0000	0.0000	0.0000
ENSG00000260487.1	AC116348.1	lncRNA	0	0	0	0.0000	0.0000	0.0000
ENSG00000260488.1	AC007216.1	lncRNA	0	0	0	0.0000	0.0000	0.0000
ENSG00000260490.2	MYL12BP1	processed_pseudogene	8	3	5	1.3400	0.3925	0.3779
ENSG00000260492.3	CISTR	lncRNA	0	0	0	0.0000	0.0000	0.0000
ENSG00000260493.1	AC011773.4	lncRNA	1	1	0	0.0551	0.0162	0.0156
ENSG00000260494.1	AC002310.3	unprocessed_pseudogene	1	1	0	0.1175	0.0344	0.0331
ENSG00000260495.1	AC009148.1	lncRNA	7	3	4	0.2207	0.0647	0.0623
ENSG00000260496.3	AC009041.1	lncRNA	2	1	1	0.1228	0.0360	0.0346
ENSG00000260497.1	AC141846.1	processed_pseudogene	0	0	0	0.0000	0.0000	0.0000
ENSG00000260498.6	AC126696.3	lncRNA	0	0	0	0.0000	0.0000	0.0000
ENSG00000260500.1	AC010336.2	lncRNA	1	1	2	0.1678	0.0492	0.0473
ENSG00000260504.1	AC010551.1	lncRNA	0	0	0	0.0000	0.0000	0.0000
ENSG00000260505.1	AC096644.3	lncRNA	0	0	0	0.0000	0.0000	0.0000
ENSG00000260507.1	AC133919.1	lncRNA	0	0	0	0.0000	0.0000	0.0000
ENSG00000260509.2	AL590787.1	lncRNA	0	0	0	0.0000	0.0000	0.0000
ENSG00000260510.1	AC004381.1	lncRNA	0	1	2	0.0000	0.0000	0.0000
ENSG00000260511.1	AC009145.2	lncRNA	0	0	0	0.0000	0.0000	0.0000
ENSG00000260514.1	AC009086.1	processed_pseudogene	0	0	0	0.0000	0.0000	0.0000
ENSG00000260515.1	AC034229.2	lncRNA	0	0	0	0.0000	0.0000	0.0000
ENSG00000260516.2	AC133548.1	unprocessed_pseudogene	0	0	0	0.0000	0.0000	0.0000
ENSG00000260517.3	AC009093.2	lncRNA	12	15	4	0.4096	0.1200	0.1155
ENSG00000260518.2	BMS1P8	transcribed_unprocessed_pseudogene	2	1	1	0.0742	0.0217	0.0209
ENSG00000260519.1	AC096734.2	lncRNA	0	0	0	0.0000	0.0000	0.0000
ENSG00000260520.1	AC010547.3	lncRNA	0	0	0	0.0000	0.0000	0.0000
ENSG00000260522.1	AC106785.1	processed_pseudogene	0	0	0	0.0000	0.0000	0.0000
ENSG00000260524.1	CYP3A52P	unprocessed_pseudogene	1	1	0	0.9332	0.2733	0.2632
ENSG00000260525.1	AC140658.3	unprocessed_pseudogene	0	0	0	0.0000	0.0000	0.0000
ENSG00000260526.1	AC109347.1	lncRNA	41	16	25	1.7101	0.5009	0.4823
ENSG00000260528.5	FAM157C	lncRNA	3	0	4	0.0357	0.0105	0.0101
ENSG00000260530.1	AC010551.2	lncRNA	3	2	1	0.6124	0.1794	0.1727
ENSG00000260532.1	AL031598.1	lncRNA	1	1	0	0.0479	0.0140	0.0135
ENSG00000260534.1	AC100827.3	lncRNA	0	0	0	0.0000	0.0000	0.0000
ENSG00000260536.1	AL035071.2	lncRNA	1	1	0	0.1850	0.0542	0.0522
ENSG00000260537.2	AC012184.2	protein_coding	0	0	0	0.0000	0.0000	0.0000
ENSG00000260540.2	ABHD17AP8	unprocessed_pseudogene	0	0	0	0.0000	0.0000	0.0000
ENSG00000260541.1	AL031722.1	lncRNA	27	12	15	10.4221	3.0528	2.9396
ENSG00000260542.1	AL499627.1	lncRNA	0	0	0	0.0000	0.0000	0.0000
ENSG00000260545.1	AC026771.1	lncRNA	2	140	176	0.4093	0.1199	0.1154
ENSG00000260548.1	AL035425.2	protein_coding	0	0	0	0.0000	0.0000	0.0000
ENSG00000260549.2	MT1L	transcribed_unprocessed_pseudogene	4	2	2	0.8265	0.2421	0.2331
ENSG00000260550.2	AC136618.1	lncRNA	0	0	0	0.0000	0.0000	0.0000
ENSG00000260551.1	PWRN2	lncRNA	0	0	0	0.0000	0.0000	0.0000
ENSG00000260552.1	AC023043.1	lncRNA	32	106	102	4.4622	1.3070	1.2586
ENSG00000260555.1	AC092681.2	lncRNA	0	0	0	0.0000	0.0000	0.0000
ENSG00000260558.2	AC018557.2	lncRNA	0	0	0	0.0000	0.0000	0.0000
ENSG00000260563.3	AC132872.1	lncRNA	41	18	23	2.9136	0.8534	0.8218
ENSG00000260564.1	AL161912.2	lncRNA	0	0	0	0.0000	0.0000	0.0000
ENSG00000260565.7	ERVK13-1	lncRNA	202	95	107	1.4962	0.4383	0.4220
ENSG00000260566.2	AC127459.1	lncRNA	0	0	0	0.0000	0.0000	0.0000
ENSG00000260568.1	AC074050.2	lncRNA	0	0	0	0.0000	0.0000	0.0000
ENSG00000260569.2	AC090398.1	lncRNA	0	0	0	0.0000	0.0000	0.0000
ENSG00000260570.1	AC133550.2	lncRNA	0	399	399	0.0000	0.0000	0.0000
ENSG00000260571.1	BNIP3P5	processed_pseudogene	0	0	0	0.0000	0.0000	0.0000
ENSG00000260572.1	AC069224.1	lncRNA	3	3	0	0.1485	0.0435	0.0419
ENSG00000260573.4	AC007493.1	lncRNA	2	1	1	0.0334	0.0098	0.0094
ENSG00000260574.1	AL360157.1	lncRNA	0	0	0	0.0000	0.0000	0.0000
ENSG00000260575.1	AC133485.3	lncRNA	0	0	1	0.0000	0.0000	0.0000
ENSG00000260576.1	EIF5A2P1	processed_pseudogene	0	0	0	0.0000	0.0000	0.0000
ENSG00000260577.2	AC126773.4	lncRNA	50	277	305	2.5244	0.7394	0.7120
ENSG00000260578.1	AC110597.1	lncRNA	4	3	1	0.1070	0.0313	0.0302
ENSG00000260579.1	AC024270.2	lncRNA	0	0	0	0.0000	0.0000	0.0000
ENSG00000260580.1	AC009035.1	lncRNA	0	0	0	0.0000	0.0000	0.0000
ENSG00000260581.1	AC011374.1	lncRNA	4	2	2	0.2168	0.0635	0.0611
ENSG00000260582.1	TPST2P1	processed_pseudogene	0	0	0	0.0000	0.0000	0.0000
ENSG00000260583.1	AP000223.1	lncRNA	6	2	4	0.9148	0.2679	0.2580
ENSG00000260584.1	AC142381.2	processed_pseudogene	0	0	0	0.0000	0.0000	0.0000
ENSG00000260585.1	AL359851.1	lncRNA	1	1	0	0.0170	0.0050	0.0048
ENSG00000260586.2	AC064799.2	lncRNA	0	0	0	0.0000	0.0000	0.0000
ENSG00000260588.1	AC027702.1	lncRNA	43	29	14	2.0630	0.6043	0.5819
ENSG00000260589.1	STAM-AS1	lncRNA	13	4	9	0.4254	0.1246	0.1200
ENSG00000260590.1	AC023824.2	processed_pseudogene	0	0	0	0.0000	0.0000	0.0000
ENSG00000260592.1	AC130456.3	lncRNA	0	0	0	0.0000	0.0000	0.0000
ENSG00000260593.1	AC009097.2	lncRNA	2	1	1	0.3652	0.1070	0.1030
ENSG00000260594.1	AC099313.1	lncRNA	0	0	0	0.0000	0.0000	0.0000
ENSG00000260595.1	OR4C49P	unprocessed_pseudogene	0	0	0	0.0000	0.0000	0.0000
ENSG00000260596.5	DUX4	protein_coding	0	0	0	0.0000	0.0000	0.0000
ENSG00000260597.1	AC012531.1	lncRNA	46	22	24	1.4576	0.4270	0.4111
ENSG00000260598.1	FRG2IP	unprocessed_pseudogene	0	0	0	0.0000	0.0000	0.0000
ENSG00000260599.1	AC011467.1	lncRNA	0	0	0	0.0000	0.0000	0.0000
ENSG00000260600.1	AC092125.1	lncRNA	0	0	0	0.0000	0.0000	0.0000
ENSG00000260601.1	AC131391.1	lncRNA	0	0	0	0.0000	0.0000	0.0000
ENSG00000260602.2	HMGN2P40	processed_pseudogene	0	0	0	0.0000	0.0000	0.0000
ENSG00000260604.2	AL590004.3	lncRNA	1	0	1	0.0120	0.0035	0.0034
ENSG00000260605.1	AC027688.1	lncRNA	0	0	0	0.0000	0.0000	0.0000
ENSG00000260608.1	AC024270.3	lncRNA	3	2	1	0.6051	0.1773	0.1707
ENSG00000260610.1	AC142086.3	processed_pseudogene	0	0	0	0.0000	0.0000	0.0000
ENSG00000260611.1	AC106785.2	lncRNA	0	0	0	0.0000	0.0000	0.0000
ENSG00000260612.1	AC009097.3	lncRNA	0	0	0	0.0000	0.0000	0.0000
ENSG00000260613.2	Z98885.2	lncRNA	0	0	0	0.0000	0.0000	0.0000
ENSG00000260615.1	RPL23AP97	processed_pseudogene	12	6	6	2.1636	0.6337	0.6102
ENSG00000260616.6	AC007728.1	lncRNA	0	20	20	0.0000	0.0000	0.0000
ENSG00000260617.1	AC138028.5	lncRNA	0	79	84	0.0000	0.0000	0.0000
ENSG00000260618.1	AC025917.1	lncRNA	6	97	88	0.4207	0.1232	0.1187
ENSG00000260619.1	AC068870.1	lncRNA	5	3	2	0.1730	0.0507	0.0488
ENSG00000260620.1	AC027688.2	lncRNA	0	0	0	0.0000	0.0000	0.0000
ENSG00000260621.1	AC092140.1	lncRNA	0	348	368	0.0000	0.0000	0.0000
ENSG00000260622.1	AC073476.1	processed_pseudogene	0	2	3	0.0000	0.0000	0.0000
ENSG00000260624.2	AC018943.1	lncRNA	0	0	0	0.0000	0.0000	0.0000
ENSG00000260625.3	AC026471.2	lncRNA	4	2	3	0.3516	0.1030	0.0992
ENSG00000260626.1	AC136944.1	lncRNA	0	0	0	0.0000	0.0000	0.0000
ENSG00000260628.5	AC142381.3	transcribed_unprocessed_pseudogene	3	1	2	0.1144	0.0335	0.0323
ENSG00000260629.2	BGLT3	lncRNA	0	0	0	0.0000	0.0000	0.0000
ENSG00000260630.7	SNAI3-AS1	lncRNA	140	69	76	1.9484	0.5707	0.5495
ENSG00000260631.1	RBM22P12	processed_pseudogene	0	0	0	0.0000	0.0000	0.0000
ENSG00000260633.1	AC010207.1	lncRNA	4	2	2	0.1746	0.0511	0.0492
ENSG00000260634.1	AC012508.2	lncRNA	0	0	0	0.0000	0.0000	0.0000
ENSG00000260635.1	AC092338.1	lncRNA	1	0	1	0.2008	0.0588	0.0566
ENSG00000260639.1	AC025678.1	processed_pseudogene	0	0	0	0.0000	0.0000	0.0000
ENSG00000260640.1	AP003115.1	lncRNA	0	0	0	0.0000	0.0000	0.0000
ENSG00000260641.1	AC114811.2	lncRNA	2	2	0	0.0301	0.0088	0.0085
ENSG00000260642.1	AC139426.2	lncRNA	0	0	0	0.0000	0.0000	0.0000
ENSG00000260643.2	AC092718.3	protein_coding	18	6	12	0.4811	0.1409	0.1357
ENSG00000260644.6	HERC2P5	transcribed_unprocessed_pseudogene	1	0	1	0.0140	0.0041	0.0039
ENSG00000260645.2	AL359715.2	lncRNA	1	1	0	0.0400	0.0117	0.0113
ENSG00000260646.1	AL031705.1	lncRNA	0	0	0	0.0000	0.0000	0.0000
ENSG00000260647.1	AC127537.1	lncRNA	5	5	2	0.5669	0.1661	0.1599
ENSG00000260648.3	AC020658.3	lncRNA	0	0	0	0.0000	0.0000	0.0000
ENSG00000260649.1	AC133485.4	transcribed_processed_pseudogene	0	0	0	0.0000	0.0000	0.0000
ENSG00000260650.1	AC010542.1	lncRNA	0	0	1	0.0000	0.0000	0.0000
ENSG00000260651.1	AF213884.3	lncRNA	1	8	3	0.1773	0.0519	0.0500
ENSG00000260653.6	AC237221.1	lncRNA	2	1	1	0.0362	0.0106	0.0102
ENSG00000260657.2	AC107871.2	lncRNA	1	12	12	0.1154	0.0338	0.0325
ENSG00000260658.6	AC138305.1	lncRNA	8	5	4	0.2859	0.0838	0.0806
ENSG00000260659.1	AC009113.2	lncRNA	0	30	34	0.0000	0.0000	0.0000
ENSG00000260660.4	AC113208.3	transcribed_unitary_pseudogene	3	2	5	0.0957	0.0280	0.0270
ENSG00000260661.1	AC116903.2	lncRNA	0	0	0	0.0000	0.0000	0.0000
ENSG00000260662.2	AC138915.1	processed_pseudogene	0	0	0	0.0000	0.0000	0.0000
ENSG00000260664.2	AC004158.1	lncRNA	0	1	0	0.0000	0.0000	0.0000
ENSG00000260668.1	AC093536.1	processed_pseudogene	4	2	2	0.6131	0.1796	0.1729
ENSG00000260669.2	AL096870.2	lncRNA	5	4	1	0.1394	0.0408	0.0393
ENSG00000260670.1	AC134508.1	lncRNA	0	0	0	0.0000	0.0000	0.0000
ENSG00000260671.2	AC010536.2	lncRNA	1	1	0	0.2512	0.0736	0.0709
ENSG00000260672.1	AC100827.4	lncRNA	0	0	0	0.0000	0.0000	0.0000
ENSG00000260673.1	AL034376.1	lncRNA	0	0	0	0.0000	0.0000	0.0000
ENSG00000260674.2	AC026826.3	processed_pseudogene	0	0	0	0.0000	0.0000	0.0000
ENSG00000260675.1	TCERG1P2	unprocessed_pseudogene	0	0	1	0.0000	0.0000	0.0000
ENSG00000260676.5	LINC01541	lncRNA	0	0	0	0.0000	0.0000	0.0000
ENSG00000260677.1	AL445531.1	lncRNA	0	0	0	0.0000	0.0000	0.0000
ENSG00000260678.1	AC093249.3	transcribed_processed_pseudogene	0	0	0	0.0000	0.0000	0.0000
ENSG00000260679.1	AP007216.2	lncRNA	0	0	0	0.0000	0.0000	0.0000
ENSG00000260680.1	AGGF1P5	processed_pseudogene	0	0	0	0.0000	0.0000	0.0000
ENSG00000260681.1	AC130456.4	lncRNA	0	0	0	0.0000	0.0000	0.0000
ENSG00000260682.3	RN7SKP176	misc_RNA	0	0	0	0.0000	0.0000	0.0000
ENSG00000260683.1	AL591643.1	lncRNA	0	0	0	0.0000	0.0000	0.0000
ENSG00000260685.1	AC027104.1	processed_pseudogene	2	2	0	0.2494	0.0731	0.0703
ENSG00000260686.1	AC008669.1	lncRNA	0	0	0	0.0000	0.0000	0.0000
ENSG00000260688.1	AC026470.1	processed_pseudogene	0	0	0	0.0000	0.0000	0.0000
ENSG00000260689.2	HNRNPA3P11	processed_pseudogene	3	3	0	0.2728	0.0799	0.0769
ENSG00000260690.1	CYCSP39	processed_pseudogene	2	1	1	0.5496	0.1610	0.1550
ENSG00000260691.6	ANKRD20A1	protein_coding	0	0	0	0.0000	0.0000	0.0000
ENSG00000260693.1	AC026150.1	lncRNA	3	2	1	0.3634	0.1065	0.1025
ENSG00000260694.1	AC009145.3	lncRNA	0	0	0	0.0000	0.0000	0.0000
ENSG00000260695.1	AC022164.1	lncRNA	2	1	1	0.0635	0.0186	0.0179
ENSG00000260698.1	AL591848.2	lncRNA	11	6	5	0.3147	0.0922	0.0888
ENSG00000260701.2	AC025284.1	lncRNA	1	1	0	0.0251	0.0074	0.0071
ENSG00000260702.3	AL031713.1	unprocessed_pseudogene	0	0	0	0.0000	0.0000	0.0000
ENSG00000260704.1	LINC00543	lncRNA	0	0	0	0.0000	0.0000	0.0000
ENSG00000260706.5	AC022166.1	lncRNA	0	0	0	0.0000	0.0000	0.0000
ENSG00000260708.1	AL118516.1	lncRNA	93	39	55	11.7875	3.4527	3.3247
ENSG00000260710.1	AC120498.4	lncRNA	0	0	0	0.0000	0.0000	0.0000
ENSG00000260711.2	AL121839.2	lncRNA	28	15	14	0.3425	0.1003	0.0966
ENSG00000260714.1	AC133552.1	processed_pseudogene	0	0	0	0.0000	0.0000	0.0000
ENSG00000260715.1	AC093536.2	lncRNA	0	0	0	0.0000	0.0000	0.0000
ENSG00000260719.1	AC009133.3	lncRNA	5	2	3	0.2564	0.0751	0.0723
ENSG00000260720.1	LINC01243	lncRNA	1	0	1	0.1178	0.0345	0.0332
ENSG00000260721.1	AF067845.1	lncRNA	0	0	0	0.0000	0.0000	0.0000
ENSG00000260722.1	VN1R67P	unitary_pseudogene	0	0	0	0.0000	0.0000	0.0000
ENSG00000260723.1	AC007598.1	lncRNA	0	0	0	0.0000	0.0000	0.0000
ENSG00000260724.1	VN1R69P	processed_pseudogene	0	0	0	0.0000	0.0000	0.0000
ENSG00000260725.1	AC005307.1	lncRNA	0	0	0	0.0000	0.0000	0.0000
ENSG00000260726.2	KLF8P1	processed_pseudogene	0	0	0	0.0000	0.0000	0.0000
ENSG00000260727.2	SLC7A5P1	transcribed_unprocessed_pseudogene	0	0	0	0.0000	0.0000	0.0000
ENSG00000260729.1	AC009690.1	protein_coding	4	1	3	0.0777	0.0227	0.0219
ENSG00000260731.1	KRT8P22	processed_pseudogene	0	0	0	0.0000	0.0000	0.0000
ENSG00000260733.1	AC046158.1	lncRNA	0	0	0	0.0000	0.0000	0.0000
ENSG00000260734.6	TLE7	protein_coding	0	0	0	0.0000	0.0000	0.0000
ENSG00000260735.2	AC139256.1	transcribed_processed_pseudogene	2	3	4	0.0654	0.0191	0.0184
ENSG00000260737.6	LINC01227	lncRNA	0	0	0	0.0000	0.0000	0.0000
ENSG00000260738.1	LINC00554	lncRNA	0	0	0	0.0000	0.0000	0.0000
ENSG00000260739.1	AC010760.1	lncRNA	0	0	0	0.0000	0.0000	0.0000
ENSG00000260740.2	AC026471.3	lncRNA	0	1	0	0.0000	0.0000	0.0000
ENSG00000260741.1	AC099482.1	lncRNA	0	0	0	0.0000	0.0000	0.0000
ENSG00000260742.1	AC009962.1	lncRNA	14	7	7	0.3118	0.0913	0.0879
ENSG00000260743.1	AC007823.1	lncRNA	15	8	7	0.8134	0.2383	0.2294
ENSG00000260744.1	AC007494.2	lncRNA	1	0	1	0.1112	0.0326	0.0314
ENSG00000260746.2	KIF18BP1	unprocessed_pseudogene	0	0	0	0.0000	0.0000	0.0000
ENSG00000260747.1	AC022968.1	processed_pseudogene	3	2	1	0.5764	0.1688	0.1626
ENSG00000260750.7	AC092720.1	lncRNA	0	0	0	0.0000	0.0000	0.0000
ENSG00000260751.2	AC008870.2	lncRNA	7	4	3	0.5805	0.1700	0.1637
ENSG00000260755.1	AC010542.2	lncRNA	0	276	256	0.0000	0.0000	0.0000
ENSG00000260756.1	AC131649.1	lncRNA	0	0	0	0.0000	0.0000	0.0000
ENSG00000260757.1	AC093520.1	lncRNA	9	4	5	0.4325	0.1267	0.1220
ENSG00000260759.1	AP001120.1	lncRNA	0	0	0	0.0000	0.0000	0.0000
ENSG00000260761.1	AC106754.1	lncRNA	0	0	0	0.0000	0.0000	0.0000
ENSG00000260762.1	ACSM5P1	unprocessed_pseudogene	1	0	1	0.0348	0.0102	0.0098
ENSG00000260763.1	AC106799.3	lncRNA	0	0	0	0.0000	0.0000	0.0000
ENSG00000260764.1	AC007224.1	processed_pseudogene	0	0	0	0.0000	0.0000	0.0000
ENSG00000260765.2	CES1P2	unprocessed_pseudogene	0	0	0	0.0000	0.0000	0.0000
ENSG00000260771.1	AL138918.1	lncRNA	0	0	0	0.0000	0.0000	0.0000
ENSG00000260772.1	AC012321.1	lncRNA	0	0	0	0.0000	0.0000	0.0000
ENSG00000260773.1	AC055855.1	lncRNA	1	37	47	0.1698	0.0497	0.0479
ENSG00000260774.1	AC021087.3	lncRNA	9	3	6	0.2653	0.0777	0.0748
ENSG00000260776.6	AC104758.2	transcribed_unprocessed_pseudogene	0	0	0	0.0000	0.0000	0.0000
ENSG00000260777.1	AC061975.1	lncRNA	0	0	0	0.0000	0.0000	0.0000
ENSG00000260778.5	AC009065.4	lncRNA	7	5	8	0.6066	0.1777	0.1711
ENSG00000260779.1	AP001180.1	lncRNA	0	0	0	0.0000	0.0000	0.0000
ENSG00000260780.1	AC087463.1	lncRNA	0	0	0	0.0000	0.0000	0.0000
ENSG00000260781.1	ARHGAP23P1	transcribed_unprocessed_pseudogene	0	1	1	0.0000	0.0000	0.0000
ENSG00000260782.1	AC007225.1	processed_pseudogene	0	0	0	0.0000	0.0000	0.0000
ENSG00000260784.1	AC026150.2	unprocessed_pseudogene	0	0	0	0.0000	0.0000	0.0000
ENSG00000260785.2	CASC17	lncRNA	0	0	0	0.0000	0.0000	0.0000
ENSG00000260786.1	AC108099.1	lncRNA	0	0	0	0.0000	0.0000	0.0000
ENSG00000260788.6	AC009063.2	lncRNA	3	2	1	0.0426	0.0125	0.0120
ENSG00000260790.1	AC092338.2	lncRNA	2	1	1	0.1167	0.0342	0.0329
ENSG00000260792.1	LINC02280	lncRNA	7	4	4	0.1558	0.0456	0.0439
ENSG00000260793.2	AC003102.1	lncRNA	13	13	4	0.5487	0.1607	0.1548
ENSG00000260795.1	AC093519.1	processed_pseudogene	0	0	0	0.0000	0.0000	0.0000
ENSG00000260796.1	AC145285.3	lncRNA	10	7	9	1.5726	0.4606	0.4436
ENSG00000260797.1	AC106734.1	processed_pseudogene	0	0	0	0.0000	0.0000	0.0000
ENSG00000260798.1	AC099314.1	lncRNA	0	529	521	0.0000	0.0000	0.0000
ENSG00000260799.1	KRT8P50	processed_pseudogene	0	0	0	0.0000	0.0000	0.0000
ENSG00000260802.1	SERTM2	protein_coding	7	4	3	0.1249	0.0366	0.0352
ENSG00000260803.1	Z84723.1	lncRNA	2	1	1	0.2197	0.0644	0.0620
ENSG00000260804.3	LINC01963	lncRNA	409	195	214	11.0332	3.2318	3.1120
ENSG00000260805.2	AC092803.1	lncRNA	56	36	24	2.5042	0.7335	0.7063
ENSG00000260806.1	AL163051.1	lncRNA	26	14	16	1.4603	0.4277	0.4119
ENSG00000260807.7	CEROX1	lncRNA	352	180	173	7.6548	2.2422	2.1591
ENSG00000260808.1	AP003096.1	lncRNA	0	182	164	0.0000	0.0000	0.0000
ENSG00000260809.1	VPS35P1	unprocessed_pseudogene	3	0	3	0.1678	0.0492	0.0473
ENSG00000260810.1	AL135818.2	lncRNA	4	1	3	0.4818	0.1411	0.1359
ENSG00000260811.3	OR4C45	polymorphic_pseudogene	0	0	0	0.0000	0.0000	0.0000
ENSG00000260812.1	RARRES2P7	processed_pseudogene	0	0	0	0.0000	0.0000	0.0000
ENSG00000260814.2	AC073657.1	lncRNA	0	11	11	0.0000	0.0000	0.0000
ENSG00000260815.3	PPIAP47	processed_pseudogene	3	2	1	0.5147	0.1508	0.1452
ENSG00000260816.2	AC027279.1	lncRNA	2	1	1	0.0396	0.0116	0.0112
ENSG00000260817.2	AC074051.2	processed_pseudogene	0	0	0	0.0000	0.0000	0.0000
ENSG00000260818.2	UNGP1	processed_pseudogene	0	0	0	0.0000	0.0000	0.0000
ENSG00000260823.1	AC026461.3	lncRNA	3	1	2	0.5738	0.1681	0.1618
ENSG00000260827.1	AC138869.3	lncRNA	0	0	0	0.0000	0.0000	0.0000
ENSG00000260828.1	HMGB3P32	processed_pseudogene	2	2	0	0.3027	0.0887	0.0854
ENSG00000260830.1	AL135744.1	lncRNA	3	2	1	0.4050	0.1186	0.1142
ENSG00000260832.1	AC125793.1	lncRNA	0	0	0	0.0000	0.0000	0.0000
ENSG00000260834.1	AC009055.2	lncRNA	0	0	0	0.0000	0.0000	0.0000
ENSG00000260835.1	AC007223.1	lncRNA	0	0	0	0.0000	0.0000	0.0000
ENSG00000260836.2	AC245033.1	protein_coding	0	0	0	0.0000	0.0000	0.0000
ENSG00000260838.3	AC022893.2	lncRNA	1	1	0	0.0258	0.0075	0.0073
ENSG00000260840.2	LINC01964	lncRNA	0	0	0	0.0000	0.0000	0.0000
ENSG00000260844.2	AC055876.4	processed_pseudogene	0	0	0	0.0000	0.0000	0.0000
ENSG00000260845.1	AC138907.2	lncRNA	0	0	0	0.0000	0.0000	0.0000
ENSG00000260846.2	FRG2HP	unprocessed_pseudogene	0	0	0	0.0000	0.0000	0.0000
ENSG00000260847.1	AC133485.5	lncRNA	0	0	0	0.0000	0.0000	0.0000
ENSG00000260848.2	AC092114.1	lncRNA	0	0	0	0.0000	0.0000	0.0000
ENSG00000260850.2	AC007344.1	lncRNA	0	0	0	0.0000	0.0000	0.0000
ENSG00000260851.7	AC010542.3	protein_coding	0	2	0	0.0000	0.0000	0.0000
ENSG00000260852.1	FBXL19-AS1	lncRNA	73	50	36	1.5690	0.4596	0.4426
ENSG00000260853.2	AC109460.2	lncRNA	26	195	179	0.6742	0.1975	0.1902
ENSG00000260854.1	LINC02184	lncRNA	0	0	0	0.0000	0.0000	0.0000
ENSG00000260855.1	AL591848.3	lncRNA	61	33	28	1.4920	0.4370	0.4208
ENSG00000260857.3	AC018558.1	lncRNA	0	0	0	0.0000	0.0000	0.0000
ENSG00000260858.1	AC010551.3	lncRNA	0	0	0	0.0000	0.0000	0.0000
ENSG00000260859.1	AC025280.1	lncRNA	0	0	0	0.0000	0.0000	0.0000
ENSG00000260860.2	AC126773.5	processed_pseudogene	0	0	0	0.0000	0.0000	0.0000
ENSG00000260861.6	AL049634.2	protein_coding	0	0	0	0.0000	0.0000	0.0000
ENSG00000260862.1	AC099506.1	lncRNA	0	0	0	0.0000	0.0000	0.0000
ENSG00000260863.1	CYP2C60P	unprocessed_pseudogene	0	0	0	0.0000	0.0000	0.0000
ENSG00000260864.1	ABHD17AP7	unprocessed_pseudogene	0	0	0	0.0000	0.0000	0.0000
ENSG00000260865.1	AC010287.1	transcribed_processed_pseudogene	0	0	0	0.0000	0.0000	0.0000
ENSG00000260866.2	AC138915.2	unprocessed_pseudogene	0	0	0	0.0000	0.0000	0.0000
ENSG00000260867.1	AC009107.1	lncRNA	0	0	0	0.0000	0.0000	0.0000
ENSG00000260868.1	LINC01960	lncRNA	3	1	2	0.1352	0.0396	0.0381
ENSG00000260870.1	NDUFB10P1	processed_pseudogene	0	0	0	0.0000	0.0000	0.0000
ENSG00000260871.1	AC093510.2	lncRNA	1	1	0	0.0948	0.0278	0.0267
ENSG00000260874.5	AC106820.5	lncRNA	3	40	42	0.2898	0.0849	0.0817
ENSG00000260876.6	LINC01229	lncRNA	3	4	2	0.0256	0.0075	0.0072
ENSG00000260877.2	AP005233.2	lncRNA	0	0	0	0.0000	0.0000	0.0000
ENSG00000260878.1	AC104072.1	lncRNA	0	0	0	0.0000	0.0000	0.0000
ENSG00000260879.1	AL359258.2	lncRNA	0	41	32	0.0000	0.0000	0.0000
ENSG00000260880.5	HCCAT5	lncRNA	105	70	88	3.2964	0.9656	0.9298
ENSG00000260882.1	AC026458.1	processed_pseudogene	0	0	0	0.0000	0.0000	0.0000
ENSG00000260883.1	VN1R65P	unitary_pseudogene	0	0	0	0.0000	0.0000	0.0000
ENSG00000260884.1	AC009120.3	lncRNA	11	8	5	1.8209	0.5334	0.5136
ENSG00000260886.2	TAT-AS1	lncRNA	0	1	0	0.0000	0.0000	0.0000
ENSG00000260887.3	CASC22	lncRNA	0	0	0	0.0000	0.0000	0.0000
ENSG00000260889.1	CKBP1	processed_pseudogene	0	0	0	0.0000	0.0000	0.0000
ENSG00000260891.1	AC020978.3	lncRNA	2	1	1	0.3692	0.1082	0.1041
ENSG00000260892.1	AC105020.4	lncRNA	0	3043	3048	0.0000	0.0000	0.0000
ENSG00000260894.1	AC027682.3	lncRNA	0	144	151	0.0000	0.0000	0.0000
ENSG00000260895.1	AP003071.1	lncRNA	0	0	0	0.0000	0.0000	0.0000
ENSG00000260896.6	ARLNC1	lncRNA	0	0	0	0.0000	0.0000	0.0000
ENSG00000260897.1	DNM1P30	unprocessed_pseudogene	0	0	0	0.0000	0.0000	0.0000
ENSG00000260898.6	ADPGK-AS1	lncRNA	5	35	22	0.0841	0.0246	0.0237
ENSG00000260899.1	AC106886.2	lncRNA	0	0	0	0.0000	0.0000	0.0000
ENSG00000260900.1	AC145350.3	processed_pseudogene	0	0	0	0.0000	0.0000	0.0000
ENSG00000260902.1	LINC02011	lncRNA	0	0	0	0.0000	0.0000	0.0000
ENSG00000260903.3	XKR7	protein_coding	1	1	0	0.0110	0.0032	0.0031
ENSG00000260905.1	AC009021.1	lncRNA	0	0	0	0.0000	0.0000	0.0000
ENSG00000260907.1	AC015818.2	lncRNA	0	0	0	0.0000	0.0000	0.0000
ENSG00000260908.1	AC009093.3	transcribed_unprocessed_pseudogene	1	6	2	0.0390	0.0114	0.0110
ENSG00000260909.1	AC012186.1	unprocessed_pseudogene	0	0	0	0.0000	0.0000	0.0000
ENSG00000260910.2	LINC00565	lncRNA	8	3	5	0.1144	0.0335	0.0323
ENSG00000260911.2	AC135050.3	lncRNA	5	5	0	0.9457	0.2770	0.2667
ENSG00000260912.1	AL158206.1	lncRNA	178	87	91	7.6925	2.2533	2.1697
ENSG00000260913.1	LINC01254	lncRNA	0	0	0	0.0000	0.0000	0.0000
ENSG00000260914.3	AC026464.4	protein_coding	0	0	0	0.0000	0.0000	0.0000
ENSG00000260916.7	CCPG1	protein_coding	1763	893	872	17.0324	4.9891	4.8041
ENSG00000260917.1	AL158212.3	lncRNA	106	50	56	2.1245	0.6223	0.5992
ENSG00000260918.1	AC107398.3	lncRNA	2	2	0	0.0243	0.0071	0.0068
ENSG00000260919.1	AC100835.1	lncRNA	0	1	2	0.0000	0.0000	0.0000
ENSG00000260920.2	AL031985.3	lncRNA	95	44	51	3.2942	0.9649	0.9291
ENSG00000260921.1	AC142086.4	lncRNA	0	0	0	0.0000	0.0000	0.0000
ENSG00000260922.2	AC009139.1	lncRNA	0	2	1	0.0000	0.0000	0.0000
ENSG00000260923.7	LINC02193	lncRNA	3	2	1	0.0563	0.0165	0.0159
ENSG00000260924.2	LINC01311	lncRNA	13	7	7	0.7640	0.2238	0.2155
ENSG00000260926.3	AC016134.1	lncRNA	1	2	2	0.0612	0.0179	0.0173
ENSG00000260927.2	AC009107.2	lncRNA	8	848	886	0.1417	0.0415	0.0400
ENSG00000260928.2	SPCS2P1	processed_pseudogene	4	1	4	0.5003	0.1465	0.1411
ENSG00000260930.2	LINC01416	lncRNA	0	0	0	0.0000	0.0000	0.0000
ENSG00000260932.1	AC009119.2	lncRNA	0	0	0	0.0000	0.0000	0.0000
ENSG00000260933.1	AC091489.2	processed_pseudogene	0	0	0	0.0000	0.0000	0.0000
ENSG00000260934.1	AC130456.5	lncRNA	0	461	425	0.0000	0.0000	0.0000
ENSG00000260937.6	AC025272.1	lncRNA	0	0	0	0.0000	0.0000	0.0000
ENSG00000260939.1	AC007346.2	processed_pseudogene	0	0	0	0.0000	0.0000	0.0000
ENSG00000260941.1	LINC00622	lncRNA	32	11	21	1.7309	0.5070	0.4882
ENSG00000260942.1	CAPN10-DT	lncRNA	42	20	22	0.8917	0.2612	0.2515
ENSG00000260943.1	LINC02555	lncRNA	0	0	0	0.0000	0.0000	0.0000
ENSG00000260944.1	FOXC2-AS1	lncRNA	0	0	1	0.0000	0.0000	0.0000
ENSG00000260945.1	AC109495.1	lncRNA	0	0	0	0.0000	0.0000	0.0000
ENSG00000260947.1	AL356489.2	lncRNA	5	4	1	0.1204	0.0353	0.0339
ENSG00000260948.1	AL390195.2	lncRNA	6	4	2	0.2519	0.0738	0.0710
ENSG00000260949.1	AP006545.1	lncRNA	0	0	0	0.0000	0.0000	0.0000
ENSG00000260951.2	AC005100.1	lncRNA	0	0	0	0.0000	0.0000	0.0000
ENSG00000260953.1	AC009093.4	lncRNA	1	1	1	0.1514	0.0443	0.0427
ENSG00000260954.1	AL133297.1	lncRNA	0	0	0	0.0000	0.0000	0.0000
ENSG00000260955.2	AC100821.2	lncRNA	1	0	1	0.1930	0.0565	0.0544
ENSG00000260957.1	AC126323.5	lncRNA	0	0	0	0.0000	0.0000	0.0000
ENSG00000260958.3	AC023824.3	lncRNA	95	56	56	4.0077	1.1739	1.1304
ENSG00000260959.1	AC087463.2	lncRNA	0	0	0	0.0000	0.0000	0.0000
ENSG00000260962.1	LINC00557	lncRNA	0	1	0	0.0000	0.0000	0.0000
ENSG00000260963.2	AC026462.3	lncRNA	0	0	0	0.0000	0.0000	0.0000
ENSG00000260965.1	RPL23AP91	processed_pseudogene	1	1	0	0.1866	0.0547	0.0526
ENSG00000260966.1	AP001486.2	lncRNA	0	0	0	0.0000	0.0000	0.0000
ENSG00000260967.1	RARRES2P5	processed_pseudogene	0	0	0	0.0000	0.0000	0.0000
ENSG00000260969.2	WWOX-AS1	lncRNA	0	0	0	0.0000	0.0000	0.0000
ENSG00000260970.1	AC006288.1	lncRNA	0	0	0	0.0000	0.0000	0.0000
ENSG00000260971.4	AC119674.1	lncRNA	11	4	8	0.1186	0.0347	0.0334
ENSG00000260972.1	Z98259.1	lncRNA	0	0	0	0.0000	0.0000	0.0000
ENSG00000260973.1	AC009021.2	lncRNA	0	0	0	0.0000	0.0000	0.0000
ENSG00000260974.1	AC138907.3	lncRNA	0	0	0	0.0000	0.0000	0.0000
ENSG00000260975.1	AC007333.2	lncRNA	0	0	0	0.0000	0.0000	0.0000
ENSG00000260976.2	LINC01633	lncRNA	0	0	0	0.0000	0.0000	0.0000
ENSG00000260978.1	AC126407.1	lncRNA	2	3	4	0.3001	0.0879	0.0846
ENSG00000260979.1	AC022167.3	lncRNA	0	0	0	0.0000	0.0000	0.0000
ENSG00000260981.1	AC091932.1	lncRNA	23	13	10	4.5742	1.3398	1.2902
ENSG00000260983.2	AC010528.1	lncRNA	0	0	0	0.0000	0.0000	0.0000
ENSG00000260984.1	FGFR3P5	unprocessed_pseudogene	0	0	0	0.0000	0.0000	0.0000
ENSG00000260986.1	AC126335.1	lncRNA	0	0	0	0.0000	0.0000	0.0000
ENSG00000260988.1	AC090260.1	lncRNA	3	2	1	0.1319	0.0386	0.0372
ENSG00000260989.1	AL133297.2	lncRNA	1	1	0	0.1751	0.0513	0.0494
ENSG00000260990.1	Z94057.1	lncRNA	0	0	1	0.0000	0.0000	0.0000
ENSG00000260991.2	AC120498.5	unprocessed_pseudogene	2	1	1	0.5680	0.1664	0.1602
ENSG00000260992.1	DOCK9-DT	lncRNA	4	1	3	0.4209	0.1233	0.1187
ENSG00000260994.1	AGGF1P7	processed_pseudogene	0	0	0	0.0000	0.0000	0.0000
ENSG00000260995.3	AL512634.1	lncRNA	0	0	0	0.0000	0.0000	0.0000
ENSG00000260996.1	BX255925.1	lncRNA	1	1	0	0.0458	0.0134	0.0129
ENSG00000260997.1	AC004847.1	lncRNA	42	24	18	1.8664	0.5467	0.5264
ENSG00000260999.1	AC009137.1	lncRNA	0	125	122	0.0000	0.0000	0.0000
ENSG00000261000.1	AC244034.2	lncRNA	1	0	1	0.1668	0.0489	0.0471
ENSG00000261002.5	AC036103.1	lncRNA	2	761	816	0.1719	0.0504	0.0485
ENSG00000261003.1	AL008628.1	lncRNA	2	1	1	0.0327	0.0096	0.0092
ENSG00000261007.2	NPM1P3	processed_pseudogene	2	2	0	0.1904	0.0558	0.0537
ENSG00000261008.7	LINC01572	lncRNA	4	2	3	0.0270	0.0079	0.0076
ENSG00000261009.1	AC141257.1	lncRNA	0	0	0	0.0000	0.0000	0.0000
ENSG00000261010.1	RARRES2P6	processed_pseudogene	4	1	3	0.7685	0.2251	0.2168
ENSG00000261011.1	AL136982.4	transcribed_unprocessed_pseudogene	0	0	0	0.0000	0.0000	0.0000
ENSG00000261012.2	AC115619.1	lncRNA	0	0	0	0.0000	0.0000	0.0000
ENSG00000261014.2	LINC02165	lncRNA	0	0	0	0.0000	0.0000	0.0000
ENSG00000261017.1	AC096996.1	processed_pseudogene	0	0	0	0.0000	0.0000	0.0000
ENSG00000261018.1	AC002101.1	lncRNA	0	0	0	0.0000	0.0000	0.0000
ENSG00000261019.1	AC010132.4	lncRNA	1	0	1	0.0621	0.0182	0.0175
ENSG00000261020.1	AC132825.3	lncRNA	0	0	0	0.0000	0.0000	0.0000
ENSG00000261024.7	GS1-279B7.1	transcribed_processed_pseudogene	12	6	6	0.8457	0.2477	0.2385
ENSG00000261025.1	AL445471.1	lncRNA	109	59	50	3.7889	1.1098	1.0687
ENSG00000261026.1	AC105046.1	lncRNA	18	12	6	0.3059	0.0896	0.0863
ENSG00000261028.1	AC012322.1	lncRNA	0	0	0	0.0000	0.0000	0.0000
ENSG00000261029.1	AC138304.1	lncRNA	1	1	0	0.2003	0.0587	0.0565
ENSG00000261030.1	AC079171.1	lncRNA	0	0	0	0.0000	0.0000	0.0000
ENSG00000261033.1	AC005730.2	lncRNA	0	0	4	0.0000	0.0000	0.0000
ENSG00000261035.1	AL139348.1	lncRNA	0	0	0	0.0000	0.0000	0.0000
ENSG00000261036.2	AC113418.1	lncRNA	436	222	214	39.4306	11.5498	11.1216
ENSG00000261037.1	AC010266.2	lncRNA	0	0	0	0.0000	0.0000	0.0000
ENSG00000261038.1	AL133457.1	lncRNA	0	0	0	0.0000	0.0000	0.0000
ENSG00000261039.3	LINC02544	lncRNA	27	15	12	3.4120	0.9994	0.9624
ENSG00000261040.7	WFDC21P	transcribed_unitary_pseudogene	3	4	3	0.2318	0.0679	0.0654
ENSG00000261041.1	AC138749.3	unprocessed_pseudogene	0	0	0	0.0000	0.0000	0.0000
ENSG00000261043.5	AC019294.3	lncRNA	0	0	0	0.0000	0.0000	0.0000
ENSG00000261044.1	AP006547.1	lncRNA	2	1	1	0.2454	0.0719	0.0692
ENSG00000261045.2	LINC02129	lncRNA	0	0	0	0.0000	0.0000	0.0000
ENSG00000261046.1	C2orf69P1	processed_pseudogene	34	19	15	2.6416	0.7738	0.7451
ENSG00000261047.1	AC137527.1	processed_pseudogene	0	0	0	0.0000	0.0000	0.0000
ENSG00000261048.1	AC012414.5	processed_pseudogene	0	0	0	0.0000	0.0000	0.0000
ENSG00000261049.2	AC007347.1	lncRNA	1	0	1	0.3022	0.0885	0.0852
ENSG00000261051.1	AC107021.2	lncRNA	2	1	1	0.0811	0.0237	0.0229
ENSG00000261052.6	SULT1A3	protein_coding	0	0	0	0.0000	0.0000	0.0000
ENSG00000261053.1	NAMPTP3	processed_pseudogene	1	1	0	0.3791	0.1110	0.1069
ENSG00000261054.1	AC036108.2	lncRNA	0	460	491	0.0000	0.0000	0.0000
ENSG00000261055.1	AL450468.2	lncRNA	2	0	2	0.0899	0.0263	0.0254
ENSG00000261056.2	AC079416.2	transcribed_processed_pseudogene	5	3	2	0.2706	0.0793	0.0763
ENSG00000261057.1	LINC00555	lncRNA	0	0	0	0.0000	0.0000	0.0000
ENSG00000261058.1	AC099508.2	lncRNA	0	0	0	0.0000	0.0000	0.0000
ENSG00000261060.1	AL160286.2	lncRNA	0	0	0	0.0000	0.0000	0.0000
ENSG00000261061.1	AC092718.4	lncRNA	433	197	236	51.3555	15.0428	14.4851
ENSG00000261063.1	AC009139.2	lncRNA	0	202	234	0.0000	0.0000	0.0000
ENSG00000261064.1	LINC02256	lncRNA	9	7	8	0.8408	0.2463	0.2372
ENSG00000261065.1	AL592146.1	lncRNA	0	346	421	0.0000	0.0000	0.0000
ENSG00000261066.1	AC074052.2	lncRNA	0	0	0	0.0000	0.0000	0.0000
ENSG00000261067.7	AC109460.3	lncRNA	2	1	1	0.0321	0.0094	0.0090
ENSG00000261068.2	AL512274.1	lncRNA	1	0	1	0.0419	0.0123	0.0118
ENSG00000261069.3	AC124312.3	lncRNA	0	0	0	0.0000	0.0000	0.0000
ENSG00000261070.1	AP003071.2	lncRNA	1	0	1	0.0858	0.0251	0.0242
ENSG00000261071.1	AL441883.1	lncRNA	0	22	24	0.0000	0.0000	0.0000
ENSG00000261072.2	AC084783.1	processed_pseudogene	0	0	0	0.0000	0.0000	0.0000
ENSG00000261075.1	LINC01195	lncRNA	0	0	0	0.0000	0.0000	0.0000
ENSG00000261076.1	AC016396.2	lncRNA	5	2	3	0.2996	0.0878	0.0845
ENSG00000261077.1	AC016180.2	processed_pseudogene	0	0	0	0.0000	0.0000	0.0000
ENSG00000261078.1	AC009118.1	lncRNA	0	0	0	0.0000	0.0000	0.0000
ENSG00000261079.1	AC009053.2	lncRNA	10	15	14	0.3591	0.1052	0.1013
ENSG00000261080.1	RUNX2-AS1	lncRNA	0	0	0	0.0000	0.0000	0.0000
ENSG00000261081.1	AC025678.2	unprocessed_pseudogene	0	0	0	0.0000	0.0000	0.0000
ENSG00000261082.1	LINC01228	lncRNA	0	0	0	0.0000	0.0000	0.0000
ENSG00000261083.3	LINC02516	lncRNA	0	0	0	0.0000	0.0000	0.0000
ENSG00000261084.1	PPP1R1AP2	processed_pseudogene	0	0	0	0.0000	0.0000	0.0000
ENSG00000261087.1	ZNNT1	lncRNA	119	50	69	3.5772	1.0478	1.0090
ENSG00000261089.1	CDC37P2	processed_pseudogene	3	2	1	0.2476	0.0725	0.0698
ENSG00000261090.2	AC127459.2	lncRNA	0	0	0	0.0000	0.0000	0.0000
ENSG00000261092.1	LINC02178	lncRNA	0	0	0	0.0000	0.0000	0.0000
ENSG00000261093.1	AC141586.3	lncRNA	0	258	262	0.0000	0.0000	0.0000
ENSG00000261094.2	AC007066.2	lncRNA	28	13	15	0.8892	0.2605	0.2508
ENSG00000261095.1	AC136285.1	lncRNA	0	0	0	0.0000	0.0000	0.0000
ENSG00000261096.1	AC073476.2	lncRNA	4	7	3	0.1355	0.0397	0.0382
ENSG00000261097.1	LINC00563	lncRNA	1	1	6	0.0607	0.0178	0.0171
ENSG00000261098.1	AP000766.1	lncRNA	32	15	17	0.6564	0.1923	0.1851
ENSG00000261101.2	AC234775.2	lncRNA	15	10	5	1.9418	0.5688	0.5477
ENSG00000261102.2	ATP5MFP6	processed_pseudogene	1	0	1	0.3192	0.0935	0.0900
ENSG00000261103.3	AC009063.3	lncRNA	30	15	15	0.6885	0.2017	0.1942
ENSG00000261104.1	AC093904.4	lncRNA	0	0	0	0.0000	0.0000	0.0000
ENSG00000261105.6	LMO7-AS1	lncRNA	18	101	77	0.7173	0.2101	0.2023
ENSG00000261108.2	AC138907.4	processed_pseudogene	0	0	0	0.0000	0.0000	0.0000
ENSG00000261111.1	AC133569.1	processed_pseudogene	0	0	0	0.0000	0.0000	0.0000
ENSG00000261113.1	AC009034.1	lncRNA	0	50	57	0.0000	0.0000	0.0000
ENSG00000261114.1	AC012181.1	lncRNA	10	3	7	1.2149	0.3559	0.3427
ENSG00000261115.6	TMEM178B	protein_coding	1780	851	929	13.9651	4.0906	3.9389
ENSG00000261116.1	AL049555.1	lncRNA	0	0	0	0.0000	0.0000	0.0000
ENSG00000261117.1	AC009486.1	lncRNA	0	2	1	0.0000	0.0000	0.0000
ENSG00000261118.1	AC092123.1	lncRNA	5	5	0	0.4063	0.1190	0.1146
ENSG00000261120.1	AL133299.1	lncRNA	0	0	0	0.0000	0.0000	0.0000
ENSG00000261121.2	LINC02473	lncRNA	7	3	4	0.2614	0.0766	0.0737
ENSG00000261122.6	LINC02167	lncRNA	0	0	0	0.0000	0.0000	0.0000
ENSG00000261123.1	AC009065.5	lncRNA	12	48	37	1.7098	0.5008	0.4823
ENSG00000261124.1	AC135050.4	lncRNA	0	0	0	0.0000	0.0000	0.0000
ENSG00000261126.7	RBFADN	lncRNA	4	2	2	0.0513	0.0150	0.0145
ENSG00000261127.2	AC133548.2	transcribed_processed_pseudogene	0	0	0	0.0000	0.0000	0.0000
ENSG00000261129.1	AC106871.1	lncRNA	0	0	0	0.0000	0.0000	0.0000
ENSG00000261130.5	AC140504.1	protein_coding	0	0	0	0.0000	0.0000	0.0000
ENSG00000261131.1	AC012186.2	lncRNA	0	0	0	0.0000	0.0000	0.0000
ENSG00000261135.1	AL137802.2	lncRNA	1	1	0	0.0765	0.0224	0.0216
ENSG00000261136.1	AC023908.3	lncRNA	17	10	10	0.4738	0.1388	0.1336
ENSG00000261140.1	AC093525.4	lncRNA	4	2	2	0.7400	0.2168	0.2087
ENSG00000261141.1	AC092718.5	lncRNA	9	1	8	1.2888	0.3775	0.3635
ENSG00000261143.1	ADAMTS7P3	transcribed_unprocessed_pseudogene	2	1	2	0.0452	0.0132	0.0127
ENSG00000261144.1	AC092121.1	processed_pseudogene	0	0	0	0.0000	0.0000	0.0000
ENSG00000261145.1	AC009060.2	processed_pseudogene	0	0	0	0.0000	0.0000	0.0000
ENSG00000261146.1	AC007159.1	lncRNA	0	0	0	0.0000	0.0000	0.0000
ENSG00000261147.1	AC091167.2	protein_coding	0	0	0	0.0000	0.0000	0.0000
ENSG00000261150.3	EPPK1	protein_coding	1	2	0	0.0053	0.0016	0.0015
ENSG00000261151.1	AC012182.1	processed_pseudogene	0	0	0	0.0000	0.0000	0.0000
ENSG00000261153.2	AC136428.3	processed_pseudogene	0	0	0	0.0000	0.0000	0.0000
ENSG00000261154.1	LINC02131	lncRNA	0	0	0	0.0000	0.0000	0.0000
ENSG00000261156.6	LINC01989	lncRNA	5	4	1	0.3307	0.0969	0.0933
ENSG00000261158.1	AC109597.2	lncRNA	0	0	0	0.0000	0.0000	0.0000
ENSG00000261159.1	AC112484.3	lncRNA	6	2	4	0.6283	0.1840	0.1772
ENSG00000261161.1	AC009154.1	lncRNA	0	0	0	0.0000	0.0000	0.0000
ENSG00000261166.1	AC073429.2	lncRNA	0	0	0	0.0000	0.0000	0.0000
ENSG00000261167.1	AC107027.3	lncRNA	89	42	48	2.1762	0.6374	0.6138
ENSG00000261168.1	AL592424.1	lncRNA	8	2	6	0.4423	0.1296	0.1248
ENSG00000261170.2	AC009053.3	lncRNA	12	8	4	0.3141	0.0920	0.0886
ENSG00000261172.1	AC133919.2	lncRNA	0	0	0	0.0000	0.0000	0.0000
ENSG00000261173.1	AC018845.3	lncRNA	4	3	1	0.6583	0.1928	0.1857
ENSG00000261174.2	HMGB1P33	processed_pseudogene	0	0	0	0.0000	0.0000	0.0000
ENSG00000261175.6	LINC02188	lncRNA	0	0	0	0.0000	0.0000	0.0000
ENSG00000261177.1	AC135012.1	lncRNA	0	0	0	0.0000	0.0000	0.0000
ENSG00000261178.2	AC009169.1	unprocessed_pseudogene	0	0	0	0.0000	0.0000	0.0000
ENSG00000261181.1	AC136619.1	unprocessed_pseudogene	0	0	0	0.0000	0.0000	0.0000
ENSG00000261182.1	AL596211.1	lncRNA	0	0	0	0.0000	0.0000	0.0000
ENSG00000261183.5	SPINT1-AS1	lncRNA	23	32	29	1.5764	0.4618	0.4446
ENSG00000261184.3	AC083864.3	lncRNA	0	0	0	0.0000	0.0000	0.0000
ENSG00000261186.2	AC093642.2	lncRNA	3	3	0	0.2301	0.0674	0.0649
ENSG00000261187.1	AC079322.1	lncRNA	7	2	5	0.5237	0.1534	0.1477
ENSG00000261188.1	Z95115.1	lncRNA	54	30	26	2.2567	0.6610	0.6365
ENSG00000261189.1	AL031058.1	lncRNA	0	0	0	0.0000	0.0000	0.0000
ENSG00000261190.5	C16orf97	lncRNA	0	0	0	0.0000	0.0000	0.0000
ENSG00000261191.1	AC013640.1	lncRNA	0	0	0	0.0000	0.0000	0.0000
ENSG00000261192.1	RNF126P1	transcribed_processed_pseudogene	1	0	1	0.0643	0.0188	0.0181
ENSG00000261193.1	AC134312.4	lncRNA	0	0	0	0.0000	0.0000	0.0000
ENSG00000261194.2	LINC01898	lncRNA	0	0	0	0.0000	0.0000	0.0000
ENSG00000261195.1	AC027130.1	lncRNA	2	3	0	0.1709	0.0500	0.0482
ENSG00000261196.1	CYP4A43P	unprocessed_pseudogene	0	0	0	0.0000	0.0000	0.0000
ENSG00000261197.2	AC133561.3	processed_pseudogene	0	0	0	0.0000	0.0000	0.0000
ENSG00000261198.1	AC005774.2	lncRNA	0	0	0	0.0000	0.0000	0.0000
ENSG00000261199.1	UBE2FP2	processed_pseudogene	1	0	1	0.1838	0.0538	0.0518
ENSG00000261200.1	AC136944.2	lncRNA	0	0	0	0.0000	0.0000	0.0000
ENSG00000261202.1	Z83847.1	lncRNA	0	0	5	0.0000	0.0000	0.0000
ENSG00000261203.1	AC106782.2	unprocessed_pseudogene	0	0	0	0.0000	0.0000	0.0000
ENSG00000261204.1	AC004449.1	lncRNA	0	0	0	0.0000	0.0000	0.0000
ENSG00000261205.2	NIFKP4	processed_pseudogene	0	0	0	0.0000	0.0000	0.0000
ENSG00000261206.1	LINC00561	lncRNA	1	1	0	0.0310	0.0091	0.0087
ENSG00000261207.1	AL031717.1	lncRNA	3	2	1	0.4509	0.1321	0.1272
ENSG00000261208.1	AL365475.1	processed_pseudogene	3	2	1	0.1307	0.0383	0.0369
ENSG00000261209.1	SULT1C2P2	unprocessed_pseudogene	0	0	0	0.0000	0.0000	0.0000
ENSG00000261210.8	CLEC19A	protein_coding	0	0	0	0.0000	0.0000	0.0000
ENSG00000261211.1	AL031123.2	lncRNA	1	0	1	0.0255	0.0075	0.0072
ENSG00000261213.1	AC099786.3	lncRNA	0	0	0	0.0000	0.0000	0.0000
ENSG00000261215.1	AL162231.4	lncRNA	1	0	1	0.0260	0.0076	0.0073
ENSG00000261216.1	AC007216.2	lncRNA	1	1	0	0.2211	0.0648	0.0624
ENSG00000261217.2	BCAP31P1	unprocessed_pseudogene	1	1	0	0.2206	0.0646	0.0622
ENSG00000261218.5	AC099524.1	lncRNA	7	2	5	0.3074	0.0900	0.0867
ENSG00000261219.1	AC090651.1	lncRNA	0	0	0	0.0000	0.0000	0.0000
ENSG00000261220.2	AC103706.1	lncRNA	3	2	1	0.3752	0.1099	0.1058
ENSG00000261221.4	ZNF865	protein_coding	693	372	322	15.6391	4.5809	4.4111
ENSG00000261222.3	AC064805.1	lncRNA	1	1	0	0.0236	0.0069	0.0066
ENSG00000261226.1	AC092384.3	lncRNA	0	0	0	0.0000	0.0000	0.0000
ENSG00000261227.2	AC140912.1	lncRNA	0	0	0	0.0000	0.0000	0.0000
ENSG00000261229.6	AC021483.2	lncRNA	0	0	0	0.0000	0.0000	0.0000
ENSG00000261231.6	LINC02133	lncRNA	1	1	0	0.0281	0.0082	0.0079
ENSG00000261232.2	AC090751.1	processed_pseudogene	1	1	0	0.3181	0.0932	0.0897
ENSG00000261233.2	ABCD1P3	unprocessed_pseudogene	0	0	0	0.0000	0.0000	0.0000
ENSG00000261234.1	AC025281.1	processed_pseudogene	0	0	0	0.0000	0.0000	0.0000
ENSG00000261235.1	AC092142.1	lncRNA	1	0	1	0.0824	0.0242	0.0233
ENSG00000261236.8	BOP1	protein_coding	5785	2819	2968	127.9002	37.4640	36.0750
ENSG00000261238.1	AC009166.1	lncRNA	0	0	0	0.0000	0.0000	0.0000
ENSG00000261239.6	ANKRD26P1	transcribed_unprocessed_pseudogene	0	0	0	0.0000	0.0000	0.0000
ENSG00000261240.1	AC009065.6	lncRNA	0	26	20	0.0000	0.0000	0.0000
ENSG00000261241.7	LINC02128	lncRNA	0	0	0	0.0000	0.0000	0.0000
ENSG00000261242.1	AL136038.3	lncRNA	5	2	3	0.3874	0.1135	0.1093
ENSG00000261243.1	AC022165.1	lncRNA	1	41	32	0.1425	0.0417	0.0402
ENSG00000261244.1	AC104758.3	lncRNA	0	0	0	0.0000	0.0000	0.0000
ENSG00000261245.2	AC093520.2	unprocessed_pseudogene	0	0	0	0.0000	0.0000	0.0000
ENSG00000261247.1	GOLGA8T	protein_coding	0	0	0	0.0000	0.0000	0.0000
ENSG00000261248.1	AC009120.4	lncRNA	0	0	0	0.0000	0.0000	0.0000
ENSG00000261249.1	LINC01751	lncRNA	0	0	0	0.0000	0.0000	0.0000
ENSG00000261250.1	AL160286.3	lncRNA	0	1	0	0.0000	0.0000	0.0000
ENSG00000261251.1	Z97055.2	lncRNA	16	8	8	0.6859	0.2009	0.1935
ENSG00000261253.2	AC137932.2	lncRNA	1	0	1	0.0624	0.0183	0.0176
ENSG00000261257.1	AP000821.1	lncRNA	0	0	1	0.0000	0.0000	0.0000
ENSG00000261259.1	AC142086.5	transcribed_processed_pseudogene	0	0	0	0.0000	0.0000	0.0000
ENSG00000261260.2	AC106736.1	lncRNA	0	11	8	0.0000	0.0000	0.0000
ENSG00000261261.3	AC026462.4	lncRNA	0	0	0	0.0000	0.0000	0.0000
ENSG00000261263.2	AC138907.5	transcribed_processed_pseudogene	0	0	0	0.0000	0.0000	0.0000
ENSG00000261265.1	AC025271.2	lncRNA	0	4	10	0.0000	0.0000	0.0000
ENSG00000261266.2	AC008870.3	lncRNA	0	81	66	0.0000	0.0000	0.0000
ENSG00000261267.1	AC026470.2	lncRNA	2	1	3	0.3878	0.1136	0.1094
ENSG00000261268.1	AC112236.1	lncRNA	0	0	0	0.0000	0.0000	0.0000
ENSG00000261269.1	AC093278.2	lncRNA	0	0	0	0.0000	0.0000	0.0000
ENSG00000261270.1	AC012181.2	lncRNA	6	2	4	0.8478	0.2483	0.2391
ENSG00000261272.1	MUC22	protein_coding	0	0	2	0.0000	0.0000	0.0000
ENSG00000261273.1	AC138512.1	lncRNA	1	1	0	0.1957	0.0573	0.0552
ENSG00000261274.1	TP53TG3GP	unprocessed_pseudogene	1	12	6	0.2543	0.0745	0.0717
ENSG00000261275.1	AC092447.8	lncRNA	0	0	0	0.0000	0.0000	0.0000
ENSG00000261276.1	AP003071.3	lncRNA	0	19	22	0.0000	0.0000	0.0000
ENSG00000261278.1	AC009094.1	processed_pseudogene	1	1	0	0.1993	0.0584	0.0562
ENSG00000261279.5	ULK4P1	transcribed_unprocessed_pseudogene	0	0	0	0.0000	0.0000	0.0000
ENSG00000261281.1	AC009712.1	transcribed_processed_pseudogene	0	0	0	0.0000	0.0000	0.0000
ENSG00000261282.1	SOD1P2	processed_pseudogene	0	0	0	0.0000	0.0000	0.0000
ENSG00000261284.2	RBM22P13	processed_pseudogene	0	0	0	0.0000	0.0000	0.0000
ENSG00000261285.7	AC009117.2	lncRNA	0	0	0	0.0000	0.0000	0.0000
ENSG00000261286.1	ATP2C2-AS1	lncRNA	2	1	3	0.0567	0.0166	0.0160
ENSG00000261288.1	AC093525.5	lncRNA	1	2	5	0.1485	0.0435	0.0419
ENSG00000261289.2	AC034105.5	processed_pseudogene	1	1	0	0.2704	0.0792	0.0763
ENSG00000261290.1	CYP4A44P	unprocessed_pseudogene	0	0	0	0.0000	0.0000	0.0000
ENSG00000261291.1	AC007906.1	lncRNA	2	0	2	0.3330	0.0975	0.0939
ENSG00000261292.2	AC110491.1	lncRNA	0	0	0	0.0000	0.0000	0.0000
ENSG00000261293.1	AC007601.2	lncRNA	1	0	1	0.1692	0.0496	0.0477
ENSG00000261294.1	AC120498.6	lncRNA	0	0	4	0.0000	0.0000	0.0000
ENSG00000261296.1	AC126323.6	lncRNA	0	0	0	0.0000	0.0000	0.0000
ENSG00000261298.1	AC122134.1	lncRNA	2	2	0	0.1013	0.0297	0.0286
ENSG00000261299.1	C2orf69P3	processed_pseudogene	0	0	0	0.0000	0.0000	0.0000
ENSG00000261302.6	AC106779.1	lncRNA	6	2	4	0.3256	0.0954	0.0918
ENSG00000261303.6	AC022748.2	transcribed_unprocessed_pseudogene	0	0	0	0.0000	0.0000	0.0000
ENSG00000261304.2	LINC02252	lncRNA	0	0	0	0.0000	0.0000	0.0000
ENSG00000261305.2	AC005586.1	lncRNA	0	0	0	0.0000	0.0000	0.0000
ENSG00000261307.1	AC102797.1	lncRNA	0	0	0	0.0000	0.0000	0.0000
ENSG00000261308.3	FIGNL2	protein_coding	1	3	4	0.0176	0.0052	0.0050
ENSG00000261310.1	AC009081.1	lncRNA	0	0	0	0.0000	0.0000	0.0000
ENSG00000261312.1	AC002550.1	lncRNA	1	164	124	0.0616	0.0180	0.0174
ENSG00000261313.2	AC105430.1	lncRNA	1	0	1	0.1159	0.0339	0.0327
ENSG00000261314.1	AC105275.2	lncRNA	1	1	0	0.1194	0.0350	0.0337
ENSG00000261315.2	LARP4P	transcribed_processed_pseudogene	0	0	0	0.0000	0.0000	0.0000
ENSG00000261316.1	LINC01834	lncRNA	0	0	0	0.0000	0.0000	0.0000
ENSG00000261318.1	AC055855.2	lncRNA	1	2	1	0.1469	0.0430	0.0414
ENSG00000261319.1	LINC02152	lncRNA	2	1	1	0.1326	0.0388	0.0374
ENSG00000261320.1	AC009061.1	lncRNA	0	0	0	0.0000	0.0000	0.0000
ENSG00000261324.2	AC010168.2	lncRNA	44	20	24	0.6884	0.2016	0.1942
ENSG00000261325.1	LINC02192	lncRNA	1	0	1	0.0641	0.0188	0.0181
ENSG00000261326.4	LINC01355	lncRNA	90	55	35	1.2363	0.3621	0.3487
ENSG00000261327.5	AC134312.5	lncRNA	18	17	15	0.6433	0.1884	0.1815
ENSG00000261329.6	AC016597.1	lncRNA	30	52	43	0.4794	0.1404	0.1352
ENSG00000261330.1	PPIAP50	processed_pseudogene	0	0	0	0.0000	0.0000	0.0000
ENSG00000261332.1	AC116348.2	lncRNA	1	34	30	0.1472	0.0431	0.0415
ENSG00000261333.2	CD24P2	processed_pseudogene	0	0	0	0.0000	0.0000	0.0000
ENSG00000261334.1	AL353803.4	lncRNA	2	1	1	0.0878	0.0257	0.0248
ENSG00000261335.1	AC005837.1	lncRNA	6	7	17	0.2968	0.0869	0.0837
ENSG00000261336.1	EIF4BP5	processed_pseudogene	1	0	1	0.0473	0.0139	0.0133
ENSG00000261338.2	AC021016.1	lncRNA	39	19	20	1.6171	0.4737	0.4561
ENSG00000261340.1	LINC01616	lncRNA	2	1	1	0.0745	0.0218	0.0210
ENSG00000261341.6	AC010325.1	protein_coding	0	0	0	0.0000	0.0000	0.0000
ENSG00000261342.1	AC006538.1	lncRNA	19	11	8	1.0180	0.2982	0.2871
ENSG00000261346.1	AC116348.3	lncRNA	1	26	38	0.1215	0.0356	0.0343
ENSG00000261347.1	AP000439.3	lncRNA	0	0	0	0.0000	0.0000	0.0000
ENSG00000261348.2	LINC02136	lncRNA	0	0	0	0.0000	0.0000	0.0000
ENSG00000261349.1	AL031432.2	unprocessed_pseudogene	3	2	1	0.5550	0.1626	0.1566
ENSG00000261350.1	AC018558.2	lncRNA	0	0	0	0.0000	0.0000	0.0000
ENSG00000261351.2	AC116913.1	lncRNA	57	98	98	2.2327	0.6540	0.6297
ENSG00000261356.2	AC092368.2	processed_pseudogene	0	0	0	0.0000	0.0000	0.0000
ENSG00000261357.1	AC099518.2	lncRNA	6	3	3	0.7238	0.2120	0.2041
ENSG00000261359.2	PYCARD-AS1	lncRNA	1	391	426	0.0776	0.0227	0.0219
ENSG00000261360.1	AC010491.1	lncRNA	12	7	5	0.3643	0.1067	0.1028
ENSG00000261362.1	AC136619.2	processed_pseudogene	0	0	0	0.0000	0.0000	0.0000
ENSG00000261363.2	AC106745.1	lncRNA	0	0	0	0.0000	0.0000	0.0000
ENSG00000261364.1	AC063923.2	lncRNA	103	56	54	9.4254	2.7609	2.6585
ENSG00000261365.1	AC138749.4	unprocessed_pseudogene	0	0	0	0.0000	0.0000	0.0000
ENSG00000261366.1	MANEA-DT	lncRNA	10	4	6	0.3744	0.1097	0.1056
ENSG00000261367.1	AC012645.2	lncRNA	0	1	1	0.0000	0.0000	0.0000
ENSG00000261368.1	AL731537.2	lncRNA	0	0	0	0.0000	0.0000	0.0000
ENSG00000261369.1	AC007533.1	lncRNA	0	0	0	0.0000	0.0000	0.0000
ENSG00000261371.6	PECAM1	protein_coding	5112	2536	2576	56.0797	16.4266	15.8176
ENSG00000261373.1	VPS9D1-AS1	lncRNA	66	186	203	3.1972	0.9365	0.9018
ENSG00000261375.1	AC135983.4	unprocessed_pseudogene	0	0	0	0.0000	0.0000	0.0000
ENSG00000261376.1	AC022166.2	lncRNA	0	0	0	0.0000	0.0000	0.0000
ENSG00000261377.5	PDCD6IPP2	transcribed_unprocessed_pseudogene	0	0	0	0.0000	0.0000	0.0000
ENSG00000261379.1	AC010735.1	lncRNA	0	0	0	0.0000	0.0000	0.0000
ENSG00000261382.1	AC091962.1	lncRNA	0	0	0	0.0000	0.0000	0.0000
ENSG00000261384.1	AC023300.1	lncRNA	0	0	0	0.0000	0.0000	0.0000
ENSG00000261385.1	AC009088.3	lncRNA	0	0	1	0.0000	0.0000	0.0000
ENSG00000261386.2	AC027682.4	lncRNA	2	1	1	0.1434	0.0420	0.0405
ENSG00000261390.6	MAFTRR	lncRNA	10	6	6	0.2174	0.0637	0.0613
ENSG00000261391.1	AC138907.6	processed_pseudogene	0	0	0	0.0000	0.0000	0.0000
ENSG00000261392.1	AC087190.2	lncRNA	14	7	7	1.5789	0.4625	0.4453
ENSG00000261393.1	AC007493.2	lncRNA	0	25	17	0.0000	0.0000	0.0000
ENSG00000261394.1	AC007598.2	lncRNA	0	0	0	0.0000	0.0000	0.0000
ENSG00000261395.3	HSPE1P5	transcribed_processed_pseudogene	2	0	2	0.6244	0.1829	0.1761
ENSG00000261396.1	AC027682.5	lncRNA	0	140	151	0.0000	0.0000	0.0000
ENSG00000261397.1	LINC01177	lncRNA	0	0	0	0.0000	0.0000	0.0000
ENSG00000261398.1	AC023824.4	lncRNA	0	0	0	0.0000	0.0000	0.0000
ENSG00000261399.1	AL031710.1	lncRNA	0	0	0	0.0000	0.0000	0.0000
ENSG00000261400.1	AC011525.1	lncRNA	0	0	0	0.0000	0.0000	0.0000
ENSG00000261401.1	HERC2P1	unprocessed_pseudogene	0	0	0	0.0000	0.0000	0.0000
ENSG00000261402.1	AL591222.1	lncRNA	1	1	0	0.0221	0.0065	0.0062
ENSG00000261403.1	AC104758.4	lncRNA	0	0	0	0.0000	0.0000	0.0000
ENSG00000261404.7	AC138627.1	lncRNA	3	1	2	0.0341	0.0100	0.0096
ENSG00000261405.2	AC136944.3	transcribed_unprocessed_pseudogene	0	0	0	0.0000	0.0000	0.0000
ENSG00000261407.2	AC013565.3	lncRNA	8	1	7	0.8986	0.2632	0.2535
ENSG00000261408.7	TEN1-CDK3	protein_coding	6	3	3	0.1307	0.0383	0.0369
ENSG00000261409.1	AL035425.3	lncRNA	3	2	1	0.0510	0.0149	0.0144
ENSG00000261410.1	AC009142.1	lncRNA	0	0	0	0.0000	0.0000	0.0000
ENSG00000261411.1	AL161938.1	lncRNA	0	0	0	0.0000	0.0000	0.0000
ENSG00000261416.1	AC012645.3	lncRNA	0	148	154	0.0000	0.0000	0.0000
ENSG00000261418.1	HERC2P6	unprocessed_pseudogene	0	0	0	0.0000	0.0000	0.0000
ENSG00000261419.1	AC145285.4	unprocessed_pseudogene	0	0	0	0.0000	0.0000	0.0000
ENSG00000261420.1	AL022069.1	lncRNA	1	0	1	0.0519	0.0152	0.0146
ENSG00000261421.1	AC044798.1	lncRNA	0	0	0	0.0000	0.0000	0.0000
ENSG00000261423.1	TMEM202-AS1	lncRNA	27	88	98	0.8451	0.2476	0.2384
ENSG00000261424.1	ATP5PBP7	processed_pseudogene	0	0	0	0.0000	0.0000	0.0000
ENSG00000261426.1	AC144833.1	lncRNA	0	0	0	0.0000	0.0000	0.0000
ENSG00000261427.6	AC099518.3	lncRNA	0	0	0	0.0000	0.0000	0.0000
ENSG00000261429.2	DPPA2P4	processed_pseudogene	0	0	0	0.0000	0.0000	0.0000
ENSG00000261430.1	AL031600.2	lncRNA	0	0	0	0.0000	0.0000	0.0000
ENSG00000261431.1	AL023803.1	lncRNA	1	0	1	0.4541	0.1330	0.1281
ENSG00000261432.1	LINC01613	lncRNA	0	0	0	0.0000	0.0000	0.0000
ENSG00000261433.1	AC002347.1	lncRNA	0	0	0	0.0000	0.0000	0.0000
ENSG00000261434.1	AC021087.4	lncRNA	0	0	0	0.0000	0.0000	0.0000
ENSG00000261435.1	AL592164.1	lncRNA	1	0	1	0.0430	0.0126	0.0121
ENSG00000261436.6	AC009081.2	lncRNA	0	0	0	0.0000	0.0000	0.0000
ENSG00000261437.1	AC108860.2	lncRNA	0	0	0	0.0000	0.0000	0.0000
ENSG00000261438.1	AL157394.1	lncRNA	0	0	0	0.0000	0.0000	0.0000
ENSG00000261439.1	DKFZP434H168	lncRNA	0	12	17	0.0000	0.0000	0.0000
ENSG00000261440.1	DUX4L45	processed_pseudogene	0	0	0	0.0000	0.0000	0.0000
ENSG00000261441.1	AC124068.2	lncRNA	5	3	4	0.3829	0.1121	0.1080
ENSG00000261442.1	AC023830.1	lncRNA	4	7	2	0.2201	0.0645	0.0621
ENSG00000261444.1	AC106782.3	unprocessed_pseudogene	0	0	0	0.0000	0.0000	0.0000
ENSG00000261445.1	AC018558.3	lncRNA	0	0	0	0.0000	0.0000	0.0000
ENSG00000261446.4	LINC00559	lncRNA	1	1	0	0.0200	0.0059	0.0056
ENSG00000261447.1	AL162412.1	lncRNA	0	0	0	0.0000	0.0000	0.0000
ENSG00000261448.1	AC109446.2	lncRNA	0	23	27	0.0000	0.0000	0.0000
ENSG00000261449.1	AC103724.3	lncRNA	1	1	0	0.0856	0.0251	0.0241
ENSG00000261451.1	AC104964.2	lncRNA	1	1	0	0.0183	0.0054	0.0052
ENSG00000261453.2	LINC01735	lncRNA	1	0	1	0.0354	0.0104	0.0100
ENSG00000261455.1	LINC01003	lncRNA	47	19	28	2.2626	0.6628	0.6382
ENSG00000261456.6	TUBB8	protein_coding	1	1	0	0.0295	0.0087	0.0083
ENSG00000261457.3	AC002519.2	transcribed_processed_pseudogene	1	0	1	0.0582	0.0171	0.0164
ENSG00000261458.1	AC009132.1	unprocessed_pseudogene	0	0	0	0.0000	0.0000	0.0000
ENSG00000261459.1	AC002310.4	protein_coding	0	0	0	0.0000	0.0000	0.0000
ENSG00000261460.1	AC009690.2	lncRNA	0	2879	2799	0.0000	0.0000	0.0000
ENSG00000261461.1	UBE2MP1	processed_pseudogene	29	12	17	4.4776	1.3116	1.2629
ENSG00000261462.1	AC004023.1	lncRNA	0	0	0	0.0000	0.0000	0.0000
ENSG00000261465.7	AC099518.4	lncRNA	0	42	46	0.0000	0.0000	0.0000
ENSG00000261466.2	AC136944.4	lncRNA	0	0	0	0.0000	0.0000	0.0000
ENSG00000261467.2	AC099398.1	lncRNA	0	0	0	0.0000	0.0000	0.0000
ENSG00000261468.1	AC096921.2	lncRNA	12	9	3	0.5319	0.1558	0.1500
ENSG00000261469.1	AC020978.4	lncRNA	1	1	1	0.1593	0.0467	0.0449
ENSG00000261470.1	AC009039.1	lncRNA	0	0	0	0.0000	0.0000	0.0000
ENSG00000261471.1	AC092145.1	lncRNA	1	0	1	0.0349	0.0102	0.0098
ENSG00000261472.1	AC084064.1	lncRNA	0	0	0	0.0000	0.0000	0.0000
ENSG00000261474.1	AC026471.4	lncRNA	44	18	26	8.3218	2.4376	2.3472
ENSG00000261475.3	LINC02190	lncRNA	0	0	0	0.0000	0.0000	0.0000
ENSG00000261476.1	AC009163.4	lncRNA	1	0	1	0.0997	0.0292	0.0281
ENSG00000261478.1	AC013391.3	lncRNA	0	0	0	0.0000	0.0000	0.0000
ENSG00000261480.1	AC055876.5	lncRNA	0	0	0	0.0000	0.0000	0.0000
ENSG00000261481.1	AC022167.4	lncRNA	1	1	0	0.1705	0.0499	0.0481
ENSG00000261482.1	AC092725.1	lncRNA	0	0	0	0.0000	0.0000	0.0000
ENSG00000261485.1	PAN3-AS1	lncRNA	15	9	6	0.9429	0.2762	0.2659
ENSG00000261486.1	RARRES2P9	processed_pseudogene	0	0	0	0.0000	0.0000	0.0000
ENSG00000261487.1	AC135048.1	lncRNA	0	0	0	0.0000	0.0000	0.0000
ENSG00000261488.1	TBILA	lncRNA	3	3	0	0.1315	0.0385	0.0371
ENSG00000261489.1	AC025271.3	lncRNA	0	0	0	0.0000	0.0000	0.0000
ENSG00000261490.1	AC005674.1	lncRNA	27	13	14	0.6532	0.1913	0.1842
ENSG00000261491.1	DNM1P31	unprocessed_pseudogene	0	0	0	0.0000	0.0000	0.0000
ENSG00000261497.1	AC091304.3	unprocessed_pseudogene	0	0	0	0.0000	0.0000	0.0000
ENSG00000261498.1	LINC00566	lncRNA	0	0	0	0.0000	0.0000	0.0000
ENSG00000261499.2	AC233699.1	unprocessed_pseudogene	3	2	1	0.2181	0.0639	0.0615
ENSG00000261501.1	AC079341.1	lncRNA	0	0	0	0.0000	0.0000	0.0000
ENSG00000261502.4	AC040174.1	lncRNA	1	1	0	0.0191	0.0056	0.0054
ENSG00000261504.1	LINC01686	lncRNA	6	5	1	0.3703	0.1085	0.1044
ENSG00000261505.1	AL031714.1	lncRNA	2	989	970	0.0378	0.0111	0.0107
ENSG00000261507.1	AC141257.2	lncRNA	0	0	0	0.0000	0.0000	0.0000
ENSG00000261509.6	TP53TG3B	protein_coding	0	0	0	0.0000	0.0000	0.0000
ENSG00000261511.1	CYP3A137P	unprocessed_pseudogene	0	0	0	0.0000	0.0000	0.0000
ENSG00000261512.2	AC092368.3	lncRNA	182	97	85	9.7143	2.8455	2.7400
ENSG00000261513.1	AC009097.4	lncRNA	0	1	0	0.0000	0.0000	0.0000
ENSG00000261514.1	LINC01976	lncRNA	2	2	0	0.3913	0.1146	0.1104
ENSG00000261515.1	VN1R70P	processed_pseudogene	0	0	0	0.0000	0.0000	0.0000
ENSG00000261517.2	LINC00558	lncRNA	0	0	0	0.0000	0.0000	0.0000
ENSG00000261519.3	AC010542.4	lncRNA	0	28	26	0.0000	0.0000	0.0000
ENSG00000261520.5	DLGAP1-AS5	lncRNA	1	0	1	0.0295	0.0086	0.0083
ENSG00000261522.5	AL845331.2	transcribed_unprocessed_pseudogene	0	0	0	0.0000	0.0000	0.0000
ENSG00000261523.1	AC009167.1	lncRNA	0	0	0	0.0000	0.0000	0.0000
ENSG00000261524.1	ABCB10P3	processed_pseudogene	0	0	0	0.0000	0.0000	0.0000
ENSG00000261526.2	AC012615.1	lncRNA	8	18	11	0.5230	0.1532	0.1475
ENSG00000261527.1	AC026464.5	processed_pseudogene	0	0	0	0.0000	0.0000	0.0000
ENSG00000261528.2	CCNYL7	processed_pseudogene	0	0	0	0.0000	0.0000	0.0000
ENSG00000261529.1	AC100774.1	lncRNA	0	0	0	0.0000	0.0000	0.0000
ENSG00000261532.1	AC009065.7	lncRNA	0	51	61	0.0000	0.0000	0.0000
ENSG00000261534.1	AL596244.1	lncRNA	49	26	23	1.1011	0.3225	0.3106
ENSG00000261535.1	AC005086.2	lncRNA	2	2	0	0.2120	0.0621	0.0598
ENSG00000261536.2	ABHD17AP9	unprocessed_pseudogene	0	0	0	0.0000	0.0000	0.0000
ENSG00000261537.1	AC027279.2	lncRNA	2	2	0	0.2142	0.0627	0.0604
ENSG00000261538.1	AC096996.2	lncRNA	0	0	0	0.0000	0.0000	0.0000
ENSG00000261540.1	AC079414.1	lncRNA	0	0	0	0.0000	0.0000	0.0000
ENSG00000261541.1	AC138915.3	lncRNA	1	1	0	0.0205	0.0060	0.0058
ENSG00000261542.1	AC011978.2	lncRNA	19	11	8	0.7855	0.2301	0.2216
ENSG00000261543.1	AC010931.2	lncRNA	4	4	1	0.6131	0.1796	0.1729
ENSG00000261544.1	AC011939.2	lncRNA	0	0	0	0.0000	0.0000	0.0000
ENSG00000261546.1	AC135782.3	lncRNA	5	94	81	0.2017	0.0591	0.0569
ENSG00000261548.1	HLA-P	unprocessed_pseudogene	1	1	0	0.1137	0.0333	0.0321
ENSG00000261549.2	AC107954.1	processed_pseudogene	3	2	1	0.3504	0.1026	0.0988
ENSG00000261552.1	AC109460.4	lncRNA	0	33	42	0.0000	0.0000	0.0000
ENSG00000261553.5	AL137782.1	lncRNA	1	1	0	0.0203	0.0060	0.0057
ENSG00000261554.1	AC037471.2	processed_pseudogene	0	0	0	0.0000	0.0000	0.0000
ENSG00000261555.1	AC025277.1	lncRNA	0	0	0	0.0000	0.0000	0.0000
ENSG00000261556.10	SMG1P7	transcribed_unprocessed_pseudogene	16	6	10	0.3013	0.0883	0.0850
ENSG00000261557.1	EEF1A1P38	processed_pseudogene	30	10	20	1.8341	0.5372	0.5173
ENSG00000261558.2	LINC01859	lncRNA	0	0	0	0.0000	0.0000	0.0000
ENSG00000261559.1	FSCN1P1	processed_pseudogene	5	0	5	0.2867	0.0840	0.0809
ENSG00000261560.1	AC007216.3	lncRNA	5	5	0	0.2840	0.0832	0.0801
ENSG00000261561.1	AC091304.4	unprocessed_pseudogene	0	0	0	0.0000	0.0000	0.0000
ENSG00000261564.1	AC120498.7	unprocessed_pseudogene	6	3	3	1.5440	0.4523	0.4355
ENSG00000261566.1	AC135776.2	lncRNA	0	0	0	0.0000	0.0000	0.0000
ENSG00000261569.5	AC138907.7	lncRNA	0	0	0	0.0000	0.0000	0.0000
ENSG00000261570.2	AC073878.1	lncRNA	1	0	1	0.0370	0.0108	0.0104
ENSG00000261572.1	AC097639.1	lncRNA	7	3	4	0.3144	0.0921	0.0887
ENSG00000261573.1	AL157402.2	lncRNA	0	0	0	0.0000	0.0000	0.0000
ENSG00000261575.2	AC005829.1	transcribed_unprocessed_pseudogene	16	5	11	2.0159	0.5905	0.5686
ENSG00000261578.1	AP003119.3	lncRNA	0	0	0	0.0000	0.0000	0.0000
ENSG00000261580.1	ENPP7P13	processed_pseudogene	0	0	0	0.0000	0.0000	0.0000
ENSG00000261581.1	HERC2P11	unprocessed_pseudogene	0	0	0	0.0000	0.0000	0.0000
ENSG00000261582.1	AL121753.1	protein_coding	14	6	8	2.2474	0.6583	0.6339
ENSG00000261583.1	AC012317.1	lncRNA	0	0	0	0.0000	0.0000	0.0000
ENSG00000261584.1	AL513548.1	lncRNA	0	0	0	0.0000	0.0000	0.0000
ENSG00000261586.2	AC068987.3	lncRNA	0	3	3	0.0000	0.0000	0.0000
ENSG00000261587.2	TMEM249	protein_coding	0	0	0	0.0000	0.0000	0.0000
ENSG00000261588.1	AC093249.4	processed_pseudogene	0	0	0	0.0000	0.0000	0.0000
ENSG00000261590.1	AC018554.1	processed_pseudogene	0	0	0	0.0000	0.0000	0.0000
ENSG00000261592.1	AC010531.3	lncRNA	1	1	0	0.1655	0.0485	0.0467
ENSG00000261593.1	CYP4A27P	unprocessed_pseudogene	0	0	0	0.0000	0.0000	0.0000
ENSG00000261594.4	TPBGL	protein_coding	14	7	7	0.4056	0.1188	0.1144
ENSG00000261595.1	AL603832.2	lncRNA	0	0	0	0.0000	0.0000	0.0000
ENSG00000261596.2	AC005632.3	lncRNA	13	7	6	1.3333	0.3905	0.3761
ENSG00000261599.6	HERC2P8	transcribed_unprocessed_pseudogene	0	0	0	0.0000	0.0000	0.0000
ENSG00000261600.1	AC233266.2	lncRNA	0	0	0	0.0000	0.0000	0.0000
ENSG00000261602.1	AC092115.2	lncRNA	0	334	344	0.0000	0.0000	0.0000
ENSG00000261603.3	PRSS46P	transcribed_unitary_pseudogene	0	0	0	0.0000	0.0000	0.0000
ENSG00000261604.1	AC114947.2	lncRNA	0	364	415	0.0000	0.0000	0.0000
ENSG00000261606.5	AC091230.1	lncRNA	0	0	0	0.0000	0.0000	0.0000
ENSG00000261607.1	AC140658.4	unprocessed_pseudogene	0	0	0	0.0000	0.0000	0.0000
ENSG00000261608.1	SLC25A1P4	processed_pseudogene	0	0	0	0.0000	0.0000	0.0000
ENSG00000261609.8	GAN	protein_coding	499	257	242	2.6992	0.7906	0.7613
ENSG00000261610.1	AP000265.1	lncRNA	2	0	2	0.0953	0.0279	0.0269
ENSG00000261611.6	AC010547.4	protein_coding	0	0	0	0.0000	0.0000	0.0000
ENSG00000261612.1	SUB1P3	processed_pseudogene	9	9	0	2.4263	0.7107	0.6844
ENSG00000261613.2	AC093525.6	lncRNA	4	8	2	0.1698	0.0497	0.0479
ENSG00000261614.1	YBX3P1	processed_pseudogene	4	3	1	0.3116	0.0913	0.0879
ENSG00000261615.7	LINC01858	lncRNA	0	0	0	0.0000	0.0000	0.0000
ENSG00000261616.1	AC036108.3	lncRNA	22	59	68	0.6979	0.2044	0.1968
ENSG00000261617.2	LINC02177	lncRNA	0	0	0	0.0000	0.0000	0.0000
ENSG00000261618.2	LINC02605	lncRNA	5	2	3	0.0814	0.0238	0.0229
ENSG00000261620.1	HMGN2P41	processed_pseudogene	12	8	4	2.4734	0.7245	0.6976
ENSG00000261623.1	LINC02179	lncRNA	0	0	0	0.0000	0.0000	0.0000
ENSG00000261624.1	NDUFB10P2	processed_pseudogene	0	0	0	0.0000	0.0000	0.0000
ENSG00000261625.1	AP003071.4	lncRNA	6	2	4	0.3968	0.1162	0.1119
ENSG00000261627.1	AP005205.1	lncRNA	0	0	0	0.0000	0.0000	0.0000
ENSG00000261628.1	AC087481.2	unprocessed_pseudogene	3	1	2	0.7720	0.2261	0.2177
ENSG00000261629.1	AC005692.2	lncRNA	0	0	0	0.0000	0.0000	0.0000
ENSG00000261630.1	AC007496.2	lncRNA	0	0	0	0.0000	0.0000	0.0000
ENSG00000261632.1	AC022872.1	lncRNA	0	0	0	0.0000	0.0000	0.0000
ENSG00000261633.1	AC018552.3	lncRNA	1	0	1	0.1527	0.0447	0.0431
ENSG00000261634.4	AC026992.2	lncRNA	9	6	4	0.1575	0.0461	0.0444
ENSG00000261635.2	AC103988.1	processed_pseudogene	2	0	2	0.2343	0.0686	0.0661
ENSG00000261636.2	LINC02191	lncRNA	0	0	0	0.0000	0.0000	0.0000
ENSG00000261637.3	LINC02127	lncRNA	0	0	0	0.0000	0.0000	0.0000
ENSG00000261638.2	AC092378.1	lncRNA	0	0	0	0.0000	0.0000	0.0000
ENSG00000261641.2	AL031600.3	lncRNA	0	3071	3173	0.0000	0.0000	0.0000
ENSG00000261642.1	AL713866.1	lncRNA	0	0	0	0.0000	0.0000	0.0000
ENSG00000261644.2	AC007728.2	lncRNA	20	57	63	0.4982	0.1459	0.1405
ENSG00000261645.7	DISC1FP1	lncRNA	0	0	0	0.0000	0.0000	0.0000
ENSG00000261646.1	AC093849.1	lncRNA	0	0	0	0.0000	0.0000	0.0000
ENSG00000261647.1	IMPDH1P11	processed_pseudogene	0	0	0	0.0000	0.0000	0.0000
ENSG00000261648.1	AC106730.1	lncRNA	0	0	0	0.0000	0.0000	0.0000
ENSG00000261649.6	GOLGA6L7	protein_coding	0	0	0	0.0000	0.0000	0.0000
ENSG00000261650.1	AC055717.2	lncRNA	0	0	0	0.0000	0.0000	0.0000
ENSG00000261651.1	AC136285.2	lncRNA	0	0	0	0.0000	0.0000	0.0000
ENSG00000261652.3	C15orf65	protein_coding	69	40	31	6.3005	1.8455	1.7771
ENSG00000261653.1	AC092337.1	lncRNA	0	0	0	0.0000	0.0000	0.0000
ENSG00000261654.1	AL360270.2	lncRNA	22	12	10	0.3122	0.0914	0.0880
ENSG00000261655.1	AC100803.3	lncRNA	6	1	5	0.2596	0.0760	0.0732
ENSG00000261656.6	BEAN1-AS1	lncRNA	9	5	7	0.4423	0.1296	0.1248
ENSG00000261659.2	Z92544.1	lncRNA	18	194	207	0.4301	0.1260	0.1213
ENSG00000261663.1	AC009065.8	lncRNA	16	7	9	1.7243	0.5051	0.4863
ENSG00000261664.5	TTC39A-AS1	lncRNA	1	0	1	0.0695	0.0204	0.0196
ENSG00000261665.2	TUBAP4	transcribed_processed_pseudogene	1	0	1	0.2041	0.0598	0.0576
ENSG00000261666.1	LINC00560	lncRNA	0	0	0	0.0000	0.0000	0.0000
ENSG00000261667.1	LY6L	protein_coding	0	0	0	0.0000	0.0000	0.0000
ENSG00000261668.1	AC093591.2	lncRNA	1	28	27	0.0221	0.0065	0.0062
ENSG00000261669.1	AC008731.1	lncRNA	5	1	4	0.7333	0.2148	0.2068
ENSG00000261670.1	AC012213.2	lncRNA	5	3	2	0.0924	0.0271	0.0261
ENSG00000261671.1	AL158211.1	lncRNA	6	1	5	0.6678	0.1956	0.1884
ENSG00000261673.1	AC009075.1	lncRNA	0	0	0	0.0000	0.0000	0.0000
ENSG00000261675.1	AL022313.4	lncRNA	0	0	0	0.0000	0.0000	0.0000
ENSG00000261678.3	SCRT1	protein_coding	0	1	0	0.0000	0.0000	0.0000
ENSG00000261679.2	ATP5PDP1	processed_pseudogene	0	0	0	0.0000	0.0000	0.0000
ENSG00000261680.1	AC093249.5	processed_pseudogene	0	0	0	0.0000	0.0000	0.0000
ENSG00000261682.1	AC145350.4	lncRNA	0	0	0	0.0000	0.0000	0.0000
ENSG00000261683.2	LINC00838	lncRNA	0	0	0	0.0000	0.0000	0.0000
ENSG00000261684.2	AC018362.1	lncRNA	0	1247	1202	0.0000	0.0000	0.0000
ENSG00000261687.1	AC068724.1	lncRNA	0	152	128	0.0000	0.0000	0.0000
ENSG00000261689.1	AGGF1P4	processed_pseudogene	0	0	0	0.0000	0.0000	0.0000
ENSG00000261691.1	Z97986.1	lncRNA	0	119	111	0.0000	0.0000	0.0000
ENSG00000261692.1	AC092120.1	lncRNA	0	0	0	0.0000	0.0000	0.0000
ENSG00000261693.1	AC134682.1	lncRNA	5	2	3	0.1257	0.0368	0.0355
ENSG00000261695.1	AC136443.4	lncRNA	0	0	0	0.0000	0.0000	0.0000
ENSG00000261696.1	AL353732.1	lncRNA	0	0	0	0.0000	0.0000	0.0000
ENSG00000261697.5	AC010531.4	lncRNA	0	0	0	0.0000	0.0000	0.0000
ENSG00000261701.7	HPR	protein_coding	1	0	1	0.0441	0.0129	0.0124
ENSG00000261702.2	AC022254.1	processed_pseudogene	0	0	0	0.0000	0.0000	0.0000
ENSG00000261703.1	LINC02168	lncRNA	0	0	0	0.0000	0.0000	0.0000
ENSG00000261704.2	IGHV1OR16-1	IG_V_pseudogene	1	0	1	0.2166	0.0635	0.0611
ENSG00000261706.1	LINC00165	lncRNA	0	0	0	0.0000	0.0000	0.0000
ENSG00000261707.1	AC092134.1	lncRNA	0	30	27	0.0000	0.0000	0.0000
ENSG00000261708.1	DNM1P32	unprocessed_pseudogene	0	0	0	0.0000	0.0000	0.0000
ENSG00000261709.3	AC051619.8	snoRNA	0	0	0	0.0000	0.0000	0.0000
ENSG00000261710.1	AC104417.2	lncRNA	0	0	0	0.0000	0.0000	0.0000
ENSG00000261711.6	FRG2DP	transcribed_unprocessed_pseudogene	614	296	318	28.1844	8.2557	7.9496
ENSG00000261713.6	SSTR5-AS1	lncRNA	0	0	0	0.0000	0.0000	0.0000
ENSG00000261714.2	AC105137.1	processed_pseudogene	0	0	0	0.0000	0.0000	0.0000
ENSG00000261715.1	LINC01477	lncRNA	0	0	0	0.0000	0.0000	0.0000
ENSG00000261716.2	H2BC20P	transcribed_unprocessed_pseudogene	80	112	76	1.0549	0.3090	0.2975
ENSG00000261717.5	AC009163.5	protein_coding	0	0	0	0.0000	0.0000	0.0000
ENSG00000261719.1	AC137761.2	processed_pseudogene	0	0	0	0.0000	0.0000	0.0000
ENSG00000261720.1	AC009041.2	lncRNA	0	0	0	0.0000	0.0000	0.0000
ENSG00000261722.1	AC092376.1	lncRNA	1	0	2	0.2535	0.0743	0.0715
ENSG00000261723.1	AC008870.4	lncRNA	5	38	48	0.6772	0.1984	0.1910
ENSG00000261725.1	AC007225.2	processed_pseudogene	0	0	0	0.0000	0.0000	0.0000
ENSG00000261727.2	AC142381.4	transcribed_processed_pseudogene	0	0	0	0.0000	0.0000	0.0000
ENSG00000261728.1	AL138690.1	lncRNA	0	0	0	0.0000	0.0000	0.0000
ENSG00000261729.2	AL133383.1	lncRNA	0	0	0	0.0000	0.0000	0.0000
ENSG00000261730.1	AL034346.1	lncRNA	1	0	1	0.0665	0.0195	0.0188
ENSG00000261731.2	AC074050.3	lncRNA	0	2	5	0.0000	0.0000	0.0000
ENSG00000261732.1	AL031708.1	protein_coding	1	0	1	0.0159	0.0047	0.0045
ENSG00000261734.1	AC116096.1	lncRNA	0	0	0	0.0000	0.0000	0.0000
ENSG00000261736.1	AC002551.1	lncRNA	0	0	0	0.0000	0.0000	0.0000
ENSG00000261737.1	CLCA4-AS1	lncRNA	31	15	16	2.7394	0.8024	0.7727
ENSG00000261738.7	MIR3976HG	lncRNA	0	0	0	0.0000	0.0000	0.0000
ENSG00000261739.2	GOLGA8S	protein_coding	0	0	0	0.0000	0.0000	0.0000
ENSG00000261740.6	BOLA2-SMG1P6	protein_coding	1	0	1	0.0249	0.0073	0.0070
ENSG00000261741.5	FRG2KP	transcribed_unprocessed_pseudogene	0	0	0	0.0000	0.0000	0.0000
ENSG00000261742.6	LINC00922	lncRNA	6	2	4	0.2191	0.0642	0.0618
ENSG00000261743.1	AC138305.2	lncRNA	0	0	0	0.0000	0.0000	0.0000
ENSG00000261744.1	AC116552.1	lncRNA	0	0	0	0.0000	0.0000	0.0000
ENSG00000261745.2	AL512347.1	lncRNA	0	0	0	0.0000	0.0000	0.0000
ENSG00000261747.3	AC120045.2	unprocessed_pseudogene	0	0	0	0.0000	0.0000	0.0000
ENSG00000261748.1	AC098965.1	processed_pseudogene	0	0	0	0.0000	0.0000	0.0000
ENSG00000261749.3	LINC02180	lncRNA	0	0	0	0.0000	0.0000	0.0000
ENSG00000261751.1	AC007603.1	lncRNA	0	0	0	0.0000	0.0000	0.0000
ENSG00000261752.1	AGGF1P8	processed_pseudogene	13	7	6	1.1040	0.3234	0.3114
ENSG00000261754.2	AC008555.1	lncRNA	13	4	9	0.4004	0.1173	0.1129
ENSG00000261757.1	AC005592.1	lncRNA	0	0	0	0.0000	0.0000	0.0000
ENSG00000261758.1	AC117382.2	lncRNA	1	1	0	0.0270	0.0079	0.0076
ENSG00000261759.1	AC099518.5	lncRNA	0	561	632	0.0000	0.0000	0.0000
ENSG00000261760.8	AC140479.3	transcribed_unprocessed_pseudogene	0	0	0	0.0000	0.0000	0.0000
ENSG00000261761.5	LINC02616	lncRNA	21	10	11	0.4889	0.1432	0.1379
ENSG00000261762.1	AC027228.2	lncRNA	26	93	85	1.0250	0.3002	0.2891
ENSG00000261763.1	AC110716.2	lncRNA	0	0	0	0.0000	0.0000	0.0000
ENSG00000261764.1	KRT18P18	transcribed_processed_pseudogene	0	0	0	0.0000	0.0000	0.0000
ENSG00000261765.1	AC009127.1	lncRNA	0	0	0	0.0000	0.0000	0.0000
ENSG00000261766.1	AC133550.3	lncRNA	4	7	5	0.6244	0.1829	0.1761
ENSG00000261770.1	AC006504.1	lncRNA	31	16	15	0.7181	0.2103	0.2025
ENSG00000261771.5	DNAAF4-CCPG1	lncRNA	0	0	0	0.0000	0.0000	0.0000
ENSG00000261773.1	AC244090.2	lncRNA	1	1	0	0.1072	0.0314	0.0302
ENSG00000261774.1	AC009075.2	processed_pseudogene	0	0	0	0.0000	0.0000	0.0000
ENSG00000261775.1	AC012435.3	lncRNA	4	4	0	0.9409	0.2756	0.2654
ENSG00000261776.1	AC079414.2	processed_pseudogene	0	0	0	0.0000	0.0000	0.0000
ENSG00000261777.6	AC012184.3	lncRNA	10	201	218	0.4811	0.1409	0.1357
ENSG00000261778.1	AC006362.1	processed_pseudogene	0	0	0	0.0000	0.0000	0.0000
ENSG00000261779.1	AC113208.4	lncRNA	0	290	253	0.0000	0.0000	0.0000
ENSG00000261780.3	LINC02582	lncRNA	0	0	0	0.0000	0.0000	0.0000
ENSG00000261781.1	LINC01654	lncRNA	0	0	0	0.0000	0.0000	0.0000
ENSG00000261782.1	AC116553.1	processed_pseudogene	0	0	0	0.0000	0.0000	0.0000
ENSG00000261783.1	AC009054.2	lncRNA	4	2	2	0.9082	0.2660	0.2562
ENSG00000261786.1	AC006058.1	lncRNA	203	97	127	3.4022	0.9966	0.9596
ENSG00000261787.2	TCF24	protein_coding	0	0	0	0.0000	0.0000	0.0000
ENSG00000261789.1	AC023830.2	lncRNA	0	0	0	0.0000	0.0000	0.0000
ENSG00000261790.2	AC005606.2	lncRNA	2	279	278	0.0741	0.0217	0.0209
ENSG00000261792.1	DNM1P28	unprocessed_pseudogene	0	0	0	0.0000	0.0000	0.0000
ENSG00000261793.1	AL929554.1	protein_coding	0	0	0	0.0000	0.0000	0.0000
ENSG00000261794.1	GOLGA8H	protein_coding	2	0	2	0.0894	0.0262	0.0252
ENSG00000261795.1	AC093627.7	lncRNA	4	2	2	0.1059	0.0310	0.0299
ENSG00000261796.1	ISY1-RAB43	protein_coding	0	0	0	0.0000	0.0000	0.0000
ENSG00000261797.1	AC073878.2	lncRNA	1	1	0	0.2206	0.0646	0.0622
ENSG00000261798.1	AL033527.2	lncRNA	3	2	1	0.2130	0.0624	0.0601
ENSG00000261799.1	AC007406.4	lncRNA	305	143	162	8.1706	2.3933	2.3046
ENSG00000261800.2	AC023824.5	lncRNA	0	0	0	0.0000	0.0000	0.0000
ENSG00000261801.6	LOXL1-AS1	lncRNA	22	36	29	0.3495	0.1024	0.0986
ENSG00000261802.1	AC026470.3	lncRNA	0	0	0	0.0000	0.0000	0.0000
ENSG00000261803.2	LINC02140	lncRNA	0	0	0	0.0000	0.0000	0.0000
ENSG00000261804.2	AC007342.4	lncRNA	0	0	0	0.0000	0.0000	0.0000
ENSG00000261807.2	LINC02141	lncRNA	0	0	0	0.0000	0.0000	0.0000
ENSG00000261809.1	CYP3A54P	processed_pseudogene	0	0	0	0.0000	0.0000	0.0000
ENSG00000261810.1	AC133565.1	lncRNA	0	0	0	0.0000	0.0000	0.0000
ENSG00000261811.2	LINC02164	lncRNA	0	0	0	0.0000	0.0000	0.0000
ENSG00000261812.6	TUBB8P7	transcribed_unprocessed_pseudogene	23	11	14	0.7920	0.2320	0.2234
ENSG00000261813.2	AC015720.2	processed_pseudogene	1	1	0	0.2543	0.0745	0.0717
ENSG00000261815.1	AC044798.2	lncRNA	0	0	0	0.0000	0.0000	0.0000
ENSG00000261816.1	AC134312.6	lncRNA	1	1	0	0.1913	0.0560	0.0539
ENSG00000261817.1	AL390718.1	lncRNA	0	0	0	0.0000	0.0000	0.0000
ENSG00000261818.1	AC092138.2	lncRNA	0	0	0	0.0000	0.0000	0.0000
ENSG00000261819.1	AC138932.2	processed_pseudogene	23	8	15	1.0269	0.3008	0.2896
ENSG00000261820.1	DNM1P49	unprocessed_pseudogene	0	0	0	0.0000	0.0000	0.0000
ENSG00000261821.2	AC090826.1	lncRNA	0	0	1	0.0000	0.0000	0.0000
ENSG00000261822.1	AC018362.2	lncRNA	0	242	230	0.0000	0.0000	0.0000
ENSG00000261823.1	AC084782.2	lncRNA	1	1	0	0.1012	0.0296	0.0285
ENSG00000261824.7	LINC00662	lncRNA	462	264	273	1.1818	0.3462	0.3333
ENSG00000261826.1	AC121333.1	lncRNA	0	0	0	0.0000	0.0000	0.0000
ENSG00000261829.1	AC009407.1	lncRNA	0	0	0	0.0000	0.0000	0.0000
ENSG00000261831.2	AL353708.2	lncRNA	0	0	0	0.0000	0.0000	0.0000
ENSG00000261832.6	AC138894.1	protein_coding	0	0	0	0.0000	0.0000	0.0000
ENSG00000261834.2	IGHV3OR16-15	IG_V_pseudogene	5	2	3	1.0256	0.3004	0.2893
ENSG00000261835.1	AC007610.3	unprocessed_pseudogene	0	1	0	0.0000	0.0000	0.0000
ENSG00000261837.1	AC046158.2	lncRNA	2	0	2	0.2402	0.0704	0.0678
ENSG00000261838.5	AC092718.6	lncRNA	7	4	3	1.1985	0.3511	0.3380
ENSG00000261839.1	AL358933.1	lncRNA	2	2	4	0.0600	0.0176	0.0169
ENSG00000261840.3	AC093249.6	lncRNA	6	24	21	0.4438	0.1300	0.1252
ENSG00000261842.1	AC073314.1	lncRNA	3	0	3	0.1150	0.0337	0.0324
ENSG00000261845.2	AC124283.1	lncRNA	0	293	316	0.0000	0.0000	0.0000
ENSG00000261848.5	AC090282.1	lncRNA	0	0	0	0.0000	0.0000	0.0000
ENSG00000261856.1	LINC02186	lncRNA	0	0	0	0.0000	0.0000	0.0000
ENSG00000261857.7	MIA	protein_coding	15	8	7	1.0981	0.3217	0.3097
ENSG00000261863.1	LINC01996	lncRNA	0	0	0	0.0000	0.0000	0.0000
ENSG00000261864.1	AC130462.2	lncRNA	0	0	0	0.0000	0.0000	0.0000
ENSG00000261868.1	MFSD1P1	processed_pseudogene	0	0	0	0.0000	0.0000	0.0000
ENSG00000261872.1	AC002558.2	lncRNA	0	127	115	0.0000	0.0000	0.0000
ENSG00000261873.2	SMIM36	protein_coding	0	0	0	0.0000	0.0000	0.0000
ENSG00000261879.7	AC087500.1	lncRNA	16	43	33	0.3075	0.0901	0.0867
ENSG00000261882.1	AC006600.1	processed_pseudogene	1	0	1	0.5550	0.1626	0.1566
ENSG00000261884.2	AC040162.1	protein_coding	24	11	13	0.3585	0.1050	0.1011
ENSG00000261886.1	AC005670.1	lncRNA	0	0	0	0.0000	0.0000	0.0000
ENSG00000261888.1	AC144831.1	lncRNA	9	5	4	0.2878	0.0843	0.0812
ENSG00000261889.1	AC108134.2	lncRNA	3	2	1	0.3406	0.0998	0.0961
ENSG00000261898.2	AC091153.4	lncRNA	0	79	73	0.0000	0.0000	0.0000
ENSG00000261904.1	MTND5P33	unprocessed_pseudogene	0	0	0	0.0000	0.0000	0.0000
ENSG00000261914.2	RPL23AP84	processed_pseudogene	0	0	0	0.0000	0.0000	0.0000
ENSG00000261915.6	AC026954.2	protein_coding	0	0	0	0.0000	0.0000	0.0000
ENSG00000261916.1	AC027796.1	lncRNA	0	0	0	0.0000	0.0000	0.0000
ENSG00000261924.1	AC127496.1	lncRNA	1	6	13	0.0202	0.0059	0.0057
ENSG00000261934.2	PCDHGA9	protein_coding	21	11	10	0.3755	0.1100	0.1059
ENSG00000261938.1	AC006111.1	lncRNA	0	75	74	0.0000	0.0000	0.0000
ENSG00000261939.1	LARP7P2	processed_pseudogene	0	0	0	0.0000	0.0000	0.0000
ENSG00000261949.6	GFY	protein_coding	0	0	0	0.0000	0.0000	0.0000
ENSG00000261959.1	AC015909.3	lncRNA	34	20	27	1.6094	0.4714	0.4539
ENSG00000261963.3	CCDC92B	unitary_pseudogene	0	0	0	0.0000	0.0000	0.0000
ENSG00000261965.1	ISCA1P3	processed_pseudogene	0	0	0	0.0000	0.0000	0.0000
ENSG00000261970.1	AL391840.2	processed_pseudogene	0	0	0	0.0000	0.0000	0.0000
ENSG00000261971.8	MMP25-AS1	lncRNA	87	67	51	1.0195	0.2986	0.2875
ENSG00000261976.2	AC091062.1	lncRNA	0	0	0	0.0000	0.0000	0.0000
ENSG00000261978.1	AC116025.1	lncRNA	0	0	0	0.0000	0.0000	0.0000
ENSG00000261987.2	KYNUP1	unprocessed_pseudogene	0	0	0	0.0000	0.0000	0.0000
ENSG00000261996.1	AC004706.1	lncRNA	1	0	1	0.0966	0.0283	0.0272
ENSG00000261997.1	AC007336.1	lncRNA	11	7	4	0.2440	0.0715	0.0688
ENSG00000262000.1	AC120024.2	processed_pseudogene	0	0	0	0.0000	0.0000	0.0000
ENSG00000262001.1	DLGAP1-AS2	lncRNA	224	108	116	5.9988	1.7571	1.6920
ENSG00000262003.1	AC087392.1	lncRNA	4	3	1	0.4142	0.1213	0.1168
ENSG00000262006.1	AC005920.4	lncRNA	0	0	1	0.0000	0.0000	0.0000
ENSG00000262008.1	AC010547.5	unprocessed_pseudogene	0	0	0	0.0000	0.0000	0.0000
ENSG00000262011.1	AC003009.1	lncRNA	0	0	0	0.0000	0.0000	0.0000
ENSG00000262020.1	AC007014.1	lncRNA	0	0	0	0.0000	0.0000	0.0000
ENSG00000262031.1	LINC01974	lncRNA	0	0	0	0.0000	0.0000	0.0000
ENSG00000262038.1	AC007599.2	lncRNA	0	0	0	0.0000	0.0000	0.0000
ENSG00000262039.1	AC091180.5	lncRNA	6	5	1	1.3338	0.3907	0.3762
ENSG00000262048.1	AL078601.2	processed_pseudogene	0	0	0	0.0000	0.0000	0.0000
ENSG00000262049.1	AC139530.1	lncRNA	2	766	619	0.0859	0.0252	0.0242
ENSG00000262050.1	AC005696.1	lncRNA	3	3	2	0.5751	0.1685	0.1622
ENSG00000262052.1	AC090618.1	lncRNA	1	3	1	0.1452	0.0425	0.0409
ENSG00000262061.6	AC129507.1	lncRNA	2	1	1	0.0744	0.0218	0.0210
ENSG00000262067.1	AC120057.1	processed_pseudogene	0	0	0	0.0000	0.0000	0.0000
ENSG00000262074.7	SNORD3B-2	snoRNA	0	0	0	0.0000	0.0000	0.0000
ENSG00000262075.3	DKFZP434A062	lncRNA	0	0	0	0.0000	0.0000	0.0000
ENSG00000262079.1	AC007638.1	lncRNA	0	0	0	0.0000	0.0000	0.0000
ENSG00000262081.2	IL9RP4	unprocessed_pseudogene	0	0	0	0.0000	0.0000	0.0000
ENSG00000262085.2	OR1P1	polymorphic_pseudogene	0	0	0	0.0000	0.0000	0.0000
ENSG00000262089.1	AC040977.1	lncRNA	27	17	10	6.6847	1.9581	1.8855
ENSG00000262090.1	AC136944.5	processed_pseudogene	0	0	0	0.0000	0.0000	0.0000
ENSG00000262094.1	AC139099.1	lncRNA	0	0	0	0.0000	0.0000	0.0000
ENSG00000262095.1	MTATP6P25	processed_pseudogene	0	0	0	0.0000	0.0000	0.0000
ENSG00000262096.2	PCDHB19P	transcribed_unprocessed_pseudogene	2	1	2	0.0546	0.0160	0.0154
ENSG00000262097.2	LINC02185	lncRNA	2	1	1	0.0333	0.0098	0.0094
ENSG00000262098.1	AC127496.2	lncRNA	1	1	0	0.2308	0.0676	0.0651
ENSG00000262099.1	DHX33-DT	lncRNA	0	0	0	0.0000	0.0000	0.0000
ENSG00000262106.1	OR1D3P	unprocessed_pseudogene	0	0	0	0.0000	0.0000	0.0000
ENSG00000262107.1	MTND6P33	unprocessed_pseudogene	0	0	0	0.0000	0.0000	0.0000
ENSG00000262112.1	AC015912.1	lncRNA	0	275	289	0.0000	0.0000	0.0000
ENSG00000262115.1	AC027601.2	lncRNA	3	98	71	0.3165	0.0927	0.0893
ENSG00000262116.1	AC009134.1	lncRNA	0	0	0	0.0000	0.0000	0.0000
ENSG00000262117.5	BCAR4	lncRNA	0	0	0	0.0000	0.0000	0.0000
ENSG00000262118.1	MTCO1P28	processed_pseudogene	0	0	0	0.0000	0.0000	0.0000
ENSG00000262119.1	AL079343.1	lncRNA	0	0	0	0.0000	0.0000	0.0000
ENSG00000262120.1	AC010547.6	unprocessed_pseudogene	0	0	0	0.0000	0.0000	0.0000
ENSG00000262133.1	AC087392.2	lncRNA	2	0	2	0.2903	0.0850	0.0819
ENSG00000262135.1	GARS1P1	processed_pseudogene	0	0	0	0.0000	0.0000	0.0000
ENSG00000262136.1	AC092115.3	lncRNA	2	474	468	0.2869	0.0840	0.0809
ENSG00000262140.1	AC010653.1	unprocessed_pseudogene	0	0	0	0.0000	0.0000	0.0000
ENSG00000262141.1	AC040162.2	processed_pseudogene	1	1	0	0.5409	0.1584	0.1526
ENSG00000262147.1	AC124283.2	lncRNA	3	6	0	0.8011	0.2347	0.2260
ENSG00000262151.1	AC133065.1	lncRNA	0	1	5	0.0000	0.0000	0.0000
ENSG00000262152.7	LINC00514	protein_coding	2	0	2	0.0280	0.0082	0.0079
ENSG00000262154.1	EIF1P4	processed_pseudogene	0	0	0	0.0000	0.0000	0.0000
ENSG00000262155.2	LINC02175	lncRNA	73	44	29	1.0924	0.3200	0.3081
ENSG00000262158.1	MTCO3P24	unprocessed_pseudogene	0	0	0	0.0000	0.0000	0.0000
ENSG00000262160.1	AC020978.5	lncRNA	0	831	802	0.0000	0.0000	0.0000
ENSG00000262165.2	AC233723.1	protein_coding	10	8	2	1.3045	0.3821	0.3679
ENSG00000262171.1	AC130651.1	lncRNA	0	0	0	0.0000	0.0000	0.0000
ENSG00000262172.1	AC116025.2	lncRNA	2	1	2	0.3834	0.1123	0.1081
ENSG00000262179.3	MYMX	protein_coding	0	0	0	0.0000	0.0000	0.0000
ENSG00000262181.2	AP001005.1	unprocessed_pseudogene	0	0	0	0.0000	0.0000	0.0000
ENSG00000262185.3	LINC02861	lncRNA	23	10	13	0.7178	0.2103	0.2025
ENSG00000262187.2	AC137800.2	unprocessed_pseudogene	0	0	0	0.0000	0.0000	0.0000
ENSG00000262188.2	LINC01978	lncRNA	1	1	2	0.0352	0.0103	0.0099
ENSG00000262198.1	AL157931.1	lncRNA	1	0	1	0.1452	0.0425	0.0409
ENSG00000262202.4	AC007952.4	lncRNA	0	0	0	0.0000	0.0000	0.0000
ENSG00000262209.3	PCDHGB3	protein_coding	18	9	9	0.3201	0.0938	0.0903
ENSG00000262211.1	AC008914.1	lncRNA	0	483	469	0.0000	0.0000	0.0000
ENSG00000262213.1	AC144836.1	lncRNA	3	3	0	0.7493	0.2195	0.2113
ENSG00000262223.8	AC110285.1	lncRNA	393	182	211	8.9546	2.6229	2.5257
ENSG00000262227.1	AC004771.2	lncRNA	13	17	16	2.0036	0.5869	0.5651
ENSG00000262228.2	AC087392.3	lncRNA	1	0	1	0.0484	0.0142	0.0136
ENSG00000262231.2	AC104770.1	lncRNA	0	0	0	0.0000	0.0000	0.0000
ENSG00000262235.2	TMF1P1	processed_pseudogene	0	0	0	0.0000	0.0000	0.0000
ENSG00000262246.6	CORO7	protein_coding	357	188	169	3.4478	1.0099	0.9725
ENSG00000262248.1	AC027796.2	processed_pseudogene	2	1	1	0.4937	0.1446	0.1393
ENSG00000262259.1	MTND4LP24	unprocessed_pseudogene	0	0	0	0.0000	0.0000	0.0000
ENSG00000262262.1	AC026271.2	transcribed_processed_pseudogene	0	0	0	0.0000	0.0000	0.0000
ENSG00000262265.2	AC002558.3	lncRNA	1	1	0	0.0453	0.0133	0.0128
ENSG00000262267.6	U95743.1	lncRNA	0	0	0	0.0000	0.0000	0.0000
ENSG00000262271.1	AC090079.1	processed_pseudogene	0	0	0	0.0000	0.0000	0.0000
ENSG00000262292.2	AC007952.5	lncRNA	0	0	0	0.0000	0.0000	0.0000
ENSG00000262294.1	AC129507.2	lncRNA	0	0	0	0.0000	0.0000	0.0000
ENSG00000262296.1	AC118755.1	lncRNA	0	0	0	0.0000	0.0000	0.0000
ENSG00000262298.1	AC004584.1	lncRNA	3	3	0	0.4640	0.1359	0.1309
ENSG00000262302.1	AC003688.1	protein_coding	0	0	0	0.0000	0.0000	0.0000
ENSG00000262304.2	AC027796.3	protein_coding	0	0	0	0.0000	0.0000	0.0000
ENSG00000262312.2	AC004494.1	lncRNA	5	12	10	0.1437	0.0421	0.0405
ENSG00000262313.1	AC127496.3	lncRNA	0	58	45	0.0000	0.0000	0.0000
ENSG00000262316.1	AC025283.1	processed_pseudogene	0	0	0	0.0000	0.0000	0.0000
ENSG00000262319.1	AC007952.6	lncRNA	0	0	0	0.0000	0.0000	0.0000
ENSG00000262322.1	MTND4P34	unprocessed_pseudogene	0	0	0	0.0000	0.0000	0.0000
ENSG00000262332.1	AC136624.1	lncRNA	0	0	0	0.0000	0.0000	0.0000
ENSG00000262333.1	HNRNPA1P16	processed_pseudogene	7	3	4	0.6225	0.1823	0.1756
ENSG00000262339.5	AC130371.1	lncRNA	0	0	0	0.0000	0.0000	0.0000
ENSG00000262343.1	AC100791.1	lncRNA	0	0	0	0.0000	0.0000	0.0000
ENSG00000262352.2	LINC02564	lncRNA	0	0	0	0.0000	0.0000	0.0000
ENSG00000262358.1	AC116914.1	lncRNA	0	12	19	0.0000	0.0000	0.0000
ENSG00000262362.1	AC004233.1	lncRNA	0	0	0	0.0000	0.0000	0.0000
ENSG00000262366.1	NDUFA3P6	processed_pseudogene	0	0	0	0.0000	0.0000	0.0000
ENSG00000262370.6	AC108134.3	lncRNA	18	12	6	0.7197	0.2108	0.2030
ENSG00000262372.1	CR936218.1	lncRNA	0	1	0	0.0000	0.0000	0.0000
ENSG00000262380.1	AC026401.2	lncRNA	0	0	0	0.0000	0.0000	0.0000
ENSG00000262381.1	MTATP6P24	unprocessed_pseudogene	0	0	0	0.0000	0.0000	0.0000
ENSG00000262384.1	AC034268.1	processed_pseudogene	0	0	0	0.0000	0.0000	0.0000
ENSG00000262400.1	AL590084.3	processed_pseudogene	0	0	0	0.0000	0.0000	0.0000
ENSG00000262402.1	MCUR1P1	processed_pseudogene	1	0	1	0.1788	0.0524	0.0504
ENSG00000262406.3	MMP12	protein_coding	16	5	11	0.7457	0.2184	0.2103
ENSG00000262408.1	AC015912.2	processed_pseudogene	0	0	0	0.0000	0.0000	0.0000
ENSG00000262410.1	AC024361.1	lncRNA	6	2	4	0.7936	0.2325	0.2239
ENSG00000262412.1	AL160291.1	lncRNA	4	6	1	0.3390	0.0993	0.0956
ENSG00000262413.1	AC145207.2	lncRNA	0	6186	5855	0.0000	0.0000	0.0000
ENSG00000262420.3	AC007613.1	lncRNA	3	30	37	0.0981	0.0287	0.0277
ENSG00000262429.1	AC004771.3	lncRNA	0	604	643	0.0000	0.0000	0.0000
ENSG00000262434.1	AC087392.4	lncRNA	1	0	1	0.1747	0.0512	0.0493
ENSG00000262445.3	AC099684.2	lncRNA	0	0	0	0.0000	0.0000	0.0000
ENSG00000262454.4	MIR193BHG	lncRNA	49	29	20	0.6879	0.2015	0.1940
ENSG00000262456.1	AC006435.1	lncRNA	0	335	329	0.0000	0.0000	0.0000
ENSG00000262461.6	SPDYE9	protein_coding	0	0	0	0.0000	0.0000	0.0000
ENSG00000262468.6	LINC01569	lncRNA	299	149	150	4.8484	1.4202	1.3675
ENSG00000262470.2	TVP23CP2	processed_pseudogene	0	0	0	0.0000	0.0000	0.0000
ENSG00000262471.1	AC009171.1	processed_pseudogene	0	0	0	0.0000	0.0000	0.0000
ENSG00000262480.2	SAMD11P1	processed_pseudogene	0	0	3	0.0000	0.0000	0.0000
ENSG00000262481.5	TMEM256-PLSCR3	protein_coding	0	0	0	0.0000	0.0000	0.0000
ENSG00000262482.1	AC004034.1	lncRNA	1	2	1	0.1665	0.0488	0.0470
ENSG00000262484.1	CCER2	protein_coding	0	0	0	0.0000	0.0000	0.0000
ENSG00000262488.1	AC133065.2	processed_pseudogene	0	0	0	0.0000	0.0000	0.0000
ENSG00000262492.1	AC104581.1	processed_pseudogene	0	0	0	0.0000	0.0000	0.0000
ENSG00000262495.1	AC012146.1	processed_pseudogene	0	0	0	0.0000	0.0000	0.0000
ENSG00000262497.1	FAM187B2P	unprocessed_pseudogene	61	36	32	7.2653	2.1281	2.0492
ENSG00000262500.1	MAPK8IP1P1	processed_pseudogene	0	1	0	0.0000	0.0000	0.0000
ENSG00000262503.1	AC027763.1	processed_pseudogene	2	0	2	0.2359	0.0691	0.0665
ENSG00000262514.1	AC020978.6	lncRNA	1	1	2	0.0715	0.0210	0.0202
ENSG00000262516.1	AC007151.1	processed_pseudogene	1	0	1	0.1758	0.0515	0.0496
ENSG00000262518.1	AC090079.2	processed_pseudogene	0	0	0	0.0000	0.0000	0.0000
ENSG00000262519.1	TXNP4	processed_pseudogene	1	0	1	0.2739	0.0802	0.0773
ENSG00000262521.1	AJ003147.1	lncRNA	0	0	0	0.0000	0.0000	0.0000
ENSG00000262526.2	AC120057.2	protein_coding	0	0	0	0.0000	0.0000	0.0000
ENSG00000262528.2	AL022341.2	lncRNA	0	25	26	0.0000	0.0000	0.0000
ENSG00000262529.1	AC130650.1	lncRNA	1	0	1	0.2046	0.0599	0.0577
ENSG00000262533.1	AC090617.3	lncRNA	0	972	987	0.0000	0.0000	0.0000
ENSG00000262539.1	AC005829.2	processed_pseudogene	0	0	0	0.0000	0.0000	0.0000
ENSG00000262543.2	SMIM28	protein_coding	0	0	0	0.0000	0.0000	0.0000
ENSG00000262558.1	AC129507.3	lncRNA	0	0	0	0.0000	0.0000	0.0000
ENSG00000262560.1	AC018512.1	protein_coding	0	0	0	0.0000	0.0000	0.0000
ENSG00000262561.1	AC136932.1	processed_pseudogene	0	0	0	0.0000	0.0000	0.0000
ENSG00000262566.1	AL355375.2	processed_pseudogene	0	0	0	0.0000	0.0000	0.0000
ENSG00000262576.3	PCDHGA4	protein_coding	68	38	30	1.1816	0.3461	0.3333
ENSG00000262580.5	AC087741.1	lncRNA	55	135	103	0.9119	0.2671	0.2572
ENSG00000262583.1	TMEM231P1	transcribed_unprocessed_pseudogene	20	10	10	2.0463	0.5994	0.5772
ENSG00000262585.1	LINC01979	lncRNA	1	3	0	0.0161	0.0047	0.0045
ENSG00000262587.2	AC133552.2	transcribed_unprocessed_pseudogene	55	25	30	4.1480	1.2150	1.1700
ENSG00000262609.1	BTF3P14	processed_pseudogene	1	1	0	0.1784	0.0523	0.0503
ENSG00000262619.2	LINC00621	lncRNA	0	0	0	0.0000	0.0000	0.0000
ENSG00000262623.1	AC004584.2	processed_pseudogene	0	0	0	0.0000	0.0000	0.0000
ENSG00000262624.1	AC113189.1	lncRNA	0	70	74	0.0000	0.0000	0.0000
ENSG00000262628.1	OR1D5	protein_coding	0	0	0	0.0000	0.0000	0.0000
ENSG00000262633.2	AC005670.2	protein_coding	0	1	0	0.0000	0.0000	0.0000
ENSG00000262636.1	AC099489.2	processed_pseudogene	0	0	0	0.0000	0.0000	0.0000
ENSG00000262648.1	PHBP15	processed_pseudogene	0	0	0	0.0000	0.0000	0.0000
ENSG00000262651.1	AL513043.1	processed_pseudogene	0	0	0	0.0000	0.0000	0.0000
ENSG00000262652.1	AC124283.3	lncRNA	0	0	0	0.0000	0.0000	0.0000
ENSG00000262655.4	SPON1	protein_coding	893	508	459	14.2625	4.1777	4.0228
ENSG00000262660.1	AC139530.2	protein_coding	0	0	0	0.0000	0.0000	0.0000
ENSG00000262662.1	AC127496.4	lncRNA	0	76	91	0.0000	0.0000	0.0000
ENSG00000262663.1	AC087222.1	lncRNA	3	2	1	0.5055	0.1481	0.1426
ENSG00000262664.3	OVCA2	protein_coding	0	0	0	0.0000	0.0000	0.0000
ENSG00000262668.2	AJ003147.2	lncRNA	0	14	11	0.0000	0.0000	0.0000
ENSG00000262678.1	AC004771.4	lncRNA	1	15	18	0.1567	0.0459	0.0442
ENSG00000262681.2	AC005722.3	lncRNA	0	0	0	0.0000	0.0000	0.0000
ENSG00000262686.1	GLIS2-AS1	lncRNA	9	7	2	2.2479	0.6584	0.6340
ENSG00000262691.1	AC040160.1	lncRNA	101	40	61	3.2039	0.9385	0.9037
ENSG00000262692.1	AC116914.2	lncRNA	4	1	3	1.1673	0.3419	0.3292
ENSG00000262693.1	AC012146.2	lncRNA	2	2	0	0.3466	0.1015	0.0978
ENSG00000262700.1	AC133552.3	processed_pseudogene	4	1	3	0.1817	0.0532	0.0513
ENSG00000262703.1	AC009121.2	lncRNA	2	2	1	0.1551	0.0454	0.0437
ENSG00000262708.1	AC027455.1	processed_pseudogene	1	0	1	0.1430	0.0419	0.0403
ENSG00000262712.1	AC012676.1	lncRNA	1	219	196	0.0436	0.0128	0.0123
ENSG00000262714.1	AC007342.5	lncRNA	3	0	3	0.1189	0.0348	0.0335
ENSG00000262721.1	AC135048.2	lncRNA	0	15	15	0.0000	0.0000	0.0000
ENSG00000262728.6	AC123768.2	lncRNA	3	9	8	0.1405	0.0412	0.0396
ENSG00000262730.1	AC104581.2	protein_coding	0	0	0	0.0000	0.0000	0.0000
ENSG00000262732.1	AC010401.1	lncRNA	1	88	85	0.0171	0.0050	0.0048
ENSG00000262759.1	MRPS21P9	processed_pseudogene	0	0	0	0.0000	0.0000	0.0000
ENSG00000262766.1	AC135050.5	lncRNA	5	2	3	0.7820	0.2290	0.2206
ENSG00000262768.2	AC100791.2	lncRNA	0	0	0	0.0000	0.0000	0.0000
ENSG00000262769.1	AC025627.1	lncRNA	0	1	1	0.0000	0.0000	0.0000
ENSG00000262772.2	LINC01977	lncRNA	9	4	5	0.2187	0.0641	0.0617
ENSG00000262777.1	AC032044.1	lncRNA	7	3	4	0.8603	0.2520	0.2426
ENSG00000262786.1	AC005224.1	lncRNA	0	0	0	0.0000	0.0000	0.0000
ENSG00000262791.1	AC130343.1	lncRNA	0	218	222	0.0000	0.0000	0.0000
ENSG00000262801.6	U91319.1	lncRNA	0	0	0	0.0000	0.0000	0.0000
ENSG00000262803.1	AL354943.1	processed_pseudogene	0	0	0	0.0000	0.0000	0.0000
ENSG00000262810.1	AC090617.4	lncRNA	0	0	0	0.0000	0.0000	0.0000
ENSG00000262814.8	MRPL12	protein_coding	165	69	96	13.8869	4.0677	3.9169
ENSG00000262815.1	AC087501.2	lncRNA	0	0	0	0.0000	0.0000	0.0000
ENSG00000262818.1	AC055872.1	processed_pseudogene	0	0	0	0.0000	0.0000	0.0000
ENSG00000262823.1	AC127521.1	lncRNA	11	4	7	0.8821	0.2584	0.2488
ENSG00000262831.1	AC145207.3	lncRNA	0	13359	13191	0.0000	0.0000	0.0000
ENSG00000262833.1	AC016245.1	lncRNA	0	0	0	0.0000	0.0000	0.0000
ENSG00000262837.1	AC027801.5	lncRNA	0	0	0	0.0000	0.0000	0.0000
ENSG00000262848.1	AC136624.2	lncRNA	0	0	0	0.0000	0.0000	0.0000
ENSG00000262855.1	AC012146.3	processed_pseudogene	0	0	0	0.0000	0.0000	0.0000
ENSG00000262869.1	AC099684.3	lncRNA	0	1	0	0.0000	0.0000	0.0000
ENSG00000262870.1	CYCSP40	processed_pseudogene	1	1	0	0.2888	0.0846	0.0815
ENSG00000262873.2	AC127496.5	lncRNA	15	9	6	0.5550	0.1626	0.1566
ENSG00000262874.2	C19orf84	protein_coding	4	2	2	0.2320	0.0680	0.0654
ENSG00000262877.5	AC110285.2	lncRNA	11	5	6	0.5738	0.1681	0.1618
ENSG00000262879.6	AC005670.3	lncRNA	412	299	297	2.1068	0.6171	0.5942
ENSG00000262880.1	AC113189.2	lncRNA	0	0	0	0.0000	0.0000	0.0000
ENSG00000262881.1	CR936218.2	lncRNA	0	0	0	0.0000	0.0000	0.0000
ENSG00000262884.1	AC015921.1	lncRNA	0	1	2	0.0000	0.0000	0.0000
ENSG00000262885.1	AC135776.3	processed_pseudogene	0	0	0	0.0000	0.0000	0.0000
ENSG00000262898.3	AC139099.2	lncRNA	1	1	1	0.0217	0.0064	0.0061
ENSG00000262899.1	AC004232.1	lncRNA	0	6	8	0.0000	0.0000	0.0000
ENSG00000262902.1	MTCO1P40	processed_pseudogene	92	58	34	12.5003	3.6615	3.5258
ENSG00000262903.1	AC027796.4	lncRNA	5	119	134	0.4858	0.1423	0.1370
ENSG00000262904.1	TMPOP2	processed_pseudogene	3	3	0	0.2121	0.0621	0.0598
ENSG00000262905.1	AC015853.1	lncRNA	3	41	49	0.4303	0.1261	0.1214
ENSG00000262919.8	CCNQ	protein_coding	1117	574	544	56.5630	16.5682	15.9539
ENSG00000262920.5	AC129507.4	lncRNA	0	0	1	0.0000	0.0000	0.0000
ENSG00000262921.1	AC118754.2	lncRNA	1	1	0	0.1581	0.0463	0.0446
ENSG00000262943.7	ALOX12P2	transcribed_unprocessed_pseudogene	12	4	10	0.1802	0.0528	0.0508
ENSG00000262950.2	AC007861.1	lncRNA	0	0	0	0.0000	0.0000	0.0000
ENSG00000262953.1	EIF4A1P9	processed_pseudogene	2	2	0	0.1407	0.0412	0.0397
ENSG00000262959.2	RPL23AP86	processed_pseudogene	2	2	0	0.3139	0.0920	0.0885
ENSG00000262961.1	AC006236.1	processed_pseudogene	0	0	0	0.0000	0.0000	0.0000
ENSG00000262962.1	KARS1P3	unprocessed_pseudogene	0	0	0	0.0000	0.0000	0.0000
ENSG00000262966.2	AC005695.1	lncRNA	0	0	0	0.0000	0.0000	0.0000
ENSG00000262967.1	AC005921.2	lncRNA	0	564	623	0.0000	0.0000	0.0000
ENSG00000262974.1	AC136618.2	processed_pseudogene	0	0	0	0.0000	0.0000	0.0000
ENSG00000262979.1	AC124319.1	lncRNA	1	1	0	0.1300	0.0381	0.0367
ENSG00000262980.2	OR52L2P	unprocessed_pseudogene	0	0	0	0.0000	0.0000	0.0000
ENSG00000262983.1	AF001550.1	lncRNA	0	0	0	0.0000	0.0000	0.0000
ENSG00000262990.1	AC004706.2	processed_pseudogene	0	0	0	0.0000	0.0000	0.0000
ENSG00000262995.1	AC137056.1	lncRNA	0	0	1	0.0000	0.0000	0.0000
ENSG00000262999.1	AC099489.3	lncRNA	0	0	3	0.0000	0.0000	0.0000
ENSG00000263001.7	GTF2I	protein_coding	1049	1297	1267	7.8812	2.3085	2.2229
ENSG00000263002.8	ZNF234	protein_coding	401	196	205	6.5273	1.9120	1.8411
ENSG00000263004.2	AC007114.1	lncRNA	80	38	42	4.4115	1.2922	1.2443
ENSG00000263006.6	ROCK1P1	transcribed_unprocessed_pseudogene	11	6	5	0.3532	0.1034	0.0996
ENSG00000263011.1	AC108134.4	lncRNA	4	2	2	1.1248	0.3295	0.3172
ENSG00000263015.1	AC015853.2	lncRNA	0	0	0	0.0000	0.0000	0.0000
ENSG00000263017.1	AC036164.1	processed_pseudogene	0	0	0	0.0000	0.0000	0.0000
ENSG00000263020.6	AL662899.2	protein_coding	0	0	0	0.0000	0.0000	0.0000
ENSG00000263029.1	AC136624.3	processed_pseudogene	0	0	0	0.0000	0.0000	0.0000
ENSG00000263033.2	AC007220.1	lncRNA	0	0	0	0.0000	0.0000	0.0000
ENSG00000263041.2	AL513324.1	lncRNA	0	0	0	0.0000	0.0000	0.0000
ENSG00000263045.1	AC090286.4	processed_pseudogene	1	0	1	0.4541	0.1330	0.1281
ENSG00000263050.1	AC090617.5	lncRNA	4	5	6	0.7668	0.2246	0.2163
ENSG00000263051.1	AC087501.3	lncRNA	0	0	0	0.0000	0.0000	0.0000
ENSG00000263063.1	AC024361.2	lncRNA	6	5	1	0.5674	0.1662	0.1600
ENSG00000263065.1	AF001548.1	lncRNA	4	16	11	0.6176	0.1809	0.1742
ENSG00000263069.6	RNF213-AS1	lncRNA	11	699	607	0.1419	0.0416	0.0400
ENSG00000263070.1	AC019322.1	transcribed_unprocessed_pseudogene	0	0	0	0.0000	0.0000	0.0000
ENSG00000263072.8	ZNF213-AS1	lncRNA	193	208	232	1.1748	0.3441	0.3314
ENSG00000263080.1	AC009121.3	lncRNA	1	0	1	0.0749	0.0219	0.0211
ENSG00000263081.1	AC211486.2	lncRNA	0	0	0	0.0000	0.0000	0.0000
ENSG00000263089.1	AC007114.2	lncRNA	2	3	0	0.0397	0.0116	0.0112
ENSG00000263096.1	AC007638.2	lncRNA	0	0	0	0.0000	0.0000	0.0000
ENSG00000263098.1	AC068014.1	lncRNA	0	0	0	0.0000	0.0000	0.0000
ENSG00000263105.1	AC009171.2	lncRNA	1	1	0	0.2670	0.0782	0.0753
ENSG00000263107.1	AC025627.2	processed_pseudogene	0	0	0	0.0000	0.0000	0.0000
ENSG00000263110.1	AC007861.2	lncRNA	0	0	0	0.0000	0.0000	0.0000
ENSG00000263120.1	AC004584.3	lncRNA	1	0	1	0.0360	0.0106	0.0102
ENSG00000263125.1	ARL2BPP8	processed_pseudogene	0	0	0	0.0000	0.0000	0.0000
ENSG00000263126.1	AC040162.3	lncRNA	1	1	0	0.0217	0.0064	0.0061
ENSG00000263142.5	LRRC37A17P	transcribed_unprocessed_pseudogene	0	39	39	0.0000	0.0000	0.0000
ENSG00000263146.2	LINC01896	lncRNA	0	0	0	0.0000	0.0000	0.0000
ENSG00000263154.1	AC110285.3	lncRNA	38	20	18	4.8526	1.4214	1.3687
ENSG00000263155.6	MYZAP	protein_coding	3	2	1	0.0981	0.0287	0.0277
ENSG00000263159.1	AC005736.1	lncRNA	0	0	0	0.0000	0.0000	0.0000
ENSG00000263164.1	AC087500.2	lncRNA	5	4	1	0.8526	0.2497	0.2405
ENSG00000263165.1	AC087292.1	lncRNA	0	713	635	0.0000	0.0000	0.0000
ENSG00000263167.1	AC115099.1	lncRNA	0	0	0	0.0000	0.0000	0.0000
ENSG00000263171.1	AC026954.3	lncRNA	0	72	69	0.0000	0.0000	0.0000
ENSG00000263176.1	AC015909.4	lncRNA	0	0	2	0.0000	0.0000	0.0000
ENSG00000263177.1	MTND1P8	processed_pseudogene	0	0	0	0.0000	0.0000	0.0000
ENSG00000263179.1	HNRNPCP4	processed_pseudogene	2	0	2	0.1887	0.0553	0.0532
ENSG00000263189.1	AC023934.1	processed_pseudogene	1	0	1	0.0355	0.0104	0.0100
ENSG00000263196.1	MTND3P13	unprocessed_pseudogene	0	0	0	0.0000	0.0000	0.0000
ENSG00000263199.1	AC005951.1	processed_pseudogene	0	0	0	0.0000	0.0000	0.0000
ENSG00000263201.1	DPEP2NB	protein_coding	0	0	0	0.0000	0.0000	0.0000
ENSG00000263206.1	KYNUP3	transcribed_unprocessed_pseudogene	0	0	0	0.0000	0.0000	0.0000
ENSG00000263207.2	AC109462.2	lncRNA	6	4	2	0.8312	0.2435	0.2344
ENSG00000263212.2	AC004224.2	lncRNA	0	0	0	0.0000	0.0000	0.0000
ENSG00000263218.2	AC127496.6	lncRNA	0	143	160	0.0000	0.0000	0.0000
ENSG00000263219.1	RYKP1	processed_pseudogene	4	0	4	0.1954	0.0572	0.0551
ENSG00000263220.1	AC015727.1	lncRNA	2	2	0	0.3317	0.0972	0.0936
ENSG00000263232.2	ATP5F1AP3	processed_pseudogene	2	1	1	0.1127	0.0330	0.0318
ENSG00000263234.1	AC010401.2	lncRNA	0	0	0	0.0000	0.0000	0.0000
ENSG00000263235.1	AC006111.2	lncRNA	1	8	3	0.0795	0.0233	0.0224
ENSG00000263237.1	AC106796.1	lncRNA	1	1	0	0.1381	0.0404	0.0389
ENSG00000263241.1	MTCYBP33	unprocessed_pseudogene	0	0	0	0.0000	0.0000	0.0000
ENSG00000263244.2	AC087190.3	lncRNA	0	0	0	0.0000	0.0000	0.0000
ENSG00000263252.1	AC005341.1	processed_pseudogene	0	0	0	0.0000	0.0000	0.0000
ENSG00000263253.1	AC092132.1	lncRNA	0	0	0	0.0000	0.0000	0.0000
ENSG00000263257.3	AC040173.1	lncRNA	0	0	0	0.0000	0.0000	0.0000
ENSG00000263264.2	AC119396.1	protein_coding	10	4	6	0.5159	0.1511	0.1455
ENSG00000263266.2	RPS7P1	processed_pseudogene	166	70	97	24.0971	7.0584	6.7967
ENSG00000263271.1	AC110285.4	lncRNA	0	64	67	0.0000	0.0000	0.0000
ENSG00000263272.1	AC004148.1	lncRNA	17	119	128	0.7449	0.2182	0.2101
ENSG00000263276.1	AC020978.7	lncRNA	3	3	2	0.0843	0.0247	0.0238
ENSG00000263278.2	AC233701.1	lncRNA	0	0	0	0.0000	0.0000	0.0000
ENSG00000263279.1	AC007595.1	lncRNA	0	0	0	0.0000	0.0000	0.0000
ENSG00000263280.2	AC003965.1	lncRNA	4	2	2	0.3996	0.1171	0.1127
ENSG00000263293.2	THCAT158	lncRNA	171	85	89	20.3666	5.9657	5.7445
ENSG00000263300.1	AC015853.3	lncRNA	1	0	1	0.1777	0.0520	0.0501
ENSG00000263301.1	AC113189.3	lncRNA	2	2	1	0.5147	0.1508	0.1452
ENSG00000263305.1	AP005530.1	lncRNA	0	0	0	0.0000	0.0000	0.0000
ENSG00000263307.1	AC007216.4	lncRNA	3	2	1	0.4533	0.1328	0.1279
ENSG00000263311.1	AC009127.2	unprocessed_pseudogene	0	0	0	0.0000	0.0000	0.0000
ENSG00000263312.1	LINC01975	lncRNA	0	0	0	0.0000	0.0000	0.0000
ENSG00000263316.1	AC027763.2	lncRNA	1	1	0	0.1576	0.0461	0.0444
ENSG00000263317.1	LINC01982	lncRNA	0	0	0	0.0000	0.0000	0.0000
ENSG00000263321.1	AC024361.3	lncRNA	0	2	1	0.0000	0.0000	0.0000
ENSG00000263325.1	AC003965.2	lncRNA	0	0	0	0.0000	0.0000	0.0000
ENSG00000263326.1	AC133552.4	unprocessed_pseudogene	6	2	4	0.7537	0.2208	0.2126
ENSG00000263327.6	TAPT1-AS1	lncRNA	68	39	44	2.0900	0.6122	0.5895
ENSG00000263331.1	AC008551.1	lncRNA	1	0	1	0.2097	0.0614	0.0591
ENSG00000263335.1	AF001548.2	lncRNA	0	0	0	0.0000	0.0000	0.0000
ENSG00000263338.1	AC027796.5	lncRNA	0	0	0	0.0000	0.0000	0.0000
ENSG00000263342.1	AC003688.2	lncRNA	0	5	4	0.0000	0.0000	0.0000
ENSG00000263343.1	AC009088.4	processed_pseudogene	0	0	0	0.0000	0.0000	0.0000
ENSG00000263345.1	AC006435.2	lncRNA	130	1344	1373	8.9462	2.6205	2.5233
ENSG00000263353.3	PPIAL4A	protein_coding	5	3	2	0.6433	0.1884	0.1815
ENSG00000263354.1	MIR5011	miRNA	0	0	0	0.0000	0.0000	0.0000
ENSG00000263355.1	AKR1B10P2	processed_pseudogene	0	0	0	0.0000	0.0000	0.0000
ENSG00000263360.2	RN7SL134P	misc_RNA	0	0	0	0.0000	0.0000	0.0000
ENSG00000263361.1	MIR378H	miRNA	0	0	0	0.0000	0.0000	0.0000
ENSG00000263363.1	MIR5702	miRNA	0	0	0	0.0000	0.0000	0.0000
ENSG00000263366.2	ABHD17AP5	processed_pseudogene	3	3	0	0.2760	0.0808	0.0779
ENSG00000263368.1	AC069366.1	processed_pseudogene	0	0	0	0.0000	0.0000	0.0000
ENSG00000263369.6	AC090616.1	transcribed_unprocessed_pseudogene	0	0	0	0.0000	0.0000	0.0000
ENSG00000263370.1	AC104564.1	lncRNA	2	1	1	0.6290	0.1843	0.1774
ENSG00000263372.1	MIR548AO	miRNA	0	0	0	0.0000	0.0000	0.0000
ENSG00000263375.1	AC233702.2	processed_pseudogene	0	0	1	0.0000	0.0000	0.0000
ENSG00000263381.1	MIR5584	miRNA	0	0	0	0.0000	0.0000	0.0000
ENSG00000263382.2	AC018371.1	lncRNA	0	0	0	0.0000	0.0000	0.0000
ENSG00000263388.1	AC002347.2	lncRNA	0	125	102	0.0000	0.0000	0.0000
ENSG00000263389.1	MIR3973	miRNA	0	0	0	0.0000	0.0000	0.0000
ENSG00000263390.1	MIR3119-2	miRNA	0	0	0	0.0000	0.0000	0.0000
ENSG00000263393.1	AC011825.2	lncRNA	1	1	0	0.1536	0.0450	0.0433
ENSG00000263394.1	AC007952.7	lncRNA	0	0	0	0.0000	0.0000	0.0000
ENSG00000263396.1	AP005119.1	processed_pseudogene	0	0	0	0.0000	0.0000	0.0000
ENSG00000263399.1	MIR3170	miRNA	0	0	0	0.0000	0.0000	0.0000
ENSG00000263400.8	TMEM220-AS1	lncRNA	19	31	27	0.5941	0.1740	0.1676
ENSG00000263403.1	MIR4673	miRNA	0	0	0	0.0000	0.0000	0.0000
ENSG00000263405.1	PA2G4P3	processed_pseudogene	1	1	0	0.0742	0.0217	0.0209
ENSG00000263407.1	MIR4660	miRNA	0	0	0	0.0000	0.0000	0.0000
ENSG00000263409.1	MIR4747	miRNA	0	0	0	0.0000	0.0000	0.0000
ENSG00000263410.2	RN7SL460P	misc_RNA	0	0	0	0.0000	0.0000	0.0000
ENSG00000263412.1	NFE2L1-DT	lncRNA	14	8	6	0.4053	0.1187	0.1143
ENSG00000263413.2	MIR4538	miRNA	2	1	1	2.1774	0.6378	0.6142
ENSG00000263414.1	MIR3187	miRNA	0	0	0	0.0000	0.0000	0.0000
ENSG00000263417.4	GTSCR1	lncRNA	0	0	0	0.0000	0.0000	0.0000
ENSG00000263424.1	AC110597.3	lncRNA	0	19	15	0.0000	0.0000	0.0000
ENSG00000263426.2	RN7SL471P	misc_RNA	0	0	0	0.0000	0.0000	0.0000
ENSG00000263427.1	AC129492.2	lncRNA	0	0	0	0.0000	0.0000	0.0000
ENSG00000263429.3	TMEM238L	protein_coding	0	0	0	0.0000	0.0000	0.0000
ENSG00000263432.2	RN7SL689P	misc_RNA	7	2	8	2.0015	0.5863	0.5645
ENSG00000263433.1	AC069061.1	processed_pseudogene	0	0	0	0.0000	0.0000	0.0000
ENSG00000263435.1	AC024610.1	lncRNA	0	0	0	0.0000	0.0000	0.0000
ENSG00000263436.1	MIR3158-1	miRNA	0	0	0	0.0000	0.0000	0.0000
ENSG00000263438.6	LINC01919	lncRNA	1	0	1	0.0226	0.0066	0.0064
ENSG00000263439.1	MIR4753	miRNA	0	0	0	0.0000	0.0000	0.0000
ENSG00000263443.1	AC100872.2	lncRNA	4	1	3	0.6780	0.1986	0.1912
ENSG00000263445.1	MIR4450	miRNA	0	0	0	0.0000	0.0000	0.0000
ENSG00000263450.1	AC090371.1	lncRNA	0	0	0	0.0000	0.0000	0.0000
ENSG00000263453.1	AL162291.1	miRNA	0	0	0	0.0000	0.0000	0.0000
ENSG00000263456.1	MIR5189	miRNA	0	0	0	0.0000	0.0000	0.0000
ENSG00000263458.1	MIR4455	miRNA	0	0	0	0.0000	0.0000	0.0000
ENSG00000263460.1	BOD1P1	transcribed_processed_pseudogene	0	0	0	0.0000	0.0000	0.0000
ENSG00000263464.2	PPIAL4C	protein_coding	2	0	2	0.2831	0.0829	0.0798
ENSG00000263465.4	SRSF8	protein_coding	1561	784	777	32.9098	9.6398	9.2824
ENSG00000263466.1	AC006441.1	lncRNA	2	1	1	0.3887	0.1138	0.1096
ENSG00000263468.1	MIR3130-2	miRNA	0	0	1	0.0000	0.0000	0.0000
ENSG00000263476.1	MIR3156-1	miRNA	0	0	0	0.0000	0.0000	0.0000
ENSG00000263477.1	AC104982.2	lncRNA	0	0	0	0.0000	0.0000	0.0000
ENSG00000263479.2	RN7SL509P	misc_RNA	0	0	0	0.0000	0.0000	0.0000
ENSG00000263482.3	ANTXRLP1	unprocessed_pseudogene	3	2	1	0.1393	0.0408	0.0393
ENSG00000263483.1	MTATP6P3	unprocessed_pseudogene	1	1	0	0.1256	0.0368	0.0354
ENSG00000263485.1	AC004147.1	lncRNA	0	0	0	0.0000	0.0000	0.0000
ENSG00000263489.1	AC127029.2	lncRNA	0	0	0	0.0000	0.0000	0.0000
ENSG00000263490.2	RN7SL155P	misc_RNA	0	0	0	0.0000	0.0000	0.0000
ENSG00000263494.1	AC004702.1	lncRNA	0	0	0	0.0000	0.0000	0.0000
ENSG00000263499.1	AC007431.1	lncRNA	1	0	1	0.0601	0.0176	0.0170
ENSG00000263501.1	AC005828.2	lncRNA	0	0	0	0.0000	0.0000	0.0000
ENSG00000263503.1	MAPK8IP1P2	processed_pseudogene	0	0	1	0.0000	0.0000	0.0000
ENSG00000263505.1	SLC25A3P3	processed_pseudogene	0	0	0	0.0000	0.0000	0.0000
ENSG00000263508.6	AC015908.2	lncRNA	0	0	0	0.0000	0.0000	0.0000
ENSG00000263510.1	MIR4497	miRNA	0	1	0	0.0000	0.0000	0.0000
ENSG00000263511.1	MIR5699	miRNA	0	0	0	0.0000	0.0000	0.0000
ENSG00000263512.1	MIR4311	miRNA	0	0	0	0.0000	0.0000	0.0000
ENSG00000263513.5	FAM72C	protein_coding	17	3	14	0.6285	0.1841	0.1773
ENSG00000263514.1	MIR3668	miRNA	0	0	0	0.0000	0.0000	0.0000
ENSG00000263515.1	MIR548AN	miRNA	1	0	1	1.0231	0.2997	0.2886
ENSG00000263520.1	LINC02563	lncRNA	0	0	0	0.0000	0.0000	0.0000
ENSG00000263526.1	MIR378G	miRNA	0	0	0	0.0000	0.0000	0.0000
ENSG00000263527.1	MIR4526	miRNA	0	0	0	0.0000	0.0000	0.0000
ENSG00000263528.8	IKBKE	protein_coding	571	326	331	12.7907	3.7466	3.6077
ENSG00000263529.2	RN7SL122P	misc_RNA	0	0	0	0.0000	0.0000	0.0000
ENSG00000263531.1	AC130324.1	lncRNA	2	1	1	0.2044	0.0599	0.0576
ENSG00000263533.1	MIR4463	miRNA	0	0	0	0.0000	0.0000	0.0000
ENSG00000263535.2	AK4P1	processed_pseudogene	30	14	16	3.7911	1.1105	1.0693
ENSG00000263537.2	RN7SL387P	misc_RNA	0	0	0	0.0000	0.0000	0.0000
ENSG00000263540.1	MIR5582	miRNA	1	1	0	1.2488	0.3658	0.3522
ENSG00000263547.2	AC011095.1	lncRNA	0	0	0	0.0000	0.0000	0.0000
ENSG00000263551.6	AP000829.1	lncRNA	0	0	0	0.0000	0.0000	0.0000
ENSG00000263556.2	RN7SL383P	misc_RNA	0	0	0	0.0000	0.0000	0.0000
ENSG00000263558.2	RN7SL716P	misc_RNA	1	1	0	0.3169	0.0928	0.0894
ENSG00000263561.1	MIR4704	miRNA	0	0	0	0.0000	0.0000	0.0000
ENSG00000263563.6	UBBP4	transcribed_unprocessed_pseudogene	123	69	54	5.7549	1.6857	1.6232
ENSG00000263567.1	AC007923.1	lncRNA	0	0	0	0.0000	0.0000	0.0000
ENSG00000263571.3	AC004147.2	lncRNA	0	0	1	0.0000	0.0000	0.0000
ENSG00000263572.2	MIR7853	miRNA	0	0	0	0.0000	0.0000	0.0000
ENSG00000263573.1	MIR4270	miRNA	0	0	0	0.0000	0.0000	0.0000
ENSG00000263574.2	AC125421.1	lncRNA	0	0	0	0.0000	0.0000	0.0000
ENSG00000263575.1	MIR4665	miRNA	0	0	0	0.0000	0.0000	0.0000
ENSG00000263581.1	MIR548X2	miRNA	0	0	0	0.0000	0.0000	0.0000
ENSG00000263583.1	MIR4522	miRNA	0	0	0	0.0000	0.0000	0.0000
ENSG00000263584.1	MIR4480	miRNA	0	0	0	0.0000	0.0000	0.0000
ENSG00000263585.1	AC145207.4	lncRNA	0	382	393	0.0000	0.0000	0.0000
ENSG00000263586.1	HID1-AS1	lncRNA	4	4	0	0.4168	0.1221	0.1176
ENSG00000263588.1	AC091043.1	lncRNA	0	0	0	0.0000	0.0000	0.0000
ENSG00000263590.2	LINC02591	lncRNA	0	0	0	0.0000	0.0000	0.0000
ENSG00000263593.1	MIR4804	miRNA	0	0	0	0.0000	0.0000	0.0000
ENSG00000263594.2	AC022655.1	lncRNA	0	0	0	0.0000	0.0000	0.0000
ENSG00000263595.2	RN7SL823P	misc_RNA	0	0	0	0.0000	0.0000	0.0000
ENSG00000263597.1	MIR3936	miRNA	0	0	0	0.0000	0.0000	0.0000
ENSG00000263600.1	MIR3915	miRNA	0	0	0	0.0000	0.0000	0.0000
ENSG00000263602.1	MIR3185	miRNA	0	3	4	0.0000	0.0000	0.0000
ENSG00000263603.1	AC127024.2	lncRNA	0	0	0	0.0000	0.0000	0.0000
ENSG00000263604.1	AC015688.1	processed_pseudogene	0	0	0	0.0000	0.0000	0.0000
ENSG00000263606.1	CHORDC1P4	transcribed_processed_pseudogene	3	0	3	0.1900	0.0556	0.0536
ENSG00000263608.2	RN7SL353P	misc_RNA	0	0	0	0.0000	0.0000	0.0000
ENSG00000263609.2	LINC02002	lncRNA	0	0	0	0.0000	0.0000	0.0000
ENSG00000263611.2	AC068408.1	lncRNA	0	0	0	0.0000	0.0000	0.0000
ENSG00000263612.1	AF186192.3	lncRNA	1	0	1	0.0897	0.0263	0.0253
ENSG00000263613.1	AC024619.2	lncRNA	0	0	0	0.0000	0.0000	0.0000
ENSG00000263615.1	MIR4306	miRNA	1	1	0	0.9332	0.2733	0.2632
ENSG00000263616.2	RN7SL178P	misc_RNA	0	0	0	0.0000	0.0000	0.0000
ENSG00000263618.5	AP005121.1	lncRNA	1	0	1	0.0927	0.0272	0.0261
ENSG00000263620.1	AC129492.3	protein_coding	0	0	0	0.0000	0.0000	0.0000
ENSG00000263622.1	AC023394.1	lncRNA	0	0	0	0.0000	0.0000	0.0000
ENSG00000263624.1	AC055811.1	lncRNA	3	159	141	0.2070	0.0606	0.0584
ENSG00000263627.1	PPP4R1-AS1	lncRNA	0	0	0	0.0000	0.0000	0.0000
ENSG00000263628.1	MIR3155A	miRNA	0	0	0	0.0000	0.0000	0.0000
ENSG00000263629.1	MIR5586	miRNA	0	0	0	0.0000	0.0000	0.0000
ENSG00000263631.1	MIR378D1	miRNA	0	0	0	0.0000	0.0000	0.0000
ENSG00000263634.1	MIR3919	miRNA	0	0	0	0.0000	0.0000	0.0000
ENSG00000263635.1	AP005242.1	lncRNA	0	0	0	0.0000	0.0000	0.0000
ENSG00000263637.1	AC022035.1	lncRNA	0	6	5	0.0000	0.0000	0.0000
ENSG00000263639.7	MSMB	protein_coding	0	0	0	0.0000	0.0000	0.0000
ENSG00000263641.1	MIR4777	miRNA	1	0	1	0.9874	0.2892	0.2785
ENSG00000263642.1	MIR4802	miRNA	0	0	0	0.0000	0.0000	0.0000
ENSG00000263643.1	MIR4515	miRNA	0	0	0	0.0000	0.0000	0.0000
ENSG00000263644.1	AC005828.3	lncRNA	0	4	1	0.0000	0.0000	0.0000
ENSG00000263647.1	BPTFP1	unprocessed_pseudogene	0	0	0	0.0000	0.0000	0.0000
ENSG00000263648.1	AC005244.1	processed_pseudogene	2	1	1	0.5010	0.1468	0.1413
ENSG00000263649.1	MIR3135B	miRNA	0	0	0	0.0000	0.0000	0.0000
ENSG00000263652.1	MIR548AX	miRNA	0	0	0	0.0000	0.0000	0.0000
ENSG00000263655.1	AC090125.1	lncRNA	6	2	4	1.0335	0.3027	0.2915
ENSG00000263657.1	AC023389.1	lncRNA	0	7	6	0.0000	0.0000	0.0000
ENSG00000263666.1	SNORA70D	snoRNA	0	0	0	0.0000	0.0000	0.0000
ENSG00000263667.3	AL035696.3	lncRNA	0	0	0	0.0000	0.0000	0.0000
ENSG00000263669.2	RN7SL470P	misc_RNA	0	0	1	0.0000	0.0000	0.0000
ENSG00000263670.1	MIR4457	miRNA	0	0	0	0.0000	0.0000	0.0000
ENSG00000263672.2	RN7SL750P	misc_RNA	0	0	0	0.0000	0.0000	0.0000
ENSG00000263674.1	AC026620.1	lncRNA	0	0	0	0.0000	0.0000	0.0000
ENSG00000263675.1	MIR5581	miRNA	2	1	1	2.8307	0.8292	0.7984
ENSG00000263676.1	MIR4632	miRNA	0	0	0	0.0000	0.0000	0.0000
ENSG00000263677.2	AC012588.1	lncRNA	0	0	0	0.0000	0.0000	0.0000
ENSG00000263680.2	AC007639.1	lncRNA	4	27	25	0.4078	0.1194	0.1150
ENSG00000263681.1	MIR3197	miRNA	0	0	0	0.0000	0.0000	0.0000
ENSG00000263682.1	AP005139.1	unprocessed_pseudogene	0	0	0	0.0000	0.0000	0.0000
ENSG00000263683.1	AC005154.3	lncRNA	0	4	5	0.0000	0.0000	0.0000
ENSG00000263684.2	AC005209.1	lncRNA	1	167	187	0.0822	0.0241	0.0232
ENSG00000263688.1	AC025887.1	lncRNA	0	0	0	0.0000	0.0000	0.0000
ENSG00000263690.2	MIR548D2	miRNA	0	0	0	0.0000	0.0000	0.0000
ENSG00000263693.1	MIR3161	miRNA	0	0	0	0.0000	0.0000	0.0000
ENSG00000263697.1	MIR3621	miRNA	0	0	0	0.0000	0.0000	0.0000
ENSG00000263698.1	AC012417.1	lncRNA	0	0	0	0.0000	0.0000	0.0000
ENSG00000263705.1	MIR5689	miRNA	0	0	0	0.0000	0.0000	0.0000
ENSG00000263707.1	AC005277.1	lncRNA	0	2	2	0.0000	0.0000	0.0000
ENSG00000263708.2	AC005695.2	lncRNA	0	0	0	0.0000	0.0000	0.0000
ENSG00000263709.1	AC024619.3	lncRNA	0	0	0	0.0000	0.0000	0.0000
ENSG00000263711.6	LINC02864	lncRNA	2	2	0	0.0178	0.0052	0.0050
ENSG00000263712.1	MIR4639	miRNA	1	1	0	1.2307	0.3605	0.3471
ENSG00000263715.7	LINC02210-CRHR1	protein_coding	0	0	0	0.0000	0.0000	0.0000
ENSG00000263716.1	SLC25A51P2	processed_pseudogene	0	0	0	0.0000	0.0000	0.0000
ENSG00000263717.1	AC079336.1	lncRNA	0	2	0	0.0000	0.0000	0.0000
ENSG00000263718.2	SEPTIN9-DT	lncRNA	2	1	3	0.1260	0.0369	0.0355
ENSG00000263720.1	AC023394.2	lncRNA	0	0	0	0.0000	0.0000	0.0000
ENSG00000263723.1	SNORD39	snoRNA	0	0	0	0.0000	0.0000	0.0000
ENSG00000263724.2	DLGAP1-AS3	lncRNA	0	0	0	0.0000	0.0000	0.0000
ENSG00000263725.1	FTLP13	processed_pseudogene	2	1	1	0.4411	0.1292	0.1244
ENSG00000263727.1	AP001178.1	lncRNA	1	1	0	0.3169	0.0928	0.0894
ENSG00000263729.1	AC087393.1	processed_pseudogene	0	0	0	0.0000	0.0000	0.0000
ENSG00000263730.1	MIR3937	miRNA	0	0	0	0.0000	0.0000	0.0000
ENSG00000263731.1	AC145207.5	lncRNA	55	59	56	1.7415	0.5101	0.4912
ENSG00000263733.1	AC091691.1	processed_pseudogene	0	0	0	0.0000	0.0000	0.0000
ENSG00000263734.1	MIR4643	miRNA	0	0	0	0.0000	0.0000	0.0000
ENSG00000263735.1	MIR4662B	miRNA	0	0	0	0.0000	0.0000	0.0000
ENSG00000263740.2	RN7SL4P	misc_RNA	2	1	1	0.5757	0.1686	0.1624
ENSG00000263741.1	MIR548AS	miRNA	0	0	0	0.0000	0.0000	0.0000
ENSG00000263742.1	MIR3165	miRNA	0	0	0	0.0000	0.0000	0.0000
ENSG00000263744.1	MIR3664	miRNA	0	0	0	0.0000	0.0000	0.0000
ENSG00000263745.7	AP005230.1	lncRNA	2	0	2	0.0255	0.0075	0.0072
ENSG00000263746.1	MIR4277	miRNA	0	0	0	0.0000	0.0000	0.0000
ENSG00000263748.1	EXOGP1	processed_pseudogene	0	0	0	0.0000	0.0000	0.0000
ENSG00000263749.2	OOSP1P2	unprocessed_pseudogene	0	0	0	0.0000	0.0000	0.0000
ENSG00000263750.1	MIR548AV	miRNA	0	0	0	0.0000	0.0000	0.0000
ENSG00000263752.1	MIR3133	miRNA	2	0	2	2.1774	0.6378	0.6142
ENSG00000263753.8	LINC00667	lncRNA	922	664	638	7.7568	2.2721	2.1878
ENSG00000263755.2	RN7SL498P	misc_RNA	0	0	0	0.0000	0.0000	0.0000
ENSG00000263756.1	AL645941.3	lncRNA	0	314	282	0.0000	0.0000	0.0000
ENSG00000263761.3	GDF2	protein_coding	0	0	0	0.0000	0.0000	0.0000
ENSG00000263762.1	MIR4286	miRNA	0	0	0	0.0000	0.0000	0.0000
ENSG00000263763.1	MIR3686	miRNA	0	0	0	0.0000	0.0000	0.0000
ENSG00000263764.1	SNORD43	snoRNA	0	0	0	0.0000	0.0000	0.0000
ENSG00000263765.5	AC090371.2	lncRNA	0	0	5	0.0000	0.0000	0.0000
ENSG00000263766.5	AC025682.1	lncRNA	1	561	618	0.0684	0.0200	0.0193
ENSG00000263772.1	AC017100.2	processed_pseudogene	0	6	6	0.0000	0.0000	0.0000
ENSG00000263776.1	SNORA4	snoRNA	0	0	0	0.0000	0.0000	0.0000
ENSG00000263781.3	AC024619.4	processed_pseudogene	2	0	2	0.5375	0.1574	0.1516
ENSG00000263783.1	MIR5590	miRNA	0	0	0	0.0000	0.0000	0.0000
ENSG00000263785.1	MIR3182	miRNA	0	0	0	0.0000	0.0000	0.0000
ENSG00000263786.1	AC022211.1	lncRNA	3	2	1	0.3553	0.1041	0.1002
ENSG00000263787.1	SKAP1-AS1	lncRNA	3	2	1	0.3708	0.1086	0.1046
ENSG00000263788.1	AC061975.2	processed_pseudogene	0	0	0	0.0000	0.0000	0.0000
ENSG00000263790.1	MIR4473	miRNA	0	0	0	0.0000	0.0000	0.0000
ENSG00000263793.1	MIR3115	miRNA	0	0	0	0.0000	0.0000	0.0000
ENSG00000263794.2	RN7SL457P	misc_RNA	0	0	0	0.0000	0.0000	0.0000
ENSG00000263795.1	MIR5100	miRNA	0	0	0	0.0000	0.0000	0.0000
ENSG00000263797.1	AP005210.1	lncRNA	0	1	5	0.0000	0.0000	0.0000
ENSG00000263798.2	AC018521.1	lncRNA	0	0	0	0.0000	0.0000	0.0000
ENSG00000263800.1	MIR5684	miRNA	0	0	0	0.0000	0.0000	0.0000
ENSG00000263809.1	AC135178.3	protein_coding	0	0	0	0.0000	0.0000	0.0000
ENSG00000263811.1	MIR3675	miRNA	0	0	0	0.0000	0.0000	0.0000
ENSG00000263813.1	MIR3679	miRNA	0	0	0	0.0000	0.0000	0.0000
ENSG00000263815.2	RN7SL426P	misc_RNA	0	0	0	0.0000	0.0000	0.0000
ENSG00000263816.1	MIR548AW	miRNA	0	0	0	0.0000	0.0000	0.0000
ENSG00000263818.5	RDM1P5	transcribed_processed_pseudogene	2	37	35	0.0407	0.0119	0.0115
ENSG00000263821.1	AP005121.2	lncRNA	10	7	3	0.7713	0.2259	0.2176
ENSG00000263823.1	AC009831.1	lncRNA	15	33	28	0.8052	0.2359	0.2271
ENSG00000263826.1	AC112907.3	lncRNA	7	169	170	0.2477	0.0726	0.0699
ENSG00000263828.1	MIR4439	miRNA	0	0	0	0.0000	0.0000	0.0000
ENSG00000263829.1	SINHCAFP1	processed_pseudogene	2	1	1	0.2581	0.0756	0.0728
ENSG00000263831.1	MIR378E	miRNA	0	0	0	0.0000	0.0000	0.0000
ENSG00000263834.1	MIR4635	miRNA	2	2	0	2.1499	0.6297	0.6064
ENSG00000263838.1	MIR4698	miRNA	0	0	0	0.0000	0.0000	0.0000
ENSG00000263841.2	RN7SL44P	misc_RNA	0	0	0	0.0000	0.0000	0.0000
ENSG00000263843.1	AC022211.2	lncRNA	20	166	126	0.6721	0.1969	0.1896
ENSG00000263846.1	CIAPIN1P	processed_pseudogene	1	0	1	0.0912	0.0267	0.0257
ENSG00000263847.1	AP005899.1	lncRNA	3	3	0	0.4683	0.1372	0.1321
ENSG00000263849.1	MIR4744	miRNA	0	0	0	0.0000	0.0000	0.0000
ENSG00000263857.1	MIR4729	miRNA	0	0	0	0.0000	0.0000	0.0000
ENSG00000263858.1	MIR4769	miRNA	0	0	0	0.0000	0.0000	0.0000
ENSG00000263859.1	AC145207.6	lncRNA	0	30	30	0.0000	0.0000	0.0000
ENSG00000263860.1	AC011840.3	lncRNA	0	0	0	0.0000	0.0000	0.0000
ENSG00000263861.1	MIR3927	miRNA	0	0	0	0.0000	0.0000	0.0000
ENSG00000263862.2	LINC01543	lncRNA	0	0	0	0.0000	0.0000	0.0000
ENSG00000263863.1	AC007948.1	lncRNA	0	0	0	0.0000	0.0000	0.0000
ENSG00000263870.1	AC015917.1	unprocessed_pseudogene	0	0	0	0.0000	0.0000	0.0000
ENSG00000263872.1	MIR4528	miRNA	0	0	0	0.0000	0.0000	0.0000
ENSG00000263873.1	THY1-AS1	lncRNA	0	598	643	0.0000	0.0000	0.0000
ENSG00000263874.2	LINC00672	protein_coding	13	3	10	0.2990	0.0876	0.0843
ENSG00000263878.2	DLGAP1-AS4	lncRNA	3	3	0	0.1001	0.0293	0.0282
ENSG00000263881.1	MIR4436B2	miRNA	0	0	0	0.0000	0.0000	0.0000
ENSG00000263882.2	RN7SL774P	misc_RNA	0	0	0	0.0000	0.0000	0.0000
ENSG00000263883.1	EEF1DP7	transcribed_processed_pseudogene	1	0	1	0.1655	0.0485	0.0467
ENSG00000263884.1	AP000845.1	lncRNA	3	1	3	0.1196	0.0350	0.0337
ENSG00000263885.1	MIR3920	miRNA	0	0	0	0.0000	0.0000	0.0000
ENSG00000263887.7	AC053481.2	transcribed_unprocessed_pseudogene	0	0	0	0.0000	0.0000	0.0000
ENSG00000263890.1	MIR4303	miRNA	0	0	0	0.0000	0.0000	0.0000
ENSG00000263892.3	MIR4667	miRNA	0	0	0	0.0000	0.0000	0.0000
ENSG00000263893.2	AC080037.2	lncRNA	0	0	0	0.0000	0.0000	0.0000
ENSG00000263894.1	MIR3925	miRNA	0	0	0	0.0000	0.0000	0.0000
ENSG00000263895.1	AC100778.1	lncRNA	0	0	0	0.0000	0.0000	0.0000
ENSG00000263897.1	MIR4669	miRNA	0	0	0	0.0000	0.0000	0.0000
ENSG00000263904.1	AC015563.1	lncRNA	0	0	0	0.0000	0.0000	0.0000
ENSG00000263905.2	RN7SL555P	misc_RNA	0	0	0	0.0000	0.0000	0.0000
ENSG00000263908.1	MIR3116-1	miRNA	0	0	0	0.0000	0.0000	0.0000
ENSG00000263909.1	MIR5000	miRNA	0	0	0	0.0000	0.0000	0.0000
ENSG00000263914.1	MTND2P13	unprocessed_pseudogene	0	0	0	0.0000	0.0000	0.0000
ENSG00000263916.1	AC100778.2	lncRNA	1	0	1	0.1758	0.0515	0.0496
ENSG00000263917.1	AC011825.3	lncRNA	0	0	0	0.0000	0.0000	0.0000
ENSG00000263918.1	MIR3670-1	miRNA	0	0	0	0.0000	0.0000	0.0000
ENSG00000263923.1	AC019131.1	lncRNA	0	3	2	0.0000	0.0000	0.0000
ENSG00000263924.1	AC022960.1	lncRNA	0	0	0	0.0000	0.0000	0.0000
ENSG00000263926.1	MIR4462	miRNA	0	0	0	0.0000	0.0000	0.0000
ENSG00000263932.1	MIR4448	miRNA	0	0	0	0.0000	0.0000	0.0000
ENSG00000263934.5	SNORD3A	snoRNA	40	18	23	4.8595	1.4234	1.3707
ENSG00000263935.1	TOMM20P3	processed_pseudogene	0	0	0	0.0000	0.0000	0.0000
ENSG00000263938.1	AC100832.2	lncRNA	1	1	0	0.1094	0.0321	0.0309
ENSG00000263940.2	RN7SL275P	misc_RNA	1	0	1	0.2535	0.0743	0.0715
ENSG00000263941.2	RN7SL32P	misc_RNA	0	0	0	0.0000	0.0000	0.0000
ENSG00000263944.2	RN7SL435P	misc_RNA	0	0	0	0.0000	0.0000	0.0000
ENSG00000263945.1	MIR548Y	miRNA	0	0	0	0.0000	0.0000	0.0000
ENSG00000263946.1	AC015818.3	transcribed_processed_pseudogene	0	0	0	0.0000	0.0000	0.0000
ENSG00000263952.5	AP005120.1	lncRNA	0	0	0	0.0000	0.0000	0.0000
ENSG00000263955.2	RN7SL850P	misc_RNA	0	0	0	0.0000	0.0000	0.0000
ENSG00000263956.6	NBPF11	protein_coding	113	69	44	1.6136	0.4726	0.4551
ENSG00000263958.2	AC091138.1	lncRNA	1	1	0	0.0267	0.0078	0.0075
ENSG00000263961.8	RHEX	protein_coding	7	5	2	0.3454	0.1012	0.0974
ENSG00000263963.1	AC008670.1	miRNA	0	2	4	0.0000	0.0000	0.0000
ENSG00000263964.1	MIR4509-3	miRNA	0	0	0	0.0000	0.0000	0.0000
ENSG00000263967.1	MIR4290	miRNA	0	0	0	0.0000	0.0000	0.0000
ENSG00000263968.2	RN7SL381P	misc_RNA	1	0	1	0.2850	0.0835	0.0804
ENSG00000263969.2	RN7SL678P	misc_RNA	0	0	0	0.0000	0.0000	0.0000
ENSG00000263970.1	AP001094.1	lncRNA	0	46	39	0.0000	0.0000	0.0000
ENSG00000263972.1	MIR1587	miRNA	0	0	0	0.0000	0.0000	0.0000
ENSG00000263973.1	MIR4760	miRNA	0	0	0	0.0000	0.0000	0.0000
ENSG00000263974.2	RN7SL121P	misc_RNA	0	0	0	0.0000	0.0000	0.0000
ENSG00000263976.1	YWHAEP3	processed_pseudogene	0	0	0	0.0000	0.0000	0.0000
ENSG00000263978.1	MIR4499	miRNA	0	0	0	0.0000	0.0000	0.0000
ENSG00000263979.1	MIR4672	miRNA	0	0	0	0.0000	0.0000	0.0000
ENSG00000263981.1	MIR5705	miRNA	0	0	0	0.0000	0.0000	0.0000
ENSG00000263982.1	AC009716.1	lncRNA	1	0	1	0.2134	0.0625	0.0602
ENSG00000263986.1	AC087393.2	lncRNA	0	1106	1073	0.0000	0.0000	0.0000
ENSG00000263987.1	MIR5698	miRNA	0	0	0	0.0000	0.0000	0.0000
ENSG00000263988.2	RN7SL147P	misc_RNA	0	0	0	0.0000	0.0000	0.0000
ENSG00000263989.2	RN7SL615P	misc_RNA	0	0	0	0.0000	0.0000	0.0000
ENSG00000263990.1	AC004253.1	lncRNA	7	6	5	1.2181	0.3568	0.3436
ENSG00000263993.2	RN7SL786P	misc_RNA	0	0	0	0.0000	0.0000	0.0000
ENSG00000263999.2	RN7SL42P	misc_RNA	0	0	0	0.0000	0.0000	0.0000
ENSG00000264000.1	AP005059.1	lncRNA	0	0	0	0.0000	0.0000	0.0000
ENSG00000264002.2	RN7SL52P	misc_RNA	0	0	0	0.0000	0.0000	0.0000
ENSG00000264004.1	MIR4717	miRNA	0	0	0	0.0000	0.0000	0.0000
ENSG00000264005.1	MIR4314	miRNA	0	0	0	0.0000	0.0000	0.0000
ENSG00000264006.8	AKR1C8P	protein_coding	1	2	0	0.0364	0.0107	0.0103
ENSG00000264007.1	AC104564.2	lncRNA	3	2	1	0.3993	0.1170	0.1126
ENSG00000264010.1	MIR4429	miRNA	0	0	0	0.0000	0.0000	0.0000
ENSG00000264012.1	AC091588.1	lncRNA	0	0	0	0.0000	0.0000	0.0000
ENSG00000264013.1	MIR3938	miRNA	0	0	0	0.0000	0.0000	0.0000
ENSG00000264014.1	MIR4253	miRNA	0	0	4	0.0000	0.0000	0.0000
ENSG00000264015.2	AC124254.2	lncRNA	0	0	0	0.0000	0.0000	0.0000
ENSG00000264016.3	AC015908.3	lncRNA	0	18	19	0.0000	0.0000	0.0000
ENSG00000264017.2	RN7SL336P	misc_RNA	0	0	0	0.0000	0.0000	0.0000
ENSG00000264019.1	AC018521.2	lncRNA	0	433	438	0.0000	0.0000	0.0000
ENSG00000264023.1	AC068418.1	lncRNA	0	2	1	0.0000	0.0000	0.0000
ENSG00000264024.2	MIR4507	miRNA	0	0	0	0.0000	0.0000	0.0000
ENSG00000264026.2	LINC02003	lncRNA	0	0	0	0.0000	0.0000	0.0000
ENSG00000264028.2	RN7SL744P	misc_RNA	1	0	1	0.3181	0.0932	0.0897
ENSG00000264029.1	AC061975.3	unprocessed_pseudogene	0	0	0	0.0000	0.0000	0.0000
ENSG00000264030.2	RN7SL66P	misc_RNA	0	0	0	0.0000	0.0000	0.0000
ENSG00000264031.1	ABHD15-AS1	lncRNA	0	9	16	0.0000	0.0000	0.0000
ENSG00000264032.1	MIR4491	miRNA	0	0	0	0.0000	0.0000	0.0000
ENSG00000264036.2	RN7SL198P	misc_RNA	0	0	0	0.0000	0.0000	0.0000
ENSG00000264037.1	MIR4472-2	miRNA	0	0	0	0.0000	0.0000	0.0000
ENSG00000264040.1	AC022662.1	processed_pseudogene	0	0	0	0.0000	0.0000	0.0000
ENSG00000264041.2	RN7SL670P	misc_RNA	0	0	0	0.0000	0.0000	0.0000
ENSG00000264044.1	AC005726.2	lncRNA	1	779	796	0.0561	0.0164	0.0158
ENSG00000264047.2	RN7SL455P	misc_RNA	0	0	0	0.0000	0.0000	0.0000
ENSG00000264049.1	MIR4737	miRNA	0	0	0	0.0000	0.0000	0.0000
ENSG00000264050.1	AC005412.1	processed_pseudogene	0	0	0	0.0000	0.0000	0.0000
ENSG00000264054.1	RPL31P9	processed_pseudogene	0	0	0	0.0000	0.0000	0.0000
ENSG00000264056.1	MIR5685	miRNA	0	0	0	0.0000	0.0000	0.0000
ENSG00000264057.1	AC103810.1	transcribed_unprocessed_pseudogene	4	1	3	0.3509	0.1028	0.0990
ENSG00000264058.2	AC073508.2	protein_coding	0	123	146	0.0000	0.0000	0.0000
ENSG00000264060.1	MIR4316	miRNA	0	0	0	0.0000	0.0000	0.0000
ENSG00000264061.1	FGF7P1	unprocessed_pseudogene	0	0	0	0.0000	0.0000	0.0000
ENSG00000264063.1	CR392039.1	miRNA	0	0	0	0.0000	0.0000	0.0000
ENSG00000264066.6	AC024267.1	lncRNA	0	0	0	0.0000	0.0000	0.0000
ENSG00000264067.1	AC005291.1	lncRNA	0	1	0	0.0000	0.0000	0.0000
ENSG00000264069.3	MIR3943	miRNA	0	0	0	0.0000	0.0000	0.0000
ENSG00000264070.1	DND1P1	processed_pseudogene	2	4	4	0.1604	0.0470	0.0452
ENSG00000264071.2	RN7SL531P	misc_RNA	1	1	0	0.3011	0.0882	0.0849
ENSG00000264072.1	AP001180.2	lncRNA	0	0	0	0.0000	0.0000	0.0000
ENSG00000264073.1	MIR3199-1	miRNA	0	0	0	0.0000	0.0000	0.0000
ENSG00000264075.1	MIR4783	miRNA	0	0	0	0.0000	0.0000	0.0000
ENSG00000264078.1	AC114488.2	lncRNA	0	0	0	0.0000	0.0000	0.0000
ENSG00000264080.1	AP005057.1	lncRNA	0	0	0	0.0000	0.0000	0.0000
ENSG00000264083.1	AC005899.1	lncRNA	0	0	0	0.0000	0.0000	0.0000
ENSG00000264084.1	MIR5688	miRNA	0	0	0	0.0000	0.0000	0.0000
ENSG00000264089.1	MIR3681	miRNA	0	0	0	0.0000	0.0000	0.0000
ENSG00000264090.1	MIR4666B	miRNA	0	0	0	0.0000	0.0000	0.0000
ENSG00000264092.2	RN7SL474P	misc_RNA	1	0	1	0.2821	0.0826	0.0796
ENSG00000264093.1	AC007448.2	processed_pseudogene	0	0	0	0.0000	0.0000	0.0000
ENSG00000264099.1	MIR4803	miRNA	0	0	0	0.0000	0.0000	0.0000
ENSG00000264101.1	MIR4689	miRNA	1	1	0	1.2131	0.3554	0.3422
ENSG00000264102.1	MIR4688	miRNA	0	0	0	0.0000	0.0000	0.0000
ENSG00000264104.1	AC114689.1	processed_pseudogene	0	0	0	0.0000	0.0000	0.0000
ENSG00000264105.1	MIR3688-1	miRNA	0	0	0	0.0000	0.0000	0.0000
ENSG00000264107.1	AC138207.2	lncRNA	5	16	7	0.8630	0.2528	0.2434
ENSG00000264108.1	AC090457.1	lncRNA	0	0	0	0.0000	0.0000	0.0000
ENSG00000264110.1	MIR4300	miRNA	0	0	0	0.0000	0.0000	0.0000
ENSG00000264112.1	AC015813.1	lncRNA	235	109	126	3.4336	1.0058	0.9685
ENSG00000264113.2	RN7SL784P	misc_RNA	0	0	0	0.0000	0.0000	0.0000
ENSG00000264115.1	MIR3180-4	miRNA	0	0	0	0.0000	0.0000	0.0000
ENSG00000264116.6	AC116003.1	lncRNA	0	0	0	0.0000	0.0000	0.0000
ENSG00000264119.1	MIR4795	miRNA	0	0	0	0.0000	0.0000	0.0000
ENSG00000264125.1	AC104984.1	lncRNA	2	1	1	0.2437	0.0714	0.0687
ENSG00000264127.1	SCML2P1	processed_pseudogene	0	13	16	0.0000	0.0000	0.0000
ENSG00000264128.2	RN7SL713P	misc_RNA	0	0	0	0.0000	0.0000	0.0000
ENSG00000264131.1	AC007631.1	lncRNA	0	0	0	0.0000	0.0000	0.0000
ENSG00000264136.1	MIR3689D2	miRNA	0	0	0	0.0000	0.0000	0.0000
ENSG00000264138.1	AC024267.2	unprocessed_pseudogene	0	0	0	0.0000	0.0000	0.0000
ENSG00000264139.1	MIR3667	miRNA	0	0	0	0.0000	0.0000	0.0000
ENSG00000264141.1	MIR3928	miRNA	1	0	1	1.4641	0.4289	0.4130
ENSG00000264145.2	AC239859.3	processed_pseudogene	0	0	0	0.0000	0.0000	0.0000
ENSG00000264148.1	AC138207.3	processed_pseudogene	13	3	12	6.6504	1.9480	1.8758
ENSG00000264149.1	AC103987.2	lncRNA	0	0	0	0.0000	0.0000	0.0000
ENSG00000264150.1	AP005136.2	processed_pseudogene	0	0	0	0.0000	0.0000	0.0000
ENSG00000264151.6	AC090403.1	lncRNA	0	0	0	0.0000	0.0000	0.0000
ENSG00000264157.3	MIR3127	miRNA	0	0	0	0.0000	0.0000	0.0000
ENSG00000264158.1	MIR4670	miRNA	0	0	0	0.0000	0.0000	0.0000
ENSG00000264160.1	MIR4762	miRNA	0	0	0	0.0000	0.0000	0.0000
ENSG00000264163.1	MIR3689B	miRNA	0	0	0	0.0000	0.0000	0.0000
ENSG00000264164.1	AC090616.2	transcribed_processed_pseudogene	0	0	0	0.0000	0.0000	0.0000
ENSG00000264167.1	AC122129.2	lncRNA	0	0	2	0.0000	0.0000	0.0000
ENSG00000264168.2	MTND1P15	transcribed_unprocessed_pseudogene	0	0	0	0.0000	0.0000	0.0000
ENSG00000264169.2	RN7SL665P	misc_RNA	0	0	0	0.0000	0.0000	0.0000
ENSG00000264171.1	MIR4305	miRNA	0	0	0	0.0000	0.0000	0.0000
ENSG00000264172.1	PDLIM1P3	processed_pseudogene	0	0	0	0.0000	0.0000	0.0000
ENSG00000264174.1	AC005552.1	lncRNA	0	0	0	0.0000	0.0000	0.0000
ENSG00000264175.1	MIR3189	miRNA	3	2	1	3.4899	1.0222	0.9843
ENSG00000264176.1	MAGOH2P	transcribed_processed_pseudogene	11	2	9	1.8316	0.5365	0.5166
ENSG00000264177.1	AL353997.2	lncRNA	0	0	0	0.0000	0.0000	0.0000
ENSG00000264179.1	AP000894.1	processed_pseudogene	2	2	0	0.3266	0.0957	0.0921
ENSG00000264186.1	SNRPCP4	processed_pseudogene	0	0	0	0.0000	0.0000	0.0000
ENSG00000264187.1	AC055811.2	protein_coding	0	0	0	0.0000	0.0000	0.0000
ENSG00000264188.1	AC106037.2	lncRNA	0	0	0	0.0000	0.0000	0.0000
ENSG00000264189.1	AIDAP3	processed_pseudogene	0	0	0	0.0000	0.0000	0.0000
ENSG00000264192.1	RN7SL117P	misc_RNA	0	0	0	0.0000	0.0000	0.0000
ENSG00000264193.1	AC027229.1	processed_pseudogene	0	0	0	0.0000	0.0000	0.0000
ENSG00000264196.1	AC011120.1	lncRNA	0	0	0	0.0000	0.0000	0.0000
ENSG00000264200.1	MIR4693	miRNA	0	0	0	0.0000	0.0000	0.0000
ENSG00000264201.1	MIR4701	miRNA	0	0	0	0.0000	0.0000	0.0000
ENSG00000264204.2	AGAP7P	unprocessed_pseudogene	16	11	5	0.6589	0.1930	0.1859
ENSG00000264207.1	AC239868.1	lncRNA	0	0	0	0.0000	0.0000	0.0000
ENSG00000264210.1	MIR4716	miRNA	1	1	0	1.0110	0.2961	0.2851
ENSG00000264211.1	MIR4492	miRNA	0	0	0	0.0000	0.0000	0.0000
ENSG00000264212.1	AC103808.1	lncRNA	0	0	0	0.0000	0.0000	0.0000
ENSG00000264215.1	AC126365.1	lncRNA	3	2	1	0.1683	0.0493	0.0475
ENSG00000264217.2	RPL35AP23	processed_pseudogene	0	0	0	0.0000	0.0000	0.0000
ENSG00000264226.1	MIR3168	miRNA	0	0	0	0.0000	0.0000	0.0000
ENSG00000264229.1	RNU4ATAC	snRNA	0	0	0	0.0000	0.0000	0.0000
ENSG00000264230.9	ANXA8L1	protein_coding	1	0	1	0.0297	0.0087	0.0084
ENSG00000264232.2	LINC01916	lncRNA	0	0	0	0.0000	0.0000	0.0000
ENSG00000264233.1	MIR4456	miRNA	0	0	0	0.0000	0.0000	0.0000
ENSG00000264235.6	AP005329.1	lncRNA	2	964	1003	0.1598	0.0468	0.0451
ENSG00000264236.1	AC096708.1	processed_pseudogene	1	1	0	0.1291	0.0378	0.0364
ENSG00000264240.1	CPDP1	processed_pseudogene	0	0	0	0.0000	0.0000	0.0000
ENSG00000264243.1	AC018521.3	lncRNA	0	0	0	0.0000	0.0000	0.0000
ENSG00000264245.1	AC233702.3	processed_pseudogene	0	0	0	0.0000	0.0000	0.0000
ENSG00000264246.1	AP005208.1	processed_pseudogene	0	0	1	0.0000	0.0000	0.0000
ENSG00000264247.2	LINC00909	lncRNA	144	66	78	2.2599	0.6620	0.6374
ENSG00000264249.1	MIR3912	miRNA	1	0	1	0.8088	0.2369	0.2281
ENSG00000264250.2	RN7SL835P	misc_RNA	1	1	0	0.3241	0.0949	0.0914
ENSG00000264251.2	RN7SL819P	misc_RNA	0	0	0	0.0000	0.0000	0.0000
ENSG00000264254.1	AP001496.1	lncRNA	2	1	1	0.3606	0.1056	0.1017
ENSG00000264257.1	KIR3DP1	transcribed_unprocessed_pseudogene	0	0	0	0.0000	0.0000	0.0000
ENSG00000264260.2	LINC01893	lncRNA	9	5	4	0.4621	0.1354	0.1303
ENSG00000264262.1	AC131274.1	lncRNA	0	0	0	0.0000	0.0000	0.0000
ENSG00000264265.1	LINC01925	lncRNA	0	0	0	0.0000	0.0000	0.0000
ENSG00000264266.1	MIR4322	miRNA	1	1	0	1.1633	0.3407	0.3281
ENSG00000264268.1	MIR4767	miRNA	0	0	0	0.0000	0.0000	0.0000
ENSG00000264269.1	AC016866.1	lncRNA	0	0	0	0.0000	0.0000	0.0000
ENSG00000264270.1	AC087749.1	lncRNA	0	0	0	0.0000	0.0000	0.0000
ENSG00000264271.2	RN7SL488P	misc_RNA	2	1	1	0.5938	0.1739	0.1675
ENSG00000264272.1	AC100786.1	lncRNA	3	677	595	0.4966	0.1455	0.1401
ENSG00000264273.1	AC107982.2	lncRNA	0	3	0	0.0000	0.0000	0.0000
ENSG00000264274.1	MIR4799	miRNA	0	0	0	0.0000	0.0000	0.0000
ENSG00000264275.1	RN7SL753P	misc_RNA	1	0	1	0.2928	0.0858	0.0826
ENSG00000264278.1	ZNF236-DT	lncRNA	68	37	31	4.4591	1.3062	1.2577
ENSG00000264279.1	MIR4786	miRNA	0	0	0	0.0000	0.0000	0.0000
ENSG00000264281.3	AC016596.2	processed_pseudogene	41	33	8	44.6377	13.0751	12.5903
ENSG00000264289.1	AC103987.3	processed_pseudogene	0	0	0	0.0000	0.0000	0.0000
ENSG00000264290.1	AC104564.3	lncRNA	6	2	4	1.0957	0.3210	0.3091
ENSG00000264292.1	MIR2467	miRNA	0	0	0	0.0000	0.0000	0.0000
ENSG00000264293.2	RN7SL657P	misc_RNA	0	0	0	0.0000	0.0000	0.0000
ENSG00000264294.1	SNORD55	snoRNA	0	0	0	0.0000	0.0000	0.0000
ENSG00000264295.1	MIR3922	miRNA	0	0	0	0.0000	0.0000	0.0000
ENSG00000264296.1	AC090666.1	processed_pseudogene	0	0	0	0.0000	0.0000	0.0000
ENSG00000264297.2	MIR4433B	miRNA	0	0	0	0.0000	0.0000	0.0000
ENSG00000264300.1	AC090616.3	transcribed_processed_pseudogene	0	0	0	0.0000	0.0000	0.0000
ENSG00000264301.1	LINC01444	lncRNA	26	8	18	1.6526	0.4841	0.4661
ENSG00000264304.1	AC024267.3	lncRNA	6	4	2	0.9066	0.2656	0.2557
ENSG00000264309.1	MIR4694	miRNA	0	0	0	0.0000	0.0000	0.0000
ENSG00000264311.1	CCDC58P1	processed_pseudogene	0	0	0	0.0000	0.0000	0.0000
ENSG00000264313.2	RN7SL644P	misc_RNA	0	0	0	0.0000	0.0000	0.0000
ENSG00000264314.1	MIR548AT	miRNA	0	0	0	0.0000	0.0000	0.0000
ENSG00000264315.1	HNRNPA1P11	processed_pseudogene	1	0	1	0.0888	0.0260	0.0251
ENSG00000264316.1	MTCO3P13	unprocessed_pseudogene	2	1	1	0.2175	0.0637	0.0613
ENSG00000264317.2	RN7SL154P	misc_RNA	2	2	0	0.5242	0.1535	0.1479
ENSG00000264319.1	MIR4801	miRNA	0	0	0	0.0000	0.0000	0.0000
ENSG00000264322.2	RN7SL448P	misc_RNA	1	0	1	0.2879	0.0843	0.0812
ENSG00000264324.1	AC006030.1	protein_coding	1	742	816	0.0168	0.0049	0.0047
ENSG00000264330.1	MIR5186	miRNA	0	0	0	0.0000	0.0000	0.0000
ENSG00000264334.1	AC134978.1	lncRNA	0	0	0	0.0000	0.0000	0.0000
ENSG00000264339.1	AP001020.1	lncRNA	0	0	1	0.0000	0.0000	0.0000
ENSG00000264340.1	AC009704.1	lncRNA	0	1	0	0.0000	0.0000	0.0000
ENSG00000264341.1	Z97988.1	miRNA	0	0	0	0.0000	0.0000	0.0000
ENSG00000264342.3	MIR3660	miRNA	0	0	0	0.0000	0.0000	0.0000
ENSG00000264343.6	NOTCH2NLA	protein_coding	2	0	2	0.0574	0.0168	0.0162
ENSG00000264345.2	LINC01894	lncRNA	1	1	0	0.0491	0.0144	0.0138
ENSG00000264346.1	SNORA77B	snoRNA	0	0	0	0.0000	0.0000	0.0000
ENSG00000264349.1	MIR4258	miRNA	0	0	0	0.0000	0.0000	0.0000
ENSG00000264350.1	SNRPGP2	processed_pseudogene	75	31	44	28.1816	8.2548	7.9488
ENSG00000264352.2	RN7SL602P	misc_RNA	0	0	0	0.0000	0.0000	0.0000
ENSG00000264354.1	MIR3134	miRNA	0	0	0	0.0000	0.0000	0.0000
ENSG00000264357.1	MIR4648	miRNA	0	0	0	0.0000	0.0000	0.0000
ENSG00000264358.1	MIR3122	miRNA	0	0	0	0.0000	0.0000	0.0000
ENSG00000264359.1	NEK4P2	processed_pseudogene	0	0	0	0.0000	0.0000	0.0000
ENSG00000264364.3	DYNLL2	protein_coding	6385	3369	3016	79.6558	23.3324	22.4674
ENSG00000264365.1	AC023983.1	lncRNA	0	0	0	0.0000	0.0000	0.0000
ENSG00000264370.1	MIR3125	miRNA	6	4	2	6.5323	1.9134	1.8425
ENSG00000264371.1	MIR4425	miRNA	0	0	0	0.0000	0.0000	0.0000
ENSG00000264373.1	AC005899.2	processed_pseudogene	0	0	0	0.0000	0.0000	0.0000
ENSG00000264377.1	MIR4671	miRNA	0	0	0	0.0000	0.0000	0.0000
ENSG00000264379.1	SNORD39	snoRNA	0	0	0	0.0000	0.0000	0.0000
ENSG00000264384.2	RN7SL431P	misc_RNA	0	0	0	0.0000	0.0000	0.0000
ENSG00000264386.1	MIR4513	miRNA	0	0	0	0.0000	0.0000	0.0000
ENSG00000264387.1	MIR5007	miRNA	0	0	0	0.0000	0.0000	0.0000
ENSG00000264388.1	AC090312.1	processed_pseudogene	0	0	0	0.0000	0.0000	0.0000
ENSG00000264390.1	MIR4465	miRNA	0	0	0	0.0000	0.0000	0.0000
ENSG00000264391.2	RN7SL208P	misc_RNA	0	0	0	0.0000	0.0000	0.0000
ENSG00000264395.1	MIR3193	miRNA	0	0	0	0.0000	0.0000	0.0000
ENSG00000264397.1	MIR3180-5	miRNA	0	0	0	0.0000	0.0000	0.0000
ENSG00000264399.1	MIR4736	miRNA	0	0	0	0.0000	0.0000	0.0000
ENSG00000264400.2	RN7SL491P	misc_RNA	0	0	0	0.0000	0.0000	0.0000
ENSG00000264402.1	MIR548AL	miRNA	0	0	0	0.0000	0.0000	0.0000
ENSG00000264404.3	LINC02675	lncRNA	0	0	0	0.0000	0.0000	0.0000
ENSG00000264405.1	MIR3913-1	miRNA	0	0	0	0.0000	0.0000	0.0000
ENSG00000264406.1	MIR548AP	miRNA	0	0	0	0.0000	0.0000	0.0000
ENSG00000264408.1	MIR4470	miRNA	0	0	0	0.0000	0.0000	0.0000
ENSG00000264419.1	MIR548AC	miRNA	0	0	0	0.0000	0.0000	0.0000
ENSG00000264421.1	AC007448.3	lncRNA	0	0	0	0.0000	0.0000	0.0000
ENSG00000264422.1	AC015818.4	lncRNA	0	0	0	0.0000	0.0000	0.0000
ENSG00000264423.2	RN7SL718P	misc_RNA	0	0	0	0.0000	0.0000	0.0000
ENSG00000264424.1	MYH4	protein_coding	0	0	0	0.0000	0.0000	0.0000
ENSG00000264425.1	MIR4653	miRNA	3	0	3	3.0694	0.8991	0.8657
ENSG00000264426.1	MIR4283-1	miRNA	0	0	0	0.0000	0.0000	0.0000
ENSG00000264429.1	MIR3183	miRNA	0	0	0	0.0000	0.0000	0.0000
ENSG00000264431.1	AC131274.2	processed_pseudogene	0	0	0	0.0000	0.0000	0.0000
ENSG00000264434.2	AC110603.1	lncRNA	0	0	0	0.0000	0.0000	0.0000
ENSG00000264435.1	AC104982.3	transcribed_processed_pseudogene	0	0	0	0.0000	0.0000	0.0000
ENSG00000264438.2	RN7SL560P	misc_RNA	0	0	0	0.0000	0.0000	0.0000
ENSG00000264443.1	NCMAP-DT	lncRNA	0	185	191	0.0000	0.0000	0.0000
ENSG00000264444.1	SDHCP1	processed_pseudogene	0	0	0	0.0000	0.0000	0.0000
ENSG00000264448.5	MIR378D2HG	lncRNA	3	2	1	0.2685	0.0786	0.0757
ENSG00000264449.6	AP001021.1	lncRNA	0	0	3	0.0000	0.0000	0.0000
ENSG00000264451.1	AC036222.1	lncRNA	1	1	0	0.1211	0.0355	0.0342
ENSG00000264452.1	AP001065.1	snoRNA	0	0	0	0.0000	0.0000	0.0000
ENSG00000264456.1	AC138207.4	lncRNA	28	16	12	1.4315	0.4193	0.4038
ENSG00000264458.1	AC025211.1	lncRNA	0	0	0	0.0000	0.0000	0.0000
ENSG00000264462.1	MIR3648-2	miRNA	0	0	0	0.0000	0.0000	0.0000
ENSG00000264464.1	LINC02837	lncRNA	0	0	0	0.0000	0.0000	0.0000
ENSG00000264468.1	MIR4520-1	miRNA	1	1	0	1.2131	0.3554	0.3422
ENSG00000264470.1	MIR4794	miRNA	0	0	0	0.0000	0.0000	0.0000
ENSG00000264472.4	AC096708.2	lncRNA	1	1	0	0.1519	0.0445	0.0428
ENSG00000264474.1	MIR4656	miRNA	0	1	1	0.0000	0.0000	0.0000
ENSG00000264475.1	AP005062.1	lncRNA	0	12	14	0.0000	0.0000	0.0000
ENSG00000264477.1	MIR5682	miRNA	0	0	0	0.0000	0.0000	0.0000
ENSG00000264480.1	MIR4714	miRNA	0	0	0	0.0000	0.0000	0.0000
ENSG00000264482.1	MIR4705	miRNA	0	0	0	0.0000	0.0000	0.0000
ENSG00000264483.1	MIR5008	miRNA	0	0	0	0.0000	0.0000	0.0000
ENSG00000264484.2	RN7SL697P	misc_RNA	0	0	0	0.0000	0.0000	0.0000
ENSG00000264486.1	AC061975.4	lncRNA	0	0	0	0.0000	0.0000	0.0000
ENSG00000264488.1	AC090283.1	lncRNA	0	0	0	0.0000	0.0000	0.0000
ENSG00000264490.3	BX640514.1	lncRNA	0	1	0	0.0000	0.0000	0.0000
ENSG00000264491.1	AC005544.1	lncRNA	0	0	0	0.0000	0.0000	0.0000
ENSG00000264493.1	MIR4298	miRNA	0	0	0	0.0000	0.0000	0.0000
ENSG00000264494.1	MIR4650-2	miRNA	0	0	0	0.0000	0.0000	0.0000
ENSG00000264497.1	AC090616.4	processed_pseudogene	0	0	0	0.0000	0.0000	0.0000
ENSG00000264500.1	MIR3124	miRNA	2	1	1	2.5349	0.7425	0.7150
ENSG00000264501.2	RN7SL731P	misc_RNA	0	0	0	0.0000	0.0000	0.0000
ENSG00000264503.1	AP001180.3	processed_pseudogene	0	0	0	0.0000	0.0000	0.0000
ENSG00000264511.1	MIR3678	miRNA	0	0	0	0.0000	0.0000	0.0000
ENSG00000264512.2	MIR5692A2	miRNA	0	0	0	0.0000	0.0000	0.0000
ENSG00000264513.1	AC006270.1	lncRNA	1	1	0	0.1777	0.0520	0.0501
ENSG00000264514.1	AP000915.1	lncRNA	0	12	16	0.0000	0.0000	0.0000
ENSG00000264515.6	AC011474.1	lncRNA	0	0	0	0.0000	0.0000	0.0000
ENSG00000264519.2	RN7SL596P	misc_RNA	0	0	0	0.0000	0.0000	0.0000
ENSG00000264520.1	AC005154.4	lncRNA	2	0	2	0.4615	0.1352	0.1302
ENSG00000264522.6	OTUD7B	protein_coding	9001	4495	4509	62.5148	18.3116	17.6327
ENSG00000264525.1	MIR4778	miRNA	0	0	0	0.0000	0.0000	0.0000
ENSG00000264529.1	DNAJB6P8	transcribed_processed_pseudogene	0	0	0	0.0000	0.0000	0.0000
ENSG00000264530.2	RN7SL25P	misc_RNA	0	0	0	0.0000	0.0000	0.0000
ENSG00000264534.3	MIR378B	miRNA	0	0	0	0.0000	0.0000	0.0000
ENSG00000264536.1	MIR5706	miRNA	0	0	0	0.0000	0.0000	0.0000
ENSG00000264538.6	SUZ12P1	transcribed_unprocessed_pseudogene	181	95	87	4.0706	1.1923	1.1481
ENSG00000264539.1	MIR548AR	miRNA	4	2	2	5.9593	1.7456	1.6809
ENSG00000264540.2	RN7SL405P	misc_RNA	0	0	0	0.0000	0.0000	0.0000
ENSG00000264545.2	AL359922.1	protein_coding	0	0	0	0.0000	0.0000	0.0000
ENSG00000264546.1	AC008026.3	lncRNA	0	0	0	0.0000	0.0000	0.0000
ENSG00000264548.1	AC132872.2	lncRNA	2	2	0	0.0717	0.0210	0.0202
ENSG00000264549.1	SNORD95	snoRNA	0	0	0	0.0000	0.0000	0.0000
ENSG00000264553.1	MIR4257	miRNA	1	0	1	0.9874	0.2892	0.2785
ENSG00000264554.2	RN7SL793P	misc_RNA	0	0	0	0.0000	0.0000	0.0000
ENSG00000264558.1	AC015674.1	lncRNA	0	1528	1547	0.0000	0.0000	0.0000
ENSG00000264559.1	MIR3162	miRNA	0	0	0	0.0000	0.0000	0.0000
ENSG00000264563.1	MIR4633	miRNA	0	0	0	0.0000	0.0000	0.0000
ENSG00000264564.1	AC090897.1	processed_pseudogene	0	0	0	0.0000	0.0000	0.0000
ENSG00000264566.3	MIR23C	miRNA	0	0	0	0.0000	0.0000	0.0000
ENSG00000264569.1	DCXR-DT	lncRNA	2	0	2	0.2395	0.0702	0.0676
ENSG00000264570.1	SNX19P3	processed_pseudogene	5	3	2	0.1427	0.0418	0.0403
ENSG00000264571.1	MIR4529	miRNA	0	0	0	0.0000	0.0000	0.0000
ENSG00000264572.1	MIR4296	miRNA	0	0	0	0.0000	0.0000	0.0000
ENSG00000264573.2	RN7SL15P	misc_RNA	1	1	0	0.2821	0.0826	0.0796
ENSG00000264574.1	AL606469.2	miRNA	0	0	0	0.0000	0.0000	0.0000
ENSG00000264575.1	LINC00526	lncRNA	29	39	47	1.3134	0.3847	0.3705
ENSG00000264577.1	AC010761.1	lncRNA	16	3911	4088	1.5114	0.4427	0.4263
ENSG00000264578.1	AC009630.3	lncRNA	0	1552	1515	0.0000	0.0000	0.0000
ENSG00000264580.1	MIR5692B	miRNA	0	0	0	0.0000	0.0000	0.0000
ENSG00000264582.2	RN7SL326P	misc_RNA	0	0	0	0.0000	0.0000	0.0000
ENSG00000264583.1	MIR4487	miRNA	0	0	0	0.0000	0.0000	0.0000
ENSG00000264585.1	MIR4449	miRNA	0	0	0	0.0000	0.0000	0.0000
ENSG00000264587.5	AC117569.1	lncRNA	0	0	0	0.0000	0.0000	0.0000
ENSG00000264589.4	MAPT-AS1	lncRNA	0	8	8	0.0000	0.0000	0.0000
ENSG00000264592.2	RN7SL131P	misc_RNA	0	0	0	0.0000	0.0000	0.0000
ENSG00000264595.1	AC103808.2	lncRNA	1	6	1	0.1430	0.0419	0.0403
ENSG00000264596.1	AP000897.1	lncRNA	0	0	0	0.0000	0.0000	0.0000
ENSG00000264598.1	AC003687.1	lncRNA	0	0	0	0.0000	0.0000	0.0000
ENSG00000264603.1	MIR3159	miRNA	0	0	0	0.0000	0.0000	0.0000
ENSG00000264607.1	MIR3173	miRNA	0	0	0	0.0000	0.0000	0.0000
ENSG00000264610.1	MIR4685	miRNA	0	0	0	0.0000	0.0000	0.0000
ENSG00000264613.2	RN7SL290P	misc_RNA	0	0	0	0.0000	0.0000	0.0000
ENSG00000264614.1	MIR5588	miRNA	0	0	0	0.0000	0.0000	0.0000
ENSG00000264615.2	RN7SL592P	misc_RNA	0	0	0	0.0000	0.0000	0.0000
ENSG00000264616.1	MIR4755	miRNA	0	0	0	0.0000	0.0000	0.0000
ENSG00000264617.1	AC233702.4	unprocessed_pseudogene	0	0	0	0.0000	0.0000	0.0000
ENSG00000264618.2	RN7SL732P	misc_RNA	0	0	0	0.0000	0.0000	0.0000
ENSG00000264621.1	MIR5591	miRNA	0	0	0	0.0000	0.0000	0.0000
ENSG00000264622.1	AC022903.1	lncRNA	0	0	0	0.0000	0.0000	0.0000
ENSG00000264623.3	MIR4796	miRNA	0	0	0	0.0000	0.0000	0.0000
ENSG00000264630.5	PRKCA-AS1	lncRNA	0	0	0	0.0000	0.0000	0.0000
ENSG00000264633.1	MIR4271	miRNA	0	5	8	0.0000	0.0000	0.0000
ENSG00000264634.1	AC100844.1	lncRNA	0	0	0	0.0000	0.0000	0.0000
ENSG00000264635.1	AP001020.2	lncRNA	0	1	0	0.0000	0.0000	0.0000
ENSG00000264638.1	MIR3152	miRNA	0	0	0	0.0000	0.0000	0.0000
ENSG00000264643.1	AC024614.1	lncRNA	0	0	0	0.0000	0.0000	0.0000
ENSG00000264644.1	KRT18P8	processed_pseudogene	0	0	0	0.0000	0.0000	0.0000
ENSG00000264647.1	AC104564.4	lncRNA	0	0	0	0.0000	0.0000	0.0000
ENSG00000264653.1	MIR5194	miRNA	0	0	0	0.0000	0.0000	0.0000
ENSG00000264655.1	PPIAP54	processed_pseudogene	3	0	3	0.5231	0.1532	0.1476
ENSG00000264657.1	MIR3171	miRNA	0	0	0	0.0000	0.0000	0.0000
ENSG00000264658.1	MIR4798	miRNA	0	0	0	0.0000	0.0000	0.0000
ENSG00000264659.2	AC064805.2	lncRNA	0	2	0	0.0000	0.0000	0.0000
ENSG00000264660.2	AC107926.1	lncRNA	0	0	0	0.0000	0.0000	0.0000
ENSG00000264661.3	MIR3200	miRNA	1	0	1	0.9991	0.2926	0.2818
ENSG00000264662.1	AC126365.2	processed_pseudogene	0	0	0	0.0000	0.0000	0.0000
ENSG00000264663.1	KRT8P34	processed_pseudogene	0	1	0	0.0000	0.0000	0.0000
ENSG00000264666.1	AC020558.1	lncRNA	0	88	85	0.0000	0.0000	0.0000
ENSG00000264668.2	AC138696.1	protein_coding	0	0	0	0.0000	0.0000	0.0000
ENSG00000264672.6	SEPTIN4-AS1	lncRNA	0	46	52	0.0000	0.0000	0.0000
ENSG00000264673.1	AC098850.1	lncRNA	0	0	0	0.0000	0.0000	0.0000
ENSG00000264675.1	MIR4285	miRNA	2	2	0	1.9981	0.5853	0.5636
ENSG00000264676.2	RN7SL204P	misc_RNA	0	0	0	0.0000	0.0000	0.0000
ENSG00000264678.1	MIR3140	miRNA	0	0	0	0.0000	0.0000	0.0000
ENSG00000264684.1	MIR4773-1	miRNA	0	0	0	0.0000	0.0000	0.0000
ENSG00000264685.1	PRPF19P1	processed_pseudogene	0	0	0	0.0000	0.0000	0.0000
ENSG00000264689.1	AC015688.2	processed_pseudogene	0	0	0	0.0000	0.0000	0.0000
ENSG00000264693.1	AC123786.1	lncRNA	0	0	0	0.0000	0.0000	0.0000
ENSG00000264695.1	AC007922.1	lncRNA	0	0	0	0.0000	0.0000	0.0000
ENSG00000264697.1	MTL3P	processed_pseudogene	1	0	1	0.5514	0.1615	0.1555
ENSG00000264698.1	MIR4255	miRNA	0	0	0	0.0000	0.0000	0.0000
ENSG00000264699.2	LINC01912	lncRNA	0	0	0	0.0000	0.0000	0.0000
ENSG00000264701.1	AC018521.4	lncRNA	0	285	284	0.0000	0.0000	0.0000
ENSG00000264703.1	MIR4752	miRNA	0	0	0	0.0000	0.0000	0.0000
ENSG00000264705.1	AC090337.1	lncRNA	1	0	1	0.0409	0.0120	0.0115
ENSG00000264706.2	RN7SL217P	misc_RNA	0	0	0	0.0000	0.0000	0.0000
ENSG00000264707.1	L3MBTL4-AS1	lncRNA	15	11	4	0.6232	0.1825	0.1758
ENSG00000264712.3	MIR4504	miRNA	0	0	0	0.0000	0.0000	0.0000
ENSG00000264714.1	KIAA0895LP1	transcribed_processed_pseudogene	0	0	0	0.0000	0.0000	0.0000
ENSG00000264717.5	NPY4R2	protein_coding	0	0	0	0.0000	0.0000	0.0000
ENSG00000264720.3	MIR3117	miRNA	0	0	0	0.0000	0.0000	0.0000
ENSG00000264722.1	MIR3670-2	miRNA	0	0	0	0.0000	0.0000	0.0000
ENSG00000264725.1	MIR3129	miRNA	0	0	0	0.0000	0.0000	0.0000
ENSG00000264727.1	AC005725.1	lncRNA	1	0	1	0.0326	0.0095	0.0092
ENSG00000264729.1	AC022596.1	lncRNA	0	0	0	0.0000	0.0000	0.0000
ENSG00000264732.1	MIR4638	miRNA	0	0	0	0.0000	0.0000	0.0000
ENSG00000264733.1	MIR4718	miRNA	0	0	0	0.0000	0.0000	0.0000
ENSG00000264734.1	AC069061.2	lncRNA	0	0	0	0.0000	0.0000	0.0000
ENSG00000264735.1	AC145207.7	lncRNA	0	0	0	0.0000	0.0000	0.0000
ENSG00000264736.1	BDP1P	processed_pseudogene	0	0	0	0.0000	0.0000	0.0000
ENSG00000264737.1	MIR4511	miRNA	0	1	0	0.0000	0.0000	0.0000
ENSG00000264739.1	AC093484.2	lncRNA	3	622	658	0.1176	0.0345	0.0332
ENSG00000264741.1	MIR4505	miRNA	0	0	0	0.0000	0.0000	0.0000
ENSG00000264743.2	DPRXP4	processed_pseudogene	1	1	0	0.1495	0.0438	0.0422
ENSG00000264744.1	MIR3689C	miRNA	0	0	0	0.0000	0.0000	0.0000
ENSG00000264745.1	TTC39C-AS1	lncRNA	5	0	5	0.5197	0.1522	0.1466
ENSG00000264747.1	MIR3924	miRNA	0	0	0	0.0000	0.0000	0.0000
ENSG00000264750.1	AC032019.1	lncRNA	0	0	0	0.0000	0.0000	0.0000
ENSG00000264754.1	AC110921.1	lncRNA	1	0	1	0.1388	0.0406	0.0391
ENSG00000264755.1	MIR3131	miRNA	0	0	0	0.0000	0.0000	0.0000
ENSG00000264757.1	MIR3198-1	miRNA	1	1	0	1.0615	0.3109	0.2994
ENSG00000264760.1	MIR3141	miRNA	0	0	0	0.0000	0.0000	0.0000
ENSG00000264763.1	MIR4295	miRNA	0	0	0	0.0000	0.0000	0.0000
ENSG00000264764.1	MIR4772	miRNA	0	0	0	0.0000	0.0000	0.0000
ENSG00000264765.1	AC098850.2	lncRNA	2	2	0	0.2203	0.0645	0.0621
ENSG00000264767.2	RN7SL237P	misc_RNA	0	0	0	0.0000	0.0000	0.0000
ENSG00000264769.1	AC145207.8	lncRNA	4	51	37	0.6033	0.1767	0.1702
ENSG00000264772.6	AC016876.2	lncRNA	0	0	0	0.0000	0.0000	0.0000
ENSG00000264773.1	MIR4420	miRNA	0	0	0	0.0000	0.0000	0.0000
ENSG00000264775.1	PPIAP14	processed_pseudogene	11	5	6	1.8833	0.5517	0.5312
ENSG00000264781.1	MIR4537	miRNA	1	1	0	1.2131	0.3554	0.3422
ENSG00000264785.1	AC005722.4	lncRNA	0	4	1	0.0000	0.0000	0.0000
ENSG00000264788.1	MIR3148	miRNA	0	0	0	0.0000	0.0000	0.0000
ENSG00000264790.1	AC021382.1	lncRNA	0	0	0	0.0000	0.0000	0.0000
ENSG00000264791.1	AC004147.3	lncRNA	0	0	0	0.0000	0.0000	0.0000
ENSG00000264792.1	MIR4637	miRNA	0	0	0	0.0000	0.0000	0.0000
ENSG00000264793.1	MIR4771-1	miRNA	0	0	0	0.0000	0.0000	0.0000
ENSG00000264796.1	MIR5009	miRNA	0	0	0	0.0000	0.0000	0.0000
ENSG00000264800.1	MIR4294	miRNA	0	0	0	0.0000	0.0000	0.0000
ENSG00000264801.1	ERVFRD-3	transcribed_processed_pseudogene	3	2	1	0.1576	0.0461	0.0444
ENSG00000264802.1	MIR5191	miRNA	0	0	0	0.0000	0.0000	0.0000
ENSG00000264803.1	MIR378C	miRNA	0	0	0	0.0000	0.0000	0.0000
ENSG00000264808.1	AC068025.1	lncRNA	8	4	4	0.8916	0.2611	0.2515
ENSG00000264809.2	Metazoa_SRP	misc_RNA	0	0	0	0.0000	0.0000	0.0000
ENSG00000264810.1	MIR4441	miRNA	0	0	0	0.0000	0.0000	0.0000
ENSG00000264812.1	AC132938.2	lncRNA	0	0	0	0.0000	0.0000	0.0000
ENSG00000264813.6	AC113554.1	protein_coding	0	0	0	0.0000	0.0000	0.0000
ENSG00000264814.1	MIR1273C	miRNA	0	0	0	0.0000	0.0000	0.0000
ENSG00000264823.3	MIR3154	miRNA	0	0	0	0.0000	0.0000	0.0000
ENSG00000264824.1	MIR5571	miRNA	0	0	0	0.0000	0.0000	0.0000
ENSG00000264825.1	AC091588.2	lncRNA	0	0	0	0.0000	0.0000	0.0000
ENSG00000264829.1	AC087749.2	lncRNA	0	0	0	0.0000	0.0000	0.0000
ENSG00000264833.1	RN7SL468P	misc_RNA	0	0	0	0.0000	0.0000	0.0000
ENSG00000264834.1	AC099677.4	miRNA	0	0	0	0.0000	0.0000	0.0000
ENSG00000264837.1	VN1R71P	processed_pseudogene	0	0	0	0.0000	0.0000	0.0000
ENSG00000264840.1	RN7SL404P	misc_RNA	0	0	0	0.0000	0.0000	0.0000
ENSG00000264843.1	AP001180.4	lncRNA	0	1	1	0.0000	0.0000	0.0000
ENSG00000264845.2	AC119868.1	transcribed_processed_pseudogene	0	0	0	0.0000	0.0000	0.0000
ENSG00000264850.1	MIR4310	miRNA	0	0	0	0.0000	0.0000	0.0000
ENSG00000264853.1	AC011933.2	lncRNA	0	0	0	0.0000	0.0000	0.0000
ENSG00000264857.1	MIR5696	miRNA	0	0	0	0.0000	0.0000	0.0000
ENSG00000264859.6	DSG2-AS1	lncRNA	0	1	0	0.0000	0.0000	0.0000
ENSG00000264860.1	AC097641.1	lncRNA	0	0	0	0.0000	0.0000	0.0000
ENSG00000264862.2	RN7SL45P	misc_RNA	0	0	0	0.0000	0.0000	0.0000
ENSG00000264864.1	MIR3613	miRNA	0	0	1	0.0000	0.0000	0.0000
ENSG00000264869.2	AC068112.1	lncRNA	0	0	0	0.0000	0.0000	0.0000
ENSG00000264874.1	AC087499.6	processed_pseudogene	0	0	0	0.0000	0.0000	0.0000
ENSG00000264876.2	AP005209.1	lncRNA	0	0	0	0.0000	0.0000	0.0000
ENSG00000264879.2	RN7SL690P	misc_RNA	0	0	0	0.0000	0.0000	0.0000
ENSG00000264880.1	AP005901.2	lncRNA	0	0	0	0.0000	0.0000	0.0000
ENSG00000264881.1	AL358013.1	miRNA	0	0	0	0.0000	0.0000	0.0000
ENSG00000264892.1	NOS2P4	processed_pseudogene	0	0	0	0.0000	0.0000	0.0000
ENSG00000264895.1	AC006141.1	lncRNA	0	0	0	0.0000	0.0000	0.0000
ENSG00000264897.1	MIR3921	miRNA	0	0	0	0.0000	0.0000	0.0000
ENSG00000264901.1	MIR3616	miRNA	0	0	0	0.0000	0.0000	0.0000
ENSG00000264902.1	MIR5701-3	miRNA	0	0	0	0.0000	0.0000	0.0000
ENSG00000264906.1	MIR4494	miRNA	1	0	1	1.0110	0.2961	0.2851
ENSG00000264907.1	PRELID3BP3	processed_pseudogene	0	0	0	0.0000	0.0000	0.0000
ENSG00000264910.2	RN7SL525P	misc_RNA	0	0	0	0.0000	0.0000	0.0000
ENSG00000264911.1	AC022069.1	processed_pseudogene	0	0	0	0.0000	0.0000	0.0000
ENSG00000264914.1	AC015845.1	lncRNA	0	0	0	0.0000	0.0000	0.0000
ENSG00000264916.2	RN7SL230P	misc_RNA	0	0	0	0.0000	0.0000	0.0000
ENSG00000264920.2	AC018521.5	lncRNA	159	81	79	3.1313	0.9172	0.8832
ENSG00000264922.1	MIR4540	miRNA	0	0	0	0.0000	0.0000	0.0000
ENSG00000264924.1	AC090772.1	lncRNA	0	0	0	0.0000	0.0000	0.0000
ENSG00000264926.1	MIR378F	miRNA	0	0	0	0.0000	0.0000	0.0000
ENSG00000264930.1	AC131055.1	processed_pseudogene	0	0	0	0.0000	0.0000	0.0000
ENSG00000264931.1	MIR3138	miRNA	1	0	1	1.0356	0.3033	0.2921
ENSG00000264932.3	AC115989.1	lncRNA	0	0	0	0.0000	0.0000	0.0000
ENSG00000264933.2	RN7SL190P	misc_RNA	0	0	1	0.0000	0.0000	0.0000
ENSG00000264934.1	MIR4265	miRNA	0	0	0	0.0000	0.0000	0.0000
ENSG00000264937.1	AC100830.2	lncRNA	3	1	2	1.0615	0.3109	0.2994
ENSG00000264940.5	SNORD3C	snoRNA	2	2	1	0.2923	0.0856	0.0825
ENSG00000264941.1	MIR4474	miRNA	0	0	0	0.0000	0.0000	0.0000
ENSG00000264943.1	SH3GL1P2	processed_pseudogene	7	2	5	0.5494	0.1609	0.1550
ENSG00000264947.1	MIR3181	miRNA	0	0	0	0.0000	0.0000	0.0000
ENSG00000264954.2	PRR29-AS1	lncRNA	1	1	0	0.0237	0.0070	0.0067
ENSG00000264956.2	AC138761.1	lncRNA	0	0	0	0.0000	0.0000	0.0000
ENSG00000264958.2	ALOX12P1	unprocessed_pseudogene	0	0	0	0.0000	0.0000	0.0000
ENSG00000264961.1	MIR4730	miRNA	0	0	0	0.0000	0.0000	0.0000
ENSG00000264963.2	RN7SL440P	misc_RNA	0	0	0	0.0000	0.0000	0.0000
ENSG00000264964.2	AP001033.1	lncRNA	3	2	1	0.0495	0.0145	0.0140
ENSG00000264966.1	MIR5094	miRNA	0	0	0	0.0000	0.0000	0.0000
ENSG00000264968.1	AC090844.2	lncRNA	4	3	1	0.3520	0.1031	0.0993
ENSG00000264970.2	AC131274.3	transcribed_processed_pseudogene	0	0	0	0.0000	0.0000	0.0000
ENSG00000264971.1	PRR13P4	processed_pseudogene	0	0	0	0.0000	0.0000	0.0000
ENSG00000264974.1	MIR4789	miRNA	0	0	0	0.0000	0.0000	0.0000
ENSG00000264975.1	MIR4431	miRNA	0	0	0	0.0000	0.0000	0.0000
ENSG00000264978.2	RN7SL630P	misc_RNA	0	0	0	0.0000	0.0000	0.0000
ENSG00000264979.1	MIR4436B1	miRNA	0	0	0	0.0000	0.0000	0.0000
ENSG00000264982.1	AC015563.2	lncRNA	0	61	84	0.0000	0.0000	0.0000
ENSG00000264984.1	MIR5691	miRNA	0	0	0	0.0000	0.0000	0.0000
ENSG00000264985.4	AC124804.1	lncRNA	0	0	0	0.0000	0.0000	0.0000
ENSG00000264986.1	MIR5092	miRNA	0	0	0	0.0000	0.0000	0.0000
ENSG00000264990.1	AC005549.1	lncRNA	0	0	0	0.0000	0.0000	0.0000
ENSG00000264994.1	SNORD92	snoRNA	0	0	0	0.0000	0.0000	0.0000
ENSG00000264997.1	SNORD39	snoRNA	0	0	0	0.0000	0.0000	0.0000
ENSG00000264999.1	MIR5089	miRNA	0	0	0	0.0000	0.0000	0.0000
ENSG00000265000.1	MARCHF10-DT	lncRNA	0	0	0	0.0000	0.0000	0.0000
ENSG00000265003.1	MIR4780	miRNA	0	0	0	0.0000	0.0000	0.0000
ENSG00000265005.1	MIR548W	miRNA	0	0	0	0.0000	0.0000	0.0000
ENSG00000265007.1	MIR4327	miRNA	0	0	0	0.0000	0.0000	0.0000
ENSG00000265008.1	AC011825.4	lncRNA	1	12	14	0.1795	0.0526	0.0506
ENSG00000265010.1	AC087301.1	lncRNA	2	1	1	0.5291	0.1550	0.1492
ENSG00000265014.1	MIR3160-1	miRNA	0	0	0	0.0000	0.0000	0.0000
ENSG00000265015.1	AP005901.3	transcribed_processed_pseudogene	0	0	0	0.0000	0.0000	0.0000
ENSG00000265018.6	AGAP12P	transcribed_unprocessed_pseudogene	4	1	3	0.1415	0.0415	0.0399
ENSG00000265019.1	NCOR1P2	unprocessed_pseudogene	0	0	0	0.0000	0.0000	0.0000
ENSG00000265028.1	AC012087.1	miRNA	0	0	0	0.0000	0.0000	0.0000
ENSG00000265031.1	AC234063.1	miRNA	0	0	0	0.0000	0.0000	0.0000
ENSG00000265033.2	RN7SL262P	misc_RNA	0	0	0	0.0000	0.0000	0.0000
ENSG00000265038.1	PMM2P1	processed_pseudogene	0	0	0	0.0000	0.0000	0.0000
ENSG00000265041.1	AC015688.3	unprocessed_pseudogene	0	0	0	0.0000	0.0000	0.0000
ENSG00000265043.1	AC068418.2	lncRNA	2	2	3	0.0459	0.0134	0.0129
ENSG00000265046.1	AC004253.2	lncRNA	0	0	0	0.0000	0.0000	0.0000
ENSG00000265052.2	RN7SL622P	misc_RNA	0	0	0	0.0000	0.0000	0.0000
ENSG00000265055.2	AC145343.1	lncRNA	5	4	1	0.3081	0.0903	0.0869
ENSG00000265056.1	MIR548S	miRNA	0	0	0	0.0000	0.0000	0.0000
ENSG00000265057.1	MIR4765	miRNA	0	0	0	0.0000	0.0000	0.0000
ENSG00000265060.2	PPY2P	transcribed_unprocessed_pseudogene	0	0	0	0.0000	0.0000	0.0000
ENSG00000265061.1	AC061709.1	miRNA	0	0	0	0.0000	0.0000	0.0000
ENSG00000265064.1	MIR4692	miRNA	0	0	0	0.0000	0.0000	0.0000
ENSG00000265069.1	AP002409.1	lncRNA	0	118	99	0.0000	0.0000	0.0000
ENSG00000265073.1	AC010761.2	lncRNA	0	26	31	0.0000	0.0000	0.0000
ENSG00000265075.1	MIR3622B	miRNA	0	0	0	0.0000	0.0000	0.0000
ENSG00000265078.2	RN7SL664P	misc_RNA	1	1	0	0.2784	0.0816	0.0785
ENSG00000265083.1	MIR3691	miRNA	0	0	0	0.0000	0.0000	0.0000
ENSG00000265089.1	MIR4655	miRNA	0	0	0	0.0000	0.0000	0.0000
ENSG00000265091.5	AP001496.2	lncRNA	0	0	0	0.0000	0.0000	0.0000
ENSG00000265092.1	MIR4484	miRNA	0	0	0	0.0000	0.0000	0.0000
ENSG00000265093.2	RN7SL246P	misc_RNA	0	0	0	0.0000	0.0000	0.0000
ENSG00000265094.1	AC007922.2	lncRNA	0	0	0	0.0000	0.0000	0.0000
ENSG00000265095.1	FTLP12	processed_pseudogene	1	1	0	0.1891	0.0554	0.0533
ENSG00000265096.2	C1QTNF1-AS1	lncRNA	0	0	0	0.0000	0.0000	0.0000
ENSG00000265097.1	RBM22P1	processed_pseudogene	0	0	0	0.0000	0.0000	0.0000
ENSG00000265098.3	MIR4510	miRNA	0	0	0	0.0000	0.0000	0.0000
ENSG00000265099.1	AC090774.1	processed_pseudogene	0	0	0	0.0000	0.0000	0.0000
ENSG00000265100.1	AC005332.1	lncRNA	6	3	3	0.3889	0.1139	0.1097
ENSG00000265101.1	AC091027.1	lncRNA	0	0	0	0.0000	0.0000	0.0000
ENSG00000265102.1	MIR3942	miRNA	1	0	1	0.7791	0.2282	0.2197
ENSG00000265107.3	GJA5	protein_coding	126	98	129	3.2543	0.9532	0.9179
ENSG00000265110.1	MIR4731	miRNA	0	0	0	0.0000	0.0000	0.0000
ENSG00000265112.1	MIR3153	miRNA	0	0	0	0.0000	0.0000	0.0000
ENSG00000265113.1	AC026474.1	lncRNA	0	0	0	0.0000	0.0000	0.0000
ENSG00000265115.1	AC011824.1	lncRNA	0	0	0	0.0000	0.0000	0.0000
ENSG00000265118.5	AC134669.1	protein_coding	0	0	0	0.0000	0.0000	0.0000
ENSG00000265121.1	AC068594.1	lncRNA	0	0	0	0.0000	0.0000	0.0000
ENSG00000265123.2	RN7SL200P	misc_RNA	0	0	0	0.0000	0.0000	0.0000
ENSG00000265125.5	AC011824.2	lncRNA	0	0	0	0.0000	0.0000	0.0000
ENSG00000265126.1	AC004448.3	lncRNA	0	1	0	0.0000	0.0000	0.0000
ENSG00000265128.1	AC016866.2	lncRNA	1	1	0	0.1692	0.0496	0.0477
ENSG00000265134.1	MIR3190	miRNA	0	4	11	0.0000	0.0000	0.0000
ENSG00000265135.1	MIR5687	miRNA	0	0	0	0.0000	0.0000	0.0000
ENSG00000265136.1	AC124283.4	processed_pseudogene	2	2	0	0.3725	0.1091	0.1051
ENSG00000265137.3	MIR3192	miRNA	1	0	1	1.1029	0.3230	0.3111
ENSG00000265139.1	AC005899.3	lncRNA	0	10	5	0.0000	0.0000	0.0000
ENSG00000265140.1	MIR4301	miRNA	0	0	0	0.0000	0.0000	0.0000
ENSG00000265141.2	RN7SL451P	misc_RNA	0	0	0	0.0000	0.0000	0.0000
ENSG00000265142.9	MIR133A1HG	lncRNA	1	1	0	0.0146	0.0043	0.0041
ENSG00000265144.1	MIR548AM	miRNA	0	0	0	0.0000	0.0000	0.0000
ENSG00000265145.1	SNORD53	snoRNA	0	0	0	0.0000	0.0000	0.0000
ENSG00000265148.6	TSPOAP1-AS1	lncRNA	198	886	831	4.3392	1.2710	1.2239
ENSG00000265154.1	MIR151B	miRNA	0	0	0	0.0000	0.0000	0.0000
ENSG00000265158.1	LRRC37A7P	transcribed_processed_pseudogene	59	38	33	1.8160	0.5319	0.5122
ENSG00000265160.1	MIR5003	miRNA	0	0	0	0.0000	0.0000	0.0000
ENSG00000265163.1	CDRT8	lncRNA	0	0	0	0.0000	0.0000	0.0000
ENSG00000265164.1	MIR2681	miRNA	0	0	0	0.0000	0.0000	0.0000
ENSG00000265165.1	MIR4307	miRNA	0	0	0	0.0000	0.0000	0.0000
ENSG00000265168.1	AC005726.3	lncRNA	0	575	534	0.0000	0.0000	0.0000
ENSG00000265170.2	RN7SL667P	misc_RNA	0	0	0	0.0000	0.0000	0.0000
ENSG00000265172.1	MIR4262	miRNA	0	0	0	0.0000	0.0000	0.0000
ENSG00000265174.1	AP005202.1	lncRNA	0	0	0	0.0000	0.0000	0.0000
ENSG00000265176.1	MIR3202-1	miRNA	0	0	0	0.0000	0.0000	0.0000
ENSG00000265178.1	MIR4728	miRNA	0	0	0	0.0000	0.0000	0.0000
ENSG00000265179.7	AP000894.2	lncRNA	0	0	0	0.0000	0.0000	0.0000
ENSG00000265180.1	MIR4790	miRNA	0	0	0	0.0000	0.0000	0.0000
ENSG00000265181.1	MIR4674	miRNA	0	0	0	0.0000	0.0000	0.0000
ENSG00000265182.1	SRP72P1	processed_pseudogene	1	1	0	0.0485	0.0142	0.0137
ENSG00000265185.6	SNORD3B-1	snoRNA	3	2	1	0.3361	0.0984	0.0948
ENSG00000265188.1	AP001496.3	processed_pseudogene	0	19	18	0.0000	0.0000	0.0000
ENSG00000265190.7	ANXA8	protein_coding	0	0	0	0.0000	0.0000	0.0000
ENSG00000265193.1	MIR3923	miRNA	0	0	0	0.0000	0.0000	0.0000
ENSG00000265194.1	AL359922.2	lncRNA	5	73	80	0.1407	0.0412	0.0397
ENSG00000265195.1	MIR4312	miRNA	0	0	0	0.0000	0.0000	0.0000
ENSG00000265201.1	MIR4677	miRNA	0	0	0	0.0000	0.0000	0.0000
ENSG00000265203.2	RBP3	protein_coding	0	0	0	0.0000	0.0000	0.0000
ENSG00000265204.1	AC090772.2	lncRNA	0	0	0	0.0000	0.0000	0.0000
ENSG00000265205.1	AC010761.3	lncRNA	2	6	5	0.3404	0.0997	0.0960
ENSG00000265206.5	AC004687.1	lncRNA	48	22	26	2.5084	0.7348	0.7075
ENSG00000265210.1	MIR4486	miRNA	0	0	0	0.0000	0.0000	0.0000
ENSG00000265213.1	MIR3684	miRNA	0	0	0	0.0000	0.0000	0.0000
ENSG00000265214.1	MIR4283-2	miRNA	0	0	0	0.0000	0.0000	0.0000
ENSG00000265215.1	MIR4269	miRNA	0	0	0	0.0000	0.0000	0.0000
ENSG00000265217.2	AC090358.1	lncRNA	0	0	0	0.0000	0.0000	0.0000
ENSG00000265218.1	AC103810.2	lncRNA	3	2	3	0.1877	0.0550	0.0530
ENSG00000265222.1	AC079336.2	lncRNA	5	2	3	0.4580	0.1342	0.1292
ENSG00000265226.1	MIR548AI	miRNA	0	0	0	0.0000	0.0000	0.0000
ENSG00000265227.1	MIR4699	miRNA	0	0	0	0.0000	0.0000	0.0000
ENSG00000265233.1	ABBA01006766.1	processed_pseudogene	0	0	0	0.0000	0.0000	0.0000
ENSG00000265236.1	SNORD84	snoRNA	0	0	0	0.0000	0.0000	0.0000
ENSG00000265237.1	MIR3142	miRNA	0	0	0	0.0000	0.0000	0.0000
ENSG00000265240.1	AC114689.2	processed_pseudogene	0	0	0	0.0000	0.0000	0.0000
ENSG00000265241.7	RBM8A	protein_coding	2022	1949	1770	30.9721	9.0722	8.7359
ENSG00000265243.1	IGLJCOR18	IG_C_pseudogene	0	0	0	0.0000	0.0000	0.0000
ENSG00000265246.1	AC129926.1	lncRNA	0	0	0	0.0000	0.0000	0.0000
ENSG00000265247.1	MIR4472-1	miRNA	0	0	0	0.0000	0.0000	0.0000
ENSG00000265251.1	MIR4288	miRNA	0	0	0	0.0000	0.0000	0.0000
ENSG00000265252.1	MIR3132	miRNA	0	0	1	0.0000	0.0000	0.0000
ENSG00000265253.1	MIR4446	miRNA	0	0	0	0.0000	0.0000	0.0000
ENSG00000265254.1	AC015917.2	lncRNA	0	71	57	0.0000	0.0000	0.0000
ENSG00000265257.5	AP005263.1	lncRNA	0	0	0	0.0000	0.0000	0.0000
ENSG00000265258.1	MIR4686	miRNA	0	0	0	0.0000	0.0000	0.0000
ENSG00000265260.2	RN7SL74P	misc_RNA	0	0	0	0.0000	0.0000	0.0000
ENSG00000265261.1	AC027575.1	processed_pseudogene	0	0	0	0.0000	0.0000	0.0000
ENSG00000265262.1	TRMT112P3	transcribed_processed_pseudogene	0	0	0	0.0000	0.0000	0.0000
ENSG00000265265.1	AC233702.5	lncRNA	0	0	0	0.0000	0.0000	0.0000
ENSG00000265272.2	RN7SL693P	misc_RNA	0	0	0	0.0000	0.0000	0.0000
ENSG00000265273.1	PGDP1	processed_pseudogene	0	0	0	0.0000	0.0000	0.0000
ENSG00000265279.1	CLUHP6	processed_pseudogene	1	0	1	0.0902	0.0264	0.0255
ENSG00000265281.1	MIR3935	miRNA	0	0	0	0.0000	0.0000	0.0000
ENSG00000265282.1	AC005828.4	lncRNA	0	0	0	0.0000	0.0000	0.0000
ENSG00000265284.1	MIR4770	miRNA	0	0	0	0.0000	0.0000	0.0000
ENSG00000265287.2	AC005726.4	lncRNA	0	16	17	0.0000	0.0000	0.0000
ENSG00000265289.1	AC104996.1	lncRNA	1	2	1	0.1437	0.0421	0.0405
ENSG00000265291.1	MIR4710	miRNA	0	0	0	0.0000	0.0000	0.0000
ENSG00000265293.2	ARGFXP2	processed_pseudogene	0	0	0	0.0000	0.0000	0.0000
ENSG00000265296.1	FEM1AP2	processed_pseudogene	0	0	0	0.0000	0.0000	0.0000
ENSG00000265298.1	AC132812.1	unprocessed_pseudogene	22	20	21	2.0945	0.6135	0.5908
ENSG00000265301.1	MIR548AD	miRNA	0	0	0	0.0000	0.0000	0.0000
ENSG00000265303.1	AC099850.2	protein_coding	0	0	0	0.0000	0.0000	0.0000
ENSG00000265304.1	MIR3650	miRNA	0	0	1	0.0000	0.0000	0.0000
ENSG00000265306.1	MIR3195	miRNA	0	0	0	0.0000	0.0000	0.0000
ENSG00000265313.7	LINC01476	lncRNA	0	0	0	0.0000	0.0000	0.0000
ENSG00000265315.1	RN7SL199P	misc_RNA	0	0	0	0.0000	0.0000	0.0000
ENSG00000265316.1	AP005059.2	lncRNA	0	0	0	0.0000	0.0000	0.0000
ENSG00000265319.2	RN7SL847P	misc_RNA	0	0	0	0.0000	0.0000	0.0000
ENSG00000265321.1	MIR4263	miRNA	9	6	3	9.2082	2.6972	2.5972
ENSG00000265322.1	MIR3118-2	miRNA	0	0	0	0.0000	0.0000	0.0000
ENSG00000265327.2	RN7SL411P	misc_RNA	0	0	0	0.0000	0.0000	0.0000
ENSG00000265328.1	MIR548AB	miRNA	0	0	0	0.0000	0.0000	0.0000
ENSG00000265331.1	MIR4524B	miRNA	0	0	0	0.0000	0.0000	0.0000
ENSG00000265333.1	MIR3137	miRNA	0	0	0	0.0000	0.0000	0.0000
ENSG00000265334.1	AC130324.2	lncRNA	0	5	3	0.0000	0.0000	0.0000
ENSG00000265337.1	AC079336.3	lncRNA	0	0	0	0.0000	0.0000	0.0000
ENSG00000265340.1	OR4K7P	unprocessed_pseudogene	0	0	0	0.0000	0.0000	0.0000
ENSG00000265342.1	AC011933.3	lncRNA	4	1	3	0.9131	0.2675	0.2576
ENSG00000265345.1	MIR5188	miRNA	0	0	0	0.0000	0.0000	0.0000
ENSG00000265347.1	MIR4291	miRNA	0	0	0	0.0000	0.0000	0.0000
ENSG00000265349.1	AC118755.2	lncRNA	0	0	1	0.0000	0.0000	0.0000
ENSG00000265352.1	LINC01899	lncRNA	0	0	0	0.0000	0.0000	0.0000
ENSG00000265354.4	TIMM23	protein_coding	2244	1125	1121	160.1357	46.9063	45.1672
ENSG00000265355.1	MIR3136	miRNA	0	0	1	0.0000	0.0000	0.0000
ENSG00000265356.2	AC004147.4	lncRNA	0	0	0	0.0000	0.0000	0.0000
ENSG00000265357.1	MIR4493	miRNA	0	0	0	0.0000	0.0000	0.0000
ENSG00000265359.1	AC004231.4	lncRNA	0	4	2	0.0000	0.0000	0.0000
ENSG00000265366.6	GLUD1P2	transcribed_unprocessed_pseudogene	2	1	1	0.2539	0.0744	0.0716
ENSG00000265368.1	MIR4476	miRNA	0	0	0	0.0000	0.0000	0.0000
ENSG00000265369.3	PCAT18	lncRNA	0	0	0	0.0000	0.0000	0.0000
ENSG00000265370.1	MIR4682	miRNA	0	0	0	0.0000	0.0000	0.0000
ENSG00000265372.1	MIR4675	miRNA	0	0	0	0.0000	0.0000	0.0000
ENSG00000265373.2	MIR3180-2	miRNA	0	0	0	0.0000	0.0000	0.0000
ENSG00000265374.1	LINC01908	lncRNA	0	0	0	0.0000	0.0000	0.0000
ENSG00000265375.1	MIR4679-2	miRNA	0	0	0	0.0000	0.0000	0.0000
ENSG00000265376.1	MIR466	miRNA	0	0	0	0.0000	0.0000	0.0000
ENSG00000265378.1	AC012572.1	lncRNA	0	0	0	0.0000	0.0000	0.0000
ENSG00000265380.1	AC079070.1	lncRNA	0	0	0	0.0000	0.0000	0.0000
ENSG00000265386.2	RN7SL219P	misc_RNA	3	2	1	0.8607	0.2521	0.2428
ENSG00000265388.2	RN7SL391P	misc_RNA	0	0	0	0.0000	0.0000	0.0000
ENSG00000265390.1	MIR4999	miRNA	0	0	0	0.0000	0.0000	0.0000
ENSG00000265392.1	MIR4252	miRNA	0	0	0	0.0000	0.0000	0.0000
ENSG00000265393.1	AC084125.4	lncRNA	0	63	56	0.0000	0.0000	0.0000
ENSG00000265394.1	AC104984.2	lncRNA	0	0	0	0.0000	0.0000	0.0000
ENSG00000265395.1	MIR3944	miRNA	0	0	0	0.0000	0.0000	0.0000
ENSG00000265396.1	MIR3128	miRNA	0	0	0	0.0000	0.0000	0.0000
ENSG00000265399.1	AP005329.2	lncRNA	6	9	13	0.2877	0.0843	0.0811
ENSG00000265400.1	AC005244.2	lncRNA	0	0	0	0.0000	0.0000	0.0000
ENSG00000265401.1	AC093484.3	lncRNA	0	18046	18377	0.0000	0.0000	0.0000
ENSG00000265402.1	RSL24D1P9	processed_pseudogene	0	0	0	0.0000	0.0000	0.0000
ENSG00000265407.1	MIR4324	miRNA	0	0	0	0.0000	0.0000	0.0000
ENSG00000265408.1	AC009084.1	lncRNA	0	0	0	0.0000	0.0000	0.0000
ENSG00000265411.1	RN7SL656P	misc_RNA	0	0	0	0.0000	0.0000	0.0000
ENSG00000265413.1	AP001094.2	lncRNA	6	2	4	0.2201	0.0645	0.0621
ENSG00000265415.1	AC099850.3	lncRNA	0	127	107	0.0000	0.0000	0.0000
ENSG00000265417.1	AP005119.2	processed_pseudogene	3	1	2	0.2306	0.0675	0.0650
ENSG00000265418.1	MIR4261	miRNA	0	0	0	0.0000	0.0000	0.0000
ENSG00000265420.1	MIR4779	miRNA	0	0	0	0.0000	0.0000	0.0000
ENSG00000265421.1	AC016601.1	miRNA	0	0	0	0.0000	0.0000	0.0000
ENSG00000265422.1	MIR4684	miRNA	0	0	0	0.0000	0.0000	0.0000
ENSG00000265423.1	MIR4652	miRNA	0	0	0	0.0000	0.0000	0.0000
ENSG00000265425.1	AC005909.1	lncRNA	0	0	0	0.0000	0.0000	0.0000
ENSG00000265428.1	AC006441.2	processed_pseudogene	0	0	0	0.0000	0.0000	0.0000
ENSG00000265429.3	MIR4782	miRNA	1	1	0	1.0749	0.3149	0.3032
ENSG00000265432.1	MIR4308	miRNA	0	0	0	0.0000	0.0000	0.0000
ENSG00000265433.1	MIR4447	miRNA	0	0	0	0.0000	0.0000	0.0000
ENSG00000265435.1	MIR3121	miRNA	0	0	0	0.0000	0.0000	0.0000
ENSG00000265437.1	AP005212.1	processed_pseudogene	1	1	0	0.1665	0.0488	0.0470
ENSG00000265439.2	RN7SL811P	misc_RNA	0	0	0	0.0000	0.0000	0.0000
ENSG00000265442.1	MIR3941	miRNA	0	0	0	0.0000	0.0000	0.0000
ENSG00000265443.1	AC127024.3	lncRNA	2	0	2	0.3692	0.1082	0.1041
ENSG00000265444.1	MIR4733	miRNA	0	0	0	0.0000	0.0000	0.0000
ENSG00000265445.1	AC005703.2	lncRNA	0	0	0	0.0000	0.0000	0.0000
ENSG00000265450.1	MIR4502	miRNA	0	0	0	0.0000	0.0000	0.0000
ENSG00000265451.1	AC012447.1	lncRNA	4	4	3	0.4981	0.1459	0.1405
ENSG00000265452.1	MIR3682	miRNA	2	1	1	2.0219	0.5923	0.5703
ENSG00000265453.1	AC026254.1	processed_pseudogene	0	0	0	0.0000	0.0000	0.0000
ENSG00000265456.1	MIR3672	miRNA	0	0	0	0.0000	0.0000	0.0000
ENSG00000265458.2	AC132938.3	lncRNA	75	56	38	5.8059	1.7006	1.6376
ENSG00000265460.6	AC015910.1	transcribed_processed_pseudogene	1	1	0	0.0656	0.0192	0.0185
ENSG00000265462.1	MIR3680-1	miRNA	0	0	0	0.0000	0.0000	0.0000
ENSG00000265465.1	MIR4768	miRNA	1	0	1	1.1476	0.3361	0.3237
ENSG00000265469.1	POLR3KP2	processed_pseudogene	1	1	0	0.2613	0.0765	0.0737
ENSG00000265470.1	MIR548AQ	miRNA	0	0	0	0.0000	0.0000	0.0000
ENSG00000265472.1	FAM32DP	processed_pseudogene	0	0	0	0.0000	0.0000	0.0000
ENSG00000265474.1	AC010761.4	lncRNA	3	75	76	0.4890	0.1432	0.1379
ENSG00000265477.1	AP000915.2	lncRNA	0	0	0	0.0000	0.0000	0.0000
ENSG00000265478.2	AC107982.3	lncRNA	9	4	5	0.7759	0.2273	0.2189
ENSG00000265479.7	DTX2P1-UPK3BP1-PMS2P11	lncRNA	1	2	1	0.0159	0.0047	0.0045
ENSG00000265480.5	KRT18P55	transcribed_unprocessed_pseudogene	0	0	0	0.0000	0.0000	0.0000
ENSG00000265483.1	MIR4443	miRNA	0	0	0	0.0000	0.0000	0.0000
ENSG00000265484.2	AC091691.2	lncRNA	0	0	0	0.0000	0.0000	0.0000
ENSG00000265485.7	LINC01915	lncRNA	2	1	1	0.0164	0.0048	0.0046
ENSG00000265486.2	RN7SL518P	misc_RNA	0	0	0	0.0000	0.0000	0.0000
ENSG00000265487.1	AP001021.2	lncRNA	0	1	1	0.0000	0.0000	0.0000
ENSG00000265489.1	AC005358.1	lncRNA	0	0	0	0.0000	0.0000	0.0000
ENSG00000265490.1	AP001178.2	lncRNA	0	8	11	0.0000	0.0000	0.0000
ENSG00000265491.5	RNF115	protein_coding	2235	1146	1114	17.1622	5.0271	4.8407
ENSG00000265494.1	AC005304.2	lncRNA	36	16	20	1.5425	0.4518	0.4351
ENSG00000265496.5	AC100778.3	lncRNA	1	26	24	0.1459	0.0427	0.0412
ENSG00000265499.1	MIR3156-2	miRNA	0	0	0	0.0000	0.0000	0.0000
ENSG00000265503.1	MIR1269B	miRNA	0	0	0	0.0000	0.0000	0.0000
ENSG00000265507.1	MIR4435-1	miRNA	0	0	0	0.0000	0.0000	0.0000
ENSG00000265510.1	MIR4436A	miRNA	0	0	0	0.0000	0.0000	0.0000
ENSG00000265511.1	AC020558.2	lncRNA	4	2	2	0.4273	0.1252	0.1205
ENSG00000265514.2	LINC01892	lncRNA	0	0	0	0.0000	0.0000	0.0000
ENSG00000265519.1	AC015922.2	lncRNA	173	83	95	42.3379	12.4014	11.9416
ENSG00000265520.1	MIR548V	miRNA	0	0	0	0.0000	0.0000	0.0000
ENSG00000265521.1	MIR5697	miRNA	0	0	0	0.0000	0.0000	0.0000
ENSG00000265526.1	MIR4304	miRNA	0	0	0	0.0000	0.0000	0.0000
ENSG00000265527.1	MIR5690	miRNA	0	0	0	0.0000	0.0000	0.0000
ENSG00000265531.3	FCGR1CP	unprocessed_pseudogene	21	14	7	1.5824	0.4635	0.4463
ENSG00000265533.1	AC114689.3	lncRNA	0	0	2	0.0000	0.0000	0.0000
ENSG00000265535.2	RN7SL475P	misc_RNA	0	0	0	0.0000	0.0000	0.0000
ENSG00000265537.1	MIR3180-1	miRNA	0	0	0	0.0000	0.0000	0.0000
ENSG00000265538.1	MIR4421	miRNA	0	0	0	0.0000	0.0000	0.0000
ENSG00000265539.1	MIR3164	miRNA	0	0	0	0.0000	0.0000	0.0000
ENSG00000265541.1	H3P41	unprocessed_pseudogene	0	0	0	0.0000	0.0000	0.0000
ENSG00000265542.5	AC015845.2	lncRNA	3	0	3	0.4163	0.1219	0.1174
ENSG00000265544.1	AA06	lncRNA	0	0	0	0.0000	0.0000	0.0000
ENSG00000265545.1	ELOCP27	processed_pseudogene	0	0	0	0.0000	0.0000	0.0000
ENSG00000265547.1	AC217774.1	lncRNA	0	0	0	0.0000	0.0000	0.0000
ENSG00000265552.1	AC104961.1	lncRNA	0	0	0	0.0000	0.0000	0.0000
ENSG00000265554.2	AP005271.1	lncRNA	0	0	0	0.0000	0.0000	0.0000
ENSG00000265555.1	LINC01903	lncRNA	0	0	0	0.0000	0.0000	0.0000
ENSG00000265558.1	MIR3918	miRNA	0	3	5	0.0000	0.0000	0.0000
ENSG00000265559.2	RN7SL652P	misc_RNA	1	1	0	0.2831	0.0829	0.0798
ENSG00000265561.2	MIR1268B	miRNA	0	0	0	0.0000	0.0000	0.0000
ENSG00000265564.1	PIGPP4	processed_pseudogene	0	0	0	0.0000	0.0000	0.0000
ENSG00000265565.1	MIR3143	miRNA	0	0	0	0.0000	0.0000	0.0000
ENSG00000265566.2	RN7SL605P	misc_RNA	0	0	0	0.0000	0.0000	0.0000
ENSG00000265574.1	WDR45BP1	processed_pseudogene	1	1	0	0.0825	0.0242	0.0233
ENSG00000265579.1	AC023301.1	lncRNA	0	0	0	0.0000	0.0000	0.0000
ENSG00000265584.1	MIR3978	miRNA	0	0	0	0.0000	0.0000	0.0000
ENSG00000265588.1	MIR5708	miRNA	0	0	0	0.0000	0.0000	0.0000
ENSG00000265590.10	CFAP298-TCP10L	protein_coding	40	19	25	0.1758	0.0515	0.0496
ENSG00000265593.1	NPM1P45	processed_pseudogene	0	0	0	0.0000	0.0000	0.0000
ENSG00000265595.1	MIR4756	miRNA	0	0	0	0.0000	0.0000	0.0000
ENSG00000265596.1	MIR3659	miRNA	0	0	0	0.0000	0.0000	0.0000
ENSG00000265598.1	MIR5707	miRNA	0	0	0	0.0000	0.0000	0.0000
ENSG00000265599.1	MIR4471	miRNA	0	0	0	0.0000	0.0000	0.0000
ENSG00000265606.1	MIR4695	miRNA	0	0	0	0.0000	0.0000	0.0000
ENSG00000265612.1	MIR4539	miRNA	4	3	1	5.6614	1.6583	1.5968
ENSG00000265614.1	AC011193.2	processed_pseudogene	0	0	0	0.0000	0.0000	0.0000
ENSG00000265617.1	MIR548AG2	miRNA	0	0	0	0.0000	0.0000	0.0000
ENSG00000265618.1	AC002094.2	lncRNA	0	316	328	0.0000	0.0000	0.0000
ENSG00000265623.1	MIR3139	miRNA	0	0	0	0.0000	0.0000	0.0000
ENSG00000265625.1	AC104564.5	lncRNA	3	1	2	0.2422	0.0709	0.0683
ENSG00000265626.1	AC139085.1	processed_pseudogene	0	0	0	0.0000	0.0000	0.0000
ENSG00000265630.2	BX547991.1	unprocessed_pseudogene	2	1	1	0.8367	0.2451	0.2360
ENSG00000265631.1	BNIP3P3	processed_pseudogene	0	0	0	0.0000	0.0000	0.0000
ENSG00000265635.1	MIR3612	miRNA	0	0	0	0.0000	0.0000	0.0000
ENSG00000265639.1	AC090415.1	processed_pseudogene	1	0	1	0.1003	0.0294	0.0283
ENSG00000265641.1	MIR3929	miRNA	0	0	0	0.0000	0.0000	0.0000
ENSG00000265643.1	AC119868.2	lncRNA	1	0	1	0.1966	0.0576	0.0554
ENSG00000265644.1	AC087399.1	lncRNA	0	0	0	0.0000	0.0000	0.0000
ENSG00000265646.2	TUFMP1	processed_pseudogene	1	1	0	0.0630	0.0185	0.0178
ENSG00000265648.2	RN7SL279P	misc_RNA	0	0	0	0.0000	0.0000	0.0000
ENSG00000265653.1	MIR548AK	miRNA	0	0	0	0.0000	0.0000	0.0000
ENSG00000265656.1	AC106037.3	lncRNA	0	1	0	0.0000	0.0000	0.0000
ENSG00000265657.1	MIR3151	miRNA	0	1	1	0.0000	0.0000	0.0000
ENSG00000265658.6	MIR3690	miRNA	5	3	2	5.6614	1.6583	1.5968
ENSG00000265658.6_PAR_Y	MIR3690	miRNA	0	0	0	0.0000	0.0000	0.0000
ENSG00000265660.1	MIR4664	miRNA	17	13	4	20.3331	5.9559	5.7351
ENSG00000265664.1	AC005544.2	lncRNA	0	0	0	0.0000	0.0000	0.0000
ENSG00000265666.1	RARA-AS1	lncRNA	26	36	25	1.2335	0.3613	0.3479
ENSG00000265669.1	MIR548AJ1	miRNA	0	0	0	0.0000	0.0000	0.0000
ENSG00000265670.1	AC016382.1	lncRNA	0	0	0	0.0000	0.0000	0.0000
ENSG00000265671.1	AP000894.3	lncRNA	0	0	0	0.0000	0.0000	0.0000
ENSG00000265673.1	MIR4508	miRNA	0	0	0	0.0000	0.0000	0.0000
ENSG00000265675.2	RN7SL708P	misc_RNA	0	0	0	0.0000	0.0000	0.0000
ENSG00000265678.1	AC129510.1	lncRNA	5	11	13	0.7650	0.2241	0.2158
ENSG00000265681.7	RPL17	protein_coding	31	16	20	1.0675	0.3127	0.3011
ENSG00000265682.1	MIR4267	miRNA	0	0	0	0.0000	0.0000	0.0000
ENSG00000265683.1	SYPL1P2	processed_pseudogene	8	5	5	0.9345	0.2737	0.2636
ENSG00000265684.2	RN7SL378P	misc_RNA	0	0	0	0.0000	0.0000	0.0000
ENSG00000265688.2	MAFG-DT	lncRNA	91	42	49	4.0780	1.1945	1.1502
ENSG00000265689.1	AC024614.2	lncRNA	0	0	0	0.0000	0.0000	0.0000
ENSG00000265690.7	AC074143.1	protein_coding	0	0	0	0.0000	0.0000	0.0000
ENSG00000265691.1	MIR4460	miRNA	0	0	0	0.0000	0.0000	0.0000
ENSG00000265692.1	LINC01970	lncRNA	0	0	0	0.0000	0.0000	0.0000
ENSG00000265693.1	AC026271.3	transcribed_processed_pseudogene	0	0	0	0.0000	0.0000	0.0000
ENSG00000265694.1	MIR4774	miRNA	0	0	0	0.0000	0.0000	0.0000
ENSG00000265697.1	AC011824.3	lncRNA	0	0	0	0.0000	0.0000	0.0000
ENSG00000265698.1	LARP7P3	processed_pseudogene	0	0	0	0.0000	0.0000	0.0000
ENSG00000265699.1	MIR548AE2	miRNA	0	0	0	0.0000	0.0000	0.0000
ENSG00000265702.2	AC005821.1	lncRNA	20	30	17	0.3493	0.1023	0.0985
ENSG00000265706.1	SNORD53B	snoRNA	2	1	1	2.1774	0.6378	0.6142
ENSG00000265712.1	AC027216.1	processed_pseudogene	0	0	0	0.0000	0.0000	0.0000
ENSG00000265713.1	AC023389.2	transcribed_processed_pseudogene	1	1	0	0.0889	0.0260	0.0251
ENSG00000265717.1	AC103808.3	lncRNA	0	0	0	0.0000	0.0000	0.0000
ENSG00000265719.1	MIR4681	miRNA	0	0	0	0.0000	0.0000	0.0000
ENSG00000265724.1	MIR4284	miRNA	1	0	1	1.0484	0.3071	0.2957
ENSG00000265725.1	MIR3144	miRNA	0	0	0	0.0000	0.0000	0.0000
ENSG00000265727.2	RN7SL648P	misc_RNA	2	0	2	0.5643	0.1653	0.1592
ENSG00000265728.1	AP001099.1	lncRNA	0	0	0	0.0000	0.0000	0.0000
ENSG00000265733.1	SNORA74C-1	snoRNA	0	0	0	0.0000	0.0000	0.0000
ENSG00000265734.1	MIR4438	miRNA	0	0	0	0.0000	0.0000	0.0000
ENSG00000265735.2	RN7SL5P	misc_RNA	2	1	1	0.5291	0.1550	0.1492
ENSG00000265737.1	AP006565.1	lncRNA	0	4	3	0.0000	0.0000	0.0000
ENSG00000265739.1	AC104984.3	lncRNA	0	0	0	0.0000	0.0000	0.0000
ENSG00000265740.2	RN7SL339P	misc_RNA	0	0	0	0.0000	0.0000	0.0000
ENSG00000265743.1	AC138207.5	lncRNA	38	17	21	7.8899	2.3111	2.2254
ENSG00000265744.1	MIR4427	miRNA	0	0	0	0.0000	0.0000	0.0000
ENSG00000265745.2	RN7SL375P	misc_RNA	0	0	0	0.0000	0.0000	0.0000
ENSG00000265746.1	KYNUP2	processed_pseudogene	0	0	0	0.0000	0.0000	0.0000
ENSG00000265749.6	AC135178.4	lncRNA	4	16	26	0.2413	0.0707	0.0680
ENSG00000265750.1	AC090772.3	lncRNA	11	48	33	1.2709	0.3723	0.3585
ENSG00000265751.1	AC015878.1	lncRNA	0	0	0	0.0000	0.0000	0.0000
ENSG00000265752.3	AC010754.1	lncRNA	2	0	2	0.0725	0.0212	0.0204
ENSG00000265753.2	RN7SL444P	misc_RNA	1	1	0	0.2831	0.0829	0.0798
ENSG00000265758.1	LINC01900	lncRNA	0	0	0	0.0000	0.0000	0.0000
ENSG00000265763.4	ZNF488	protein_coding	0	0	0	0.0000	0.0000	0.0000
ENSG00000265766.3	CXADRP3	transcribed_processed_pseudogene	0	0	0	0.0000	0.0000	0.0000
ENSG00000265768.1	MIR4506	miRNA	0	0	0	0.0000	0.0000	0.0000
ENSG00000265775.1	AC004147.5	lncRNA	0	0	0	0.0000	0.0000	0.0000
ENSG00000265776.1	MIR3670-3	miRNA	0	0	0	0.0000	0.0000	0.0000
ENSG00000265777.2	RN7SL624P	misc_RNA	0	0	0	0.0000	0.0000	0.0000
ENSG00000265778.3	AC018413.1	lncRNA	44	17	28	2.3739	0.6953	0.6696
ENSG00000265781.1	AC090415.2	lncRNA	0	0	0	0.0000	0.0000	0.0000
ENSG00000265784.1	AC006441.3	lncRNA	0	1448	1464	0.0000	0.0000	0.0000
ENSG00000265786.1	LINC01906	lncRNA	0	0	0	0.0000	0.0000	0.0000
ENSG00000265787.2	CYP4F35P	transcribed_unprocessed_pseudogene	0	0	0	0.0000	0.0000	0.0000
ENSG00000265788.2	NOS2P1	transcribed_unprocessed_pseudogene	0	0	0	0.0000	0.0000	0.0000
ENSG00000265789.1	MIR4330	miRNA	0	0	0	0.0000	0.0000	0.0000
ENSG00000265790.1	RNASEH1P1	processed_pseudogene	0	0	0	0.0000	0.0000	0.0000
ENSG00000265791.1	AC127024.4	lncRNA	6	5	1	1.6543	0.4846	0.4666
ENSG00000265793.1	MIR3118-4	miRNA	0	0	0	0.0000	0.0000	0.0000
ENSG00000265794.5	AC005899.4	lncRNA	0	0	0	0.0000	0.0000	0.0000
ENSG00000265798.6	AC138207.6	transcribed_unprocessed_pseudogene	7	4	4	0.2365	0.0693	0.0667
ENSG00000265799.1	AC090844.3	lncRNA	0	0	0	0.0000	0.0000	0.0000
ENSG00000265800.1	AC022211.3	lncRNA	1	0	1	0.2123	0.0622	0.0599
ENSG00000265801.1	AC069366.2	lncRNA	0	0	0	0.0000	0.0000	0.0000
ENSG00000265802.2	RN7SL49P	misc_RNA	0	0	0	0.0000	0.0000	0.0000
ENSG00000265806.1	MIR4292	miRNA	2	1	1	2.5349	0.7425	0.7150
ENSG00000265808.4	SEC22B	protein_coding	1861	919	942	17.4839	5.1213	4.9314
ENSG00000265810.1	MIR3907	miRNA	0	0	0	0.0000	0.0000	0.0000
ENSG00000265813.2	RN7SL300P	misc_RNA	0	0	0	0.0000	0.0000	0.0000
ENSG00000265814.2	RN7SL376P	misc_RNA	0	0	0	0.0000	0.0000	0.0000
ENSG00000265815.1	AC099677.5	miRNA	0	0	0	0.0000	0.0000	0.0000
ENSG00000265817.4	FSBP	protein_coding	130	62	68	1.4892	0.4362	0.4200
ENSG00000265818.1	EEF1E1-BLOC1S5	protein_coding	0	0	0	0.0000	0.0000	0.0000
ENSG00000265820.1	MIR3177	miRNA	0	0	0	0.0000	0.0000	0.0000
ENSG00000265822.1	MIR4422	miRNA	0	0	0	0.0000	0.0000	0.0000
ENSG00000265828.1	MIR3939	miRNA	0	0	0	0.0000	0.0000	0.0000
ENSG00000265829.1	MIR548AG1	miRNA	0	0	0	0.0000	0.0000	0.0000
ENSG00000265831.1	MIR3123	miRNA	0	0	0	0.0000	0.0000	0.0000
ENSG00000265833.1	AC130289.1	processed_pseudogene	0	0	0	0.0000	0.0000	0.0000
ENSG00000265836.1	CCND3P2	processed_pseudogene	0	0	0	0.0000	0.0000	0.0000
ENSG00000265840.1	AC010761.5	lncRNA	0	135	132	0.0000	0.0000	0.0000
ENSG00000265841.1	MIR548X	miRNA	0	0	0	0.0000	0.0000	0.0000
ENSG00000265843.3	LINC01029	lncRNA	1	0	1	0.0191	0.0056	0.0054
ENSG00000265844.1	AC100863.1	lncRNA	0	0	0	0.0000	0.0000	0.0000
ENSG00000265845.2	AC024267.4	lncRNA	0	1	2	0.0000	0.0000	0.0000
ENSG00000265846.1	MIR4276	miRNA	0	0	0	0.0000	0.0000	0.0000
ENSG00000265847.1	MIR4287	miRNA	0	0	0	0.0000	0.0000	0.0000
ENSG00000265848.1	MIR3689D1	miRNA	0	0	0	0.0000	0.0000	0.0000
ENSG00000265850.1	MIR4797	miRNA	0	0	0	0.0000	0.0000	0.0000
ENSG00000265853.1	AL353996.1	processed_pseudogene	0	0	0	0.0000	0.0000	0.0000
ENSG00000265855.1	MIR4514	miRNA	0	0	0	0.0000	0.0000	0.0000
ENSG00000265859.1	MIR5704	miRNA	0	0	0	0.0000	0.0000	0.0000
ENSG00000265861.1	MIR4495	miRNA	0	0	0	0.0000	0.0000	0.0000
ENSG00000265863.1	GPR160P2	processed_pseudogene	0	0	0	0.0000	0.0000	0.0000
ENSG00000265867.1	MIR4516	miRNA	0	0	0	0.0000	0.0000	0.0000
ENSG00000265871.1	MIR3174	miRNA	0	0	0	0.0000	0.0000	0.0000
ENSG00000265872.1	MIR3689A	miRNA	0	0	0	0.0000	0.0000	0.0000
ENSG00000265873.1	MIR4289	miRNA	0	0	0	0.0000	0.0000	0.0000
ENSG00000265874.1	MIR4489	miRNA	0	0	0	0.0000	0.0000	0.0000
ENSG00000265878.2	MIR3914-1	miRNA	0	0	0	0.0000	0.0000	0.0000
ENSG00000265879.1	MIR4748	miRNA	0	0	0	0.0000	0.0000	0.0000
ENSG00000265881.1	PDLIM1P2	processed_pseudogene	0	0	0	0.0000	0.0000	0.0000
ENSG00000265882.2	RN7SL73P	misc_RNA	0	0	0	0.0000	0.0000	0.0000
ENSG00000265883.1	AC060771.1	processed_pseudogene	1	1	0	0.5178	0.1517	0.1461
ENSG00000265885.2	RN7SL783P	misc_RNA	0	0	0	0.0000	0.0000	0.0000
ENSG00000265888.2	DSCAS	lncRNA	0	0	0	0.0000	0.0000	0.0000
ENSG00000265889.1	Y_RNA	misc_RNA	0	0	0	0.0000	0.0000	0.0000
ENSG00000265892.2	RN7SL311P	misc_RNA	0	0	0	0.0000	0.0000	0.0000
ENSG00000265894.2	RN7SL357P	misc_RNA	0	0	0	0.0000	0.0000	0.0000
ENSG00000265897.2	AC233263.1	processed_pseudogene	0	0	0	0.0000	0.0000	0.0000
ENSG00000265902.1	MIR4696	miRNA	0	0	0	0.0000	0.0000	0.0000
ENSG00000265905.2	RN7SL96P	misc_RNA	0	0	0	0.0000	0.0000	0.0000
ENSG00000265907.2	AP000919.1	lncRNA	1	24	19	0.0234	0.0068	0.0066
ENSG00000265908.1	AC024267.5	lncRNA	0	0	0	0.0000	0.0000	0.0000
ENSG00000265912.1	AC037487.1	lncRNA	6	0	6	0.2060	0.0603	0.0581
ENSG00000265916.1	AC015818.5	processed_pseudogene	0	0	0	0.0000	0.0000	0.0000
ENSG00000265917.1	MIR3685	miRNA	0	0	0	0.0000	0.0000	0.0000
ENSG00000265918.2	RN7SL543P	misc_RNA	0	0	0	0.0000	0.0000	0.0000
ENSG00000265919.1	MIR4280	miRNA	0	0	0	0.0000	0.0000	0.0000
ENSG00000265924.1	MIR5692C1	miRNA	0	0	0	0.0000	0.0000	0.0000
ENSG00000265927.1	AC125421.2	lncRNA	0	0	0	0.0000	0.0000	0.0000
ENSG00000265929.1	MIR5195	miRNA	1	0	1	0.7384	0.2163	0.2083
ENSG00000265932.1	MIR3146	miRNA	0	0	0	0.0000	0.0000	0.0000
ENSG00000265933.5	LINC00668	lncRNA	51	42	38	0.8900	0.2607	0.2510
ENSG00000265934.1	ARL2BPP1	processed_pseudogene	0	0	0	0.0000	0.0000	0.0000
ENSG00000265935.1	AC032019.2	lncRNA	0	0	0	0.0000	0.0000	0.0000
ENSG00000265936.1	AC091042.1	processed_pseudogene	2	0	2	0.9817	0.2876	0.2769
ENSG00000265939.1	UBE2CP2	processed_pseudogene	1	1	0	0.1665	0.0488	0.0470
ENSG00000265942.2	RN7SL577P	misc_RNA	0	0	0	0.0000	0.0000	0.0000
ENSG00000265943.1	AC090912.1	lncRNA	0	0	0	0.0000	0.0000	0.0000
ENSG00000265944.1	LINC01387	lncRNA	0	0	0	0.0000	0.0000	0.0000
ENSG00000265946.1	AC090312.2	processed_pseudogene	0	0	0	0.0000	0.0000	0.0000
ENSG00000265948.1	AC015878.2	lncRNA	0	0	0	0.0000	0.0000	0.0000
ENSG00000265954.1	MIR4749	miRNA	0	0	0	0.0000	0.0000	0.0000
ENSG00000265956.1	MIR4445	miRNA	0	0	0	0.0000	0.0000	0.0000
ENSG00000265957.1	MIR4319	miRNA	0	0	0	0.0000	0.0000	0.0000
ENSG00000265961.1	Y_RNA	misc_RNA	0	0	0	0.0000	0.0000	0.0000
ENSG00000265962.1	GACAT2	lncRNA	0	0	0	0.0000	0.0000	0.0000
ENSG00000265964.1	AC217774.2	lncRNA	0	0	0	0.0000	0.0000	0.0000
ENSG00000265965.1	MIR4266	miRNA	0	0	0	0.0000	0.0000	0.0000
ENSG00000265967.1	AC100830.3	lncRNA	0	0	6	0.0000	0.0000	0.0000
ENSG00000265971.1	AC005828.5	lncRNA	0	0	0	0.0000	0.0000	0.0000
ENSG00000265972.6	TXNIP	protein_coding	7835	3954	3881	184.6148	54.0766	52.0717
ENSG00000265973.1	AP006587.5	unprocessed_pseudogene	0	0	0	0.0000	0.0000	0.0000
ENSG00000265975.1	AC002091.1	lncRNA	15	8	7	2.2869	0.6699	0.6450
ENSG00000265976.1	MIR4725	miRNA	0	0	0	0.0000	0.0000	0.0000
ENSG00000265980.1	AC074237.1	lncRNA	0	0	0	0.0000	0.0000	0.0000
ENSG00000265981.1	MIR544B	miRNA	0	0	0	0.0000	0.0000	0.0000
ENSG00000265982.1	AC103810.3	unprocessed_pseudogene	3	1	2	2.6538	0.7773	0.7485
ENSG00000265984.1	AC022809.1	lncRNA	0	0	0	0.0000	0.0000	0.0000
ENSG00000265986.1	MIR4735	miRNA	0	0	0	0.0000	0.0000	0.0000
ENSG00000265987.1	AC011933.4	lncRNA	0	0	0	0.0000	0.0000	0.0000
ENSG00000265991.1	MIR4519	miRNA	0	1	0	0.0000	0.0000	0.0000
ENSG00000265992.1	ESRG	lncRNA	0	0	0	0.0000	0.0000	0.0000
ENSG00000265993.1	MIR5694	miRNA	0	0	0	0.0000	0.0000	0.0000
ENSG00000265994.2	AC090365.1	lncRNA	0	0	0	0.0000	0.0000	0.0000
ENSG00000265995.1	AC069114.1	lncRNA	0	0	0	0.0000	0.0000	0.0000
ENSG00000265996.1	MIR3671	miRNA	3	1	2	2.8950	0.8480	0.8166
ENSG00000266002.1	AC091059.1	lncRNA	0	20	17	0.0000	0.0000	0.0000
ENSG00000266003.1	AC109315.1	processed_pseudogene	0	0	0	0.0000	0.0000	0.0000
ENSG00000266006.1	MIR4488	miRNA	0	0	0	0.0000	0.0000	0.0000
ENSG00000266009.1	AC087393.3	transcribed_processed_pseudogene	0	0	0	0.0000	0.0000	0.0000
ENSG00000266010.2	GATA6-AS1	lncRNA	2	1	2	0.0535	0.0157	0.0151
ENSG00000266012.1	MIR4764	miRNA	0	0	0	0.0000	0.0000	0.0000
ENSG00000266013.1	LINC02079	lncRNA	0	0	0	0.0000	0.0000	0.0000
ENSG00000266014.2	AC103808.4	lncRNA	0	1	5	0.0000	0.0000	0.0000
ENSG00000266015.1	MIR4309	miRNA	0	0	0	0.0000	0.0000	0.0000
ENSG00000266016.3	MIR548Z	miRNA	0	0	0	0.0000	0.0000	0.0000
ENSG00000266017.1	MIR4477B	miRNA	5	1	4	5.2420	1.5355	1.4785
ENSG00000266019.1	MIR3609	miRNA	0	0	0	0.0000	0.0000	0.0000
ENSG00000266028.7	SRGAP2	protein_coding	6161	3126	3071	33.3777	9.7768	9.4144
ENSG00000266036.1	AC016888.1	lncRNA	0	62	54	0.0000	0.0000	0.0000
ENSG00000266038.1	MIR4659A	miRNA	0	0	0	0.0000	0.0000	0.0000
ENSG00000266039.1	MIR4509-2	miRNA	0	0	0	0.0000	0.0000	0.0000
ENSG00000266041.1	MIR4690	miRNA	0	0	0	0.0000	0.0000	0.0000
ENSG00000266042.1	AC015818.6	processed_pseudogene	0	0	0	0.0000	0.0000	0.0000
ENSG00000266043.1	MIR3649	miRNA	0	0	0	0.0000	0.0000	0.0000
ENSG00000266048.1	AC091178.1	processed_pseudogene	0	0	0	0.0000	0.0000	0.0000
ENSG00000266049.1	AP001011.1	lncRNA	0	11	14	0.0000	0.0000	0.0000
ENSG00000266050.3	AC233702.6	transcribed_processed_pseudogene	0	0	0	0.0000	0.0000	0.0000
ENSG00000266052.1	MIR4500	miRNA	0	0	0	0.0000	0.0000	0.0000
ENSG00000266053.2	NDUFV2-AS1	lncRNA	17	13	7	1.0081	0.2953	0.2844
ENSG00000266059.2	RN7SL140P	misc_RNA	0	0	0	0.0000	0.0000	0.0000
ENSG00000266063.1	MIR4771-2	miRNA	0	0	0	0.0000	0.0000	0.0000
ENSG00000266065.1	AP005202.2	lncRNA	0	0	0	0.0000	0.0000	0.0000
ENSG00000266066.1	POLRMTP1	processed_pseudogene	63	28	35	1.4586	0.4272	0.4114
ENSG00000266071.1	MIR3617	miRNA	0	0	0	0.0000	0.0000	0.0000
ENSG00000266072.1	MIR5693	miRNA	0	0	0	0.0000	0.0000	0.0000
ENSG00000266074.10	BAHCC1	protein_coding	1869	1040	966	11.7646	3.4460	3.3183
ENSG00000266075.2	RN7SL574P	misc_RNA	1	1	2	0.2859	0.0838	0.0806
ENSG00000266076.1	AC004805.1	protein_coding	0	0	0	0.0000	0.0000	0.0000
ENSG00000266078.1	MIR4432	miRNA	0	0	0	0.0000	0.0000	0.0000
ENSG00000266079.5	SNORA59B	snoRNA	0	0	0	0.0000	0.0000	0.0000
ENSG00000266086.3	AC015813.2	protein_coding	0	0	0	0.0000	0.0000	0.0000
ENSG00000266088.6	AC004585.1	lncRNA	33	20	13	2.1039	0.6163	0.5934
ENSG00000266094.8	RASSF5	protein_coding	1379	689	691	16.7893	4.9178	4.7355
ENSG00000266097.1	MIR5192	miRNA	1	0	1	0.9230	0.2704	0.2604
ENSG00000266099.1	MIR5700	miRNA	0	0	0	0.0000	0.0000	0.0000
ENSG00000266100.1	AC007431.2	lncRNA	0	0	0	0.0000	0.0000	0.0000
ENSG00000266101.1	AC004408.1	lncRNA	1	11	20	0.1482	0.0434	0.0418
ENSG00000266102.1	AP006219.1	lncRNA	0	0	0	0.0000	0.0000	0.0000
ENSG00000266104.1	MIR4326	miRNA	0	0	0	0.0000	0.0000	0.0000
ENSG00000266105.1	AC009831.2	processed_pseudogene	0	0	0	0.0000	0.0000	0.0000
ENSG00000266106.1	AC103809.1	lncRNA	1	0	2	0.1304	0.0382	0.0368
ENSG00000266107.1	MIR4525	miRNA	0	0	0	0.0000	0.0000	0.0000
ENSG00000266109.1	MIR4440	miRNA	0	0	0	0.0000	0.0000	0.0000
ENSG00000266110.1	MIR4423	miRNA	3	2	1	3.1845	0.9328	0.8982
ENSG00000266111.2	AC068025.2	lncRNA	1	1	0	0.2027	0.0594	0.0572
ENSG00000266114.1	AC015908.4	lncRNA	0	0	0	0.0000	0.0000	0.0000
ENSG00000266117.1	FBXO36P1	processed_pseudogene	0	0	0	0.0000	0.0000	0.0000
ENSG00000266120.1	AC104984.4	lncRNA	2	2	0	0.7582	0.2221	0.2139
ENSG00000266124.1	MIR5587	miRNA	0	0	0	0.0000	0.0000	0.0000
ENSG00000266126.1	AC005730.3	lncRNA	0	0	0	0.0000	0.0000	0.0000
ENSG00000266127.1	ZNF415P1	processed_pseudogene	0	0	0	0.0000	0.0000	0.0000
ENSG00000266128.2	RN7SL366P	misc_RNA	0	0	0	0.0000	0.0000	0.0000
ENSG00000266129.1	SRP68P1	processed_pseudogene	0	0	0	0.0000	0.0000	0.0000
ENSG00000266133.1	MIR4759	miRNA	0	0	0	0.0000	0.0000	0.0000
ENSG00000266139.2	MIR4435-2	miRNA	0	0	0	0.0000	0.0000	0.0000
ENSG00000266140.1	MIR4533	miRNA	0	0	0	0.0000	0.0000	0.0000
ENSG00000266144.1	MIR4654	miRNA	0	0	0	0.0000	0.0000	0.0000
ENSG00000266145.1	RHOT1P1	processed_pseudogene	0	0	0	0.0000	0.0000	0.0000
ENSG00000266146.1	MIR5190	miRNA	0	0	0	0.0000	0.0000	0.0000
ENSG00000266148.1	MIR5583-1	miRNA	0	0	0	0.0000	0.0000	0.0000
ENSG00000266149.1	AP001094.3	lncRNA	0	0	0	0.0000	0.0000	0.0000
ENSG00000266150.1	MIR4711	miRNA	0	0	0	0.0000	0.0000	0.0000
ENSG00000266151.1	MIR3646	miRNA	0	0	0	0.0000	0.0000	0.0000
ENSG00000266153.1	AP005380.1	lncRNA	0	0	0	0.0000	0.0000	0.0000
ENSG00000266155.2	AC103810.4	unprocessed_pseudogene	0	0	0	0.0000	0.0000	0.0000
ENSG00000266158.2	RN7SL785P	misc_RNA	0	0	0	0.0000	0.0000	0.0000
ENSG00000266160.2	RN7SL612P	misc_RNA	0	0	0	0.0000	0.0000	0.0000
ENSG00000266162.1	YWHAEP2	processed_pseudogene	0	0	0	0.0000	0.0000	0.0000
ENSG00000266166.2	RN7SL557P	misc_RNA	0	0	0	0.0000	0.0000	0.0000
ENSG00000266168.1	MIR3147	miRNA	0	0	0	0.0000	0.0000	0.0000
ENSG00000266171.1	AP001020.3	lncRNA	1	44	35	0.0495	0.0145	0.0140
ENSG00000266173.7	STRADA	protein_coding	93	45	48	0.7272	0.2130	0.2051
ENSG00000266174.1	MIR4666A	miRNA	0	0	0	0.0000	0.0000	0.0000
ENSG00000266179.2	AC025627.3	processed_pseudogene	0	0	0	0.0000	0.0000	0.0000
ENSG00000266180.1	MIR4282	miRNA	0	0	0	0.0000	0.0000	0.0000
ENSG00000266181.1	EIF4A3P1	processed_pseudogene	0	0	0	0.0000	0.0000	0.0000
ENSG00000266184.1	AC018371.2	processed_pseudogene	2	0	2	0.1860	0.0545	0.0525
ENSG00000266185.2	RN7SL804P	misc_RNA	0	0	0	0.0000	0.0000	0.0000
ENSG00000266187.2	RN7SL480P	misc_RNA	0	0	0	0.0000	0.0000	0.0000
ENSG00000266188.1	AC099677.6	miRNA	0	0	0	0.0000	0.0000	0.0000
ENSG00000266189.1	MIR3186	miRNA	0	0	0	0.0000	0.0000	0.0000
ENSG00000266190.1	AC090287.2	unprocessed_pseudogene	0	0	0	0.0000	0.0000	0.0000
ENSG00000266192.3	MIR1260B	miRNA	0	11	7	0.0000	0.0000	0.0000
ENSG00000266194.1	MIR4661	miRNA	0	0	0	0.0000	0.0000	0.0000
ENSG00000266195.2	RN7SL163P	misc_RNA	0	0	0	0.0000	0.0000	0.0000
ENSG00000266196.1	AC090506.1	lncRNA	0	0	0	0.0000	0.0000	0.0000
ENSG00000266200.6	PNLIPRP2	polymorphic_pseudogene	0	0	0	0.0000	0.0000	0.0000
ENSG00000266201.1	SS18L2P2	processed_pseudogene	0	0	0	0.0000	0.0000	0.0000
ENSG00000266202.1	AC005697.1	protein_coding	0	0	0	0.0000	0.0000	0.0000
ENSG00000266203.1	MIR5585	miRNA	0	0	0	0.0000	0.0000	0.0000
ENSG00000266204.1	MIR5589	miRNA	0	0	0	0.0000	0.0000	0.0000
ENSG00000266206.1	MIR3926-1	miRNA	0	0	0	0.0000	0.0000	0.0000
ENSG00000266208.1	AC080112.1	lncRNA	0	263	282	0.0000	0.0000	0.0000
ENSG00000266210.2	RN7SL371P	misc_RNA	0	0	0	0.0000	0.0000	0.0000
ENSG00000266211.1	MIR3156-3	miRNA	0	0	0	0.0000	0.0000	0.0000
ENSG00000266213.1	AC107892.1	lncRNA	0	0	0	0.0000	0.0000	0.0000
ENSG00000266215.1	MIR3167	miRNA	0	0	0	0.0000	0.0000	0.0000
ENSG00000266217.2	CTSLP2	unprocessed_pseudogene	0	0	0	0.0000	0.0000	0.0000
ENSG00000266222.1	AC036222.2	lncRNA	0	0	0	0.0000	0.0000	0.0000
ENSG00000266226.1	MIR4323	miRNA	0	0	0	0.0000	0.0000	0.0000
ENSG00000266227.1	NPM1P2	processed_pseudogene	0	0	0	0.0000	0.0000	0.0000
ENSG00000266228.1	MIR3611	miRNA	0	0	0	0.0000	0.0000	0.0000
ENSG00000266232.1	MIR3178	miRNA	0	0	0	0.0000	0.0000	0.0000
ENSG00000266235.1	MIR3176	miRNA	1	0	1	0.9436	0.2764	0.2661
ENSG00000266236.1	NARF-IT1	lncRNA	5	1	4	0.5521	0.1617	0.1557
ENSG00000266237.1	AC121320.1	lncRNA	0	0	0	0.0000	0.0000	0.0000
ENSG00000266240.1	MIR5091	miRNA	0	0	0	0.0000	0.0000	0.0000
ENSG00000266242.1	GRAMD4P7	processed_pseudogene	0	0	0	0.0000	0.0000	0.0000
ENSG00000266243.1	MIR4279	miRNA	0	0	0	0.0000	0.0000	0.0000
ENSG00000266245.1	MIR4644	miRNA	0	0	0	0.0000	0.0000	0.0000
ENSG00000266248.1	AC011474.2	lncRNA	0	0	0	0.0000	0.0000	0.0000
ENSG00000266251.1	COX6CP3	processed_pseudogene	0	0	0	0.0000	0.0000	0.0000
ENSG00000266255.1	MIR4475	miRNA	0	0	0	0.0000	0.0000	0.0000
ENSG00000266256.3	LINC00683	lncRNA	0	0	0	0.0000	0.0000	0.0000
ENSG00000266258.1	LINC01909	lncRNA	0	0	1	0.0000	0.0000	0.0000
ENSG00000266261.1	AC005324.4	lncRNA	0	10	2	0.0000	0.0000	0.0000
ENSG00000266262.1	MIR4428	miRNA	1	0	1	1.1633	0.3407	0.3281
ENSG00000266265.4	KLF14	protein_coding	187	85	102	4.5230	1.3248	1.2757
ENSG00000266268.5	AP005203.1	lncRNA	0	0	0	0.0000	0.0000	0.0000
ENSG00000266270.1	AC098818.3	miRNA	0	0	0	0.0000	0.0000	0.0000
ENSG00000266273.1	AC044873.1	lncRNA	0	0	0	0.0000	0.0000	0.0000
ENSG00000266274.2	RN7SL138P	misc_RNA	12	2	10	3.5507	1.0401	1.0015
ENSG00000266276.3	MIR4743	miRNA	0	0	0	0.0000	0.0000	0.0000
ENSG00000266278.1	LINC01910	lncRNA	0	0	0	0.0000	0.0000	0.0000
ENSG00000266279.1	AC135178.5	lncRNA	0	0	0	0.0000	0.0000	0.0000
ENSG00000266282.1	UBL5P2	processed_pseudogene	3	1	2	1.1633	0.3407	0.3281
ENSG00000266283.1	AC091588.3	lncRNA	0	5	6	0.0000	0.0000	0.0000
ENSG00000266287.1	MIR3683	miRNA	0	0	0	0.0000	0.0000	0.0000
ENSG00000266288.1	AP005671.1	lncRNA	0	0	0	0.0000	0.0000	0.0000
ENSG00000266289.1	AC012213.3	lncRNA	10	4	6	1.0929	0.3201	0.3083
ENSG00000266290.1	AC015813.3	lncRNA	1	1	0	0.0139	0.0041	0.0039
ENSG00000266291.1	MIR3180-3	miRNA	0	0	0	0.0000	0.0000	0.0000
ENSG00000266296.1	ARIH2P1	processed_pseudogene	0	0	0	0.0000	0.0000	0.0000
ENSG00000266297.1	MIR744	miRNA	1	1	0	0.8665	0.2538	0.2444
ENSG00000266299.1	MIR3118-1	miRNA	0	0	0	0.0000	0.0000	0.0000
ENSG00000266302.6	AC098850.3	protein_coding	0	0	0	0.0000	0.0000	0.0000
ENSG00000266304.1	LIVAR	lncRNA	0	1	0	0.0000	0.0000	0.0000
ENSG00000266305.1	MIR4518	miRNA	0	0	0	0.0000	0.0000	0.0000
ENSG00000266306.1	AC061975.5	unprocessed_pseudogene	0	0	0	0.0000	0.0000	0.0000
ENSG00000266307.1	MIR5093	miRNA	0	0	0	0.0000	0.0000	0.0000
ENSG00000266308.2	RN7SL510P	misc_RNA	0	0	0	0.0000	0.0000	0.0000
ENSG00000266311.6	AC007952.8	lncRNA	0	0	0	0.0000	0.0000	0.0000
ENSG00000266312.2	LINC01927	lncRNA	0	0	0	0.0000	0.0000	0.0000
ENSG00000266313.2	AC026254.2	lncRNA	9	5	6	0.7759	0.2273	0.2189
ENSG00000266315.1	MIR4668	miRNA	0	0	0	0.0000	0.0000	0.0000
ENSG00000266317.2	RN7SL703P	misc_RNA	0	0	0	0.0000	0.0000	0.0000
ENSG00000266318.1	MIR5692A1	miRNA	0	0	0	0.0000	0.0000	0.0000
ENSG00000266320.1	MIR3909	miRNA	0	0	0	0.0000	0.0000	0.0000
ENSG00000266321.1	MIR4293	miRNA	0	0	0	0.0000	0.0000	0.0000
ENSG00000266324.1	MIR4663	miRNA	0	0	0	0.0000	0.0000	0.0000
ENSG00000266325.1	MIR3665	miRNA	0	0	0	0.0000	0.0000	0.0000
ENSG00000266327.1	MIR4503	miRNA	0	0	0	0.0000	0.0000	0.0000
ENSG00000266328.3	MIR4536-2	miRNA	0	0	0	0.0000	0.0000	0.0000
ENSG00000266329.1	MIR4281	miRNA	0	0	0	0.0000	0.0000	0.0000
ENSG00000266335.1	AC016383.1	lncRNA	0	0	0	0.0000	0.0000	0.0000
ENSG00000266338.6	NBPF15	protein_coding	370	204	178	5.9217	1.7346	1.6703
ENSG00000266340.1	AC138207.7	lncRNA	1	1	0	0.1271	0.0372	0.0359
ENSG00000266341.1	AC004477.1	lncRNA	0	1225	1332	0.0000	0.0000	0.0000
ENSG00000266354.1	MIR4776-1	miRNA	0	0	0	0.0000	0.0000	0.0000
ENSG00000266356.1	AC090615.1	unprocessed_pseudogene	0	0	0	0.0000	0.0000	0.0000
ENSG00000266357.6	LINC02074	lncRNA	0	0	0	0.0000	0.0000	0.0000
ENSG00000266364.1	AC087499.7	transcribed_processed_pseudogene	0	0	0	0.0000	0.0000	0.0000
ENSG00000266365.1	AC053481.3	unprocessed_pseudogene	1	0	1	0.1007	0.0295	0.0284
ENSG00000266368.1	AC005410.2	lncRNA	2	1	1	0.3668	0.1074	0.1035
ENSG00000266369.1	AC090774.2	lncRNA	0	0	0	0.0000	0.0000	0.0000
ENSG00000266370.1	MIR3657	miRNA	0	0	0	0.0000	0.0000	0.0000
ENSG00000266371.1	AC079915.1	lncRNA	0	0	0	0.0000	0.0000	0.0000
ENSG00000266373.1	AP002472.1	processed_pseudogene	1	0	1	0.1449	0.0424	0.0409
ENSG00000266378.1	AC005224.2	lncRNA	3	1	2	0.1190	0.0349	0.0336
ENSG00000266379.6	AC090616.5	transcribed_unprocessed_pseudogene	0	0	0	0.0000	0.0000	0.0000
ENSG00000266383.1	MIR5002	miRNA	0	0	0	0.0000	0.0000	0.0000
ENSG00000266385.1	AC005899.5	lncRNA	2	0	2	0.3077	0.0901	0.0868
ENSG00000266389.1	AC002091.2	lncRNA	9	6	3	1.9012	0.5569	0.5362
ENSG00000266392.1	MIR4740	miRNA	1	1	0	1.3479	0.3948	0.3802
ENSG00000266396.1	MIR4273	miRNA	0	4	0	0.0000	0.0000	0.0000
ENSG00000266397.1	AP000919.2	lncRNA	0	0	0	0.0000	0.0000	0.0000
ENSG00000266401.2	AP002478.1	lncRNA	3	3	4	0.1447	0.0424	0.0408
ENSG00000266402.3	SNHG25	lncRNA	2	1	1	0.6109	0.1790	0.1723
ENSG00000266405.3	CBX3P2	transcribed_processed_pseudogene	3	2	1	0.1783	0.0522	0.0503
ENSG00000266407.1	MIR3157	miRNA	0	0	0	0.0000	0.0000	0.0000
ENSG00000266412.5	NCOA4	protein_coding	8313	4099	4216	173.0678	50.6943	48.8148
ENSG00000266415.1	MIR4636	miRNA	0	0	0	0.0000	0.0000	0.0000
ENSG00000266416.1	AC130289.2	processed_pseudogene	0	0	0	0.0000	0.0000	0.0000
ENSG00000266417.1	MIR4424	miRNA	0	0	0	0.0000	0.0000	0.0000
ENSG00000266420.2	RN7SL118P	misc_RNA	0	0	0	0.0000	0.0000	0.0000
ENSG00000266421.3	MIR4451	miRNA	0	0	0	0.0000	0.0000	0.0000
ENSG00000266423.1	MIR3163	miRNA	1	0	1	1.1633	0.3407	0.3281
ENSG00000266426.1	MIR4719	miRNA	0	0	0	0.0000	0.0000	0.0000
ENSG00000266431.1	MIR5580	miRNA	0	0	0	0.0000	0.0000	0.0000
ENSG00000266433.6	TBC1D3P5	transcribed_unprocessed_pseudogene	0	0	0	0.0000	0.0000	0.0000
ENSG00000266436.1	MIR4264	miRNA	0	0	0	0.0000	0.0000	0.0000
ENSG00000266437.1	MIR4746	miRNA	0	2	5	0.0000	0.0000	0.0000
ENSG00000266439.2	RN7SL493P	misc_RNA	0	0	0	0.0000	0.0000	0.0000
ENSG00000266441.1	AP005205.2	lncRNA	0	0	0	0.0000	0.0000	0.0000
ENSG00000266445.1	NARF-AS1	lncRNA	2	0	2	0.2027	0.0594	0.0572
ENSG00000266446.1	AL449423.1	lncRNA	3	1	2	0.5857	0.1715	0.1652
ENSG00000266448.1	AC007923.2	processed_pseudogene	0	0	0	0.0000	0.0000	0.0000
ENSG00000266449.1	MIR3713	miRNA	0	0	0	0.0000	0.0000	0.0000
ENSG00000266450.1	AC019183.1	lncRNA	0	0	0	0.0000	0.0000	0.0000
ENSG00000266454.1	MIR3179-3	miRNA	0	0	0	0.0000	0.0000	0.0000
ENSG00000266456.1	AP001178.3	lncRNA	4	3	1	0.1613	0.0472	0.0455
ENSG00000266458.1	MIR4259	miRNA	0	0	0	0.0000	0.0000	0.0000
ENSG00000266460.1	AC021506.1	lncRNA	0	0	0	0.0000	0.0000	0.0000
ENSG00000266461.1	MIR2392	miRNA	0	0	0	0.0000	0.0000	0.0000
ENSG00000266463.1	MIR3196	miRNA	1	1	0	1.3269	0.3887	0.3743
ENSG00000266466.1	AC233702.7	lncRNA	0	12	21	0.0000	0.0000	0.0000
ENSG00000266467.2	RN7SL220P	misc_RNA	1	0	1	0.2831	0.0829	0.0798
ENSG00000266469.2	AC005288.1	lncRNA	2	360	384	0.1613	0.0472	0.0455
ENSG00000266470.1	AP001180.5	unprocessed_pseudogene	0	0	0	0.0000	0.0000	0.0000
ENSG00000266472.6	MRPS21	protein_coding	2290	1140	1151	129.6452	37.9751	36.5672
ENSG00000266473.1	AC007448.4	lncRNA	0	6	7	0.0000	0.0000	0.0000
ENSG00000266477.2	RN7SL616P	misc_RNA	0	0	0	0.0000	0.0000	0.0000
ENSG00000266478.1	MIR5197	miRNA	0	0	0	0.0000	0.0000	0.0000
ENSG00000266479.1	AC105245.1	processed_pseudogene	1	0	1	0.3480	0.1019	0.0982
ENSG00000266489.3	AC007922.3	lncRNA	0	0	0	0.0000	0.0000	0.0000
ENSG00000266490.1	AC127024.5	lncRNA	6	52	68	1.1029	0.3230	0.3111
ENSG00000266494.1	MIR4641	miRNA	0	0	0	0.0000	0.0000	0.0000
ENSG00000266495.1	AC011731.1	lncRNA	0	211	214	0.0000	0.0000	0.0000
ENSG00000266497.1	RDM1P2	unprocessed_pseudogene	0	0	0	0.0000	0.0000	0.0000
ENSG00000266498.1	AC055811.3	lncRNA	1	0	2	0.1238	0.0363	0.0349
ENSG00000266501.1	ATG12P1	processed_pseudogene	5	3	2	1.0134	0.2968	0.2858
ENSG00000266502.1	MIR5681A	miRNA	0	0	0	0.0000	0.0000	0.0000
ENSG00000266503.2	RN7SL162P	misc_RNA	0	0	0	0.0000	0.0000	0.0000
ENSG00000266504.1	RDM1P1	transcribed_unprocessed_pseudogene	0	0	0	0.0000	0.0000	0.0000
ENSG00000266505.1	AL354674.1	lncRNA	0	0	0	0.0000	0.0000	0.0000
ENSG00000266507.1	MIR4479	miRNA	0	0	0	0.0000	0.0000	0.0000
ENSG00000266508.1	MIR3201	miRNA	0	0	0	0.0000	0.0000	0.0000
ENSG00000266509.1	MIR3934	miRNA	0	0	2	0.0000	0.0000	0.0000
ENSG00000266513.1	AP002478.2	lncRNA	1	1	0	0.1525	0.0447	0.0430
ENSG00000266514.1	MIR3689F	miRNA	0	0	0	0.0000	0.0000	0.0000
ENSG00000266515.1	MIR4452	miRNA	0	0	0	0.0000	0.0000	0.0000
ENSG00000266517.1	MIR4715	miRNA	0	0	0	0.0000	0.0000	0.0000
ENSG00000266518.1	MIR4268	miRNA	0	0	0	0.0000	0.0000	0.0000
ENSG00000266520.1	RAC1P1	processed_pseudogene	0	0	0	0.0000	0.0000	0.0000
ENSG00000266521.1	AC021549.1	lncRNA	0	0	0	0.0000	0.0000	0.0000
ENSG00000266522.1	AP005242.2	unprocessed_pseudogene	5	4	1	0.3614	0.1058	0.1019
ENSG00000266524.3	GDF10	protein_coding	32	13	19	1.0151	0.2973	0.2863
ENSG00000266525.1	MIR4650-1	miRNA	0	0	0	0.0000	0.0000	0.0000
ENSG00000266527.1	AC005697.2	lncRNA	4	112	103	0.1499	0.0439	0.0423
ENSG00000266529.1	MTCYBP13	unprocessed_pseudogene	0	0	0	0.0000	0.0000	0.0000
ENSG00000266530.1	MIR4318	miRNA	0	0	0	0.0000	0.0000	0.0000
ENSG00000266531.1	MIR4706	miRNA	0	0	0	0.0000	0.0000	0.0000
ENSG00000266533.1	MIR3619	miRNA	0	0	0	0.0000	0.0000	0.0000
ENSG00000266535.1	AC008133.1	lncRNA	0	0	0	0.0000	0.0000	0.0000
ENSG00000266537.1	SPDYE22P	unprocessed_pseudogene	0	0	0	0.0000	0.0000	0.0000
ENSG00000266538.1	AC005838.2	lncRNA	1	0	1	0.2679	0.0785	0.0756
ENSG00000266541.1	AP001381.1	lncRNA	1	1	0	0.1590	0.0466	0.0449
ENSG00000266545.1	MIR5701-1	miRNA	0	0	0	0.0000	0.0000	0.0000
ENSG00000266549.1	ATP6V1E1P2	processed_pseudogene	0	0	0	0.0000	0.0000	0.0000
ENSG00000266553.2	RN7SL356P	misc_RNA	0	0	0	0.0000	0.0000	0.0000
ENSG00000266554.2	LINC01443	lncRNA	2494	1240	1254	74.5220	21.8287	21.0194
ENSG00000266555.1	MIR3145	miRNA	2	0	2	2.0712	0.6067	0.5842
ENSG00000266559.1	MIR4530	miRNA	1	0	1	1.5164	0.4442	0.4277
ENSG00000266560.5	MAGEA10-MAGEA5	lncRNA	0	0	0	0.0000	0.0000	0.0000
ENSG00000266561.2	AC011195.1	processed_pseudogene	0	0	0	0.0000	0.0000	0.0000
ENSG00000266563.1	EIF1P5	unprocessed_pseudogene	4	2	2	1.4516	0.4252	0.4094
ENSG00000266564.1	MIR4418	miRNA	0	0	0	0.0000	0.0000	0.0000
ENSG00000266569.2	RN7SL377P	misc_RNA	0	0	0	0.0000	0.0000	0.0000
ENSG00000266570.1	MIR5579	miRNA	0	0	0	0.0000	0.0000	0.0000
ENSG00000266573.6	AC018697.1	lncRNA	0	0	0	0.0000	0.0000	0.0000
ENSG00000266575.1	BOLA2P1	processed_pseudogene	0	0	0	0.0000	0.0000	0.0000
ENSG00000266578.2	AP001025.1	lncRNA	6	5	1	0.4318	0.1265	0.1218
ENSG00000266579.1	FO680682.1	lncRNA	1	0	1	0.2461	0.0721	0.0694
ENSG00000266580.1	MIR4254	miRNA	0	0	0	0.0000	0.0000	0.0000
ENSG00000266581.1	MIR3166	miRNA	0	0	0	0.0000	0.0000	0.0000
ENSG00000266582.1	MIR4527	miRNA	0	0	0	0.0000	0.0000	0.0000
ENSG00000266583.1	MIR4478	miRNA	0	0	0	0.0000	0.0000	0.0000
ENSG00000266586.1	AC091027.2	lncRNA	0	0	0	0.0000	0.0000	0.0000
ENSG00000266588.1	AC006441.4	lncRNA	1	0	1	0.0864	0.0253	0.0244
ENSG00000266589.1	MIR4512	miRNA	0	0	0	0.0000	0.0000	0.0000
ENSG00000266593.1	MIR4713	miRNA	0	0	0	0.0000	0.0000	0.0000
ENSG00000266594.1	MIR4766	miRNA	1	1	0	1.1174	0.3273	0.3152
ENSG00000266598.1	AC037487.2	lncRNA	0	0	0	0.0000	0.0000	0.0000
ENSG00000266599.1	AC079336.4	lncRNA	0	2	2	0.0000	0.0000	0.0000
ENSG00000266601.1	AC018521.6	lncRNA	5	4	3	1.2675	0.3713	0.3575
ENSG00000266602.2	AP005262.1	lncRNA	1	1	0	0.0093	0.0027	0.0026
ENSG00000266604.1	LINC01887	lncRNA	0	0	0	0.0000	0.0000	0.0000
ENSG00000266605.1	LONRF2P1	processed_pseudogene	0	0	0	0.0000	0.0000	0.0000
ENSG00000266610.2	RN7SL176P	misc_RNA	0	0	0	0.0000	0.0000	0.0000
ENSG00000266611.1	MIR4703	miRNA	0	0	0	0.0000	0.0000	0.0000
ENSG00000266613.1	COP1P1	processed_pseudogene	0	0	0	0.0000	0.0000	0.0000
ENSG00000266614.1	AC103808.5	lncRNA	0	0	0	0.0000	0.0000	0.0000
ENSG00000266617.1	MIR3692	miRNA	0	0	0	0.0000	0.0000	0.0000
ENSG00000266618.1	MIR4742	miRNA	0	0	0	0.0000	0.0000	0.0000
ENSG00000266619.1	MIR4642	miRNA	0	0	0	0.0000	0.0000	0.0000
ENSG00000266627.2	RN7SL202P	misc_RNA	0	0	0	0.0000	0.0000	0.0000
ENSG00000266634.1	MIR3972	miRNA	0	0	0	0.0000	0.0000	0.0000
ENSG00000266640.1	MIR4754	miRNA	2	1	2	1.9083	0.5590	0.5383
ENSG00000266642.2	AC024267.6	lncRNA	0	415	410	0.0000	0.0000	0.0000
ENSG00000266643.1	MIR3677	miRNA	1	0	1	1.4153	0.4146	0.3992
ENSG00000266644.1	AC103810.5	lncRNA	1	1	0	0.1516	0.0444	0.0428
ENSG00000266645.1	MIR4299	miRNA	0	0	0	0.0000	0.0000	0.0000
ENSG00000266647.1	AC053481.4	unprocessed_pseudogene	0	0	0	0.0000	0.0000	0.0000
ENSG00000266648.1	SETP3	processed_pseudogene	5	3	2	0.5223	0.1530	0.1473
ENSG00000266649.1	MIR3126	miRNA	0	0	0	0.0000	0.0000	0.0000
ENSG00000266651.1	AC093484.4	lncRNA	6	4	3	1.6761	0.4909	0.4727
ENSG00000266654.1	AC129510.2	lncRNA	0	0	0	0.0000	0.0000	0.0000
ENSG00000266655.1	MIR3908	miRNA	0	0	0	0.0000	0.0000	0.0000
ENSG00000266663.1	MIR3169	miRNA	0	0	0	0.0000	0.0000	0.0000
ENSG00000266664.1	AC007952.9	lncRNA	0	0	0	0.0000	0.0000	0.0000
ENSG00000266665.1	MIR4739	miRNA	0	0	0	0.0000	0.0000	0.0000
ENSG00000266666.1	MIR4325	miRNA	0	0	0	0.0000	0.0000	0.0000
ENSG00000266667.1	AC005703.3	lncRNA	0	0	0	0.0000	0.0000	0.0000
ENSG00000266668.1	MIR5692C2	miRNA	0	0	0	0.0000	0.0000	0.0000
ENSG00000266673.1	AC233702.8	processed_pseudogene	0	0	0	0.0000	0.0000	0.0000
ENSG00000266676.1	MIR4297	miRNA	0	0	0	0.0000	0.0000	0.0000
ENSG00000266677.1	AC087164.1	lncRNA	2	259	224	0.0745	0.0218	0.0210
ENSG00000266680.1	AL135905.1	lncRNA	5	7	3	0.3024	0.0886	0.0853
ENSG00000266690.1	MIR4274	miRNA	0	0	0	0.0000	0.0000	0.0000
ENSG00000266691.1	AC138761.2	processed_pseudogene	0	0	0	0.0000	0.0000	0.0000
ENSG00000266692.1	AP001065.2	snoRNA	0	0	0	0.0000	0.0000	0.0000
ENSG00000266693.1	OR4K8P	unprocessed_pseudogene	0	0	0	0.0000	0.0000	0.0000
ENSG00000266696.1	AC044840.1	lncRNA	0	0	0	0.0000	0.0000	0.0000
ENSG00000266698.1	MIR3945	miRNA	0	0	0	0.0000	0.0000	0.0000
ENSG00000266703.1	MIR4490	miRNA	0	0	0	0.0000	0.0000	0.0000
ENSG00000266704.1	MIR4498	miRNA	0	0	0	0.0000	0.0000	0.0000
ENSG00000266705.1	MIR4437	miRNA	0	0	0	0.0000	0.0000	0.0000
ENSG00000266707.1	PSMD7P1	processed_pseudogene	0	0	0	0.0000	0.0000	0.0000
ENSG00000266708.1	AP001793.1	lncRNA	3	176	138	0.3266	0.0957	0.0921
ENSG00000266709.1	AC005224.3	lncRNA	8	6	2	0.4112	0.1205	0.1160
ENSG00000266710.2	RN7SL48P	misc_RNA	2	2	0	0.5797	0.1698	0.1635
ENSG00000266711.1	AC021534.1	lncRNA	0	0	0	0.0000	0.0000	0.0000
ENSG00000266712.3	MIR3149	miRNA	1	1	0	1.0231	0.2997	0.2886
ENSG00000266714.9	MYO15B	protein_coding	146	75	75	0.9458	0.2770	0.2668
ENSG00000266717.1	AC134407.1	lncRNA	0	0	0	0.0000	0.0000	0.0000
ENSG00000266718.2	AC079336.5	lncRNA	8	5	4	0.1673	0.0490	0.0472
ENSG00000266719.1	MIR4676	miRNA	0	0	0	0.0000	0.0000	0.0000
ENSG00000266720.2	RN7SL14P	misc_RNA	0	0	0	0.0000	0.0000	0.0000
ENSG00000266721.1	MIR5695	miRNA	0	0	0	0.0000	0.0000	0.0000
ENSG00000266728.5	AC015688.4	protein_coding	0	0	0	0.0000	0.0000	0.0000
ENSG00000266729.5	DSG1-AS1	lncRNA	0	0	0	0.0000	0.0000	0.0000
ENSG00000266733.7	TBC1D29P	transcribed_unprocessed_pseudogene	0	0	0	0.0000	0.0000	0.0000
ENSG00000266736.1	GTF2IP6	unprocessed_pseudogene	0	0	0	0.0000	0.0000	0.0000
ENSG00000266738.1	MIR4757	miRNA	0	0	0	0.0000	0.0000	0.0000
ENSG00000266740.1	MIR4708	miRNA	0	0	0	0.0000	0.0000	0.0000
ENSG00000266743.1	AC103808.6	lncRNA	0	0	0	0.0000	0.0000	0.0000
ENSG00000266744.1	AC005304.3	lncRNA	1	1	0	0.1662	0.0487	0.0469
ENSG00000266745.1	MIR3135A	miRNA	0	0	0	0.0000	0.0000	0.0000
ENSG00000266750.1	MIR4645	miRNA	3	1	2	3.3086	0.9691	0.9332
ENSG00000266751.1	MIR3661	miRNA	0	180	202	0.0000	0.0000	0.0000
ENSG00000266754.2	RN7SL524P	misc_RNA	0	0	0	0.0000	0.0000	0.0000
ENSG00000266756.1	MIR5680	miRNA	0	0	0	0.0000	0.0000	0.0000
ENSG00000266758.1	MIR3680-2	miRNA	0	0	0	0.0000	0.0000	0.0000
ENSG00000266760.1	MIR4464	miRNA	0	0	0	0.0000	0.0000	0.0000
ENSG00000266761.1	MIR3194	miRNA	0	0	0	0.0000	0.0000	0.0000
ENSG00000266765.1	AC137735.1	lncRNA	0	0	0	0.0000	0.0000	0.0000
ENSG00000266767.1	AP000897.2	lncRNA	1	1	0	0.0489	0.0143	0.0138
ENSG00000266770.2	RN7SL619P	misc_RNA	0	0	0	0.0000	0.0000	0.0000
ENSG00000266771.1	AC015688.5	processed_pseudogene	0	0	0	0.0000	0.0000	0.0000
ENSG00000266774.1	AC116003.2	lncRNA	0	0	0	0.0000	0.0000	0.0000
ENSG00000266775.1	AC011840.4	lncRNA	0	0	0	0.0000	0.0000	0.0000
ENSG00000266776.1	MIR4646	miRNA	0	0	0	0.0000	0.0000	0.0000
ENSG00000266777.1	SH3GL1P1	transcribed_processed_pseudogene	11	5	6	0.3272	0.0958	0.0923
ENSG00000266780.1	MIR4444-2	miRNA	0	0	0	0.0000	0.0000	0.0000
ENSG00000266782.1	MIR3663	miRNA	2	1	1	1.7509	0.5129	0.4939
ENSG00000266783.1	AP005136.3	lncRNA	6	3	3	0.4857	0.1423	0.1370
ENSG00000266786.1	LGALS9DP	unprocessed_pseudogene	2	1	1	0.2223	0.0651	0.0627
ENSG00000266794.2	RN7SL7P	misc_RNA	0	0	0	0.0000	0.0000	0.0000
ENSG00000266801.1	AC009137.2	lncRNA	1	1	0	0.1325	0.0388	0.0374
ENSG00000266802.1	AL031428.2	miRNA	0	0	0	0.0000	0.0000	0.0000
ENSG00000266803.1	AC127540.1	lncRNA	0	0	0	0.0000	0.0000	0.0000
ENSG00000266805.1	AP005432.1	lncRNA	0	0	0	0.0000	0.0000	0.0000
ENSG00000266806.1	AC087575.1	unprocessed_pseudogene	0	0	0	0.0000	0.0000	0.0000
ENSG00000266807.1	MIR548H5	miRNA	0	0	0	0.0000	0.0000	0.0000
ENSG00000266808.1	MIR548AE1	miRNA	0	0	0	0.0000	0.0000	0.0000
ENSG00000266809.1	PPIAP57	processed_pseudogene	0	0	0	0.0000	0.0000	0.0000
ENSG00000266818.1	AP005901.4	unprocessed_pseudogene	0	0	0	0.0000	0.0000	0.0000
ENSG00000266820.1	KPNA2P3	transcribed_unprocessed_pseudogene	0	0	0	0.0000	0.0000	0.0000
ENSG00000266821.1	AC018521.7	lncRNA	3	2	1	0.0870	0.0255	0.0245
ENSG00000266824.1	AC129492.4	lncRNA	1	1	0	0.1826	0.0535	0.0515
ENSG00000266826.2	IGBP1P2	protein_coding	0	0	0	0.0000	0.0000	0.0000
ENSG00000266827.1	MIR3689E	miRNA	0	0	0	0.0000	0.0000	0.0000
ENSG00000266828.2	RN7SL712P	misc_RNA	0	0	0	0.0000	0.0000	0.0000
ENSG00000266830.1	AC061975.6	lncRNA	0	0	0	0.0000	0.0000	0.0000
ENSG00000266835.6	GAPLINC	lncRNA	584	318	266	47.1870	13.8218	13.3094
ENSG00000266839.3	AC008088.1	lncRNA	0	0	0	0.0000	0.0000	0.0000
ENSG00000266840.1	AC068254.1	lncRNA	0	0	0	0.0000	0.0000	0.0000
ENSG00000266844.1	AC093330.1	lncRNA	0	3504	3115	0.0000	0.0000	0.0000
ENSG00000266846.2	AP001021.3	lncRNA	0	0	0	0.0000	0.0000	0.0000
ENSG00000266850.1	AC090912.2	lncRNA	0	0	0	0.0000	0.0000	0.0000
ENSG00000266852.2	MIR4482	miRNA	36	18	18	43.6734	12.7926	12.3183
ENSG00000266853.1	ITM2BP1	processed_pseudogene	2	0	2	0.2558	0.0749	0.0721
ENSG00000266855.1	MIR3910-1	miRNA	0	0	0	0.0000	0.0000	0.0000
ENSG00000266858.1	RPSAP67	unprocessed_pseudogene	0	0	0	0.0000	0.0000	0.0000
ENSG00000266863.2	RN7SL123P	misc_RNA	0	0	0	0.0000	0.0000	0.0000
ENSG00000266865.6	AC138207.8	transcribed_unprocessed_pseudogene	29	13	17	1.1470	0.3360	0.3235
ENSG00000266869.2	AC005993.1	lncRNA	0	0	0	0.0000	0.0000	0.0000
ENSG00000266872.1	AC015688.6	lncRNA	0	58	56	0.0000	0.0000	0.0000
ENSG00000266875.2	RN7SL408P	misc_RNA	0	0	0	0.0000	0.0000	0.0000
ENSG00000266876.1	AC104996.2	transcribed_processed_pseudogene	3	1	2	0.2548	0.0746	0.0719
ENSG00000266877.1	AC007923.3	lncRNA	1	1	0	0.1495	0.0438	0.0422
ENSG00000266885.2	AC132825.4	transcribed_processed_pseudogene	0	0	0	0.0000	0.0000	0.0000
ENSG00000266887.1	MIR4535	miRNA	0	0	0	0.0000	0.0000	0.0000
ENSG00000266890.1	MIR4634	miRNA	0	0	0	0.0000	0.0000	0.0000
ENSG00000266891.1	AP000902.1	processed_pseudogene	1	1	0	0.2308	0.0676	0.0651
ENSG00000266893.1	AC005394.1	lncRNA	0	0	0	0.0000	0.0000	0.0000
ENSG00000266896.1	AL354892.3	lncRNA	4	2	2	0.2084	0.0610	0.0588
ENSG00000266897.1	AC005546.1	lncRNA	3	2	1	0.6516	0.1909	0.1838
ENSG00000266899.2	AKR1B1P7	processed_pseudogene	1	1	0	0.0892	0.0261	0.0252
ENSG00000266900.1	AC027514.1	lncRNA	1	1	0	0.0530	0.0155	0.0149
ENSG00000266901.1	AC068473.2	lncRNA	0	0	0	0.0000	0.0000	0.0000
ENSG00000266903.2	AC243964.3	lncRNA	6	4	3	0.2097	0.0614	0.0591
ENSG00000266904.6	LINC00663	lncRNA	23	16	24	0.4507	0.1320	0.1271
ENSG00000266905.1	AC114684.1	lncRNA	0	0	0	0.0000	0.0000	0.0000
ENSG00000266906.1	AC005357.1	processed_pseudogene	0	0	0	0.0000	0.0000	0.0000
ENSG00000266907.1	AC006116.1	processed_pseudogene	1	1	0	0.0391	0.0115	0.0110
ENSG00000266908.2	AL121757.2	lncRNA	0	0	1	0.0000	0.0000	0.0000
ENSG00000266909.1	SLC25A6P4	processed_pseudogene	0	0	0	0.0000	0.0000	0.0000
ENSG00000266910.2	AC008507.1	processed_pseudogene	15	12	3	1.6783	0.4916	0.4734
ENSG00000266913.1	LINC01841	lncRNA	0	0	0	0.0000	0.0000	0.0000
ENSG00000266915.1	MRPS5P4	processed_pseudogene	0	0	0	0.0000	0.0000	0.0000
ENSG00000266916.7	ZNF793-AS1	lncRNA	2	2	0	0.1209	0.0354	0.0341
ENSG00000266918.1	AC091132.3	TEC	1	1	0	0.0375	0.0110	0.0106
ENSG00000266919.3	hsa-mir-423	lncRNA	0	0	0	0.0000	0.0000	0.0000
ENSG00000266920.1	ACTBP9	processed_pseudogene	11	8	3	0.8500	0.2490	0.2397
ENSG00000266921.2	AC006213.1	lncRNA	8	79	82	0.2015	0.0590	0.0568
ENSG00000266922.1	AC008543.3	lncRNA	2	2	0	0.3459	0.1013	0.0976
ENSG00000266923.1	AC063949.2	lncRNA	0	0	0	0.0000	0.0000	0.0000
ENSG00000266924.1	AC021594.1	lncRNA	0	0	0	0.0000	0.0000	0.0000
ENSG00000266925.1	AC015818.7	lncRNA	0	0	0	0.0000	0.0000	0.0000
ENSG00000266928.1	AC020905.1	lncRNA	0	0	0	0.0000	0.0000	0.0000
ENSG00000266929.1	AC067852.1	lncRNA	0	0	0	0.0000	0.0000	0.0000
ENSG00000266931.2	AC092651.1	unprocessed_pseudogene	0	0	0	0.0000	0.0000	0.0000
ENSG00000266932.1	AC006116.2	transcribed_processed_pseudogene	1	1	0	0.0860	0.0252	0.0242
ENSG00000266933.2	AC005775.1	lncRNA	6	66	65	0.5994	0.1756	0.1691
ENSG00000266934.1	AC005746.1	lncRNA	14	6	8	0.8946	0.2620	0.2523
ENSG00000266936.1	AC011442.1	lncRNA	0	0	0	0.0000	0.0000	0.0000
ENSG00000266938.1	AC119403.2	processed_pseudogene	0	0	0	0.0000	0.0000	0.0000
ENSG00000266941.1	AC024592.1	lncRNA	0	7	2	0.0000	0.0000	0.0000
ENSG00000266943.1	RPSAP66	processed_pseudogene	0	0	0	0.0000	0.0000	0.0000
ENSG00000266944.1	AC005262.1	processed_pseudogene	1	0	1	0.2346	0.0687	0.0662
ENSG00000266946.1	MRPL37P1	processed_pseudogene	0	0	0	0.0000	0.0000	0.0000
ENSG00000266947.1	AC022916.1	lncRNA	29	13	17	0.8752	0.2563	0.2468
ENSG00000266950.1	AC008752.1	lncRNA	0	0	0	0.0000	0.0000	0.0000
ENSG00000266951.2	AC093072.1	lncRNA	0	0	0	0.0000	0.0000	0.0000
ENSG00000266952.2	LINC01538	lncRNA	0	0	0	0.0000	0.0000	0.0000
ENSG00000266953.6	AC092073.1	protein_coding	0	0	0	0.0000	0.0000	0.0000
ENSG00000266954.1	AP001010.1	lncRNA	0	22	17	0.0000	0.0000	0.0000
ENSG00000266955.1	AP001269.1	lncRNA	0	0	0	0.0000	0.0000	0.0000
ENSG00000266957.1	AC012254.1	lncRNA	0	2	5	0.0000	0.0000	0.0000
ENSG00000266959.1	AC005786.1	processed_pseudogene	0	0	0	0.0000	0.0000	0.0000
ENSG00000266961.1	AP005482.1	lncRNA	0	0	0	0.0000	0.0000	0.0000
ENSG00000266962.2	AC067852.2	lncRNA	85	382	372	3.1207	0.9141	0.8802
ENSG00000266963.1	AC005625.1	lncRNA	0	2	1	0.0000	0.0000	0.0000
ENSG00000266964.6	FXYD1	protein_coding	14	30	28	0.6225	0.1823	0.1756
ENSG00000266965.1	AC090220.1	lncRNA	0	0	0	0.0000	0.0000	0.0000
ENSG00000266967.7	AARSD1	protein_coding	15	7	8	0.3439	0.1007	0.0970
ENSG00000266968.2	AC023421.1	lncRNA	0	0	0	0.0000	0.0000	0.0000
ENSG00000266969.1	AP002449.1	lncRNA	13	72	68	2.3290	0.6822	0.6569
ENSG00000266970.1	AC061992.2	lncRNA	4	2	2	0.2859	0.0838	0.0806
ENSG00000266971.1	OR4F8P	unprocessed_pseudogene	0	0	1	0.0000	0.0000	0.0000
ENSG00000266973.1	AC092296.1	lncRNA	0	0	0	0.0000	0.0000	0.0000
ENSG00000266975.1	FARSA-AS1	lncRNA	0	107	88	0.0000	0.0000	0.0000
ENSG00000266976.3	AC079466.1	lncRNA	2	0	2	0.0355	0.0104	0.0100
ENSG00000266977.2	AC006504.2	lncRNA	0	0	0	0.0000	0.0000	0.0000
ENSG00000266978.1	AC011511.2	lncRNA	0	855	844	0.0000	0.0000	0.0000
ENSG00000266979.1	LINC01180	lncRNA	0	0	0	0.0000	0.0000	0.0000
ENSG00000266980.1	AC087289.1	lncRNA	0	181	174	0.0000	0.0000	0.0000
ENSG00000266981.1	AC022916.2	lncRNA	0	0	0	0.0000	0.0000	0.0000
ENSG00000266983.1	AC011444.1	lncRNA	6	1	5	0.7974	0.2336	0.2249
ENSG00000266984.1	POLR3GP2	processed_pseudogene	0	0	0	0.0000	0.0000	0.0000
ENSG00000266985.1	AC010485.1	lncRNA	0	0	0	0.0000	0.0000	0.0000
ENSG00000266987.1	AC104984.5	lncRNA	0	0	0	0.0000	0.0000	0.0000
ENSG00000266988.6	AC021517.1	lncRNA	0	0	0	0.0000	0.0000	0.0000
ENSG00000266989.1	FTLP5	processed_pseudogene	1	0	1	0.1590	0.0466	0.0449
ENSG00000266990.1	AC004528.1	lncRNA	0	0	0	0.0000	0.0000	0.0000
ENSG00000266992.1	DHX40P1	transcribed_unprocessed_pseudogene	0	0	0	0.0000	0.0000	0.0000
ENSG00000266993.3	AL050343.2	lncRNA	2	11	7	0.0934	0.0273	0.0263
ENSG00000266994.1	AC020663.1	lncRNA	1	3	3	0.1527	0.0447	0.0431
ENSG00000266995.1	AP001542.1	processed_pseudogene	15	2	13	6.3690	1.8656	1.7964
ENSG00000266997.2	AC090227.2	protein_coding	0	0	0	0.0000	0.0000	0.0000
ENSG00000266998.1	AC111182.1	lncRNA	0	1	4	0.0000	0.0000	0.0000
ENSG00000267000.1	AC016229.1	lncRNA	0	0	0	0.0000	0.0000	0.0000
ENSG00000267001.1	AC006538.2	protein_coding	0	0	0	0.0000	0.0000	0.0000
ENSG00000267002.4	AC060780.1	lncRNA	156	90	97	1.5080	0.4417	0.4253
ENSG00000267004.1	AC018761.1	lncRNA	0	0	0	0.0000	0.0000	0.0000
ENSG00000267005.1	AC002984.1	processed_pseudogene	0	0	0	0.0000	0.0000	0.0000
ENSG00000267006.1	AC008507.2	lncRNA	5	0	5	0.3611	0.1058	0.1018
ENSG00000267007.1	AC012615.2	lncRNA	0	103	124	0.0000	0.0000	0.0000
ENSG00000267009.6	AC007780.1	lncRNA	6	6	12	0.2735	0.0801	0.0771
ENSG00000267011.5	AC011498.1	lncRNA	3	5	2	0.3044	0.0892	0.0859
ENSG00000267013.6	LINC01929	lncRNA	6	2	4	0.1566	0.0459	0.0442
ENSG00000267014.6	LINC01532	lncRNA	0	0	0	0.0000	0.0000	0.0000
ENSG00000267015.1	AC023090.1	lncRNA	0	0	0	0.0000	0.0000	0.0000
ENSG00000267016.1	AC111170.1	lncRNA	0	1	0	0.0000	0.0000	0.0000
ENSG00000267019.1	NTF6A	unprocessed_pseudogene	0	0	0	0.0000	0.0000	0.0000
ENSG00000267022.1	AC067968.1	protein_coding	0	0	0	0.0000	0.0000	0.0000
ENSG00000267023.5	LRRC37A16P	transcribed_unprocessed_pseudogene	167	567	562	3.7174	1.0889	1.0485
ENSG00000267024.1	AC008747.1	lncRNA	5	12	9	0.9606	0.2814	0.2710
ENSG00000267026.5	AL136084.1	lncRNA	2	124	132	0.0355	0.0104	0.0100
ENSG00000267027.1	AC011524.1	lncRNA	0	0	0	0.0000	0.0000	0.0000
ENSG00000267028.1	TCF4-AS1	lncRNA	1	1	0	0.2144	0.0628	0.0605
ENSG00000267030.1	AC011498.2	lncRNA	0	0	1	0.0000	0.0000	0.0000
ENSG00000267032.1	AP001357.1	processed_pseudogene	0	0	0	0.0000	0.0000	0.0000
ENSG00000267033.1	AC020911.1	lncRNA	0	2	2	0.0000	0.0000	0.0000
ENSG00000267035.1	AC015911.2	lncRNA	0	0	0	0.0000	0.0000	0.0000
ENSG00000267036.2	AC005559.1	processed_pseudogene	0	4	0	0.0000	0.0000	0.0000
ENSG00000267038.1	AC105094.1	lncRNA	0	0	0	0.0000	0.0000	0.0000
ENSG00000267039.1	AC016493.1	lncRNA	0	0	0	0.0000	0.0000	0.0000
ENSG00000267040.6	AC027097.1	lncRNA	42	43	39	1.4880	0.4358	0.4197
ENSG00000267041.6	ZNF850	protein_coding	10	6	4	0.1082	0.0317	0.0305
ENSG00000267042.1	AC100793.2	lncRNA	1	4	5	0.1567	0.0459	0.0442
ENSG00000267044.1	AC005757.1	lncRNA	0	0	0	0.0000	0.0000	0.0000
ENSG00000267046.1	E2F3P1	processed_pseudogene	3	1	2	0.2071	0.0607	0.0584
ENSG00000267047.1	AC040977.2	lncRNA	0	0	0	0.0000	0.0000	0.0000
ENSG00000267048.1	AC092143.3	lncRNA	9	4	5	1.3672	0.4005	0.3856
ENSG00000267049.1	AC002398.1	lncRNA	13	77	52	2.5854	0.7573	0.7292
ENSG00000267051.1	AP005229.1	lncRNA	0	0	0	0.0000	0.0000	0.0000
ENSG00000267052.3	AC005050.1	lncRNA	19	10	9	0.9116	0.2670	0.2571
ENSG00000267053.8	AC092296.2	lncRNA	0	0	0	0.0000	0.0000	0.0000
ENSG00000267054.1	AC008738.1	lncRNA	0	0	0	0.0000	0.0000	0.0000
ENSG00000267055.1	AC007001.1	lncRNA	0	0	0	0.0000	0.0000	0.0000
ENSG00000267056.2	AC005336.1	processed_pseudogene	0	0	0	0.0000	0.0000	0.0000
ENSG00000267057.6	LINC01905	lncRNA	0	0	0	0.0000	0.0000	0.0000
ENSG00000267058.1	AC006213.2	lncRNA	2	9	2	0.0774	0.0227	0.0218
ENSG00000267059.2	AC005943.1	protein_coding	0	0	0	0.0000	0.0000	0.0000
ENSG00000267060.7	PTGES3L	protein_coding	3	1	2	0.0892	0.0261	0.0252
ENSG00000267061.1	AC090213.1	lncRNA	0	0	0	0.0000	0.0000	0.0000
ENSG00000267062.1	AC018761.2	lncRNA	0	63	58	0.0000	0.0000	0.0000
ENSG00000267063.1	AC006130.1	lncRNA	0	3	2	0.0000	0.0000	0.0000
ENSG00000267064.2	UXT-AS1	lncRNA	43	345	409	0.5560	0.1629	0.1568
ENSG00000267065.2	LINC02080	lncRNA	9	5	4	0.2477	0.0726	0.0699
ENSG00000267066.1	AC107990.1	processed_pseudogene	0	0	0	0.0000	0.0000	0.0000
ENSG00000267069.1	AP005264.1	lncRNA	3	0	3	0.3476	0.1018	0.0980
ENSG00000267070.1	AC026458.2	lncRNA	0	0	0	0.0000	0.0000	0.0000
ENSG00000267072.2	NAGPA-AS1	lncRNA	7	6	12	0.2260	0.0662	0.0638
ENSG00000267073.1	AC005256.1	lncRNA	0	0	0	0.0000	0.0000	0.0000
ENSG00000267074.1	AC015911.3	lncRNA	21	11	10	2.1005	0.6153	0.5925
ENSG00000267075.1	AC015818.8	lncRNA	0	0	0	0.0000	0.0000	0.0000
ENSG00000267076.1	CCDC58P3	processed_pseudogene	1	1	0	0.1975	0.0578	0.0557
ENSG00000267077.1	AC020663.2	lncRNA	0	0	0	0.0000	0.0000	0.0000
ENSG00000267078.1	AC015802.1	lncRNA	4	703	624	0.2344	0.0687	0.0661
ENSG00000267079.1	AP001269.2	lncRNA	0	0	0	0.0000	0.0000	0.0000
ENSG00000267080.6	ASB16-AS1	lncRNA	191	139	143	4.4329	1.2985	1.2503
ENSG00000267081.1	AC011507.1	lncRNA	0	0	0	0.0000	0.0000	0.0000
ENSG00000267082.1	AC011472.1	lncRNA	16	9	11	2.3879	0.6995	0.6735
ENSG00000267083.1	KRT18P61	processed_pseudogene	0	0	0	0.0000	0.0000	0.0000
ENSG00000267084.1	AC015802.2	processed_pseudogene	2	1	1	0.8986	0.2632	0.2535
ENSG00000267085.1	AL512605.2	processed_pseudogene	0	0	0	0.0000	0.0000	0.0000
ENSG00000267088.1	AC087683.1	processed_pseudogene	0	0	0	0.0000	0.0000	0.0000
ENSG00000267089.1	AC008543.4	lncRNA	2	2	0	0.3843	0.1126	0.1084
ENSG00000267090.1	AC005789.1	lncRNA	0	4	10	0.0000	0.0000	0.0000
ENSG00000267091.1	CTBP2P7	processed_pseudogene	0	0	0	0.0000	0.0000	0.0000
ENSG00000267092.2	AC027307.1	lncRNA	3	21	15	0.5575	0.1633	0.1572
ENSG00000267095.1	AC025048.1	lncRNA	0	0	0	0.0000	0.0000	0.0000
ENSG00000267096.1	AC008735.1	lncRNA	1	1	0	0.1059	0.0310	0.0299
ENSG00000267097.1	SLC14A2-AS1	lncRNA	1	1	0	0.0610	0.0179	0.0172
ENSG00000267098.2	AC113137.1	lncRNA	0	2	4	0.0000	0.0000	0.0000
ENSG00000267099.1	NTF6G	unprocessed_pseudogene	0	0	1	0.0000	0.0000	0.0000
ENSG00000267100.1	ILF3-DT	lncRNA	579	286	294	24.7952	7.2629	6.9936
ENSG00000267101.7	AC090376.1	lncRNA	0	0	0	0.0000	0.0000	0.0000
ENSG00000267102.1	AC060766.1	transcribed_processed_pseudogene	15	6	9	2.0316	0.5951	0.5730
ENSG00000267104.2	TBC1D3P1-DHX40P1	lncRNA	0	0	0	0.0000	0.0000	0.0000
ENSG00000267105.1	AC011511.3	lncRNA	0	302	254	0.0000	0.0000	0.0000
ENSG00000267106.8	ZNF561-AS1	lncRNA	165	158	181	1.7356	0.5084	0.4895
ENSG00000267107.8	PCAT19	lncRNA	69	32	37	0.7162	0.2098	0.2020
ENSG00000267108.1	AP001029.1	lncRNA	0	0	0	0.0000	0.0000	0.0000
ENSG00000267109.1	AC011990.1	lncRNA	0	0	0	0.0000	0.0000	0.0000
ENSG00000267110.1	AC010327.2	protein_coding	0	0	0	0.0000	0.0000	0.0000
ENSG00000267112.1	AC098848.1	lncRNA	0	1	0	0.0000	0.0000	0.0000
ENSG00000267113.1	AF038458.1	processed_pseudogene	0	1	0	0.0000	0.0000	0.0000
ENSG00000267114.1	AC011481.1	lncRNA	6	5	1	1.4114	0.4134	0.3981
ENSG00000267115.1	AC022148.2	lncRNA	0	0	0	0.0000	0.0000	0.0000
ENSG00000267116.1	PMM2P2	processed_pseudogene	0	0	0	0.0000	0.0000	0.0000
ENSG00000267117.1	AC010525.1	lncRNA	2	0	2	0.3851	0.1128	0.1086
ENSG00000267119.1	RPL10P15	processed_pseudogene	8	7	1	2.1567	0.6317	0.6083
ENSG00000267120.3	AD000671.2	protein_coding	0	0	0	0.0000	0.0000	0.0000
ENSG00000267121.6	AC008105.3	lncRNA	59	39	31	1.2867	0.3769	0.3629
ENSG00000267122.1	AC004490.1	lncRNA	0	46	45	0.0000	0.0000	0.0000
ENSG00000267123.7	SCAT1	lncRNA	65	25	40	1.2063	0.3533	0.3402
ENSG00000267124.2	AC016588.1	lncRNA	0	89	99	0.0000	0.0000	0.0000
ENSG00000267125.2	AC012615.3	lncRNA	0	204	205	0.0000	0.0000	0.0000
ENSG00000267127.7	AC090360.1	protein_coding	3	1	2	0.0653	0.0191	0.0184
ENSG00000267128.2	RNF157-AS1	lncRNA	18	2844	2946	0.3476	0.1018	0.0980
ENSG00000267129.1	OR1AC1P	unprocessed_pseudogene	0	0	0	0.0000	0.0000	0.0000
ENSG00000267130.1	AC008738.2	lncRNA	1	1	0	0.2102	0.0616	0.0593
ENSG00000267131.1	AC005746.2	lncRNA	6	3	3	1.0841	0.3175	0.3058
ENSG00000267132.1	HMGB3P27	processed_pseudogene	0	0	0	0.0000	0.0000	0.0000
ENSG00000267133.2	AC011518.1	lncRNA	0	0	0	0.0000	0.0000	0.0000
ENSG00000267134.3	LINC01924	lncRNA	0	0	0	0.0000	0.0000	0.0000
ENSG00000267135.2	AD000091.1	processed_pseudogene	0	11	15	0.0000	0.0000	0.0000
ENSG00000267136.1	AP005131.1	lncRNA	1	1	0	0.0179	0.0052	0.0050
ENSG00000267137.1	AC005901.1	lncRNA	0	0	0	0.0000	0.0000	0.0000
ENSG00000267138.1	AC005954.1	lncRNA	0	0	0	0.0000	0.0000	0.0000
ENSG00000267139.1	AC005262.2	lncRNA	0	239	234	0.0000	0.0000	0.0000
ENSG00000267140.1	AC007998.2	protein_coding	0	0	0	0.0000	0.0000	0.0000
ENSG00000267141.1	AC012615.4	lncRNA	1	1	0	0.1399	0.0410	0.0395
ENSG00000267142.1	AC092296.3	processed_pseudogene	1	1	0	0.0850	0.0249	0.0240
ENSG00000267143.1	AP001120.2	lncRNA	0	0	0	0.0000	0.0000	0.0000
ENSG00000267144.2	AC067968.2	lncRNA	0	0	0	0.0000	0.0000	0.0000
ENSG00000267145.1	AC006116.3	processed_pseudogene	0	0	0	0.0000	0.0000	0.0000
ENSG00000267146.1	AC012301.1	lncRNA	0	0	0	0.0000	0.0000	0.0000
ENSG00000267147.2	LINC01842	lncRNA	166	92	74	18.3552	5.3765	5.1772
ENSG00000267148.1	AC005777.1	unprocessed_pseudogene	0	0	0	0.0000	0.0000	0.0000
ENSG00000267149.2	AC011476.2	lncRNA	1	0	1	0.0668	0.0196	0.0188
ENSG00000267150.1	AC006557.1	lncRNA	2	0	2	0.1565	0.0459	0.0442
ENSG00000267151.5	MIR2117HG	lncRNA	1	1	0	0.1678	0.0492	0.0473
ENSG00000267152.1	AC093227.1	lncRNA	7	9	7	0.4371	0.1280	0.1233
ENSG00000267153.1	CTBP2P3	processed_pseudogene	0	0	0	0.0000	0.0000	0.0000
ENSG00000267154.1	OR1M4P	unprocessed_pseudogene	0	0	0	0.0000	0.0000	0.0000
ENSG00000267156.1	TPMTP1	processed_pseudogene	12	3	9	1.3827	0.4050	0.3900
ENSG00000267157.1	AC011499.1	protein_coding	0	0	0	0.0000	0.0000	0.0000
ENSG00000267159.2	AC005379.1	lncRNA	0	0	0	0.0000	0.0000	0.0000
ENSG00000267160.1	AC091152.2	lncRNA	0	6	3	0.0000	0.0000	0.0000
ENSG00000267162.1	SDHDP1	processed_pseudogene	0	0	0	0.0000	0.0000	0.0000
ENSG00000267165.1	CHMP1B-AS1	lncRNA	0	196	173	0.0000	0.0000	0.0000
ENSG00000267166.5	AC007993.1	unprocessed_pseudogene	0	0	0	0.0000	0.0000	0.0000
ENSG00000267168.1	AC005837.2	protein_coding	0	0	0	0.0000	0.0000	0.0000
ENSG00000267169.2	AC022098.1	lncRNA	43	131	116	1.1344	0.3323	0.3200
ENSG00000267170.1	CALM2P1	processed_pseudogene	0	0	0	0.0000	0.0000	0.0000
ENSG00000267172.1	AC022031.1	lncRNA	0	0	0	0.0000	0.0000	0.0000
ENSG00000267173.1	AC245748.1	protein_coding	0	0	0	0.0000	0.0000	0.0000
ENSG00000267174.5	AC011472.2	lncRNA	10	5	5	1.2397	0.3631	0.3497
ENSG00000267175.5	AC105094.2	lncRNA	0	0	0	0.0000	0.0000	0.0000
ENSG00000267177.1	AP002505.1	lncRNA	0	0	0	0.0000	0.0000	0.0000
ENSG00000267178.3	PHF5CP	processed_pseudogene	3	2	1	0.7839	0.2296	0.2211
ENSG00000267179.1	AC008770.2	protein_coding	1	0	1	0.0383	0.0112	0.0108
ENSG00000267180.1	AC007136.1	transcribed_processed_pseudogene	0	0	0	0.0000	0.0000	0.0000
ENSG00000267182.1	SNRPCP20	processed_pseudogene	0	0	0	0.0000	0.0000	0.0000
ENSG00000267184.1	AC002545.1	processed_pseudogene	2	0	2	0.9383	0.2749	0.2647
ENSG00000267185.1	PTP4A2P1	processed_pseudogene	11	6	5	1.9542	0.5724	0.5512
ENSG00000267187.1	AC026898.1	processed_pseudogene	0	0	0	0.0000	0.0000	0.0000
ENSG00000267188.1	AC245748.2	lncRNA	0	0	0	0.0000	0.0000	0.0000
ENSG00000267189.1	ATP5MGP7	processed_pseudogene	0	0	0	0.0000	0.0000	0.0000
ENSG00000267190.1	TYMSP2	processed_pseudogene	0	0	0	0.0000	0.0000	0.0000
ENSG00000267191.2	AC006213.3	lncRNA	5	1	4	0.2319	0.0679	0.0654
ENSG00000267192.1	AC006116.4	lncRNA	0	0	0	0.0000	0.0000	0.0000
ENSG00000267193.7	AC091151.1	lncRNA	0	0	0	0.0000	0.0000	0.0000
ENSG00000267195.1	MIR212	miRNA	0	0	0	0.0000	0.0000	0.0000
ENSG00000267196.1	AC091044.1	lncRNA	0	0	0	0.0000	0.0000	0.0000
ENSG00000267197.1	AC011461.1	lncRNA	3	2	1	0.7136	0.2090	0.2013
ENSG00000267198.1	AC091132.4	lncRNA	1	10	6	0.0373	0.0109	0.0105
ENSG00000267199.1	AP001029.2	lncRNA	2	843	773	0.0313	0.0092	0.0088
ENSG00000267200.1	MIR132	miRNA	0	0	0	0.0000	0.0000	0.0000
ENSG00000267201.1	LINC01775	lncRNA	5	3	2	1.1445	0.3352	0.3228
ENSG00000267202.5	AC090386.1	lncRNA	0	0	0	0.0000	0.0000	0.0000
ENSG00000267203.1	SNRPGP4	processed_pseudogene	4	1	3	1.4833	0.4345	0.4184
ENSG00000267204.1	LINC01782	lncRNA	1	0	1	0.0292	0.0086	0.0082
ENSG00000267205.1	AC005954.2	lncRNA	0	44	40	0.0000	0.0000	0.0000
ENSG00000267206.6	LCN6	protein_coding	0	0	0	0.0000	0.0000	0.0000
ENSG00000267207.1	AC005884.1	lncRNA	0	74	64	0.0000	0.0000	0.0000
ENSG00000267209.5	LINC01897	lncRNA	0	0	0	0.0000	0.0000	0.0000
ENSG00000267211.1	AC003043.1	lncRNA	0	0	0	0.0000	0.0000	0.0000
ENSG00000267212.1	AC018761.3	lncRNA	2	1	1	0.4377	0.1282	0.1235
ENSG00000267213.4	AC007773.1	lncRNA	19	7	12	1.6600	0.4862	0.4682
ENSG00000267214.1	AC092068.1	lncRNA	0	0	0	0.0000	0.0000	0.0000
ENSG00000267215.2	AC040963.1	lncRNA	0	0	0	0.0000	0.0000	0.0000
ENSG00000267216.1	ZNF8-ERVK3-1	lncRNA	10	4	6	0.2009	0.0588	0.0567
ENSG00000267218.2	AC005336.2	processed_pseudogene	1	1	1	0.0904	0.0265	0.0255
ENSG00000267219.1	AC010504.1	lncRNA	2	4	1	0.2903	0.0850	0.0819
ENSG00000267220.1	AC011447.2	transcribed_unprocessed_pseudogene	0	0	0	0.0000	0.0000	0.0000
ENSG00000267221.3	C17orf113	protein_coding	12	5	7	0.2730	0.0800	0.0770
ENSG00000267222.1	AC107993.1	lncRNA	2	1	1	0.2483	0.0727	0.0700
ENSG00000267223.1	AC005597.1	lncRNA	0	0	0	0.0000	0.0000	0.0000
ENSG00000267224.1	AC005498.1	lncRNA	0	0	0	0.0000	0.0000	0.0000
ENSG00000267225.1	WDR7-OT1	lncRNA	0	0	0	0.0000	0.0000	0.0000
ENSG00000267226.2	AC104971.1	lncRNA	0	7	1	0.0000	0.0000	0.0000
ENSG00000267227.1	AC005324.5	processed_pseudogene	0	0	0	0.0000	0.0000	0.0000
ENSG00000267228.7	AC012254.2	protein_coding	0	0	0	0.0000	0.0000	0.0000
ENSG00000267231.1	AC005786.2	lncRNA	1	1	0	0.2301	0.0674	0.0649
ENSG00000267232.1	AC012615.5	lncRNA	0	8	13	0.0000	0.0000	0.0000
ENSG00000267233.1	HNRNPA3P16	processed_pseudogene	0	0	0	0.0000	0.0000	0.0000
ENSG00000267234.1	AC092067.1	lncRNA	0	0	0	0.0000	0.0000	0.0000
ENSG00000267235.3	ZNF861P	transcribed_unprocessed_pseudogene	0	0	0	0.0000	0.0000	0.0000
ENSG00000267238.1	AC093074.1	lncRNA	0	0	0	0.0000	0.0000	0.0000
ENSG00000267239.1	AP001198.1	lncRNA	0	0	0	0.0000	0.0000	0.0000
ENSG00000267240.1	AC011524.2	lncRNA	0	0	0	0.0000	0.0000	0.0000
ENSG00000267241.2	CYP4F10P	unprocessed_pseudogene	0	0	0	0.0000	0.0000	0.0000
ENSG00000267243.6	AC005381.1	lncRNA	0	0	0	0.0000	0.0000	0.0000
ENSG00000267244.5	AC012615.6	lncRNA	12	58	57	0.4153	0.1216	0.1171
ENSG00000267245.1	AC008805.1	processed_pseudogene	0	0	0	0.0000	0.0000	0.0000
ENSG00000267246.1	AC091132.5	lncRNA	0	0	0	0.0000	0.0000	0.0000
ENSG00000267247.1	AP005264.2	lncRNA	0	0	0	0.0000	0.0000	0.0000
ENSG00000267248.3	AC025048.2	lncRNA	19	21	16	0.4989	0.1461	0.1407
ENSG00000267249.1	AP005482.2	lncRNA	15	10	5	1.7692	0.5182	0.4990
ENSG00000267250.1	AC011591.1	lncRNA	1	1	0	0.1639	0.0480	0.0462
ENSG00000267251.2	AC139100.1	lncRNA	1	67	59	0.0380	0.0111	0.0107
ENSG00000267252.6	LINC01255	lncRNA	0	0	0	0.0000	0.0000	0.0000
ENSG00000267253.1	WHSC1L2P	processed_pseudogene	1	1	0	0.0400	0.0117	0.0113
ENSG00000267254.7	ZNF790-AS1	lncRNA	22	11	14	0.2351	0.0689	0.0663
ENSG00000267255.1	AC011498.3	lncRNA	0	83	68	0.0000	0.0000	0.0000
ENSG00000267257.1	AC105105.1	lncRNA	0	4	4	0.0000	0.0000	0.0000
ENSG00000267258.1	PPIAP58	processed_pseudogene	4	3	1	0.7197	0.2108	0.2030
ENSG00000267259.1	ERVE-1	lncRNA	0	1	0	0.0000	0.0000	0.0000
ENSG00000267260.2	AC020928.1	lncRNA	1	1	1	0.0401	0.0117	0.0113
ENSG00000267261.5	AC099811.2	protein_coding	0	0	0	0.0000	0.0000	0.0000
ENSG00000267262.1	AC011444.2	lncRNA	0	0	0	0.0000	0.0000	0.0000
ENSG00000267263.1	AC111170.2	lncRNA	0	0	1	0.0000	0.0000	0.0000
ENSG00000267264.1	AC006504.3	processed_pseudogene	3	2	1	0.4871	0.1427	0.1374
ENSG00000267265.5	AC011476.3	lncRNA	9	25	16	0.5562	0.1629	0.1569
ENSG00000267269.1	AC010776.1	lncRNA	0	0	0	0.0000	0.0000	0.0000
ENSG00000267270.6	PARD6G-AS1	lncRNA	22	9	13	0.3116	0.0913	0.0879
ENSG00000267271.1	AC060766.2	processed_pseudogene	0	0	0	0.0000	0.0000	0.0000
ENSG00000267272.5	LINC01140	lncRNA	59	25	34	0.7459	0.2185	0.2104
ENSG00000267273.1	AC008567.2	lncRNA	0	0	0	0.0000	0.0000	0.0000
ENSG00000267274.1	AC008770.3	lncRNA	5	3	2	0.9073	0.2658	0.2559
ENSG00000267275.1	AC020911.2	lncRNA	2	1	1	0.2115	0.0620	0.0597
ENSG00000267277.1	AC024575.1	lncRNA	7	31	24	0.8716	0.2553	0.2458
ENSG00000267278.6	MAP3K14-AS1	lncRNA	226	216	209	3.7115	1.0871	1.0468
ENSG00000267279.2	AC090409.1	lncRNA	3	1	2	0.1793	0.0525	0.0506
ENSG00000267280.5	TBX2-AS1	lncRNA	37	12	25	2.6054	0.7631	0.7349
ENSG00000267281.2	ATF7-NPFF	protein_coding	5	2	3	0.1578	0.0462	0.0445
ENSG00000267282.1	AC011481.2	lncRNA	0	36	34	0.0000	0.0000	0.0000
ENSG00000267283.1	AC005306.1	lncRNA	0	426	391	0.0000	0.0000	0.0000
ENSG00000267284.2	AC022031.2	lncRNA	0	0	0	0.0000	0.0000	0.0000
ENSG00000267285.1	AC004672.2	lncRNA	0	0	0	0.0000	0.0000	0.0000
ENSG00000267286.1	AP001198.2	lncRNA	0	0	0	0.0000	0.0000	0.0000
ENSG00000267287.1	AC068473.3	lncRNA	2	1	1	0.0276	0.0081	0.0078
ENSG00000267288.2	AC138150.2	lncRNA	18	499	482	0.6420	0.1880	0.1811
ENSG00000267289.1	AC008752.2	lncRNA	0	0	0	0.0000	0.0000	0.0000
ENSG00000267291.1	AC008649.1	lncRNA	0	72	70	0.0000	0.0000	0.0000
ENSG00000267292.1	AP001542.2	processed_pseudogene	0	0	0	0.0000	0.0000	0.0000
ENSG00000267293.1	AC012569.1	processed_pseudogene	2	1	1	0.1114	0.0326	0.0314
ENSG00000267295.1	AC025048.3	unprocessed_pseudogene	0	0	0	0.0000	0.0000	0.0000
ENSG00000267296.2	CEBPA-DT	lncRNA	15	10	5	0.5795	0.1698	0.1635
ENSG00000267298.1	AC006116.5	lncRNA	1	1	0	0.1519	0.0445	0.0428
ENSG00000267299.1	AC011444.3	lncRNA	0	0	0	0.0000	0.0000	0.0000
ENSG00000267301.1	RPL23AP77	processed_pseudogene	1	1	0	0.1834	0.0537	0.0517
ENSG00000267302.5	RNFT1-DT	lncRNA	3	1	2	0.1192	0.0349	0.0336
ENSG00000267303.1	AC011511.4	protein_coding	0	0	0	0.0000	0.0000	0.0000
ENSG00000267304.1	AC004637.1	lncRNA	0	0	0	0.0000	0.0000	0.0000
ENSG00000267305.2	AL592148.2	unprocessed_pseudogene	0	0	0	0.0000	0.0000	0.0000
ENSG00000267308.3	LINC01764	lncRNA	0	0	0	0.0000	0.0000	0.0000
ENSG00000267309.1	AC092295.2	lncRNA	17	13	15	1.0371	0.3038	0.2925
ENSG00000267310.2	OR4G1P	transcribed_unprocessed_pseudogene	0	0	0	0.0000	0.0000	0.0000
ENSG00000267311.1	AC007673.1	lncRNA	0	0	0	0.0000	0.0000	0.0000
ENSG00000267312.1	AC015911.4	processed_pseudogene	0	0	0	0.0000	0.0000	0.0000
ENSG00000267313.7	KC6	lncRNA	1	1	0	0.0164	0.0048	0.0046
ENSG00000267314.1	AC104532.1	protein_coding	0	0	0	0.0000	0.0000	0.0000
ENSG00000267315.1	AC060766.3	processed_pseudogene	0	0	0	0.0000	0.0000	0.0000
ENSG00000267316.5	AC090409.2	lncRNA	0	0	0	0.0000	0.0000	0.0000
ENSG00000267317.2	AC027307.2	lncRNA	135	115	91	12.5843	3.6861	3.5495
ENSG00000267318.1	AC005702.1	protein_coding	0	0	0	0.0000	0.0000	0.0000
ENSG00000267319.1	SELENOKP1	processed_pseudogene	2	1	1	0.5959	0.1746	0.1681
ENSG00000267320.5	AC005580.1	lncRNA	0	0	0	0.0000	0.0000	0.0000
ENSG00000267321.3	SNHG30	lncRNA	263	135	142	14.0113	4.1041	3.9520
ENSG00000267322.2	SNHG22	lncRNA	1	114	96	0.0327	0.0096	0.0092
ENSG00000267323.1	SLC25A1P5	processed_pseudogene	1	66	81	0.1085	0.0318	0.0306
ENSG00000267324.1	AC006557.2	processed_pseudogene	0	0	0	0.0000	0.0000	0.0000
ENSG00000267325.2	LINC01415	lncRNA	1	0	1	0.0192	0.0056	0.0054
ENSG00000267327.2	AC009271.1	lncRNA	0	0	0	0.0000	0.0000	0.0000
ENSG00000267328.1	AC002398.2	lncRNA	0	41	58	0.0000	0.0000	0.0000
ENSG00000267332.1	BOLA3P2	processed_pseudogene	0	0	0	0.0000	0.0000	0.0000
ENSG00000267333.1	ASNSP6	processed_pseudogene	0	0	0	0.0000	0.0000	0.0000
ENSG00000267334.1	AC015936.1	lncRNA	0	1	0	0.0000	0.0000	0.0000
ENSG00000267335.2	AC008687.1	protein_coding	0	0	0	0.0000	0.0000	0.0000
ENSG00000267336.1	EIF4A2P1	processed_pseudogene	1	0	1	0.0799	0.0234	0.0225
ENSG00000267337.2	LINC01478	lncRNA	0	0	0	0.0000	0.0000	0.0000
ENSG00000267338.1	AP000365.1	lncRNA	0	0	0	0.0000	0.0000	0.0000
ENSG00000267339.7	LINC00906	lncRNA	7	3	4	0.0873	0.0256	0.0246
ENSG00000267340.1	AC060780.2	processed_pseudogene	2	1	1	0.8578	0.2513	0.2419
ENSG00000267341.1	AC100843.1	lncRNA	2	1	1	0.5242	0.1535	0.1479
ENSG00000267342.1	AC087289.2	lncRNA	5	192	139	0.2992	0.0876	0.0844
ENSG00000267343.2	ZNF833P	transcribed_unprocessed_pseudogene	0	0	0	0.0000	0.0000	0.0000
ENSG00000267344.1	AC003070.1	lncRNA	1	12	10	0.1858	0.0544	0.0524
ENSG00000267345.1	AC010632.1	lncRNA	0	10	4	0.0000	0.0000	0.0000
ENSG00000267346.1	EIF5AP3	processed_pseudogene	1	1	0	0.1838	0.0538	0.0518
ENSG00000267348.3	GEMIN7-AS1	lncRNA	12	377	364	0.2921	0.0856	0.0824
ENSG00000267349.1	AC015911.5	lncRNA	0	1	3	0.0000	0.0000	0.0000
ENSG00000267352.1	SH3GL1P3	processed_pseudogene	0	19	18	0.0000	0.0000	0.0000
ENSG00000267353.1	AC020928.2	lncRNA	0	0	1	0.0000	0.0000	0.0000
ENSG00000267354.1	AC091151.2	lncRNA	1	1	0	0.1170	0.0343	0.0330
ENSG00000267355.2	RPL9P29	processed_pseudogene	2	8	15	0.2864	0.0839	0.0808
ENSG00000267356.1	AC006557.3	lncRNA	0	8	1	0.0000	0.0000	0.0000
ENSG00000267359.1	AC015911.6	lncRNA	1	1	0	0.1858	0.0544	0.0524
ENSG00000267360.6	AC012309.1	protein_coding	0	0	0	0.0000	0.0000	0.0000
ENSG00000267361.1	SEC24AP1	processed_pseudogene	0	0	0	0.0000	0.0000	0.0000
ENSG00000267363.1	AC092296.4	lncRNA	1	1	0	0.3410	0.0999	0.0962
ENSG00000267364.2	AC022706.1	lncRNA	17	4	13	1.0275	0.3010	0.2898
ENSG00000267365.1	KCNJ2-AS1	lncRNA	24	16	18	0.8346	0.2445	0.2354
ENSG00000267366.1	AP005131.2	lncRNA	5	3	2	0.8719	0.2554	0.2459
ENSG00000267368.1	UPK3BL1	protein_coding	0	0	0	0.0000	0.0000	0.0000
ENSG00000267369.1	TAF5LP1	processed_pseudogene	55	27	31	4.8754	1.4281	1.3751
ENSG00000267370.1	AC008752.3	unprocessed_pseudogene	16	9	7	1.9083	0.5590	0.5383
ENSG00000267371.1	AP001017.1	processed_pseudogene	0	0	0	0.0000	0.0000	0.0000
ENSG00000267372.2	AC005330.1	lncRNA	1	1	0	0.0686	0.0201	0.0193
ENSG00000267373.1	AC008894.1	lncRNA	1	1	0	0.2314	0.0678	0.0653
ENSG00000267374.2	MIR924HG	lncRNA	1	1	0	0.0072	0.0021	0.0020
ENSG00000267375.1	AC008649.2	lncRNA	1	0	1	0.3509	0.1028	0.0990
ENSG00000267376.1	ATP5MGP6	processed_pseudogene	0	0	0	0.0000	0.0000	0.0000
ENSG00000267378.1	AC020897.1	lncRNA	0	0	0	0.0000	0.0000	0.0000
ENSG00000267379.1	AC008569.1	lncRNA	0	1210	1314	0.0000	0.0000	0.0000
ENSG00000267382.1	AC010928.1	transcribed_unprocessed_pseudogene	16	12	10	0.8030	0.2352	0.2265
ENSG00000267383.7	AC011447.3	lncRNA	3	5	11	0.0328	0.0096	0.0093
ENSG00000267384.3	SMCO4P1	processed_pseudogene	0	0	0	0.0000	0.0000	0.0000
ENSG00000267385.1	AC011498.4	protein_coding	0	0	0	0.0000	0.0000	0.0000
ENSG00000267387.1	AC020931.1	lncRNA	2	156	186	0.1262	0.0370	0.0356
ENSG00000267388.1	AF038458.2	lncRNA	0	0	0	0.0000	0.0000	0.0000
ENSG00000267389.2	AC006504.4	unprocessed_pseudogene	0	0	0	0.0000	0.0000	0.0000
ENSG00000267390.1	AC036176.1	lncRNA	23	2	21	2.4881	0.7288	0.7018
ENSG00000267391.5	MIR122HG	lncRNA	0	0	0	0.0000	0.0000	0.0000
ENSG00000267392.3	CYP4F9P	unprocessed_pseudogene	0	0	0	0.0000	0.0000	0.0000
ENSG00000267393.1	AP002439.1	lncRNA	0	0	0	0.0000	0.0000	0.0000
ENSG00000267394.1	AC004596.1	lncRNA	4	149	140	0.6433	0.1884	0.1815
ENSG00000267395.5	DM1-AS	lncRNA	4	216	208	0.3308	0.0969	0.0933
ENSG00000267396.1	AC090236.1	lncRNA	0	101	100	0.0000	0.0000	0.0000
ENSG00000267397.1	AC090229.1	lncRNA	12	10	2	0.6333	0.1855	0.1786
ENSG00000267398.1	AC006130.2	processed_pseudogene	0	0	0	0.0000	0.0000	0.0000
ENSG00000267399.1	AC006305.2	lncRNA	0	0	0	0.0000	0.0000	0.0000
ENSG00000267400.1	AC010928.2	processed_pseudogene	0	0	0	0.0000	0.0000	0.0000
ENSG00000267401.2	AC090621.1	lncRNA	0	0	0	0.0000	0.0000	0.0000
ENSG00000267402.1	TCF4-AS2	lncRNA	0	0	0	0.0000	0.0000	0.0000
ENSG00000267404.1	AC023043.2	processed_pseudogene	2	0	2	0.1655	0.0485	0.0467
ENSG00000267405.1	AC005180.1	lncRNA	4	2	2	0.5787	0.1695	0.1632
ENSG00000267406.1	AC011509.1	lncRNA	0	0	0	0.0000	0.0000	0.0000
ENSG00000267407.2	LINC02841	lncRNA	0	0	0	0.0000	0.0000	0.0000
ENSG00000267408.1	AC011498.5	unprocessed_pseudogene	0	0	0	0.0000	0.0000	0.0000
ENSG00000267409.1	AC068473.4	lncRNA	6	2	4	0.8710	0.2551	0.2457
ENSG00000267412.1	AC092068.2	lncRNA	1	0	1	0.0497	0.0146	0.0140
ENSG00000267413.1	LINC01901	lncRNA	0	0	0	0.0000	0.0000	0.0000
ENSG00000267414.1	SETBP1-DT	lncRNA	19	10	9	0.7814	0.2289	0.2204
ENSG00000267415.1	AC011471.1	transcribed_processed_pseudogene	0	0	0	0.0000	0.0000	0.0000
ENSG00000267416.1	AC025048.4	lncRNA	4	2	6	0.4860	0.1423	0.1371
ENSG00000267417.1	AC138474.1	lncRNA	0	0	1	0.0000	0.0000	0.0000
ENSG00000267418.1	ELOCP29	processed_pseudogene	1	1	0	0.2543	0.0745	0.0717
ENSG00000267419.2	ZNF56	transcribed_unprocessed_pseudogene	8	19	10	0.2885	0.0845	0.0814
ENSG00000267420.1	AC007993.2	lncRNA	2	0	3	0.3260	0.0955	0.0919
ENSG00000267421.6	AC005498.2	lncRNA	1	1	0	0.0769	0.0225	0.0217
ENSG00000267422.1	AC016582.2	transcribed_processed_pseudogene	7	14	5	0.4151	0.1216	0.1171
ENSG00000267423.1	AC005616.1	lncRNA	0	0	0	0.0000	0.0000	0.0000
ENSG00000267424.1	AC020934.1	lncRNA	0	0	0	0.0000	0.0000	0.0000
ENSG00000267425.1	LINC01928	lncRNA	0	0	0	0.0000	0.0000	0.0000
ENSG00000267426.5	AC087289.3	protein_coding	0	0	0	0.0000	0.0000	0.0000
ENSG00000267428.2	AC091135.1	unprocessed_pseudogene	0	0	0	0.0000	0.0000	0.0000
ENSG00000267429.1	AC006116.6	lncRNA	0	0	0	0.0000	0.0000	0.0000
ENSG00000267430.1	AC036176.2	processed_pseudogene	1	0	1	0.0737	0.0216	0.0208
ENSG00000267432.6	DNAH17-AS1	lncRNA	1	2	0	0.0111	0.0032	0.0031
ENSG00000267433.1	AC008798.1	unprocessed_pseudogene	0	0	0	0.0000	0.0000	0.0000
ENSG00000267436.1	AC005786.3	lncRNA	0	1350	1289	0.0000	0.0000	0.0000
ENSG00000267437.1	AC012309.2	lncRNA	0	17	7	0.0000	0.0000	0.0000
ENSG00000267439.1	AD000671.3	lncRNA	1	270	281	0.0416	0.0122	0.0117
ENSG00000267440.2	LINC02594	lncRNA	1	0	1	0.0575	0.0169	0.0162
ENSG00000267441.1	AL353997.3	processed_pseudogene	0	0	0	0.0000	0.0000	0.0000
ENSG00000267443.2	AC010641.1	lncRNA	0	0	0	0.0000	0.0000	0.0000
ENSG00000267444.1	SMUG1P1	processed_pseudogene	0	0	0	0.0000	0.0000	0.0000
ENSG00000267446.1	AC003070.2	lncRNA	0	0	0	0.0000	0.0000	0.0000
ENSG00000267448.6	AC010649.1	lncRNA	0	3	5	0.0000	0.0000	0.0000
ENSG00000267449.1	AC005884.2	lncRNA	0	4	0	0.0000	0.0000	0.0000
ENSG00000267450.1	OR1AB1P	unprocessed_pseudogene	0	0	0	0.0000	0.0000	0.0000
ENSG00000267452.3	LINC02073	lncRNA	22	13	10	0.2513	0.0736	0.0709
ENSG00000267453.7	CLEC4O	transcribed_unprocessed_pseudogene	0	0	0	0.0000	0.0000	0.0000
ENSG00000267454.6	ZNF582-AS1	lncRNA	2	1	1	0.0821	0.0240	0.0232
ENSG00000267455.1	AP005137.1	lncRNA	0	0	0	0.0000	0.0000	0.0000
ENSG00000267456.2	AC023043.3	processed_pseudogene	2	2	0	0.4411	0.1292	0.1244
ENSG00000267457.1	AC004223.2	lncRNA	0	0	0	0.0000	0.0000	0.0000
ENSG00000267458.1	AC092069.1	lncRNA	0	7496	7330	0.0000	0.0000	0.0000
ENSG00000267461.1	AC079210.1	lncRNA	4	2	2	0.8846	0.2591	0.2495
ENSG00000267462.1	AC090377.1	lncRNA	0	0	0	0.0000	0.0000	0.0000
ENSG00000267463.1	UBE2V2P2	processed_pseudogene	0	0	0	0.0000	0.0000	0.0000
ENSG00000267465.7	AC011525.2	lncRNA	0	0	0	0.0000	0.0000	0.0000
ENSG00000267466.1	AC021683.1	lncRNA	0	0	0	0.0000	0.0000	0.0000
ENSG00000267467.4	APOC4	protein_coding	0	0	0	0.0000	0.0000	0.0000
ENSG00000267469.1	AC005944.1	lncRNA	0	1401	1230	0.0000	0.0000	0.0000
ENSG00000267470.6	ZNF571-AS1	lncRNA	1	1	1	0.0112	0.0033	0.0032
ENSG00000267471.1	AC005771.1	processed_pseudogene	0	0	0	0.0000	0.0000	0.0000
ENSG00000267472.1	ARHGAP27P2	processed_pseudogene	2	0	2	0.2512	0.0736	0.0709
ENSG00000267474.1	AC008569.2	lncRNA	1	0	1	0.0955	0.0280	0.0269
ENSG00000267475.1	AC008736.1	lncRNA	46	20	26	6.8774	2.0145	1.9398
ENSG00000267476.1	AC104365.1	lncRNA	1	0	7	0.1267	0.0371	0.0357
ENSG00000267477.1	AC008481.3	protein_coding	0	0	0	0.0000	0.0000	0.0000
ENSG00000267478.1	AP002414.3	processed_pseudogene	0	0	0	0.0000	0.0000	0.0000
ENSG00000267480.1	AP001542.3	lncRNA	4	1	3	0.6446	0.1888	0.1818
ENSG00000267481.1	AC011477.1	lncRNA	18	11	14	1.6597	0.4861	0.4681
ENSG00000267482.1	AC104996.3	unprocessed_pseudogene	0	0	0	0.0000	0.0000	0.0000
ENSG00000267484.1	AC027319.1	lncRNA	0	511	527	0.0000	0.0000	0.0000
ENSG00000267486.1	GLUD1P4	processed_pseudogene	0	0	0	0.0000	0.0000	0.0000
ENSG00000267487.1	AC100843.2	processed_pseudogene	0	0	0	0.0000	0.0000	0.0000
ENSG00000267489.5	LINC01837	lncRNA	0	0	0	0.0000	0.0000	0.0000
ENSG00000267490.1	AC008759.1	unprocessed_pseudogene	0	0	0	0.0000	0.0000	0.0000
ENSG00000267491.1	AC100788.1	lncRNA	0	0	0	0.0000	0.0000	0.0000
ENSG00000267492.1	AL353997.4	processed_pseudogene	0	0	0	0.0000	0.0000	0.0000
ENSG00000267493.4	CIRBP-AS1	lncRNA	9	5	8	0.5636	0.1651	0.1590
ENSG00000267496.4	FAM215A	lncRNA	1	0	1	0.1072	0.0314	0.0302
ENSG00000267497.1	NFE2L3P1	processed_pseudogene	1	1	0	0.0433	0.0127	0.0122
ENSG00000267498.2	AC007786.1	lncRNA	25	13	12	1.3219	0.3872	0.3729
ENSG00000267500.1	ZNF887P	transcribed_unprocessed_pseudogene	2	1	1	0.1207	0.0354	0.0340
ENSG00000267501.1	AC104365.2	lncRNA	0	0	0	0.0000	0.0000	0.0000
ENSG00000267503.1	AP005131.3	lncRNA	2	0	2	0.2554	0.0748	0.0720
ENSG00000267504.1	AC090236.2	lncRNA	1	1	0	0.0771	0.0226	0.0218
ENSG00000267505.1	AC005180.2	lncRNA	4	1	3	0.6044	0.1770	0.1705
ENSG00000267506.5	AC021683.2	lncRNA	0	0	0	0.0000	0.0000	0.0000
ENSG00000267507.1	AC010327.3	processed_pseudogene	1	0	1	0.1740	0.0510	0.0491
ENSG00000267508.6	ZNF285	protein_coding	4	1	3	0.0495	0.0145	0.0140
ENSG00000267509.5	AC010511.1	lncRNA	0	0	0	0.0000	0.0000	0.0000
ENSG00000267510.1	AC011451.1	lncRNA	0	23	32	0.0000	0.0000	0.0000
ENSG00000267511.1	ADAD1P2	processed_pseudogene	0	0	0	0.0000	0.0000	0.0000
ENSG00000267512.1	AC011446.1	lncRNA	0	466	501	0.0000	0.0000	0.0000
ENSG00000267513.3	HMGN1P31	processed_pseudogene	0	0	0	0.0000	0.0000	0.0000
ENSG00000267515.1	AP001029.3	processed_pseudogene	2	1	1	0.2850	0.0835	0.0804
ENSG00000267517.1	LINC01855	lncRNA	1	0	1	0.2144	0.0628	0.0605
ENSG00000267518.1	AC090699.1	processed_pseudogene	0	0	0	0.0000	0.0000	0.0000
ENSG00000267519.6	AC020916.1	lncRNA	245	387	363	1.0922	0.3199	0.3081
ENSG00000267520.2	AC010733.1	lncRNA	0	0	0	0.0000	0.0000	0.0000
ENSG00000267521.1	AC016168.1	lncRNA	0	0	0	0.0000	0.0000	0.0000
ENSG00000267522.1	LINC01864	lncRNA	0	0	0	0.0000	0.0000	0.0000
ENSG00000267523.1	AC008735.2	lncRNA	10	103	122	1.5137	0.4434	0.4270
ENSG00000267524.1	RPSAP57	processed_pseudogene	0	0	0	0.0000	0.0000	0.0000
ENSG00000267526.1	AC005702.2	processed_pseudogene	0	0	0	0.0000	0.0000	0.0000
ENSG00000267529.3	AP005131.4	lncRNA	0	0	0	0.0000	0.0000	0.0000
ENSG00000267530.3	LINC01836	lncRNA	4	4	0	0.2000	0.0586	0.0564
ENSG00000267532.5	MIR497HG	lncRNA	2	447	412	0.0442	0.0129	0.0125
ENSG00000267533.1	AP002414.4	processed_pseudogene	3	2	1	0.2219	0.0650	0.0626
ENSG00000267534.4	S1PR2	protein_coding	1777	869	908	41.4229	12.1334	11.6836
ENSG00000267535.2	LINC00868	lncRNA	0	0	0	0.0000	0.0000	0.0000
ENSG00000267537.1	AC079466.2	lncRNA	0	0	0	0.0000	0.0000	0.0000
ENSG00000267541.1	MTCO2P2	processed_pseudogene	8	6	3	3.0194	0.8844	0.8516
ENSG00000267543.1	AC015802.3	lncRNA	1	0	1	0.1490	0.0436	0.0420
ENSG00000267544.1	HIKESHIP2	processed_pseudogene	6	3	3	1.2367	0.3623	0.3488
ENSG00000267546.2	AC015802.4	lncRNA	2	4	3	0.1137	0.0333	0.0321
ENSG00000267547.1	AC060766.4	lncRNA	7	5	2	1.1070	0.3242	0.3122
ENSG00000267549.6	AC006116.7	lncRNA	2	15	10	0.0356	0.0104	0.0100
ENSG00000267550.1	AC022517.1	lncRNA	0	0	0	0.0000	0.0000	0.0000
ENSG00000267551.3	AC005264.1	lncRNA	0	13	10	0.0000	0.0000	0.0000
ENSG00000267552.6	AC093227.2	protein_coding	0	0	0	0.0000	0.0000	0.0000
ENSG00000267554.1	AC015911.7	processed_pseudogene	10	5	5	1.5164	0.4442	0.4277
ENSG00000267555.1	AC008805.2	lncRNA	0	0	0	0.0000	0.0000	0.0000
ENSG00000267557.1	AC008474.1	lncRNA	0	0	0	0.0000	0.0000	0.0000
ENSG00000267558.2	AC087685.1	processed_pseudogene	0	0	0	0.0000	0.0000	0.0000
ENSG00000267559.5	AL158154.3	lncRNA	1	1	0	0.0385	0.0113	0.0108
ENSG00000267560.1	AC027514.2	lncRNA	5	3	2	0.6666	0.1952	0.1880
ENSG00000267561.2	AC093155.3	protein_coding	0	0	0	0.0000	0.0000	0.0000
ENSG00000267563.1	AC011471.2	lncRNA	0	0	0	0.0000	0.0000	0.0000
ENSG00000267564.1	AP001109.1	lncRNA	0	0	0	0.0000	0.0000	0.0000
ENSG00000267565.1	AC011477.2	lncRNA	3	4	3	0.6322	0.1852	0.1783
ENSG00000267567.1	AC008736.2	lncRNA	1	0	1	0.1646	0.0482	0.0464
ENSG00000267568.6	AC016168.2	lncRNA	2	3	4	0.1753	0.0513	0.0494
ENSG00000267570.1	STK25P1	processed_pseudogene	0	0	0	0.0000	0.0000	0.0000
ENSG00000267571.1	AC104532.2	lncRNA	17	12	20	2.4510	0.7179	0.6913
ENSG00000267573.1	KRT8P5	processed_pseudogene	0	0	0	0.0000	0.0000	0.0000
ENSG00000267574.1	AC011474.3	lncRNA	0	0	0	0.0000	0.0000	0.0000
ENSG00000267575.7	AC006504.5	lncRNA	298	267	271	1.7868	0.5234	0.5040
ENSG00000267576.1	AC011472.3	lncRNA	0	415	441	0.0000	0.0000	0.0000
ENSG00000267577.1	AC010327.4	lncRNA	3	41	37	0.1551	0.0454	0.0437
ENSG00000267579.1	AC104971.2	lncRNA	0	0	0	0.0000	0.0000	0.0000
ENSG00000267580.1	AC008738.3	lncRNA	0	223	246	0.0000	0.0000	0.0000
ENSG00000267581.1	AC011477.3	lncRNA	0	0	0	0.0000	0.0000	0.0000
ENSG00000267582.1	AC020916.2	lncRNA	0	0	0	0.0000	0.0000	0.0000
ENSG00000267583.5	AC007998.3	lncRNA	4	2	2	0.3708	0.1086	0.1046
ENSG00000267585.1	AC013290.1	processed_pseudogene	0	0	0	0.0000	0.0000	0.0000
ENSG00000267586.7	LINC00907	lncRNA	2	1	1	0.0155	0.0045	0.0044
ENSG00000267587.1	AC090241.1	processed_pseudogene	0	0	0	0.0000	0.0000	0.0000
ENSG00000267589.1	AC011444.4	processed_pseudogene	2	1	1	0.4063	0.1190	0.1146
ENSG00000267590.1	NDUFA3P1	processed_pseudogene	1	0	1	0.3370	0.0987	0.0950
ENSG00000267591.1	AC105224.1	processed_pseudogene	0	0	0	0.0000	0.0000	0.0000
ENSG00000267592.1	AC004134.1	processed_pseudogene	0	0	0	0.0000	0.0000	0.0000
ENSG00000267593.2	LINC01926	lncRNA	1	1	0	0.1311	0.0384	0.0370
ENSG00000267594.5	CYP4F24P	unprocessed_pseudogene	2	2	1	0.1075	0.0315	0.0303
ENSG00000267595.1	BRCA1P1	unprocessed_pseudogene	1	1	0	1.0615	0.3109	0.2994
ENSG00000267597.1	RPIAP1	processed_pseudogene	0	0	0	0.0000	0.0000	0.0000
ENSG00000267598.1	AC011446.2	lncRNA	0	876	781	0.0000	0.0000	0.0000
ENSG00000267599.1	AC008794.1	lncRNA	0	0	0	0.0000	0.0000	0.0000
ENSG00000267601.1	AC022966.1	lncRNA	0	8894	8518	0.0000	0.0000	0.0000
ENSG00000267603.1	LINC01028	lncRNA	0	0	0	0.0000	0.0000	0.0000
ENSG00000267604.1	AC003098.1	lncRNA	0	0	0	0.0000	0.0000	0.0000
ENSG00000267605.7	AC016590.1	lncRNA	0	17	9	0.0000	0.0000	0.0000
ENSG00000267606.1	AC006116.8	lncRNA	0	0	0	0.0000	0.0000	0.0000
ENSG00000267607.1	AC011511.5	lncRNA	4	2269	2361	0.1055	0.0309	0.0298
ENSG00000267609.2	SNX33P1	processed_pseudogene	0	0	0	0.0000	0.0000	0.0000
ENSG00000267610.2	AC007787.1	lncRNA	0	0	0	0.0000	0.0000	0.0000
ENSG00000267611.1	AC008521.1	processed_pseudogene	0	0	0	0.0000	0.0000	0.0000
ENSG00000267612.1	AC008759.2	lncRNA	0	0	0	0.0000	0.0000	0.0000
ENSG00000267614.1	AC245748.3	lncRNA	0	0	0	0.0000	0.0000	0.0000
ENSG00000267615.1	AC087289.4	lncRNA	0	135	128	0.0000	0.0000	0.0000
ENSG00000267617.2	AC007795.1	lncRNA	0	0	0	0.0000	0.0000	0.0000
ENSG00000267618.5	AC004223.3	protein_coding	0	0	0	0.0000	0.0000	0.0000
ENSG00000267620.1	AC090771.1	processed_pseudogene	0	0	0	0.0000	0.0000	0.0000
ENSG00000267623.3	AC005357.2	transcribed_unprocessed_pseudogene	0	0	0	0.0000	0.0000	0.0000
ENSG00000267624.1	AC087645.1	processed_pseudogene	0	0	0	0.0000	0.0000	0.0000
ENSG00000267625.1	AC015911.8	lncRNA	0	0	0	0.0000	0.0000	0.0000
ENSG00000267626.1	AC002115.1	lncRNA	0	0	0	0.0000	0.0000	0.0000
ENSG00000267627.5	AC118757.1	lncRNA	0	0	0	0.0000	0.0000	0.0000
ENSG00000267628.1	AC104423.1	lncRNA	0	0	0	0.0000	0.0000	0.0000
ENSG00000267629.3	AC138430.1	lncRNA	0	0	0	0.0000	0.0000	0.0000
ENSG00000267630.1	AC005758.1	transcribed_unprocessed_pseudogene	0	0	0	0.0000	0.0000	0.0000
ENSG00000267631.5	CGB1	protein_coding	0	0	0	0.0000	0.0000	0.0000
ENSG00000267632.1	AC067852.3	lncRNA	4	2	2	0.1957	0.0573	0.0552
ENSG00000267633.1	AC008686.1	lncRNA	0	167	159	0.0000	0.0000	0.0000
ENSG00000267634.1	RPL7L1P5	processed_pseudogene	0	0	0	0.0000	0.0000	0.0000
ENSG00000267636.1	AC008992.1	lncRNA	0	0	0	0.0000	0.0000	0.0000
ENSG00000267637.1	AC040904.1	lncRNA	0	0	0	0.0000	0.0000	0.0000
ENSG00000267638.1	AC023855.1	lncRNA	2	2	0	0.4731	0.1386	0.1334
ENSG00000267640.6	AC016582.3	transcribed_unprocessed_pseudogene	6	5	3	0.0729	0.0214	0.0206
ENSG00000267641.1	BNIP3P16	processed_pseudogene	0	0	0	0.0000	0.0000	0.0000
ENSG00000267642.1	AC091198.1	lncRNA	0	0	0	0.0000	0.0000	0.0000
ENSG00000267643.1	AP005264.3	lncRNA	0	0	0	0.0000	0.0000	0.0000
ENSG00000267644.1	AC061975.7	lncRNA	0	0	0	0.0000	0.0000	0.0000
ENSG00000267645.5	AC105052.3	protein_coding	0	0	0	0.0000	0.0000	0.0000
ENSG00000267646.1	AC008543.5	lncRNA	7	5	6	0.2364	0.0692	0.0667
ENSG00000267647.1	MAP1LC3P	processed_pseudogene	0	0	0	0.0000	0.0000	0.0000
ENSG00000267648.1	AC060766.5	transcribed_processed_pseudogene	3	1	2	0.2925	0.0857	0.0825
ENSG00000267649.1	AC010327.5	lncRNA	3	3	7	0.1615	0.0473	0.0456
ENSG00000267650.1	AC008742.1	lncRNA	0	37	17	0.0000	0.0000	0.0000
ENSG00000267651.1	AC015961.1	lncRNA	1	1	0	0.0400	0.0117	0.0113
ENSG00000267652.1	NPM1P1	processed_pseudogene	1	1	0	0.3629	0.1063	0.1024
ENSG00000267653.1	AC002546.1	lncRNA	0	0	0	0.0000	0.0000	0.0000
ENSG00000267655.1	AC125437.1	lncRNA	12	7	5	1.4272	0.4181	0.4026
ENSG00000267656.1	AP001357.2	processed_pseudogene	0	0	0	0.0000	0.0000	0.0000
ENSG00000267658.1	AC099811.3	lncRNA	3	4	2	0.5994	0.1756	0.1691
ENSG00000267659.5	LINC01482	lncRNA	4	3	3	0.0922	0.0270	0.0260
ENSG00000267661.1	AP001269.3	processed_pseudogene	0	0	0	0.0000	0.0000	0.0000
ENSG00000267662.1	AC025809.1	lncRNA	0	0	0	0.0000	0.0000	0.0000
ENSG00000267663.1	PPIAP56	processed_pseudogene	0	0	0	0.0000	0.0000	0.0000
ENSG00000267664.1	RPL17P45	processed_pseudogene	0	0	0	0.0000	0.0000	0.0000
ENSG00000267665.2	AC021683.3	lncRNA	1	1	0	0.0113	0.0033	0.0032
ENSG00000267666.2	AC004156.1	lncRNA	19	13	6	0.4861	0.1424	0.1371
ENSG00000267669.1	AC098847.1	transcribed_processed_pseudogene	1	1	0	0.0762	0.0223	0.0215
ENSG00000267670.1	AC022098.2	lncRNA	0	1	1	0.0000	0.0000	0.0000
ENSG00000267672.1	AC010632.2	lncRNA	0	0	0	0.0000	0.0000	0.0000
ENSG00000267673.6	FDX2	protein_coding	0	0	0	0.0000	0.0000	0.0000
ENSG00000267674.1	AC090227.3	lncRNA	0	0	0	0.0000	0.0000	0.0000
ENSG00000267675.1	AC105105.2	lncRNA	0	0	0	0.0000	0.0000	0.0000
ENSG00000267676.1	THA1P	unitary_pseudogene	0	0	0	0.0000	0.0000	0.0000
ENSG00000267677.1	AC016229.2	lncRNA	0	0	0	0.0000	0.0000	0.0000
ENSG00000267678.1	AC011921.2	processed_pseudogene	0	0	0	0.0000	0.0000	0.0000
ENSG00000267679.1	EIF5AP2	processed_pseudogene	3	3	0	0.2433	0.0713	0.0686
ENSG00000267680.5	ZNF224	protein_coding	218	331	371	2.6059	0.7633	0.7350
ENSG00000267681.1	AC135721.1	transcribed_processed_pseudogene	8	5	3	2.2645	0.6633	0.6387
ENSG00000267682.1	AC016590.2	lncRNA	1	0	1	0.2265	0.0663	0.0639
ENSG00000267683.1	AC008991.1	lncRNA	11	3	8	1.9181	0.5618	0.5410
ENSG00000267685.2	NTF6B	unprocessed_pseudogene	0	0	0	0.0000	0.0000	0.0000
ENSG00000267686.2	AC090771.2	lncRNA	0	0	0	0.0000	0.0000	0.0000
ENSG00000267687.1	AC010928.3	processed_pseudogene	0	0	0	0.0000	0.0000	0.0000
ENSG00000267688.1	KF456478.1	lncRNA	0	317	314	0.0000	0.0000	0.0000
ENSG00000267689.1	AC010525.2	processed_pseudogene	0	0	1	0.0000	0.0000	0.0000
ENSG00000267690.1	LDLRAD4-AS1	lncRNA	1	1	0	0.0388	0.0114	0.0109
ENSG00000267691.1	SHC1P2	processed_pseudogene	2	1	1	0.1156	0.0339	0.0326
ENSG00000267692.1	TAF9P3	processed_pseudogene	3	1	2	2.0060	0.5876	0.5658
ENSG00000267693.1	AC011477.4	processed_pseudogene	0	0	0	0.0000	0.0000	0.0000
ENSG00000267694.1	AP005131.5	lncRNA	0	0	0	0.0000	0.0000	0.0000
ENSG00000267695.1	AC105227.1	lncRNA	0	0	0	0.0000	0.0000	0.0000
ENSG00000267696.6	ERVK-28	lncRNA	0	0	0	0.0000	0.0000	0.0000
ENSG00000267698.1	AC002116.2	lncRNA	1	455	410	0.1321	0.0387	0.0373
ENSG00000267699.2	AC091551.1	protein_coding	0	0	0	0.0000	0.0000	0.0000
ENSG00000267703.1	AC020917.2	lncRNA	0	0	0	0.0000	0.0000	0.0000
ENSG00000267704.1	FRG2LP	processed_pseudogene	0	0	0	0.0000	0.0000	0.0000
ENSG00000267705.1	AC104365.3	lncRNA	0	21	22	0.0000	0.0000	0.0000
ENSG00000267706.3	AC020922.1	protein_coding	0	0	0	0.0000	0.0000	0.0000
ENSG00000267707.2	AC015961.2	lncRNA	0	0	2	0.0000	0.0000	0.0000
ENSG00000267708.1	RDM1P3	unprocessed_pseudogene	1	1	1	0.1467	0.0430	0.0414
ENSG00000267709.1	AC024592.2	lncRNA	0	0	0	0.0000	0.0000	0.0000
ENSG00000267710.9	EDDM13	protein_coding	3	1	2	0.1084	0.0317	0.0306
ENSG00000267711.1	AC060766.6	lncRNA	2	0	2	0.4311	0.1263	0.1216
ENSG00000267712.6	LINC01539	lncRNA	0	0	0	0.0000	0.0000	0.0000
ENSG00000267713.1	AC012433.1	transcribed_processed_pseudogene	0	0	0	0.0000	0.0000	0.0000
ENSG00000267714.2	AC008738.4	lncRNA	0	0	0	0.0000	0.0000	0.0000
ENSG00000267716.1	AC083760.1	processed_pseudogene	0	0	0	0.0000	0.0000	0.0000
ENSG00000267717.1	SRSF10P1	processed_pseudogene	0	0	0	0.0000	0.0000	0.0000
ENSG00000267719.1	LINC02078	lncRNA	1	1	1	0.0200	0.0059	0.0057
ENSG00000267722.1	AP002414.5	lncRNA	0	0	0	0.0000	0.0000	0.0000
ENSG00000267723.1	AC011509.2	lncRNA	0	0	0	0.0000	0.0000	0.0000
ENSG00000267724.1	AC012254.3	lncRNA	4	115	144	0.1605	0.0470	0.0453
ENSG00000267725.1	AC008521.2	processed_pseudogene	0	0	0	0.0000	0.0000	0.0000
ENSG00000267726.1	LINC02565	lncRNA	0	0	0	0.0000	0.0000	0.0000
ENSG00000267727.1	AC008738.5	lncRNA	0	24	21	0.0000	0.0000	0.0000
ENSG00000267729.1	AC010761.6	lncRNA	0	0	0	0.0000	0.0000	0.0000
ENSG00000267731.1	AC005332.2	lncRNA	13	10	3	0.3782	0.1108	0.1067
ENSG00000267732.2	AC006305.3	lncRNA	0	0	0	0.0000	0.0000	0.0000
ENSG00000267733.5	AP005264.4	transcribed_processed_pseudogene	1	0	1	0.0384	0.0113	0.0108
ENSG00000267734.1	AL121989.1	lncRNA	0	0	0	0.0000	0.0000	0.0000
ENSG00000267735.1	AC020934.2	lncRNA	0	724	653	0.0000	0.0000	0.0000
ENSG00000267736.2	HMGB2P1	transcribed_processed_pseudogene	0	0	0	0.0000	0.0000	0.0000
ENSG00000267737.1	AC087645.2	lncRNA	1	1	0	0.0742	0.0217	0.0209
ENSG00000267740.5	AC024592.3	protein_coding	0	0	0	0.0000	0.0000	0.0000
ENSG00000267741.1	UBE2L4	processed_pseudogene	2	2	1	0.3660	0.1072	0.1032
ENSG00000267742.1	SINHCAFP2	processed_pseudogene	1	0	1	0.1279	0.0375	0.0361
ENSG00000267743.5	AC107896.1	lncRNA	0	0	0	0.0000	0.0000	0.0000
ENSG00000267744.1	AC022916.3	transcribed_processed_pseudogene	0	0	0	0.0000	0.0000	0.0000
ENSG00000267745.1	AC060766.7	lncRNA	9	5	4	0.6306	0.1847	0.1779
ENSG00000267746.1	AC104985.1	lncRNA	0	0	0	0.0000	0.0000	0.0000
ENSG00000267748.4	AC011479.1	protein_coding	0	0	0	0.0000	0.0000	0.0000
ENSG00000267749.1	AC092068.3	lncRNA	1	1	0	0.0421	0.0123	0.0119
ENSG00000267750.6	RUNDC3A-AS1	lncRNA	2	5	10	0.0308	0.0090	0.0087
ENSG00000267751.5	AC009005.1	lncRNA	5	16	8	0.4909	0.1438	0.1385
ENSG00000267752.1	RPS10P27	processed_pseudogene	0	0	0	0.0000	0.0000	0.0000
ENSG00000267755.1	AC005329.2	lncRNA	0	91	85	0.0000	0.0000	0.0000
ENSG00000267756.1	AC006557.4	unprocessed_pseudogene	0	0	0	0.0000	0.0000	0.0000
ENSG00000267757.4	EML2-AS1	lncRNA	0	95	104	0.0000	0.0000	0.0000
ENSG00000267758.1	AC099811.4	lncRNA	3	2	1	0.5136	0.1505	0.1449
ENSG00000267760.1	AC011478.1	lncRNA	0	0	0	0.0000	0.0000	0.0000
ENSG00000267761.3	MIR4527HG	lncRNA	1	1	0	0.0608	0.0178	0.0171
ENSG00000267762.1	AC048380.1	lncRNA	1	1	0	0.1826	0.0535	0.0515
ENSG00000267764.1	AC093567.1	lncRNA	3	3	0	0.2905	0.0851	0.0819
ENSG00000267765.1	AC100793.3	lncRNA	0	91	104	0.0000	0.0000	0.0000
ENSG00000267766.1	AC022726.1	lncRNA	0	0	0	0.0000	0.0000	0.0000
ENSG00000267767.3	LINC01801	lncRNA	3	2	3	0.0940	0.0275	0.0265
ENSG00000267768.1	AC006504.6	processed_pseudogene	0	0	0	0.0000	0.0000	0.0000
ENSG00000267769.1	AC011498.6	lncRNA	7	159	150	1.1656	0.3414	0.3288
ENSG00000267770.1	AC016182.1	processed_pseudogene	0	0	0	0.0000	0.0000	0.0000
ENSG00000267771.1	AC011447.4	unprocessed_pseudogene	0	0	0	0.0000	0.0000	0.0000
ENSG00000267772.1	LINC01999	lncRNA	0	0	0	0.0000	0.0000	0.0000
ENSG00000267773.1	AP001120.3	unprocessed_pseudogene	0	0	0	0.0000	0.0000	0.0000
ENSG00000267774.2	AC010776.2	lncRNA	0	0	0	0.0000	0.0000	0.0000
ENSG00000267775.1	OR7E16P	unprocessed_pseudogene	0	0	0	0.0000	0.0000	0.0000
ENSG00000267777.2	LINC01791	lncRNA	0	0	0	0.0000	0.0000	0.0000
ENSG00000267778.1	AC004221.1	lncRNA	2	0	2	0.2012	0.0589	0.0568
ENSG00000267779.7	LINC01533	lncRNA	0	0	0	0.0000	0.0000	0.0000
ENSG00000267780.2	AC021594.2	lncRNA	0	0	0	0.0000	0.0000	0.0000
ENSG00000267781.1	SLC25A36P1	processed_pseudogene	1	0	1	0.1826	0.0535	0.0515
ENSG00000267782.1	AC022916.4	lncRNA	0	0	0	0.0000	0.0000	0.0000
ENSG00000267783.1	AC022098.3	lncRNA	2	3	2	0.5392	0.1579	0.1521
ENSG00000267784.1	AC010680.1	lncRNA	0	0	0	0.0000	0.0000	0.0000
ENSG00000267786.1	AF038458.3	lncRNA	3	1	3	0.5095	0.1492	0.1437
ENSG00000267787.7	AC027097.2	lncRNA	29	46	51	0.4518	0.1323	0.1274
ENSG00000267788.1	AC015936.2	lncRNA	0	0	0	0.0000	0.0000	0.0000
ENSG00000267789.1	AC100775.1	lncRNA	0	0	0	0.0000	0.0000	0.0000
ENSG00000267790.1	LINC01987	lncRNA	0	0	0	0.0000	0.0000	0.0000
ENSG00000267791.1	AC018761.4	lncRNA	0	21	14	0.0000	0.0000	0.0000
ENSG00000267792.1	WBP1LP11	processed_pseudogene	0	0	0	0.0000	0.0000	0.0000
ENSG00000267793.1	AC009977.1	transcribed_processed_pseudogene	0	0	0	0.0000	0.0000	0.0000
ENSG00000267794.1	AP001120.4	processed_pseudogene	0	0	0	0.0000	0.0000	0.0000
ENSG00000267795.6	SMIM22	protein_coding	1	1	0	0.0480	0.0140	0.0135
ENSG00000267796.8	LIN37	protein_coding	30	24	13	0.9034	0.2646	0.2548
ENSG00000267797.1	NRBF2P1	processed_pseudogene	0	0	0	0.0000	0.0000	0.0000
ENSG00000267799.1	MAN1A2P1	processed_pseudogene	0	0	0	0.0000	0.0000	0.0000
ENSG00000267800.1	AC012254.4	processed_pseudogene	0	0	0	0.0000	0.0000	0.0000
ENSG00000267801.1	AC087289.5	lncRNA	6	339	328	0.1605	0.0470	0.0453
ENSG00000267808.1	AC018755.1	lncRNA	0	0	0	0.0000	0.0000	0.0000
ENSG00000267809.1	NDUFV2P1	processed_pseudogene	47	25	22	4.4005	1.2890	1.2412
ENSG00000267811.1	AP001160.2	lncRNA	0	13	7	0.0000	0.0000	0.0000
ENSG00000267815.1	AC008655.1	lncRNA	0	989	942	0.0000	0.0000	0.0000
ENSG00000267827.5	AC011468.2	lncRNA	0	0	0	0.0000	0.0000	0.0000
ENSG00000267828.1	Y_RNA	misc_RNA	0	0	0	0.0000	0.0000	0.0000
ENSG00000267834.1	AL592211.1	lncRNA	1	0	3	0.1709	0.0500	0.0482
ENSG00000267838.2	AC245884.8	lncRNA	7	2	5	0.6755	0.1979	0.1905
ENSG00000267852.1	AC119396.2	lncRNA	0	0	0	0.0000	0.0000	0.0000
ENSG00000267855.6	NDUFA7	protein_coding	6	4	2	0.3660	0.1072	0.1032
ENSG00000267857.2	AL133499.1	lncRNA	0	0	0	0.0000	0.0000	0.0000
ENSG00000267858.6	MZF1-AS1	lncRNA	86	91	97	1.9029	0.5574	0.5367
ENSG00000267868.1	AL356740.1	lncRNA	0	0	0	0.0000	0.0000	0.0000
ENSG00000267871.6	ZNF460-AS1	lncRNA	13	8	6	0.6848	0.2006	0.1932
ENSG00000267872.1	AC073539.1	lncRNA	0	0	0	0.0000	0.0000	0.0000
ENSG00000267879.2	AC011483.1	lncRNA	0	0	0	0.0000	0.0000	0.0000
ENSG00000267881.2	AC243967.1	protein_coding	0	0	0	0.0000	0.0000	0.0000
ENSG00000267882.2	AL031666.2	lncRNA	0	1	0	0.0000	0.0000	0.0000
ENSG00000267886.1	AC074135.1	lncRNA	0	0	0	0.0000	0.0000	0.0000
ENSG00000267890.1	AC010624.2	lncRNA	0	0	0	0.0000	0.0000	0.0000
ENSG00000267892.1	AC022144.1	lncRNA	22	22	14	1.1824	0.3464	0.3335
ENSG00000267895.1	AC063977.1	transcribed_unprocessed_pseudogene	0	0	0	0.0000	0.0000	0.0000
ENSG00000267898.1	AC026803.2	lncRNA	12	7	5	1.0772	0.3155	0.3038
ENSG00000267904.1	AC024075.1	lncRNA	28	17	12	4.3549	1.2756	1.2283
ENSG00000267905.5	AC008750.2	lncRNA	0	0	1	0.0000	0.0000	0.0000
ENSG00000267908.2	ZSCAN5DP	unprocessed_pseudogene	2	0	2	0.1141	0.0334	0.0322
ENSG00000267909.3	CCDC177	protein_coding	0	0	0	0.0000	0.0000	0.0000
ENSG00000267919.1	AC009955.2	lncRNA	0	0	0	0.0000	0.0000	0.0000
ENSG00000267920.1	SNX6P1	processed_pseudogene	1	0	1	0.0694	0.0203	0.0196
ENSG00000267922.1	AC007785.1	lncRNA	0	0	0	0.0000	0.0000	0.0000
ENSG00000267924.1	AC139769.2	lncRNA	0	6	6	0.0000	0.0000	0.0000
ENSG00000267927.1	AC010320.1	lncRNA	1	1	0	0.1469	0.0430	0.0414
ENSG00000267934.1	AC010300.1	lncRNA	7	2	5	0.1158	0.0339	0.0327
ENSG00000267938.1	EIF1P6	unprocessed_pseudogene	2	1	1	0.5085	0.1489	0.1434
ENSG00000267939.1	AC008946.1	lncRNA	9	3	6	1.8154	0.5318	0.5120
ENSG00000267940.1	AC022762.2	lncRNA	3	1	2	0.1883	0.0552	0.0531
ENSG00000267943.1	AC010328.1	lncRNA	0	0	0	0.0000	0.0000	0.0000
ENSG00000267952.1	AC008878.1	protein_coding	0	0	0	0.0000	0.0000	0.0000
ENSG00000267959.3	MIR3188	miRNA	0	0	0	0.0000	0.0000	0.0000
ENSG00000267961.2	OR10B1P	unprocessed_pseudogene	0	0	0	0.0000	0.0000	0.0000
ENSG00000267968.1	AC011523.1	lncRNA	0	0	0	0.0000	0.0000	0.0000
ENSG00000267978.5	MAGEA9B	protein_coding	0	0	0	0.0000	0.0000	0.0000
ENSG00000267980.1	AC007292.1	lncRNA	1	348	374	0.1138	0.0333	0.0321
ENSG00000267984.1	AC008750.3	lncRNA	0	1359	1313	0.0000	0.0000	0.0000
ENSG00000267986.1	AC130469.1	lncRNA	0	0	0	0.0000	0.0000	0.0000
ENSG00000267990.1	AC063977.2	unprocessed_pseudogene	0	0	0	0.0000	0.0000	0.0000
ENSG00000267992.1	AC010605.1	lncRNA	0	6	2	0.0000	0.0000	0.0000
ENSG00000268001.1	CARD8-AS1	lncRNA	70	38	37	3.0190	0.8843	0.8515
ENSG00000268006.1	PTOV1-AS1	lncRNA	14	266	264	0.2829	0.0829	0.0798
ENSG00000268009.6	SSX4	protein_coding	0	0	0	0.0000	0.0000	0.0000
ENSG00000268015.1	AC010320.2	lncRNA	1	495	418	0.0758	0.0222	0.0214
ENSG00000268020.3	OR4G4P	unprocessed_pseudogene	0	0	0	0.0000	0.0000	0.0000
ENSG00000268027.5	AC243960.1	lncRNA	28	17	13	1.6512	0.4837	0.4657
ENSG00000268030.1	AC005253.1	lncRNA	13	140	161	0.5517	0.1616	0.1556
ENSG00000268034.1	AC243960.2	processed_pseudogene	27	11	16	3.0694	0.8991	0.8657
ENSG00000268038.3	LINC01785	lncRNA	0	0	0	0.0000	0.0000	0.0000
ENSG00000268041.2	ERFL	protein_coding	12	4	8	0.4904	0.1436	0.1383
ENSG00000268043.7	NBPF12	protein_coding	135	60	79	1.5765	0.4618	0.4447
ENSG00000268047.1	AC018766.1	lncRNA	1	230	220	0.1755	0.0514	0.0495
ENSG00000268049.1	AC012313.2	lncRNA	14	16	14	1.0302	0.3018	0.2906
ENSG00000268051.1	AC008395.1	lncRNA	0	0	0	0.0000	0.0000	0.0000
ENSG00000268053.1	AC007785.2	processed_pseudogene	0	0	0	0.0000	0.0000	0.0000
ENSG00000268055.1	AC067969.1	lncRNA	0	0	0	0.0000	0.0000	0.0000
ENSG00000268056.5	AC020913.1	lncRNA	0	273	300	0.0000	0.0000	0.0000
ENSG00000268058.1	BNIP3P40	processed_pseudogene	2	2	0	0.3055	0.0895	0.0862
ENSG00000268061.5	NAPA-AS1	lncRNA	56	414	513	2.5108	0.7355	0.7082
ENSG00000268062.1	SRP14P4	processed_pseudogene	9	3	6	3.7649	1.1028	1.0619
ENSG00000268066.5	FMR1-AS1	lncRNA	0	0	0	0.0000	0.0000	0.0000
ENSG00000268067.3	OR5AH1P	transcribed_unprocessed_pseudogene	0	0	0	0.0000	0.0000	0.0000
ENSG00000268069.2	AC004466.1	lncRNA	0	123	139	0.0000	0.0000	0.0000
ENSG00000268070.1	AC006539.2	processed_pseudogene	0	0	0	0.0000	0.0000	0.0000
ENSG00000268074.1	RPL22P5	processed_pseudogene	0	0	0	0.0000	0.0000	0.0000
ENSG00000268078.1	AC135012.2	lncRNA	0	0	0	0.0000	0.0000	0.0000
ENSG00000268079.1	BNIP3P30	processed_pseudogene	0	0	0	0.0000	0.0000	0.0000
ENSG00000268080.2	AC016885.3	processed_pseudogene	1	0	1	0.3291	0.0964	0.0928
ENSG00000268081.1	AC123912.1	lncRNA	0	0	0	0.0000	0.0000	0.0000
ENSG00000268083.5	AC008982.1	protein_coding	0	0	0	0.0000	0.0000	0.0000
ENSG00000268087.1	AC008764.2	lncRNA	25	13	12	5.6463	1.6539	1.5926
ENSG00000268088.1	AC093063.1	transcribed_unprocessed_pseudogene	1	1	0	0.2339	0.0685	0.0660
ENSG00000268089.3	GABRQ	protein_coding	3	1	2	0.0394	0.0115	0.0111
ENSG00000268093.1	AC022154.1	lncRNA	3	52	63	0.1915	0.0561	0.0540
ENSG00000268095.1	ZNF649-AS1	lncRNA	0	5	1	0.0000	0.0000	0.0000
ENSG00000268100.1	ZNF725P	unprocessed_pseudogene	0	0	0	0.0000	0.0000	0.0000
ENSG00000268101.2	CYP2G2P	unprocessed_pseudogene	0	0	0	0.0000	0.0000	0.0000
ENSG00000268104.3	SLC6A14	protein_coding	0	0	0	0.0000	0.0000	0.0000
ENSG00000268105.1	AC124856.1	processed_pseudogene	1	1	0	0.0948	0.0278	0.0267
ENSG00000268107.6	AC003005.1	protein_coding	0	0	0	0.0000	0.0000	0.0000
ENSG00000268108.1	AC008687.2	lncRNA	0	0	0	0.0000	0.0000	0.0000
ENSG00000268112.1	AC008761.1	lncRNA	0	365	370	0.0000	0.0000	0.0000
ENSG00000268116.1	AC073539.2	processed_pseudogene	0	0	0	0.0000	0.0000	0.0000
ENSG00000268117.1	VN1R84P	unprocessed_pseudogene	0	0	0	0.0000	0.0000	0.0000
ENSG00000268119.6	AC010615.2	lncRNA	3	1	2	0.0409	0.0120	0.0115
ENSG00000268120.1	AC010336.3	lncRNA	0	1	0	0.0000	0.0000	0.0000
ENSG00000268129.1	AC026304.1	lncRNA	0	34	25	0.0000	0.0000	0.0000
ENSG00000268133.1	AC003002.1	protein_coding	0	0	0	0.0000	0.0000	0.0000
ENSG00000268140.1	PCGF7P	processed_pseudogene	1	0	1	0.0808	0.0237	0.0228
ENSG00000268144.1	NIFKP6	processed_pseudogene	0	0	1	0.0000	0.0000	0.0000
ENSG00000268148.1	VN1R91P	unprocessed_pseudogene	0	0	0	0.0000	0.0000	0.0000
ENSG00000268149.1	AC010336.4	lncRNA	0	116	112	0.0000	0.0000	0.0000
ENSG00000268153.5	AC005176.1	transcribed_unprocessed_pseudogene	0	0	0	0.0000	0.0000	0.0000
ENSG00000268154.2	Metazoa_SRP	misc_RNA	0	0	0	0.0000	0.0000	0.0000
ENSG00000268157.1	AC010524.1	lncRNA	0	0	0	0.0000	0.0000	0.0000
ENSG00000268163.1	AC004076.1	protein_coding	1	0	1	0.0826	0.0242	0.0233
ENSG00000268170.2	AC073342.1	lncRNA	0	0	0	0.0000	0.0000	0.0000
ENSG00000268173.3	AC007192.1	protein_coding	0	0	0	0.0000	0.0000	0.0000
ENSG00000268174.1	BNIP3P22	processed_pseudogene	0	0	0	0.0000	0.0000	0.0000
ENSG00000268181.3	AC073188.6	lncRNA	1	1	0	0.0292	0.0085	0.0082
ENSG00000268182.6	SMIM17	protein_coding	2	1	1	0.0668	0.0196	0.0188
ENSG00000268184.1	AC092364.1	lncRNA	0	0	0	0.0000	0.0000	0.0000
ENSG00000268186.1	ZNF114-AS1	lncRNA	0	0	0	0.0000	0.0000	0.0000
ENSG00000268189.2	AC005785.1	lncRNA	7	147	175	0.3111	0.0911	0.0877
ENSG00000268191.1	AC010503.1	lncRNA	0	1728	1680	0.0000	0.0000	0.0000
ENSG00000268193.5	AC002985.1	protein_coding	0	0	0	0.0000	0.0000	0.0000
ENSG00000268199.2	AC010335.1	lncRNA	0	95	92	0.0000	0.0000	0.0000
ENSG00000268201.1	AC020915.1	lncRNA	3	2	2	0.4632	0.1357	0.1306
ENSG00000268203.1	AC010503.2	lncRNA	0	103	102	0.0000	0.0000	0.0000
ENSG00000268204.1	AC008763.1	lncRNA	1	0	2	0.1007	0.0295	0.0284
ENSG00000268205.1	AC005261.1	lncRNA	1315	629	687	26.2260	7.6820	7.3972
ENSG00000268209.1	AC114786.4	unprocessed_pseudogene	0	0	0	0.0000	0.0000	0.0000
ENSG00000268218.1	AC137932.3	lncRNA	7	82	89	0.1624	0.0476	0.0458
ENSG00000268221.6	OPN1MW	protein_coding	0	0	0	0.0000	0.0000	0.0000
ENSG00000268222.1	EEF1A1P7	processed_pseudogene	28	20	10	1.7057	0.4996	0.4811
ENSG00000268223.6	ARL14EPL	protein_coding	1	1	0	0.0444	0.0130	0.0125
ENSG00000268230.5	AC012313.3	lncRNA	13	8	17	0.2660	0.0779	0.0750
ENSG00000268231.1	AC008743.1	lncRNA	0	0	0	0.0000	0.0000	0.0000
ENSG00000268234.1	FKBP4P6	processed_pseudogene	1	1	0	0.0638	0.0187	0.0180
ENSG00000268235.7	TCP11X1	protein_coding	0	0	0	0.0000	0.0000	0.0000
ENSG00000268238.1	IGFL1P2	unprocessed_pseudogene	0	0	0	0.0000	0.0000	0.0000
ENSG00000268240.1	AC123912.2	lncRNA	0	0	0	0.0000	0.0000	0.0000
ENSG00000268243.1	RPS29P30	processed_pseudogene	0	0	0	0.0000	0.0000	0.0000
ENSG00000268257.2	AIRN	lncRNA	0	0	0	0.0000	0.0000	0.0000
ENSG00000268266.1	AC003005.2	lncRNA	1	0	1	0.1279	0.0375	0.0361
ENSG00000268267.1	SIGLEC29P	unprocessed_pseudogene	0	0	0	0.0000	0.0000	0.0000
ENSG00000268272.1	VN1R78P	unprocessed_pseudogene	0	0	0	0.0000	0.0000	0.0000
ENSG00000268278.1	AC123912.3	unprocessed_pseudogene	0	0	0	0.0000	0.0000	0.0000
ENSG00000268279.4	AC090004.1	protein_coding	0	0	0	0.0000	0.0000	0.0000
ENSG00000268282.1	AC010328.2	processed_pseudogene	4	2	2	0.3057	0.0896	0.0862
ENSG00000268287.1	AC008687.3	lncRNA	0	0	0	0.0000	0.0000	0.0000
ENSG00000268288.1	AL589765.5	lncRNA	1	13	9	0.1649	0.0483	0.0465
ENSG00000268289.1	AC020908.1	lncRNA	0	0	0	0.0000	0.0000	0.0000
ENSG00000268292.1	AC006547.3	lncRNA	0	375	385	0.0000	0.0000	0.0000
ENSG00000268293.1	AC008751.1	processed_pseudogene	0	0	0	0.0000	0.0000	0.0000
ENSG00000268295.1	POLR3GP1	transcribed_processed_pseudogene	3	1	2	0.9761	0.2859	0.2753
ENSG00000268296.2	AC022145.1	lncRNA	0	0	0	0.0000	0.0000	0.0000
ENSG00000268297.1	CLEC4GP1	unprocessed_pseudogene	2	1	1	0.1952	0.0572	0.0551
ENSG00000268307.1	LINC02560	lncRNA	0	0	0	0.0000	0.0000	0.0000
ENSG00000268309.1	AC008764.3	lncRNA	0	296	319	0.0000	0.0000	0.0000
ENSG00000268316.1	AC006272.1	lncRNA	2	1	1	0.3077	0.0901	0.0868
ENSG00000268318.5	LINC01872	lncRNA	0	0	0	0.0000	0.0000	0.0000
ENSG00000268320.4	SCGB1C2	protein_coding	0	0	0	0.0000	0.0000	0.0000
ENSG00000268322.1	BNIP3P25	processed_pseudogene	0	0	0	0.0000	0.0000	0.0000
ENSG00000268324.2	LRRC2-AS1	lncRNA	0	0	0	0.0000	0.0000	0.0000
ENSG00000268326.1	AC008739.1	lncRNA	0	0	0	0.0000	0.0000	0.0000
ENSG00000268333.1	AL132655.1	lncRNA	0	0	0	0.0000	0.0000	0.0000
ENSG00000268335.1	BNIP3P23	processed_pseudogene	0	0	0	0.0000	0.0000	0.0000
ENSG00000268336.1	SIGLEC20P	unprocessed_pseudogene	0	0	0	0.0000	0.0000	0.0000
ENSG00000268350.7	FAM156A	protein_coding	33	21	18	0.4241	0.1242	0.1196
ENSG00000268355.1	AC243960.3	lncRNA	3	1	2	0.2629	0.0770	0.0742
ENSG00000268357.1	VN1R81P	unprocessed_pseudogene	0	0	0	0.0000	0.0000	0.0000
ENSG00000268361.1	L34079.1	protein_coding	0	0	0	0.0000	0.0000	0.0000
ENSG00000268362.6	AC092279.1	lncRNA	13	8	5	0.0903	0.0265	0.0255
ENSG00000268364.2	SMC5-AS1	lncRNA	18	24	32	0.6364	0.1864	0.1795
ENSG00000268366.1	AC010271.1	lncRNA	1	1	1	0.1522	0.0446	0.0429
ENSG00000268375.1	AC010325.2	lncRNA	0	0	0	0.0000	0.0000	0.0000
ENSG00000268379.1	AC025588.1	processed_pseudogene	1	1	0	0.0410	0.0120	0.0116
ENSG00000268388.6	FENDRR	lncRNA	0	0	0	0.0000	0.0000	0.0000
ENSG00000268390.1	AC011473.1	lncRNA	0	0	0	0.0000	0.0000	0.0000
ENSG00000268391.1	MTCO3P42	processed_pseudogene	0	0	0	0.0000	0.0000	0.0000
ENSG00000268392.1	AC003682.1	lncRNA	0	0	0	0.0000	0.0000	0.0000
ENSG00000268400.5	AC008763.2	protein_coding	0	0	0	0.0000	0.0000	0.0000
ENSG00000268401.2	AC007785.3	lncRNA	8	4	4	0.2061	0.0604	0.0581
ENSG00000268403.2	AC132192.2	lncRNA	8	7	5	0.5923	0.1735	0.1671
ENSG00000268407.1	AC006115.1	processed_pseudogene	0	0	0	0.0000	0.0000	0.0000
ENSG00000268412.2	TRMT112P6	processed_pseudogene	8	4	4	1.8262	0.5349	0.5151
ENSG00000268416.1	AC010329.1	lncRNA	0	0	0	0.0000	0.0000	0.0000
ENSG00000268433.1	MTDHP3	processed_pseudogene	0	0	0	0.0000	0.0000	0.0000
ENSG00000268434.5	AC011530.1	protein_coding	0	0	0	0.0000	0.0000	0.0000
ENSG00000268438.1	BNIP3P27	processed_pseudogene	0	0	0	0.0000	0.0000	0.0000
ENSG00000268442.1	AC073534.1	processed_pseudogene	1	1	0	0.0804	0.0236	0.0227
ENSG00000268447.6	SSX2B	protein_coding	0	0	0	0.0000	0.0000	0.0000
ENSG00000268455.1	AC073544.1	unprocessed_pseudogene	0	0	0	0.0000	0.0000	0.0000
ENSG00000268458.1	AC011468.3	lncRNA	1	0	1	0.2558	0.0749	0.0721
ENSG00000268460.2	AC006262.1	lncRNA	0	0	0	0.0000	0.0000	0.0000
ENSG00000268461.2	AC078899.2	unprocessed_pseudogene	0	0	0	0.0000	0.0000	0.0000
ENSG00000268465.1	AC008403.1	protein_coding	0	0	0	0.0000	0.0000	0.0000
ENSG00000268469.1	BNIP3P38	processed_pseudogene	0	0	0	0.0000	0.0000	0.0000
ENSG00000268471.6	MIR4453HG	lncRNA	127	58	69	3.5950	1.0530	1.0140
ENSG00000268472.2	AP002884.3	lncRNA	0	0	0	0.0000	0.0000	0.0000
ENSG00000268473.1	AC092327.1	processed_pseudogene	0	0	0	0.0000	0.0000	0.0000
ENSG00000268475.1	AC011462.2	lncRNA	0	18	9	0.0000	0.0000	0.0000
ENSG00000268480.3	NFILZ	protein_coding	1	0	1	0.0502	0.0147	0.0142
ENSG00000268483.1	RPL7AP69	processed_pseudogene	0	0	0	0.0000	0.0000	0.0000
ENSG00000268486.5	FO681491.1	transcribed_unprocessed_pseudogene	0	0	0	0.0000	0.0000	0.0000
ENSG00000268496.1	AC245884.9	lncRNA	1	1	0	0.1758	0.0515	0.0496
ENSG00000268499.1	AC011479.2	lncRNA	1	0	1	0.1966	0.0576	0.0554
ENSG00000268500.5	AC018755.2	protein_coding	0	0	0	0.0000	0.0000	0.0000
ENSG00000268505.1	AC135012.3	lncRNA	0	0	0	0.0000	0.0000	0.0000
ENSG00000268509.2	AC026202.3	lncRNA	0	48	45	0.0000	0.0000	0.0000
ENSG00000268510.1	IFNL3P1	unprocessed_pseudogene	1	1	0	0.1695	0.0496	0.0478
ENSG00000268516.2	AC020915.2	lncRNA	69	80	70	2.1638	0.6338	0.6103
ENSG00000268518.1	AC020909.2	lncRNA	0	9	8	0.0000	0.0000	0.0000
ENSG00000268520.1	AC008750.4	lncRNA	2	1	1	0.3591	0.1052	0.1013
ENSG00000268521.1	VN1R83P	unprocessed_pseudogene	4	1	3	0.7633	0.2236	0.2153
ENSG00000268529.1	CYP2T3P	unprocessed_pseudogene	1	1	0	0.1039	0.0304	0.0293
ENSG00000268530.6	AC008403.2	lncRNA	0	85	71	0.0000	0.0000	0.0000
ENSG00000268531.3	AC060814.2	lncRNA	0	0	0	0.0000	0.0000	0.0000
ENSG00000268532.1	LINC02135	lncRNA	0	0	0	0.0000	0.0000	0.0000
ENSG00000268533.1	AC003002.2	protein_coding	1	1	0	0.1630	0.0477	0.0460
ENSG00000268535.1	MTDHP4	processed_pseudogene	1	1	0	0.1267	0.0371	0.0357
ENSG00000268536.1	AC005523.1	lncRNA	3	2	1	0.6095	0.1785	0.1719
ENSG00000268541.1	VN1R88P	unprocessed_pseudogene	0	0	0	0.0000	0.0000	0.0000
ENSG00000268543.1	AC012313.4	TEC	7	5	2	1.2009	0.3518	0.3387
ENSG00000268545.1	VN1R107P	unprocessed_pseudogene	0	0	1	0.0000	0.0000	0.0000
ENSG00000268555.2	AC123912.4	lncRNA	0	0	0	0.0000	0.0000	0.0000
ENSG00000268560.1	AC010636.1	lncRNA	1	0	1	0.1352	0.0396	0.0381
ENSG00000268564.1	AC003956.1	lncRNA	0	0	0	0.0000	0.0000	0.0000
ENSG00000268565.1	AC005339.1	lncRNA	0	115	101	0.0000	0.0000	0.0000
ENSG00000268566.6	AC100781.1	lncRNA	0	0	0	0.0000	0.0000	0.0000
ENSG00000268573.1	AC011815.1	lncRNA	20	16	4	0.3876	0.1135	0.1093
ENSG00000268575.1	AL031282.2	lncRNA	37	29	37	0.6186	0.1812	0.1745
ENSG00000268580.1	LINC01966	lncRNA	0	0	0	0.0000	0.0000	0.0000
ENSG00000268581.1	SIGLEC18P	unprocessed_pseudogene	0	0	0	0.0000	0.0000	0.0000
ENSG00000268582.1	AC243960.4	processed_pseudogene	0	0	0	0.0000	0.0000	0.0000
ENSG00000268583.2	AC011466.1	lncRNA	16	17	24	0.6247	0.1830	0.1762
ENSG00000268584.1	AC073389.1	lncRNA	14	8	7	1.4955	0.4380	0.4218
ENSG00000268589.1	AC011467.2	unprocessed_pseudogene	0	0	0	0.0000	0.0000	0.0000
ENSG00000268592.3	RAET1E-AS1	lncRNA	0	1	4	0.0000	0.0000	0.0000
ENSG00000268593.3	AC008749.1	processed_pseudogene	0	0	0	0.0000	0.0000	0.0000
ENSG00000268595.1	AC063977.3	lncRNA	0	0	0	0.0000	0.0000	0.0000
ENSG00000268597.1	AC073539.3	lncRNA	0	0	0	0.0000	0.0000	0.0000
ENSG00000268598.1	VN1R80P	unprocessed_pseudogene	0	0	0	0.0000	0.0000	0.0000
ENSG00000268601.1	AC115522.1	lncRNA	4	1	3	0.6109	0.1790	0.1723
ENSG00000268603.1	AC053503.4	lncRNA	1	15	13	0.1335	0.0391	0.0377
ENSG00000268605.1	AC011497.1	lncRNA	0	2	0	0.0000	0.0000	0.0000
ENSG00000268606.5	MAGEA2	protein_coding	0	0	0	0.0000	0.0000	0.0000
ENSG00000268614.1	AC008878.2	protein_coding	0	0	0	0.0000	0.0000	0.0000
ENSG00000268615.1	AL353803.5	lncRNA	0	0	0	0.0000	0.0000	0.0000
ENSG00000268618.1	AC092316.1	lncRNA	0	0	0	0.0000	0.0000	0.0000
ENSG00000268620.1	AC078899.3	unprocessed_pseudogene	0	0	0	0.0000	0.0000	0.0000
ENSG00000268621.6	IGFL2-AS1	lncRNA	0	0	1	0.0000	0.0000	0.0000
ENSG00000268623.2	AC020904.1	processed_pseudogene	0	1	0	0.0000	0.0000	0.0000
ENSG00000268628.2	AL121761.1	lncRNA	0	0	1	0.0000	0.0000	0.0000
ENSG00000268629.8	TEX13A	protein_coding	0	0	0	0.0000	0.0000	0.0000
ENSG00000268635.2	AP003680.1	lncRNA	0	37	31	0.0000	0.0000	0.0000
ENSG00000268636.1	AC011495.2	lncRNA	0	50	56	0.0000	0.0000	0.0000
ENSG00000268643.2	AC006486.1	protein_coding	0	0	0	0.0000	0.0000	0.0000
ENSG00000268649.5	AL132655.2	lncRNA	3	0	3	0.4289	0.1256	0.1210
ENSG00000268650.3	AC005759.1	lncRNA	3	3	6	0.2102	0.0616	0.0593
ENSG00000268651.3	CTAG1A	protein_coding	0	0	0	0.0000	0.0000	0.0000
ENSG00000268652.1	AC063977.4	processed_pseudogene	0	0	0	0.0000	0.0000	0.0000
ENSG00000268654.2	MIMT1	lncRNA	0	0	0	0.0000	0.0000	0.0000
ENSG00000268655.2	AC008687.4	protein_coding	12	5	8	0.5803	0.1700	0.1637
ENSG00000268658.5	LINC00664	lncRNA	1	0	1	0.0144	0.0042	0.0041
ENSG00000268659.2	AL589863.1	lncRNA	0	0	0	0.0000	0.0000	0.0000
ENSG00000268660.1	LETM1P2	processed_pseudogene	0	0	0	0.0000	0.0000	0.0000
ENSG00000268663.1	WBP1LP6	processed_pseudogene	0	0	0	0.0000	0.0000	0.0000
ENSG00000268669.1	AC008687.5	unprocessed_pseudogene	0	0	0	0.0000	0.0000	0.0000
ENSG00000268670.1	AC016586.1	lncRNA	0	0	1	0.0000	0.0000	0.0000
ENSG00000268673.3	AC004597.1	lncRNA	0	0	1	0.0000	0.0000	0.0000
ENSG00000268677.1	AC011495.3	lncRNA	0	5	6	0.0000	0.0000	0.0000
ENSG00000268678.1	AC005261.2	lncRNA	2	12	14	0.1625	0.0476	0.0458
ENSG00000268681.1	COX6CP7	processed_pseudogene	0	0	0	0.0000	0.0000	0.0000
ENSG00000268683.1	AC020910.2	lncRNA	0	0	0	0.0000	0.0000	0.0000
ENSG00000268685.1	AC011494.1	processed_pseudogene	0	0	0	0.0000	0.0000	0.0000
ENSG00000268686.2	AC010643.1	lncRNA	435	224	211	9.6324	2.8215	2.7169
ENSG00000268696.3	ZNF723	protein_coding	0	0	0	0.0000	0.0000	0.0000
ENSG00000268705.1	BNIP3P26	processed_pseudogene	0	0	0	0.0000	0.0000	0.0000
ENSG00000268707.1	AL158151.4	lncRNA	1	0	2	0.1675	0.0491	0.0472
ENSG00000268711.1	AC008750.5	unprocessed_pseudogene	0	0	0	0.0000	0.0000	0.0000
ENSG00000268713.1	AC005261.3	lncRNA	0	0	0	0.0000	0.0000	0.0000
ENSG00000268717.1	BNIP3P33	processed_pseudogene	0	0	0	0.0000	0.0000	0.0000
ENSG00000268723.1	AC005261.4	processed_pseudogene	0	0	0	0.0000	0.0000	0.0000
ENSG00000268729.1	AC020922.2	lncRNA	0	111	97	0.0000	0.0000	0.0000
ENSG00000268731.1	AC010615.3	processed_pseudogene	0	0	0	0.0000	0.0000	0.0000
ENSG00000268734.1	AC245128.3	lncRNA	0	0	0	0.0000	0.0000	0.0000
ENSG00000268736.1	MTCO3P39	processed_pseudogene	2	1	1	0.3279	0.0960	0.0925
ENSG00000268738.3	HSFX2	protein_coding	0	0	0	0.0000	0.0000	0.0000
ENSG00000268739.1	AC011473.2	lncRNA	0	2	3	0.0000	0.0000	0.0000
ENSG00000268742.1	AC010503.3	processed_pseudogene	0	0	0	0.0000	0.0000	0.0000
ENSG00000268743.1	AC008737.1	lncRNA	0	1	0	0.0000	0.0000	0.0000
ENSG00000268744.1	AC008758.4	lncRNA	0	0	0	0.0000	0.0000	0.0000
ENSG00000268745.1	AL365205.3	lncRNA	0	3	3	0.0000	0.0000	0.0000
ENSG00000268746.1	AC010519.1	lncRNA	0	0	0	0.0000	0.0000	0.0000
ENSG00000268747.1	AC022432.1	processed_pseudogene	0	0	0	0.0000	0.0000	0.0000
ENSG00000268750.7	AC010522.1	protein_coding	0	0	0	0.0000	0.0000	0.0000
ENSG00000268751.1	SCGB1B2P	lncRNA	9	6	3	1.2407	0.3634	0.3500
ENSG00000268754.4	LINC01081	lncRNA	0	0	0	0.0000	0.0000	0.0000
ENSG00000268756.1	AC104534.1	lncRNA	5	3	2	0.7502	0.2197	0.2116
ENSG00000268758.7	ADGRE4P	transcribed_unprocessed_pseudogene	14	9	7	0.3580	0.1049	0.1010
ENSG00000268764.1	AC011465.1	lncRNA	0	0	0	0.0000	0.0000	0.0000
ENSG00000268777.1	AC020914.1	lncRNA	0	2	0	0.0000	0.0000	0.0000
ENSG00000268785.1	RPL7P50	processed_pseudogene	2	2	1	0.2336	0.0684	0.0659
ENSG00000268789.1	VN1R87P	unprocessed_pseudogene	0	0	0	0.0000	0.0000	0.0000
ENSG00000268790.5	AC008764.4	protein_coding	1	1	0	0.0717	0.0210	0.0202
ENSG00000268794.1	VN1R90P	unprocessed_pseudogene	0	0	0	0.0000	0.0000	0.0000
ENSG00000268797.1	AC008537.1	protein_coding	0	0	0	0.0000	0.0000	0.0000
ENSG00000268798.1	AC027307.3	lncRNA	14	7	7	1.0808	0.3166	0.3048
ENSG00000268799.4	H3Y2	protein_coding	0	0	0	0.0000	0.0000	0.0000
ENSG00000268803.1	AC114797.1	unprocessed_pseudogene	0	0	0	0.0000	0.0000	0.0000
ENSG00000268804.1	LINC02132	lncRNA	0	1	1	0.0000	0.0000	0.0000
ENSG00000268810.1	AC007193.1	lncRNA	0	4	7	0.0000	0.0000	0.0000
ENSG00000268812.3	AC004264.1	lncRNA	24	91	87	2.5669	0.7519	0.7240
ENSG00000268818.2	AL049747.1	lncRNA	6	5	1	0.5980	0.1752	0.1687
ENSG00000268823.2	AC011467.3	lncRNA	0	0	0	0.0000	0.0000	0.0000
ENSG00000268830.1	BNIP3P32	processed_pseudogene	0	0	0	0.0000	0.0000	0.0000
ENSG00000268833.1	AC243967.2	lncRNA	0	0	0	0.0000	0.0000	0.0000
ENSG00000268834.2	OR7A1P	transcribed_unprocessed_pseudogene	0	0	0	0.0000	0.0000	0.0000
ENSG00000268836.1	Z69706.1	lncRNA	5	2	3	0.7762	0.2274	0.2189
ENSG00000268839.1	AC020914.2	unprocessed_pseudogene	0	0	0	0.0000	0.0000	0.0000
ENSG00000268842.1	AC092070.1	lncRNA	0	0	0	0.0000	0.0000	0.0000
ENSG00000268845.1	AC025278.1	lncRNA	0	1	1	0.0000	0.0000	0.0000
ENSG00000268847.1	SIGLEC31P	unprocessed_pseudogene	0	0	0	0.0000	0.0000	0.0000
ENSG00000268849.5	SIGLEC22P	transcribed_unprocessed_pseudogene	1	1	0	0.1141	0.0334	0.0322
ENSG00000268854.1	AC020909.3	lncRNA	0	1468	1579	0.0000	0.0000	0.0000
ENSG00000268858.2	AL118506.1	lncRNA	159	139	136	4.3810	1.2833	1.2357
ENSG00000268861.7	AC008878.3	protein_coding	0	0	0	0.0000	0.0000	0.0000
ENSG00000268864.4	AC011487.2	transcribed_unprocessed_pseudogene	0	0	0	0.0000	0.0000	0.0000
ENSG00000268866.1	AC020915.3	processed_pseudogene	0	0	0	0.0000	0.0000	0.0000
ENSG00000268869.6	ESPNP	transcribed_unprocessed_pseudogene	0	0	0	0.0000	0.0000	0.0000
ENSG00000268870.1	AC008758.5	protein_coding	0	0	0	0.0000	0.0000	0.0000
ENSG00000268873.1	AC022601.1	lncRNA	1	1	0	0.1472	0.0431	0.0415
ENSG00000268879.1	IGFL1P1	unprocessed_pseudogene	0	0	0	0.0000	0.0000	0.0000
ENSG00000268883.2	PNMA6B	unprocessed_pseudogene	58	31	27	4.1045	1.2023	1.1577
ENSG00000268884.1	AC010323.2	processed_pseudogene	1	0	1	0.1430	0.0419	0.0403
ENSG00000268886.1	AC022150.1	lncRNA	0	3	6	0.0000	0.0000	0.0000
ENSG00000268889.1	AC008750.6	lncRNA	0	1	1	0.0000	0.0000	0.0000
ENSG00000268892.1	AC010620.1	unprocessed_pseudogene	0	0	0	0.0000	0.0000	0.0000
ENSG00000268894.7	PLCE1-AS1	lncRNA	1	2	12	0.0292	0.0085	0.0082
ENSG00000268895.6	A1BG-AS1	lncRNA	90	245	249	2.2652	0.6635	0.6389
ENSG00000268896.1	AC009955.3	lncRNA	0	13	7	0.0000	0.0000	0.0000
ENSG00000268902.3	CSAG2	protein_coding	0	0	0	0.0000	0.0000	0.0000
ENSG00000268903.1	AL627309.6	processed_pseudogene	5	2	3	0.5624	0.1647	0.1586
ENSG00000268906.1	AC011473.3	lncRNA	0	0	0	0.0000	0.0000	0.0000
ENSG00000268908.1	VN1R92P	unprocessed_pseudogene	0	0	0	0.0000	0.0000	0.0000
ENSG00000268912.1	AC012313.5	lncRNA	14	10	4	0.4723	0.1384	0.1332
ENSG00000268916.6	CSAG3	protein_coding	0	0	0	0.0000	0.0000	0.0000
ENSG00000268922.1	AC012616.1	processed_pseudogene	0	0	0	0.0000	0.0000	0.0000
ENSG00000268926.3	AL354861.3	lncRNA	1	1	0	0.0217	0.0063	0.0061
ENSG00000268931.1	AC136469.1	lncRNA	0	0	0	0.0000	0.0000	0.0000
ENSG00000268938.2	AC005387.1	lncRNA	4	10	13	0.9650	0.2827	0.2722
ENSG00000268940.5	CT45A1	protein_coding	0	0	0	0.0000	0.0000	0.0000
ENSG00000268941.2	LINC01711	lncRNA	118	51	67	10.3626	3.0354	2.9228
ENSG00000268942.2	CKS1BP3	processed_pseudogene	2	2	0	0.7166	0.2099	0.2021
ENSG00000268945.1	AC010422.2	lncRNA	2	1	1	0.2675	0.0783	0.0754
ENSG00000268947.1	AC002128.1	lncRNA	11	7	4	0.9194	0.2693	0.2593
ENSG00000268949.1	MRPS17P1	processed_pseudogene	1	0	2	0.0271	0.0079	0.0077
ENSG00000268951.1	CDRT15P7	processed_pseudogene	0	0	0	0.0000	0.0000	0.0000
ENSG00000268955.2	AC068020.1	lncRNA	0	0	0	0.0000	0.0000	0.0000
ENSG00000268957.1	AC020914.3	unprocessed_pseudogene	0	0	0	0.0000	0.0000	0.0000
ENSG00000268964.3	ERVV-2	protein_coding	0	0	0	0.0000	0.0000	0.0000
ENSG00000268967.1	AC119751.7	processed_pseudogene	0	0	0	0.0000	0.0000	0.0000
ENSG00000268970.1	AC022150.2	lncRNA	9	3	6	1.1868	0.3476	0.3347
ENSG00000268975.2	MIA-RAB4B	protein_coding	0	0	0	0.0000	0.0000	0.0000
ENSG00000268981.5	AC024563.1	lncRNA	0	1	0	0.0000	0.0000	0.0000
ENSG00000268983.1	AC005253.2	lncRNA	0	1007	1063	0.0000	0.0000	0.0000
ENSG00000268985.1	AC020908.2	lncRNA	0	0	0	0.0000	0.0000	0.0000
ENSG00000268987.1	AC011462.3	lncRNA	0	0	0	0.0000	0.0000	0.0000
ENSG00000268988.1	SPANXN2	protein_coding	0	0	0	0.0000	0.0000	0.0000
ENSG00000268992.1	CDC42EP3P1	processed_pseudogene	0	0	0	0.0000	0.0000	0.0000
ENSG00000268993.1	RPL22P6	processed_pseudogene	0	0	0	0.0000	0.0000	0.0000
ENSG00000268994.3	FAM236B	protein_coding	0	0	0	0.0000	0.0000	0.0000
ENSG00000268995.1	VN1R82P	unprocessed_pseudogene	0	0	0	0.0000	0.0000	0.0000
ENSG00000268996.3	MAN1B1-DT	lncRNA	21	13	8	0.9526	0.2790	0.2687
ENSG00000268997.1	DNAJC19P3	processed_pseudogene	0	0	0	0.0000	0.0000	0.0000
ENSG00000269001.2	AC092070.2	transcribed_unprocessed_pseudogene	24	14	12	0.5030	0.1473	0.1419
ENSG00000269009.1	SLC6A21P	processed_pseudogene	0	1	0	0.0000	0.0000	0.0000
ENSG00000269012.2	KRT18P40	unprocessed_pseudogene	0	0	0	0.0000	0.0000	0.0000
ENSG00000269014.1	AC008622.1	processed_pseudogene	0	0	0	0.0000	0.0000	0.0000
ENSG00000269019.2	HOMER3-AS1	lncRNA	4	4	3	0.2040	0.0598	0.0575
ENSG00000269021.1	SIGLEC24P	transcribed_unprocessed_pseudogene	0	0	0	0.0000	0.0000	0.0000
ENSG00000269025.2	AC011467.4	transcribed_processed_pseudogene	0	0	0	0.0000	0.0000	0.0000
ENSG00000269026.2	AC003006.1	protein_coding	0	0	0	0.0000	0.0000	0.0000
ENSG00000269028.3	MTRNR2L12	protein_coding	52	31	21	4.2096	1.2331	1.1873
ENSG00000269032.1	AC016629.1	transcribed_processed_pseudogene	0	0	0	0.0000	0.0000	0.0000
ENSG00000269035.1	AC010319.2	protein_coding	0	0	0	0.0000	0.0000	0.0000
ENSG00000269037.1	LINC01838	lncRNA	0	0	0	0.0000	0.0000	0.0000
ENSG00000269038.1	AP001462.1	lncRNA	6	2	4	1.1273	0.3302	0.3180
ENSG00000269040.1	BNIP3P24	processed_pseudogene	0	0	0	0.0000	0.0000	0.0000
ENSG00000269043.2	AC008554.1	lncRNA	0	0	0	0.0000	0.0000	0.0000
ENSG00000269044.2	AC024075.2	lncRNA	104	53	52	5.9957	1.7562	1.6911
ENSG00000269050.1	AC011455.1	lncRNA	0	4	7	0.0000	0.0000	0.0000
ENSG00000269053.1	AC010319.3	lncRNA	2	6	3	0.3614	0.1058	0.1019
ENSG00000269054.2	AC012313.6	lncRNA	6	4	3	0.2840	0.0832	0.0801
ENSG00000269055.1	BNIP3P18	processed_pseudogene	0	0	0	0.0000	0.0000	0.0000
ENSG00000269058.6	CALR3	protein_coding	1	0	1	0.0593	0.0174	0.0167
ENSG00000269066.1	AC020908.3	lncRNA	0	0	0	0.0000	0.0000	0.0000
ENSG00000269067.2	ZNF728	protein_coding	3	1	2	0.0917	0.0269	0.0259
ENSG00000269068.1	AC009955.4	lncRNA	0	34	29	0.0000	0.0000	0.0000
ENSG00000269069.1	AC007842.1	processed_pseudogene	4	1	3	0.1666	0.0488	0.0470
ENSG00000269072.1	AC063977.5	lncRNA	0	16	22	0.0000	0.0000	0.0000
ENSG00000269082.1	AC010328.3	lncRNA	0	0	0	0.0000	0.0000	0.0000
ENSG00000269085.1	AC008764.5	lncRNA	0	0	0	0.0000	0.0000	0.0000
ENSG00000269086.3	AC008555.2	lncRNA	6	3	6	0.0601	0.0176	0.0169
ENSG00000269091.6	AC010624.3	lncRNA	1	18	13	0.0454	0.0133	0.0128
ENSG00000269095.1	AC010646.1	protein_coding	0	0	0	0.0000	0.0000	0.0000
ENSG00000269096.7	CT45A3	protein_coding	0	0	0	0.0000	0.0000	0.0000
ENSG00000269097.1	TPRG1LP1	processed_pseudogene	0	0	0	0.0000	0.0000	0.0000
ENSG00000269099.2	LSP1P1	processed_pseudogene	0	0	0	0.0000	0.0000	0.0000
ENSG00000269102.1	AC010320.3	lncRNA	0	0	0	0.0000	0.0000	0.0000
ENSG00000269103.2	Metazoa_SRP	misc_RNA	0	0	0	0.0000	0.0000	0.0000
ENSG00000269106.1	AC012313.7	lncRNA	0	3	5	0.0000	0.0000	0.0000
ENSG00000269107.1	AC092329.1	lncRNA	0	0	0	0.0000	0.0000	0.0000
ENSG00000269110.1	AC010636.2	lncRNA	0	0	0	0.0000	0.0000	0.0000
ENSG00000269113.4	TRABD2B	protein_coding	159	78	81	1.7946	0.5257	0.5062
ENSG00000269118.1	FAM90A28P	transcribed_unprocessed_pseudogene	0	0	0	0.0000	0.0000	0.0000
ENSG00000269119.1	HNRNPA1P52	processed_pseudogene	5	3	2	0.4484	0.1313	0.1265
ENSG00000269124.1	AC007193.2	lncRNA	0	0	0	0.0000	0.0000	0.0000
ENSG00000269125.1	AL137002.1	lncRNA	0	0	0	0.0000	0.0000	0.0000
ENSG00000269130.1	AC020914.4	unprocessed_pseudogene	0	0	0	0.0000	0.0000	0.0000
ENSG00000269136.1	BRI3BPP1	processed_pseudogene	0	0	0	0.0000	0.0000	0.0000
ENSG00000269138.1	ZNF209P	unprocessed_pseudogene	0	0	0	0.0000	0.0000	0.0000
ENSG00000269139.2	AC010336.5	lncRNA	0	29	24	0.0000	0.0000	0.0000
ENSG00000269145.2	AC007192.2	lncRNA	0	179	178	0.0000	0.0000	0.0000
ENSG00000269148.1	AC092301.1	lncRNA	2	114	116	0.2223	0.0651	0.0627
ENSG00000269151.1	AC007193.3	lncRNA	0	105	91	0.0000	0.0000	0.0000
ENSG00000269153.1	LYPLA2P2	processed_pseudogene	6	4	3	0.7537	0.2208	0.2126
ENSG00000269154.1	BNIP3P13	processed_pseudogene	0	0	0	0.0000	0.0000	0.0000
ENSG00000269155.2	AL009178.2	lncRNA	9	6	5	0.2811	0.0823	0.0793
ENSG00000269161.1	AC010618.2	lncRNA	5	1	4	0.9230	0.2704	0.2604
ENSG00000269172.1	AC011443.1	lncRNA	0	0	0	0.0000	0.0000	0.0000
ENSG00000269176.2	AP001160.3	lncRNA	1	113	143	0.1113	0.0326	0.0314
ENSG00000269177.1	L34079.2	lncRNA	1	137	128	0.1514	0.0443	0.0427
ENSG00000269179.1	AC011452.1	protein_coding	0	0	0	0.0000	0.0000	0.0000
ENSG00000269181.1	AC020914.5	processed_pseudogene	0	0	0	0.0000	0.0000	0.0000
ENSG00000269186.3	LINC01082	lncRNA	0	0	0	0.0000	0.0000	0.0000
ENSG00000269188.1	AC011500.1	unprocessed_pseudogene	0	0	0	0.0000	0.0000	0.0000
ENSG00000269189.1	AL445223.1	lncRNA	0	0	0	0.0000	0.0000	0.0000
ENSG00000269190.6	FBXO17	protein_coding	182	98	84	3.2253	0.9447	0.9097
ENSG00000269191.1	AC005387.2	lncRNA	4	2	2	0.7720	0.2261	0.2177
ENSG00000269194.1	AC006942.1	lncRNA	0	114	139	0.0000	0.0000	0.0000
ENSG00000269210.2	AC019171.1	lncRNA	1	4	2	0.0804	0.0236	0.0227
ENSG00000269220.1	LINC00528	lncRNA	9	5	4	0.3538	0.1036	0.0998
ENSG00000269226.7	TMSB15B	protein_coding	1	0	1	0.0277	0.0081	0.0078
ENSG00000269228.1	RPS27AP19	processed_pseudogene	0	0	0	0.0000	0.0000	0.0000
ENSG00000269235.2	ZNF350-AS1	lncRNA	5	1	4	0.0836	0.0245	0.0236
ENSG00000269236.1	AC008751.2	processed_pseudogene	0	0	0	0.0000	0.0000	0.0000
ENSG00000269237.1	AC010615.4	protein_coding	0	0	0	0.0000	0.0000	0.0000
ENSG00000269242.1	AC010422.3	protein_coding	0	0	0	0.0000	0.0000	0.0000
ENSG00000269243.1	AC008894.2	lncRNA	3	1582	1557	0.0649	0.0190	0.0183
ENSG00000269244.1	RPL23AP78	processed_pseudogene	1	1	0	0.1807	0.0529	0.0510
ENSG00000269246.1	AC011445.1	lncRNA	4	1	3	1.9635	0.5751	0.5538
ENSG00000269253.1	SIGLEC21P	unprocessed_pseudogene	0	0	0	0.0000	0.0000	0.0000
ENSG00000269256.1	AC024603.1	lncRNA	0	2	0	0.0000	0.0000	0.0000
ENSG00000269266.1	DNAJC19P2	processed_pseudogene	0	0	0	0.0000	0.0000	0.0000
ENSG00000269271.1	AC245036.5	lncRNA	0	0	0	0.0000	0.0000	0.0000
ENSG00000269274.1	AC078899.4	unprocessed_pseudogene	0	0	0	0.0000	0.0000	0.0000
ENSG00000269275.1	AC020922.3	lncRNA	0	0	0	0.0000	0.0000	0.0000
ENSG00000269281.2	S100A11P8	processed_pseudogene	0	0	0	0.0000	0.0000	0.0000
ENSG00000269288.1	AC092070.3	lncRNA	0	2	0	0.0000	0.0000	0.0000
ENSG00000269289.6	AC011503.1	lncRNA	0	7	4	0.0000	0.0000	0.0000
ENSG00000269292.1	AC093503.1	lncRNA	0	1272	1264	0.0000	0.0000	0.0000
ENSG00000269293.3	ZSCAN16-AS1	lncRNA	206	119	125	2.7055	0.7925	0.7631
ENSG00000269296.1	AC005614.1	lncRNA	1	10	22	0.0232	0.0068	0.0066
ENSG00000269300.1	AC008734.1	lncRNA	2	17	20	0.3163	0.0926	0.0892
ENSG00000269303.1	AC020907.3	lncRNA	1	2	0	0.1503	0.0440	0.0424
ENSG00000269304.1	FKBP1AP1	processed_pseudogene	6	4	2	1.6023	0.4693	0.4519
ENSG00000269307.1	AC010463.1	protein_coding	0	0	0	0.0000	0.0000	0.0000
ENSG00000269313.5	MAGIX	protein_coding	45	27	19	0.7483	0.2192	0.2111
ENSG00000269316.1	RAD54L2P1	processed_pseudogene	0	0	0	0.0000	0.0000	0.0000
ENSG00000269318.1	AC007292.2	lncRNA	5	276	268	0.2343	0.0686	0.0661
ENSG00000269320.1	VN1R93P	unprocessed_pseudogene	0	0	0	0.0000	0.0000	0.0000
ENSG00000269321.1	AC011466.2	lncRNA	1	0	1	0.2365	0.0693	0.0667
ENSG00000269332.5	GOLGA2P9	transcribed_unprocessed_pseudogene	0	0	0	0.0000	0.0000	0.0000
ENSG00000269335.6	IKBKG	protein_coding	257	537	518	6.2768	1.8386	1.7704
ENSG00000269343.9	ZNF587B	protein_coding	256	142	114	3.5762	1.0475	1.0087
ENSG00000269345.1	VN1R85P	unprocessed_pseudogene	0	0	0	0.0000	0.0000	0.0000
ENSG00000269349.1	AC022150.3	lncRNA	0	0	0	0.0000	0.0000	0.0000
ENSG00000269350.1	AC010463.2	lncRNA	0	0	0	0.0000	0.0000	0.0000
ENSG00000269352.1	PTOV1-AS2	lncRNA	14	651	647	1.1622	0.3404	0.3278
ENSG00000269353.1	AC092071.1	lncRNA	0	0	0	0.0000	0.0000	0.0000
ENSG00000269354.1	AC243960.5	processed_pseudogene	0	0	0	0.0000	0.0000	0.0000
ENSG00000269356.1	AL356740.2	lncRNA	0	0	0	0.0000	0.0000	0.0000
ENSG00000269364.1	LINC01233	lncRNA	0	0	0	0.0000	0.0000	0.0000
ENSG00000269365.2	AC120349.1	lncRNA	0	0	0	0.0000	0.0000	0.0000
ENSG00000269371.1	AC008878.4	lncRNA	0	88	90	0.0000	0.0000	0.0000
ENSG00000269373.1	AC008739.2	unprocessed_pseudogene	0	0	0	0.0000	0.0000	0.0000
ENSG00000269374.1	AC011497.2	processed_pseudogene	0	23	23	0.0000	0.0000	0.0000
ENSG00000269376.1	AL356740.3	lncRNA	0	0	0	0.0000	0.0000	0.0000
ENSG00000269378.1	ITGB1P1	processed_pseudogene	55	25	30	7.6693	2.2465	2.1632
ENSG00000269383.2	CYCSP7	processed_pseudogene	0	0	0	0.0000	0.0000	0.0000
ENSG00000269385.1	AC020895.1	unprocessed_pseudogene	0	0	0	0.0000	0.0000	0.0000
ENSG00000269386.5	RAB11B-AS1	lncRNA	22	269	276	1.6161	0.4734	0.4558
ENSG00000269387.1	AL365205.4	lncRNA	0	0	0	0.0000	0.0000	0.0000
ENSG00000269388.1	AC018755.3	transcribed_processed_pseudogene	14	7	7	0.8077	0.2366	0.2278
ENSG00000269391.2	AC010139.1	lncRNA	0	0	0	0.0000	0.0000	0.0000
ENSG00000269392.1	AC008655.2	lncRNA	0	0	0	0.0000	0.0000	0.0000
ENSG00000269397.1	AC011503.2	lncRNA	10	3	7	0.5661	0.1658	0.1597
ENSG00000269399.2	AC008764.6	lncRNA	11	5	6	0.4515	0.1322	0.1273
ENSG00000269400.1	AC008734.2	lncRNA	0	0	0	0.0000	0.0000	0.0000
ENSG00000269403.1	AC008750.7	protein_coding	0	0	0	0.0000	0.0000	0.0000
ENSG00000269404.7	SPIB	protein_coding	50	23	27	0.9916	0.2905	0.2797
ENSG00000269405.7	NXF2	protein_coding	0	0	0	0.0000	0.0000	0.0000
ENSG00000269416.6	LINC01224	lncRNA	0	0	0	0.0000	0.0000	0.0000
ENSG00000269419.1	AC008737.2	processed_pseudogene	0	0	0	0.0000	0.0000	0.0000
ENSG00000269420.5	PLA2G4C-AS1	lncRNA	1	201	229	0.0973	0.0285	0.0274
ENSG00000269421.1	AC011503.3	unprocessed_pseudogene	0	0	0	0.0000	0.0000	0.0000
ENSG00000269425.1	AC104521.1	lncRNA	4	2	2	1.2175	0.3566	0.3434
ENSG00000269427.1	AC024075.3	lncRNA	11	34	25	1.7526	0.5134	0.4943
ENSG00000269431.1	BNIP3P8	processed_pseudogene	0	0	0	0.0000	0.0000	0.0000
ENSG00000269433.3	OPN1MW3	protein_coding	0	0	0	0.0000	0.0000	0.0000
ENSG00000269437.7	NXF2B	protein_coding	0	0	0	0.0000	0.0000	0.0000
ENSG00000269439.6	AC010618.3	lncRNA	49	270	330	1.3692	0.4011	0.3862
ENSG00000269444.1	AC011491.2	lncRNA	0	0	0	0.0000	0.0000	0.0000
ENSG00000269445.1	AC067969.2	lncRNA	0	0	0	0.0000	0.0000	0.0000
ENSG00000269446.2	AC006967.3	lncRNA	0	0	0	0.0000	0.0000	0.0000
ENSG00000269458.1	AC022145.2	unprocessed_pseudogene	0	0	0	0.0000	0.0000	0.0000
ENSG00000269460.1	AC005515.1	lncRNA	0	0	0	0.0000	0.0000	0.0000
ENSG00000269463.1	AP001160.4	lncRNA	0	0	0	0.0000	0.0000	0.0000
ENSG00000269466.4	H3Y1	protein_coding	0	0	0	0.0000	0.0000	0.0000
ENSG00000269469.1	AC010619.1	protein_coding	0	0	0	0.0000	0.0000	0.0000
ENSG00000269471.1	AC092329.2	processed_pseudogene	0	0	0	0.0000	0.0000	0.0000
ENSG00000269473.1	AC012313.8	lncRNA	7	3	4	0.1100	0.0322	0.0310
ENSG00000269475.2	AC244102.2	unprocessed_pseudogene	0	0	0	0.0000	0.0000	0.0000
ENSG00000269476.1	AC010326.2	protein_coding	0	0	0	0.0000	0.0000	0.0000
ENSG00000269480.1	AC020913.2	lncRNA	0	332	323	0.0000	0.0000	0.0000
ENSG00000269481.1	AC010319.4	lncRNA	1	58	52	0.1229	0.0360	0.0347
ENSG00000269482.1	Z69720.1	lncRNA	0	1	1	0.0000	0.0000	0.0000
ENSG00000269483.2	AC006272.2	transcribed_unprocessed_pseudogene	0	0	0	0.0000	0.0000	0.0000
ENSG00000269486.2	ERVK9-11	lncRNA	8	6	2	0.2036	0.0597	0.0574
ENSG00000269487.1	AC008635.1	lncRNA	0	204	206	0.0000	0.0000	0.0000
ENSG00000269489.1	AL589765.6	lncRNA	0	0	0	0.0000	0.0000	0.0000
ENSG00000269495.1	AC011483.2	lncRNA	0	55	54	0.0000	0.0000	0.0000
ENSG00000269502.5	DMRTC1	protein_coding	0	0	0	0.0000	0.0000	0.0000
ENSG00000269504.3	AC003973.1	lncRNA	0	0	0	0.0000	0.0000	0.0000
ENSG00000269505.2	ZNF92P2	processed_pseudogene	0	0	0	0.0000	0.0000	0.0000
ENSG00000269506.2	AC110792.2	lncRNA	0	0	0	0.0000	0.0000	0.0000
ENSG00000269509.1	BNIP3P34	processed_pseudogene	0	0	0	0.0000	0.0000	0.0000
ENSG00000269514.3	AC024257.3	lncRNA	4	1	4	0.0479	0.0140	0.0135
ENSG00000269516.6	CYP4F23P	transcribed_unprocessed_pseudogene	0	0	0	0.0000	0.0000	0.0000
ENSG00000269519.1	AC005176.2	processed_pseudogene	0	0	0	0.0000	0.0000	0.0000
ENSG00000269524.1	AC245052.7	lncRNA	0	0	0	0.0000	0.0000	0.0000
ENSG00000269526.1	ERVV-1	protein_coding	0	0	0	0.0000	0.0000	0.0000
ENSG00000269533.5	AC003002.3	protein_coding	4	1	3	0.2807	0.0822	0.0792
ENSG00000269534.5	AC011466.3	lncRNA	57	244	258	4.7973	1.4052	1.3531
ENSG00000269535.1	AC010320.4	lncRNA	0	10	4	0.0000	0.0000	0.0000
ENSG00000269540.1	AC010624.4	processed_pseudogene	0	0	0	0.0000	0.0000	0.0000
ENSG00000269543.5	AC074135.2	lncRNA	0	0	0	0.0000	0.0000	0.0000
ENSG00000269546.1	CLIC4P2	processed_pseudogene	0	0	0	0.0000	0.0000	0.0000
ENSG00000269547.1	AC011455.2	protein_coding	0	0	0	0.0000	0.0000	0.0000
ENSG00000269552.1	OR7A8P	unprocessed_pseudogene	0	0	0	0.0000	0.0000	0.0000
ENSG00000269553.1	U62631.1	lncRNA	2	1	1	0.3904	0.1144	0.1101
ENSG00000269556.8	TMEM185A	protein_coding	488	262	228	8.0344	2.3534	2.2661
ENSG00000269559.2	AC093677.2	lncRNA	9	39	18	0.4102	0.1202	0.1157
ENSG00000269560.1	AC010422.4	lncRNA	5	2	3	0.7966	0.2333	0.2247
ENSG00000269564.1	AC008753.2	lncRNA	0	0	0	0.0000	0.0000	0.0000
ENSG00000269565.1	GPR32P1	unprocessed_pseudogene	0	0	0	0.0000	0.0000	0.0000
ENSG00000269570.2	AP001350.1	lncRNA	0	207	209	0.0000	0.0000	0.0000
ENSG00000269575.1	MTDHP5	processed_pseudogene	0	0	0	0.0000	0.0000	0.0000
ENSG00000269576.1	HNRNPMP2	processed_pseudogene	0	0	0	0.0000	0.0000	0.0000
ENSG00000269578.1	AC008764.7	lncRNA	0	1	4	0.0000	0.0000	0.0000
ENSG00000269580.2	SIGLEC27P	unprocessed_pseudogene	0	0	0	0.0000	0.0000	0.0000
ENSG00000269583.1	L34079.3	lncRNA	0	172	157	0.0000	0.0000	0.0000
ENSG00000269584.1	TDGF1P7	processed_pseudogene	0	0	0	0.0000	0.0000	0.0000
ENSG00000269586.7	CT45A10	protein_coding	0	0	0	0.0000	0.0000	0.0000
ENSG00000269588.1	AC011500.2	unprocessed_pseudogene	0	0	0	0.0000	0.0000	0.0000
ENSG00000269590.1	AC010422.5	protein_coding	0	0	0	0.0000	0.0000	0.0000
ENSG00000269599.1	AL161896.1	lncRNA	0	0	0	0.0000	0.0000	0.0000
ENSG00000269600.2	AC016629.2	lncRNA	1	7	9	0.0451	0.0132	0.0127
ENSG00000269604.1	AC005523.2	lncRNA	0	1083	1082	0.0000	0.0000	0.0000
ENSG00000269608.1	OSTCP3	processed_pseudogene	3	2	1	0.5624	0.1647	0.1586
ENSG00000269609.6	RPARP-AS1	lncRNA	91	55	45	1.2545	0.3675	0.3538
ENSG00000269615.1	MTDHP2	processed_pseudogene	0	0	0	0.0000	0.0000	0.0000
ENSG00000269621.1	AL589765.7	lncRNA	0	250	241	0.0000	0.0000	0.0000
ENSG00000269622.1	TP53TG3HP	transcribed_processed_pseudogene	0	0	0	0.0000	0.0000	0.0000
ENSG00000269635.1	AC004257.1	lncRNA	0	0	0	0.0000	0.0000	0.0000
ENSG00000269637.1	RPL12P41	processed_pseudogene	3	0	3	0.5116	0.1498	0.1443
ENSG00000269646.1	AC010487.1	lncRNA	1	1	1	0.1747	0.0512	0.0493
ENSG00000269651.1	AC022146.1	unprocessed_pseudogene	0	0	0	0.0000	0.0000	0.0000
ENSG00000269652.1	AC011510.1	lncRNA	0	13	16	0.0000	0.0000	0.0000
ENSG00000269653.1	AC011479.3	lncRNA	0	0	0	0.0000	0.0000	0.0000
ENSG00000269656.1	NOP53-AS1	lncRNA	5	75	66	0.7863	0.2303	0.2218
ENSG00000269662.1	BNIP3P39	processed_pseudogene	0	0	0	0.0000	0.0000	0.0000
ENSG00000269667.2	AC092723.1	lncRNA	0	0	0	0.0000	0.0000	0.0000
ENSG00000269678.1	OR7A18P	unprocessed_pseudogene	0	0	0	0.0000	0.0000	0.0000
ENSG00000269680.1	AC008760.1	lncRNA	1	57	62	0.1238	0.0363	0.0349
ENSG00000269681.1	AC063977.6	processed_pseudogene	1	0	1	0.2520	0.0738	0.0711
ENSG00000269688.1	AC008982.2	lncRNA	7	5	2	1.2058	0.3532	0.3401
ENSG00000269692.1	FKBP4P2	processed_pseudogene	0	0	0	0.0000	0.0000	0.0000
ENSG00000269693.1	AC010422.6	protein_coding	0	0	0	0.0000	0.0000	0.0000
ENSG00000269694.1	AC005197.1	lncRNA	5	2	3	0.6217	0.1821	0.1753
ENSG00000269696.2	AC005498.3	lncRNA	3	2	1	0.1180	0.0346	0.0333
ENSG00000269699.6	ZIM2	protein_coding	0	0	0	0.0000	0.0000	0.0000
ENSG00000269706.1	AC008687.6	unprocessed_pseudogene	0	0	0	0.0000	0.0000	0.0000
ENSG00000269707.2	AC018730.1	lncRNA	0	0	0	0.0000	0.0000	0.0000
ENSG00000269711.1	AC008763.3	protein_coding	0	0	0	0.0000	0.0000	0.0000
ENSG00000269713.7	NBPF9	protein_coding	200	97	108	1.8775	0.5500	0.5296
ENSG00000269720.2	CCDC194	protein_coding	5	3	2	0.2900	0.0850	0.0818
ENSG00000269729.1	AC006262.2	lncRNA	0	0	0	0.0000	0.0000	0.0000
ENSG00000269732.1	WBP1LP7	processed_pseudogene	0	0	0	0.0000	0.0000	0.0000
ENSG00000269736.1	AC010319.5	lncRNA	0	0	0	0.0000	0.0000	0.0000
ENSG00000269737.2	AL691432.1	transcribed_processed_pseudogene	8	4	4	0.3735	0.1094	0.1053
ENSG00000269741.5	AC011473.4	protein_coding	0	0	0	0.0000	0.0000	0.0000
ENSG00000269742.1	BNIP3P29	processed_pseudogene	0	0	0	0.0000	0.0000	0.0000
ENSG00000269743.3	SLC25A53	protein_coding	112	45	67	1.3932	0.4081	0.3929
ENSG00000269745.1	AC006262.3	lncRNA	0	0	0	0.0000	0.0000	0.0000
ENSG00000269749.1	AC005614.2	lncRNA	0	0	0	0.0000	0.0000	0.0000
ENSG00000269752.1	AC008761.2	lncRNA	0	0	0	0.0000	0.0000	0.0000
ENSG00000269755.1	AC008758.6	protein_coding	0	0	0	0.0000	0.0000	0.0000
ENSG00000269758.1	AC092070.4	lncRNA	0	0	0	0.0000	0.0000	0.0000
ENSG00000269761.1	AC025278.2	processed_pseudogene	8	4	4	0.6391	0.1872	0.1803
ENSG00000269763.1	EXOSC3P2	processed_pseudogene	1	0	1	0.1709	0.0500	0.0482
ENSG00000269765.2	AC011492.1	unprocessed_pseudogene	0	0	0	0.0000	0.0000	0.0000
ENSG00000269776.1	DPPA5P1	processed_pseudogene	0	0	0	0.0000	0.0000	0.0000
ENSG00000269779.1	AC010329.2	unprocessed_pseudogene	0	0	0	0.0000	0.0000	0.0000
ENSG00000269782.1	MIR1470	miRNA	0	0	0	0.0000	0.0000	0.0000
ENSG00000269786.1	AC044792.1	processed_pseudogene	0	0	0	0.0000	0.0000	0.0000
ENSG00000269787.2	OR7A3P	unprocessed_pseudogene	0	0	0	0.0000	0.0000	0.0000
ENSG00000269791.5	SSX4B	protein_coding	0	0	0	0.0000	0.0000	0.0000
ENSG00000269792.1	AC011500.3	lncRNA	0	12	16	0.0000	0.0000	0.0000
ENSG00000269793.7	ZIM2-AS1	lncRNA	0	0	0	0.0000	0.0000	0.0000
ENSG00000269794.1	AC010642.1	processed_pseudogene	0	0	0	0.0000	0.0000	0.0000
ENSG00000269796.1	AC011516.1	lncRNA	0	0	0	0.0000	0.0000	0.0000
ENSG00000269799.1	AC008737.3	lncRNA	0	0	0	0.0000	0.0000	0.0000
ENSG00000269800.1	PLEKHA3P1	processed_pseudogene	5	1	5	0.4749	0.1391	0.1340
ENSG00000269802.1	AC011491.3	lncRNA	0	5	2	0.0000	0.0000	0.0000
ENSG00000269806.1	BICRA-AS1	lncRNA	0	0	0	0.0000	0.0000	0.0000
ENSG00000269807.1	AC007292.3	lncRNA	0	49	57	0.0000	0.0000	0.0000
ENSG00000269811.2	SCGB2B3P	processed_pseudogene	0	0	0	0.0000	0.0000	0.0000
ENSG00000269813.1	AC010336.6	lncRNA	0	28	30	0.0000	0.0000	0.0000
ENSG00000269815.1	AC010463.3	lncRNA	7	4	3	1.1889	0.3482	0.3353
ENSG00000269821.1	KCNQ1OT1	lncRNA	35	23	25	0.0324	0.0095	0.0091
ENSG00000269825.1	AC022150.4	lncRNA	12	6	6	0.3578	0.1048	0.1009
ENSG00000269826.1	AC092327.2	lncRNA	0	0	2	0.0000	0.0000	0.0000
ENSG00000269833.2	AC234771.5	processed_pseudogene	0	0	0	0.0000	0.0000	0.0000
ENSG00000269834.6	ZNF528-AS1	lncRNA	34	19	16	0.4994	0.1463	0.1408
ENSG00000269836.1	AC020913.3	lncRNA	2	2	0	1.3587	0.3980	0.3832
ENSG00000269837.1	IPO5P1	transcribed_processed_pseudogene	20	11	9	0.5883	0.1723	0.1659
ENSG00000269839.1	AC010620.2	unprocessed_pseudogene	0	0	0	0.0000	0.0000	0.0000
ENSG00000269842.5	AC011453.1	lncRNA	0	0	0	0.0000	0.0000	0.0000
ENSG00000269843.1	AC008537.2	lncRNA	17	9	8	2.9951	0.8773	0.8448
ENSG00000269845.1	CCNYL6	transcribed_processed_pseudogene	3	3	0	0.0946	0.0277	0.0267
ENSG00000269846.1	AL136172.1	lncRNA	1	12	5	0.0609	0.0178	0.0172
ENSG00000269848.1	AC119751.8	processed_pseudogene	0	0	0	0.0000	0.0000	0.0000
ENSG00000269855.2	RNF225	protein_coding	0	0	0	0.0000	0.0000	0.0000
ENSG00000269858.6	EGLN2	protein_coding	92	43	49	1.1884	0.3481	0.3352
ENSG00000269859.1	AC008735.3	lncRNA	0	0	0	0.0000	0.0000	0.0000
ENSG00000269867.1	AC010326.3	lncRNA	30	36	35	3.7520	1.0990	1.0583
ENSG00000269873.1	AC245884.10	lncRNA	1	1	0	0.2520	0.0738	0.0711
ENSG00000269877.3	AC008753.3	lncRNA	0	0	0	0.0000	0.0000	0.0000
ENSG00000269883.1	AC007375.3	lncRNA	0	0	0	0.0000	0.0000	0.0000
ENSG00000269885.1	VN1R79P	unprocessed_pseudogene	0	0	0	0.0000	0.0000	0.0000
ENSG00000269886.1	AC022382.1	lncRNA	0	13	15	0.0000	0.0000	0.0000
ENSG00000269887.1	AL391001.1	lncRNA	2	2	0	0.2375	0.0696	0.0670
ENSG00000269888.1	AC112491.1	lncRNA	3	28	32	1.0273	0.3009	0.2897
ENSG00000269889.1	AC078802.1	lncRNA	18	10	9	1.8132	0.5311	0.5114
ENSG00000269891.2	ARHGAP19-SLIT1	protein_coding	2	0	2	0.0415	0.0122	0.0117
ENSG00000269892.1	AC125494.2	lncRNA	12	5	7	1.5511	0.4543	0.4375
ENSG00000269893.8	SNHG8	lncRNA	839	523	528	10.7821	3.1583	3.0412
ENSG00000269894.1	AC018809.1	lncRNA	3	2	1	0.4607	0.1349	0.1299
ENSG00000269895.1	AP000654.1	lncRNA	0	0	0	0.0000	0.0000	0.0000
ENSG00000269896.2	AL513477.1	transcribed_processed_pseudogene	22	10	12	0.7762	0.2274	0.2189
ENSG00000269897.5	COMMD3-BMI1	protein_coding	0	0	0	0.0000	0.0000	0.0000
ENSG00000269898.1	AC018695.2	lncRNA	0	0	0	0.0000	0.0000	0.0000
ENSG00000269900.3	RMRP	lncRNA	0	0	0	0.0000	0.0000	0.0000
ENSG00000269901.1	AC010531.5	lncRNA	3	3	3	0.5661	0.1658	0.1597
ENSG00000269902.1	AC234772.1	lncRNA	2	1	1	0.3217	0.0942	0.0907
ENSG00000269903.1	AC025165.4	lncRNA	0	0	0	0.0000	0.0000	0.0000
ENSG00000269904.2	MAP2K4P1	transcribed_processed_pseudogene	15	6	9	0.5017	0.1470	0.1415
ENSG00000269906.1	AL606834.1	lncRNA	5	3	2	0.6356	0.1862	0.1793
ENSG00000269907.1	PTMAP11	processed_pseudogene	2	1	1	0.5147	0.1508	0.1452
ENSG00000269910.1	AL049840.3	lncRNA	4	105	108	0.6349	0.1860	0.1791
ENSG00000269911.1	FAM226B	lncRNA	0	0	0	0.0000	0.0000	0.0000
ENSG00000269915.1	AP006621.4	lncRNA	0	0	5	0.0000	0.0000	0.0000
ENSG00000269918.1	AF131215.6	lncRNA	28	9	19	1.1806	0.3458	0.3330
ENSG00000269919.1	AL022067.1	lncRNA	0	0	0	0.0000	0.0000	0.0000
ENSG00000269921.1	AC068620.1	lncRNA	1	0	2	0.1605	0.0470	0.0453
ENSG00000269924.1	AC024451.4	lncRNA	6	1	5	0.6776	0.1985	0.1911
ENSG00000269925.1	Z98884.2	lncRNA	5	2	3	1.0804	0.3165	0.3047
ENSG00000269926.1	DDIT4-AS1	lncRNA	0	2048	1993	0.0000	0.0000	0.0000
ENSG00000269927.1	AC004817.3	lncRNA	1	0	1	0.0399	0.0117	0.0113
ENSG00000269929.3	MIRLET7A1HG	lncRNA	33	26	19	0.6192	0.1814	0.1746
ENSG00000269930.1	AC091057.3	lncRNA	2	2	1	0.2144	0.0628	0.0605
ENSG00000269931.2	AL078623.1	lncRNA	0	0	0	0.0000	0.0000	0.0000
ENSG00000269933.1	AL031429.2	lncRNA	0	0	0	0.0000	0.0000	0.0000
ENSG00000269934.3	AL353593.1	lncRNA	46	50	53	0.3899	0.1142	0.1100
ENSG00000269935.1	AC092720.2	lncRNA	0	0	0	0.0000	0.0000	0.0000
ENSG00000269937.1	AC093525.7	lncRNA	10	14	5	0.2342	0.0686	0.0661
ENSG00000269938.1	AC068790.2	lncRNA	3	0	3	0.4574	0.1340	0.1290
ENSG00000269939.1	PCF11-AS1	lncRNA	0	37	33	0.0000	0.0000	0.0000
ENSG00000269940.1	AL049840.4	lncRNA	24	121	112	3.3357	0.9771	0.9408
ENSG00000269944.1	AP001267.4	lncRNA	0	0	0	0.0000	0.0000	0.0000
ENSG00000269945.1	AC004817.4	lncRNA	33	14	19	0.7731	0.2264	0.2180
ENSG00000269947.1	AC135178.6	lncRNA	14	2	12	1.7639	0.5167	0.4975
ENSG00000269949.1	AC069307.1	lncRNA	7	2	5	1.3299	0.3895	0.3751
ENSG00000269950.1	AP000962.1	lncRNA	1	0	1	0.1165	0.0341	0.0329
ENSG00000269951.1	AC090181.2	lncRNA	5	3	2	0.6318	0.1851	0.1782
ENSG00000269952.1	AL117336.1	lncRNA	7	2	5	1.7745	0.5198	0.5005
ENSG00000269954.2	AC022239.1	lncRNA	6	8	7	0.1964	0.0575	0.0554
ENSG00000269955.2	FMC1-LUC7L2	protein_coding	0	0	0	0.0000	0.0000	0.0000
ENSG00000269956.2	MKNK1-AS1	lncRNA	5	84	74	0.1678	0.0492	0.0473
ENSG00000269957.6	AL353811.1	lncRNA	0	0	0	0.0000	0.0000	0.0000
ENSG00000269958.1	AL049840.5	lncRNA	366	196	170	38.3241	11.2257	10.8096
ENSG00000269959.1	SPACA6P-AS	lncRNA	6	8	4	0.1286	0.0377	0.0363
ENSG00000269961.1	AC010359.2	lncRNA	2	1	1	0.3350	0.0981	0.0945
ENSG00000269964.3	MEI4	protein_coding	0	0	0	0.0000	0.0000	0.0000
ENSG00000269966.1	AL136164.2	lncRNA	0	0	0	0.0000	0.0000	0.0000
ENSG00000269967.1	AL136115.2	lncRNA	3	1	2	0.4340	0.1271	0.1224
ENSG00000269968.1	AC006064.4	lncRNA	0	51478	50283	0.0000	0.0000	0.0000
ENSG00000269970.1	AL162424.1	lncRNA	3	2	1	1.1528	0.3377	0.3251
ENSG00000269971.1	AL020997.2	lncRNA	0	0	0	0.0000	0.0000	0.0000
ENSG00000269972.1	AC004542.1	lncRNA	0	359	352	0.0000	0.0000	0.0000
ENSG00000269973.1	AC010969.2	lncRNA	140	70	71	3.6796	1.0778	1.0379
ENSG00000269976.1	AC012065.2	lncRNA	4	4	0	0.7738	0.2266	0.2182
ENSG00000269978.1	AL359881.1	lncRNA	1	1	0	0.3181	0.0932	0.0897
ENSG00000269980.1	AC068768.1	lncRNA	0	0	0	0.0000	0.0000	0.0000
ENSG00000269981.1	AL627309.7	processed_pseudogene	1	1	0	0.2990	0.0876	0.0843
ENSG00000269982.1	AC018809.2	lncRNA	65	29	42	1.4438	0.4229	0.4072
ENSG00000269983.1	AC146944.2	lncRNA	1	1	0	0.1183	0.0346	0.0334
ENSG00000269984.1	AC078795.1	lncRNA	18	155	116	0.4863	0.1425	0.1372
ENSG00000269985.1	AL021328.1	lncRNA	0	0	0	0.0000	0.0000	0.0000
ENSG00000269986.1	AC040174.2	lncRNA	0	0	0	0.0000	0.0000	0.0000
ENSG00000269987.1	AC004542.2	lncRNA	0	432	455	0.0000	0.0000	0.0000
ENSG00000269989.1	AC036176.3	lncRNA	0	0	0	0.0000	0.0000	0.0000
ENSG00000269993.1	KC877982.1	lncRNA	0	0	0	0.0000	0.0000	0.0000
ENSG00000269994.3	AL513318.1	lncRNA	0	8	9	0.0000	0.0000	0.0000
ENSG00000269997.1	AC068790.3	lncRNA	0	0	0	0.0000	0.0000	0.0000
ENSG00000270000.1	AC005479.2	lncRNA	1	0	1	0.1970	0.0577	0.0556
ENSG00000270001.1	AL121894.2	lncRNA	13	5	8	2.2484	0.6586	0.6342
ENSG00000270002.1	AC022028.2	lncRNA	0	5	4	0.0000	0.0000	0.0000
ENSG00000270006.2	AC010531.6	lncRNA	5	3	2	1.0589	0.3102	0.2987
ENSG00000270008.1	AL137247.2	lncRNA	0	0	0	0.0000	0.0000	0.0000
ENSG00000270011.7	ZNF559-ZNF177	protein_coding	2	0	2	0.0397	0.0116	0.0112
ENSG00000270012.1	AC232271.1	lncRNA	33	15	18	1.0322	0.3023	0.2911
ENSG00000270016.1	AC026150.3	lncRNA	1	1	0	0.1702	0.0498	0.0480
ENSG00000270017.1	AC107976.1	lncRNA	0	2	1	0.0000	0.0000	0.0000
ENSG00000270019.1	AC110769.2	lncRNA	5	2	3	0.2743	0.0803	0.0774
ENSG00000270020.1	AC009108.3	lncRNA	3	1	2	0.0725	0.0212	0.0204
ENSG00000270021.1	AC026691.1	lncRNA	19	15	13	0.7999	0.2343	0.2256
ENSG00000270022.3	Z93241.1	lncRNA	0	0	0	0.0000	0.0000	0.0000
ENSG00000270025.2	BMS1P7	transcribed_unprocessed_pseudogene	1	1	0	0.0807	0.0236	0.0228
ENSG00000270030.1	AC136475.7	lncRNA	3	3	0	0.4303	0.1261	0.1214
ENSG00000270031.1	AL020997.3	lncRNA	2	1	1	0.4731	0.1386	0.1334
ENSG00000270035.1	AL359881.2	lncRNA	1	0	1	0.1490	0.0436	0.0420
ENSG00000270036.1	AC027243.2	lncRNA	0	0	0	0.0000	0.0000	0.0000
ENSG00000270038.1	AL133467.4	lncRNA	0	0	0	0.0000	0.0000	0.0000
ENSG00000270039.1	AC025165.5	lncRNA	34	15	20	4.9953	1.4632	1.4090
ENSG00000270048.1	AC068790.4	lncRNA	3	2	1	0.9687	0.2837	0.2732
ENSG00000270049.3	AC009061.2	lncRNA	94	43	51	1.6534	0.4843	0.4663
ENSG00000270050.1	AL035427.1	lncRNA	1	102	121	0.2194	0.0643	0.0619
ENSG00000270052.1	BX546450.2	lncRNA	0	0	0	0.0000	0.0000	0.0000
ENSG00000270055.1	AC127502.2	lncRNA	31	13	18	1.1198	0.3280	0.3158
ENSG00000270059.1	AC121493.1	lncRNA	0	0	0	0.0000	0.0000	0.0000
ENSG00000270060.1	AC090589.3	lncRNA	7	5	2	1.0356	0.3033	0.2921
ENSG00000270061.1	AC068790.5	lncRNA	4	1	3	0.9569	0.2803	0.2699
ENSG00000270062.1	AL606834.2	lncRNA	71	37	34	12.1560	3.5607	3.4287
ENSG00000270066.3	AL356488.2	lncRNA	0	0	0	0.0000	0.0000	0.0000
ENSG00000270068.1	AC125494.3	lncRNA	3	2	1	0.5599	0.1640	0.1579
ENSG00000270069.1	MIR222HG	lncRNA	108	55	53	3.2931	0.9646	0.9289
ENSG00000270071.3	AP001172.1	lncRNA	1	3	1	0.0512	0.0150	0.0144
ENSG00000270072.1	AC090559.2	lncRNA	0	0	0	0.0000	0.0000	0.0000
ENSG00000270073.1	TSPY6P	unprocessed_pseudogene	0	0	0	0.0000	0.0000	0.0000
ENSG00000270074.1	AC087203.3	lncRNA	32	15	17	1.7566	0.5145	0.4955
ENSG00000270075.1	AL162742.1	lncRNA	0	35	38	0.0000	0.0000	0.0000
ENSG00000270076.1	AF131215.7	lncRNA	0	0	0	0.0000	0.0000	0.0000
ENSG00000270077.1	AP003117.1	lncRNA	2	1	2	0.3066	0.0898	0.0865
ENSG00000270082.1	AC010531.7	lncRNA	0	32	29	0.0000	0.0000	0.0000
ENSG00000270083.1	AL021878.4	lncRNA	4	1	3	0.8513	0.2494	0.2401
ENSG00000270084.2	GAS5-AS1	lncRNA	18	132	150	1.8778	0.5501	0.5297
ENSG00000270087.5	AC010997.3	lncRNA	0	0	0	0.0000	0.0000	0.0000
ENSG00000270090.5	AL590235.1	lncRNA	330	159	171	30.0362	8.7981	8.4719
ENSG00000270091.1	AC015726.1	lncRNA	21	9	12	2.5549	0.7484	0.7206
ENSG00000270094.1	AL670729.1	lncRNA	0	173	186	0.0000	0.0000	0.0000
ENSG00000270095.1	AC068790.6	lncRNA	0	0	0	0.0000	0.0000	0.0000
ENSG00000270096.1	AC078795.2	lncRNA	0	12	12	0.0000	0.0000	0.0000
ENSG00000270098.1	LDHAL6EP	processed_pseudogene	5	1	4	0.3715	0.1088	0.1048
ENSG00000270099.1	AL365273.2	protein_coding	0	0	0	0.0000	0.0000	0.0000
ENSG00000270100.1	AC012065.3	lncRNA	0	4	2	0.0000	0.0000	0.0000
ENSG00000270103.3	AL360012.1	lncRNA	0	0	0	0.0000	0.0000	0.0000
ENSG00000270104.1	AL670729.2	lncRNA	1	1	0	0.1479	0.0433	0.0417
ENSG00000270105.1	AC136475.8	lncRNA	0	0	0	0.0000	0.0000	0.0000
ENSG00000270106.6	TSNAX-DISC1	protein_coding	0	0	0	0.0000	0.0000	0.0000
ENSG00000270108.1	AL049840.6	lncRNA	20	13	7	3.0768	0.9013	0.8678
ENSG00000270110.2	AL353593.2	lncRNA	9	7	3	0.6764	0.1981	0.1908
ENSG00000270111.3	CELF2-DT	lncRNA	0	0	0	0.0000	0.0000	0.0000
ENSG00000270112.4	AC090241.2	lncRNA	2	3	0	0.0159	0.0047	0.0045
ENSG00000270114.1	AC006019.3	lncRNA	0	0	0	0.0000	0.0000	0.0000
ENSG00000270115.1	AL513327.2	lncRNA	2	0	2	0.3621	0.1061	0.1021
ENSG00000270116.1	AP001429.1	lncRNA	3	1	2	0.4807	0.1408	0.1356
ENSG00000270117.1	AP000769.2	lncRNA	0	0	0	0.0000	0.0000	0.0000
ENSG00000270118.1	AC138894.2	lncRNA	0	0	0	0.0000	0.0000	0.0000
ENSG00000270120.1	AC007728.3	lncRNA	0	0	0	0.0000	0.0000	0.0000
ENSG00000270123.4	VTRNA2-1	vault_RNA	0	0	0	0.0000	0.0000	0.0000
ENSG00000270124.1	AC092127.2	lncRNA	0	0	0	0.0000	0.0000	0.0000
ENSG00000270127.2	AC027020.2	lncRNA	20	9	11	0.7109	0.2082	0.2005
ENSG00000270130.1	AC068790.7	lncRNA	2	0	2	0.3217	0.0942	0.0907
ENSG00000270131.1	AP003465.2	lncRNA	0	0	0	0.0000	0.0000	0.0000
ENSG00000270133.1	AC025766.1	lncRNA	1	1	0	0.2076	0.0608	0.0586
ENSG00000270135.1	AC078795.3	lncRNA	0	7	0	0.0000	0.0000	0.0000
ENSG00000270136.6	MICOS10-NBL1	protein_coding	0	0	0	0.0000	0.0000	0.0000
ENSG00000270137.1	AF230666.2	lncRNA	0	0	0	0.0000	0.0000	0.0000
ENSG00000270139.1	AP001172.2	lncRNA	0	0	0	0.0000	0.0000	0.0000
ENSG00000270140.1	AC005520.3	lncRNA	0	0	0	0.0000	0.0000	0.0000
ENSG00000270141.3	TERC	lncRNA	1	0	1	0.1570	0.0460	0.0443
ENSG00000270147.1	AC068620.2	lncRNA	3	46	53	0.4549	0.1333	0.1283
ENSG00000270149.5	AL591806.2	protein_coding	2	1	1	0.0803	0.0235	0.0227
ENSG00000270154.1	AC130352.1	lncRNA	1	1	0	0.1285	0.0376	0.0362
ENSG00000270157.1	AC004918.3	lncRNA	45	25	20	4.1313	1.2101	1.1652
ENSG00000270159.1	AC018695.3	lncRNA	0	0	0	0.0000	0.0000	0.0000
ENSG00000270164.1	LINC01480	lncRNA	12	7	5	0.5918	0.1733	0.1669
ENSG00000270165.1	AC010530.1	lncRNA	4	3	1	0.5970	0.1749	0.1684
ENSG00000270166.1	AL390838.2	processed_pseudogene	0	0	0	0.0000	0.0000	0.0000
ENSG00000270170.2	NCBP2AS2	protein_coding	462	221	241	45.0957	13.2092	12.7195
ENSG00000270171.1	AL359881.3	lncRNA	0	0	0	0.0000	0.0000	0.0000
ENSG00000270174.1	AL022097.1	lncRNA	0	0	0	0.0000	0.0000	0.0000
ENSG00000270175.1	AC023509.3	lncRNA	20	12	14	2.1915	0.6419	0.6181
ENSG00000270177.1	AC104109.2	lncRNA	39	16	24	2.3356	0.6841	0.6588
ENSG00000270178.1	AC007687.1	lncRNA	0	0	0	0.0000	0.0000	0.0000
ENSG00000270179.1	AP002840.2	lncRNA	7	5	2	0.9288	0.2721	0.2620
ENSG00000270181.3	BIVM-ERCC5	protein_coding	0	0	0	0.0000	0.0000	0.0000
ENSG00000270182.1	AC004080.4	lncRNA	0	0	0	0.0000	0.0000	0.0000
ENSG00000270184.1	AC018695.4	lncRNA	2	1	1	0.2465	0.0722	0.0695
ENSG00000270185.1	IGHD1OR15-1B	IG_D_gene	0	0	0	0.0000	0.0000	0.0000
ENSG00000270187.1	IGKV1OR2-11	IG_V_pseudogene	5	1	4	1.4795	0.4334	0.4173
ENSG00000270188.1	MTRNR2L11	protein_coding	0	0	0	0.0000	0.0000	0.0000
ENSG00000270190.1	AC068491.2	lncRNA	0	0	0	0.0000	0.0000	0.0000
ENSG00000270191.1	BNIP3P31	processed_pseudogene	0	0	0	0.0000	0.0000	0.0000
ENSG00000270192.1	MRPS35P3	processed_pseudogene	0	0	0	0.0000	0.0000	0.0000
ENSG00000270193.1	AC009237.12	processed_pseudogene	0	0	0	0.0000	0.0000	0.0000
ENSG00000270194.1	AC097359.2	lncRNA	92	87	75	3.2703	0.9579	0.9224
ENSG00000270195.2	AC016773.1	lncRNA	3	2	2	0.1809	0.0530	0.0510
ENSG00000270196.1	GTF3C6P3	processed_pseudogene	0	0	0	0.0000	0.0000	0.0000
ENSG00000270200.1	AC005229.3	processed_pseudogene	0	0	0	0.0000	0.0000	0.0000
ENSG00000270202.1	AP003973.1	processed_pseudogene	0	0	0	0.0000	0.0000	0.0000
ENSG00000270204.1	AC020549.3	processed_pseudogene	0	0	0	0.0000	0.0000	0.0000
ENSG00000270207.2	AC077690.1	lncRNA	0	0	1	0.0000	0.0000	0.0000
ENSG00000270209.1	AL035411.2	processed_pseudogene	0	0	0	0.0000	0.0000	0.0000
ENSG00000270210.1	AC104695.2	lncRNA	4	2	2	0.4383	0.1284	0.1236
ENSG00000270212.1	AC008738.6	lncRNA	0	0	0	0.0000	0.0000	0.0000
ENSG00000270218.1	AC013553.2	processed_pseudogene	0	0	0	0.0000	0.0000	0.0000
ENSG00000270222.1	DUXAP11	processed_pseudogene	0	0	0	0.0000	0.0000	0.0000
ENSG00000270225.1	MTCO2P22	processed_pseudogene	7	3	4	0.8729	0.2557	0.2462
ENSG00000270226.1	AC006548.2	processed_pseudogene	1	0	1	0.1605	0.0470	0.0453
ENSG00000270228.1	AC079880.1	processed_pseudogene	1	156	142	0.0415	0.0122	0.0117
ENSG00000270230.1	MTND6P22	processed_pseudogene	1	0	1	0.1630	0.0477	0.0460
ENSG00000270231.4	NBPF8	transcribed_unprocessed_pseudogene	160	81	79	2.2794	0.6677	0.6429
ENSG00000270232.1	MTCYBP22	processed_pseudogene	2	2	0	0.3800	0.1113	0.1072
ENSG00000270234.1	AL355333.1	processed_pseudogene	0	0	0	0.0000	0.0000	0.0000
ENSG00000270236.1	AL162730.1	processed_pseudogene	0	0	0	0.0000	0.0000	0.0000
ENSG00000270240.2	AC015849.1	lncRNA	4	2	2	0.4499	0.1318	0.1269
ENSG00000270241.1	AC115286.1	processed_pseudogene	0	0	0	0.0000	0.0000	0.0000
ENSG00000270242.1	ACTR3BP1	processed_pseudogene	0	0	0	0.0000	0.0000	0.0000
ENSG00000270243.1	AC022217.4	processed_pseudogene	0	0	0	0.0000	0.0000	0.0000
ENSG00000270244.1	AC104687.2	processed_pseudogene	0	0	0	0.0000	0.0000	0.0000
ENSG00000270248.1	AC011468.4	processed_pseudogene	2	0	2	0.4153	0.1216	0.1171
ENSG00000270249.2	AC093668.1	protein_coding	0	0	0	0.0000	0.0000	0.0000
ENSG00000270251.1	AL670379.1	processed_pseudogene	0	0	0	0.0000	0.0000	0.0000
ENSG00000270252.1	IGKV3OR2-5	IG_V_pseudogene	0	0	0	0.0000	0.0000	0.0000
ENSG00000270255.1	AC009884.2	processed_pseudogene	0	0	0	0.0000	0.0000	0.0000
ENSG00000270257.1	AC096720.1	processed_pseudogene	3	1	2	1.3921	0.4078	0.3927
ENSG00000270258.1	DUXAP4	processed_pseudogene	0	0	0	0.0000	0.0000	0.0000
ENSG00000270259.2	BX255925.2	processed_pseudogene	0	0	0	0.0000	0.0000	0.0000
ENSG00000270264.1	NDUFB8P2	processed_pseudogene	7	3	4	1.1049	0.3236	0.3116
ENSG00000270265.1	AC104819.3	lncRNA	0	0	0	0.0000	0.0000	0.0000
ENSG00000270268.1	CORO1CP1	processed_pseudogene	0	0	0	0.0000	0.0000	0.0000
ENSG00000270269.1	IMMP1LP1	processed_pseudogene	1	1	0	0.1740	0.0510	0.0491
ENSG00000270270.1	BNIP3P10	processed_pseudogene	0	0	0	0.0000	0.0000	0.0000
ENSG00000270273.1	AC121334.2	processed_pseudogene	0	0	0	0.0000	0.0000	0.0000
ENSG00000270275.1	TRMT112P7	processed_pseudogene	0	0	0	0.0000	0.0000	0.0000
ENSG00000270276.2	H4C15	protein_coding	0	0	0	0.0000	0.0000	0.0000
ENSG00000270277.1	AC009948.1	lncRNA	7	17	19	0.3306	0.0968	0.0933
ENSG00000270279.1	AL132655.3	lncRNA	0	0	0	0.0000	0.0000	0.0000
ENSG00000270280.1	SMIM15P1	processed_pseudogene	0	0	0	0.0000	0.0000	0.0000
ENSG00000270281.1	AC020910.3	processed_pseudogene	0	0	1	0.0000	0.0000	0.0000
ENSG00000270282.1	AL096855.2	processed_pseudogene	0	0	0	0.0000	0.0000	0.0000
ENSG00000270285.1	AC124916.2	processed_pseudogene	0	0	0	0.0000	0.0000	0.0000
ENSG00000270287.1	AL359704.1	processed_pseudogene	0	0	0	0.0000	0.0000	0.0000
ENSG00000270289.1	AC012669.1	processed_pseudogene	0	0	0	0.0000	0.0000	0.0000
ENSG00000270292.1	AC079880.2	processed_pseudogene	0	0	0	0.0000	0.0000	0.0000
ENSG00000270293.1	AC025588.2	processed_pseudogene	0	0	0	0.0000	0.0000	0.0000
ENSG00000270294.1	XIAPP1	processed_pseudogene	1	0	1	0.1415	0.0415	0.0399
ENSG00000270296.1	STX8P1	processed_pseudogene	2	2	0	0.4784	0.1401	0.1349
ENSG00000270299.1	AL121758.1	protein_coding	1	1	0	0.0313	0.0092	0.0088
ENSG00000270300.2	PHACTR2P1	transcribed_processed_pseudogene	19	9	10	1.0257	0.3005	0.2893
ENSG00000270301.1	AC174071.1	processed_pseudogene	0	0	0	0.0000	0.0000	0.0000
ENSG00000270302.1	AC080078.1	lncRNA	0	0	0	0.0000	0.0000	0.0000
ENSG00000270304.1	AC087283.1	processed_pseudogene	0	0	0	0.0000	0.0000	0.0000
ENSG00000270306.1	AL158050.2	processed_pseudogene	0	0	0	0.0000	0.0000	0.0000
ENSG00000270307.1	MTATP6P2	processed_pseudogene	13	6	7	1.6283	0.4769	0.4593
ENSG00000270308.1	TEX101P1	processed_pseudogene	0	0	0	0.0000	0.0000	0.0000
ENSG00000270313.1	COX6CP16	processed_pseudogene	0	0	0	0.0000	0.0000	0.0000
ENSG00000270314.1	AC007161.2	processed_pseudogene	0	0	0	0.0000	0.0000	0.0000
ENSG00000270316.1	BORCS7-ASMT	protein_coding	0	0	0	0.0000	0.0000	0.0000
ENSG00000270317.1	AC004004.1	processed_pseudogene	0	0	0	0.0000	0.0000	0.0000
ENSG00000270318.1	IGHV3OR16-11	IG_V_pseudogene	1	1	0	0.2433	0.0713	0.0686
ENSG00000270321.2	AC007953.2	lncRNA	0	0	0	0.0000	0.0000	0.0000
ENSG00000270322.1	AC091167.3	unprocessed_pseudogene	0	2	2	0.0000	0.0000	0.0000
ENSG00000270323.1	AP000860.1	processed_pseudogene	0	0	0	0.0000	0.0000	0.0000
ENSG00000270324.1	AC005972.1	processed_pseudogene	0	0	0	0.0000	0.0000	0.0000
ENSG00000270325.1	BNIP3P9	processed_pseudogene	0	0	0	0.0000	0.0000	0.0000
ENSG00000270326.1	SMIM15P2	processed_pseudogene	0	0	0	0.0000	0.0000	0.0000
ENSG00000270328.1	AC009597.2	processed_pseudogene	0	0	0	0.0000	0.0000	0.0000
ENSG00000270330.1	AL009183.1	processed_pseudogene	0	0	0	0.0000	0.0000	0.0000
ENSG00000270332.2	SMC2-AS1	lncRNA	0	0	0	0.0000	0.0000	0.0000
ENSG00000270333.1	AL390123.1	processed_pseudogene	0	0	0	0.0000	0.0000	0.0000
ENSG00000270335.1	AC093159.2	processed_pseudogene	0	0	0	0.0000	0.0000	0.0000
ENSG00000270336.1	AC105148.1	processed_pseudogene	0	0	0	0.0000	0.0000	0.0000
ENSG00000270339.3	PPIAL4H	protein_coding	0	0	0	0.0000	0.0000	0.0000
ENSG00000270342.1	AL499605.1	processed_pseudogene	0	0	0	0.0000	0.0000	0.0000
ENSG00000270343.1	UNGP3	processed_pseudogene	2	0	2	0.2516	0.0737	0.0710
ENSG00000270344.3	POC1B-AS1	lncRNA	12	7	12	0.1249	0.0366	0.0352
ENSG00000270347.1	AC011453.2	unprocessed_pseudogene	0	0	0	0.0000	0.0000	0.0000
ENSG00000270350.1	MTND4LP5	processed_pseudogene	0	0	0	0.0000	0.0000	0.0000
ENSG00000270352.1	AC022387.1	processed_pseudogene	0	0	0	0.0000	0.0000	0.0000
ENSG00000270354.1	AC012368.3	processed_pseudogene	0	0	0	0.0000	0.0000	0.0000
ENSG00000270356.1	IGHV1OR15-4	IG_V_pseudogene	1	0	1	0.2440	0.0715	0.0688
ENSG00000270359.1	AL358335.3	processed_pseudogene	0	0	0	0.0000	0.0000	0.0000
ENSG00000270361.1	AL451085.1	lncRNA	0	0	0	0.0000	0.0000	0.0000
ENSG00000270362.1	HMGN3-AS1	lncRNA	44	161	143	1.2683	0.3715	0.3577
ENSG00000270367.1	AC092053.1	processed_pseudogene	1	0	1	0.0439	0.0128	0.0124
ENSG00000270369.1	AL591684.3	processed_pseudogene	0	0	0	0.0000	0.0000	0.0000
ENSG00000270371.1	ATP6V1G1P1	processed_pseudogene	0	0	0	0.0000	0.0000	0.0000
ENSG00000270372.1	AL162413.1	lncRNA	0	0	0	0.0000	0.0000	0.0000
ENSG00000270377.1	AC097639.2	processed_pseudogene	0	0	0	0.0000	0.0000	0.0000
ENSG00000270378.1	AC020891.4	processed_pseudogene	0	0	0	0.0000	0.0000	0.0000
ENSG00000270379.6	HEATR9	protein_coding	10	4	7	0.2898	0.0849	0.0817
ENSG00000270380.1	AL358215.1	lncRNA	0	0	0	0.0000	0.0000	0.0000
ENSG00000270381.1	AL138963.2	processed_pseudogene	0	0	0	0.0000	0.0000	0.0000
ENSG00000270382.1	AL109918.2	processed_pseudogene	1	1	0	0.3044	0.0892	0.0859
ENSG00000270384.1	RNU1-154P	snRNA	0	0	0	0.0000	0.0000	0.0000
ENSG00000270385.1	AC133539.1	processed_pseudogene	1	1	0	0.1818	0.0533	0.0513
ENSG00000270387.1	AC115621.1	processed_pseudogene	0	0	0	0.0000	0.0000	0.0000
ENSG00000270388.1	MTCO3P22	processed_pseudogene	2	1	1	0.2166	0.0635	0.0611
ENSG00000270390.1	SFXN4P1	processed_pseudogene	0	0	0	0.0000	0.0000	0.0000
ENSG00000270392.2	PFN1P2	transcribed_processed_pseudogene	9	5	4	0.4133	0.1211	0.1166
ENSG00000270393.1	AC000095.1	processed_pseudogene	0	0	0	0.0000	0.0000	0.0000
ENSG00000270394.4	MTRNR2L13	protein_coding	0	0	0	0.0000	0.0000	0.0000
ENSG00000270395.1	MREGP1	processed_pseudogene	0	0	0	0.0000	0.0000	0.0000
ENSG00000270397.1	AL670379.2	processed_pseudogene	0	0	0	0.0000	0.0000	0.0000
ENSG00000270400.1	AL512782.1	processed_pseudogene	0	0	0	0.0000	0.0000	0.0000
ENSG00000270401.1	AC140658.5	unprocessed_pseudogene	0	0	0	0.0000	0.0000	0.0000
ENSG00000270402.1	AC011458.1	processed_pseudogene	1	2	0	0.1376	0.0403	0.0388
ENSG00000270403.1	AP001554.1	lncRNA	0	0	0	0.0000	0.0000	0.0000
ENSG00000270405.1	AC104692.2	processed_pseudogene	0	0	0	0.0000	0.0000	0.0000
ENSG00000270409.1	AC090950.1	transcribed_unprocessed_pseudogene	0	0	0	0.0000	0.0000	0.0000
ENSG00000270411.1	AL354984.3	processed_pseudogene	0	0	0	0.0000	0.0000	0.0000
ENSG00000270412.1	AL136084.2	lncRNA	0	3	11	0.0000	0.0000	0.0000
ENSG00000270413.1	AL355812.1	processed_pseudogene	0	0	0	0.0000	0.0000	0.0000
ENSG00000270415.1	DPPA3P3	processed_pseudogene	0	0	0	0.0000	0.0000	0.0000
ENSG00000270416.2	REXO1L4P	processed_pseudogene	0	0	0	0.0000	0.0000	0.0000
ENSG00000270419.1	CAHM	lncRNA	13	5	8	1.2321	0.3609	0.3475
ENSG00000270421.1	AC022022.2	processed_pseudogene	0	0	0	0.0000	0.0000	0.0000
ENSG00000270422.1	AL133247.2	processed_pseudogene	0	0	0	0.0000	0.0000	0.0000
ENSG00000270423.1	AP001981.1	processed_pseudogene	0	0	0	0.0000	0.0000	0.0000
ENSG00000270424.1	AC145285.5	processed_pseudogene	0	0	0	0.0000	0.0000	0.0000
ENSG00000270425.1	AC002487.1	processed_pseudogene	0	0	0	0.0000	0.0000	0.0000
ENSG00000270426.1	AC099343.2	lncRNA	7	2	5	0.8665	0.2538	0.2444
ENSG00000270427.1	NRBF2P5	processed_pseudogene	4	1	3	0.4311	0.1263	0.1216
ENSG00000270429.1	KNOP1P2	processed_pseudogene	0	0	0	0.0000	0.0000	0.0000
ENSG00000270430.1	AC024589.3	processed_pseudogene	0	0	0	0.0000	0.0000	0.0000
ENSG00000270431.1	PHF5FP	processed_pseudogene	0	0	0	0.0000	0.0000	0.0000
ENSG00000270432.1	OR7E108P	unprocessed_pseudogene	0	0	0	0.0000	0.0000	0.0000
ENSG00000270433.1	H3P37	transcribed_unprocessed_pseudogene	2	0	2	0.0872	0.0256	0.0246
ENSG00000270434.1	AC012044.1	processed_pseudogene	0	0	0	0.0000	0.0000	0.0000
ENSG00000270435.1	AC068733.2	processed_pseudogene	0	0	0	0.0000	0.0000	0.0000
ENSG00000270437.1	AC009501.1	processed_pseudogene	0	0	0	0.0000	0.0000	0.0000
ENSG00000270440.1	AC012175.1	processed_pseudogene	0	0	0	0.0000	0.0000	0.0000
ENSG00000270441.1	LAMB2P1	unprocessed_pseudogene	27	11	16	1.2745	0.3733	0.3595
ENSG00000270442.1	AC008725.1	processed_pseudogene	0	0	0	0.0000	0.0000	0.0000
ENSG00000270443.1	AL139344.1	processed_pseudogene	0	0	0	0.0000	0.0000	0.0000
ENSG00000270444.1	AZU1P1	processed_pseudogene	0	0	0	0.0000	0.0000	0.0000
ENSG00000270445.1	COPS5P2	processed_pseudogene	0	0	0	0.0000	0.0000	0.0000
ENSG00000270446.1	RPL34P36	processed_pseudogene	0	0	0	0.0000	0.0000	0.0000
ENSG00000270447.1	AC007179.3	processed_pseudogene	0	0	0	0.0000	0.0000	0.0000
ENSG00000270449.1	AP001485.1	processed_pseudogene	0	0	0	0.0000	0.0000	0.0000
ENSG00000270450.1	IGKV2OR2-7	IG_V_pseudogene	0	0	0	0.0000	0.0000	0.0000
ENSG00000270451.1	IGHD4OR15-4B	IG_D_gene	0	0	0	0.0000	0.0000	0.0000
ENSG00000270453.1	AC007566.2	processed_pseudogene	0	0	0	0.0000	0.0000	0.0000
ENSG00000270455.1	PABPC1P5	processed_pseudogene	0	0	0	0.0000	0.0000	0.0000
ENSG00000270456.1	AL670379.3	processed_pseudogene	0	0	0	0.0000	0.0000	0.0000
ENSG00000270457.1	AC093424.1	lncRNA	1	1	0	0.2512	0.0736	0.0709
ENSG00000270458.1	AC009779.5	processed_pseudogene	0	0	0	0.0000	0.0000	0.0000
ENSG00000270460.1	AC106900.1	lncRNA	0	0	1	0.0000	0.0000	0.0000
ENSG00000270462.1	AC005034.2	lncRNA	0	0	0	0.0000	0.0000	0.0000
ENSG00000270467.1	IGHV3OR16-12	IG_V_gene	2	0	2	0.4811	0.1409	0.1357
ENSG00000270469.1	AC006557.5	processed_pseudogene	0	0	0	0.0000	0.0000	0.0000
ENSG00000270470.1	AC064872.1	processed_pseudogene	0	0	0	0.0000	0.0000	0.0000
ENSG00000270472.2	IGHV3OR16-9	IG_V_gene	6	5	1	1.7331	0.5076	0.4888
ENSG00000270474.2	IGHV3-29	IG_V_pseudogene	0	0	0	0.0000	0.0000	0.0000
ENSG00000270475.1	AC024563.2	processed_pseudogene	0	0	0	0.0000	0.0000	0.0000
ENSG00000270477.1	AL033523.2	processed_pseudogene	0	0	0	0.0000	0.0000	0.0000
ENSG00000270479.1	BNIP3P37	processed_pseudogene	0	0	0	0.0000	0.0000	0.0000
ENSG00000270480.1	AC073413.1	processed_pseudogene	3	1	2	0.3480	0.1019	0.0982
ENSG00000270482.1	AC026367.1	lncRNA	0	0	0	0.0000	0.0000	0.0000
ENSG00000270484.1	AL078595.2	processed_pseudogene	0	0	0	0.0000	0.0000	0.0000
ENSG00000270487.1	AL355297.1	lncRNA	0	0	0	0.0000	0.0000	0.0000
ENSG00000270488.1	AC079587.1	processed_pseudogene	0	0	0	0.0000	0.0000	0.0000
ENSG00000270490.1	AC110048.1	processed_pseudogene	1	1	0	0.0394	0.0115	0.0111
ENSG00000270491.1	AL359999.1	processed_pseudogene	0	0	0	0.0000	0.0000	0.0000
ENSG00000270492.1	AC137695.1	processed_pseudogene	2	2	0	0.3473	0.1017	0.0980
ENSG00000270493.1	AL670379.4	processed_pseudogene	0	0	0	0.0000	0.0000	0.0000
ENSG00000270494.1	AL513534.3	processed_pseudogene	0	0	0	0.0000	0.0000	0.0000
ENSG00000270495.1	AC008825.2	processed_pseudogene	0	0	1	0.0000	0.0000	0.0000
ENSG00000270496.1	BNIP3P7	processed_pseudogene	0	0	0	0.0000	0.0000	0.0000
ENSG00000270497.1	BX322635.1	processed_pseudogene	0	0	0	0.0000	0.0000	0.0000
ENSG00000270499.1	MKI67P1	processed_pseudogene	0	0	0	0.0000	0.0000	0.0000
ENSG00000270500.1	COX6CP4	processed_pseudogene	0	0	0	0.0000	0.0000	0.0000
ENSG00000270503.1	YTHDF2P1	processed_pseudogene	114	64	50	7.6168	2.2311	2.1484
ENSG00000270504.1	AL391422.4	lncRNA	121	113	100	3.7216	1.0901	1.0497
ENSG00000270505.1	IGHV1OR15-1	IG_V_gene	0	0	0	0.0000	0.0000	0.0000
ENSG00000270506.1	AC021646.1	processed_pseudogene	0	0	0	0.0000	0.0000	0.0000
ENSG00000270507.1	AL049861.1	processed_pseudogene	0	0	0	0.0000	0.0000	0.0000
ENSG00000270509.1	AL713998.2	processed_pseudogene	0	0	0	0.0000	0.0000	0.0000
ENSG00000270510.1	AP000811.1	processed_pseudogene	0	1	3	0.0000	0.0000	0.0000
ENSG00000270512.1	AC005377.1	processed_pseudogene	0	0	0	0.0000	0.0000	0.0000
ENSG00000270513.1	AC113368.1	processed_pseudogene	0	0	0	0.0000	0.0000	0.0000
ENSG00000270516.1	AC079791.1	processed_pseudogene	0	0	0	0.0000	0.0000	0.0000
ENSG00000270518.2	AC008626.1	unprocessed_pseudogene	0	0	0	0.0000	0.0000	0.0000
ENSG00000270521.1	AL450336.1	processed_pseudogene	1	0	1	0.1449	0.0424	0.0409
ENSG00000270522.1	AL162713.1	lncRNA	0	0	0	0.0000	0.0000	0.0000
ENSG00000270524.1	QTRT1P1	processed_pseudogene	0	0	0	0.0000	0.0000	0.0000
ENSG00000270526.1	SNRPGP19	processed_pseudogene	0	0	0	0.0000	0.0000	0.0000
ENSG00000270528.1	FAM133EP	processed_pseudogene	1	0	1	0.1203	0.0352	0.0339
ENSG00000270531.1	AC022001.1	processed_pseudogene	0	0	0	0.0000	0.0000	0.0000
ENSG00000270532.1	PEBP1P2	processed_pseudogene	4	3	1	0.6087	0.1783	0.1717
ENSG00000270533.2	CR382285.1	transcribed_processed_pseudogene	1	0	1	0.0458	0.0134	0.0129
ENSG00000270535.1	ELOCP34	processed_pseudogene	0	0	0	0.0000	0.0000	0.0000
ENSG00000270538.1	AC121247.2	processed_pseudogene	0	0	0	0.0000	0.0000	0.0000
ENSG00000270540.1	AC093915.1	lncRNA	0	1	1	0.0000	0.0000	0.0000
ENSG00000270541.1	AC069545.1	processed_pseudogene	0	0	0	0.0000	0.0000	0.0000
ENSG00000270542.1	AL356218.1	processed_pseudogene	0	0	0	0.0000	0.0000	0.0000
ENSG00000270547.6	LINC01235	lncRNA	143	68	75	4.0171	1.1767	1.1330
ENSG00000270549.1	AL451044.1	processed_pseudogene	0	0	0	0.0000	0.0000	0.0000
ENSG00000270550.1	IGHV3-30	IG_V_gene	2382	1116	1267	469.3283	137.4736	132.3768
ENSG00000270552.1	DUXAP3	unprocessed_pseudogene	0	0	0	0.0000	0.0000	0.0000
ENSG00000270553.1	AC011921.3	processed_pseudogene	0	0	0	0.0000	0.0000	0.0000
ENSG00000270554.1	AC069431.2	processed_pseudogene	0	0	0	0.0000	0.0000	0.0000
ENSG00000270555.1	AC211469.1	processed_pseudogene	0	0	0	0.0000	0.0000	0.0000
ENSG00000270557.1	AC013731.1	lncRNA	5	2	3	0.4809	0.1409	0.1356
ENSG00000270558.1	AC025449.1	processed_pseudogene	51	24	27	8.1870	2.3981	2.3092
ENSG00000270560.1	APOOP1	processed_pseudogene	0	0	0	0.0000	0.0000	0.0000
ENSG00000270562.1	AC097634.1	lncRNA	0	0	0	0.0000	0.0000	0.0000
ENSG00000270569.1	AC068276.1	processed_pseudogene	0	0	0	0.0000	0.0000	0.0000
ENSG00000270570.1	AC140113.1	processed_pseudogene	0	0	0	0.0000	0.0000	0.0000
ENSG00000270571.2	AC007681.1	lncRNA	11	6	5	0.2717	0.0796	0.0766
ENSG00000270574.1	AC010680.2	lncRNA	3	38	50	0.1203	0.0352	0.0339
ENSG00000270575.1	AL160281.1	processed_pseudogene	0	0	0	0.0000	0.0000	0.0000
ENSG00000270576.1	AC005520.4	processed_pseudogene	0	0	0	0.0000	0.0000	0.0000
ENSG00000270577.1	AC006023.1	processed_pseudogene	0	0	0	0.0000	0.0000	0.0000
ENSG00000270578.1	AP000787.2	processed_pseudogene	2	1	1	0.2990	0.0876	0.0843
ENSG00000270580.5	PKD1P6-NPIPP1	lncRNA	7	4	3	0.1953	0.0572	0.0551
ENSG00000270583.1	AL365400.1	processed_pseudogene	0	0	0	0.0000	0.0000	0.0000
ENSG00000270584.1	AC093813.1	processed_pseudogene	0	0	0	0.0000	0.0000	0.0000
ENSG00000270585.1	SNX2P1	processed_pseudogene	0	0	0	0.0000	0.0000	0.0000
ENSG00000270587.1	AC046185.2	processed_pseudogene	20	6	14	4.1124	1.2046	1.1599
ENSG00000270588.1	AC021749.1	processed_pseudogene	0	0	0	0.0000	0.0000	0.0000
ENSG00000270589.1	AL158163.1	lncRNA	5	4	3	0.2575	0.0754	0.0726
ENSG00000270591.1	AL049840.7	transcribed_processed_pseudogene	2	0	2	0.3576	0.1047	0.1009
ENSG00000270593.1	AC073333.2	processed_pseudogene	0	0	0	0.0000	0.0000	0.0000
ENSG00000270598.1	AL512343.1	processed_pseudogene	0	0	0	0.0000	0.0000	0.0000
ENSG00000270601.4	PRAMEF5	protein_coding	0	0	0	0.0000	0.0000	0.0000
ENSG00000270604.5	HCG17	lncRNA	0	0	1	0.0000	0.0000	0.0000
ENSG00000270605.1	AL353622.1	lncRNA	19	11	9	0.8296	0.2430	0.2340
ENSG00000270606.1	PPIAP52	processed_pseudogene	0	0	0	0.0000	0.0000	0.0000
ENSG00000270607.1	AC009549.1	lncRNA	94	44	50	4.7346	1.3868	1.3354
ENSG00000270610.1	AL160191.2	processed_pseudogene	0	0	0	0.0000	0.0000	0.0000
ENSG00000270611.1	AC006363.1	processed_pseudogene	0	0	0	0.0000	0.0000	0.0000
ENSG00000270612.1	AC112191.3	processed_pseudogene	0	0	0	0.0000	0.0000	0.0000
ENSG00000270614.1	AC011451.2	processed_pseudogene	6	4	2	0.8520	0.2496	0.2403
ENSG00000270615.1	SGO1P1	processed_pseudogene	0	0	0	0.0000	0.0000	0.0000
ENSG00000270617.1	URGCP-MRPS24	protein_coding	0	0	0	0.0000	0.0000	0.0000
ENSG00000270618.1	AL160237.3	unprocessed_pseudogene	0	0	0	0.0000	0.0000	0.0000
ENSG00000270619.1	AL391358.1	processed_pseudogene	0	0	0	0.0000	0.0000	0.0000
ENSG00000270620.1	AL034555.1	unprocessed_pseudogene	0	0	0	0.0000	0.0000	0.0000
ENSG00000270623.1	SPCS2P2	processed_pseudogene	0	0	0	0.0000	0.0000	0.0000
ENSG00000270624.1	AC008555.3	processed_pseudogene	0	0	0	0.0000	0.0000	0.0000
ENSG00000270625.1	NUDT19P6	processed_pseudogene	0	0	0	0.0000	0.0000	0.0000
ENSG00000270627.1	AL592221.1	processed_pseudogene	0	0	0	0.0000	0.0000	0.0000
ENSG00000270629.6	NBPF14	protein_coding	106	51	55	0.7511	0.2200	0.2118
ENSG00000270631.1	AL592436.2	processed_pseudogene	0	0	0	0.0000	0.0000	0.0000
ENSG00000270632.1	AL356575.1	processed_pseudogene	0	0	0	0.0000	0.0000	0.0000
ENSG00000270634.1	AC005518.2	processed_pseudogene	0	0	0	0.0000	0.0000	0.0000
ENSG00000270638.1	AL023806.1	lncRNA	2	1	1	0.1030	0.0302	0.0291
ENSG00000270639.1	ECM1P1	processed_pseudogene	0	0	0	0.0000	0.0000	0.0000
ENSG00000270640.1	AC104695.3	lncRNA	0	0	0	0.0000	0.0000	0.0000
ENSG00000270641.1	TSIX	lncRNA	1	1	0	0.0023	0.0007	0.0006
ENSG00000270646.1	AL670379.5	processed_pseudogene	0	0	0	0.0000	0.0000	0.0000
ENSG00000270647.6	TAF15	protein_coding	4893	2456	2439	70.6299	20.6886	19.9216
ENSG00000270648.1	CYP2C61P	processed_pseudogene	0	0	0	0.0000	0.0000	0.0000
ENSG00000270652.1	DPRXP5	processed_pseudogene	0	0	0	0.0000	0.0000	0.0000
ENSG00000270654.1	NUTF2P8	processed_pseudogene	0	0	0	0.0000	0.0000	0.0000
ENSG00000270655.1	AL031320.1	processed_pseudogene	0	0	0	0.0000	0.0000	0.0000
ENSG00000270659.1	AC079610.1	lncRNA	1	1	0	0.1231	0.0361	0.0347
ENSG00000270661.1	Z99289.2	lncRNA	7	6	1	0.3078	0.0902	0.0868
ENSG00000270664.1	AC010900.1	processed_pseudogene	0	0	0	0.0000	0.0000	0.0000
ENSG00000270665.1	HNRNPA1P67	processed_pseudogene	2	2	0	0.1834	0.0537	0.0517
ENSG00000270666.1	AL021918.1	processed_pseudogene	2	2	1	0.7197	0.2108	0.2030
ENSG00000270669.1	AC008638.3	processed_pseudogene	0	0	0	0.0000	0.0000	0.0000
ENSG00000270670.1	MARK2P16	processed_pseudogene	0	1	0	0.0000	0.0000	0.0000
ENSG00000270672.1	MTRNR2L6	protein_coding	2	1	1	0.1174	0.0344	0.0331
ENSG00000270673.1	YTHDF3-AS1	lncRNA	21	6	16	2.4837	0.7275	0.7006
ENSG00000270677.1	AC007363.1	processed_pseudogene	0	0	0	0.0000	0.0000	0.0000
ENSG00000270678.1	AL670379.6	processed_pseudogene	0	0	0	0.0000	0.0000	0.0000
ENSG00000270679.1	AC138473.1	processed_pseudogene	0	1	0	0.0000	0.0000	0.0000
ENSG00000270680.1	AL596092.1	processed_pseudogene	0	0	0	0.0000	0.0000	0.0000
ENSG00000270681.1	AC095055.1	lncRNA	19	9	12	1.4497	0.4246	0.4089
ENSG00000270682.1	AP003357.1	processed_pseudogene	0	0	0	0.0000	0.0000	0.0000
ENSG00000270683.1	FAM71BP1	processed_pseudogene	0	0	0	0.0000	0.0000	0.0000
ENSG00000270685.1	IGHV1OR15-6	IG_V_pseudogene	0	0	0	0.0000	0.0000	0.0000
ENSG00000270688.1	AL137849.1	processed_pseudogene	1	0	1	0.5025	0.1472	0.1417
ENSG00000270689.1	BUD13P1	processed_pseudogene	9	4	5	0.5133	0.1503	0.1448
ENSG00000270690.1	AC105129.3	processed_pseudogene	0	0	0	0.0000	0.0000	0.0000
ENSG00000270691.1	AL161912.3	processed_pseudogene	0	0	0	0.0000	0.0000	0.0000
ENSG00000270694.1	AC211469.2	processed_pseudogene	0	0	0	0.0000	0.0000	0.0000
ENSG00000270695.1	AL133393.1	processed_pseudogene	0	0	0	0.0000	0.0000	0.0000
ENSG00000270696.1	AC005034.3	lncRNA	0	0	0	0.0000	0.0000	0.0000
ENSG00000270697.1	AC106791.2	lncRNA	1	1	0	0.2172	0.0636	0.0613
ENSG00000270698.1	AC018695.5	processed_pseudogene	0	0	0	0.0000	0.0000	0.0000
ENSG00000270699.1	AC012493.1	processed_pseudogene	0	0	0	0.0000	0.0000	0.0000
ENSG00000270701.1	AP002802.2	processed_pseudogene	0	0	0	0.0000	0.0000	0.0000
ENSG00000270702.1	AC073657.2	processed_pseudogene	0	0	0	0.0000	0.0000	0.0000
ENSG00000270705.1	AL161669.2	processed_pseudogene	0	0	0	0.0000	0.0000	0.0000
ENSG00000270706.1	PRMT1P1	processed_pseudogene	3	2	2	0.2525	0.0740	0.0712
ENSG00000270708.1	KF455155.1	processed_pseudogene	0	0	0	0.0000	0.0000	0.0000
ENSG00000270709.1	AL109653.1	processed_pseudogene	0	0	0	0.0000	0.0000	0.0000
ENSG00000270710.1	FO393422.1	processed_pseudogene	0	0	0	0.0000	0.0000	0.0000
ENSG00000270711.1	AL162431.3	processed_pseudogene	1	1	0	0.2066	0.0605	0.0583
ENSG00000270712.1	AL591222.2	processed_pseudogene	0	0	0	0.0000	0.0000	0.0000
ENSG00000270713.1	AL132994.2	processed_pseudogene	0	0	0	0.0000	0.0000	0.0000
ENSG00000270714.1	MICOS10P2	processed_pseudogene	2	2	0	0.7417	0.2172	0.2092
ENSG00000270716.1	BNIP3P15	processed_pseudogene	1	0	1	0.2821	0.0826	0.0796
ENSG00000270718.1	AC084373.1	processed_pseudogene	0	0	0	0.0000	0.0000	0.0000
ENSG00000270719.1	AL390877.2	processed_pseudogene	0	0	0	0.0000	0.0000	0.0000
ENSG00000270720.1	AC104785.1	lncRNA	10	4	6	1.4442	0.4230	0.4074
ENSG00000270722.1	RNVU1-31	snRNA	0	0	0	0.0000	0.0000	0.0000
ENSG00000270723.1	RPL23AP92	processed_pseudogene	0	0	0	0.0000	0.0000	0.0000
ENSG00000270725.1	AL356580.1	lncRNA	0	0	0	0.0000	0.0000	0.0000
ENSG00000270726.6	AJ271736.1	lncRNA	0	0	0	0.0000	0.0000	0.0000
ENSG00000270726.6_PAR_Y	AJ271736.1	lncRNA	0	0	0	0.0000	0.0000	0.0000
ENSG00000270727.1	AL590032.1	processed_pseudogene	0	0	0	0.0000	0.0000	0.0000
ENSG00000270728.1	AL035413.1	processed_pseudogene	114	57	57	18.4399	5.4013	5.2011
ENSG00000270729.1	CAPZA1P5	processed_pseudogene	0	0	0	0.0000	0.0000	0.0000
ENSG00000270733.1	AL355877.1	processed_pseudogene	1	0	1	0.2372	0.0695	0.0669
ENSG00000270734.1	AC136443.5	processed_pseudogene	0	0	0	0.0000	0.0000	0.0000
ENSG00000270736.1	AL670379.7	processed_pseudogene	0	0	0	0.0000	0.0000	0.0000
ENSG00000270739.1	AC090953.1	processed_pseudogene	0	0	0	0.0000	0.0000	0.0000
ENSG00000270741.1	PRELID3BP8	processed_pseudogene	0	0	0	0.0000	0.0000	0.0000
ENSG00000270745.1	AL731768.1	processed_pseudogene	0	0	0	0.0000	0.0000	0.0000
ENSG00000270747.1	S100A11P9	processed_pseudogene	0	0	0	0.0000	0.0000	0.0000
ENSG00000270748.1	IGKV2OR2-1	IG_V_pseudogene	1	1	0	0.2793	0.0818	0.0788
ENSG00000270749.1	AC064862.7	processed_pseudogene	0	0	0	0.0000	0.0000	0.0000
ENSG00000270751.1	FBXW7-AS1	lncRNA	0	26	31	0.0000	0.0000	0.0000
ENSG00000270753.1	AP001836.1	processed_pseudogene	0	0	0	0.0000	0.0000	0.0000
ENSG00000270754.1	NEK4P3	processed_pseudogene	0	0	0	0.0000	0.0000	0.0000
ENSG00000270755.1	AL136141.1	lncRNA	4	1	3	0.9205	0.2696	0.2596
ENSG00000270757.1	HSPE1-MOB4	protein_coding	0	0	0	0.0000	0.0000	0.0000
ENSG00000270759.1	OOEPP1	processed_pseudogene	0	0	0	0.0000	0.0000	0.0000
ENSG00000270760.1	AD001527.1	lncRNA	1	1	0	0.2241	0.0656	0.0632
ENSG00000270761.1	AL355353.1	lncRNA	10	8	2	2.5733	0.7538	0.7258
ENSG00000270762.1	FXYD6P1	processed_pseudogene	0	0	0	0.0000	0.0000	0.0000
ENSG00000270763.1	DDX43P2	processed_pseudogene	0	0	0	0.0000	0.0000	0.0000
ENSG00000270764.1	AC005070.1	processed_pseudogene	0	0	0	0.0000	0.0000	0.0000
ENSG00000270765.6	GAS2L2	protein_coding	1	1	0	0.0252	0.0074	0.0071
ENSG00000270766.1	AC024940.4	processed_pseudogene	0	0	0	0.0000	0.0000	0.0000
ENSG00000270767.1	AL356157.2	processed_pseudogene	4	2	2	3.0602	0.8964	0.8631
ENSG00000270771.1	AL670379.8	processed_pseudogene	0	0	0	0.0000	0.0000	0.0000
ENSG00000270772.1	PDHA1P1	processed_pseudogene	1	1	0	0.0794	0.0232	0.0224
ENSG00000270773.1	AC137695.2	processed_pseudogene	0	0	0	0.0000	0.0000	0.0000
ENSG00000270775.1	AP000436.1	processed_pseudogene	0	0	0	0.0000	0.0000	0.0000
ENSG00000270776.1	AC012443.1	processed_pseudogene	0	0	0	0.0000	0.0000	0.0000
ENSG00000270777.1	AL158042.1	lncRNA	0	0	0	0.0000	0.0000	0.0000
ENSG00000270778.1	BUB1P1	processed_pseudogene	0	0	0	0.0000	0.0000	0.0000
ENSG00000270779.1	AC008782.1	processed_pseudogene	0	0	0	0.0000	0.0000	0.0000
ENSG00000270780.1	AL591742.1	processed_pseudogene	0	0	0	0.0000	0.0000	0.0000
ENSG00000270781.1	AC091133.6	processed_pseudogene	5	1	4	1.4106	0.4132	0.3979
ENSG00000270782.1	AC072026.1	processed_pseudogene	0	0	0	0.0000	0.0000	0.0000
ENSG00000270788.1	PDLIM1P1	processed_pseudogene	1	0	1	0.0876	0.0257	0.0247
ENSG00000270789.1	AC135983.5	processed_pseudogene	0	0	0	0.0000	0.0000	0.0000
ENSG00000270790.1	AC025588.3	processed_pseudogene	0	0	0	0.0000	0.0000	0.0000
ENSG00000270791.1	DPRXP6	processed_pseudogene	0	0	0	0.0000	0.0000	0.0000
ENSG00000270792.6	AL050403.2	lncRNA	10	44	49	0.3238	0.0948	0.0913
ENSG00000270793.1	LLPHP1	processed_pseudogene	0	0	0	0.0000	0.0000	0.0000
ENSG00000270794.1	AC005185.1	processed_pseudogene	0	0	0	0.0000	0.0000	0.0000
ENSG00000270797.1	AC004987.3	processed_pseudogene	2	2	0	0.5025	0.1472	0.1417
ENSG00000270798.1	AC018737.1	processed_pseudogene	0	0	0	0.0000	0.0000	0.0000
ENSG00000270799.1	AC013467.1	processed_pseudogene	0	0	0	0.0000	0.0000	0.0000
ENSG00000270800.3	RPS10-NUDT3	protein_coding	0	0	0	0.0000	0.0000	0.0000
ENSG00000270802.2	AC005776.1	processed_pseudogene	0	0	0	0.0000	0.0000	0.0000
ENSG00000270804.1	AC010326.4	transcribed_processed_pseudogene	16	36	31	1.4516	0.4252	0.4094
ENSG00000270806.2	C17orf50	protein_coding	1	0	1	0.0791	0.0232	0.0223
ENSG00000270807.1	AC024153.1	processed_pseudogene	0	0	0	0.0000	0.0000	0.0000
ENSG00000270808.1	AC022400.3	processed_pseudogene	4	1	3	1.1877	0.3479	0.3350
ENSG00000270809.1	CHCHD2P11	processed_pseudogene	0	0	0	0.0000	0.0000	0.0000
ENSG00000270811.1	AL590095.1	processed_pseudogene	0	0	0	0.0000	0.0000	0.0000
ENSG00000270812.1	AC002069.4	processed_pseudogene	0	0	0	0.0000	0.0000	0.0000
ENSG00000270813.2	NANOGNBP3	processed_pseudogene	1	1	0	0.1503	0.0440	0.0424
ENSG00000270814.1	DMAC1P1	processed_pseudogene	4	2	2	0.9991	0.2926	0.2818
ENSG00000270815.1	AC019159.1	processed_pseudogene	0	0	0	0.0000	0.0000	0.0000
ENSG00000270816.6	LINC00221	lncRNA	0	1	1	0.0000	0.0000	0.0000
ENSG00000270818.1	AL445675.1	processed_pseudogene	0	0	0	0.0000	0.0000	0.0000
ENSG00000270820.6	AC016727.1	lncRNA	47	611	630	1.6568	0.4853	0.4673
ENSG00000270822.1	AC092032.1	processed_pseudogene	2	0	2	1.0293	0.3015	0.2903
ENSG00000270823.1	AC007938.2	lncRNA	0	109	94	0.0000	0.0000	0.0000
ENSG00000270824.1	IGHD5OR15-5B	IG_D_gene	0	0	0	0.0000	0.0000	0.0000
ENSG00000270826.1	USP37P1	processed_pseudogene	0	0	0	0.0000	0.0000	0.0000
ENSG00000270828.1	AL023806.2	lncRNA	0	0	0	0.0000	0.0000	0.0000
ENSG00000270829.1	AC015849.2	lncRNA	0	1	0	0.0000	0.0000	0.0000
ENSG00000270830.1	AC022441.3	processed_pseudogene	0	0	0	0.0000	0.0000	0.0000
ENSG00000270831.1	NF1P1	unprocessed_pseudogene	0	0	0	0.0000	0.0000	0.0000
ENSG00000270832.1	AC092120.2	processed_pseudogene	0	0	0	0.0000	0.0000	0.0000
ENSG00000270835.2	AP001425.1	transcribed_processed_pseudogene	3	1	3	0.1313	0.0385	0.0370
ENSG00000270837.1	HNRNPDLP4	processed_pseudogene	0	0	0	0.0000	0.0000	0.0000
ENSG00000270838.1	AL121912.1	processed_pseudogene	0	0	0	0.0000	0.0000	0.0000
ENSG00000270839.1	AC091393.1	processed_pseudogene	0	0	0	0.0000	0.0000	0.0000
ENSG00000270842.1	AC073413.2	processed_pseudogene	0	0	0	0.0000	0.0000	0.0000
ENSG00000270846.1	MYG1P1	processed_pseudogene	0	0	0	0.0000	0.0000	0.0000
ENSG00000270849.1	CHCHD2P3	processed_pseudogene	0	0	0	0.0000	0.0000	0.0000
ENSG00000270850.1	AL356986.1	processed_pseudogene	0	0	0	0.0000	0.0000	0.0000
ENSG00000270852.1	AL390816.3	unprocessed_pseudogene	0	0	0	0.0000	0.0000	0.0000
ENSG00000270855.1	ATP7BP1	processed_pseudogene	0	0	0	0.0000	0.0000	0.0000
ENSG00000270856.1	AL353765.1	processed_pseudogene	0	0	0	0.0000	0.0000	0.0000
ENSG00000270857.1	AC007621.3	processed_pseudogene	2	2	0	0.3887	0.1138	0.1096
ENSG00000270858.1	VDAC1P5	processed_pseudogene	1	0	1	0.1006	0.0295	0.0284
ENSG00000270859.1	AC099785.1	processed_pseudogene	0	0	0	0.0000	0.0000	0.0000
ENSG00000270861.1	AP002906.1	processed_pseudogene	1	1	1	0.3645	0.1068	0.1028
ENSG00000270863.1	DDX55P1	processed_pseudogene	0	0	0	0.0000	0.0000	0.0000
ENSG00000270864.1	IGHV3OR16-6	IG_V_pseudogene	2	1	1	0.4718	0.1382	0.1331
ENSG00000270865.1	RPL12P48	processed_pseudogene	3	2	1	0.8380	0.2455	0.2364
ENSG00000270866.1	AC067773.1	lncRNA	0	0	0	0.0000	0.0000	0.0000
ENSG00000270868.1	AP000942.3	processed_pseudogene	0	0	0	0.0000	0.0000	0.0000
ENSG00000270870.1	AC004805.2	processed_pseudogene	0	0	0	0.0000	0.0000	0.0000
ENSG00000270871.1	AC015849.3	lncRNA	9	5	4	1.5662	0.4588	0.4417
ENSG00000270872.2	SRGAP2D	unprocessed_pseudogene	56	29	28	4.6577	1.3643	1.3137
ENSG00000270874.1	RPAP2P1	processed_pseudogene	0	0	0	0.0000	0.0000	0.0000
ENSG00000270876.1	ZNF30-AS1	lncRNA	0	0	0	0.0000	0.0000	0.0000
ENSG00000270878.1	GCATP1	processed_pseudogene	3	1	2	0.2020	0.0592	0.0570
ENSG00000270880.1	AC128687.1	processed_pseudogene	0	0	0	0.0000	0.0000	0.0000
ENSG00000270882.2	H4C14	protein_coding	4	3	1	0.1811	0.0530	0.0511
ENSG00000270883.1	AC080078.2	lncRNA	0	0	0	0.0000	0.0000	0.0000
ENSG00000270885.2	RASL10B	protein_coding	4	3	1	0.0967	0.0283	0.0273
ENSG00000270889.1	PPP1R14BP4	processed_pseudogene	0	0	0	0.0000	0.0000	0.0000
ENSG00000270890.1	AL049844.2	processed_pseudogene	5	3	3	0.6761	0.1980	0.1907
ENSG00000270891.1	AC012507.2	processed_pseudogene	0	0	0	0.0000	0.0000	0.0000
ENSG00000270892.1	AC006077.1	processed_pseudogene	0	0	0	0.0000	0.0000	0.0000
ENSG00000270893.1	AC008277.2	processed_pseudogene	0	0	0	0.0000	0.0000	0.0000
ENSG00000270894.1	AC015849.4	lncRNA	0	0	0	0.0000	0.0000	0.0000
ENSG00000270896.1	AL645939.3	processed_pseudogene	0	4	0	0.0000	0.0000	0.0000
ENSG00000270897.1	AC111188.2	processed_pseudogene	0	0	0	0.0000	0.0000	0.0000
ENSG00000270900.1	NUDT19P4	processed_pseudogene	0	0	0	0.0000	0.0000	0.0000
ENSG00000270902.1	AL160290.2	processed_pseudogene	0	0	0	0.0000	0.0000	0.0000
ENSG00000270903.1	HNRNPA3P9	processed_pseudogene	7	3	4	0.6072	0.1779	0.1713
ENSG00000270904.1	ATP6V1G1P5	processed_pseudogene	0	0	1	0.0000	0.0000	0.0000
ENSG00000270906.1	MTND4P35	processed_pseudogene	11	5	6	0.6794	0.1990	0.1916
ENSG00000270909.1	CR788268.1	processed_pseudogene	0	0	0	0.0000	0.0000	0.0000
ENSG00000270911.1	AC114878.2	processed_pseudogene	0	0	0	0.0000	0.0000	0.0000
ENSG00000270912.1	RPS28P1	processed_pseudogene	0	0	0	0.0000	0.0000	0.0000
ENSG00000270914.1	AL096840.1	processed_pseudogene	0	0	0	0.0000	0.0000	0.0000
ENSG00000270915.1	H3P8	processed_pseudogene	0	0	0	0.0000	0.0000	0.0000
ENSG00000270916.1	RPL12P50	processed_pseudogene	0	0	0	0.0000	0.0000	0.0000
ENSG00000270917.1	AL161911.1	processed_pseudogene	4	3	1	0.9156	0.2682	0.2582
ENSG00000270919.1	AC108451.2	lncRNA	4	214	226	0.6314	0.1849	0.1781
ENSG00000270920.1	MCRIP2P2	processed_pseudogene	0	0	0	0.0000	0.0000	0.0000
ENSG00000270921.1	CICP23	processed_pseudogene	0	0	0	0.0000	0.0000	0.0000
ENSG00000270923.1	TAS2R6P	processed_pseudogene	3	2	1	0.3084	0.0903	0.0870
ENSG00000270924.1	AC140658.6	unprocessed_pseudogene	0	0	0	0.0000	0.0000	0.0000
ENSG00000270926.1	AC008013.3	unprocessed_pseudogene	0	0	0	0.0000	0.0000	0.0000
ENSG00000270927.1	AL645944.1	processed_pseudogene	0	0	0	0.0000	0.0000	0.0000
ENSG00000270929.1	SRD5A3P1	processed_pseudogene	0	0	0	0.0000	0.0000	0.0000
ENSG00000270930.1	GRAMD4P8	processed_pseudogene	0	0	0	0.0000	0.0000	0.0000
ENSG00000270933.1	AC010719.1	lncRNA	11	2	9	1.2505	0.3663	0.3527
ENSG00000270934.1	AL512430.4	processed_pseudogene	0	0	0	0.0000	0.0000	0.0000
ENSG00000270935.1	AL021808.1	processed_pseudogene	0	0	0	0.0000	0.0000	0.0000
ENSG00000270936.1	BPNT2P	processed_pseudogene	0	0	0	0.0000	0.0000	0.0000
ENSG00000270937.1	AL033381.2	lncRNA	0	0	0	0.0000	0.0000	0.0000
ENSG00000270938.1	RAP2CP1	transcribed_processed_pseudogene	1	0	1	0.1159	0.0339	0.0327
ENSG00000270941.1	AC006254.2	processed_pseudogene	0	0	0	0.0000	0.0000	0.0000
ENSG00000270945.1	HSPE1P7	processed_pseudogene	1	0	1	0.2645	0.0775	0.0746
ENSG00000270946.6	CT45A9	protein_coding	0	0	0	0.0000	0.0000	0.0000
ENSG00000270947.1	AC025811.1	lncRNA	0	0	0	0.0000	0.0000	0.0000
ENSG00000270948.1	MTDHP1	processed_pseudogene	0	1	0	0.0000	0.0000	0.0000
ENSG00000270951.1	AL121917.2	lncRNA	0	0	0	0.0000	0.0000	0.0000
ENSG00000270953.1	AC007938.3	lncRNA	6	358	311	0.8179	0.2396	0.2307
ENSG00000270954.1	RPSAP75	processed_pseudogene	0	0	0	0.0000	0.0000	0.0000
ENSG00000270955.1	AC135731.2	processed_pseudogene	0	0	0	0.0000	0.0000	0.0000
ENSG00000270956.1	AC009948.2	lncRNA	4	18	21	0.5032	0.1474	0.1419
ENSG00000270957.1	AC092175.1	processed_pseudogene	0	0	0	0.0000	0.0000	0.0000
ENSG00000270959.1	LPP-AS2	lncRNA	625	395	366	18.6098	5.4511	5.2490
ENSG00000270960.1	AC106872.10	processed_pseudogene	0	0	0	0.0000	0.0000	0.0000
ENSG00000270961.1	IGHD5OR15-5A	IG_D_gene	0	0	0	0.0000	0.0000	0.0000
ENSG00000270962.1	AC239800.3	processed_pseudogene	1	1	0	0.2869	0.0840	0.0809
ENSG00000270964.1	AC016355.1	lncRNA	24	11	13	1.3295	0.3894	0.3750
ENSG00000270965.1	NTAN1P1	processed_pseudogene	0	0	0	0.0000	0.0000	0.0000
ENSG00000270966.1	AC087763.1	processed_pseudogene	1	1	0	0.2969	0.0870	0.0837
ENSG00000270969.1	AP001823.1	processed_pseudogene	0	0	0	0.0000	0.0000	0.0000
ENSG00000270971.2	REXO1L8P	processed_pseudogene	0	0	0	0.0000	0.0000	0.0000
ENSG00000270972.1	AC136475.9	lncRNA	1	0	1	0.1709	0.0500	0.0482
ENSG00000270973.1	SMARCE1P7	processed_pseudogene	0	0	0	0.0000	0.0000	0.0000
ENSG00000270975.1	MAGOH3P	unprocessed_pseudogene	0	0	0	0.0000	0.0000	0.0000
ENSG00000270976.1	AL596327.1	processed_pseudogene	0	0	0	0.0000	0.0000	0.0000
ENSG00000270977.2	AC015849.5	transcribed_processed_pseudogene	38	18	20	0.5060	0.1482	0.1427
ENSG00000270978.1	AC091982.2	processed_pseudogene	0	0	0	0.0000	0.0000	0.0000
ENSG00000270980.1	AC060764.1	processed_pseudogene	0	0	0	0.0000	0.0000	0.0000
ENSG00000270981.1	AC092944.2	processed_pseudogene	0	0	0	0.0000	0.0000	0.0000
ENSG00000270982.1	AL353621.2	processed_pseudogene	0	0	0	0.0000	0.0000	0.0000
ENSG00000270983.1	AL589674.1	processed_pseudogene	3	1	2	0.7560	0.2214	0.2132
ENSG00000270986.1	HMGB1P51	processed_pseudogene	0	0	0	0.0000	0.0000	0.0000
ENSG00000270987.1	AL133338.2	processed_pseudogene	3	2	1	0.3461	0.1014	0.0976
ENSG00000270988.1	AC019257.2	lncRNA	0	0	0	0.0000	0.0000	0.0000
ENSG00000270989.1	AC139493.1	processed_pseudogene	0	0	0	0.0000	0.0000	0.0000
ENSG00000270990.1	AC069304.2	processed_pseudogene	0	0	0	0.0000	0.0000	0.0000
ENSG00000270992.1	AC024085.1	processed_pseudogene	0	0	0	0.0000	0.0000	0.0000
ENSG00000270993.1	AC111186.1	processed_pseudogene	1	0	1	0.6532	0.1913	0.1842
ENSG00000270994.1	AL157899.1	processed_pseudogene	0	0	0	0.0000	0.0000	0.0000
ENSG00000270995.1	AL137072.1	processed_pseudogene	0	0	0	0.0000	0.0000	0.0000
ENSG00000270996.1	AC005034.4	lncRNA	6	4	2	0.5668	0.1660	0.1599
ENSG00000270997.1	AC073137.1	processed_pseudogene	0	0	0	0.0000	0.0000	0.0000
ENSG00000270999.1	IGKV1OR2-118	IG_V_pseudogene	1	8	4	0.2447	0.0717	0.0690
ENSG00000271002.1	AC129492.5	processed_pseudogene	2	1	1	0.5392	0.1579	0.1521
ENSG00000271003.1	AC009237.13	unprocessed_pseudogene	0	0	0	0.0000	0.0000	0.0000
ENSG00000271005.1	CTHRC1P1	processed_pseudogene	0	0	0	0.0000	0.0000	0.0000
ENSG00000271009.3	AC116667.1	lncRNA	32	20	12	1.3115	0.3842	0.3699
ENSG00000271010.1	AC011475.1	processed_pseudogene	0	0	0	0.0000	0.0000	0.0000
ENSG00000271011.1	AC010680.3	lncRNA	0	11	11	0.0000	0.0000	0.0000
ENSG00000271013.1	LRRC37A9P	processed_pseudogene	11	3	8	0.1738	0.0509	0.0490
ENSG00000271014.1	AC062037.1	processed_pseudogene	0	0	0	0.0000	0.0000	0.0000
ENSG00000271015.1	IGKV2OR2-7D	IG_V_pseudogene	0	0	0	0.0000	0.0000	0.0000
ENSG00000271018.1	AC013244.1	processed_pseudogene	0	0	0	0.0000	0.0000	0.0000
ENSG00000271021.1	AC239600.1	processed_pseudogene	2	0	2	0.3676	0.1077	0.1037
ENSG00000271022.1	AP002365.1	processed_pseudogene	0	0	0	0.0000	0.0000	0.0000
ENSG00000271024.1	HSPE1P19	processed_pseudogene	0	0	0	0.0000	0.0000	0.0000
ENSG00000271025.1	AP000907.3	processed_pseudogene	0	0	0	0.0000	0.0000	0.0000
ENSG00000271026.1	KATNBL1P1	processed_pseudogene	0	0	0	0.0000	0.0000	0.0000
ENSG00000271027.1	AC006380.1	processed_pseudogene	0	0	0	0.0000	0.0000	0.0000
ENSG00000271028.1	AC009643.2	processed_pseudogene	0	0	0	0.0000	0.0000	0.0000
ENSG00000271029.1	AC135178.7	processed_pseudogene	1	1	0	0.2134	0.0625	0.0602
ENSG00000271032.1	AC020907.4	lncRNA	3	2	3	0.4843	0.1419	0.1366
ENSG00000271034.1	AC139700.1	processed_pseudogene	2	3	0	0.1103	0.0323	0.0311
ENSG00000271035.1	AC010385.2	processed_pseudogene	0	0	0	0.0000	0.0000	0.0000
ENSG00000271036.1	CLPTM1LP1	processed_pseudogene	0	0	0	0.0000	0.0000	0.0000
ENSG00000271040.1	AL390955.2	lncRNA	11	10	2	1.8174	0.5323	0.5126
ENSG00000271041.1	AL670379.9	processed_pseudogene	0	0	0	0.0000	0.0000	0.0000
ENSG00000271042.1	AL078603.1	processed_pseudogene	0	0	0	0.0000	0.0000	0.0000
ENSG00000271043.2	MTRNR2L2	processed_pseudogene	0	0	0	0.0000	0.0000	0.0000
ENSG00000271044.1	AC087468.1	processed_pseudogene	0	0	0	0.0000	0.0000	0.0000
ENSG00000271045.1	NDUFB9P1	processed_pseudogene	0	0	0	0.0000	0.0000	0.0000
ENSG00000271046.1	AL512631.1	lncRNA	2	0	2	0.2022	0.0592	0.0570
ENSG00000271047.1	AC092447.9	processed_pseudogene	0	0	0	0.0000	0.0000	0.0000
ENSG00000271048.1	AC087045.1	processed_pseudogene	0	0	0	0.0000	0.0000	0.0000
ENSG00000271049.1	AC020910.4	processed_pseudogene	0	0	0	0.0000	0.0000	0.0000
ENSG00000271052.1	AC108738.1	processed_pseudogene	0	0	0	0.0000	0.0000	0.0000
ENSG00000271053.1	AC093765.1	processed_pseudogene	0	0	0	0.0000	0.0000	0.0000
ENSG00000271056.1	MRPS22P1	processed_pseudogene	0	0	0	0.0000	0.0000	0.0000
ENSG00000271057.1	AC073648.5	processed_pseudogene	0	0	0	0.0000	0.0000	0.0000
ENSG00000271063.1	SNRPGP17	processed_pseudogene	0	0	0	0.0000	0.0000	0.0000
ENSG00000271064.1	AC027644.2	processed_pseudogene	1	1	0	0.3538	0.1036	0.0998
ENSG00000271065.1	AC107031.1	lncRNA	0	0	0	0.0000	0.0000	0.0000
ENSG00000271070.1	GMCL1P2	processed_pseudogene	0	0	0	0.0000	0.0000	0.0000
ENSG00000271071.1	AL513548.2	processed_pseudogene	0	0	0	0.0000	0.0000	0.0000
ENSG00000271072.1	PHBP20	processed_pseudogene	1	0	1	0.1038	0.0304	0.0293
ENSG00000271074.1	AC012491.1	processed_pseudogene	0	0	0	0.0000	0.0000	0.0000
ENSG00000271075.1	AL139317.4	processed_pseudogene	3	2	1	0.3352	0.0982	0.0945
ENSG00000271077.1	PER3P1	processed_pseudogene	0	0	0	0.0000	0.0000	0.0000
ENSG00000271078.1	AC139426.3	processed_pseudogene	0	0	0	0.0000	0.0000	0.0000
ENSG00000271079.1	CTAGE15	protein_coding	0	0	0	0.0000	0.0000	0.0000
ENSG00000271081.1	HIKESHIP3	processed_pseudogene	1	0	1	0.2793	0.0818	0.0788
ENSG00000271086.7	NAMA	lncRNA	0	0	0	0.0000	0.0000	0.0000
ENSG00000271088.1	AL161722.2	processed_pseudogene	0	0	0	0.0000	0.0000	0.0000
ENSG00000271092.5	TLCD4-RWDD3	protein_coding	4	4	0	0.1732	0.0507	0.0489
ENSG00000271093.1	IGLCOR22-2	IG_C_pseudogene	0	0	0	0.0000	0.0000	0.0000
ENSG00000271094.1	AL022161.1	processed_pseudogene	0	0	0	0.0000	0.0000	0.0000
ENSG00000271095.1	BNIP3P28	processed_pseudogene	0	0	0	0.0000	0.0000	0.0000
ENSG00000271096.1	SUMO2P14	processed_pseudogene	0	0	0	0.0000	0.0000	0.0000
ENSG00000271097.1	DBF4P3	processed_pseudogene	0	0	0	0.0000	0.0000	0.0000
ENSG00000271098.1	IMMP1LP3	processed_pseudogene	0	0	0	0.0000	0.0000	0.0000
ENSG00000271099.1	AL357315.2	processed_pseudogene	0	0	0	0.0000	0.0000	0.0000
ENSG00000271100.1	AP000753.3	processed_pseudogene	0	0	0	0.0000	0.0000	0.0000
ENSG00000271101.1	AC005181.1	processed_pseudogene	0	0	0	0.0000	0.0000	0.0000
ENSG00000271105.1	SCML2P2	processed_pseudogene	5	1	4	0.7863	0.2303	0.2218
ENSG00000271108.1	KATNBL1P5	processed_pseudogene	0	0	0	0.0000	0.0000	0.0000
ENSG00000271109.2	AC008555.4	lncRNA	4	4	3	0.2724	0.0798	0.0768
ENSG00000271111.1	AL365503.1	processed_pseudogene	0	0	0	0.0000	0.0000	0.0000
ENSG00000271113.1	AC079089.3	processed_pseudogene	0	0	0	0.0000	0.0000	0.0000
ENSG00000271114.1	AL590392.1	processed_pseudogene	0	0	0	0.0000	0.0000	0.0000
ENSG00000271115.1	EIF2S2P7	processed_pseudogene	0	0	0	0.0000	0.0000	0.0000
ENSG00000271117.1	AC078841.1	processed_pseudogene	1	0	1	0.0718	0.0210	0.0202
ENSG00000271118.1	AC012119.2	processed_pseudogene	1	0	1	0.3825	0.1120	0.1079
ENSG00000271119.1	AC026412.3	lncRNA	6	3	3	0.3068	0.0899	0.0865
ENSG00000271121.2	NUDT4P2	processed_pseudogene	0	0	0	0.0000	0.0000	0.0000
ENSG00000271122.1	AC018647.2	lncRNA	348	236	242	7.0363	2.0610	1.9846
ENSG00000271123.1	ELOCP5	processed_pseudogene	0	0	0	0.0000	0.0000	0.0000
ENSG00000271127.2	AP000526.1	transcribed_unprocessed_pseudogene	0	0	0	0.0000	0.0000	0.0000
ENSG00000271128.1	AC008608.1	processed_pseudogene	0	0	0	0.0000	0.0000	0.0000
ENSG00000271129.1	AC009027.1	processed_pseudogene	0	0	0	0.0000	0.0000	0.0000
ENSG00000271130.1	IGHV3OR16-8	IG_V_gene	6	2	4	1.4600	0.4276	0.4118
ENSG00000271131.1	PPIAP75	processed_pseudogene	3	2	1	0.5264	0.1542	0.1485
ENSG00000271133.5	AC004130.2	lncRNA	8	7	9	0.7582	0.2221	0.2139
ENSG00000271134.1	IFITM3P9	processed_pseudogene	0	0	0	0.0000	0.0000	0.0000
ENSG00000271136.1	AL592504.1	processed_pseudogene	0	0	0	0.0000	0.0000	0.0000
ENSG00000271137.1	AC006254.3	processed_pseudogene	0	0	0	0.0000	0.0000	0.0000
ENSG00000271138.1	IGLVIVOR22-1	IG_V_pseudogene	0	0	0	0.0000	0.0000	0.0000
ENSG00000271140.1	PRR20FP	unprocessed_pseudogene	0	0	0	0.0000	0.0000	0.0000
ENSG00000271141.1	AC010680.4	lncRNA	0	5	3	0.0000	0.0000	0.0000
ENSG00000271142.1	YWHAQP7	processed_pseudogene	2	2	0	0.2581	0.0756	0.0728
ENSG00000271143.1	AL357137.1	processed_pseudogene	1	0	1	0.4183	0.1225	0.1180
ENSG00000271146.1	AC018889.1	processed_pseudogene	0	0	0	0.0000	0.0000	0.0000
ENSG00000271147.8	ARMCX5-GPRASP2	lncRNA	284	151	133	5.6827	1.6646	1.6028
ENSG00000271148.1	AC023762.1	lncRNA	0	0	0	0.0000	0.0000	0.0000
ENSG00000271149.1	AC011467.5	unprocessed_pseudogene	0	0	0	0.0000	0.0000	0.0000
ENSG00000271150.1	AC008745.1	processed_pseudogene	1	3	6	0.3134	0.0918	0.0884
ENSG00000271151.1	AC016737.1	lncRNA	3	2	1	0.2385	0.0699	0.0673
ENSG00000271153.1	RPL23AP88	processed_pseudogene	1	1	0	0.1870	0.0548	0.0528
ENSG00000271154.1	AL670379.10	processed_pseudogene	0	0	0	0.0000	0.0000	0.0000
ENSG00000271155.1	AL161729.1	lncRNA	0	8	11	0.0000	0.0000	0.0000
ENSG00000271156.1	AC090578.2	lncRNA	0	0	0	0.0000	0.0000	0.0000
ENSG00000271157.1	AL022154.1	processed_pseudogene	0	0	0	0.0000	0.0000	0.0000
ENSG00000271158.1	AL450472.2	processed_pseudogene	0	0	0	0.0000	0.0000	0.0000
ENSG00000271159.1	HINT1P2	processed_pseudogene	0	0	0	0.0000	0.0000	0.0000
ENSG00000271161.1	BOLA2P2	transcribed_processed_pseudogene	1	0	1	0.1498	0.0439	0.0422
ENSG00000271162.1	AL022099.1	processed_pseudogene	0	0	0	0.0000	0.0000	0.0000
ENSG00000271163.1	AC004840.2	processed_pseudogene	0	0	0	0.0000	0.0000	0.0000
ENSG00000271164.1	CFAP97P1	processed_pseudogene	0	0	0	0.0000	0.0000	0.0000
ENSG00000271166.1	AL671309.1	processed_pseudogene	0	0	0	0.0000	0.0000	0.0000
ENSG00000271167.1	LINC01109	lncRNA	0	0	0	0.0000	0.0000	0.0000
ENSG00000271171.3	LINC00904	lncRNA	0	0	0	0.0000	0.0000	0.0000
ENSG00000271172.1	AC104662.1	lncRNA	0	0	0	0.0000	0.0000	0.0000
ENSG00000271173.1	SPRING1P1	processed_pseudogene	0	0	0	0.0000	0.0000	0.0000
ENSG00000271174.1	AC104440.1	processed_pseudogene	0	0	0	0.0000	0.0000	0.0000
ENSG00000271175.1	AC016925.2	processed_pseudogene	0	0	0	0.0000	0.0000	0.0000
ENSG00000271177.1	AC010200.1	processed_pseudogene	0	0	0	0.0000	0.0000	0.0000
ENSG00000271178.1	IGHV3OR16-13	IG_V_gene	24	13	12	5.7736	1.6912	1.6285
ENSG00000271179.1	AC098826.3	processed_pseudogene	0	0	0	0.0000	0.0000	0.0000
ENSG00000271180.1	COX5AP1	processed_pseudogene	1	0	1	0.1850	0.0542	0.0522
ENSG00000271181.1	Z99916.2	processed_pseudogene	2	0	2	0.6904	0.2022	0.1947
ENSG00000271182.1	AC123912.5	processed_pseudogene	0	0	0	0.0000	0.0000	0.0000
ENSG00000271184.1	AC005252.1	processed_pseudogene	0	0	0	0.0000	0.0000	0.0000
ENSG00000271185.1	AC007029.1	lncRNA	3	3	0	0.8139	0.2384	0.2296
ENSG00000271187.1	AL713866.2	processed_pseudogene	0	0	0	0.0000	0.0000	0.0000
ENSG00000271190.1	RPP40P2	processed_pseudogene	0	0	0	0.0000	0.0000	0.0000
ENSG00000271192.1	AC006058.2	lncRNA	1	0	1	0.1550	0.0454	0.0437
ENSG00000271194.1	RNF138P2	processed_pseudogene	0	0	0	0.0000	0.0000	0.0000
ENSG00000271195.1	AC018618.2	processed_pseudogene	0	0	0	0.0000	0.0000	0.0000
ENSG00000271196.1	AC113403.1	processed_pseudogene	0	0	0	0.0000	0.0000	0.0000
ENSG00000271198.1	VDAC3P1	processed_pseudogene	2	1	1	0.1998	0.0585	0.0564
ENSG00000271199.1	AL353804.2	lncRNA	0	0	0	0.0000	0.0000	0.0000
ENSG00000271200.1	AC099791.2	lncRNA	0	0	1	0.0000	0.0000	0.0000
ENSG00000271201.1	AC247036.1	lncRNA	0	1	0	0.0000	0.0000	0.0000
ENSG00000271202.1	PRR13P7	processed_pseudogene	0	0	0	0.0000	0.0000	0.0000
ENSG00000271204.1	AC016831.4	lncRNA	0	0	1	0.0000	0.0000	0.0000
ENSG00000271205.1	Z83818.1	processed_pseudogene	0	0	0	0.0000	0.0000	0.0000
ENSG00000271207.1	MTCO1P22	processed_pseudogene	12	6	6	0.7493	0.2195	0.2113
ENSG00000271208.1	Z99289.3	lncRNA	1	1	0	0.1430	0.0419	0.0403
ENSG00000271209.1	BRDTP1	processed_pseudogene	0	0	0	0.0000	0.0000	0.0000
ENSG00000271211.1	AL670379.11	processed_pseudogene	0	0	0	0.0000	0.0000	0.0000
ENSG00000271214.1	AL138895.2	processed_pseudogene	0	0	0	0.0000	0.0000	0.0000
ENSG00000271215.1	RPL21P136	processed_pseudogene	1	1	0	0.2144	0.0628	0.0605
ENSG00000271216.2	LINC01050	lncRNA	48	30	18	2.1153	0.6196	0.5966
ENSG00000271218.1	AL033384.2	lncRNA	1	23	22	0.1862	0.0545	0.0525
ENSG00000271219.1	AC011626.1	processed_pseudogene	0	0	0	0.0000	0.0000	0.0000
ENSG00000271220.2	AL355376.2	transcribed_processed_pseudogene	0	0	0	0.0000	0.0000	0.0000
ENSG00000271222.1	AC091152.3	processed_pseudogene	0	0	0	0.0000	0.0000	0.0000
ENSG00000271225.1	BNIP3P4	processed_pseudogene	0	0	0	0.0000	0.0000	0.0000
ENSG00000271227.1	SREK1IP1P2	processed_pseudogene	0	0	0	0.0000	0.0000	0.0000
ENSG00000271228.1	AL121655.1	lncRNA	0	0	0	0.0000	0.0000	0.0000
ENSG00000271230.1	AC027334.1	processed_pseudogene	0	0	0	0.0000	0.0000	0.0000
ENSG00000271231.1	KRT18P9	processed_pseudogene	0	0	0	0.0000	0.0000	0.0000
ENSG00000271232.1	CARS1P1	processed_pseudogene	0	0	0	0.0000	0.0000	0.0000
ENSG00000271234.1	AL078605.1	lncRNA	0	0	0	0.0000	0.0000	0.0000
ENSG00000271235.1	AC114477.1	processed_pseudogene	0	0	0	0.0000	0.0000	0.0000
ENSG00000271236.1	SUMO2P15	processed_pseudogene	1	0	1	0.3055	0.0895	0.0862
ENSG00000271237.1	HMGB1P50	processed_pseudogene	0	0	0	0.0000	0.0000	0.0000
ENSG00000271238.1	AC023932.1	processed_pseudogene	0	0	0	0.0000	0.0000	0.0000
ENSG00000271239.1	AC007423.1	lncRNA	0	0	0	0.0000	0.0000	0.0000
ENSG00000271240.1	AC110741.2	processed_pseudogene	0	0	0	0.0000	0.0000	0.0000
ENSG00000271242.1	PRELID3BP2	processed_pseudogene	0	0	0	0.0000	0.0000	0.0000
ENSG00000271243.1	AC016727.2	processed_pseudogene	0	0	0	0.0000	0.0000	0.0000
ENSG00000271245.1	AL136139.1	processed_pseudogene	0	0	0	0.0000	0.0000	0.0000
ENSG00000271248.1	AC091193.1	processed_pseudogene	0	0	0	0.0000	0.0000	0.0000
ENSG00000271249.1	DIMT1P1	processed_pseudogene	0	0	0	0.0000	0.0000	0.0000
ENSG00000271250.1	AL158032.1	processed_pseudogene	0	0	0	0.0000	0.0000	0.0000
ENSG00000271251.1	AC025946.2	processed_pseudogene	0	0	0	0.0000	0.0000	0.0000
ENSG00000271252.1	AL683887.1	lncRNA	0	0	0	0.0000	0.0000	0.0000
ENSG00000271253.1	AC011891.3	processed_pseudogene	0	0	0	0.0000	0.0000	0.0000
ENSG00000271257.1	AC008814.1	processed_pseudogene	0	0	0	0.0000	0.0000	0.0000
ENSG00000271259.1	AC010201.1	lncRNA	1	1	0	0.1573	0.0461	0.0444
ENSG00000271264.1	MZT1P1	processed_pseudogene	0	0	0	0.0000	0.0000	0.0000
ENSG00000271265.1	AL355297.2	lncRNA	0	0	0	0.0000	0.0000	0.0000
ENSG00000271266.1	LAPTM4BP2	processed_pseudogene	1	1	0	0.1904	0.0558	0.0537
ENSG00000271267.1	AL353807.4	processed_pseudogene	4	0	4	1.3217	0.3872	0.3728
ENSG00000271268.1	AC015849.6	processed_pseudogene	2	2	0	0.3583	0.1050	0.1011
ENSG00000271269.1	AL353778.1	processed_pseudogene	0	0	0	0.0000	0.0000	0.0000
ENSG00000271270.7	TMCC1-AS1	lncRNA	368	191	177	4.0575	1.1885	1.1444
ENSG00000271271.6	UGT2A2	protein_coding	0	0	0	0.0000	0.0000	0.0000
ENSG00000271272.1	AC068802.1	processed_pseudogene	0	0	0	0.0000	0.0000	0.0000
ENSG00000271275.1	AC007326.1	processed_pseudogene	0	0	0	0.0000	0.0000	0.0000
ENSG00000271277.1	AL356280.1	processed_pseudogene	0	0	0	0.0000	0.0000	0.0000
ENSG00000271278.1	ELOCP33	processed_pseudogene	1	1	0	0.1344	0.0394	0.0379
ENSG00000271283.1	AC011458.2	processed_pseudogene	1	1	0	0.4102	0.1202	0.1157
ENSG00000271284.1	SMIM12P1	processed_pseudogene	0	0	0	0.0000	0.0000	0.0000
ENSG00000271286.1	CYTH1P1	processed_pseudogene	0	0	0	0.0000	0.0000	0.0000
ENSG00000271287.1	BCRP9	processed_pseudogene	0	0	0	0.0000	0.0000	0.0000
ENSG00000271288.1	IGHV1OR15-3	IG_V_pseudogene	0	0	0	0.0000	0.0000	0.0000
ENSG00000271290.1	COPS8P1	processed_pseudogene	0	0	0	0.0000	0.0000	0.0000
ENSG00000271291.1	AC245014.2	processed_pseudogene	0	0	0	0.0000	0.0000	0.0000
ENSG00000271296.1	H3P19	processed_pseudogene	0	0	0	0.0000	0.0000	0.0000
ENSG00000271298.1	AL080274.1	processed_pseudogene	0	0	0	0.0000	0.0000	0.0000
ENSG00000271299.1	AC008962.1	processed_pseudogene	0	0	0	0.0000	0.0000	0.0000
ENSG00000271302.1	AC105254.2	processed_pseudogene	0	0	0	0.0000	0.0000	0.0000
ENSG00000271303.2	SRXN1	protein_coding	2	1	1	0.0672	0.0197	0.0189
ENSG00000271304.2	DPRXP2	transcribed_processed_pseudogene	0	0	0	0.0000	0.0000	0.0000
ENSG00000271306.1	RAC1P9	processed_pseudogene	0	1	1	0.0000	0.0000	0.0000
ENSG00000271307.3	AF146191.2	processed_pseudogene	0	0	0	0.0000	0.0000	0.0000
ENSG00000271309.1	AC140113.2	processed_pseudogene	0	0	0	0.0000	0.0000	0.0000
ENSG00000271313.1	AC069114.2	processed_pseudogene	0	0	0	0.0000	0.0000	0.0000
ENSG00000271314.1	AL161729.2	lncRNA	0	0	0	0.0000	0.0000	0.0000
ENSG00000271315.1	AC174048.1	processed_pseudogene	0	0	0	0.0000	0.0000	0.0000
ENSG00000271317.1	IGHD4OR15-4A	IG_D_gene	0	0	0	0.0000	0.0000	0.0000
ENSG00000271318.1	MOB4P2	processed_pseudogene	0	0	0	0.0000	0.0000	0.0000
ENSG00000271320.1	AC091488.1	lncRNA	0	0	0	0.0000	0.0000	0.0000
ENSG00000271321.1	CTAGE6	protein_coding	0	0	0	0.0000	0.0000	0.0000
ENSG00000271322.1	AL357312.1	processed_pseudogene	0	0	0	0.0000	0.0000	0.0000
ENSG00000271327.1	AC010201.2	lncRNA	12	6	6	0.6816	0.1997	0.1923
ENSG00000271328.1	B3GNTL1P2	processed_pseudogene	0	0	0	0.0000	0.0000	0.0000
ENSG00000271329.1	AL035417.2	processed_pseudogene	0	0	0	0.0000	0.0000	0.0000
ENSG00000271330.1	AC005084.1	processed_pseudogene	0	0	0	0.0000	0.0000	0.0000
ENSG00000271332.1	ATP5MGP8	processed_pseudogene	1	1	0	0.2850	0.0835	0.0804
ENSG00000271333.1	AC019322.2	unprocessed_pseudogene	0	0	0	0.0000	0.0000	0.0000
ENSG00000271334.6	LINC02104	lncRNA	12	6	6	1.5678	0.4592	0.4422
ENSG00000271335.6	AL117336.2	lncRNA	21	13	8	1.2506	0.3663	0.3527
ENSG00000271336.1	IGHD1OR15-1A	IG_D_gene	0	0	0	0.0000	0.0000	0.0000
ENSG00000271337.1	NDE1P2	processed_pseudogene	0	0	0	0.0000	0.0000	0.0000
ENSG00000271338.1	AL591034.1	processed_pseudogene	1	0	1	0.1240	0.0363	0.0350
ENSG00000271339.1	AL683813.2	processed_pseudogene	0	0	0	0.0000	0.0000	0.0000
ENSG00000271340.1	AC120024.3	processed_pseudogene	0	0	0	0.0000	0.0000	0.0000
ENSG00000271343.1	AL355598.2	processed_pseudogene	0	0	0	0.0000	0.0000	0.0000
ENSG00000271344.1	AC018638.6	lncRNA	9	3	6	0.6032	0.1767	0.1701
ENSG00000271346.1	AC008162.1	processed_pseudogene	0	0	0	0.0000	0.0000	0.0000
ENSG00000271349.1	AC007992.1	processed_pseudogene	0	0	0	0.0000	0.0000	0.0000
ENSG00000271350.1	AC103792.1	processed_pseudogene	0	0	0	0.0000	0.0000	0.0000
ENSG00000271351.1	IGKV1OR2-9	IG_V_pseudogene	1	0	1	0.2959	0.0867	0.0835
ENSG00000271353.1	AC012468.1	processed_pseudogene	0	0	0	0.0000	0.0000	0.0000
ENSG00000271355.1	AL356458.1	processed_pseudogene	0	0	0	0.0000	0.0000	0.0000
ENSG00000271356.1	USP21P2	processed_pseudogene	0	0	0	0.0000	0.0000	0.0000
ENSG00000271357.1	AC048344.3	processed_pseudogene	0	0	0	0.0000	0.0000	0.0000
ENSG00000271358.1	AL137190.1	processed_pseudogene	0	0	0	0.0000	0.0000	0.0000
ENSG00000271360.1	AL512631.2	lncRNA	0	11	16	0.0000	0.0000	0.0000
ENSG00000271361.1	HTATSF1P2	processed_pseudogene	6	9	17	0.8075	0.2365	0.2278
ENSG00000271362.1	AL138889.2	processed_pseudogene	0	0	0	0.0000	0.0000	0.0000
ENSG00000271364.1	AC015871.2	processed_pseudogene	0	0	0	0.0000	0.0000	0.0000
ENSG00000271365.1	AC140113.3	processed_pseudogene	0	0	0	0.0000	0.0000	0.0000
ENSG00000271366.1	AC002128.2	lncRNA	1	1	0	0.1374	0.0403	0.0388
ENSG00000271367.1	AL034374.1	lncRNA	0	0	0	0.0000	0.0000	0.0000
ENSG00000271368.1	AC073387.2	processed_pseudogene	0	0	0	0.0000	0.0000	0.0000
ENSG00000271369.1	AC087783.1	processed_pseudogene	16	6	10	2.4177	0.7082	0.6819
ENSG00000271370.1	AC007619.2	processed_pseudogene	0	0	0	0.0000	0.0000	0.0000
ENSG00000271373.1	NANOGP3	processed_pseudogene	0	0	0	0.0000	0.0000	0.0000
ENSG00000271375.1	AC134879.2	processed_pseudogene	8	6	2	1.7464	0.5116	0.4926
ENSG00000271377.1	IFITM3P8	processed_pseudogene	0	0	0	0.0000	0.0000	0.0000
ENSG00000271378.1	RBISP2	processed_pseudogene	1	1	0	0.3134	0.0918	0.0884
ENSG00000271379.1	AC023513.1	processed_pseudogene	0	0	0	0.0000	0.0000	0.0000
ENSG00000271380.1	AL451085.2	lncRNA	1	1426	1436	0.1063	0.0311	0.0300
ENSG00000271381.2	REXO1L9P	processed_pseudogene	0	0	0	0.0000	0.0000	0.0000
ENSG00000271382.1	AC012464.3	lncRNA	2	1	1	0.0612	0.0179	0.0173
ENSG00000271383.7	NBPF19	protein_coding	0	0	1	0.0000	0.0000	0.0000
ENSG00000271384.1	AL161729.3	lncRNA	0	0	0	0.0000	0.0000	0.0000
ENSG00000271385.1	AL161798.1	processed_pseudogene	0	0	0	0.0000	0.0000	0.0000
ENSG00000271386.1	SRGNP1	processed_pseudogene	0	0	0	0.0000	0.0000	0.0000
ENSG00000271387.1	AL445228.2	lncRNA	5	2	3	0.4460	0.1306	0.1258
ENSG00000271389.1	OSBPL9P1	processed_pseudogene	0	0	0	0.0000	0.0000	0.0000
ENSG00000271390.1	AP003973.2	lncRNA	0	0	0	0.0000	0.0000	0.0000
ENSG00000271392.1	AC006237.1	lncRNA	0	0	0	0.0000	0.0000	0.0000
ENSG00000271394.1	7SK	misc_RNA	0	0	0	0.0000	0.0000	0.0000
ENSG00000271395.2	LINC02336	lncRNA	0	0	0	0.0000	0.0000	0.0000
ENSG00000271396.1	AC091167.4	processed_pseudogene	3	3	0	0.2850	0.0835	0.0804
ENSG00000271397.1	AL109837.1	processed_pseudogene	0	0	0	0.0000	0.0000	0.0000
ENSG00000271398.1	AL353622.2	lncRNA	1	0	1	0.1998	0.0585	0.0564
ENSG00000271399.1	AL078624.1	processed_pseudogene	0	0	0	0.0000	0.0000	0.0000
ENSG00000271400.1	CCDC121P1	processed_pseudogene	0	0	0	0.0000	0.0000	0.0000
ENSG00000271401.1	AC010680.5	lncRNA	1	0	1	0.1834	0.0537	0.0517
ENSG00000271402.1	IGKV2OR2-2	IG_V_pseudogene	0	0	0	0.0000	0.0000	0.0000
ENSG00000271404.1	MZT1P2	processed_pseudogene	0	0	0	0.0000	0.0000	0.0000
ENSG00000271408.1	NAPGP1	processed_pseudogene	0	0	0	0.0000	0.0000	0.0000
ENSG00000271409.1	AC073176.1	lncRNA	0	0	0	0.0000	0.0000	0.0000
ENSG00000271410.1	AC020728.1	processed_pseudogene	2	2	0	0.1397	0.0409	0.0394
ENSG00000271412.1	PRR13P3	processed_pseudogene	0	0	0	0.0000	0.0000	0.0000
ENSG00000271413.1	AC104640.2	processed_pseudogene	0	0	0	0.0000	0.0000	0.0000
ENSG00000271414.1	AC093107.2	processed_pseudogene	0	0	0	0.0000	0.0000	0.0000
ENSG00000271415.1	RPL23AP90	processed_pseudogene	1	0	1	0.3598	0.1054	0.1015
ENSG00000271418.1	AC092747.3	processed_pseudogene	0	0	0	0.0000	0.0000	0.0000
ENSG00000271419.1	AL035410.2	processed_pseudogene	0	0	0	0.0000	0.0000	0.0000
ENSG00000271420.1	AL109936.2	lncRNA	8	3	5	1.0452	0.3061	0.2948
ENSG00000271421.1	AC005191.1	processed_pseudogene	0	0	0	0.0000	0.0000	0.0000
ENSG00000271423.1	CYCSP1	processed_pseudogene	0	0	0	0.0000	0.0000	0.0000
ENSG00000271424.1	GLRX5P3	processed_pseudogene	1	0	3	0.1777	0.0520	0.0501
ENSG00000271425.9	NBPF10	protein_coding	55	25	33	0.3252	0.0953	0.0917
ENSG00000271426.1	AL109983.1	processed_pseudogene	0	0	0	0.0000	0.0000	0.0000
ENSG00000271427.1	AL358072.1	lncRNA	1	0	1	0.1477	0.0433	0.0417
ENSG00000271428.1	MPHOSPH6P1	processed_pseudogene	0	0	0	0.0000	0.0000	0.0000
ENSG00000271429.1	RPL17P51	processed_pseudogene	0	0	0	0.0000	0.0000	0.0000
ENSG00000271433.1	PPATP2	processed_pseudogene	0	0	0	0.0000	0.0000	0.0000
ENSG00000271434.3	AL445237.1	lncRNA	0	0	0	0.0000	0.0000	0.0000
ENSG00000271435.1	TEKT4P3	processed_pseudogene	0	0	0	0.0000	0.0000	0.0000
ENSG00000271437.1	AL356423.1	processed_pseudogene	0	0	0	0.0000	0.0000	0.0000
ENSG00000271439.1	AC246785.4	processed_pseudogene	0	0	0	0.0000	0.0000	0.0000
ENSG00000271440.1	AL121932.1	processed_pseudogene	0	0	0	0.0000	0.0000	0.0000
ENSG00000271443.1	AC011247.2	transcribed_processed_pseudogene	1	0	1	0.0965	0.0283	0.0272
ENSG00000271447.6	MMP28	protein_coding	131	77	56	3.4873	1.0215	0.9836
ENSG00000271449.8	CT45A2	protein_coding	0	0	0	0.0000	0.0000	0.0000
ENSG00000271452.1	AC005034.5	lncRNA	18	112	133	3.2802	0.9608	0.9252
ENSG00000271454.1	AL353729.2	processed_pseudogene	0	0	0	0.0000	0.0000	0.0000
ENSG00000271455.1	AC112187.2	processed_pseudogene	0	0	0	0.0000	0.0000	0.0000
ENSG00000271456.1	AC108081.1	processed_pseudogene	0	0	0	0.0000	0.0000	0.0000
ENSG00000271457.1	AL590229.2	processed_pseudogene	0	0	0	0.0000	0.0000	0.0000
ENSG00000271459.1	Z98751.3	processed_pseudogene	0	0	0	0.0000	0.0000	0.0000
ENSG00000271461.1	CKAP2LP1	processed_pseudogene	0	0	0	0.0000	0.0000	0.0000
ENSG00000271462.1	AC091805.2	processed_pseudogene	0	0	0	0.0000	0.0000	0.0000
ENSG00000271464.1	DPRXP7	processed_pseudogene	0	0	0	0.0000	0.0000	0.0000
ENSG00000271465.1	SQSTM1P1	processed_pseudogene	0	0	0	0.0000	0.0000	0.0000
ENSG00000271466.1	CICP24	processed_pseudogene	0	0	0	0.0000	0.0000	0.0000
ENSG00000271468.1	AL357094.1	processed_pseudogene	0	0	0	0.0000	0.0000	0.0000
ENSG00000271474.1	AC106881.1	lncRNA	68	45	32	1.7346	0.5081	0.4893
ENSG00000271475.1	AL078624.2	processed_pseudogene	0	0	0	0.0000	0.0000	0.0000
ENSG00000271477.1	AC010591.1	processed_pseudogene	0	0	0	0.0000	0.0000	0.0000
ENSG00000271480.1	MTND3P19	processed_pseudogene	0	0	0	0.0000	0.0000	0.0000
ENSG00000271482.1	AC005070.2	processed_pseudogene	0	0	0	0.0000	0.0000	0.0000
ENSG00000271483.1	AC108676.2	processed_pseudogene	0	0	0	0.0000	0.0000	0.0000
ENSG00000271484.1	ABI1P1	unprocessed_pseudogene	0	0	0	0.0000	0.0000	0.0000
ENSG00000271486.1	NIPA2P3	processed_pseudogene	0	0	0	0.0000	0.0000	0.0000
ENSG00000271488.1	RBM11P1	processed_pseudogene	0	0	0	0.0000	0.0000	0.0000
ENSG00000271490.1	AC013244.2	processed_pseudogene	0	0	0	0.0000	0.0000	0.0000
ENSG00000271491.1	AC100767.2	processed_pseudogene	0	0	0	0.0000	0.0000	0.0000
ENSG00000271492.1	MEMO1P5	processed_pseudogene	1	0	1	0.2092	0.0613	0.0590
ENSG00000271494.1	AC034205.3	processed_pseudogene	0	0	0	0.0000	0.0000	0.0000
ENSG00000271495.1	AC020765.1	processed_pseudogene	0	0	0	0.0000	0.0000	0.0000
ENSG00000271496.1	SNRPGP20	processed_pseudogene	0	0	0	0.0000	0.0000	0.0000
ENSG00000271498.1	AL360085.1	processed_pseudogene	0	0	0	0.0000	0.0000	0.0000
ENSG00000271499.1	AC011477.5	processed_pseudogene	0	0	0	0.0000	0.0000	0.0000
ENSG00000271500.1	AC005183.1	processed_pseudogene	2	1	1	0.0858	0.0251	0.0242
ENSG00000271502.1	AL670379.12	processed_pseudogene	0	0	0	0.0000	0.0000	0.0000
ENSG00000271503.6	CCL5	protein_coding	5184	2593	2591	293.6809	86.0237	82.8344
ENSG00000271507.1	AC025884.3	unprocessed_pseudogene	0	0	0	0.0000	0.0000	0.0000
ENSG00000271508.1	AC090525.3	processed_pseudogene	0	0	0	0.0000	0.0000	0.0000
ENSG00000271509.1	AC018714.1	processed_pseudogene	0	0	0	0.0000	0.0000	0.0000
ENSG00000271511.1	AL161756.2	processed_pseudogene	1	1	0	0.3452	0.1011	0.0974
ENSG00000271519.1	AL590065.1	processed_pseudogene	0	0	0	0.0000	0.0000	0.0000
ENSG00000271522.1	AC016831.5	lncRNA	0	0	0	0.0000	0.0000	0.0000
ENSG00000271523.1	AL049634.3	processed_pseudogene	0	0	0	0.0000	0.0000	0.0000
ENSG00000271524.1	BNIP3P17	processed_pseudogene	2	0	2	0.2854	0.0836	0.0805
ENSG00000271525.1	ARF4P1	processed_pseudogene	3	2	1	0.4709	0.1379	0.1328
ENSG00000271526.1	AC004852.1	processed_pseudogene	0	0	0	0.0000	0.0000	0.0000
ENSG00000271527.1	AL606495.1	processed_pseudogene	0	0	0	0.0000	0.0000	0.0000
ENSG00000271530.1	WBP1LP12	processed_pseudogene	0	0	0	0.0000	0.0000	0.0000
ENSG00000271532.1	BBIP1P1	processed_pseudogene	0	0	0	0.0000	0.0000	0.0000
ENSG00000271533.1	Z83843.1	lncRNA	60	32	28	1.3827	0.4050	0.3900
ENSG00000271536.1	AC073046.2	processed_pseudogene	0	0	0	0.0000	0.0000	0.0000
ENSG00000271537.1	AC009220.3	processed_pseudogene	2	0	2	0.2898	0.0849	0.0817
ENSG00000271538.6	LINC02427	lncRNA	5	2	3	0.0941	0.0276	0.0265
ENSG00000271543.1	AC021443.1	processed_pseudogene	0	0	0	0.0000	0.0000	0.0000
ENSG00000271544.1	AC006499.8	processed_pseudogene	0	0	0	0.0000	0.0000	0.0000
ENSG00000271546.1	AC245389.1	processed_pseudogene	0	0	0	0.0000	0.0000	0.0000
ENSG00000271547.1	AC117498.2	processed_pseudogene	1	1	1	0.1662	0.0487	0.0469
ENSG00000271550.1	BNIP3P11	processed_pseudogene	12	3	9	1.8100	0.5302	0.5105
ENSG00000271551.2	AL355297.3	lncRNA	1	9	8	0.0680	0.0199	0.0192
ENSG00000271553.1	AC018638.7	lncRNA	17	8	9	1.2959	0.3796	0.3655
ENSG00000271554.1	AL138787.2	lncRNA	0	14	19	0.0000	0.0000	0.0000
ENSG00000271555.1	AC113139.1	lncRNA	1	0	1	0.3553	0.1041	0.1002
ENSG00000271557.1	YPEL5P2	processed_pseudogene	0	0	0	0.0000	0.0000	0.0000
ENSG00000271558.1	AL391813.1	processed_pseudogene	0	0	0	0.0000	0.0000	0.0000
ENSG00000271559.1	AL138966.1	processed_pseudogene	0	0	0	0.0000	0.0000	0.0000
ENSG00000271560.1	AP001330.3	processed_pseudogene	0	0	0	0.0000	0.0000	0.0000
ENSG00000271563.1	HIRAP1	processed_pseudogene	0	0	0	0.0000	0.0000	0.0000
ENSG00000271564.2	LINC02333	lncRNA	1	1	0	0.0813	0.0238	0.0229
ENSG00000271565.1	AL109618.2	processed_pseudogene	0	0	0	0.0000	0.0000	0.0000
ENSG00000271567.1	PPIAL4E	protein_coding	0	0	2	0.0000	0.0000	0.0000
ENSG00000271568.1	AC069304.3	processed_pseudogene	0	0	0	0.0000	0.0000	0.0000
ENSG00000271569.1	IGKV1OR2-6	IG_V_pseudogene	6	3	3	1.8394	0.5388	0.5188
ENSG00000271573.1	AL136982.5	processed_pseudogene	0	0	0	0.0000	0.0000	0.0000
ENSG00000271576.1	AL359504.1	lncRNA	18	7	11	0.9548	0.2797	0.2693
ENSG00000271578.1	AC119501.1	processed_pseudogene	0	0	0	0.0000	0.0000	0.0000
ENSG00000271579.1	AC078880.3	lncRNA	0	0	0	0.0000	0.0000	0.0000
ENSG00000271580.1	AL583832.1	processed_pseudogene	3	1	2	0.3250	0.0952	0.0917
ENSG00000271581.1	AL671883.2	unprocessed_pseudogene	1	15803	16214	0.0857	0.0251	0.0242
ENSG00000271582.1	AC073111.1	processed_pseudogene	0	0	0	0.0000	0.0000	0.0000
ENSG00000271583.1	AC103881.1	processed_pseudogene	0	0	0	0.0000	0.0000	0.0000
ENSG00000271584.2	LINC02550	lncRNA	0	0	0	0.0000	0.0000	0.0000
ENSG00000271585.1	SELENOTP2	processed_pseudogene	0	0	0	0.0000	0.0000	0.0000
ENSG00000271586.1	AC011894.1	processed_pseudogene	0	0	0	0.0000	0.0000	0.0000
ENSG00000271587.1	AC004805.3	processed_pseudogene	1	1	0	0.2739	0.0802	0.0773
ENSG00000271588.1	LARP7P1	processed_pseudogene	0	0	0	0.0000	0.0000	0.0000
ENSG00000271589.1	AL139395.1	processed_pseudogene	0	0	0	0.0000	0.0000	0.0000
ENSG00000271590.1	AC108463.3	lncRNA	16	5	11	0.9168	0.2686	0.2586
ENSG00000271595.1	ELOCP35	processed_pseudogene	0	0	0	0.0000	0.0000	0.0000
ENSG00000271596.1	AC008121.1	processed_pseudogene	0	0	0	0.0000	0.0000	0.0000
ENSG00000271597.1	AC112230.1	processed_pseudogene	0	0	0	0.0000	0.0000	0.0000
ENSG00000271598.1	AC008739.3	processed_pseudogene	0	0	0	0.0000	0.0000	0.0000
ENSG00000271600.1	AP000942.4	processed_pseudogene	1	1	0	0.3524	0.1032	0.0994
ENSG00000271601.4	LIX1L	protein_coding	3038	2021	1867	64.6425	18.9348	18.2328
ENSG00000271602.1	KRT8P49	processed_pseudogene	0	0	0	0.0000	0.0000	0.0000
ENSG00000271605.6	MILR1	protein_coding	827	437	396	38.6725	11.3278	10.9078
ENSG00000271606.1	AC097467.4	unprocessed_pseudogene	0	0	0	0.0000	0.0000	0.0000
ENSG00000271607.1	Z84480.1	processed_pseudogene	1	1	0	0.2731	0.0800	0.0770
ENSG00000271608.1	AL391646.1	processed_pseudogene	0	0	0	0.0000	0.0000	0.0000
ENSG00000271609.1	AC005632.4	processed_pseudogene	0	0	0	0.0000	0.0000	0.0000
ENSG00000271611.1	AC006006.1	processed_pseudogene	0	0	0	0.0000	0.0000	0.0000
ENSG00000271612.1	HSPE1P14	processed_pseudogene	0	0	0	0.0000	0.0000	0.0000
ENSG00000271614.1	ATP2B1-AS1	lncRNA	27	15	16	0.6313	0.1849	0.1781
ENSG00000271615.1	ACTG1P22	transcribed_processed_pseudogene	5	1	4	0.2496	0.0731	0.0704
ENSG00000271616.1	AC055876.6	processed_pseudogene	0	0	0	0.0000	0.0000	0.0000
ENSG00000271618.1	AL359821.1	processed_pseudogene	0	0	0	0.0000	0.0000	0.0000
ENSG00000271620.1	IGHV3OR16-7	IG_V_pseudogene	0	0	0	0.0000	0.0000	0.0000
ENSG00000271621.1	AC013244.3	processed_pseudogene	0	0	0	0.0000	0.0000	0.0000
ENSG00000271623.1	AC138894.3	processed_pseudogene	0	0	0	0.0000	0.0000	0.0000
ENSG00000271624.1	AP004372.1	processed_pseudogene	0	0	0	0.0000	0.0000	0.0000
ENSG00000271625.1	PSMA6P4	processed_pseudogene	0	0	0	0.0000	0.0000	0.0000
ENSG00000271626.1	H3P42	processed_pseudogene	0	0	0	0.0000	0.0000	0.0000
ENSG00000271627.1	NKAIN1P2	processed_pseudogene	0	0	0	0.0000	0.0000	0.0000
ENSG00000271629.1	AC067959.1	processed_pseudogene	0	0	0	0.0000	0.0000	0.0000
ENSG00000271631.1	AL139041.1	lncRNA	2	1	1	0.2784	0.0816	0.0785
ENSG00000271632.1	AL589743.2	processed_pseudogene	0	0	0	0.0000	0.0000	0.0000
ENSG00000271635.1	DBF4P2	processed_pseudogene	0	0	0	0.0000	0.0000	0.0000
ENSG00000271638.1	BNIP3P19	processed_pseudogene	0	0	0	0.0000	0.0000	0.0000
ENSG00000271639.1	PPFIA1P1	processed_pseudogene	1	0	1	0.0548	0.0160	0.0154
ENSG00000271642.1	MARK3P1	processed_pseudogene	0	0	0	0.0000	0.0000	0.0000
ENSG00000271643.2	AC112220.2	lncRNA	63	35	34	1.1826	0.3464	0.3336
ENSG00000271644.1	AC242498.1	processed_pseudogene	0	0	0	0.0000	0.0000	0.0000
ENSG00000271646.1	IRF2-DT	lncRNA	170	79	91	5.7677	1.6894	1.6268
ENSG00000271647.1	KRT8P47	processed_pseudogene	0	3	2	0.0000	0.0000	0.0000
ENSG00000271650.1	AL031601.1	processed_pseudogene	0	0	0	0.0000	0.0000	0.0000
ENSG00000271652.1	AL356052.1	processed_pseudogene	0	0	0	0.0000	0.0000	0.0000
ENSG00000271653.1	AC097359.3	lncRNA	1	1	0	0.0702	0.0206	0.0198
ENSG00000271654.1	AC025062.2	processed_pseudogene	1	1	0	0.1267	0.0371	0.0357
ENSG00000271655.1	BNIP3P35	processed_pseudogene	0	0	0	0.0000	0.0000	0.0000
ENSG00000271656.1	AC007262.1	processed_pseudogene	0	0	0	0.0000	0.0000	0.0000
ENSG00000271657.1	AC018462.2	processed_pseudogene	0	0	0	0.0000	0.0000	0.0000
ENSG00000271659.1	AL161729.4	lncRNA	1	1	0	0.1784	0.0523	0.0503
ENSG00000271660.1	Z99497.2	processed_pseudogene	0	0	0	0.0000	0.0000	0.0000
ENSG00000271661.1	BNIP3P36	processed_pseudogene	0	0	0	0.0000	0.0000	0.0000
ENSG00000271662.1	AC233280.2	processed_pseudogene	2	0	2	0.1587	0.0465	0.0448
ENSG00000271664.1	AC004890.3	unprocessed_pseudogene	6	2	4	0.4653	0.1363	0.1312
ENSG00000271666.1	AC008555.5	processed_pseudogene	0	0	0	0.0000	0.0000	0.0000
ENSG00000271667.1	AC104408.1	processed_pseudogene	0	0	0	0.0000	0.0000	0.0000
ENSG00000271670.1	AC010998.2	lncRNA	3	9	8	0.4076	0.1194	0.1150
ENSG00000271671.1	AC107304.1	processed_pseudogene	0	0	0	0.0000	0.0000	0.0000
ENSG00000271672.1	DUXAP8	transcribed_processed_pseudogene	0	0	0	0.0000	0.0000	0.0000
ENSG00000271676.1	AC104771.1	processed_pseudogene	0	0	0	0.0000	0.0000	0.0000
ENSG00000271677.1	Z82195.1	unprocessed_pseudogene	0	0	0	0.0000	0.0000	0.0000
ENSG00000271679.1	LSM1P2	processed_pseudogene	0	0	0	0.0000	0.0000	0.0000
ENSG00000271680.1	AC098935.2	processed_pseudogene	4	3	1	0.7289	0.2135	0.2056
ENSG00000271681.1	AC136601.2	processed_pseudogene	0	0	0	0.0000	0.0000	0.0000
ENSG00000271682.1	AC092960.3	processed_pseudogene	0	0	0	0.0000	0.0000	0.0000
ENSG00000271686.1	TNPO3P1	processed_pseudogene	0	0	0	0.0000	0.0000	0.0000
ENSG00000271687.1	MTND5P10	processed_pseudogene	1	0	1	0.0469	0.0138	0.0132
ENSG00000271691.1	AC140658.7	unprocessed_pseudogene	0	0	0	0.0000	0.0000	0.0000
ENSG00000271693.1	AL929325.1	processed_pseudogene	0	0	0	0.0000	0.0000	0.0000
ENSG00000271696.1	AC023141.13	processed_pseudogene	0	0	0	0.0000	0.0000	0.0000
ENSG00000271697.1	AL049779.3	processed_pseudogene	2	1	1	1.0887	0.3189	0.3071
ENSG00000271698.1	AC233992.2	protein_coding	0	0	1	0.0000	0.0000	0.0000
ENSG00000271699.5	SNX29P2	transcribed_unprocessed_pseudogene	0	0	0	0.0000	0.0000	0.0000
ENSG00000271701.1	AC098483.2	processed_pseudogene	0	0	0	0.0000	0.0000	0.0000
ENSG00000271702.1	AC123786.2	processed_pseudogene	0	0	0	0.0000	0.0000	0.0000
ENSG00000271704.1	BNIP3P20	processed_pseudogene	0	0	0	0.0000	0.0000	0.0000
ENSG00000271705.1	RPL17P3	unprocessed_pseudogene	1	0	1	0.1618	0.0474	0.0456
ENSG00000271707.1	ATP1B3P1	processed_pseudogene	7	2	5	0.7240	0.2121	0.2042
ENSG00000271709.1	AC017033.1	lncRNA	0	0	0	0.0000	0.0000	0.0000
ENSG00000271710.1	NDUFA8P1	processed_pseudogene	0	0	0	0.0000	0.0000	0.0000
ENSG00000271711.1	AC069236.1	processed_pseudogene	0	0	0	0.0000	0.0000	0.0000
ENSG00000271712.1	AL163642.2	processed_pseudogene	0	0	0	0.0000	0.0000	0.0000
ENSG00000271714.1	AC010501.2	lncRNA	0	0	0	0.0000	0.0000	0.0000
ENSG00000271715.1	AC012640.3	lncRNA	0	0	0	0.0000	0.0000	0.0000
ENSG00000271716.1	AC022001.2	lncRNA	1	1	0	0.1464	0.0429	0.0413
ENSG00000271717.1	AC022146.2	lncRNA	0	0	0	0.0000	0.0000	0.0000
ENSG00000271723.5	MROH7-TTC4	protein_coding	0	0	0	0.0000	0.0000	0.0000
ENSG00000271724.1	AC011396.3	lncRNA	0	0	0	0.0000	0.0000	0.0000
ENSG00000271725.1	AC103858.1	lncRNA	2	160	139	0.3568	0.1045	0.1006
ENSG00000271727.2	AL357054.2	lncRNA	0	0	1	0.0000	0.0000	0.0000
ENSG00000271730.1	AL390208.1	lncRNA	1	55	67	0.1319	0.0386	0.0372
ENSG00000271732.1	AL137798.1	lncRNA	0	0	0	0.0000	0.0000	0.0000
ENSG00000271734.1	Z98200.1	lncRNA	2	1	1	0.3614	0.1058	0.1019
ENSG00000271736.2	LINC02772	lncRNA	0	0	0	0.0000	0.0000	0.0000
ENSG00000271737.1	AC008608.2	lncRNA	27	18	10	5.5117	1.6145	1.5546
ENSG00000271739.1	RNU1-29P	snRNA	0	0	0	0.0000	0.0000	0.0000
ENSG00000271741.1	AC114490.2	protein_coding	0	0	0	0.0000	0.0000	0.0000
ENSG00000271742.1	AL121992.2	lncRNA	3	1	2	0.9952	0.2915	0.2807
ENSG00000271743.1	AF287957.1	lncRNA	9	4	5	0.4792	0.1404	0.1352
ENSG00000271746.1	AL031848.2	lncRNA	7	5	4	0.7102	0.2080	0.2003
ENSG00000271749.1	AC005828.6	unprocessed_pseudogene	0	0	0	0.0000	0.0000	0.0000
ENSG00000271751.1	AP003392.4	lncRNA	7	3	4	1.4324	0.4196	0.4040
ENSG00000271752.1	AC112187.3	lncRNA	0	0	0	0.0000	0.0000	0.0000
ENSG00000271754.1	AL355802.3	lncRNA	0	78	95	0.0000	0.0000	0.0000
ENSG00000271755.1	AL031118.1	lncRNA	2	2	0	0.0575	0.0168	0.0162
ENSG00000271758.2	AC044810.3	lncRNA	0	0	0	0.0000	0.0000	0.0000
ENSG00000271761.1	AL021368.1	lncRNA	2	0	2	0.3145	0.0921	0.0887
ENSG00000271763.1	AC091544.5	lncRNA	6	3	3	1.1424	0.3346	0.3222
ENSG00000271765.1	RN7SKP299	misc_RNA	0	0	0	0.0000	0.0000	0.0000
ENSG00000271766.1	AC010424.2	lncRNA	0	0	0	0.0000	0.0000	0.0000
ENSG00000271771.1	AC139792.1	lncRNA	0	0	0	0.0000	0.0000	0.0000
ENSG00000271774.1	AL109930.1	lncRNA	0	8	7	0.0000	0.0000	0.0000
ENSG00000271776.1	AL445209.1	lncRNA	0	0	2	0.0000	0.0000	0.0000
ENSG00000271778.1	AC080013.2	lncRNA	6	3	3	0.8815	0.2582	0.2486
ENSG00000271779.1	AC009994.1	processed_pseudogene	0	0	0	0.0000	0.0000	0.0000
ENSG00000271780.1	AL118558.3	lncRNA	63	32	31	4.9583	1.4524	1.3985
ENSG00000271781.1	AC026740.1	lncRNA	15	8	7	1.6104	0.4717	0.4542
ENSG00000271784.1	AL031055.1	lncRNA	17	9	9	2.2879	0.6702	0.6453
ENSG00000271787.1	AC104794.5	lncRNA	0	73	80	0.0000	0.0000	0.0000
ENSG00000271788.1	AC008875.1	lncRNA	5	4	1	0.5236	0.1534	0.1477
ENSG00000271789.1	AL080317.1	lncRNA	6	2	4	0.3679	0.1078	0.1038
ENSG00000271792.1	AC008667.4	lncRNA	0	0	0	0.0000	0.0000	0.0000
ENSG00000271793.1	AL589666.1	protein_coding	0	0	0	0.0000	0.0000	0.0000
ENSG00000271795.1	AC011337.1	lncRNA	8	19	16	0.2048	0.0600	0.0578
ENSG00000271797.1	AC008494.3	lncRNA	6	35	42	0.5397	0.1581	0.1522
ENSG00000271798.1	SNORA51	snoRNA	0	0	0	0.0000	0.0000	0.0000
ENSG00000271803.1	AL121906.1	lncRNA	1	1	0	0.1930	0.0565	0.0544
ENSG00000271806.1	AL590822.2	lncRNA	0	75	71	0.0000	0.0000	0.0000
ENSG00000271810.5	AL603832.3	protein_coding	0	0	0	0.0000	0.0000	0.0000
ENSG00000271811.1	Z97200.1	lncRNA	17	11	6	0.7059	0.2068	0.1991
ENSG00000271814.1	RN7SKP290	misc_RNA	0	0	0	0.0000	0.0000	0.0000
ENSG00000271815.1	AC008897.3	lncRNA	2	2	0	0.3516	0.1030	0.0992
ENSG00000271816.1	BMS1P4	lncRNA	2	0	2	0.0888	0.0260	0.0250
ENSG00000271817.2	U3	snoRNA	0	1	0	0.0000	0.0000	0.0000
ENSG00000271818.1	RN7SKP4	misc_RNA	0	0	0	0.0000	0.0000	0.0000
ENSG00000271819.1	RNU6-94P	snRNA	1	0	1	0.7936	0.2325	0.2239
ENSG00000271820.1	AL109910.2	lncRNA	0	0	0	0.0000	0.0000	0.0000
ENSG00000271821.1	AL662844.3	lncRNA	0	3	3	0.0000	0.0000	0.0000
ENSG00000271824.2	SMIM32	protein_coding	0	0	0	0.0000	0.0000	0.0000
ENSG00000271825.1	AC019080.3	lncRNA	0	0	0	0.0000	0.0000	0.0000
ENSG00000271826.5	PLS3-AS1	lncRNA	35	16	19	1.4324	0.4196	0.4040
ENSG00000271828.1	AC008937.3	lncRNA	16	33	42	0.7993	0.2341	0.2254
ENSG00000271830.1	AC012213.4	lncRNA	20	8	12	4.7978	1.4053	1.3532
ENSG00000271833.1	AL445222.1	lncRNA	6	5	2	0.8113	0.2377	0.2288
ENSG00000271841.1	RNU7-10P	snRNA	0	0	0	0.0000	0.0000	0.0000
ENSG00000271843.1	AC012557.1	lncRNA	6	2	4	0.8339	0.2443	0.2352
ENSG00000271848.2	AC073389.2	lncRNA	0	4	6	0.0000	0.0000	0.0000
ENSG00000271849.1	MAN2A1-DT	lncRNA	3	2	1	0.4825	0.1413	0.1361
ENSG00000271850.2	LINC02343	lncRNA	5	1	4	0.1587	0.0465	0.0448
ENSG00000271851.1	AC087501.4	lncRNA	77	37	40	2.7544	0.8068	0.7769
ENSG00000271852.1	SNORD11B	snoRNA	0	0	0	0.0000	0.0000	0.0000
ENSG00000271853.5	AL162258.1	lncRNA	0	0	0	0.0000	0.0000	0.0000
ENSG00000271855.1	AC073195.1	lncRNA	3	2	4	0.2905	0.0851	0.0819
ENSG00000271856.1	LINC01215	lncRNA	21	11	10	0.6880	0.2015	0.1941
ENSG00000271857.1	AL096865.1	lncRNA	1	1	0	0.0916	0.0268	0.0258
ENSG00000271858.5	Z84492.1	lncRNA	0	6	3	0.0000	0.0000	0.0000
ENSG00000271860.7	AL589740.1	lncRNA	1	1	0	0.0071	0.0021	0.0020
ENSG00000271862.1	AC104118.1	lncRNA	15	5	10	0.8016	0.2348	0.2261
ENSG00000271868.1	AC114810.1	lncRNA	5	6	2	0.8977	0.2629	0.2532
ENSG00000271869.1	AC026979.2	lncRNA	11	5	6	2.3179	0.6790	0.6538
ENSG00000271870.1	AC024060.2	lncRNA	26	30	31	4.4695	1.3092	1.2606
ENSG00000271871.1	AC005740.4	lncRNA	4	2	2	0.3549	0.1040	0.1001
ENSG00000271874.1	AC025754.2	lncRNA	8	3	5	1.5726	0.4606	0.4436
ENSG00000271880.1	AGAP11	lncRNA	0	0	0	0.0000	0.0000	0.0000
ENSG00000271882.1	AP001330.4	lncRNA	28	18	10	5.7853	1.6946	1.6318
ENSG00000271886.1	MIR98	miRNA	0	0	0	0.0000	0.0000	0.0000
ENSG00000271888.1	AL136162.1	lncRNA	9	3	6	0.7090	0.2077	0.2000
ENSG00000271889.1	AC016747.2	lncRNA	12	6	7	1.1528	0.3377	0.3251
ENSG00000271890.1	OR10AE1P	unprocessed_pseudogene	0	0	0	0.0000	0.0000	0.0000
ENSG00000271892.1	AC026790.1	lncRNA	3	2	1	0.5925	0.1735	0.1671
ENSG00000271893.1	AC064834.1	lncRNA	0	0	0	0.0000	0.0000	0.0000
ENSG00000271894.1	AC007744.1	lncRNA	0	0	0	0.0000	0.0000	0.0000
ENSG00000271895.2	AL109811.2	lncRNA	10	3	7	0.9761	0.2859	0.2753
ENSG00000271897.1	AL357518.1	lncRNA	0	0	0	0.0000	0.0000	0.0000
ENSG00000271898.1	MIR4791	miRNA	0	0	0	0.0000	0.0000	0.0000
ENSG00000271899.1	MIR4466	miRNA	0	0	0	0.0000	0.0000	0.0000
ENSG00000271900.1	AC025627.4	processed_pseudogene	0	0	0	0.0000	0.0000	0.0000
ENSG00000271901.2	AL161716.1	lncRNA	0	0	0	0.0000	0.0000	0.0000
ENSG00000271904.1	AC091826.2	lncRNA	2	1	1	0.4122	0.1208	0.1163
ENSG00000271907.1	SNORA35B	snoRNA	0	0	0	0.0000	0.0000	0.0000
ENSG00000271911.1	AL357054.3	lncRNA	1	1	1	0.0413	0.0121	0.0117
ENSG00000271913.7	AL035530.2	lncRNA	49	75	78	0.3357	0.0983	0.0947
ENSG00000271914.1	AL139286.1	lncRNA	0	1	0	0.0000	0.0000	0.0000
ENSG00000271916.1	AC012467.1	lncRNA	0	0	0	0.0000	0.0000	0.0000
ENSG00000271917.1	AL357568.1	lncRNA	0	0	0	0.0000	0.0000	0.0000
ENSG00000271918.1	AC034236.2	lncRNA	53	53	80	2.7955	0.8189	0.7885
ENSG00000271919.1	AC005828.7	transcribed_processed_pseudogene	0	0	0	0.0000	0.0000	0.0000
ENSG00000271922.1	AC134026.1	snoRNA	0	0	0	0.0000	0.0000	0.0000
ENSG00000271923.1	RNU6-86P	snRNA	0	0	0	0.0000	0.0000	0.0000
ENSG00000271924.1	RNA5SP108	rRNA_pseudogene	2	0	2	1.4516	0.4252	0.4094
ENSG00000271926.1	AC008972.1	lncRNA	6	2	4	0.7961	0.2332	0.2246
ENSG00000271930.1	AC016877.3	lncRNA	0	0	0	0.0000	0.0000	0.0000
ENSG00000271931.1	AL353135.1	lncRNA	0	0	0	0.0000	0.0000	0.0000
ENSG00000271932.1	RNU6-85P	snRNA	0	0	0	0.0000	0.0000	0.0000
ENSG00000271933.1	AL603756.1	lncRNA	4	364	384	0.1570	0.0460	0.0443
ENSG00000271934.2	OR2AS2P	unprocessed_pseudogene	0	0	0	0.0000	0.0000	0.0000
ENSG00000271936.1	AC012073.1	lncRNA	17	134	117	1.3029	0.3816	0.3675
ENSG00000271937.1	AC104187.1	lncRNA	0	8	10	0.0000	0.0000	0.0000
ENSG00000271938.1	AC103724.4	lncRNA	0	0	0	0.0000	0.0000	0.0000
ENSG00000271943.2	AC098614.2	transcribed_processed_pseudogene	52	25	27	2.0472	0.5997	0.5774
ENSG00000271945.2	AL355612.1	lncRNA	0	0	0	0.0000	0.0000	0.0000
ENSG00000271947.1	AC017076.1	lncRNA	11	10	1	1.6161	0.4734	0.4558
ENSG00000271949.1	AC093423.3	protein_coding	0	0	0	0.0000	0.0000	0.0000
ENSG00000271952.2	LINC01954	lncRNA	1	1	0	0.0886	0.0259	0.0250
ENSG00000271955.2	AC007100.1	lncRNA	0	0	0	0.0000	0.0000	0.0000
ENSG00000271958.1	AC021860.1	lncRNA	0	0	0	0.0000	0.0000	0.0000
ENSG00000271959.1	AC100803.4	lncRNA	2	1	5	0.0574	0.0168	0.0162
ENSG00000271963.1	AC026786.2	lncRNA	0	0	0	0.0000	0.0000	0.0000
ENSG00000271964.1	AC090948.1	lncRNA	5	3	2	0.7734	0.2265	0.2181
ENSG00000271966.1	AC021321.1	lncRNA	7	4	3	0.5341	0.1564	0.1506
ENSG00000271967.1	AL583856.2	lncRNA	3	1	2	0.4692	0.1374	0.1323
ENSG00000271968.2	ADAM6	transcribed_unprocessed_pseudogene	0	0	0	0.0000	0.0000	0.0000
ENSG00000271969.1	U47924.1	lncRNA	0	32	41	0.0000	0.0000	0.0000
ENSG00000271971.1	AC120053.1	lncRNA	93	48	45	10.7304	3.1431	3.0266
ENSG00000271973.1	AC141002.1	lncRNA	2	0	2	0.6087	0.1783	0.1717
ENSG00000271974.1	RDM1P4	transcribed_processed_pseudogene	0	0	0	0.0000	0.0000	0.0000
ENSG00000271976.1	AC012467.2	lncRNA	97	67	45	3.1890	0.9341	0.8995
ENSG00000271977.1	AC226119.2	transcribed_unprocessed_pseudogene	0	0	0	0.0000	0.0000	0.0000
ENSG00000271978.1	AL359643.2	lncRNA	3	2	1	0.0778	0.0228	0.0220
ENSG00000271980.1	AC012640.4	lncRNA	0	1432	1427	0.0000	0.0000	0.0000
ENSG00000271981.1	AL158211.2	lncRNA	0	2	2	0.0000	0.0000	0.0000
ENSG00000271982.1	SNORD58B	snoRNA	0	0	0	0.0000	0.0000	0.0000
ENSG00000271983.1	AC023302.1	lncRNA	0	0	0	0.0000	0.0000	0.0000
ENSG00000271984.1	AL008726.1	lncRNA	0	3537	3520	0.0000	0.0000	0.0000
ENSG00000271985.1	BX248123.1	processed_pseudogene	0	0	0	0.0000	0.0000	0.0000
ENSG00000271986.2	RN7SL827P	misc_RNA	0	0	0	0.0000	0.0000	0.0000
ENSG00000271989.1	AL139424.1	lncRNA	0	10	7	0.0000	0.0000	0.0000
ENSG00000271991.1	AC013400.1	lncRNA	1	1	0	0.1558	0.0456	0.0439
ENSG00000271992.1	AL354872.1	lncRNA	6	1	5	1.0934	0.3203	0.3084
ENSG00000271993.1	AC126118.1	lncRNA	2	1	1	0.2704	0.0792	0.0763
ENSG00000271996.1	AC019080.4	lncRNA	1	0	1	0.1506	0.0441	0.0425
ENSG00000271998.1	AC034229.3	lncRNA	0	0	0	0.0000	0.0000	0.0000
ENSG00000272002.1	AC010904.2	lncRNA	4	1	3	0.5358	0.1569	0.1511
ENSG00000272004.1	FO704657.1	lncRNA	1	50	66	0.2123	0.0622	0.0599
ENSG00000272006.1	AC037487.3	processed_pseudogene	3	0	3	2.2747	0.6663	0.6416
ENSG00000272008.1	AL139274.2	lncRNA	9	5	5	0.1852	0.0542	0.0522
ENSG00000272009.1	AL121944.1	lncRNA	0	7	2	0.0000	0.0000	0.0000
ENSG00000272010.1	AC100814.1	lncRNA	66	44	23	8.9964	2.6352	2.5375
ENSG00000272015.1	SNORA62	snoRNA	0	0	0	0.0000	0.0000	0.0000
ENSG00000272020.1	RNU1-30P	snRNA	0	0	0	0.0000	0.0000	0.0000
ENSG00000272021.1	AC008592.4	lncRNA	0	0	0	0.0000	0.0000	0.0000
ENSG00000272023.1	AC010240.3	lncRNA	1	1	0	0.2150	0.0630	0.0606
ENSG00000272024.1	AC064807.4	lncRNA	15	8	7	3.1297	0.9168	0.8828
ENSG00000272025.1	SNORA74	snoRNA	0	0	0	0.0000	0.0000	0.0000
ENSG00000272027.2	AC073218.1	lncRNA	0	0	0	0.0000	0.0000	0.0000
ENSG00000272028.1	RNU6-87P	snRNA	0	0	0	0.0000	0.0000	0.0000
ENSG00000272030.1	AL162258.2	lncRNA	1	3181	3110	0.0806	0.0236	0.0227
ENSG00000272031.3	ANKRD34A	protein_coding	233	137	136	5.3899	1.5788	1.5203
ENSG00000272033.1	AL136984.1	lncRNA	1	1	0	0.0449	0.0131	0.0127
ENSG00000272034.1	SNORD14A	snoRNA	7	4	3	6.5323	1.9134	1.8425
ENSG00000272036.1	MIR139	miRNA	0	0	0	0.0000	0.0000	0.0000
ENSG00000272037.1	AP002907.1	lncRNA	3	216	232	0.1782	0.0522	0.0502
ENSG00000272040.1	AC010245.2	lncRNA	26	12	14	1.8920	0.5542	0.5336
ENSG00000272043.1	AC016405.2	lncRNA	0	1	2	0.0000	0.0000	0.0000
ENSG00000272046.1	AL445647.1	lncRNA	0	0	0	0.0000	0.0000	0.0000
ENSG00000272047.3	GTF2H5	protein_coding	1183	615	568	13.2797	3.8898	3.7456
ENSG00000272049.1	AC091965.4	lncRNA	22	11	11	3.1827	0.9323	0.8977
ENSG00000272050.1	AL499627.2	lncRNA	0	0	0	0.0000	0.0000	0.0000
ENSG00000272051.1	Y_RNA	misc_RNA	0	0	0	0.0000	0.0000	0.0000
ENSG00000272054.1	AC007390.1	lncRNA	9	288	257	0.2010	0.0589	0.0567
ENSG00000272055.1	RNU6-6P	snRNA	1	0	1	0.7936	0.2325	0.2239
ENSG00000272056.1	AC013472.2	lncRNA	1	46	37	0.1289	0.0377	0.0363
ENSG00000272057.1	AC016575.1	lncRNA	0	0	0	0.0000	0.0000	0.0000
ENSG00000272068.1	AL365181.2	lncRNA	236	114	122	6.2201	1.8220	1.7544
ENSG00000272070.1	AC005618.1	lncRNA	5	4	1	0.1349	0.0395	0.0380
ENSG00000272071.1	AC122710.2	lncRNA	0	0	0	0.0000	0.0000	0.0000
ENSG00000272072.1	AC004492.1	lncRNA	3	2	1	0.3433	0.1006	0.0968
ENSG00000272075.2	RN7SL828P	misc_RNA	0	0	0	0.0000	0.0000	0.0000
ENSG00000272076.1	AC090186.1	lncRNA	3	2	1	0.4454	0.1305	0.1256
ENSG00000272077.1	AC124045.1	lncRNA	12	3	9	0.5218	0.1528	0.1472
ENSG00000272078.1	AL139423.1	lncRNA	7	23	33	0.0750	0.0220	0.0212
ENSG00000272079.2	AC004233.2	lncRNA	1	1	0	0.0669	0.0196	0.0189
ENSG00000272080.1	MIR502	miRNA	0	0	0	0.0000	0.0000	0.0000
ENSG00000272081.1	AC008972.2	lncRNA	17	9	8	2.9224	0.8560	0.8243
ENSG00000272084.1	AL137127.1	lncRNA	18	8	10	0.4493	0.1316	0.1267
ENSG00000272085.1	AC091979.2	lncRNA	0	0	0	0.0000	0.0000	0.0000
ENSG00000272086.1	AC025181.2	lncRNA	29	12	17	3.0707	0.8995	0.8661
ENSG00000272087.1	AC080013.3	lncRNA	0	35	25	0.0000	0.0000	0.0000
ENSG00000272088.1	AL512413.1	lncRNA	0	0	0	0.0000	0.0000	0.0000
ENSG00000272092.1	AC087623.2	lncRNA	10	2	8	0.7734	0.2265	0.2181
ENSG00000272094.1	AC091614.1	lncRNA	0	0	0	0.0000	0.0000	0.0000
ENSG00000272096.2	RN7SL715P	misc_RNA	0	0	0	0.0000	0.0000	0.0000
ENSG00000272097.2	AL024498.1	lncRNA	7	5	2	0.4041	0.1184	0.1140
ENSG00000272100.1	AL513218.1	lncRNA	3	170	187	0.6516	0.1909	0.1838
ENSG00000272103.2	AC026741.1	lncRNA	7	3	4	0.2657	0.0778	0.0750
ENSG00000272104.1	Z84492.2	protein_coding	0	0	0	0.0000	0.0000	0.0000
ENSG00000272106.1	AL691432.2	lncRNA	69	36	40	2.8751	0.8422	0.8109
ENSG00000272108.1	AC244517.1	lncRNA	2	0	2	0.0814	0.0238	0.0230
ENSG00000272109.2	AC008906.2	lncRNA	1	122	114	0.0627	0.0184	0.0177
ENSG00000272112.1	AC011374.2	lncRNA	0	40	36	0.0000	0.0000	0.0000
ENSG00000272113.2	Y_RNA	misc_RNA	0	0	0	0.0000	0.0000	0.0000
ENSG00000272114.1	AL136131.3	lncRNA	0	28	27	0.0000	0.0000	0.0000
ENSG00000272115.1	AC233992.3	lncRNA	0	5	2	0.0000	0.0000	0.0000
ENSG00000272121.1	AC006058.3	lncRNA	12	3	9	0.9533	0.2792	0.2689
ENSG00000272123.1	AC008966.2	lncRNA	3	2	1	0.5624	0.1647	0.1586
ENSG00000272128.1	AP006545.2	lncRNA	1	0	1	0.1842	0.0540	0.0520
ENSG00000272129.1	AL359715.3	lncRNA	19	12	7	1.1236	0.3291	0.3169
ENSG00000272130.1	AC091946.2	lncRNA	1	0	1	0.2918	0.0855	0.0823
ENSG00000272134.1	AC103810.6	processed_pseudogene	0	0	0	0.0000	0.0000	0.0000
ENSG00000272137.1	AL451064.1	lncRNA	0	0	0	0.0000	0.0000	0.0000
ENSG00000272138.2	LINC01607	lncRNA	13	7	6	0.2665	0.0781	0.0752
ENSG00000272139.1	AC113349.2	lncRNA	0	0	0	0.0000	0.0000	0.0000
ENSG00000272140.2	AC022400.4	lncRNA	12	4	8	0.8549	0.2504	0.2411
ENSG00000272141.1	AL390719.2	lncRNA	0	0	0	0.0000	0.0000	0.0000
ENSG00000272142.4	LYRM4-AS1	lncRNA	86	69	67	1.5665	0.4589	0.4418
ENSG00000272143.1	FGF14-AS2	lncRNA	12	7	5	0.9488	0.2779	0.2676
ENSG00000272144.1	AC025171.4	lncRNA	16	9	7	1.2977	0.3801	0.3660
ENSG00000272145.1	NFYC-AS1	lncRNA	22	139	148	1.1074	0.3244	0.3124
ENSG00000272146.6	ARF4-AS1	lncRNA	2	4	3	0.1921	0.0563	0.0542
ENSG00000272148.1	AC013403.2	lncRNA	4	1	3	0.7077	0.2073	0.1996
ENSG00000272149.1	AC112211.1	lncRNA	0	189	191	0.0000	0.0000	0.0000
ENSG00000272150.5	NBPF25P	transcribed_unprocessed_pseudogene	34	14	20	0.7545	0.2210	0.2128
ENSG00000272153.1	AL365330.1	lncRNA	3	179	156	0.4798	0.1405	0.1353
ENSG00000272154.5	AC244517.2	lncRNA	0	58	57	0.0000	0.0000	0.0000
ENSG00000272155.1	AC055822.1	lncRNA	0	0	0	0.0000	0.0000	0.0000
ENSG00000272156.1	AC008280.2	lncRNA	34	18	16	3.9444	1.1554	1.1125
ENSG00000272157.1	AC107373.2	lncRNA	0	0	0	0.0000	0.0000	0.0000
ENSG00000272158.1	AL139022.2	lncRNA	0	0	0	0.0000	0.0000	0.0000
ENSG00000272159.1	AC087623.3	lncRNA	0	17	23	0.0000	0.0000	0.0000
ENSG00000272160.1	RNU4-5P	snRNA	2	206	224	1.2581	0.3685	0.3548
ENSG00000272161.1	AL589739.1	lncRNA	0	0	0	0.0000	0.0000	0.0000
ENSG00000272162.1	AL024498.2	protein_coding	0	0	0	0.0000	0.0000	0.0000
ENSG00000272163.1	AF106564.1	lncRNA	0	0	0	0.0000	0.0000	0.0000
ENSG00000272164.1	AC005972.2	processed_pseudogene	0	0	0	0.0000	0.0000	0.0000
ENSG00000272166.1	AC093416.1	snoRNA	0	0	0	0.0000	0.0000	0.0000
ENSG00000272167.2	AL606537.1	lncRNA	0	0	0	0.0000	0.0000	0.0000
ENSG00000272168.8	CASC15	lncRNA	207	100	111	0.5125	0.1501	0.1445
ENSG00000272170.1	AL355385.1	lncRNA	0	42	47	0.0000	0.0000	0.0000
ENSG00000272172.1	AC138696.2	lncRNA	14	15	15	5.3313	1.5616	1.5037
ENSG00000272173.1	U47924.2	lncRNA	5	1408	1461	0.3871	0.1134	0.1092
ENSG00000272175.1	AL050343.3	lncRNA	0	0	0	0.0000	0.0000	0.0000
ENSG00000272180.1	AC011306.1	lncRNA	1	0	1	0.0666	0.0195	0.0188
ENSG00000272181.1	AC012557.2	lncRNA	1	1	1	0.2032	0.0595	0.0573
ENSG00000272182.1	AC135507.1	lncRNA	0	242	241	0.0000	0.0000	0.0000
ENSG00000272183.1	AC005041.3	lncRNA	49	32	28	6.4116	1.8780	1.8084
ENSG00000272186.1	AP003392.5	lncRNA	3	1	2	0.7839	0.2296	0.2211
ENSG00000272189.1	AL024508.1	lncRNA	1	0	1	0.0448	0.0131	0.0126
ENSG00000272192.1	AC100812.1	lncRNA	2	2	0	0.2928	0.0858	0.0826
ENSG00000272195.1	AL356512.1	lncRNA	3	23	16	0.1465	0.0429	0.0413
ENSG00000272196.2	H2AC19	protein_coding	3	2	3	0.4517	0.1323	0.1274
ENSG00000272197.2	RN7SL803P	misc_RNA	0	0	0	0.0000	0.0000	0.0000
ENSG00000272202.1	AC097358.2	lncRNA	7	13	3	0.5129	0.1502	0.1447
ENSG00000272203.1	AC004775.1	lncRNA	0	0	0	0.0000	0.0000	0.0000
ENSG00000272205.1	AL451050.2	lncRNA	0	0	0	0.0000	0.0000	0.0000
ENSG00000272209.1	AL023583.1	lncRNA	2	0	2	0.1486	0.0435	0.0419
ENSG00000272211.1	AC114760.2	lncRNA	11	6	5	0.4524	0.1325	0.1276
ENSG00000272215.1	U7	snRNA	0	0	0	0.0000	0.0000	0.0000
ENSG00000272217.1	AL645940.1	lncRNA	1	1	0	0.1430	0.0419	0.0403
ENSG00000272218.1	AC108865.2	lncRNA	0	0	0	0.0000	0.0000	0.0000
ENSG00000272219.1	AC005072.1	lncRNA	0	0	0	0.0000	0.0000	0.0000
ENSG00000272220.1	AC103810.7	transcribed_processed_pseudogene	0	0	0	0.0000	0.0000	0.0000
ENSG00000272221.1	AL645933.2	lncRNA	22	13	10	1.5478	0.4534	0.4366
ENSG00000272223.1	AL136304.1	lncRNA	1	9	23	0.1668	0.0489	0.0471
ENSG00000272226.1	AL136985.2	lncRNA	3	3	0	0.4762	0.1395	0.1343
ENSG00000272230.1	MIR3666	miRNA	0	0	0	0.0000	0.0000	0.0000
ENSG00000272232.2	RN7SL726P	misc_RNA	0	0	0	0.0000	0.0000	0.0000
ENSG00000272234.1	AC008945.1	lncRNA	0	65	69	0.0000	0.0000	0.0000
ENSG00000272235.1	AL590438.1	lncRNA	0	0	0	0.0000	0.0000	0.0000
ENSG00000272236.1	AL645939.4	lncRNA	2	1	1	0.6989	0.2047	0.1971
ENSG00000272237.1	AC073065.2	snoRNA	0	0	0	0.0000	0.0000	0.0000
ENSG00000272239.1	AC011373.1	lncRNA	2	8	7	0.7166	0.2099	0.2021
ENSG00000272240.1	AC004908.1	lncRNA	4	1	3	0.6279	0.1839	0.1771
ENSG00000272243.6	AL356277.3	lncRNA	0	0	0	0.0000	0.0000	0.0000
ENSG00000272247.1	AC080013.4	lncRNA	1	1	4	0.1251	0.0366	0.0353
ENSG00000272248.1	AL138831.2	lncRNA	1	1	0	0.1733	0.0508	0.0489
ENSG00000272249.1	AP003117.2	lncRNA	0	0	0	0.0000	0.0000	0.0000
ENSG00000272253.1	RNA5SP386	rRNA_pseudogene	1	0	1	0.7936	0.2325	0.2239
ENSG00000272254.1	AC022893.3	lncRNA	0	0	0	0.0000	0.0000	0.0000
ENSG00000272255.1	AC113361.1	lncRNA	1	0	1	0.1564	0.0458	0.0441
ENSG00000272256.1	AC044849.1	lncRNA	0	818	855	0.0000	0.0000	0.0000
ENSG00000272259.5	LINC01749	lncRNA	0	0	0	0.0000	0.0000	0.0000
ENSG00000272262.1	RNU6-89P	snRNA	0	0	0	0.0000	0.0000	0.0000
ENSG00000272263.1	AC034198.2	lncRNA	1	0	1	0.1665	0.0488	0.0470
ENSG00000272264.1	AC009686.2	lncRNA	0	0	0	0.0000	0.0000	0.0000
ENSG00000272265.1	AC034236.3	lncRNA	2	1	1	0.3684	0.1079	0.1039
ENSG00000272267.2	AC021242.3	lncRNA	49	97	100	3.0219	0.8852	0.8523
ENSG00000272269.1	AL138724.1	lncRNA	21	39	38	1.6391	0.4801	0.4623
ENSG00000272273.1	IER3-AS1	lncRNA	0	185	157	0.0000	0.0000	0.0000
ENSG00000272274.2	LINC00551	lncRNA	0	0	0	0.0000	0.0000	0.0000
ENSG00000272275.1	AC092687.3	lncRNA	28	16	19	6.0503	1.7722	1.7065
ENSG00000272277.1	AL031963.3	lncRNA	5	10	4	0.4995	0.1463	0.1409
ENSG00000272279.1	AL512329.2	lncRNA	128	70	58	19.8354	5.8101	5.5947
ENSG00000272281.6	TPTE2P2	transcribed_unprocessed_pseudogene	0	0	0	0.0000	0.0000	0.0000
ENSG00000272282.1	LINC02084	lncRNA	51	28	23	3.9516	1.1575	1.1146
ENSG00000272288.6	AL451165.2	lncRNA	36	93	90	3.9094	1.1451	1.1027
ENSG00000272293.1	AC083964.1	lncRNA	5	96	79	0.6740	0.1974	0.1901
ENSG00000272296.1	SNORD96A	snoRNA	0	0	0	0.0000	0.0000	0.0000
ENSG00000272297.2	AC018709.1	protein_coding	0	0	0	0.0000	0.0000	0.0000
ENSG00000272298.1	AC091544.6	lncRNA	0	0	0	0.0000	0.0000	0.0000
ENSG00000272304.1	AC096721.1	lncRNA	0	0	0	0.0000	0.0000	0.0000
ENSG00000272305.5	AC096887.1	protein_coding	3	4	4	0.1448	0.0424	0.0408
ENSG00000272311.1	IFNL4P1	unprocessed_pseudogene	0	0	0	0.0000	0.0000	0.0000
ENSG00000272312.1	AL133255.1	lncRNA	0	0	0	0.0000	0.0000	0.0000
ENSG00000272316.1	AL021368.2	lncRNA	2	1	1	0.0317	0.0093	0.0090
ENSG00000272319.2	AL022345.1	unprocessed_pseudogene	0	0	0	0.0000	0.0000	0.0000
ENSG00000272320.1	AL445309.1	lncRNA	0	0	0	0.0000	0.0000	0.0000
ENSG00000272321.1	AP003355.2	lncRNA	1	1	0	0.0324	0.0095	0.0091
ENSG00000272323.1	AC026801.2	lncRNA	98	58	71	5.3177	1.5576	1.4999
ENSG00000272324.5	AC012629.2	lncRNA	0	33	29	0.0000	0.0000	0.0000
ENSG00000272325.2	NUDT3	protein_coding	6	757	745	0.0515	0.0151	0.0145
ENSG00000272328.1	AC007128.2	lncRNA	0	0	0	0.0000	0.0000	0.0000
ENSG00000272329.1	AL353581.1	lncRNA	0	0	0	0.0000	0.0000	0.0000
ENSG00000272330.1	AC002044.1	lncRNA	0	0	0	0.0000	0.0000	0.0000
ENSG00000272333.7	KMT2B	protein_coding	2206	1135	1099	17.9079	5.2455	5.0510
ENSG00000272334.1	AC011816.2	lncRNA	2	1	1	0.3055	0.0895	0.0862
ENSG00000272335.1	AC093297.2	lncRNA	167	83	84	5.6344	1.6504	1.5892
ENSG00000272337.1	RNU6-90P	snRNA	0	0	0	0.0000	0.0000	0.0000
ENSG00000272338.2	AC067838.1	lncRNA	29	21	8	4.2681	1.2502	1.2038
ENSG00000272341.1	AL137003.1	lncRNA	32	18	15	1.0707	0.3136	0.3020
ENSG00000272342.1	AC116609.3	lncRNA	0	0	0	0.0000	0.0000	0.0000
ENSG00000272343.1	AC107952.2	lncRNA	4	2	2	0.6989	0.2047	0.1971
ENSG00000272344.1	SNORD114-21	snoRNA	0	0	0	0.0000	0.0000	0.0000
ENSG00000272345.1	AL031775.1	lncRNA	42	236	251	4.0210	1.1778	1.1342
ENSG00000272346.2	AC103810.8	transcribed_unprocessed_pseudogene	0	0	0	0.0000	0.0000	0.0000
ENSG00000272347.1	AC116351.2	lncRNA	2	1	1	0.1072	0.0314	0.0302
ENSG00000272354.1	AC092354.1	lncRNA	3	2	1	0.6776	0.1985	0.1911
ENSG00000272356.1	AL080317.2	lncRNA	11	103	127	0.2165	0.0634	0.0611
ENSG00000272359.1	RNU4-89P	snRNA	2	1	1	1.2770	0.3741	0.3602
ENSG00000272360.1	AC116036.2	lncRNA	5	3	2	0.9191	0.2692	0.2592
ENSG00000272361.2	AC005014.2	lncRNA	1	0	1	0.1418	0.0415	0.0400
ENSG00000272362.1	AL160408.5	lncRNA	0	0	0	0.0000	0.0000	0.0000
ENSG00000272366.1	AL158211.3	lncRNA	0	0	0	0.0000	0.0000	0.0000
ENSG00000272368.2	AC074032.1	lncRNA	15	6	9	1.1404	0.3340	0.3217
ENSG00000272369.1	AC008035.1	lncRNA	0	0	0	0.0000	0.0000	0.0000
ENSG00000272370.1	AC092354.2	lncRNA	9	5	4	1.4869	0.4355	0.4194
ENSG00000272371.1	AL591167.1	lncRNA	0	0	0	0.0000	0.0000	0.0000
ENSG00000272372.1	AC009102.2	lncRNA	2	1	1	0.1036	0.0304	0.0292
ENSG00000272374.1	Z97832.2	lncRNA	12	6	6	0.2392	0.0701	0.0675
ENSG00000272375.1	AC026979.3	lncRNA	12	8	4	1.5799	0.4628	0.4456
ENSG00000272379.1	AL008729.2	lncRNA	417	198	219	74.8664	21.9296	21.1165
ENSG00000272380.1	MIR3976	miRNA	0	0	0	0.0000	0.0000	0.0000
ENSG00000272381.2	LINC02664	lncRNA	0	0	0	0.0000	0.0000	0.0000
ENSG00000272382.1	AC025171.5	lncRNA	6	1	5	0.5538	0.1622	0.1562
ENSG00000272383.1	AC006270.2	processed_pseudogene	0	0	0	0.0000	0.0000	0.0000
ENSG00000272384.1	AC016405.3	lncRNA	0	2	2	0.0000	0.0000	0.0000
ENSG00000272386.1	AC015802.5	lncRNA	1	1	3	0.2128	0.0623	0.0600
ENSG00000272387.2	AL022345.2	unprocessed_pseudogene	0	0	0	0.0000	0.0000	0.0000
ENSG00000272391.6	POM121C	protein_coding	2744	1430	1320	26.4918	7.7599	7.4722
ENSG00000272393.1	RNU6-92P	snRNA	0	0	0	0.0000	0.0000	0.0000
ENSG00000272395.7	IFNL4	polymorphic_pseudogene	0	0	0	0.0000	0.0000	0.0000
ENSG00000272396.1	AC005392.3	lncRNA	0	61	63	0.0000	0.0000	0.0000
ENSG00000272397.1	AL138916.2	lncRNA	0	0	0	0.0000	0.0000	0.0000
ENSG00000272398.6	CD24	protein_coding	25	11	14	0.6857	0.2009	0.1934
ENSG00000272400.1	AC103810.9	unprocessed_pseudogene	0	0	0	0.0000	0.0000	0.0000
ENSG00000272402.1	AL031775.2	lncRNA	8	6	2	1.6774	0.4913	0.4731
ENSG00000272405.1	AL365181.3	lncRNA	498	249	292	13.1255	3.8447	3.7021
ENSG00000272406.1	AC108102.1	lncRNA	0	0	0	0.0000	0.0000	0.0000
ENSG00000272407.1	AL022394.1	transcribed_processed_pseudogene	0	0	2	0.0000	0.0000	0.0000
ENSG00000272410.5	AC022384.1	protein_coding	0	0	0	0.0000	0.0000	0.0000
ENSG00000272411.1	AC116312.1	lncRNA	4	3	1	1.0818	0.3169	0.3051
ENSG00000272412.2	RN7SL778P	misc_RNA	0	0	0	0.0000	0.0000	0.0000
ENSG00000272414.6	FAM47E-STBD1	protein_coding	0	0	0	0.0000	0.0000	0.0000
ENSG00000272416.1	AC025175.1	lncRNA	8	4	4	0.8951	0.2622	0.2525
ENSG00000272417.1	AC034229.4	lncRNA	2	2	0	0.3851	0.1128	0.1086
ENSG00000272418.1	AC090607.4	lncRNA	0	1014	1010	0.0000	0.0000	0.0000
ENSG00000272419.6	LINC01145	transcribed_unprocessed_pseudogene	59	41	42	0.8273	0.2423	0.2334
ENSG00000272420.1	AL513477.2	lncRNA	4	2	2	0.5980	0.1752	0.1687
ENSG00000272425.1	AC009902.3	lncRNA	170	95	75	6.6466	1.9469	1.8747
ENSG00000272426.1	BX284668.6	lncRNA	2	0	2	0.3878	0.1136	0.1094
ENSG00000272428.1	AL450270.1	lncRNA	0	0	0	0.0000	0.0000	0.0000
ENSG00000272430.1	LINC02637	lncRNA	0	4	3	0.0000	0.0000	0.0000
ENSG00000272431.1	AC104117.5	lncRNA	0	0	0	0.0000	0.0000	0.0000
ENSG00000272432.1	AL031432.3	lncRNA	4	4	0	0.7004	0.2052	0.1975
ENSG00000272434.1	AC137630.3	lncRNA	0	187	194	0.0000	0.0000	0.0000
ENSG00000272435.1	RNA5SP357	rRNA_pseudogene	0	0	0	0.0000	0.0000	0.0000
ENSG00000272436.1	CUX2P1	processed_pseudogene	0	0	0	0.0000	0.0000	0.0000
ENSG00000272438.1	AL645608.6	lncRNA	0	0	0	0.0000	0.0000	0.0000
ENSG00000272439.1	RNU6-91P	snRNA	0	0	0	0.0000	0.0000	0.0000
ENSG00000272442.2	AL353588.1	protein_coding	1	0	1	0.0242	0.0071	0.0068
ENSG00000272443.1	OR13Z2P	unprocessed_pseudogene	0	0	0	0.0000	0.0000	0.0000
ENSG00000272444.1	AL118558.4	lncRNA	10	4	6	1.3105	0.3839	0.3696
ENSG00000272445.1	RNU6-84P	snRNA	0	0	0	0.0000	0.0000	0.0000
ENSG00000272446.5	AL158850.1	lncRNA	0	0	0	0.0000	0.0000	0.0000
ENSG00000272447.1	AL135925.1	lncRNA	16	27	26	0.7988	0.2340	0.2253
ENSG00000272449.2	AL139246.5	lncRNA	122	57	65	6.7670	1.9822	1.9087
ENSG00000272455.1	MRPL20-DT	lncRNA	16	3	13	0.8921	0.2613	0.2516
ENSG00000272456.1	AC087045.2	lncRNA	0	0	0	0.0000	0.0000	0.0000
ENSG00000272457.1	AC113194.1	lncRNA	28	13	15	4.7555	1.3930	1.3413
ENSG00000272458.1	MIR432	miRNA	0	0	0	0.0000	0.0000	0.0000
ENSG00000272459.1	AC139795.3	lncRNA	20	10	10	3.1394	0.9196	0.8855
ENSG00000272460.1	SNORD115-40	snoRNA	0	0	0	0.0000	0.0000	0.0000
ENSG00000272461.1	AP005328.1	lncRNA	0	0	0	0.0000	0.0000	0.0000
ENSG00000272462.3	U91328.1	lncRNA	184	121	82	3.5797	1.0485	1.0097
ENSG00000272463.1	AL357054.4	lncRNA	8	5	4	0.2414	0.0707	0.0681
ENSG00000272465.1	AL031768.1	lncRNA	4	2	2	0.4846	0.1419	0.1367
ENSG00000272468.1	AL021807.1	lncRNA	10	5	5	1.5030	0.4403	0.4239
ENSG00000272469.2	RN7SL760P	misc_RNA	0	0	0	0.0000	0.0000	0.0000
ENSG00000272472.1	AL512283.1	lncRNA	0	0	0	0.0000	0.0000	0.0000
ENSG00000272473.1	AC006273.1	lncRNA	0	0	0	0.0000	0.0000	0.0000
ENSG00000272474.1	SNORD113-5	snoRNA	0	0	0	0.0000	0.0000	0.0000
ENSG00000272476.1	AL024507.2	lncRNA	67	132	140	2.2104	0.6475	0.6235
ENSG00000272477.1	AC144521.1	lncRNA	0	0	0	0.0000	0.0000	0.0000
ENSG00000272478.1	AL020996.3	lncRNA	0	0	0	0.0000	0.0000	0.0000
ENSG00000272479.1	AC010857.1	lncRNA	0	0	0	0.0000	0.0000	0.0000
ENSG00000272480.1	OR13Z3P	unprocessed_pseudogene	0	0	0	0.0000	0.0000	0.0000
ENSG00000272482.1	AC254633.1	lncRNA	16	9	7	3.9383	1.1536	1.1108
ENSG00000272483.1	AC022001.3	lncRNA	0	0	0	0.0000	0.0000	0.0000
ENSG00000272485.1	AL392183.1	lncRNA	0	1	0	0.0000	0.0000	0.0000
ENSG00000272489.1	AL132656.3	lncRNA	0	0	0	0.0000	0.0000	0.0000
ENSG00000272491.1	AL109659.2	lncRNA	0	0	0	0.0000	0.0000	0.0000
ENSG00000272494.1	OR1X1P	unprocessed_pseudogene	0	0	0	0.0000	0.0000	0.0000
ENSG00000272498.1	AC090948.2	lncRNA	9	6	3	1.3551	0.3969	0.3822
ENSG00000272501.1	AL662844.4	lncRNA	31	22	9	0.9276	0.2717	0.2616
ENSG00000272502.1	AC104958.2	lncRNA	53	164	136	3.9446	1.1554	1.1126
ENSG00000272505.1	AC104964.3	lncRNA	3	1	2	0.0891	0.0261	0.0251
ENSG00000272506.1	AL357078.2	lncRNA	1	1	0	0.1374	0.0403	0.0388
ENSG00000272507.1	RNU6-88P	snRNA	4	1	3	3.3968	0.9950	0.9581
ENSG00000272508.1	AL136982.6	lncRNA	0	0	0	0.0000	0.0000	0.0000
ENSG00000272509.1	AC087752.4	lncRNA	0	5	4	0.0000	0.0000	0.0000
ENSG00000272510.1	AL121992.3	lncRNA	2	41	50	0.4909	0.1438	0.1385
ENSG00000272512.1	AL645608.7	lncRNA	10	3	8	0.4071	0.1192	0.1148
ENSG00000272514.6	CFAP206	protein_coding	2	1	1	0.0469	0.0137	0.0132
ENSG00000272515.1	AL355578.1	lncRNA	0	0	0	0.0000	0.0000	0.0000
ENSG00000272516.1	AL158211.4	lncRNA	6	4	6	0.8725	0.2556	0.2461
ENSG00000272518.1	AC036214.2	lncRNA	49	22	27	4.5377	1.3292	1.2799
ENSG00000272519.1	AC079610.2	lncRNA	0	0	0	0.0000	0.0000	0.0000
ENSG00000272523.1	LINC01023	lncRNA	44	25	19	8.5700	2.5103	2.4172
ENSG00000272525.1	AC099522.2	lncRNA	12	4	9	1.3697	0.4012	0.3863
ENSG00000272529.1	AC090948.3	lncRNA	4	2	2	0.6165	0.1806	0.1739
ENSG00000272533.1	SNORA28	snoRNA	0	0	0	0.0000	0.0000	0.0000
ENSG00000272536.2	RN7SL840P	misc_RNA	0	0	0	0.0000	0.0000	0.0000
ENSG00000272537.1	AC005014.3	lncRNA	2	0	2	0.8939	0.2618	0.2521
ENSG00000272540.1	AL662797.1	lncRNA	2	6252	6265	0.2197	0.0644	0.0620
ENSG00000272541.1	AL021368.3	lncRNA	1	0	1	0.1469	0.0430	0.0414
ENSG00000272542.1	AL137246.1	lncRNA	1	0	1	0.0869	0.0255	0.0245
ENSG00000272543.1	MIR4787	miRNA	0	0	0	0.0000	0.0000	0.0000
ENSG00000272545.1	AC023813.4	lncRNA	0	0	0	0.0000	0.0000	0.0000
ENSG00000272549.1	LINC02538	lncRNA	1	1	0	0.0186	0.0054	0.0052
ENSG00000272551.1	AC017048.3	lncRNA	3	0	3	0.3134	0.0918	0.0884
ENSG00000272554.1	AC012087.2	lncRNA	0	1	0	0.0000	0.0000	0.0000
ENSG00000272555.1	AC009974.1	lncRNA	5	3	2	0.9332	0.2733	0.2632
ENSG00000272556.2	GTF2IP13	transcribed_unprocessed_pseudogene	111	58	53	0.9122	0.2672	0.2573
ENSG00000272558.1	U91328.2	lncRNA	0	78	74	0.0000	0.0000	0.0000
ENSG00000272559.1	OR51F3P	unprocessed_pseudogene	0	0	0	0.0000	0.0000	0.0000
ENSG00000272562.2	AL512343.2	lncRNA	5	3	2	0.2754	0.0807	0.0777
ENSG00000272563.1	AC016745.2	lncRNA	0	0	0	0.0000	0.0000	0.0000
ENSG00000272564.1	AC012511.1	lncRNA	14	8	6	2.6479	0.7756	0.7468
ENSG00000272566.1	AF250324.1	lncRNA	0	0	0	0.0000	0.0000	0.0000
ENSG00000272567.1	AC109347.2	lncRNA	6	3	8	1.4600	0.4276	0.4118
ENSG00000272568.6	AC005162.2	lncRNA	53	38	15	0.9133	0.2675	0.2576
ENSG00000272569.1	OR5BL1P	unprocessed_pseudogene	0	0	0	0.0000	0.0000	0.0000
ENSG00000272572.1	AL138762.1	lncRNA	4	3	1	0.2075	0.0608	0.0585
ENSG00000272573.6	MUSTN1	protein_coding	1	0	1	0.1210	0.0354	0.0341
ENSG00000272574.1	AL596325.2	lncRNA	5	2	3	0.8408	0.2463	0.2372
ENSG00000272575.7	LINC02098	lncRNA	0	0	0	0.0000	0.0000	0.0000
ENSG00000272576.1	AC027271.1	lncRNA	8	6	2	1.1137	0.3262	0.3141
ENSG00000272578.5	AP000347.1	transcribed_unprocessed_pseudogene	17	9	9	0.2059	0.0603	0.0581
ENSG00000272582.1	AL031587.3	lncRNA	6	10	10	0.6259	0.1834	0.1766
ENSG00000272583.1	AL592494.2	lncRNA	2	2	0	0.3660	0.1072	0.1032
ENSG00000272588.1	AC139887.4	lncRNA	6	3	3	0.7087	0.2076	0.1999
ENSG00000272589.1	ZSWIM8-AS1	lncRNA	0	3	6	0.0000	0.0000	0.0000
ENSG00000272592.1	AL451049.1	lncRNA	0	0	0	0.0000	0.0000	0.0000
ENSG00000272595.2	OR10AH1P	transcribed_unprocessed_pseudogene	0	1	0	0.0000	0.0000	0.0000
ENSG00000272597.1	AC063944.2	lncRNA	0	0	0	0.0000	0.0000	0.0000
ENSG00000272599.2	AC016394.1	lncRNA	5	29	22	0.4423	0.1296	0.1248
ENSG00000272600.1	AC007308.1	lncRNA	0	317	272	0.0000	0.0000	0.0000
ENSG00000272601.1	AC010655.3	transcribed_unprocessed_pseudogene	0	0	0	0.0000	0.0000	0.0000
ENSG00000272602.6	ZNF595	protein_coding	131	61	70	2.8314	0.8294	0.7986
ENSG00000272604.1	AC073073.2	lncRNA	102	49	53	3.3599	0.9842	0.9477
ENSG00000272606.1	AC015982.2	lncRNA	0	9	10	0.0000	0.0000	0.0000
ENSG00000272609.1	AC016252.1	lncRNA	0	0	0	0.0000	0.0000	0.0000
ENSG00000272610.1	MAGI1-IT1	lncRNA	0	0	0	0.0000	0.0000	0.0000
ENSG00000272617.3	AC026464.6	protein_coding	0	0	0	0.0000	0.0000	0.0000
ENSG00000272619.1	AC093673.2	lncRNA	0	0	0	0.0000	0.0000	0.0000
ENSG00000272620.2	AFAP1-AS1	lncRNA	1	815	899	0.0070	0.0020	0.0020
ENSG00000272622.2	AC010735.2	lncRNA	0	0	0	0.0000	0.0000	0.0000
ENSG00000272625.1	AP000919.3	lncRNA	23	29	31	2.7127	0.7946	0.7651
ENSG00000272626.1	AC021146.12	lncRNA	1	1	0	0.1780	0.0521	0.0502
ENSG00000272627.1	AC016542.1	lncRNA	1	0	1	0.1723	0.0505	0.0486
ENSG00000272630.1	AL731563.3	lncRNA	11	6	5	0.3109	0.0911	0.0877
ENSG00000272631.1	AC067750.1	lncRNA	41	21	20	0.5320	0.1558	0.1500
ENSG00000272632.1	AC097504.2	lncRNA	0	0	0	0.0000	0.0000	0.0000
ENSG00000272634.2	OR51F5P	transcribed_unprocessed_pseudogene	0	0	0	0.0000	0.0000	0.0000
ENSG00000272636.4	DOC2B	protein_coding	292	136	156	3.8373	1.1240	1.0823
ENSG00000272638.1	AC006027.1	lncRNA	0	72	80	0.0000	0.0000	0.0000
ENSG00000272639.1	AC015712.5	lncRNA	0	0	0	0.0000	0.0000	0.0000
ENSG00000272642.2	AP003121.1	lncRNA	0	0	0	0.0000	0.0000	0.0000
ENSG00000272645.3	GTF2IP20	transcribed_unprocessed_pseudogene	86	40	46	1.7619	0.5161	0.4970
ENSG00000272646.1	AC079766.1	lncRNA	0	0	0	0.0000	0.0000	0.0000
ENSG00000272647.3	AC005020.2	protein_coding	0	0	0	0.0000	0.0000	0.0000
ENSG00000272650.1	AC110792.3	lncRNA	1	0	1	0.2850	0.0835	0.0804
ENSG00000272654.1	AL358472.2	lncRNA	16	26	17	0.9582	0.2807	0.2703
ENSG00000272655.2	POLR2J4	transcribed_unprocessed_pseudogene	60	33	27	3.5831	1.0496	1.0106
ENSG00000272656.1	AC024933.1	lncRNA	0	0	1	0.0000	0.0000	0.0000
ENSG00000272657.1	AP000317.2	lncRNA	0	0	0	0.0000	0.0000	0.0000
ENSG00000272660.1	AC090425.2	lncRNA	0	0	0	0.0000	0.0000	0.0000
ENSG00000272661.1	AC021097.1	lncRNA	0	175	130	0.0000	0.0000	0.0000
ENSG00000272662.1	AC073352.1	lncRNA	3	0	3	0.5055	0.1481	0.1426
ENSG00000272663.1	AC093635.1	lncRNA	14	7	7	2.1421	0.6275	0.6042
ENSG00000272664.1	OR51C4P	unprocessed_pseudogene	0	0	0	0.0000	0.0000	0.0000
ENSG00000272666.1	KLHDC7B-DT	lncRNA	0	9	15	0.0000	0.0000	0.0000
ENSG00000272667.1	AC012306.2	lncRNA	26	13	13	3.5047	1.0266	0.9885
ENSG00000272668.2	AL590560.3	lncRNA	33	20	14	0.3928	0.1151	0.1108
ENSG00000272669.1	AL021707.6	lncRNA	21	12	14	3.6320	1.0639	1.0244
ENSG00000272672.1	AL391497.1	lncRNA	0	0	0	0.0000	0.0000	0.0000
ENSG00000272674.3	PCDHB16	protein_coding	128	82	94	2.1735	0.6367	0.6131
ENSG00000272676.1	OR5AO1P	unprocessed_pseudogene	1	1	0	0.2831	0.0829	0.0798
ENSG00000272677.1	AC124016.1	lncRNA	4	3	4	0.3749	0.1098	0.1057
ENSG00000272678.1	AC112503.1	lncRNA	0	2	0	0.0000	0.0000	0.0000
ENSG00000272679.1	AL355987.2	lncRNA	0	0	0	0.0000	0.0000	0.0000
ENSG00000272681.2	FAM223B	lncRNA	0	0	0	0.0000	0.0000	0.0000
ENSG00000272682.1	AC004471.2	lncRNA	0	7	0	0.0000	0.0000	0.0000
ENSG00000272685.1	OR9I3P	unprocessed_pseudogene	0	0	0	0.0000	0.0000	0.0000
ENSG00000272686.1	WASL-DT	lncRNA	299	162	143	12.0968	3.5433	3.4120
ENSG00000272688.1	AP005329.3	lncRNA	0	10	6	0.0000	0.0000	0.0000
ENSG00000272689.1	AC004832.4	lncRNA	1	0	1	0.2566	0.0751	0.0724
ENSG00000272690.6	LINC02018	lncRNA	10	4	7	0.1235	0.0362	0.0348
ENSG00000272691.1	AC092807.2	lncRNA	1	0	1	0.3495	0.1024	0.0986
ENSG00000272692.2	AC010997.4	lncRNA	18	9	11	0.8024	0.2350	0.2263
ENSG00000272693.4	AC073107.1	transcribed_unprocessed_pseudogene	28	22	16	1.2119	0.3550	0.3418
ENSG00000272694.1	Z94160.2	lncRNA	0	0	0	0.0000	0.0000	0.0000
ENSG00000272695.2	GAS6-DT	lncRNA	11	2	9	0.4650	0.1362	0.1311
ENSG00000272696.1	AL359091.3	lncRNA	2	1	1	0.2964	0.0868	0.0836
ENSG00000272699.1	AC007620.3	lncRNA	0	2	0	0.0000	0.0000	0.0000
ENSG00000272701.3	MESTIT1	lncRNA	0	13	14	0.0000	0.0000	0.0000
ENSG00000272702.1	AC010913.1	lncRNA	7	5	2	0.2057	0.0602	0.0580
ENSG00000272703.1	AP005137.2	lncRNA	0	0	0	0.0000	0.0000	0.0000
ENSG00000272707.1	AC046143.2	lncRNA	6	3	3	3.1845	0.9328	0.8982
ENSG00000272710.2	AC133041.1	transcribed_unprocessed_pseudogene	24	11	13	5.0825	1.4887	1.4336
ENSG00000272711.1	AC019069.1	lncRNA	125	59	66	7.9633	2.3326	2.2461
ENSG00000272714.1	AL139098.2	transcribed_unprocessed_pseudogene	0	0	0	0.0000	0.0000	0.0000
ENSG00000272715.1	AL157904.1	lncRNA	0	0	0	0.0000	0.0000	0.0000
ENSG00000272716.1	AL121658.1	lncRNA	6	2	4	0.7156	0.2096	0.2018
ENSG00000272717.1	AC112236.2	lncRNA	2	0	2	0.2010	0.0589	0.0567
ENSG00000272719.1	AC006483.2	lncRNA	0	0	0	0.0000	0.0000	0.0000
ENSG00000272720.1	AL022322.1	lncRNA	11	5	6	0.6519	0.1909	0.1839
ENSG00000272721.5	AC131235.2	lncRNA	4	9	7	0.8800	0.2578	0.2482
ENSG00000272727.2	LINC02266	lncRNA	0	0	0	0.0000	0.0000	0.0000
ENSG00000272729.1	AC009336.1	lncRNA	0	0	0	0.0000	0.0000	0.0000
ENSG00000272732.1	AC004982.1	lncRNA	1	1	0	0.0513	0.0150	0.0145
ENSG00000272733.1	AP000345.2	lncRNA	0	0	0	0.0000	0.0000	0.0000
ENSG00000272734.1	ADIRF-AS1	lncRNA	33	19	26	0.4875	0.1428	0.1375
ENSG00000272735.1	AC007881.3	lncRNA	1	1	0	0.1399	0.0410	0.0395
ENSG00000272736.5	AC005323.2	lncRNA	0	0	0	0.0000	0.0000	0.0000
ENSG00000272741.1	AC069257.3	protein_coding	0	0	0	0.0000	0.0000	0.0000
ENSG00000272742.1	AC135457.1	lncRNA	0	1020	986	0.0000	0.0000	0.0000
ENSG00000272744.1	AC107214.2	lncRNA	11	2	9	1.4734	0.4316	0.4156
ENSG00000272745.1	AC004948.1	lncRNA	1	1	0	0.1264	0.0370	0.0356
ENSG00000272748.1	AC063962.1	lncRNA	0	0	0	0.0000	0.0000	0.0000
ENSG00000272750.1	AL592148.3	lncRNA	25	353	363	0.8023	0.2350	0.2263
ENSG00000272752.6	STAG3L5P-PVRIG2P-PILRB	lncRNA	2	2	0	0.0445	0.0130	0.0126
ENSG00000272754.1	AL133245.1	lncRNA	2	2	0	0.1244	0.0364	0.0351
ENSG00000272755.1	AC245297.2	lncRNA	0	0	0	0.0000	0.0000	0.0000
ENSG00000272758.6	AC083798.2	lncRNA	20	2515	2520	0.5869	0.1719	0.1655
ENSG00000272760.1	AC093726.1	lncRNA	0	0	0	0.0000	0.0000	0.0000
ENSG00000272762.5	AC115284.1	lncRNA	0	0	0	0.0000	0.0000	0.0000
ENSG00000272763.1	AC103702.2	lncRNA	5	1	4	0.2660	0.0779	0.0750
ENSG00000272764.1	AL596094.1	lncRNA	4	7	6	1.2307	0.3605	0.3471
ENSG00000272767.1	JMJD1C-AS1	lncRNA	10	10	18	0.6361	0.1863	0.1794
ENSG00000272768.1	AC004854.2	lncRNA	9	13	14	0.5304	0.1554	0.1496
ENSG00000272769.1	AC097532.2	lncRNA	2	0	2	0.1010	0.0296	0.0285
ENSG00000272770.1	AC005696.2	lncRNA	0	816	805	0.0000	0.0000	0.0000
ENSG00000272772.1	AC104109.3	protein_coding	0	0	0	0.0000	0.0000	0.0000
ENSG00000272774.1	AC112219.2	lncRNA	0	0	0	0.0000	0.0000	0.0000
ENSG00000272777.1	AC019131.2	lncRNA	17	7	10	1.6594	0.4861	0.4680
ENSG00000272779.1	AC245060.4	transcribed_unprocessed_pseudogene	10	4	6	0.7575	0.2219	0.2137
ENSG00000272783.1	AC147067.2	lncRNA	4	2	2	1.1754	0.3443	0.3315
ENSG00000272784.1	AC019193.2	lncRNA	1	1	0	0.1339	0.0392	0.0378
ENSG00000272787.1	AC253536.6	lncRNA	9	4	5	1.1528	0.3377	0.3251
ENSG00000272788.1	AP000864.1	lncRNA	0	0	0	0.0000	0.0000	0.0000
ENSG00000272789.1	AC010976.2	lncRNA	7	3	4	0.6977	0.2044	0.1968
ENSG00000272791.1	AC073389.3	lncRNA	14	7	7	1.2715	0.3725	0.3586
ENSG00000272795.1	AC126283.1	lncRNA	0	0	0	0.0000	0.0000	0.0000
ENSG00000272797.1	AC092954.1	lncRNA	0	0	0	0.0000	0.0000	0.0000
ENSG00000272798.1	AL008721.1	lncRNA	0	0	0	0.0000	0.0000	0.0000
ENSG00000272799.1	AC006238.1	lncRNA	0	0	0	0.0000	0.0000	0.0000
ENSG00000272800.3	AC021851.1	lncRNA	17	6	11	0.7667	0.2246	0.2162
ENSG00000272801.1	AC004080.5	lncRNA	0	0	0	0.0000	0.0000	0.0000
ENSG00000272804.3	KRTAP10-7	protein_coding	0	0	0	0.0000	0.0000	0.0000
ENSG00000272807.1	AC007038.1	lncRNA	16	23	23	1.8361	0.5378	0.5179
ENSG00000272808.4	AC015712.6	lncRNA	52	27	25	0.5409	0.1584	0.1526
ENSG00000272810.1	U91328.3	lncRNA	1	0	1	0.1643	0.0481	0.0463
ENSG00000272812.1	AC004908.2	lncRNA	7	3	4	1.0356	0.3033	0.2921
ENSG00000272814.1	AC093732.2	lncRNA	0	15	15	0.0000	0.0000	0.0000
ENSG00000272815.1	AC098850.4	lncRNA	0	0	0	0.0000	0.0000	0.0000
ENSG00000272817.1	AL359198.1	lncRNA	2	14	20	0.2974	0.0871	0.0839
ENSG00000272821.1	U62317.1	lncRNA	0	0	0	0.0000	0.0000	0.0000
ENSG00000272822.2	AC073610.2	protein_coding	0	0	0	0.0000	0.0000	0.0000
ENSG00000272823.1	AL445423.1	lncRNA	1	0	1	0.1584	0.0464	0.0447
ENSG00000272824.1	AC245100.6	lncRNA	2	1	1	0.3843	0.1126	0.1084
ENSG00000272825.1	AL844908.1	lncRNA	4	2	3	0.5210	0.1526	0.1469
ENSG00000272829.1	AC002470.1	lncRNA	12	6	6	2.5799	0.7557	0.7277
ENSG00000272831.1	AC027644.3	lncRNA	1	143	150	0.1525	0.0447	0.0430
ENSG00000272832.1	AC022296.4	lncRNA	0	0	0	0.0000	0.0000	0.0000
ENSG00000272834.1	AL022238.2	lncRNA	8	4	4	1.5336	0.4492	0.4325
ENSG00000272836.1	AL022328.1	lncRNA	11	9	3	1.9542	0.5724	0.5512
ENSG00000272837.1	OR10AE3P	unprocessed_pseudogene	1	2	0	0.1811	0.0530	0.0511
ENSG00000272839.1	AC011899.2	lncRNA	6	3	3	0.8258	0.2419	0.2329
ENSG00000272840.1	AC092902.2	lncRNA	0	0	0	0.0000	0.0000	0.0000
ENSG00000272841.1	MAP3K4-AS1	lncRNA	72	44	32	3.0194	0.8844	0.8516
ENSG00000272842.1	AL391834.1	lncRNA	6	37	28	0.9099	0.2665	0.2566
ENSG00000272843.1	AC211476.2	lncRNA	1	0	1	0.1199	0.0351	0.0338
ENSG00000272844.1	AC074044.1	lncRNA	0	39	54	0.0000	0.0000	0.0000
ENSG00000272848.2	AL135910.1	lncRNA	0	0	0	0.0000	0.0000	0.0000
ENSG00000272849.1	AC084018.1	lncRNA	16	9	7	2.3754	0.6958	0.6700
ENSG00000272851.1	AC096772.1	lncRNA	0	152	150	0.0000	0.0000	0.0000
ENSG00000272853.1	AC069544.1	lncRNA	17	13	16	1.4451	0.4233	0.4076
ENSG00000272854.1	AC004839.2	lncRNA	7	1	6	1.1865	0.3475	0.3347
ENSG00000272855.1	AC104458.1	lncRNA	0	0	0	0.0000	0.0000	0.0000
ENSG00000272856.1	AC112250.2	lncRNA	0	0	0	0.0000	0.0000	0.0000
ENSG00000272858.1	Z93930.3	lncRNA	13	6	7	1.4739	0.4317	0.4157
ENSG00000272861.1	AC012360.2	lncRNA	3	3	0	0.6516	0.1909	0.1838
ENSG00000272862.1	AC106052.1	lncRNA	1	1	0	0.1709	0.0500	0.0482
ENSG00000272864.1	AC135803.1	lncRNA	6	2	4	0.9018	0.2642	0.2544
ENSG00000272865.2	AL591686.2	lncRNA	0	0	0	0.0000	0.0000	0.0000
ENSG00000272866.1	AL135786.2	lncRNA	0	0	0	0.0000	0.0000	0.0000
ENSG00000272870.3	SAP30-DT	lncRNA	81	42	43	0.7587	0.2222	0.2140
ENSG00000272871.1	AL159169.2	lncRNA	9	2	7	0.6023	0.1764	0.1699
ENSG00000272872.1	AP000525.1	lncRNA	9	3	6	1.1013	0.3226	0.3106
ENSG00000272874.1	AL034548.1	lncRNA	0	0	0	0.0000	0.0000	0.0000
ENSG00000272880.1	AL161734.1	lncRNA	0	0	0	0.0000	0.0000	0.0000
ENSG00000272882.1	OR2BH1P	unprocessed_pseudogene	0	0	0	0.0000	0.0000	0.0000
ENSG00000272884.1	AC113189.4	lncRNA	0	1	0	0.0000	0.0000	0.0000
ENSG00000272885.1	AC092574.1	lncRNA	6	1	5	1.2131	0.3554	0.3422
ENSG00000272886.6	DCP1A	protein_coding	635	325	310	8.8372	2.5885	2.4926
ENSG00000272887.1	CSPG4P5	transcribed_unprocessed_pseudogene	0	0	0	0.0000	0.0000	0.0000
ENSG00000272888.7	CHASERR	lncRNA	227	115	112	3.2935	0.9647	0.9290
ENSG00000272892.1	AL133551.1	lncRNA	1	0	1	0.0695	0.0204	0.0196
ENSG00000272894.5	AC004982.2	lncRNA	7	4	3	0.3436	0.1006	0.0969
ENSG00000272895.1	AC009303.3	lncRNA	0	0	0	0.0000	0.0000	0.0000
ENSG00000272896.1	AL355987.3	protein_coding	0	0	0	0.0000	0.0000	0.0000
ENSG00000272897.5	AL109827.1	protein_coding	0	0	0	0.0000	0.0000	0.0000
ENSG00000272899.4	ATP6V1FNB	protein_coding	39	128	142	0.8529	0.2498	0.2406
ENSG00000272900.1	OR10Q2P	unprocessed_pseudogene	0	0	0	0.0000	0.0000	0.0000
ENSG00000272902.2	TBC1D8-AS1	lncRNA	51	29	22	1.7478	0.5119	0.4930
ENSG00000272904.1	AL390726.2	lncRNA	0	0	0	0.0000	0.0000	0.0000
ENSG00000272905.1	AC018648.1	lncRNA	4	4	0	0.5085	0.1489	0.1434
ENSG00000272906.1	AL353708.3	lncRNA	2	84	115	0.1717	0.0503	0.0484
ENSG00000272908.1	AC006033.2	lncRNA	16	11	5	0.6904	0.2022	0.1947
ENSG00000272909.1	AL122035.2	lncRNA	2	658	642	0.0908	0.0266	0.0256
ENSG00000272910.1	AC090425.3	lncRNA	9	253	271	1.5255	0.4468	0.4303
ENSG00000272911.1	AC005696.3	lncRNA	1	0	1	0.2803	0.0821	0.0791
ENSG00000272912.1	AL356608.1	lncRNA	0	0	0	0.0000	0.0000	0.0000
ENSG00000272913.1	AC009237.14	lncRNA	124	172	192	6.6061	1.9350	1.8633
ENSG00000272914.1	AL359532.1	lncRNA	7	5	2	0.3811	0.1116	0.1075
ENSG00000272915.1	AC018635.2	lncRNA	1	0	1	0.2333	0.0683	0.0658
ENSG00000272916.5	AC022400.5	protein_coding	0	258	243	0.0000	0.0000	0.0000
ENSG00000272917.1	AC010186.4	lncRNA	0	0	0	0.0000	0.0000	0.0000
ENSG00000272918.1	AC005070.3	lncRNA	14	53	53	0.4493	0.1316	0.1267
ENSG00000272920.1	hsa-mir-1253	lncRNA	0	0	0	0.0000	0.0000	0.0000
ENSG00000272921.1	AC005832.4	protein_coding	0	0	0	0.0000	0.0000	0.0000
ENSG00000272922.1	AC107294.1	lncRNA	0	0	0	0.0000	0.0000	0.0000
ENSG00000272927.1	AC107464.2	lncRNA	4	4	0	0.4609	0.1350	0.1300
ENSG00000272931.1	AC099568.2	lncRNA	3	1	2	0.3666	0.1074	0.1034
ENSG00000272933.1	AL391121.1	lncRNA	27	15	12	1.6997	0.4979	0.4794
ENSG00000272934.1	AL390726.3	lncRNA	0	0	0	0.0000	0.0000	0.0000
ENSG00000272936.1	AC096586.1	lncRNA	0	30	15	0.0000	0.0000	0.0000
ENSG00000272937.2	OR6U2P	transcribed_unprocessed_pseudogene	0	0	0	0.0000	0.0000	0.0000
ENSG00000272940.1	U62317.2	lncRNA	0	0	0	0.0000	0.0000	0.0000
ENSG00000272941.1	AC083862.1	lncRNA	15	241	192	1.1125	0.3259	0.3138
ENSG00000272942.1	AL022324.3	lncRNA	0	0	0	0.0000	0.0000	0.0000
ENSG00000272944.1	AC079834.1	lncRNA	12	13	12	0.5229	0.1532	0.1475
ENSG00000272945.1	AL356299.2	lncRNA	1	1	0	0.1449	0.0424	0.0409
ENSG00000272948.2	AP001412.1	lncRNA	1	6	4	0.1189	0.0348	0.0335
ENSG00000272950.1	AC093799.1	lncRNA	6	3	3	0.8815	0.2582	0.2486
ENSG00000272953.1	AC092171.4	lncRNA	4	1	4	0.5375	0.1574	0.1516
ENSG00000272954.1	AP000553.2	lncRNA	2	2	0	0.3950	0.1157	0.1114
ENSG00000272958.1	AP000322.1	lncRNA	0	0	0	0.0000	0.0000	0.0000
ENSG00000272963.1	OR7A19P	unprocessed_pseudogene	0	0	0	0.0000	0.0000	0.0000
ENSG00000272966.1	AC064836.1	lncRNA	0	0	0	0.0000	0.0000	0.0000
ENSG00000272967.1	AC073352.2	lncRNA	0	7	8	0.0000	0.0000	0.0000
ENSG00000272968.5	RBAK-RBAKDN	protein_coding	0	0	0	0.0000	0.0000	0.0000
ENSG00000272969.1	AC024243.1	lncRNA	2	1	1	0.2183	0.0639	0.0616
ENSG00000272970.3	AC107294.2	lncRNA	17	7	10	0.3908	0.1145	0.1102
ENSG00000272971.1	AL365181.4	lncRNA	1	1	0	0.1552	0.0455	0.0438
ENSG00000272973.1	AP000350.5	lncRNA	3	4	8	0.4156	0.1217	0.1172
ENSG00000272975.1	MYHAS	lncRNA	1	0	1	0.0373	0.0109	0.0105
ENSG00000272977.1	AL008721.2	lncRNA	52	22	30	1.1763	0.3446	0.3318
ENSG00000272979.1	AC093388.1	lncRNA	18	9	9	3.5548	1.0413	1.0027
ENSG00000272980.4	Z94721.2	lncRNA	0	0	0	0.0000	0.0000	0.0000
ENSG00000272982.1	AL355816.1	lncRNA	0	4	2	0.0000	0.0000	0.0000
ENSG00000272983.1	AL117339.3	lncRNA	5	3	2	0.0601	0.0176	0.0170
ENSG00000272984.1	AC007349.4	lncRNA	0	0	0	0.0000	0.0000	0.0000
ENSG00000272986.1	AC009570.1	lncRNA	2	5	5	0.2280	0.0668	0.0643
ENSG00000272987.1	OR5AL1	polymorphic_pseudogene	0	0	0	0.0000	0.0000	0.0000
ENSG00000272988.1	AC022392.1	lncRNA	0	0	0	0.0000	0.0000	0.0000
ENSG00000272989.1	LINC02012	lncRNA	7	4	3	0.3446	0.1009	0.0972
ENSG00000272990.1	AC084036.1	lncRNA	9	129	123	1.5045	0.4407	0.4244
ENSG00000272991.1	AF129408.1	lncRNA	0	10	16	0.0000	0.0000	0.0000
ENSG00000272994.1	AC012360.3	lncRNA	62	29	33	1.5265	0.4472	0.4306
ENSG00000272995.1	AC097505.1	lncRNA	0	0	0	0.0000	0.0000	0.0000
ENSG00000273001.1	AL731533.2	lncRNA	5	3	2	0.7346	0.2152	0.2072
ENSG00000273002.1	AL355388.1	lncRNA	13	5	8	0.5118	0.1499	0.1444
ENSG00000273003.1	ARL2-SNX15	protein_coding	0	0	0	0.0000	0.0000	0.0000
ENSG00000273004.1	AL078644.1	lncRNA	6	3	3	0.6776	0.1985	0.1911
ENSG00000273006.1	AC009229.3	lncRNA	0	0	0	0.0000	0.0000	0.0000
ENSG00000273007.2	AC021205.3	lncRNA	21	11	10	0.6259	0.1834	0.1766
ENSG00000273008.1	AC010864.1	lncRNA	7	5	2	0.3934	0.1152	0.1110
ENSG00000273010.1	AL360270.3	lncRNA	7	60	39	0.4410	0.1292	0.1244
ENSG00000273011.1	AC092681.3	lncRNA	0	0	1	0.0000	0.0000	0.0000
ENSG00000273012.1	AL353600.1	lncRNA	0	0	0	0.0000	0.0000	0.0000
ENSG00000273013.1	AC117490.2	lncRNA	0	12	20	0.0000	0.0000	0.0000
ENSG00000273014.1	AC018645.3	lncRNA	84	46	50	15.1130	4.4268	4.2627
ENSG00000273015.2	AC008124.1	lncRNA	429	212	218	3.7442	1.0967	1.0561
ENSG00000273017.1	AP000240.1	lncRNA	18	14	4	3.3818	0.9906	0.9539
ENSG00000273018.7	FAM106A	lncRNA	59	34	28	0.4905	0.1437	0.1383
ENSG00000273024.6	INTS4P2	transcribed_unprocessed_pseudogene	10	7	5	0.4206	0.1232	0.1186
ENSG00000273025.1	AC009690.3	protein_coding	0	0	0	0.0000	0.0000	0.0000
ENSG00000273026.1	AL358472.3	lncRNA	10	2	8	2.0463	0.5994	0.5772
ENSG00000273027.1	AL844908.2	lncRNA	7	6	4	1.2923	0.3785	0.3645
ENSG00000273032.3	DGCR5	lncRNA	3	3	0	0.0197	0.0058	0.0055
ENSG00000273033.2	LINC02035	lncRNA	169	88	81	2.6208	0.7677	0.7392
ENSG00000273035.1	AC007684.2	lncRNA	2	1	1	0.3561	0.1043	0.1004
ENSG00000273036.3	AL390726.4	transcribed_processed_pseudogene	0	0	0	0.0000	0.0000	0.0000
ENSG00000273041.1	ATF4P2	processed_pseudogene	1	0	1	0.0791	0.0232	0.0223
ENSG00000273044.1	AL022334.2	lncRNA	0	1	0	0.0000	0.0000	0.0000
ENSG00000273045.7	C2orf15	protein_coding	6	3	3	0.2476	0.0725	0.0698
ENSG00000273046.1	AC012531.2	lncRNA	0	0	0	0.0000	0.0000	0.0000
ENSG00000273047.1	AL121845.2	protein_coding	0	0	0	0.0000	0.0000	0.0000
ENSG00000273049.1	AC012531.3	protein_coding	0	0	0	0.0000	0.0000	0.0000
ENSG00000273051.1	OR51F4P	unprocessed_pseudogene	0	0	0	0.0000	0.0000	0.0000
ENSG00000273055.1	AC005046.1	lncRNA	7	9	16	0.9511	0.2786	0.2683
ENSG00000273056.1	AL354694.1	lncRNA	1	1	0	0.1454	0.0426	0.0410
ENSG00000273058.2	AL359921.2	lncRNA	21	7	14	3.2842	0.9620	0.9263
ENSG00000273059.1	AC239803.1	lncRNA	0	0	0	0.0000	0.0000	0.0000
ENSG00000273061.1	CDC37L1-DT	lncRNA	13	4	9	1.8009	0.5275	0.5080
ENSG00000273062.1	AL449106.1	lncRNA	0	9	5	0.0000	0.0000	0.0000
ENSG00000273063.1	AC007250.1	lncRNA	2	5	4	0.5025	0.1472	0.1417
ENSG00000273064.1	AC017083.1	lncRNA	1	2	3	0.0867	0.0254	0.0245
ENSG00000273066.5	AL355987.4	lncRNA	4	3	1	0.0784	0.0230	0.0221
ENSG00000273068.1	Z99755.2	lncRNA	0	0	0	0.0000	0.0000	0.0000
ENSG00000273069.1	AC211433.2	lncRNA	1	1	0	0.2194	0.0643	0.0619
ENSG00000273073.1	AC073869.1	lncRNA	17	11	15	2.4890	0.7291	0.7021
ENSG00000273076.1	AL021707.7	lncRNA	0	0	0	0.0000	0.0000	0.0000
ENSG00000273077.1	AC110609.1	lncRNA	0	0	0	0.0000	0.0000	0.0000
ENSG00000273079.6	GRIN2B	protein_coding	1	1	0	0.0027	0.0008	0.0008
ENSG00000273080.1	AC009309.1	lncRNA	15	5	10	2.7691	0.8111	0.7811
ENSG00000273082.1	Z73429.1	lncRNA	0	7	8	0.0000	0.0000	0.0000
ENSG00000273084.1	AC092171.5	lncRNA	3	0	4	0.2704	0.0792	0.0763
ENSG00000273085.3	OR52E1	polymorphic_pseudogene	0	0	0	0.0000	0.0000	0.0000
ENSG00000273088.2	AL713999.2	protein_coding	0	0	0	0.0000	0.0000	0.0000
ENSG00000273090.1	AC007378.1	lncRNA	0	49	68	0.0000	0.0000	0.0000
ENSG00000273091.1	AP000255.1	lncRNA	5	2	3	0.6281	0.1840	0.1772
ENSG00000273093.1	AC097065.2	lncRNA	0	0	0	0.0000	0.0000	0.0000
ENSG00000273096.1	AL021707.8	lncRNA	7	4	3	3.2483	0.9515	0.9162
ENSG00000273098.3	AC005303.1	lncRNA	0	0	0	0.0000	0.0000	0.0000
ENSG00000273100.1	AL596442.2	lncRNA	2	1	1	0.1733	0.0508	0.0489
ENSG00000273102.1	AP000569.1	lncRNA	6	10	11	0.8621	0.2525	0.2432
ENSG00000273104.1	AP000322.2	lncRNA	0	0	0	0.0000	0.0000	0.0000
ENSG00000273106.1	AC019129.2	lncRNA	0	1	0	0.0000	0.0000	0.0000
ENSG00000273107.1	AL512598.1	lncRNA	1	0	1	0.3111	0.0911	0.0877
ENSG00000273108.1	AL121929.2	lncRNA	0	0	0	0.0000	0.0000	0.0000
ENSG00000273110.1	AL162591.2	lncRNA	0	19	16	0.0000	0.0000	0.0000
ENSG00000273111.6	LYPD4	protein_coding	0	0	0	0.0000	0.0000	0.0000
ENSG00000273112.1	AL590385.2	lncRNA	0	0	0	0.0000	0.0000	0.0000
ENSG00000273113.1	AC133528.1	lncRNA	1	1	0	0.1055	0.0309	0.0298
ENSG00000273115.1	AP001596.2	lncRNA	0	0	0	0.0000	0.0000	0.0000
ENSG00000273117.1	AC144652.1	lncRNA	56	25	31	2.9283	0.8577	0.8259
ENSG00000273118.1	AC093865.1	lncRNA	0	0	0	0.0000	0.0000	0.0000
ENSG00000273119.1	AP005229.2	lncRNA	0	0	0	0.0000	0.0000	0.0000
ENSG00000273123.1	AC020634.2	lncRNA	0	0	0	0.0000	0.0000	0.0000
ENSG00000273124.1	AL365434.2	lncRNA	54	31	23	19.5970	5.7403	5.5275
ENSG00000273125.2	LINC01990	lncRNA	1	1	0	0.0455	0.0133	0.0128
ENSG00000273129.1	PACERR	lncRNA	3	3	0	0.3088	0.0905	0.0871
ENSG00000273132.1	AL355312.3	lncRNA	2	46	44	0.5444	0.1595	0.1535
ENSG00000273133.1	AC116651.1	lncRNA	8	4	4	1.2219	0.3579	0.3446
ENSG00000273136.7	NBPF26	protein_coding	55	30	25	0.6887	0.2017	0.1942
ENSG00000273137.1	AL022328.2	lncRNA	8	90	82	1.0615	0.3109	0.2994
ENSG00000273138.1	AC005021.1	lncRNA	0	226	250	0.0000	0.0000	0.0000
ENSG00000273139.1	AC007663.3	lncRNA	5	4	1	0.9131	0.2675	0.2576
ENSG00000273141.1	AP001269.4	lncRNA	2	0	2	0.3317	0.0972	0.0936
ENSG00000273142.1	LINC02604	lncRNA	147	72	75	3.6278	1.0626	1.0232
ENSG00000273143.2	AL355512.1	lncRNA	9	5	4	0.2228	0.0653	0.0628
ENSG00000273145.1	BX537318.1	lncRNA	186	89	97	13.0863	3.8332	3.6911
ENSG00000273148.1	LINC00653	lncRNA	14	7	7	0.7725	0.2263	0.2179
ENSG00000273149.1	AL138963.3	lncRNA	0	16461	16342	0.0000	0.0000	0.0000
ENSG00000273151.1	AC073957.3	lncRNA	30	115	114	0.3770	0.1104	0.1063
ENSG00000273153.1	AC067747.1	lncRNA	0	0	0	0.0000	0.0000	0.0000
ENSG00000273154.3	AL121845.3	protein_coding	0	0	0	0.0000	0.0000	0.0000
ENSG00000273155.1	AC092587.1	protein_coding	0	0	0	0.0000	0.0000	0.0000
ENSG00000273156.2	AC124016.2	lncRNA	9	4	5	0.4025	0.1179	0.1135
ENSG00000273160.1	AL359962.2	lncRNA	7	1	6	1.9619	0.5747	0.5534
ENSG00000273162.1	AL133215.2	lncRNA	2	1	1	0.1738	0.0509	0.0490
ENSG00000273165.1	AL121652.1	lncRNA	0	0	0	0.0000	0.0000	0.0000
ENSG00000273167.1	AL359736.1	protein_coding	0	0	0	0.0000	0.0000	0.0000
ENSG00000273171.1	AC002094.3	protein_coding	0	0	0	0.0000	0.0000	0.0000
ENSG00000273172.1	LINC02091	lncRNA	2	2	0	0.1433	0.0420	0.0404
ENSG00000273173.5	SNURF	protein_coding	12	8	4	0.8673	0.2540	0.2446
ENSG00000273174.1	AC108673.2	lncRNA	15	4	11	2.2545	0.6604	0.6359
ENSG00000273175.1	BX323046.1	lncRNA	0	0	0	0.0000	0.0000	0.0000
ENSG00000273176.1	AL008635.1	lncRNA	1	1	0	0.2206	0.0646	0.0622
ENSG00000273177.1	AC092954.2	lncRNA	0	0	0	0.0000	0.0000	0.0000
ENSG00000273179.1	AC092535.5	lncRNA	16	10	8	3.4225	1.0025	0.9653
ENSG00000273180.1	AC019193.3	lncRNA	2	2	0	0.3066	0.0898	0.0865
ENSG00000273181.1	AC131235.3	lncRNA	1	0	1	0.1370	0.0401	0.0386
ENSG00000273183.1	AC093726.2	lncRNA	11	5	6	1.3757	0.4030	0.3880
ENSG00000273184.1	AC010655.4	lncRNA	0	0	0	0.0000	0.0000	0.0000
ENSG00000273186.1	AL359091.4	lncRNA	9	3	6	1.8687	0.5474	0.5271
ENSG00000273188.1	AL022328.3	lncRNA	11	6	5	1.3757	0.4030	0.3880
ENSG00000273189.1	AC010619.2	lncRNA	1	1	0	0.0598	0.0175	0.0169
ENSG00000273192.1	AL671710.1	lncRNA	0	852	926	0.0000	0.0000	0.0000
ENSG00000273196.1	AC062037.2	lncRNA	3	14	18	3.4899	1.0222	0.9843
ENSG00000273198.1	AL096803.3	lncRNA	0	0	0	0.0000	0.0000	0.0000
ENSG00000273199.1	AP000692.2	lncRNA	6	22	31	0.5797	0.1698	0.1635
ENSG00000273203.1	AC006946.2	lncRNA	58	32	26	1.7252	0.5053	0.4866
ENSG00000273204.1	AC104506.1	lncRNA	1	5	3	0.1979	0.0580	0.0558
ENSG00000273209.1	AC069148.1	lncRNA	1	1	0	0.1106	0.0324	0.0312
ENSG00000273210.1	AP001437.1	lncRNA	0	2	0	0.0000	0.0000	0.0000
ENSG00000273211.1	AC137630.4	lncRNA	0	0	3	0.0000	0.0000	0.0000
ENSG00000273212.1	AC000068.2	lncRNA	1	699	732	0.1846	0.0541	0.0521
ENSG00000273213.3	H3-2	protein_coding	4	2	3	0.0858	0.0251	0.0242
ENSG00000273214.1	AL031587.4	lncRNA	12	7	5	1.4747	0.4320	0.4160
ENSG00000273216.1	AC002059.1	lncRNA	3	2	1	0.5341	0.1564	0.1506
ENSG00000273217.1	AC008695.1	protein_coding	0	0	0	0.0000	0.0000	0.0000
ENSG00000273218.1	AC005776.2	lncRNA	13	6	7	0.6241	0.1828	0.1760
ENSG00000273219.1	AC091736.1	lncRNA	0	1	0	0.0000	0.0000	0.0000
ENSG00000273221.1	AL355816.2	lncRNA	0	124	137	0.0000	0.0000	0.0000
ENSG00000273225.4	FAM25BP	transcribed_unprocessed_pseudogene	0	0	0	0.0000	0.0000	0.0000
ENSG00000273226.1	AL391834.2	lncRNA	24	20	15	3.7328	1.0934	1.0528
ENSG00000273228.1	OR5BQ1P	unprocessed_pseudogene	0	0	0	0.0000	0.0000	0.0000
ENSG00000273230.1	AC102953.2	lncRNA	28	16	12	0.7858	0.2302	0.2216
ENSG00000273232.1	AC090912.3	lncRNA	0	0	0	0.0000	0.0000	0.0000
ENSG00000273233.1	AC097724.1	lncRNA	0	0	0	0.0000	0.0000	0.0000
ENSG00000273234.1	OR2A13P	unprocessed_pseudogene	0	0	0	0.0000	0.0000	0.0000
ENSG00000273238.3	TMEM271	protein_coding	0	0	0	0.0000	0.0000	0.0000
ENSG00000273240.1	AC013468.1	lncRNA	2	0	2	0.2840	0.0832	0.0801
ENSG00000273243.1	Z82243.1	lncRNA	15	5	10	2.6930	0.7888	0.7596
ENSG00000273244.1	AC005301.1	lncRNA	0	0	0	0.0000	0.0000	0.0000
ENSG00000273245.1	AC092653.1	lncRNA	0	0	0	0.0000	0.0000	0.0000
ENSG00000273247.5	AC097376.3	lncRNA	64	29	52	0.6833	0.2001	0.1927
ENSG00000273248.1	AC010997.5	lncRNA	0	2	0	0.0000	0.0000	0.0000
ENSG00000273249.1	BX649632.1	lncRNA	1	2	0	0.0872	0.0255	0.0246
ENSG00000273252.1	OR7E39P	unprocessed_pseudogene	0	0	0	0.0000	0.0000	0.0000
ENSG00000273253.2	AL022328.4	lncRNA	52	355	325	4.4115	1.2922	1.2443
ENSG00000273254.1	AF129075.2	lncRNA	0	68	54	0.0000	0.0000	0.0000
ENSG00000273255.1	OR5BP1P	unprocessed_pseudogene	0	0	0	0.0000	0.0000	0.0000
ENSG00000273257.1	AC069200.1	lncRNA	0	0	0	0.0000	0.0000	0.0000
ENSG00000273258.1	AC016737.2	lncRNA	0	0	0	0.0000	0.0000	0.0000
ENSG00000273259.3	AL049839.2	protein_coding	6	2	4	0.1661	0.0487	0.0469
ENSG00000273261.1	AC092953.2	lncRNA	7	74	73	0.8504	0.2491	0.2399
ENSG00000273262.1	AL121928.1	lncRNA	0	389	458	0.0000	0.0000	0.0000
ENSG00000273264.1	AL360219.1	lncRNA	0	0	0	0.0000	0.0000	0.0000
ENSG00000273265.1	CNNM3-DT	lncRNA	4	1	3	0.8185	0.2398	0.2309
ENSG00000273267.1	AC097381.3	lncRNA	1	1	0	0.1838	0.0538	0.0518
ENSG00000273269.3	AC073283.3	protein_coding	0	0	0	0.0000	0.0000	0.0000
ENSG00000273270.1	AC090114.2	lncRNA	333	163	171	4.0089	1.1743	1.1307
ENSG00000273271.1	AP000254.2	lncRNA	25	18	19	4.0827	1.1959	1.1516
ENSG00000273272.2	U62317.3	lncRNA	2	16	9	0.2139	0.0627	0.0603
ENSG00000273274.2	ZBTB8B	protein_coding	0	0	1	0.0000	0.0000	0.0000
ENSG00000273275.1	AC017083.2	lncRNA	0	616	691	0.0000	0.0000	0.0000
ENSG00000273284.1	AP001033.2	lncRNA	16	10	6	1.3547	0.3968	0.3821
ENSG00000273287.2	AL008718.2	lncRNA	13	5	8	0.8408	0.2463	0.2372
ENSG00000273289.1	AL121672.3	lncRNA	11	5	6	1.9960	0.5847	0.5630
ENSG00000273291.5	AC092042.3	protein_coding	2	1	1	0.1027	0.0301	0.0290
ENSG00000273293.1	AC093458.1	lncRNA	0	0	1	0.0000	0.0000	0.0000
ENSG00000273294.1	C1QTNF3-AMACR	protein_coding	0	0	0	0.0000	0.0000	0.0000
ENSG00000273295.1	AP000350.6	lncRNA	13	6	7	0.1958	0.0574	0.0552
ENSG00000273297.2	AC009275.1	lncRNA	119	63	57	1.9445	0.5696	0.5485
ENSG00000273299.1	AC006153.1	lncRNA	0	0	0	0.0000	0.0000	0.0000
ENSG00000273300.1	AC000068.3	lncRNA	0	8	9	0.0000	0.0000	0.0000
ENSG00000273301.1	AC016717.2	lncRNA	18	10	8	0.2973	0.0871	0.0839
ENSG00000273302.1	AC016747.3	lncRNA	4	3	1	0.4294	0.1258	0.1211
ENSG00000273305.1	AC009237.15	lncRNA	32	17	15	5.4241	1.5888	1.5299
ENSG00000273306.1	AC018690.1	lncRNA	10	5	8	1.3566	0.3974	0.3826
ENSG00000273308.1	AC024560.3	lncRNA	7	3	4	1.7033	0.4989	0.4804
ENSG00000273311.1	DGCR11	lncRNA	226	119	107	8.6685	2.5391	2.4450
ENSG00000273312.2	AL121749.1	lncRNA	0	0	0	0.0000	0.0000	0.0000
ENSG00000273313.1	RBAKDN	lncRNA	3	2	1	0.4956	0.1452	0.1398
ENSG00000273314.1	AC005229.4	lncRNA	58	55	43	2.2408	0.6564	0.6320
ENSG00000273319.1	AC058791.1	lncRNA	3	1	4	0.0797	0.0233	0.0225
ENSG00000273320.1	AC007032.1	lncRNA	2	27	33	0.2005	0.0587	0.0566
ENSG00000273321.1	AC023983.2	lncRNA	8	5	3	1.2088	0.3541	0.3410
ENSG00000273325.1	AL008723.2	lncRNA	0	0	0	0.0000	0.0000	0.0000
ENSG00000273327.1	OR6L2P	unprocessed_pseudogene	3	3	0	0.2754	0.0807	0.0777
ENSG00000273328.5	AC099329.2	lncRNA	6	1	5	0.1296	0.0379	0.0365
ENSG00000273329.1	AC078846.1	lncRNA	87	41	46	1.0431	0.3055	0.2942
ENSG00000273330.1	CYP4F36P	unprocessed_pseudogene	0	0	0	0.0000	0.0000	0.0000
ENSG00000273331.1	TM4SF19-TCTEX1D2	protein_coding	1	0	1	0.0881	0.0258	0.0248
ENSG00000273333.2	AL662884.1	lncRNA	0	0	0	0.0000	0.0000	0.0000
ENSG00000273335.1	AP005432.2	lncRNA	2	2	0	0.2898	0.0849	0.0817
ENSG00000273336.1	OR7M1P	unprocessed_pseudogene	0	0	0	0.0000	0.0000	0.0000
ENSG00000273338.1	AC103591.3	lncRNA	1	1	0	0.4063	0.1190	0.1146
ENSG00000273340.1	MICE	transcribed_unprocessed_pseudogene	9	5	6	0.6606	0.1935	0.1863
ENSG00000273341.2	AC004921.1	lncRNA	10	6	4	1.1570	0.3389	0.3263
ENSG00000273342.1	AP000553.3	lncRNA	0	0	0	0.0000	0.0000	0.0000
ENSG00000273343.1	AC007663.4	lncRNA	8	5	3	1.0766	0.3154	0.3037
ENSG00000273344.1	PAXIP1-AS1	lncRNA	137	75	62	5.1570	1.5106	1.4546
ENSG00000273345.5	AC104109.4	lncRNA	1	0	1	0.0487	0.0143	0.0137
ENSG00000273348.1	AC027449.1	lncRNA	0	0	0	0.0000	0.0000	0.0000
ENSG00000273350.1	AC004832.5	lncRNA	5	4	1	1.0589	0.3102	0.2987
ENSG00000273353.1	AL008718.3	lncRNA	0	0	0	0.0000	0.0000	0.0000
ENSG00000273355.1	AP000894.4	lncRNA	4	2	2	0.7033	0.2060	0.1984
ENSG00000273356.1	LINC02019	lncRNA	9	6	3	0.3710	0.1087	0.1046
ENSG00000273360.1	AC022017.1	lncRNA	0	0	0	0.0000	0.0000	0.0000
ENSG00000273361.1	AC021016.2	lncRNA	0	0	0	0.0000	0.0000	0.0000
ENSG00000273362.1	AP000547.2	lncRNA	0	0	0	0.0000	0.0000	0.0000
ENSG00000273363.1	AL353801.3	lncRNA	1	1	2	0.1567	0.0459	0.0442
ENSG00000273365.1	AL451074.5	lncRNA	0	0	0	0.0000	0.0000	0.0000
ENSG00000273367.1	AL355472.3	lncRNA	0	0	0	0.0000	0.0000	0.0000
ENSG00000273368.1	AC006566.1	lncRNA	8	5	3	1.3243	0.3879	0.3735
ENSG00000273369.1	AC096586.2	lncRNA	3	2	1	0.5777	0.1692	0.1629
ENSG00000273370.1	AC108747.1	lncRNA	0	0	0	0.0000	0.0000	0.0000
ENSG00000273372.1	SFTPD-AS1	lncRNA	1	0	1	0.0170	0.0050	0.0048
ENSG00000273373.1	AL355488.1	lncRNA	30	12	18	0.8939	0.2618	0.2521
ENSG00000273374.1	AC069222.1	lncRNA	2	1	1	0.0505	0.0148	0.0143
ENSG00000273375.1	AC055764.2	lncRNA	3	2	1	0.3802	0.1114	0.1072
ENSG00000273377.1	OR2Q1P	unprocessed_pseudogene	0	0	0	0.0000	0.0000	0.0000
ENSG00000273381.1	AL158071.4	lncRNA	1	0	1	0.0206	0.0060	0.0058
ENSG00000273382.1	AL356488.3	lncRNA	26	57	49	0.7645	0.2239	0.2156
ENSG00000273384.1	AL137796.1	lncRNA	4	2	2	0.5887	0.1724	0.1660
ENSG00000273387.1	AC005005.3	lncRNA	50	367	309	3.0114	0.8821	0.8494
ENSG00000273388.1	AC005291.2	lncRNA	1	0	1	0.1624	0.0476	0.0458
ENSG00000273391.1	AC083880.1	lncRNA	8	3	7	1.2698	0.3720	0.3582
ENSG00000273394.1	AC128687.2	lncRNA	0	22	23	0.0000	0.0000	0.0000
ENSG00000273396.3	LINC01396	lncRNA	0	0	0	0.0000	0.0000	0.0000
ENSG00000273398.6	AC017083.3	protein_coding	0	199	210	0.0000	0.0000	0.0000
ENSG00000273399.2	AL159169.3	lncRNA	1	1	0	0.1514	0.0443	0.0427
ENSG00000273402.1	AC004908.3	lncRNA	1	1	0	0.1359	0.0398	0.0383
ENSG00000273403.1	AC107294.3	lncRNA	4	1	3	0.6458	0.1892	0.1821
ENSG00000273406.1	AC245008.1	lncRNA	0	0	0	0.0000	0.0000	0.0000
ENSG00000273407.1	AC069294.1	lncRNA	0	0	0	0.0000	0.0000	0.0000
ENSG00000273408.1	OR5B15P	unprocessed_pseudogene	0	0	0	0.0000	0.0000	0.0000
ENSG00000273409.3	LINC02712	lncRNA	0	0	0	0.0000	0.0000	0.0000
ENSG00000273413.1	AL136982.7	lncRNA	0	0	0	0.0000	0.0000	0.0000
ENSG00000273415.3	LINC02725	lncRNA	8	1	7	0.2693	0.0789	0.0759
ENSG00000273416.1	AL732292.2	lncRNA	2	2	0	0.3950	0.1157	0.1114
ENSG00000273419.1	AC004877.1	lncRNA	6	91	77	0.1245	0.0365	0.0351
ENSG00000273420.1	AC008738.7	lncRNA	0	0	0	0.0000	0.0000	0.0000
ENSG00000273423.1	OR13I1P	unprocessed_pseudogene	0	0	0	0.0000	0.0000	0.0000
ENSG00000273424.1	AL008582.1	lncRNA	4	3	1	0.7685	0.2251	0.2168
ENSG00000273428.3	AC004832.6	lncRNA	3	2	1	0.3619	0.1060	0.1021
ENSG00000273432.1	AC004951.4	lncRNA	3	1	2	0.1227	0.0359	0.0346
ENSG00000273433.1	AC004080.6	lncRNA	0	0	0	0.0000	0.0000	0.0000
ENSG00000273434.1	OR8S21P	unprocessed_pseudogene	0	0	0	0.0000	0.0000	0.0000
ENSG00000273437.1	AC108673.3	lncRNA	7	5	2	1.7745	0.5198	0.5005
ENSG00000273442.1	AC006946.3	lncRNA	4	3	1	0.4493	0.1316	0.1267
ENSG00000273443.1	AL645608.8	lncRNA	1	2	3	0.1024	0.0300	0.0289
ENSG00000273444.1	AC006023.2	unprocessed_pseudogene	0	0	0	0.0000	0.0000	0.0000
ENSG00000273445.1	AC133644.1	lncRNA	4	3	3	0.6290	0.1843	0.1774
ENSG00000273447.1	AC004067.1	lncRNA	27	14	13	3.2755	0.9594	0.9239
ENSG00000273448.1	AC006480.2	lncRNA	15	4	11	0.9527	0.2791	0.2687
ENSG00000273449.1	AC093788.1	lncRNA	12	5	7	1.0993	0.3220	0.3101
ENSG00000273450.1	AL139124.1	lncRNA	1	1	0	0.2017	0.0591	0.0569
ENSG00000273451.1	AL031666.3	lncRNA	2	2	0	0.1688	0.0495	0.0476
ENSG00000273454.1	AC112503.2	lncRNA	4	3	1	0.6154	0.1803	0.1736
ENSG00000273455.1	AC072039.2	lncRNA	1	32	35	0.1934	0.0567	0.0546
ENSG00000273456.1	AC064836.2	lncRNA	28	10	18	3.5331	1.0349	0.9965
ENSG00000273461.5	AC105265.2	lncRNA	0	0	0	0.0000	0.0000	0.0000
ENSG00000273464.1	AP000238.1	lncRNA	2	1	1	0.3987	0.1168	0.1125
ENSG00000273471.1	AC112229.4	lncRNA	0	0	0	0.0000	0.0000	0.0000
ENSG00000273472.1	AC096733.2	lncRNA	19	13	6	1.1575	0.3390	0.3265
ENSG00000273473.1	BX649601.1	lncRNA	0	0	0	0.0000	0.0000	0.0000
ENSG00000273474.1	AL157392.4	lncRNA	2	0	2	0.4923	0.1442	0.1389
ENSG00000273476.1	AL133215.3	lncRNA	3	1	2	0.5687	0.1666	0.1604
ENSG00000273481.1	AL391069.2	lncRNA	0	0	0	0.0000	0.0000	0.0000
ENSG00000273483.1	AL354760.1	lncRNA	8	6	2	1.0566	0.3095	0.2980
ENSG00000273484.1	OR6R2P	unprocessed_pseudogene	0	0	0	0.0000	0.0000	0.0000
ENSG00000273485.1	AL139339.2	lncRNA	1	184	199	0.1293	0.0379	0.0365
ENSG00000273486.1	AC096992.2	lncRNA	89	46	43	4.4881	1.3146	1.2659
ENSG00000273487.1	AC104836.1	lncRNA	0	0	0	0.0000	0.0000	0.0000
ENSG00000273489.1	AC008264.2	lncRNA	2	649	695	0.0455	0.0133	0.0128
ENSG00000273492.6	AP000229.1	lncRNA	8	6	2	0.1600	0.0469	0.0451
ENSG00000273493.1	AC098479.1	lncRNA	1	0	1	0.5514	0.1615	0.1555
ENSG00000273497.1	AL359198.2	unprocessed_pseudogene	0	0	0	0.0000	0.0000	0.0000
ENSG00000273499.1	AC087893.1	snoRNA	0	0	0	0.0000	0.0000	0.0000
ENSG00000273500.1	MIR6129	miRNA	0	0	0	0.0000	0.0000	0.0000
ENSG00000273507.5	AL354809.1	lncRNA	4	0	4	0.0213	0.0062	0.0060
ENSG00000273509.1	CNTNAP3P1	unprocessed_pseudogene	0	0	0	0.0000	0.0000	0.0000
ENSG00000273512.1	AC022748.3	unprocessed_pseudogene	0	0	0	0.0000	0.0000	0.0000
ENSG00000273513.1	TBC1D3K	protein_coding	0	0	0	0.0000	0.0000	0.0000
ENSG00000273514.1	FOXD4L6	protein_coding	0	0	0	0.0000	0.0000	0.0000
ENSG00000273515.1	AC013727.3	misc_RNA	0	0	0	0.0000	0.0000	0.0000
ENSG00000273516.1	U1	snRNA	0	0	0	0.0000	0.0000	0.0000
ENSG00000273520.5	SPDYE8	protein_coding	0	0	0	0.0000	0.0000	0.0000
ENSG00000273521.1	AL162274.1	lncRNA	2	2	0	0.1547	0.0453	0.0436
ENSG00000273523.1	AL139082.1	lncRNA	2	2	1	0.0495	0.0145	0.0140
ENSG00000273524.1	Metazoa_SRP	misc_RNA	0	0	0	0.0000	0.0000	0.0000
ENSG00000273536.1	AC121758.4	processed_pseudogene	0	0	0	0.0000	0.0000	0.0000
ENSG00000273537.1	AC009951.1	misc_RNA	0	0	0	0.0000	0.0000	0.0000
ENSG00000273540.4	AGBL1	protein_coding	1	1	0	0.0062	0.0018	0.0018
ENSG00000273541.1	AL137060.1	misc_RNA	0	0	0	0.0000	0.0000	0.0000
ENSG00000273542.2	H4C12	protein_coding	1	0	1	0.2194	0.0643	0.0619
ENSG00000273544.1	SNORA44	snoRNA	0	0	0	0.0000	0.0000	0.0000
ENSG00000273549.1	Metazoa_SRP	misc_RNA	0	0	0	0.0000	0.0000	0.0000
ENSG00000273550.2	AL354810.1	lncRNA	0	0	0	0.0000	0.0000	0.0000
ENSG00000273551.1	AC120498.8	lncRNA	4	1	3	0.6397	0.1874	0.1804
ENSG00000273552.2	AL136439.1	lncRNA	0	0	2	0.0000	0.0000	0.0000
ENSG00000273553.1	AC016597.2	lncRNA	0	0	0	0.0000	0.0000	0.0000
ENSG00000273555.1	MIR6812	miRNA	1	0	1	1.3269	0.3887	0.3743
ENSG00000273557.1	AC008781.2	lncRNA	4	3	1	1.0140	0.2970	0.2860
ENSG00000273558.1	AL512310.10	lncRNA	0	0	0	0.0000	0.0000	0.0000
ENSG00000273559.5	CWC25	protein_coding	1006	502	505	22.9960	6.7359	6.4861
ENSG00000273565.1	AL691403.2	lncRNA	2	2	0	0.3466	0.1015	0.0978
ENSG00000273566.1	Metazoa_SRP	misc_RNA	0	0	0	0.0000	0.0000	0.0000
ENSG00000273567.1	REXO1L3P	processed_pseudogene	0	0	0	0.0000	0.0000	0.0000
ENSG00000273568.1	AC131009.3	lncRNA	2	2	0	0.5918	0.1733	0.1669
ENSG00000273569.1	AC008432.1	processed_pseudogene	0	0	0	0.0000	0.0000	0.0000
ENSG00000273570.1	AC007351.1	misc_RNA	0	0	0	0.0000	0.0000	0.0000
ENSG00000273571.1	AC106873.2	misc_RNA	0	0	0	0.0000	0.0000	0.0000
ENSG00000273573.1	Metazoa_SRP	misc_RNA	0	0	0	0.0000	0.0000	0.0000
ENSG00000273576.1	AC009283.1	lncRNA	36	20	16	4.7397	1.3883	1.3369
ENSG00000273580.1	AC087072.1	unprocessed_pseudogene	0	0	0	0.0000	0.0000	0.0000
ENSG00000273582.1	AC009093.5	lncRNA	1	0	1	0.2365	0.0693	0.0667
ENSG00000273584.1	AC096708.3	lncRNA	0	0	0	0.0000	0.0000	0.0000
ENSG00000273586.2	OR10G1P	unprocessed_pseudogene	0	0	0	0.0000	0.0000	0.0000
ENSG00000273587.1	SNORA78	snoRNA	0	0	0	0.0000	0.0000	0.0000
ENSG00000273589.1	AC008175.2	unprocessed_pseudogene	0	0	0	0.0000	0.0000	0.0000
ENSG00000273590.4	SMIM11B	protein_coding	0	0	0	0.0000	0.0000	0.0000
ENSG00000273591.1	7SK	misc_RNA	0	0	0	0.0000	0.0000	0.0000
ENSG00000273593.1	MIR7160	miRNA	0	0	0	0.0000	0.0000	0.0000
ENSG00000273595.1	AC092106.1	processed_pseudogene	0	0	0	0.0000	0.0000	0.0000
ENSG00000273596.1	AC106873.3	misc_RNA	0	0	0	0.0000	0.0000	0.0000
ENSG00000273597.1	AL355377.1	processed_pseudogene	1	1	2	0.0514	0.0150	0.0145
ENSG00000273598.1	AC211486.3	transcribed_unprocessed_pseudogene	0	0	0	0.0000	0.0000	0.0000
ENSG00000273599.1	AL731571.1	lncRNA	38	429	504	0.5945	0.1741	0.1677
ENSG00000273600.1	AP001877.1	processed_pseudogene	0	0	0	0.0000	0.0000	0.0000
ENSG00000273604.2	EPOP	protein_coding	178	97	82	4.6439	1.3603	1.3098
ENSG00000273606.1	MIR6776	miRNA	0	0	0	0.0000	0.0000	0.0000
ENSG00000273609.1	AC005562.2	unprocessed_pseudogene	0	0	0	0.0000	0.0000	0.0000
ENSG00000273610.1	RN7SL386P	misc_RNA	0	0	0	0.0000	0.0000	0.0000
ENSG00000273611.5	ZNHIT3	protein_coding	629	540	523	7.9879	2.3398	2.2530
ENSG00000273612.1	AL137060.2	misc_RNA	0	0	1	0.0000	0.0000	0.0000
ENSG00000273613.1	MIR6511A4	miRNA	0	0	0	0.0000	0.0000	0.0000
ENSG00000273614.1	CU633980.1	snoRNA	0	0	0	0.0000	0.0000	0.0000
ENSG00000273618.1	AL135999.2	lncRNA	0	4	9	0.0000	0.0000	0.0000
ENSG00000273619.1	AL121832.2	lncRNA	31	18	13	3.9409	1.1544	1.1116
ENSG00000273621.1	AC098588.1	misc_RNA	0	0	0	0.0000	0.0000	0.0000
ENSG00000273623.1	AC005045.1	misc_RNA	0	124	118	0.0000	0.0000	0.0000
ENSG00000273627.1	MIR4726	miRNA	0	0	0	0.0000	0.0000	0.0000
ENSG00000273628.1	AL354798.1	unprocessed_pseudogene	0	0	1	0.0000	0.0000	0.0000
ENSG00000273629.1	U7	snRNA	1	1	0	1.3697	0.4012	0.3863
ENSG00000273634.1	AC079395.2	processed_pseudogene	0	0	0	0.0000	0.0000	0.0000
ENSG00000273637.1	AL139260.2	lncRNA	0	0	0	0.0000	0.0000	0.0000
ENSG00000273639.6	AL512310.11	lncRNA	0	0	0	0.0000	0.0000	0.0000
ENSG00000273640.1	WBP1LP8	processed_pseudogene	0	0	0	0.0000	0.0000	0.0000
ENSG00000273643.1	PPP1R26P2	processed_pseudogene	0	0	0	0.0000	0.0000	0.0000
ENSG00000273644.1	AC215522.1	processed_pseudogene	0	0	0	0.0000	0.0000	0.0000
ENSG00000273648.1	MIR8065	miRNA	0	0	0	0.0000	0.0000	0.0000
ENSG00000273650.1	AC100793.4	lncRNA	3	3	0	0.5938	0.1739	0.1675
ENSG00000273654.1	AC020904.2	transcribed_processed_pseudogene	32	10	22	1.5654	0.4585	0.4415
ENSG00000273657.1	MIR6792	miRNA	0	0	0	0.0000	0.0000	0.0000
ENSG00000273658.1	AC023509.4	misc_RNA	0	0	0	0.0000	0.0000	0.0000
ENSG00000273659.1	AC108125.1	lncRNA	0	0	0	0.0000	0.0000	0.0000
ENSG00000273664.1	AC010776.3	lncRNA	0	0	0	0.0000	0.0000	0.0000
ENSG00000273668.1	AL136317.1	transcribed_processed_pseudogene	0	0	0	0.0000	0.0000	0.0000
ENSG00000273669.1	AC015819.1	lncRNA	15	9	6	1.9213	0.5628	0.5419
ENSG00000273674.5	AC021752.1	lncRNA	1	0	1	0.0208	0.0061	0.0059
ENSG00000273675.1	AL118556.2	processed_pseudogene	0	0	0	0.0000	0.0000	0.0000
ENSG00000273677.1	AL049692.1	misc_RNA	0	0	0	0.0000	0.0000	0.0000
ENSG00000273679.1	AC100757.1	processed_pseudogene	5	3	2	0.2314	0.0678	0.0653
ENSG00000273680.1	AC009318.2	lncRNA	30	28	28	3.9134	1.1463	1.1038
ENSG00000273682.1	AC109583.3	processed_pseudogene	2	1	1	1.3166	0.3857	0.3714
ENSG00000273687.1	AC004223.4	lncRNA	3	0	3	0.7674	0.2248	0.2164
ENSG00000273691.1	AC087284.1	lncRNA	0	0	0	0.0000	0.0000	0.0000
ENSG00000273692.1	LONRF2P5	processed_pseudogene	0	0	0	0.0000	0.0000	0.0000
ENSG00000273693.1	CDRT15P10	processed_pseudogene	0	0	0	0.0000	0.0000	0.0000
ENSG00000273694.1	U2	snRNA	0	0	0	0.0000	0.0000	0.0000
ENSG00000273696.4	CT45A7	protein_coding	0	0	0	0.0000	0.0000	0.0000
ENSG00000273698.1	MRPL57P1	processed_pseudogene	0	0	0	0.0000	0.0000	0.0000
ENSG00000273700.1	MIR6760	miRNA	0	0	0	0.0000	0.0000	0.0000
ENSG00000273701.1	AC109486.2	misc_RNA	0	0	0	0.0000	0.0000	0.0000
ENSG00000273702.1	AC091271.1	lncRNA	11	3	9	0.8039	0.2355	0.2267
ENSG00000273703.2	H2BC14	protein_coding	1	1	0	0.1815	0.0532	0.0512
ENSG00000273704.1	AL596245.1	unprocessed_pseudogene	0	0	0	0.0000	0.0000	0.0000
ENSG00000273706.5	LHX1	protein_coding	5	6	1	0.0864	0.0253	0.0244
ENSG00000273709.1	U2	snRNA	0	0	0	0.0000	0.0000	0.0000
ENSG00000273710.1	Metazoa_SRP	misc_RNA	0	0	0	0.0000	0.0000	0.0000
ENSG00000273711.2	AC005520.5	lncRNA	1	166	164	0.0397	0.0116	0.0112
ENSG00000273712.1	AL021997.1	processed_pseudogene	0	0	0	0.0000	0.0000	0.0000
ENSG00000273716.2	AC092670.1	processed_pseudogene	15	2	13	16.3309	4.7836	4.6062
ENSG00000273717.1	RN7SL343P	misc_RNA	0	0	0	0.0000	0.0000	0.0000
ENSG00000273719.1	AL359547.2	processed_pseudogene	0	0	0	0.0000	0.0000	0.0000
ENSG00000273720.1	AC091812.2	processed_pseudogene	0	0	0	0.0000	0.0000	0.0000
ENSG00000273721.1	AC087385.3	unprocessed_pseudogene	0	0	0	0.0000	0.0000	0.0000
ENSG00000273723.1	SUGT1-DT	lncRNA	6	4	2	0.5226	0.1531	0.1474
ENSG00000273724.1	AC106782.4	unprocessed_pseudogene	4	2	2	1.0080	0.2952	0.2843
ENSG00000273725.1	Metazoa_SRP	misc_RNA	0	0	0	0.0000	0.0000	0.0000
ENSG00000273727.1	U1	snRNA	0	0	0	0.0000	0.0000	0.0000
ENSG00000273729.1	AC007686.3	lncRNA	21	135	161	0.5114	0.1498	0.1442
ENSG00000273731.1	AC007967.4	processed_pseudogene	0	0	0	0.0000	0.0000	0.0000
ENSG00000273732.1	VN1R74P	unprocessed_pseudogene	0	0	0	0.0000	0.0000	0.0000
ENSG00000273733.1	AC011472.4	lncRNA	1	1	0	0.1730	0.0507	0.0488
ENSG00000273734.1	AC005258.1	protein_coding	0	0	0	0.0000	0.0000	0.0000
ENSG00000273736.1	AC244100.1	transcribed_unprocessed_pseudogene	2	2	0	0.4173	0.1222	0.1177
ENSG00000273742.1	MIR6075	miRNA	0	0	0	0.0000	0.0000	0.0000
ENSG00000273744.1	U4	snRNA	0	0	0	0.0000	0.0000	0.0000
ENSG00000273745.1	MIR6870	miRNA	0	0	0	0.0000	0.0000	0.0000
ENSG00000273746.1	AC234791.1	unprocessed_pseudogene	0	0	0	0.0000	0.0000	0.0000
ENSG00000273747.1	AC022558.3	lncRNA	5	191	176	0.6172	0.1808	0.1741
ENSG00000273749.5	CYFIP1	protein_coding	3994	2380	2276	32.5689	9.5399	9.1862
ENSG00000273750.1	AC091179.3	misc_RNA	0	0	0	0.0000	0.0000	0.0000
ENSG00000273756.4	AC100756.2	transcribed_unprocessed_pseudogene	0	0	0	0.0000	0.0000	0.0000
ENSG00000273758.1	MIR6790	miRNA	0	0	0	0.0000	0.0000	0.0000
ENSG00000273759.1	AL117379.1	lncRNA	5	2	3	0.6272	0.1837	0.1769
ENSG00000273760.1	AC245041.1	lncRNA	0	0	0	0.0000	0.0000	0.0000
ENSG00000273762.1	VN1R76P	unprocessed_pseudogene	0	0	0	0.0000	0.0000	0.0000
ENSG00000273763.2	AC007318.1	transcribed_processed_pseudogene	33	77	58	1.3194	0.3865	0.3721
ENSG00000273765.1	AC024257.4	lncRNA	0	0	0	0.0000	0.0000	0.0000
ENSG00000273767.1	AL731566.1	misc_RNA	0	1	2	0.0000	0.0000	0.0000
ENSG00000273768.1	RNVU1-29	snRNA	0	0	0	0.0000	0.0000	0.0000
ENSG00000273769.5	LCA10	lncRNA	0	1	0	0.0000	0.0000	0.0000
ENSG00000273771.1	AC024337.2	lncRNA	8	2	6	0.2429	0.0711	0.0685
ENSG00000273773.1	AC244107.2	unprocessed_pseudogene	0	0	0	0.0000	0.0000	0.0000
ENSG00000273776.1	MIR6126	miRNA	0	70	73	0.0000	0.0000	0.0000
ENSG00000273777.5	CEACAM20	protein_coding	0	0	0	0.0000	0.0000	0.0000
ENSG00000273778.1	MIR6765	miRNA	0	0	0	0.0000	0.0000	0.0000
ENSG00000273782.1	AC004510.1	misc_RNA	0	0	0	0.0000	0.0000	0.0000
ENSG00000273783.1	AL136040.1	lncRNA	8	9	6	0.6012	0.1761	0.1696
ENSG00000273784.4	AL137058.2	lncRNA	1	1	0	0.0862	0.0253	0.0243
ENSG00000273786.1	AC020658.4	lncRNA	1	0	1	0.1242	0.0364	0.0350
ENSG00000273788.1	U3	snoRNA	0	0	0	0.0000	0.0000	0.0000
ENSG00000273791.1	AC007204.1	unprocessed_pseudogene	0	0	0	0.0000	0.0000	0.0000
ENSG00000273792.1	AC022898.2	lncRNA	5	4	1	0.3236	0.0948	0.0913
ENSG00000273796.1	BX322562.1	lncRNA	22	13	10	3.3302	0.9755	0.9393
ENSG00000273797.1	AL133445.2	lncRNA	2	2	0	0.3223	0.0944	0.0909
ENSG00000273800.1	AC119619.1	unprocessed_pseudogene	0	0	0	0.0000	0.0000	0.0000
ENSG00000273802.2	H2BC8	protein_coding	24	11	13	1.3286	0.3892	0.3747
ENSG00000273804.1	AC138932.3	unprocessed_pseudogene	0	0	0	0.0000	0.0000	0.0000
ENSG00000273805.1	AC083805.3	lncRNA	0	1	0	0.0000	0.0000	0.0000
ENSG00000273806.1	AL137847.3	processed_pseudogene	0	0	0	0.0000	0.0000	0.0000
ENSG00000273812.3	BX640514.2	lncRNA	8	4	4	0.2782	0.0815	0.0785
ENSG00000273813.1	AC123788.2	processed_pseudogene	0	0	0	0.0000	0.0000	0.0000
ENSG00000273816.1	AC005695.3	lncRNA	1	1	0	0.3660	0.1072	0.1032
ENSG00000273818.1	RN7SL673P	misc_RNA	0	0	0	0.0000	0.0000	0.0000
ENSG00000273819.1	ENPP7P7	unprocessed_pseudogene	0	0	0	0.0000	0.0000	0.0000
ENSG00000273820.2	USP27X	protein_coding	602	333	270	16.6251	4.8697	4.6892
ENSG00000273821.1	AL096828.3	lncRNA	0	0	0	0.0000	0.0000	0.0000
ENSG00000273824.1	AC008033.3	lncRNA	5	2	3	0.3018	0.0884	0.0851
ENSG00000273825.1	FP700111.2	unprocessed_pseudogene	0	0	0	0.0000	0.0000	0.0000
ENSG00000273828.2	AL133227.1	lncRNA	19	402	455	0.2892	0.0847	0.0816
ENSG00000273829.1	Metazoa_SRP	misc_RNA	0	0	0	0.0000	0.0000	0.0000
ENSG00000273830.1	MIR7843	miRNA	0	0	0	0.0000	0.0000	0.0000
ENSG00000273835.1	SNORD115-13	snoRNA	0	0	0	0.0000	0.0000	0.0000
ENSG00000273836.1	MIR6842	miRNA	0	0	0	0.0000	0.0000	0.0000
ENSG00000273837.1	AC018755.4	lncRNA	11	6	5	2.0575	0.6027	0.5803
ENSG00000273838.2	AL096677.1	lncRNA	0	0	0	0.0000	0.0000	0.0000
ENSG00000273840.1	AF254983.1	lncRNA	0	0	0	0.0000	0.0000	0.0000
ENSG00000273841.5	TAF9	protein_coding	841	398	443	29.0909	8.5212	8.2053
ENSG00000273844.1	AL139418.1	unprocessed_pseudogene	0	0	0	0.0000	0.0000	0.0000
ENSG00000273846.1	Metazoa_SRP	misc_RNA	0	0	0	0.0000	0.0000	0.0000
ENSG00000273849.1	SDR42E1P4	processed_pseudogene	0	0	0	0.0000	0.0000	0.0000
ENSG00000273851.1	AC027088.4	transcribed_processed_pseudogene	1	0	1	0.0436	0.0128	0.0123
ENSG00000273853.1	AC023158.2	lncRNA	0	0	0	0.0000	0.0000	0.0000
ENSG00000273855.1	AC020658.5	lncRNA	1	0	1	0.1921	0.0563	0.0542
ENSG00000273858.1	AC140113.4	processed_pseudogene	0	0	0	0.0000	0.0000	0.0000
ENSG00000273860.1	AC024581.2	processed_pseudogene	0	0	0	0.0000	0.0000	0.0000
ENSG00000273863.1	AC010678.1	processed_pseudogene	0	0	0	0.0000	0.0000	0.0000
ENSG00000273866.1	Metazoa_SRP	misc_RNA	3	2	1	1.0030	0.2938	0.2829
ENSG00000273870.1	AL138721.1	processed_pseudogene	6	3	3	2.8465	0.8338	0.8029
ENSG00000273872.1	SLC25A15P4	unprocessed_pseudogene	0	0	0	0.0000	0.0000	0.0000
ENSG00000273874.1	MIR6859-2	miRNA	0	0	0	0.0000	0.0000	0.0000
ENSG00000273876.1	AC019176.2	unprocessed_pseudogene	0	0	0	0.0000	0.0000	0.0000
ENSG00000273877.4	AC236972.3	lncRNA	0	0	0	0.0000	0.0000	0.0000
ENSG00000273882.1	MIR8066	miRNA	0	0	0	0.0000	0.0000	0.0000
ENSG00000273885.1	AP003499.2	snoRNA	0	0	0	0.0000	0.0000	0.0000
ENSG00000273886.1	Metazoa_SRP	misc_RNA	0	0	0	0.0000	0.0000	0.0000
ENSG00000273888.1	FRMD6-AS1	lncRNA	10	4	6	0.3810	0.1116	0.1075
ENSG00000273890.1	AC034102.8	lncRNA	2	0	2	0.3509	0.1028	0.0990
ENSG00000273891.1	AL731566.2	lncRNA	20	92	91	0.8768	0.2568	0.2473
ENSG00000273893.1	AL133520.1	lncRNA	59	29	30	7.1576	2.0966	2.0188
ENSG00000273894.1	SLC20A1P2	processed_pseudogene	0	0	0	0.0000	0.0000	0.0000
ENSG00000273897.1	PMS2P8	unprocessed_pseudogene	0	0	0	0.0000	0.0000	0.0000
ENSG00000273898.1	MIR6798	miRNA	0	0	0	0.0000	0.0000	0.0000
ENSG00000273899.5	NOL12	protein_coding	112	58	55	2.6515	0.7767	0.7479
ENSG00000273900.1	CR848007.2	processed_pseudogene	0	0	0	0.0000	0.0000	0.0000
ENSG00000273901.1	AC012313.9	lncRNA	1	2	3	0.1342	0.0393	0.0378
ENSG00000273904.1	AC022023.1	ribozyme	0	0	0	0.0000	0.0000	0.0000
ENSG00000273906.1	AC011297.1	lncRNA	0	0	0	0.0000	0.0000	0.0000
ENSG00000273907.1	CA15P2	unprocessed_pseudogene	0	0	0	0.0000	0.0000	0.0000
ENSG00000273908.1	AL049692.2	misc_RNA	0	0	0	0.0000	0.0000	0.0000
ENSG00000273912.1	MIR8068	miRNA	0	0	0	0.0000	0.0000	0.0000
ENSG00000273913.1	Metazoa_SRP	misc_RNA	0	0	0	0.0000	0.0000	0.0000
ENSG00000273919.1	AL450423.1	lncRNA	0	0	0	0.0000	0.0000	0.0000
ENSG00000273920.1	AC103858.2	lncRNA	1	1	0	0.1564	0.0458	0.0441
ENSG00000273923.1	AC104260.1	lncRNA	1	1	0	0.1576	0.0461	0.0444
ENSG00000273925.1	AC084757.4	lncRNA	0	0	0	0.0000	0.0000	0.0000
ENSG00000273927.1	Y_RNA	misc_RNA	0	0	0	0.0000	0.0000	0.0000
ENSG00000273932.1	MIR6877	miRNA	0	0	0	0.0000	0.0000	0.0000
ENSG00000273933.1	AL513485.1	unprocessed_pseudogene	0	0	0	0.0000	0.0000	0.0000
ENSG00000273940.1	RN7SL722P	misc_RNA	0	0	0	0.0000	0.0000	0.0000
ENSG00000273942.1	AC007351.2	misc_RNA	0	0	0	0.0000	0.0000	0.0000
ENSG00000273945.1	MIR6853	miRNA	0	0	0	0.0000	0.0000	0.0000
ENSG00000273946.1	RN7SL733P	misc_RNA	1	1	1	0.2581	0.0756	0.0728
ENSG00000273948.1	AC020558.3	misc_RNA	0	0	0	0.0000	0.0000	0.0000
ENSG00000273950.1	Metazoa_SRP	misc_RNA	0	0	0	0.0000	0.0000	0.0000
ENSG00000273951.1	AL031667.3	lncRNA	2	1	1	0.2593	0.0760	0.0731
ENSG00000273956.1	AC005632.5	lncRNA	0	0	0	0.0000	0.0000	0.0000
ENSG00000273957.1	AC113385.2	unprocessed_pseudogene	0	0	0	0.0000	0.0000	0.0000
ENSG00000273958.1	AC009560.1	lncRNA	0	0	0	0.0000	0.0000	0.0000
ENSG00000273961.1	AC004080.7	misc_RNA	0	0	0	0.0000	0.0000	0.0000
ENSG00000273962.1	IGKV2-40	IG_V_gene	1	1	0	0.2654	0.0777	0.0749
ENSG00000273963.1	ENPP7P14	unprocessed_pseudogene	0	0	0	0.0000	0.0000	0.0000
ENSG00000273964.1	Y_RNA	misc_RNA	0	0	0	0.0000	0.0000	0.0000
ENSG00000273965.1	AC243654.1	lncRNA	0	0	0	0.0000	0.0000	0.0000
ENSG00000273966.1	AC015978.1	misc_RNA	0	0	0	0.0000	0.0000	0.0000
ENSG00000273971.1	AC009163.6	lncRNA	0	0	0	0.0000	0.0000	0.0000
ENSG00000273972.1	AC068722.2	lncRNA	6	3	3	0.9366	0.2744	0.2642
ENSG00000273973.1	AC025162.2	lncRNA	1	1	0	0.1516	0.0444	0.0428
ENSG00000273974.1	AC004386.2	misc_RNA	0	0	0	0.0000	0.0000	0.0000
ENSG00000273975.1	Metazoa_SRP	misc_RNA	0	0	0	0.0000	0.0000	0.0000
ENSG00000273976.2	GOLGA6L1	protein_coding	0	0	0	0.0000	0.0000	0.0000
ENSG00000273978.1	AC005066.1	unprocessed_pseudogene	0	0	0	0.0000	0.0000	0.0000
ENSG00000273979.1	Metazoa_SRP	misc_RNA	0	0	0	0.0000	0.0000	0.0000
ENSG00000273980.1	AL592071.1	lncRNA	1	0	1	0.2081	0.0610	0.0587
ENSG00000273981.1	RN7SL106P	misc_RNA	0	0	0	0.0000	0.0000	0.0000
ENSG00000273982.1	AC005746.3	lncRNA	0	0	0	0.0000	0.0000	0.0000
ENSG00000273983.1	H3C8	protein_coding	2	2	0	0.0704	0.0206	0.0199
ENSG00000273986.1	Metazoa_SRP	misc_RNA	0	0	0	0.0000	0.0000	0.0000
ENSG00000273987.1	AC121761.2	lncRNA	1	1	0	0.1233	0.0361	0.0348
ENSG00000273988.1	AL450472.3	unprocessed_pseudogene	0	0	0	0.0000	0.0000	0.0000
ENSG00000273989.1	AC022079.1	lncRNA	10	8	2	1.4106	0.4132	0.3979
ENSG00000273994.1	SDR42E1P1	processed_pseudogene	0	0	0	0.0000	0.0000	0.0000
ENSG00000273997.1	AL355365.1	processed_pseudogene	0	0	0	0.0000	0.0000	0.0000
ENSG00000273998.1	AL049794.1	lncRNA	18	7	11	1.9749	0.5785	0.5570
ENSG00000273999.1	RBM17P2	processed_pseudogene	0	0	0	0.0000	0.0000	0.0000
ENSG00000274001.1	AL512506.1	lncRNA	0	0	0	0.0000	0.0000	0.0000
ENSG00000274002.1	AL135999.3	lncRNA	0	0	0	0.0000	0.0000	0.0000
ENSG00000274004.1	AP000446.2	misc_RNA	0	0	0	0.0000	0.0000	0.0000
ENSG00000274006.1	AP001825.2	misc_RNA	0	0	0	0.0000	0.0000	0.0000
ENSG00000274008.1	Metazoa_SRP	misc_RNA	3	1	2	0.8520	0.2496	0.2403
ENSG00000274010.1	ZFP91P1	processed_pseudogene	1	1	0	0.0733	0.0215	0.0207
ENSG00000274011.1	Metazoa_SRP	misc_RNA	3	2	1	1.0150	0.2973	0.2863
ENSG00000274012.1	RN7SL2	misc_RNA	0	0	0	0.0000	0.0000	0.0000
ENSG00000274015.2	AL136038.4	lncRNA	3	5	10	0.1749	0.0512	0.0493
ENSG00000274017.1	Metazoa_SRP	misc_RNA	0	0	0	0.0000	0.0000	0.0000
ENSG00000274019.1	AC239804.2	unprocessed_pseudogene	0	0	0	0.0000	0.0000	0.0000
ENSG00000274020.4	LINC01138	lncRNA	85	45	57	0.9305	0.2726	0.2625
ENSG00000274021.1	AC024909.1	lncRNA	27	1517	1536	1.0159	0.2976	0.2865
ENSG00000274022.1	AL121873.1	processed_pseudogene	0	0	0	0.0000	0.0000	0.0000
ENSG00000274023.1	AL360169.2	lncRNA	0	0	0	0.0000	0.0000	0.0000
ENSG00000274024.1	AL590282.1	processed_pseudogene	1	0	1	0.0748	0.0219	0.0211
ENSG00000274025.1	MIR3670-4	miRNA	0	0	0	0.0000	0.0000	0.0000
ENSG00000274026.2	FAM27E3	lncRNA	3	2	3	0.1599	0.0468	0.0451
ENSG00000274028.1	AC009237.16	unprocessed_pseudogene	0	0	0	0.0000	0.0000	0.0000
ENSG00000274029.1	AC069209.1	lncRNA	0	25	11	0.0000	0.0000	0.0000
ENSG00000274031.1	AC092140.2	lncRNA	2	39	29	0.3260	0.0955	0.0919
ENSG00000274033.1	AC006539.3	unprocessed_pseudogene	0	0	0	0.0000	0.0000	0.0000
ENSG00000274034.1	MIR6813	miRNA	1	0	1	1.5164	0.4442	0.4277
ENSG00000274038.1	AC007014.2	lncRNA	2	0	2	0.3546	0.1039	0.1000
ENSG00000274044.5	FAM230J	lncRNA	0	0	0	0.0000	0.0000	0.0000
ENSG00000274046.1	Y_RNA	misc_RNA	0	0	0	0.0000	0.0000	0.0000
ENSG00000274049.4	INO80B-WBP1	protein_coding	0	0	0	0.0000	0.0000	0.0000
ENSG00000274051.1	AC005837.3	misc_RNA	0	1	0	0.0000	0.0000	0.0000
ENSG00000274052.2	OR7E156P	transcribed_unprocessed_pseudogene	0	0	0	0.0000	0.0000	0.0000
ENSG00000274054.1	MIR4727	miRNA	0	0	0	0.0000	0.0000	0.0000
ENSG00000274055.1	AL354709.1	misc_RNA	0	0	0	0.0000	0.0000	0.0000
ENSG00000274056.1	MIR6507	miRNA	0	0	0	0.0000	0.0000	0.0000
ENSG00000274059.1	RNA5SP534	rRNA	0	0	0	0.0000	0.0000	0.0000
ENSG00000274060.1	MIR6724-2	miRNA	0	0	0	0.0000	0.0000	0.0000
ENSG00000274062.1	U2	snRNA	0	0	0	0.0000	0.0000	0.0000
ENSG00000274064.1	AC040978.1	processed_pseudogene	0	0	0	0.0000	0.0000	0.0000
ENSG00000274066.1	MIR6514	miRNA	0	0	0	0.0000	0.0000	0.0000
ENSG00000274067.1	FP885919.1	unprocessed_pseudogene	0	0	0	0.0000	0.0000	0.0000
ENSG00000274070.2	CASTOR2	protein_coding	839	440	465	8.6825	2.5432	2.4489
ENSG00000274072.1	AP000769.3	sRNA	0	0	0	0.0000	0.0000	0.0000
ENSG00000274075.1	AC009511.3	misc_RNA	0	0	0	0.0000	0.0000	0.0000
ENSG00000274076.1	RN7SL539P	misc_RNA	0	0	0	0.0000	0.0000	0.0000
ENSG00000274079.1	Metazoa_SRP	misc_RNA	0	0	0	0.0000	0.0000	0.0000
ENSG00000274080.1	AC005089.1	lncRNA	1	0	1	0.0379	0.0111	0.0107
ENSG00000274086.1	L29074.2	misc_RNA	0	0	0	0.0000	0.0000	0.0000
ENSG00000274090.1	AL354821.1	lncRNA	0	0	0	0.0000	0.0000	0.0000
ENSG00000274091.1	SNORD1C	snoRNA	0	0	0	0.0000	0.0000	0.0000
ENSG00000274092.1	AC106739.1	lncRNA	0	6	13	0.0000	0.0000	0.0000
ENSG00000274093.1	AC009032.1	lncRNA	0	0	0	0.0000	0.0000	0.0000
ENSG00000274097.1	RNA5SP535	rRNA	0	0	0	0.0000	0.0000	0.0000
ENSG00000274098.1	RN7SL787P	misc_RNA	0	0	0	0.0000	0.0000	0.0000
ENSG00000274099.1	ABCB10P1	processed_pseudogene	0	0	0	0.0000	0.0000	0.0000
ENSG00000274102.2	OR4M2	protein_coding	0	0	0	0.0000	0.0000	0.0000
ENSG00000274104.1	AC020910.5	lncRNA	12	4	8	1.8871	0.5528	0.5323
ENSG00000274105.1	AC084824.3	lncRNA	4	4	0	0.3968	0.1162	0.1119
ENSG00000274111.1	MIR6777	miRNA	0	0	0	0.0000	0.0000	0.0000
ENSG00000274114.2	ALOX15P1	transcribed_unprocessed_pseudogene	2	1	1	0.0409	0.0120	0.0115
ENSG00000274115.1	MIR6081	miRNA	0	0	0	0.0000	0.0000	0.0000
ENSG00000274116.1	AC090132.2	processed_pseudogene	0	0	0	0.0000	0.0000	0.0000
ENSG00000274118.1	Y_RNA	misc_RNA	0	0	0	0.0000	0.0000	0.0000
ENSG00000274121.1	AL136171.1	misc_RNA	0	0	0	0.0000	0.0000	0.0000
ENSG00000274124.1	AC074029.3	lncRNA	3	1	2	0.8165	0.2392	0.2303
ENSG00000274127.1	AC073418.1	misc_RNA	0	0	0	0.0000	0.0000	0.0000
ENSG00000274128.1	AC027807.2	lncRNA	2	0	2	0.4163	0.1219	0.1174
ENSG00000274133.1	AC083849.1	processed_pseudogene	0	0	0	0.0000	0.0000	0.0000
ENSG00000274134.1	MIR6774	miRNA	0	0	0	0.0000	0.0000	0.0000
ENSG00000274135.1	Metazoa_SRP	misc_RNA	0	0	0	0.0000	0.0000	0.0000
ENSG00000274139.1	AC090164.2	lncRNA	2	1	1	0.3291	0.0964	0.0928
ENSG00000274149.1	AC072046.2	processed_pseudogene	0	0	0	0.0000	0.0000	0.0000
ENSG00000274150.1	FADS2B	unprocessed_pseudogene	0	0	0	0.0000	0.0000	0.0000
ENSG00000274154.1	AC114781.5	processed_pseudogene	0	0	0	0.0000	0.0000	0.0000
ENSG00000274156.1	AC008121.2	lncRNA	1	0	1	0.1624	0.0476	0.0458
ENSG00000274157.1	AL591471.1	processed_pseudogene	0	0	0	0.0000	0.0000	0.0000
ENSG00000274159.1	AL133243.1	lncRNA	0	0	0	0.0000	0.0000	0.0000
ENSG00000274162.1	SNX18P1Y	processed_pseudogene	2	0	2	0.3324	0.0974	0.0937
ENSG00000274164.1	RNA5SP439	rRNA_pseudogene	0	1	0	0.0000	0.0000	0.0000
ENSG00000274167.4	AL031601.2	transcribed_unprocessed_pseudogene	0	0	0	0.0000	0.0000	0.0000
ENSG00000274168.1	RN7SL585P	misc_RNA	0	0	0	0.0000	0.0000	0.0000
ENSG00000274170.1	AL021937.5	misc_RNA	0	0	0	0.0000	0.0000	0.0000
ENSG00000274172.1	MIR8071-1	miRNA	0	1	2	0.0000	0.0000	0.0000
ENSG00000274173.1	AL035661.1	lncRNA	0	0	0	0.0000	0.0000	0.0000
ENSG00000274177.1	AC004528.2	lncRNA	0	701	660	0.0000	0.0000	0.0000
ENSG00000274178.2	PRAMEF28P	unprocessed_pseudogene	0	0	0	0.0000	0.0000	0.0000
ENSG00000274180.1	NATD1	protein_coding	701	352	349	12.0724	3.5362	3.4051
ENSG00000274181.1	RBPJP2	processed_pseudogene	0	0	0	0.0000	0.0000	0.0000
ENSG00000274183.2	H2AB1	protein_coding	2	2	0	0.2893	0.0848	0.0816
ENSG00000274184.1	AC011815.2	lncRNA	3	2	1	0.1261	0.0369	0.0356
ENSG00000274186.1	RN7SL248P	misc_RNA	0	0	0	0.0000	0.0000	0.0000
ENSG00000274191.1	AC026333.4	lncRNA	3	2	1	0.4683	0.1372	0.1321
ENSG00000274196.5	FAM197Y4	transcribed_unprocessed_pseudogene	0	0	0	0.0000	0.0000	0.0000
ENSG00000274197.1	U4	snRNA	0	0	0	0.0000	0.0000	0.0000
ENSG00000274198.1	AC025521.1	lncRNA	0	0	0	0.0000	0.0000	0.0000
ENSG00000274199.1	AL109925.1	misc_RNA	0	1	1	0.0000	0.0000	0.0000
ENSG00000274204.1	AL138689.1	lncRNA	1	0	1	0.1271	0.0372	0.0359
ENSG00000274206.1	Metazoa_SRP	misc_RNA	0	0	0	0.0000	0.0000	0.0000
ENSG00000274209.4	ANTXRL	protein_coding	9	3	6	0.2465	0.0722	0.0695
ENSG00000274210.1	RNVU1-27	snRNA	2	0	2	1.0293	0.3015	0.2903
ENSG00000274211.6	SOCS7	protein_coding	1190	591	599	11.2221	3.2871	3.1653
ENSG00000274212.1	AL365265.1	processed_pseudogene	0	0	0	0.0000	0.0000	0.0000
ENSG00000274213.1	AC015912.3	lncRNA	12	5	7	2.9283	0.8577	0.8259
ENSG00000274214.1	AP005212.2	processed_pseudogene	65	39	26	10.4542	3.0622	2.9487
ENSG00000274215.1	AC106028.4	lncRNA	0	2	3	0.0000	0.0000	0.0000
ENSG00000274216.1	Metazoa_SRP	misc_RNA	0	0	0	0.0000	0.0000	0.0000
ENSG00000274219.1	AC025588.4	unprocessed_pseudogene	0	0	0	0.0000	0.0000	0.0000
ENSG00000274220.1	AC009163.7	lncRNA	19	12	7	0.6310	0.1848	0.1780
ENSG00000274225.1	AP001065.3	lncRNA	23	12	11	3.0329	0.8884	0.8554
ENSG00000274226.5	TBC1D3H	protein_coding	0	0	0	0.0000	0.0000	0.0000
ENSG00000274227.1	AC073575.2	lncRNA	3	4	5	0.4063	0.1190	0.1146
ENSG00000274228.1	RNA5SP414	rRNA_pseudogene	0	0	0	0.0000	0.0000	0.0000
ENSG00000274230.1	AC007351.3	misc_RNA	0	0	0	0.0000	0.0000	0.0000
ENSG00000274231.1	AC134878.1	processed_pseudogene	0	0	0	0.0000	0.0000	0.0000
ENSG00000274234.1	RN7SL818P	misc_RNA	0	0	0	0.0000	0.0000	0.0000
ENSG00000274235.1	AC022106.1	unprocessed_pseudogene	0	0	0	0.0000	0.0000	0.0000
ENSG00000274238.1	AC097478.1	lncRNA	1	0	1	0.1652	0.0484	0.0466
ENSG00000274242.1	AL354976.1	unprocessed_pseudogene	0	0	0	0.0000	0.0000	0.0000
ENSG00000274244.1	AC243585.1	lncRNA	0	0	0	0.0000	0.0000	0.0000
ENSG00000274248.1	AJ011932.1	lncRNA	6	4	2	1.0957	0.3210	0.3091
ENSG00000274251.1	AP003419.2	lncRNA	0	1	0	0.0000	0.0000	0.0000
ENSG00000274252.1	GGTLC3	protein_coding	0	0	0	0.0000	0.0000	0.0000
ENSG00000274253.5	AC138649.1	lncRNA	1	1	0	0.0159	0.0047	0.0045
ENSG00000274256.1	AL391903.2	processed_pseudogene	0	0	0	0.0000	0.0000	0.0000
ENSG00000274258.1	MIR6728	miRNA	0	0	0	0.0000	0.0000	0.0000
ENSG00000274259.2	SYNGAP1-AS1	lncRNA	1	33	30	0.1090	0.0319	0.0307
ENSG00000274261.2	AL137078.2	lncRNA	0	0	0	0.0000	0.0000	0.0000
ENSG00000274263.1	MIR7702	miRNA	0	0	0	0.0000	0.0000	0.0000
ENSG00000274265.5	AC245297.3	lncRNA	24	12	12	0.4750	0.1391	0.1340
ENSG00000274266.1	SNORA73A	snoRNA	0	0	0	0.0000	0.0000	0.0000
ENSG00000274269.1	AL031665.1	lncRNA	0	0	0	0.0000	0.0000	0.0000
ENSG00000274270.1	AL137060.3	lncRNA	7	6	1	0.2245	0.0658	0.0633
ENSG00000274272.1	AC069281.2	lncRNA	4	2	2	0.0772	0.0226	0.0218
ENSG00000274274.1	GAGE13	protein_coding	0	0	0	0.0000	0.0000	0.0000
ENSG00000274275.1	AC009831.3	lncRNA	0	0	0	0.0000	0.0000	0.0000
ENSG00000274276.4	CBSL	protein_coding	139	74	65	2.9480	0.8635	0.8315
ENSG00000274279.1	SPATA31E3P	unprocessed_pseudogene	0	0	0	0.0000	0.0000	0.0000
ENSG00000274280.1	MIR6069	miRNA	0	0	0	0.0000	0.0000	0.0000
ENSG00000274281.1	AC022929.2	lncRNA	1	0	1	0.0399	0.0117	0.0113
ENSG00000274282.1	AC010133.1	processed_pseudogene	0	0	0	0.0000	0.0000	0.0000
ENSG00000274284.1	Y_RNA	misc_RNA	0	0	0	0.0000	0.0000	0.0000
ENSG00000274286.2	ADRA2B	protein_coding	882	462	422	20.2651	5.9360	5.7159
ENSG00000274290.3	H2BC6	protein_coding	6	12	9	0.1971	0.0577	0.0556
ENSG00000274292.1	AC084018.2	lncRNA	0	8	6	0.0000	0.0000	0.0000
ENSG00000274293.1	AC079460.1	misc_RNA	0	0	0	0.0000	0.0000	0.0000
ENSG00000274294.1	AC015660.3	lncRNA	3	1	2	0.4102	0.1202	0.1157
ENSG00000274295.1	AC131902.2	processed_pseudogene	0	0	0	0.0000	0.0000	0.0000
ENSG00000274297.1	AC009269.5	lncRNA	6	4	2	0.8665	0.2538	0.2444
ENSG00000274299.1	AC099654.3	unprocessed_pseudogene	0	0	0	0.0000	0.0000	0.0000
ENSG00000274300.1	MIR6864	miRNA	0	0	0	0.0000	0.0000	0.0000
ENSG00000274303.1	7SK	misc_RNA	0	0	0	0.0000	0.0000	0.0000
ENSG00000274306.1	MIR5088	miRNA	0	0	0	0.0000	0.0000	0.0000
ENSG00000274308.1	AC244093.1	processed_pseudogene	9	4	5	0.9389	0.2750	0.2648
ENSG00000274309.1	SNORA71E	snoRNA	0	0	0	0.0000	0.0000	0.0000
ENSG00000274310.1	AC091076.1	unprocessed_pseudogene	0	0	0	0.0000	0.0000	0.0000
ENSG00000274312.1	AC015722.2	lncRNA	0	0	0	0.0000	0.0000	0.0000
ENSG00000274314.1	MIR6749	miRNA	0	0	0	0.0000	0.0000	0.0000
ENSG00000274315.1	AC009318.3	lncRNA	23	12	11	3.8830	1.1374	1.0952
ENSG00000274316.1	ZNF646P1	unprocessed_pseudogene	0	0	0	0.0000	0.0000	0.0000
ENSG00000274317.2	LINC02334	lncRNA	1	0	1	0.0131	0.0038	0.0037
ENSG00000274319.1	RPSAP73	processed_pseudogene	0	0	0	0.0000	0.0000	0.0000
ENSG00000274321.1	AC093578.2	misc_RNA	0	0	0	0.0000	0.0000	0.0000
ENSG00000274322.1	AL136531.2	protein_coding	1	1	0	0.0618	0.0181	0.0174
ENSG00000274326.1	AL359314.1	misc_RNA	0	0	0	0.0000	0.0000	0.0000
ENSG00000274328.1	AC007551.2	processed_pseudogene	0	0	0	0.0000	0.0000	0.0000
ENSG00000274330.1	AL160191.3	unprocessed_pseudogene	1	1	0	0.0385	0.0113	0.0109
ENSG00000274331.1	AL355974.1	lncRNA	3	0	3	0.1492	0.0437	0.0421
ENSG00000274333.4	CU633967.1	lncRNA	7	4	3	0.0679	0.0199	0.0191
ENSG00000274340.1	AC032011.1	lncRNA	0	0	0	0.0000	0.0000	0.0000
ENSG00000274341.1	AC005899.6	lncRNA	4	1	3	1.1437	0.3350	0.3226
ENSG00000274342.1	AL033538.1	misc_RNA	0	0	0	0.0000	0.0000	0.0000
ENSG00000274343.1	AC232323.1	processed_pseudogene	0	0	0	0.0000	0.0000	0.0000
ENSG00000274344.1	AC002542.2	misc_RNA	0	0	0	0.0000	0.0000	0.0000
ENSG00000274346.1	AC016999.2	unprocessed_pseudogene	0	0	0	0.0000	0.0000	0.0000
ENSG00000274347.1	AC127381.2	unprocessed_pseudogene	0	0	0	0.0000	0.0000	0.0000
ENSG00000274349.4	ZNF658	protein_coding	42	20	22	0.7365	0.2157	0.2077
ENSG00000274350.1	RN7SL853P	misc_RNA	0	0	0	0.0000	0.0000	0.0000
ENSG00000274351.1	AL137000.1	unprocessed_pseudogene	1	1	0	0.0683	0.0200	0.0193
ENSG00000274353.1	AC103564.3	unprocessed_pseudogene	0	0	0	0.0000	0.0000	0.0000
ENSG00000274354.1	AC105105.3	lncRNA	0	0	0	0.0000	0.0000	0.0000
ENSG00000274355.1	FAM74A3	transcribed_processed_pseudogene	0	0	0	0.0000	0.0000	0.0000
ENSG00000274356.1	AL355987.5	unprocessed_pseudogene	0	0	0	0.0000	0.0000	0.0000
ENSG00000274357.1	Metazoa_SRP	misc_RNA	0	0	0	0.0000	0.0000	0.0000
ENSG00000274363.1	AC087742.1	lncRNA	1	1	0	0.1148	0.0336	0.0324
ENSG00000274364.1	AL110115.1	lncRNA	1	0	1	0.2333	0.0683	0.0658
ENSG00000274365.1	AC013412.1	processed_pseudogene	0	0	0	0.0000	0.0000	0.0000
ENSG00000274367.1	AC004233.3	lncRNA	0	0	0	0.0000	0.0000	0.0000
ENSG00000274369.1	GRAMD4P4	processed_pseudogene	0	0	0	0.0000	0.0000	0.0000
ENSG00000274370.1	AC130371.2	lncRNA	7	4	3	0.9729	0.2850	0.2744
ENSG00000274372.5	LINC02804	lncRNA	4	2	2	0.1305	0.0382	0.0368
ENSG00000274373.1	AC148476.1	lncRNA	0	0	0	0.0000	0.0000	0.0000
ENSG00000274374.1	TUBAP6	processed_pseudogene	3	0	3	0.2187	0.0641	0.0617
ENSG00000274376.4	ADAMTS7P1	transcribed_unprocessed_pseudogene	3	1	2	0.0523	0.0153	0.0147
ENSG00000274378.1	AC005702.3	unprocessed_pseudogene	0	0	0	0.0000	0.0000	0.0000
ENSG00000274379.1	AL121612.1	lncRNA	0	0	0	0.0000	0.0000	0.0000
ENSG00000274380.1	MIR6801	miRNA	0	0	0	0.0000	0.0000	0.0000
ENSG00000274381.1	AC245028.3	unprocessed_pseudogene	0	0	0	0.0000	0.0000	0.0000
ENSG00000274383.1	AC103691.1	lncRNA	0	52	33	0.0000	0.0000	0.0000
ENSG00000274385.1	U6	snRNA	0	0	0	0.0000	0.0000	0.0000
ENSG00000274386.5	TMEM269	protein_coding	30	36	29	0.5826	0.1706	0.1643
ENSG00000274387.1	AC097634.2	lncRNA	0	0	0	0.0000	0.0000	0.0000
ENSG00000274390.1	MIR6885	miRNA	0	0	0	0.0000	0.0000	0.0000
ENSG00000274391.5	TPTE	protein_coding	0	0	0	0.0000	0.0000	0.0000
ENSG00000274396.1	AC004079.1	misc_RNA	0	0	0	0.0000	0.0000	0.0000
ENSG00000274397.1	AL357153.4	unprocessed_pseudogene	1	0	1	0.0836	0.0245	0.0236
ENSG00000274398.1	AC233981.1	processed_pseudogene	0	0	0	0.0000	0.0000	0.0000
ENSG00000274400.1	AC015967.1	lncRNA	0	0	0	0.0000	0.0000	0.0000
ENSG00000274403.1	AC090510.2	lncRNA	5	2	3	0.6750	0.1977	0.1904
ENSG00000274408.1	RNA5SP536	rRNA	0	0	0	0.0000	0.0000	0.0000
ENSG00000274409.1	AC004774.1	misc_RNA	0	0	0	0.0000	0.0000	0.0000
ENSG00000274414.1	AL121772.1	lncRNA	11	6	6	0.4001	0.1172	0.1128
ENSG00000274415.1	AC241644.3	lncRNA	0	54	47	0.0000	0.0000	0.0000
ENSG00000274417.1	MIR6515	miRNA	0	0	0	0.0000	0.0000	0.0000
ENSG00000274419.6	TBC1D3D	protein_coding	0	1	0	0.0000	0.0000	0.0000
ENSG00000274420.1	AC026318.1	misc_RNA	0	0	0	0.0000	0.0000	0.0000
ENSG00000274421.1	AL162390.1	lncRNA	0	0	0	0.0000	0.0000	0.0000
ENSG00000274422.1	AC245060.5	lncRNA	18	8	10	0.4642	0.1360	0.1309
ENSG00000274423.1	SEC22B2P	unprocessed_pseudogene	1	2	0	0.1482	0.0434	0.0418
ENSG00000274424.1	RN7SL196P	misc_RNA	0	0	0	0.0000	0.0000	0.0000
ENSG00000274425.1	AC114271.1	lncRNA	3	745	762	0.0906	0.0265	0.0255
ENSG00000274427.1	AC145423.1	lncRNA	0	0	0	0.0000	0.0000	0.0000
ENSG00000274428.1	RNVU1-25	snRNA	2	1	1	1.0615	0.3109	0.2994
ENSG00000274430.1	AL353804.3	misc_RNA	0	0	0	0.0000	0.0000	0.0000
ENSG00000274432.1	U2	snRNA	0	0	0	0.0000	0.0000	0.0000
ENSG00000274441.1	AC008957.2	lncRNA	0	0	0	0.0000	0.0000	0.0000
ENSG00000274443.4	C8orf89	protein_coding	0	0	0	0.0000	0.0000	0.0000
ENSG00000274444.1	AC078909.2	lncRNA	0	0	0	0.0000	0.0000	0.0000
ENSG00000274445.1	AC006986.1	processed_pseudogene	0	0	0	0.0000	0.0000	0.0000
ENSG00000274446.1	AP001005.2	processed_pseudogene	0	0	0	0.0000	0.0000	0.0000
ENSG00000274447.1	AC005790.1	lncRNA	10	4	6	1.8871	0.5528	0.5323
ENSG00000274450.1	AC241929.1	snRNA	0	0	0	0.0000	0.0000	0.0000
ENSG00000274451.1	AL136228.1	unprocessed_pseudogene	0	0	0	0.0000	0.0000	0.0000
ENSG00000274452.1	U2	snRNA	0	0	0	0.0000	0.0000	0.0000
ENSG00000274455.1	GUSBP7	unprocessed_pseudogene	0	0	0	0.0000	0.0000	0.0000
ENSG00000274458.1	AL590730.2	snoRNA	0	0	0	0.0000	0.0000	0.0000
ENSG00000274459.1	Metazoa_SRP	misc_RNA	0	0	0	0.0000	0.0000	0.0000
ENSG00000274460.1	AC092119.2	lncRNA	20	10	10	1.1391	0.3337	0.3213
ENSG00000274461.2	AC023282.1	lncRNA	0	0	0	0.0000	0.0000	0.0000
ENSG00000274466.1	MIR1273H	miRNA	0	0	0	0.0000	0.0000	0.0000
ENSG00000274467.1	RNA5SP257	rRNA_pseudogene	0	0	0	0.0000	0.0000	0.0000
ENSG00000274468.1	AL512638.2	unprocessed_pseudogene	0	0	0	0.0000	0.0000	0.0000
ENSG00000274469.2	LINC01746	lncRNA	0	0	0	0.0000	0.0000	0.0000
ENSG00000274471.2	HERC2P7	transcribed_unprocessed_pseudogene	15	5	10	0.5862	0.1717	0.1653
ENSG00000274472.1	Y_RNA	misc_RNA	0	0	0	0.0000	0.0000	0.0000
ENSG00000274475.1	RN7SL650P	misc_RNA	0	0	0	0.0000	0.0000	0.0000
ENSG00000274478.1	AC009154.2	lncRNA	0	0	0	0.0000	0.0000	0.0000
ENSG00000274481.1	AL691432.3	processed_pseudogene	0	0	0	0.0000	0.0000	0.0000
ENSG00000274484.1	Y_RNA	misc_RNA	0	0	0	0.0000	0.0000	0.0000
ENSG00000274486.1	AP002383.5	unprocessed_pseudogene	0	0	0	0.0000	0.0000	0.0000
ENSG00000274487.2	NPEPPSP1	transcribed_unprocessed_pseudogene	12	9	4	0.6037	0.1768	0.1703
ENSG00000274489.1	AC124076.1	processed_pseudogene	0	0	0	0.0000	0.0000	0.0000
ENSG00000274491.1	AL132655.4	misc_RNA	0	1	0	0.0000	0.0000	0.0000
ENSG00000274492.1	AL121768.1	lncRNA	1	0	1	0.0334	0.0098	0.0094
ENSG00000274493.1	MRPS17P5	processed_pseudogene	0	0	0	0.0000	0.0000	0.0000
ENSG00000274494.1	MIR6832	miRNA	0	0	0	0.0000	0.0000	0.0000
ENSG00000274499.1	AC012414.6	transcribed_processed_pseudogene	0	0	0	0.0000	0.0000	0.0000
ENSG00000274500.1	AC007938.4	misc_RNA	0	0	0	0.0000	0.0000	0.0000
ENSG00000274501.1	AL121845.4	lncRNA	0	0	0	0.0000	0.0000	0.0000
ENSG00000274502.1	ANKRD20A6P	processed_pseudogene	0	0	0	0.0000	0.0000	0.0000
ENSG00000274503.1	AC123912.6	unprocessed_pseudogene	0	0	0	0.0000	0.0000	0.0000
ENSG00000274505.1	Metazoa_SRP	misc_RNA	0	0	0	0.0000	0.0000	0.0000
ENSG00000274507.1	AL121772.2	lncRNA	1	1	0	0.2859	0.0838	0.0806
ENSG00000274508.1	AC007336.2	lncRNA	2	2	0	0.3049	0.0893	0.0860
ENSG00000274510.1	Metazoa_SRP	misc_RNA	0	0	0	0.0000	0.0000	0.0000
ENSG00000274512.5	TBC1D3L	protein_coding	10	4	7	0.3778	0.1107	0.1065
ENSG00000274514.1	Metazoa_SRP	misc_RNA	0	0	0	0.0000	0.0000	0.0000
ENSG00000274515.1	AC105020.5	lncRNA	1	0	1	0.2008	0.0588	0.0566
ENSG00000274516.2	FAM74A6	transcribed_processed_pseudogene	0	0	0	0.0000	0.0000	0.0000
ENSG00000274520.1	AC012354.2	misc_RNA	1	0	1	0.9761	0.2859	0.2753
ENSG00000274523.5	RCC1L	protein_coding	2389	1245	1210	48.3496	14.1624	13.6373
ENSG00000274525.1	AC008443.5	unprocessed_pseudogene	0	0	0	0.0000	0.0000	0.0000
ENSG00000274528.1	AC090970.2	lncRNA	4	1	3	0.3922	0.1149	0.1106
ENSG00000274529.5	SEBOX	protein_coding	0	0	0	0.0000	0.0000	0.0000
ENSG00000274532.1	AC091304.5	unprocessed_pseudogene	0	0	0	0.0000	0.0000	0.0000
ENSG00000274535.1	SNORD39	snoRNA	0	0	0	0.0000	0.0000	0.0000
ENSG00000274536.7	MIR223HG	lncRNA	12	9	3	0.2514	0.0736	0.0709
ENSG00000274541.1	AL121955.1	processed_pseudogene	1	0	1	0.2803	0.0821	0.0791
ENSG00000274544.1	SNORD28	snoRNA	0	0	0	0.0000	0.0000	0.0000
ENSG00000274547.1	AC012354.3	misc_RNA	0	0	0	0.0000	0.0000	0.0000
ENSG00000274549.1	AL356274.1	unprocessed_pseudogene	0	0	0	0.0000	0.0000	0.0000
ENSG00000274551.1	AC007450.2	unprocessed_pseudogene	0	0	0	0.0000	0.0000	0.0000
ENSG00000274552.1	MIR6889	miRNA	0	0	0	0.0000	0.0000	0.0000
ENSG00000274553.1	AC138035.3	processed_pseudogene	0	0	0	0.0000	0.0000	0.0000
ENSG00000274554.1	AC083806.2	lncRNA	1	19	20	0.0316	0.0093	0.0089
ENSG00000274559.3	CU639417.1	protein_coding	0	0	0	0.0000	0.0000	0.0000
ENSG00000274560.1	AC010205.1	lncRNA	0	0	0	0.0000	0.0000	0.0000
ENSG00000274561.1	AC005332.3	lncRNA	47	23	24	8.9490	2.6213	2.5241
ENSG00000274562.1	AL121985.2	unprocessed_pseudogene	0	0	0	0.0000	0.0000	0.0000
ENSG00000274565.1	AC080038.1	lncRNA	8	9	3	0.5887	0.1724	0.1660
ENSG00000274568.1	RN7SL545P	misc_RNA	0	0	0	0.0000	0.0000	0.0000
ENSG00000274569.1	AC024884.1	processed_pseudogene	0	0	0	0.0000	0.0000	0.0000
ENSG00000274570.4	SPDYE10P	transcribed_unprocessed_pseudogene	0	0	0	0.0000	0.0000	0.0000
ENSG00000274572.1	ZYXP1	unprocessed_pseudogene	0	0	0	0.0000	0.0000	0.0000
ENSG00000274576.2	IGHV2-70	IG_V_gene	92	53	39	21.8231	6.3923	6.1553
ENSG00000274578.1	AC006249.1	lncRNA	0	0	0	0.0000	0.0000	0.0000
ENSG00000274579.1	AL096861.1	processed_pseudogene	0	0	0	0.0000	0.0000	0.0000
ENSG00000274582.1	SNORA16A	snoRNA	0	0	0	0.0000	0.0000	0.0000
ENSG00000274583.1	FAM74A4	transcribed_processed_pseudogene	0	0	0	0.0000	0.0000	0.0000
ENSG00000274584.1	AP001282.2	unprocessed_pseudogene	3	2	1	0.8245	0.2415	0.2325
ENSG00000274585.1	RNU2-1	snRNA	0	0	0	0.0000	0.0000	0.0000
ENSG00000274588.2	DGKK	protein_coding	0	0	0	0.0000	0.0000	0.0000
ENSG00000274589.1	Metazoa_SRP	misc_RNA	0	0	0	0.0000	0.0000	0.0000
ENSG00000274591.1	AC025031.3	lncRNA	0	0	0	0.0000	0.0000	0.0000
ENSG00000274594.1	AL391669.1	processed_pseudogene	1	0	1	0.2980	0.0873	0.0840
ENSG00000274598.1	AC087893.2	lncRNA	0	0	0	0.0000	0.0000	0.0000
ENSG00000274599.2	DUX4L24	unprocessed_pseudogene	0	0	0	0.0000	0.0000	0.0000
ENSG00000274600.1	RIMBP3B	protein_coding	2	0	2	0.0278	0.0081	0.0078
ENSG00000274601.1	AC240442.1	unprocessed_pseudogene	0	0	0	0.0000	0.0000	0.0000
ENSG00000274602.5	PI4KAP1	transcribed_unprocessed_pseudogene	57	29	28	1.0059	0.2946	0.2837
ENSG00000274603.1	Y_RNA	misc_RNA	0	0	0	0.0000	0.0000	0.0000
ENSG00000274605.2	PCCA-DT	lncRNA	99	50	49	4.0477	1.1856	1.1417
ENSG00000274606.1	AC106873.4	misc_RNA	0	0	0	0.0000	0.0000	0.0000
ENSG00000274607.1	RNU6-866P	snRNA	0	0	0	0.0000	0.0000	0.0000
ENSG00000274611.3	TBC1D3	protein_coding	0	0	0	0.0000	0.0000	0.0000
ENSG00000274612.1	AC011447.5	processed_pseudogene	0	0	0	0.0000	0.0000	0.0000
ENSG00000274614.1	AL390754.1	unprocessed_pseudogene	0	0	0	0.0000	0.0000	0.0000
ENSG00000274615.1	AC233968.1	unprocessed_pseudogene	0	1	0	0.0000	0.0000	0.0000
ENSG00000274617.1	AL021937.6	misc_RNA	0	0	0	0.0000	0.0000	0.0000
ENSG00000274618.2	H4C6	protein_coding	0	0	0	0.0000	0.0000	0.0000
ENSG00000274620.1	MIR378J	miRNA	1	0	1	0.7791	0.2282	0.2197
ENSG00000274621.1	MIR6867	miRNA	0	0	0	0.0000	0.0000	0.0000
ENSG00000274624.1	AC007671.1	lncRNA	17	9	8	1.7393	0.5095	0.4906
ENSG00000274625.1	AC023490.1	scaRNA	0	0	0	0.0000	0.0000	0.0000
ENSG00000274628.5	AL669942.1	transcribed_unprocessed_pseudogene	0	0	0	0.0000	0.0000	0.0000
ENSG00000274629.1	AC073052.1	lncRNA	0	385	425	0.0000	0.0000	0.0000
ENSG00000274630.1	AC125257.2	lncRNA	0	791	798	0.0000	0.0000	0.0000
ENSG00000274631.1	AL662814.1	processed_pseudogene	0	0	0	0.0000	0.0000	0.0000
ENSG00000274632.1	RN7SL719P	misc_RNA	0	0	0	0.0000	0.0000	0.0000
ENSG00000274637.1	AC092628.2	unprocessed_pseudogene	0	0	0	0.0000	0.0000	0.0000
ENSG00000274640.1	SNORD109A	snoRNA	0	0	0	0.0000	0.0000	0.0000
ENSG00000274641.2	H2BC17	protein_coding	1	1	0	0.1818	0.0533	0.0513
ENSG00000274642.1	AC244669.2	unprocessed_pseudogene	0	0	0	0.0000	0.0000	0.0000
ENSG00000274647.1	AC126175.1	misc_RNA	0	0	0	0.0000	0.0000	0.0000
ENSG00000274649.1	AL512624.1	processed_pseudogene	0	0	0	0.0000	0.0000	0.0000
ENSG00000274652.1	AL157817.1	lncRNA	0	0	0	0.0000	0.0000	0.0000
ENSG00000274653.1	AC106782.5	lncRNA	5	60	62	0.8293	0.2429	0.2339
ENSG00000274654.1	AC022467.1	lncRNA	0	0	0	0.0000	0.0000	0.0000
ENSG00000274655.1	AL353804.4	misc_RNA	0	0	0	0.0000	0.0000	0.0000
ENSG00000274656.1	RN7SL625P	misc_RNA	0	0	0	0.0000	0.0000	0.0000
ENSG00000274658.1	TBC1D3J	unprocessed_pseudogene	1	1	0	0.0596	0.0174	0.0168
ENSG00000274659.2	LINC02371	lncRNA	3	2	1	0.0655	0.0192	0.0185
ENSG00000274660.1	Metazoa_SRP	misc_RNA	0	0	0	0.0000	0.0000	0.0000
ENSG00000274662.1	RN7SKP236	misc_RNA	0	0	0	0.0000	0.0000	0.0000
ENSG00000274663.1	RNA5SP526	rRNA	0	0	0	0.0000	0.0000	0.0000
ENSG00000274664.1	AP005019.1	processed_pseudogene	0	0	0	0.0000	0.0000	0.0000
ENSG00000274666.1	AL133370.2	unprocessed_pseudogene	0	0	0	0.0000	0.0000	0.0000
ENSG00000274667.1	AC090517.2	lncRNA	8	6	2	0.9991	0.2926	0.2818
ENSG00000274670.1	AC137590.2	lncRNA	0	0	0	0.0000	0.0000	0.0000
ENSG00000274677.1	AC040169.3	lncRNA	5	2	3	0.6938	0.2032	0.1957
ENSG00000274678.1	AC106886.3	lncRNA	0	2	1	0.0000	0.0000	0.0000
ENSG00000274680.1	MYO5BP1	processed_pseudogene	0	0	0	0.0000	0.0000	0.0000
ENSG00000274682.1	AC015540.1	lncRNA	0	0	0	0.0000	0.0000	0.0000
ENSG00000274685.1	AL360181.4	lncRNA	0	0	0	0.0000	0.0000	0.0000
ENSG00000274686.1	Metazoa_SRP	misc_RNA	0	0	0	0.0000	0.0000	0.0000
ENSG00000274688.1	AL591926.1	processed_pseudogene	0	0	0	0.0000	0.0000	0.0000
ENSG00000274691.1	AL157834.3	unprocessed_pseudogene	0	0	0	0.0000	0.0000	0.0000
ENSG00000274693.1	AL390065.1	misc_RNA	0	1	0	0.0000	0.0000	0.0000
ENSG00000274695.1	AC108704.1	lncRNA	0	0	0	0.0000	0.0000	0.0000
ENSG00000274697.1	MIR6761	miRNA	0	0	0	0.0000	0.0000	0.0000
ENSG00000274698.1	AC099521.1	lncRNA	1	1	0	0.0417	0.0122	0.0118
ENSG00000274701.1	Metazoa_SRP	misc_RNA	0	0	0	0.0000	0.0000	0.0000
ENSG00000274702.1	AL357559.1	processed_pseudogene	0	0	0	0.0000	0.0000	0.0000
ENSG00000274704.1	Metazoa_SRP	misc_RNA	0	0	0	0.0000	0.0000	0.0000
ENSG00000274705.2	MIR486-1	miRNA	0	0	0	0.0000	0.0000	0.0000
ENSG00000274709.1	AC004774.2	misc_RNA	0	0	0	0.0000	0.0000	0.0000
ENSG00000274711.1	Metazoa_SRP	misc_RNA	0	1	0	0.0000	0.0000	0.0000
ENSG00000274712.2	AC005332.4	transcribed_unprocessed_pseudogene	40	20	20	1.6942	0.4962	0.4779
ENSG00000274713.1	MIR7974	miRNA	0	0	0	0.0000	0.0000	0.0000
ENSG00000274716.1	U4	snRNA	0	0	0	0.0000	0.0000	0.0000
ENSG00000274717.1	AL049757.1	processed_pseudogene	1	0	1	0.0532	0.0156	0.0150
ENSG00000274718.1	AL136964.1	lncRNA	1	0	1	0.0284	0.0083	0.0080
ENSG00000274719.1	AC012653.2	lncRNA	0	0	0	0.0000	0.0000	0.0000
ENSG00000274721.1	AC091825.1	misc_RNA	11	3	8	7.7200	2.2613	2.1775
ENSG00000274723.1	AC079906.1	lncRNA	0	0	0	0.0000	0.0000	0.0000
ENSG00000274727.1	AL137028.1	processed_pseudogene	0	0	0	0.0000	0.0000	0.0000
ENSG00000274730.1	AC141273.2	unprocessed_pseudogene	0	0	0	0.0000	0.0000	0.0000
ENSG00000274732.1	AC069504.1	misc_RNA	0	0	0	0.0000	0.0000	0.0000
ENSG00000274736.5	CCL23	protein_coding	11	3	8	1.2589	0.3688	0.3551
ENSG00000274737.1	AC004466.2	lncRNA	0	0	0	0.0000	0.0000	0.0000
ENSG00000274740.1	AC013791.1	misc_RNA	0	0	0	0.0000	0.0000	0.0000
ENSG00000274742.1	Metazoa_SRP	misc_RNA	0	0	0	0.0000	0.0000	0.0000
ENSG00000274747.1	RN7SL627P	misc_RNA	0	0	0	0.0000	0.0000	0.0000
ENSG00000274748.1	AC233702.9	unprocessed_pseudogene	0	0	0	0.0000	0.0000	0.0000
ENSG00000274749.1	KRTAP7-1	protein_coding	0	0	0	0.0000	0.0000	0.0000
ENSG00000274750.2	H3C6	protein_coding	133	69	64	4.2159	1.2349	1.1891
ENSG00000274751.1	AC120498.9	lncRNA	1	5	6	0.0220	0.0064	0.0062
ENSG00000274752.1	TRBV12-3	TR_V_gene	10	6	4	2.0763	0.6082	0.5856
ENSG00000274755.1	U2	snRNA	0	0	0	0.0000	0.0000	0.0000
ENSG00000274756.1	AC243732.1	processed_pseudogene	5	4	1	0.4914	0.1439	0.1386
ENSG00000274758.1	AC006435.3	lncRNA	0	0	0	0.0000	0.0000	0.0000
ENSG00000274759.1	RNA5SP527	rRNA	0	0	0	0.0000	0.0000	0.0000
ENSG00000274760.1	AL049766.1	misc_RNA	0	0	0	0.0000	0.0000	0.0000
ENSG00000274764.6	PRAMEF27	protein_coding	0	0	0	0.0000	0.0000	0.0000
ENSG00000274765.1	AC018926.1	lncRNA	1	2	2	0.1952	0.0572	0.0551
ENSG00000274766.2	BX072579.2	lncRNA	0	0	0	0.0000	0.0000	0.0000
ENSG00000274767.1	AC243829.1	lncRNA	3	3	6	0.1818	0.0533	0.0513
ENSG00000274769.1	AC016747.4	lncRNA	1	0	1	0.0614	0.0180	0.0173
ENSG00000274770.1	MIR6128	miRNA	0	0	0	0.0000	0.0000	0.0000
ENSG00000274772.1	Metazoa_SRP	misc_RNA	0	0	0	0.0000	0.0000	0.0000
ENSG00000274775.2	Z82195.2	transcribed_unprocessed_pseudogene	3	0	3	0.0128	0.0037	0.0036
ENSG00000274776.1	AC090241.3	lncRNA	1	0	1	0.0327	0.0096	0.0092
ENSG00000274777.1	AC004792.1	misc_RNA	0	0	0	0.0000	0.0000	0.0000
ENSG00000274790.1	Y_RNA	misc_RNA	0	0	0	0.0000	0.0000	0.0000
ENSG00000274791.1	F8A2	protein_coding	0	0	0	0.0000	0.0000	0.0000
ENSG00000274797.1	AC008121.3	lncRNA	1	0	1	0.1961	0.0574	0.0553
ENSG00000274798.1	AC025166.1	lncRNA	0	0	0	0.0000	0.0000	0.0000
ENSG00000274799.1	Metazoa_SRP	misc_RNA	0	0	0	0.0000	0.0000	0.0000
ENSG00000274800.1	AC007204.2	unprocessed_pseudogene	0	0	0	0.0000	0.0000	0.0000
ENSG00000274805.1	MIR6768	miRNA	0	0	0	0.0000	0.0000	0.0000
ENSG00000274808.5	TBC1D3B	protein_coding	1	0	1	0.0299	0.0087	0.0084
ENSG00000274809.1	MIR6078	miRNA	0	0	0	0.0000	0.0000	0.0000
ENSG00000274810.4	NPHP3-ACAD11	protein_coding	0	0	0	0.0000	0.0000	0.0000
ENSG00000274813.1	AC126915.2	unprocessed_pseudogene	0	0	0	0.0000	0.0000	0.0000
ENSG00000274814.1	AC138749.7	unprocessed_pseudogene	0	0	0	0.0000	0.0000	0.0000
ENSG00000274816.1	MIR6772	miRNA	3	0	3	3.9806	1.1660	1.1228
ENSG00000274817.1	AC012531.4	misc_RNA	0	0	0	0.0000	0.0000	0.0000
ENSG00000274818.1	AC004825.2	lncRNA	7	1	6	1.3065	0.3827	0.3685
ENSG00000274819.1	AC018659.3	misc_RNA	0	0	0	0.0000	0.0000	0.0000
ENSG00000274820.1	AL353770.1	unprocessed_pseudogene	0	0	0	0.0000	0.0000	0.0000
ENSG00000274822.1	MIR6762	miRNA	0	0	0	0.0000	0.0000	0.0000
ENSG00000274823.1	APONP	processed_pseudogene	0	0	0	0.0000	0.0000	0.0000
ENSG00000274824.1	MIR7152	miRNA	0	0	0	0.0000	0.0000	0.0000
ENSG00000274825.1	AL023803.2	lncRNA	2	0	2	0.2662	0.0780	0.0751
ENSG00000274827.4	LINC01297	lncRNA	0	0	0	0.0000	0.0000	0.0000
ENSG00000274828.1	AC068473.5	lncRNA	58	33	25	2.3771	0.6963	0.6705
ENSG00000274832.1	AC233724.8	processed_pseudogene	0	0	0	0.0000	0.0000	0.0000
ENSG00000274833.1	AC110285.5	lncRNA	6	3	3	1.4475	0.4240	0.4083
ENSG00000274834.1	AC010333.3	lncRNA	0	0	0	0.0000	0.0000	0.0000
ENSG00000274835.1	AC100757.2	unprocessed_pseudogene	0	0	0	0.0000	0.0000	0.0000
ENSG00000274836.1	AC020558.4	misc_RNA	0	0	0	0.0000	0.0000	0.0000
ENSG00000274837.1	AC009233.1	processed_pseudogene	0	0	0	0.0000	0.0000	0.0000
ENSG00000274838.1	MIR6788	miRNA	0	0	0	0.0000	0.0000	0.0000
ENSG00000274840.4	AC132807.2	lncRNA	0	0	0	0.0000	0.0000	0.0000
ENSG00000274841.1	Metazoa_SRP	misc_RNA	0	0	0	0.0000	0.0000	0.0000
ENSG00000274844.1	AL512427.1	processed_pseudogene	0	0	0	0.0000	0.0000	0.0000
ENSG00000274845.1	AC114778.1	misc_RNA	0	0	0	0.0000	0.0000	0.0000
ENSG00000274848.1	Metazoa_SRP	misc_RNA	0	0	0	0.0000	0.0000	0.0000
ENSG00000274849.1	AC023043.4	lncRNA	14	6	8	2.6479	0.7756	0.7468
ENSG00000274852.1	RN7SL422P	misc_RNA	0	0	0	0.0000	0.0000	0.0000
ENSG00000274855.1	AL133351.3	processed_pseudogene	0	0	0	0.0000	0.0000	0.0000
ENSG00000274859.1	AC131238.1	lncRNA	0	21	22	0.0000	0.0000	0.0000
ENSG00000274860.1	Metazoa_SRP	misc_RNA	0	0	0	0.0000	0.0000	0.0000
ENSG00000274862.1	U2	snRNA	0	0	0	0.0000	0.0000	0.0000
ENSG00000274863.1	AL135936.1	lncRNA	0	0	0	0.0000	0.0000	0.0000
ENSG00000274864.1	AC004079.2	misc_RNA	0	0	0	0.0000	0.0000	0.0000
ENSG00000274866.1	AC051649.2	misc_RNA	0	0	0	0.0000	0.0000	0.0000
ENSG00000274867.1	AL589994.2	processed_pseudogene	0	0	0	0.0000	0.0000	0.0000
ENSG00000274868.1	FP236383.1	misc_RNA	0	0	0	0.0000	0.0000	0.0000
ENSG00000274874.2	AC068790.8	lncRNA	0	0	0	0.0000	0.0000	0.0000
ENSG00000274878.1	AL137060.4	misc_RNA	0	1	0	0.0000	0.0000	0.0000
ENSG00000274879.1	AC009804.1	processed_pseudogene	0	0	0	0.0000	0.0000	0.0000
ENSG00000274883.1	Metazoa_SRP	misc_RNA	0	0	0	0.0000	0.0000	0.0000
ENSG00000274884.1	AL117190.3	misc_RNA	0	0	0	0.0000	0.0000	0.0000
ENSG00000274886.1	SEPTIN14P17	unprocessed_pseudogene	0	0	0	0.0000	0.0000	0.0000
ENSG00000274892.1	AC011487.3	unprocessed_pseudogene	0	0	0	0.0000	0.0000	0.0000
ENSG00000274893.1	AL136317.2	lncRNA	0	0	0	0.0000	0.0000	0.0000
ENSG00000274895.1	AC011700.1	lncRNA	0	0	0	0.0000	0.0000	0.0000
ENSG00000274898.1	AC001226.1	lncRNA	0	0	0	0.0000	0.0000	0.0000
ENSG00000274899.1	AC006386.1	processed_pseudogene	0	0	0	0.0000	0.0000	0.0000
ENSG00000274901.2	Z69908.1	unprocessed_pseudogene	0	0	0	0.0000	0.0000	0.0000
ENSG00000274902.1	AC004241.2	lncRNA	7	3	4	1.3388	0.3922	0.3776
ENSG00000274903.1	AL109933.3	unprocessed_pseudogene	0	0	0	0.0000	0.0000	0.0000
ENSG00000274904.1	AC093512.1	lncRNA	0	1533	1324	0.0000	0.0000	0.0000
ENSG00000274915.1	AL096828.4	misc_RNA	0	1	0	0.0000	0.0000	0.0000
ENSG00000274918.1	AC116447.1	lncRNA	1	0	1	0.1875	0.0549	0.0529
ENSG00000274919.1	AL390240.1	processed_pseudogene	0	0	0	0.0000	0.0000	0.0000
ENSG00000274922.1	AL139384.1	lncRNA	16	8	8	0.4459	0.1306	0.1258
ENSG00000274923.1	AC005296.1	unprocessed_pseudogene	0	0	0	0.0000	0.0000	0.0000
ENSG00000274925.1	ZKSCAN2-DT	lncRNA	41	18	23	1.1177	0.3274	0.3153
ENSG00000274927.1	AC239859.4	unprocessed_pseudogene	0	0	0	0.0000	0.0000	0.0000
ENSG00000274928.6	KRT89P	transcribed_unprocessed_pseudogene	1	0	1	0.0569	0.0167	0.0160
ENSG00000274929.1	AL157813.1	lncRNA	0	0	0	0.0000	0.0000	0.0000
ENSG00000274930.1	AC105227.2	processed_pseudogene	0	0	0	0.0000	0.0000	0.0000
ENSG00000274932.1	MIR7150	miRNA	0	0	0	0.0000	0.0000	0.0000
ENSG00000274933.5	TBC1D3I	protein_coding	0	0	0	0.0000	0.0000	0.0000
ENSG00000274934.1	AC009014.1	misc_RNA	0	0	0	0.0000	0.0000	0.0000
ENSG00000274937.1	AC090826.2	lncRNA	0	0	0	0.0000	0.0000	0.0000
ENSG00000274940.1	MIR8083	miRNA	0	0	0	0.0000	0.0000	0.0000
ENSG00000274943.1	AC079684.1	lncRNA	5	3	2	0.9716	0.2846	0.2741
ENSG00000274944.4	AL139260.3	protein_coding	1	0	1	0.0261	0.0077	0.0074
ENSG00000274949.1	AL109804.1	lncRNA	1	0	1	0.1511	0.0443	0.0426
ENSG00000274954.1	AC090971.5	lncRNA	0	0	0	0.0000	0.0000	0.0000
ENSG00000274962.1	TEX28P1	unprocessed_pseudogene	0	0	0	0.0000	0.0000	0.0000
ENSG00000274963.1	RN7SL600P	misc_RNA	1	1	0	0.2840	0.0832	0.0801
ENSG00000274964.1	AC026356.1	lncRNA	163	79	84	10.2005	2.9879	2.8771
ENSG00000274966.1	AC019322.3	unprocessed_pseudogene	0	0	0	0.0000	0.0000	0.0000
ENSG00000274967.1	Y_RNA	misc_RNA	0	0	0	0.0000	0.0000	0.0000
ENSG00000274969.1	MIR6771	miRNA	0	0	0	0.0000	0.0000	0.0000
ENSG00000274970.1	AC013470.3	processed_pseudogene	0	0	0	0.0000	0.0000	0.0000
ENSG00000274973.1	BSNDP2	processed_pseudogene	0	0	0	0.0000	0.0000	0.0000
ENSG00000274975.1	MIR6735	miRNA	0	0	0	0.0000	0.0000	0.0000
ENSG00000274976.1	AC087588.1	lncRNA	0	0	0	0.0000	0.0000	0.0000
ENSG00000274977.1	AC011298.2	processed_pseudogene	0	0	0	0.0000	0.0000	0.0000
ENSG00000274978.1	RNU11	snRNA	0	0	0	0.0000	0.0000	0.0000
ENSG00000274979.1	AC020656.2	lncRNA	3	0	3	0.0480	0.0141	0.0135
ENSG00000274984.1	Y_RNA	misc_RNA	0	0	0	0.0000	0.0000	0.0000
ENSG00000274985.1	PTCHD3P1	unprocessed_pseudogene	0	506	446	0.0000	0.0000	0.0000
ENSG00000274986.1	MIR6750	miRNA	0	0	0	0.0000	0.0000	0.0000
ENSG00000274987.1	AC092794.1	lncRNA	15	9	6	2.1887	0.6411	0.6173
ENSG00000274988.1	MIR6876	miRNA	0	0	0	0.0000	0.0000	0.0000
ENSG00000274993.1	AC254629.1	lncRNA	1	5	3	0.0332	0.0097	0.0094
ENSG00000274994.1	MIR8056	miRNA	0	0	0	0.0000	0.0000	0.0000
ENSG00000274995.1	AC013564.1	lncRNA	0	0	0	0.0000	0.0000	0.0000
ENSG00000274996.1	AC006449.1	lncRNA	0	0	0	0.0000	0.0000	0.0000
ENSG00000274997.2	H2AC12	protein_coding	0	0	0	0.0000	0.0000	0.0000
ENSG00000274998.1	SNORA17A	snoRNA	0	0	0	0.0000	0.0000	0.0000
ENSG00000274999.1	MIR8052	miRNA	0	0	0	0.0000	0.0000	0.0000
ENSG00000275001.1	AL365215.1	misc_RNA	0	0	0	0.0000	0.0000	0.0000
ENSG00000275002.1	AL352984.2	transcribed_unprocessed_pseudogene	0	0	0	0.0000	0.0000	0.0000
ENSG00000275004.4	ZNF280B	protein_coding	1668	822	847	26.6706	7.8122	7.5226
ENSG00000275005.1	AL354950.1	lncRNA	0	0	0	0.0000	0.0000	0.0000
ENSG00000275006.1	Y_RNA	misc_RNA	0	0	0	0.0000	0.0000	0.0000
ENSG00000275011.1	ALOXE3P1	unprocessed_pseudogene	0	0	0	0.0000	0.0000	0.0000
ENSG00000275012.1	AC011476.8	processed_pseudogene	0	0	0	0.0000	0.0000	0.0000
ENSG00000275014.1	RN7SL166P	misc_RNA	0	0	0	0.0000	0.0000	0.0000
ENSG00000275015.1	AL353149.1	unprocessed_pseudogene	0	0	0	0.0000	0.0000	0.0000
ENSG00000275016.5	AC015574.1	lncRNA	24	12	12	0.2474	0.0725	0.0698
ENSG00000275017.1	AL353748.2	processed_pseudogene	1	0	1	0.1803	0.0528	0.0509
ENSG00000275022.1	MIR6753	miRNA	1	0	1	0.5178	0.1517	0.1461
ENSG00000275023.5	MLLT6	protein_coding	2352	1409	1400	14.7122	4.3094	4.1497
ENSG00000275024.1	AC005383.1	lncRNA	6	3	3	0.9542	0.2795	0.2691
ENSG00000275025.1	AC002401.3	lncRNA	0	0	0	0.0000	0.0000	0.0000
ENSG00000275026.1	GXYLT1P4	transcribed_processed_pseudogene	0	0	0	0.0000	0.0000	0.0000
ENSG00000275029.1	HMGB1P24	transcribed_processed_pseudogene	3	2	1	0.2973	0.0871	0.0838
ENSG00000275030.1	RNU6-538P	snRNA	0	0	0	0.0000	0.0000	0.0000
ENSG00000275033.1	AL133467.5	misc_RNA	0	0	0	0.0000	0.0000	0.0000
ENSG00000275034.2	TP53TG3E	protein_coding	0	0	0	0.0000	0.0000	0.0000
ENSG00000275036.1	MIR8086	miRNA	0	0	0	0.0000	0.0000	0.0000
ENSG00000275038.2	AC091980.2	lncRNA	0	0	1	0.0000	0.0000	0.0000
ENSG00000275040.1	AC009159.1	lncRNA	0	0	0	0.0000	0.0000	0.0000
ENSG00000275041.1	Metazoa_SRP	misc_RNA	0	0	0	0.0000	0.0000	0.0000
ENSG00000275043.1	SNORD25	snoRNA	0	0	0	0.0000	0.0000	0.0000
ENSG00000275046.1	AL603755.1	processed_pseudogene	0	0	0	0.0000	0.0000	0.0000
ENSG00000275048.1	BSNDP1	processed_pseudogene	0	0	0	0.0000	0.0000	0.0000
ENSG00000275052.5	PPP4R3B	protein_coding	4610	2290	2339	47.6431	13.9554	13.4380
ENSG00000275054.1	AC002542.3	misc_RNA	0	0	0	0.0000	0.0000	0.0000
ENSG00000275055.1	AC011468.5	lncRNA	12	23	16	1.3624	0.3991	0.3843
ENSG00000275056.1	AC020663.3	lncRNA	2	1	1	0.1557	0.0456	0.0439
ENSG00000275060.1	PPP1R26P3	unprocessed_pseudogene	0	0	0	0.0000	0.0000	0.0000
ENSG00000275061.2	AC122133.1	unprocessed_pseudogene	0	0	0	0.0000	0.0000	0.0000
ENSG00000275064.1	AC239860.1	unprocessed_pseudogene	0	0	0	0.0000	0.0000	0.0000
ENSG00000275066.5	SYNRG	protein_coding	3888	1936	1953	23.1813	6.7902	6.5384
ENSG00000275067.1	MIR6825	miRNA	0	0	0	0.0000	0.0000	0.0000
ENSG00000275068.1	U6	snRNA	0	0	0	0.0000	0.0000	0.0000
ENSG00000275069.1	AL132655.5	misc_RNA	0	0	0	0.0000	0.0000	0.0000
ENSG00000275070.1	Metazoa_SRP	misc_RNA	2	0	2	0.5797	0.1698	0.1635
ENSG00000275071.1	AL139038.1	misc_RNA	0	0	0	0.0000	0.0000	0.0000
ENSG00000275072.1	SNORD50B	snoRNA	0	0	0	0.0000	0.0000	0.0000
ENSG00000275074.2	NUDT18	protein_coding	391	195	196	18.9304	5.5450	5.3394
ENSG00000275075.1	AC244015.1	processed_pseudogene	0	0	0	0.0000	0.0000	0.0000
ENSG00000275078.1	AC090093.1	unprocessed_pseudogene	0	0	0	0.0000	0.0000	0.0000
ENSG00000275084.4	SNORD91B	snoRNA	1	1	0	0.3825	0.1120	0.1079
ENSG00000275088.1	AC026469.1	lncRNA	10	13	23	0.2569	0.0752	0.0725
ENSG00000275090.1	RN7SL296P	misc_RNA	0	0	0	0.0000	0.0000	0.0000
ENSG00000275091.1	AC022098.4	lncRNA	2	0	2	0.4825	0.1413	0.1361
ENSG00000275092.1	AL031710.2	lncRNA	0	0	0	0.0000	0.0000	0.0000
ENSG00000275094.1	AC079395.3	unprocessed_pseudogene	0	0	0	0.0000	0.0000	0.0000
ENSG00000275097.1	AC024940.5	lncRNA	0	0	0	0.0000	0.0000	0.0000
ENSG00000275101.1	MIR6766	miRNA	0	0	0	0.0000	0.0000	0.0000
ENSG00000275103.1	AF117829.2	unprocessed_pseudogene	0	0	0	0.0000	0.0000	0.0000
ENSG00000275106.1	AC025594.2	TEC	9	5	4	0.9674	0.2834	0.2729
ENSG00000275107.1	MIR6782	miRNA	0	0	0	0.0000	0.0000	0.0000
ENSG00000275108.1	U7	snRNA	0	0	0	0.0000	0.0000	0.0000
ENSG00000275109.1	MIR6504	miRNA	0	0	0	0.0000	0.0000	0.0000
ENSG00000275110.1	AL928646.1	miRNA	0	0	0	0.0000	0.0000	0.0000
ENSG00000275111.5	ZNF2	protein_coding	449	221	238	9.5419	2.7950	2.6913
ENSG00000275113.1	GAGE2E	protein_coding	0	0	0	0.0000	0.0000	0.0000
ENSG00000275115.1	AC067904.3	unprocessed_pseudogene	0	0	0	0.0000	0.0000	0.0000
ENSG00000275119.1	AC244131.2	lncRNA	0	0	0	0.0000	0.0000	0.0000
ENSG00000275120.3	AC048382.5	lncRNA	3	44	50	0.0695	0.0203	0.0196
ENSG00000275121.1	AC211486.4	processed_pseudogene	0	0	0	0.0000	0.0000	0.0000
ENSG00000275126.2	H4C13	protein_coding	0	0	0	0.0000	0.0000	0.0000
ENSG00000275127.1	SNORD116-22	snoRNA	0	0	0	0.0000	0.0000	0.0000
ENSG00000275128.1	RN7SL203P	misc_RNA	0	0	0	0.0000	0.0000	0.0000
ENSG00000275129.1	AC243994.1	processed_pseudogene	0	0	0	0.0000	0.0000	0.0000
ENSG00000275130.1	AL592227.1	unprocessed_pseudogene	0	0	0	0.0000	0.0000	0.0000
ENSG00000275131.3	AC241952.1	transcribed_unprocessed_pseudogene	89	46	43	0.8003	0.2344	0.2257
ENSG00000275132.1	RN7SL663P	misc_RNA	2	0	2	0.5680	0.1664	0.1602
ENSG00000275134.1	AL117190.4	misc_RNA	0	0	0	0.0000	0.0000	0.0000
ENSG00000275138.1	AL357080.1	processed_pseudogene	0	0	0	0.0000	0.0000	0.0000
ENSG00000275139.1	AL133492.1	lncRNA	1	1	0	0.0215	0.0063	0.0061
ENSG00000275140.1	SEC22B3P	unprocessed_pseudogene	1	1	2	0.1474	0.0432	0.0416
ENSG00000275141.1	MIR6888	miRNA	0	0	0	0.0000	0.0000	0.0000
ENSG00000275143.1	SCARNA16	scaRNA	0	0	0	0.0000	0.0000	0.0000
ENSG00000275144.1	SNX18P5	unprocessed_pseudogene	0	0	0	0.0000	0.0000	0.0000
ENSG00000275146.1	AP003499.3	snoRNA	0	0	0	0.0000	0.0000	0.0000
ENSG00000275152.5	CCL16	protein_coding	0	0	0	0.0000	0.0000	0.0000
ENSG00000275154.1	U3	snoRNA	0	0	0	0.0000	0.0000	0.0000
ENSG00000275155.1	AC027348.1	lncRNA	0	0	0	0.0000	0.0000	0.0000
ENSG00000275157.1	AC068134.3	unprocessed_pseudogene	0	0	0	0.0000	0.0000	0.0000
ENSG00000275158.1	TRBV12-5	TR_V_gene	1	1	0	0.2066	0.0605	0.0583
ENSG00000275160.1	AL354718.1	processed_pseudogene	7	4	3	1.0092	0.2956	0.2847
ENSG00000275161.1	AL117190.5	misc_RNA	0	0	0	0.0000	0.0000	0.0000
ENSG00000275162.1	AC005391.1	lncRNA	0	0	0	0.0000	0.0000	0.0000
ENSG00000275163.1	AC117457.1	protein_coding	0	0	0	0.0000	0.0000	0.0000
ENSG00000275166.1	MIR6814	miRNA	0	0	0	0.0000	0.0000	0.0000
ENSG00000275167.1	MIR6815	miRNA	0	0	0	0.0000	0.0000	0.0000
ENSG00000275170.1	FRG2MP	processed_pseudogene	0	0	0	0.0000	0.0000	0.0000
ENSG00000275173.1	AC243571.1	lncRNA	0	0	0	0.0000	0.0000	0.0000
ENSG00000275174.1	U6	snRNA	0	0	0	0.0000	0.0000	0.0000
ENSG00000275178.1	AC018529.1	lncRNA	54	22	32	12.7028	3.7208	3.5829
ENSG00000275180.1	AC048341.2	lncRNA	23	12	11	3.9779	1.1652	1.1220
ENSG00000275183.2	LENG9	protein_coding	214	170	193	8.8779	2.6005	2.5041
ENSG00000275185.1	AC130324.3	lncRNA	0	87	86	0.0000	0.0000	0.0000
ENSG00000275186.1	AC018445.1	lncRNA	0	0	0	0.0000	0.0000	0.0000
ENSG00000275191.1	AC007497.1	lncRNA	13	10	3	1.9679	0.5764	0.5550
ENSG00000275194.1	AC004467.1	unprocessed_pseudogene	0	0	0	0.0000	0.0000	0.0000
ENSG00000275197.1	AC092794.2	lncRNA	1	9	20	0.1508	0.0442	0.0425
ENSG00000275198.1	AL512791.2	lncRNA	19	7	12	0.3501	0.1025	0.0987
ENSG00000275201.1	AC074140.1	unprocessed_pseudogene	0	0	0	0.0000	0.0000	0.0000
ENSG00000275202.1	AL161421.1	lncRNA	29	37	37	2.2368	0.6552	0.6309
ENSG00000275206.1	AL353997.5	unprocessed_pseudogene	0	0	0	0.0000	0.0000	0.0000
ENSG00000275207.1	MIR6740	miRNA	0	0	0	0.0000	0.0000	0.0000
ENSG00000275208.1	MIR6745	miRNA	0	0	0	0.0000	0.0000	0.0000
ENSG00000275210.1	AC245884.11	lncRNA	1	1	0	0.0490	0.0143	0.0138
ENSG00000275212.3	LINC02826	lncRNA	0	0	0	0.0000	0.0000	0.0000
ENSG00000275213.1	Metazoa_SRP	misc_RNA	0	0	0	0.0000	0.0000	0.0000
ENSG00000275215.1	RNA5-8SN3	rRNA	0	0	0	0.0000	0.0000	0.0000
ENSG00000275216.2	AL161431.1	lncRNA	0	0	0	0.0000	0.0000	0.0000
ENSG00000275219.1	U2	snRNA	0	0	0	0.0000	0.0000	0.0000
ENSG00000275221.2	H2AC15	protein_coding	0	2	0	0.0000	0.0000	0.0000
ENSG00000275222.1	Metazoa_SRP	misc_RNA	0	0	0	0.0000	0.0000	0.0000
ENSG00000275223.1	AL121906.2	lncRNA	12	5	7	1.4095	0.4129	0.3975
ENSG00000275226.1	LINC00547	lncRNA	1	0	1	0.0256	0.0075	0.0072
ENSG00000275227.1	AC093416.2	misc_RNA	0	0	0	0.0000	0.0000	0.0000
ENSG00000275228.1	AC024257.5	lncRNA	0	0	0	0.0000	0.0000	0.0000
ENSG00000275229.1	RNU1-68P	snRNA	0	0	0	0.0000	0.0000	0.0000
ENSG00000275230.1	RN7SL544P	misc_RNA	0	0	0	0.0000	0.0000	0.0000
ENSG00000275231.1	AC007351.4	misc_RNA	0	0	0	0.0000	0.0000	0.0000
ENSG00000275232.1	AC073578.2	lncRNA	3	0	3	0.5491	0.1608	0.1549
ENSG00000275234.1	AC010503.4	lncRNA	4	8	14	0.4937	0.1446	0.1393
ENSG00000275236.1	AC009120.5	lncRNA	3	2	1	0.1745	0.0511	0.0492
ENSG00000275238.1	MIR4734	miRNA	0	0	0	0.0000	0.0000	0.0000
ENSG00000275239.4	FAM242F	lncRNA	0	0	0	0.0000	0.0000	0.0000
ENSG00000275243.1	TRBV16	TR_V_gene	0	0	0	0.0000	0.0000	0.0000
ENSG00000275248.1	AL355810.1	lncRNA	0	0	0	0.0000	0.0000	0.0000
ENSG00000275250.1	AC093913.1	processed_pseudogene	0	0	0	0.0000	0.0000	0.0000
ENSG00000275254.1	AC004386.3	misc_RNA	0	0	0	0.0000	0.0000	0.0000
ENSG00000275256.1	MRPS31P1	processed_pseudogene	0	0	0	0.0000	0.0000	0.0000
ENSG00000275259.1	MIR6511A1	miRNA	0	0	0	0.0000	0.0000	0.0000
ENSG00000275263.1	AC135048.3	lncRNA	2	0	2	0.5178	0.1517	0.1461
ENSG00000275265.1	AC127002.2	lncRNA	0	0	0	0.0000	0.0000	0.0000
ENSG00000275266.1	AC051649.3	misc_RNA	0	76	92	0.0000	0.0000	0.0000
ENSG00000275268.1	U7	snRNA	0	0	0	0.0000	0.0000	0.0000
ENSG00000275273.1	MIR6780A	miRNA	0	0	0	0.0000	0.0000	0.0000
ENSG00000275278.1	AC012150.2	lncRNA	0	0	0	0.0000	0.0000	0.0000
ENSG00000275280.1	AC007274.3	processed_pseudogene	0	0	0	0.0000	0.0000	0.0000
ENSG00000275285.1	AL391095.2	lncRNA	0	0	0	0.0000	0.0000	0.0000
ENSG00000275286.1	AC025253.1	lncRNA	0	0	0	0.0000	0.0000	0.0000
ENSG00000275287.5	Metazoa_SRP	misc_RNA	1	1	0	0.2928	0.0858	0.0826
ENSG00000275287.5_PAR_Y	Metazoa_SRP	misc_RNA	0	0	0	0.0000	0.0000	0.0000
ENSG00000275291.1	RNVU1-26	snRNA	0	0	0	0.0000	0.0000	0.0000
ENSG00000275293.1	Metazoa_SRP	misc_RNA	0	0	0	0.0000	0.0000	0.0000
ENSG00000275294.4	LINC02340	lncRNA	1	1	0	0.0773	0.0227	0.0218
ENSG00000275295.1	AC073968.1	processed_pseudogene	0	0	0	0.0000	0.0000	0.0000
ENSG00000275296.1	AC241377.1	processed_pseudogene	0	0	0	0.0000	0.0000	0.0000
ENSG00000275297.1	AL162731.1	lncRNA	4	0	4	0.1831	0.0536	0.0516
ENSG00000275302.2	CCL4	protein_coding	310	142	168	14.6659	4.2959	4.1366
ENSG00000275305.1	RNA5SP528	rRNA	0	0	0	0.0000	0.0000	0.0000
ENSG00000275307.1	AC004542.3	misc_RNA	0	0	0	0.0000	0.0000	0.0000
ENSG00000275310.1	AC006158.1	processed_pseudogene	0	0	0	0.0000	0.0000	0.0000
ENSG00000275312.1	AL512324.3	unprocessed_pseudogene	0	0	0	0.0000	0.0000	0.0000
ENSG00000275314.1	AC006924.1	unprocessed_pseudogene	0	0	0	0.0000	0.0000	0.0000
ENSG00000275315.1	AC141273.3	unprocessed_pseudogene	0	0	0	0.0000	0.0000	0.0000
ENSG00000275318.1	AL136981.2	unprocessed_pseudogene	19	10	9	2.1982	0.6439	0.6200
ENSG00000275319.1	Metazoa_SRP	misc_RNA	0	0	0	0.0000	0.0000	0.0000
ENSG00000275320.1	Z95327.2	processed_pseudogene	0	0	0	0.0000	0.0000	0.0000
ENSG00000275322.1	AC103746.1	lncRNA	13	4	9	0.9744	0.2854	0.2748
ENSG00000275325.4	PDCD6IPP1	transcribed_unprocessed_pseudogene	4	1	3	0.2648	0.0776	0.0747
ENSG00000275327.1	AL354950.2	lncRNA	0	9	9	0.0000	0.0000	0.0000
ENSG00000275328.1	SPDYE19P	unprocessed_pseudogene	6	2	4	0.7146	0.2093	0.2016
ENSG00000275329.1	AL138781.1	lncRNA	1	0	1	0.0461	0.0135	0.0130
ENSG00000275332.1	AC103691.2	lncRNA	0	26	29	0.0000	0.0000	0.0000
ENSG00000275334.1	MIR5787	miRNA	0	0	0	0.0000	0.0000	0.0000
ENSG00000275335.1	MIR8088	miRNA	0	0	0	0.0000	0.0000	0.0000
ENSG00000275337.1	RN7SL680P	misc_RNA	0	0	0	0.0000	0.0000	0.0000
ENSG00000275339.1	Z99129.1	processed_pseudogene	0	0	0	0.0000	0.0000	0.0000
ENSG00000275340.1	FGD5P1	transcribed_unprocessed_pseudogene	0	0	0	0.0000	0.0000	0.0000
ENSG00000275342.5	PRAG1	protein_coding	3962	1895	2067	69.4437	20.3412	19.5870
ENSG00000275343.1	AC010999.1	lncRNA	1	0	1	0.2621	0.0768	0.0739
ENSG00000275344.1	MIR6503	miRNA	0	0	0	0.0000	0.0000	0.0000
ENSG00000275345.1	AC091167.5	lncRNA	1	3	2	0.2056	0.0602	0.0580
ENSG00000275348.1	AC096861.1	processed_pseudogene	0	0	0	0.0000	0.0000	0.0000
ENSG00000275350.1	AL513479.1	processed_pseudogene	0	0	0	0.0000	0.0000	0.0000
ENSG00000275352.1	AC006335.2	unprocessed_pseudogene	0	0	0	0.0000	0.0000	0.0000
ENSG00000275355.1	Metazoa_SRP	misc_RNA	0	0	0	0.0000	0.0000	0.0000
ENSG00000275356.5	C7orf77	lncRNA	0	0	0	0.0000	0.0000	0.0000
ENSG00000275358.1	AL080312.2	lncRNA	1	0	1	0.1348	0.0395	0.0380
ENSG00000275359.1	AC106873.5	misc_RNA	0	3	5	0.0000	0.0000	0.0000
ENSG00000275360.1	MIR6868	miRNA	0	0	0	0.0000	0.0000	0.0000
ENSG00000275361.1	AC245517.5	unprocessed_pseudogene	0	0	0	0.0000	0.0000	0.0000
ENSG00000275362.1	Metazoa_SRP	misc_RNA	0	0	0	0.0000	0.0000	0.0000
ENSG00000275363.1	AC100757.3	unprocessed_pseudogene	0	0	0	0.0000	0.0000	0.0000
ENSG00000275367.1	AC092111.1	lncRNA	20	14	12	0.5058	0.1482	0.1427
ENSG00000275371.1	AC012645.4	lncRNA	2	14	25	0.1601	0.0469	0.0452
ENSG00000275372.1	AC009951.2	misc_RNA	0	0	0	0.0000	0.0000	0.0000
ENSG00000275373.1	MIR6124	miRNA	0	0	0	0.0000	0.0000	0.0000
ENSG00000275374.1	AC113385.3	unprocessed_pseudogene	1	0	1	0.1137	0.0333	0.0321
ENSG00000275377.1	MIR1299	miRNA	0	0	0	0.0000	0.0000	0.0000
ENSG00000275379.2	H3C11	protein_coding	0	0	0	0.0000	0.0000	0.0000
ENSG00000275381.1	AC019206.1	processed_pseudogene	0	0	0	0.0000	0.0000	0.0000
ENSG00000275383.1	AC126773.6	lncRNA	0	0	1	0.0000	0.0000	0.0000
ENSG00000275385.2	CCL18	protein_coding	238	130	110	14.3851	4.2136	4.0574
ENSG00000275386.1	AC105081.1	unprocessed_pseudogene	0	0	0	0.0000	0.0000	0.0000
ENSG00000275387.1	AL049732.1	unprocessed_pseudogene	0	1	0	0.0000	0.0000	0.0000
ENSG00000275389.1	AC068790.9	lncRNA	3	2	1	0.0898	0.0263	0.0253
ENSG00000275390.1	AL353626.1	lncRNA	0	0	0	0.0000	0.0000	0.0000
ENSG00000275391.1	MIR6770-3	miRNA	0	0	0	0.0000	0.0000	0.0000
ENSG00000275392.1	AL445493.3	lncRNA	0	0	0	0.0000	0.0000	0.0000
ENSG00000275393.1	AC018695.6	lncRNA	0	0	0	0.0000	0.0000	0.0000
ENSG00000275395.6	FCGBP	protein_coding	65	33	33	0.4259	0.1247	0.1201
ENSG00000275400.1	AC006001.4	processed_pseudogene	0	0	0	0.0000	0.0000	0.0000
ENSG00000275401.1	AL391095.3	lncRNA	6	3	3	0.7077	0.2073	0.1996
ENSG00000275406.1	AL359742.1	unprocessed_pseudogene	0	0	0	0.0000	0.0000	0.0000
ENSG00000275409.1	AC026367.2	lncRNA	3	2	1	0.4607	0.1349	0.1299
ENSG00000275410.5	HNF1B	protein_coding	1	1	0	0.0146	0.0043	0.0041
ENSG00000275411.1	MIR6882	miRNA	0	0	0	0.0000	0.0000	0.0000
ENSG00000275413.1	AC002553.2	lncRNA	3	1	4	0.7697	0.2254	0.2171
ENSG00000275414.1	AC007277.2	misc_RNA	0	0	0	0.0000	0.0000	0.0000
ENSG00000275417.1	AC068726.1	lncRNA	1	1	0	0.2490	0.0729	0.0702
ENSG00000275418.1	AC104971.3	lncRNA	3	2	1	1.0231	0.2997	0.2886
ENSG00000275419.1	AL357075.1	processed_pseudogene	0	0	0	0.0000	0.0000	0.0000
ENSG00000275423.1	VN1R18P	processed_pseudogene	0	0	0	0.0000	0.0000	0.0000
ENSG00000275426.1	AC253576.2	lncRNA	2	2	0	0.2928	0.0858	0.0826
ENSG00000275427.1	AF067845.2	lncRNA	1	0	1	0.0279	0.0082	0.0079
ENSG00000275429.1	MIR6862-1	miRNA	0	0	0	0.0000	0.0000	0.0000
ENSG00000275431.1	AC244100.2	lncRNA	0	116	100	0.0000	0.0000	0.0000
ENSG00000275432.1	AC022149.1	processed_pseudogene	0	0	0	0.0000	0.0000	0.0000
ENSG00000275437.1	AL121832.3	lncRNA	4	2	2	0.0918	0.0269	0.0259
ENSG00000275438.1	AL031008.1	lncRNA	1	0	1	0.1570	0.0460	0.0443
ENSG00000275441.1	AC020765.2	lncRNA	0	58	70	0.0000	0.0000	0.0000
ENSG00000275443.2	AC012409.2	lncRNA	1	0	1	0.0774	0.0227	0.0218
ENSG00000275445.1	AC092119.3	lncRNA	1	3	0	0.1457	0.0427	0.0411
ENSG00000275448.1	AC027506.1	processed_pseudogene	0	0	0	0.0000	0.0000	0.0000
ENSG00000275449.1	MIR6859-3	miRNA	0	0	0	0.0000	0.0000	0.0000
ENSG00000275450.1	PTGER4P2-CDK2AP2P2	lncRNA	0	0	0	0.0000	0.0000	0.0000
ENSG00000275451.1	MIR6085	miRNA	0	0	0	0.0000	0.0000	0.0000
ENSG00000275453.2	MIR548O2	miRNA	0	0	0	0.0000	0.0000	0.0000
ENSG00000275454.1	AC105020.6	lncRNA	8	516	546	0.5582	0.1635	0.1575
ENSG00000275455.1	MIR7852	miRNA	0	0	0	0.0000	0.0000	0.0000
ENSG00000275457.1	AL117332.1	lncRNA	8	71	92	0.6975	0.2043	0.1967
ENSG00000275458.1	MIR6809	miRNA	0	0	0	0.0000	0.0000	0.0000
ENSG00000275460.1	Metazoa_SRP	misc_RNA	0	0	0	0.0000	0.0000	0.0000
ENSG00000275461.1	AC084768.2	unprocessed_pseudogene	0	0	0	0.0000	0.0000	0.0000
ENSG00000275464.5	FP565260.1	protein_coding	470	254	216	5.2593	1.5405	1.4834
ENSG00000275465.7	AL449403.2	lncRNA	1	0	1	0.0228	0.0067	0.0064
ENSG00000275467.1	AC083806.3	lncRNA	0	0	0	0.0000	0.0000	0.0000
ENSG00000275468.1	AC004678.1	processed_pseudogene	2	3	0	0.1828	0.0536	0.0516
ENSG00000275469.1	MIR6130	miRNA	0	0	0	0.0000	0.0000	0.0000
ENSG00000275475.1	IGHV3-54	IG_V_pseudogene	0	0	0	0.0000	0.0000	0.0000
ENSG00000275476.1	AC009318.4	lncRNA	5	1	4	0.8737	0.2559	0.2464
ENSG00000275479.1	AC087741.2	lncRNA	10	4	6	4.9372	1.4462	1.3926
ENSG00000275480.1	AC131055.2	unprocessed_pseudogene	0	0	0	0.0000	0.0000	0.0000
ENSG00000275481.1	AC025031.4	lncRNA	7	4	3	0.1817	0.0532	0.0513
ENSG00000275484.1	AP003419.3	lncRNA	4	2	2	0.6570	0.1925	0.1853
ENSG00000275485.1	AL512652.1	lncRNA	1	0	1	0.1698	0.0497	0.0479
ENSG00000275488.1	AC023509.5	processed_pseudogene	2	0	2	0.2105	0.0616	0.0594
ENSG00000275489.2	C17orf98	protein_coding	0	0	0	0.0000	0.0000	0.0000
ENSG00000275490.1	AC233263.2	unprocessed_pseudogene	0	0	0	0.0000	0.0000	0.0000
ENSG00000275491.1	LINC01730	lncRNA	3	3	0	0.3022	0.0885	0.0852
ENSG00000275493.2	AL627230.1	protein_coding	0	0	0	0.0000	0.0000	0.0000
ENSG00000275494.1	AC133552.5	lncRNA	46	21	25	7.3152	2.1427	2.0633
ENSG00000275496.4	CU633906.1	lncRNA	1	1	0	0.0295	0.0086	0.0083
ENSG00000275497.1	AC009237.17	unprocessed_pseudogene	0	0	0	0.0000	0.0000	0.0000
ENSG00000275502.1	AL359751.1	misc_RNA	0	0	0	0.0000	0.0000	0.0000
ENSG00000275503.1	AL355994.5	processed_pseudogene	0	0	0	0.0000	0.0000	0.0000
ENSG00000275504.1	U7	snRNA	0	0	0	0.0000	0.0000	0.0000
ENSG00000275506.1	H3P25	processed_pseudogene	0	0	0	0.0000	0.0000	0.0000
ENSG00000275508.1	AL109620.1	processed_pseudogene	0	0	0	0.0000	0.0000	0.0000
ENSG00000275512.1	AC007998.4	lncRNA	0	0	0	0.0000	0.0000	0.0000
ENSG00000275515.1	AC012676.2	processed_pseudogene	0	0	0	0.0000	0.0000	0.0000
ENSG00000275516.1	AC100791.3	lncRNA	1	43	54	0.2573	0.0754	0.0726
ENSG00000275518.1	MIR6718	miRNA	0	0	0	0.0000	0.0000	0.0000
ENSG00000275519.1	MIR6804	miRNA	0	0	0	0.0000	0.0000	0.0000
ENSG00000275520.2	FAM236A	protein_coding	0	0	0	0.0000	0.0000	0.0000
ENSG00000275523.1	MIR6508	miRNA	0	0	0	0.0000	0.0000	0.0000
ENSG00000275524.1	SNORD115-26	snoRNA	0	0	0	0.0000	0.0000	0.0000
ENSG00000275527.1	AC100835.2	lncRNA	0	5	8	0.0000	0.0000	0.0000
ENSG00000275529.1	SNORD116-4	snoRNA	0	0	0	0.0000	0.0000	0.0000
ENSG00000275532.1	AC006449.2	lncRNA	5	6	3	0.8737	0.2559	0.2464
ENSG00000275538.1	RNVU1-19	snRNA	0	0	0	0.0000	0.0000	0.0000
ENSG00000275540.1	AC011477.6	unprocessed_pseudogene	0	0	0	0.0000	0.0000	0.0000
ENSG00000275547.1	AC010632.3	unprocessed_pseudogene	0	0	0	0.0000	0.0000	0.0000
ENSG00000275549.1	STPG3-AS1	lncRNA	0	0	1	0.0000	0.0000	0.0000
ENSG00000275550.1	AL096712.1	processed_pseudogene	0	0	0	0.0000	0.0000	0.0000
ENSG00000275552.1	AC243965.2	lncRNA	5	22	23	0.1590	0.0466	0.0448
ENSG00000275553.4	ELOA3C	protein_coding	0	0	0	0.0000	0.0000	0.0000
ENSG00000275557.1	AC242842.1	lncRNA	7	1	6	1.3299	0.3895	0.3751
ENSG00000275558.1	RN7SKP175	misc_RNA	0	0	0	0.0000	0.0000	0.0000
ENSG00000275559.1	AL137060.5	misc_RNA	0	0	1	0.0000	0.0000	0.0000
ENSG00000275560.1	AC008115.3	lncRNA	8	3	5	1.2375	0.3625	0.3490
ENSG00000275562.1	AC104763.2	unprocessed_pseudogene	2	0	2	0.2748	0.0805	0.0775
ENSG00000275563.1	AL929601.3	lncRNA	0	0	0	0.0000	0.0000	0.0000
ENSG00000275567.1	AC008250.2	lncRNA	0	0	0	0.0000	0.0000	0.0000
ENSG00000275569.1	AL355073.2	lncRNA	0	0	0	0.0000	0.0000	0.0000
ENSG00000275572.1	GRIFIN	protein_coding	0	0	0	0.0000	0.0000	0.0000
ENSG00000275576.1	AL049539.1	lncRNA	1	0	1	0.1850	0.0542	0.0522
ENSG00000275578.1	AC007742.1	unprocessed_pseudogene	0	0	0	0.0000	0.0000	0.0000
ENSG00000275580.1	AC022306.2	lncRNA	38	18	20	4.9876	1.4609	1.4068
ENSG00000275582.1	AL031670.1	lncRNA	11	104	122	1.3963	0.4090	0.3938
ENSG00000275585.2	AC241377.2	transcribed_unprocessed_pseudogene	0	0	0	0.0000	0.0000	0.0000
ENSG00000275586.1	Metazoa_SRP	misc_RNA	0	0	0	0.0000	0.0000	0.0000
ENSG00000275588.1	RN7SL341P	misc_RNA	0	0	0	0.0000	0.0000	0.0000
ENSG00000275589.1	AC012531.5	misc_RNA	0	0	2	0.0000	0.0000	0.0000
ENSG00000275591.5	XKR5	protein_coding	0	0	0	0.0000	0.0000	0.0000
ENSG00000275592.1	VN1R7P	processed_pseudogene	0	0	0	0.0000	0.0000	0.0000
ENSG00000275597.1	ANAPC1P5	unprocessed_pseudogene	0	0	0	0.0000	0.0000	0.0000
ENSG00000275598.1	AP000484.1	processed_pseudogene	0	0	0	0.0000	0.0000	0.0000
ENSG00000275601.1	AC011330.2	lncRNA	7	6	1	0.9361	0.2742	0.2640
ENSG00000275607.1	AC135507.2	processed_pseudogene	0	0	0	0.0000	0.0000	0.0000
ENSG00000275609.1	AP000346.3	processed_pseudogene	0	0	0	0.0000	0.0000	0.0000
ENSG00000275610.1	DUX4L21	unprocessed_pseudogene	0	0	0	0.0000	0.0000	0.0000
ENSG00000275612.1	AC104237.2	lncRNA	0	0	0	0.0000	0.0000	0.0000
ENSG00000275613.2	AC243830.1	lncRNA	0	0	0	0.0000	0.0000	0.0000
ENSG00000275616.1	U2	snRNA	0	0	0	0.0000	0.0000	0.0000
ENSG00000275620.1	FLJ16779	lncRNA	4	1	3	0.0445	0.0130	0.0125
ENSG00000275625.1	AC004386.4	misc_RNA	0	0	3	0.0000	0.0000	0.0000
ENSG00000275628.2	AL590491.1	transcribed_processed_pseudogene	0	0	0	0.0000	0.0000	0.0000
ENSG00000275630.1	AC004816.2	lncRNA	0	0	0	0.0000	0.0000	0.0000
ENSG00000275631.1	U1	snRNA	0	0	0	0.0000	0.0000	0.0000
ENSG00000275632.1	AL035461.2	lncRNA	7	5	15	1.1344	0.3323	0.3200
ENSG00000275634.1	AC109486.3	misc_RNA	0	0	0	0.0000	0.0000	0.0000
ENSG00000275635.1	U7	snRNA	0	0	0	0.0000	0.0000	0.0000
ENSG00000275636.1	AC021755.3	lncRNA	4	2	2	0.7449	0.2182	0.2101
ENSG00000275638.1	AC011939.3	lncRNA	0	29	30	0.0000	0.0000	0.0000
ENSG00000275640.1	MIR6793	miRNA	0	0	0	0.0000	0.0000	0.0000
ENSG00000275642.1	Metazoa_SRP	misc_RNA	0	0	0	0.0000	0.0000	0.0000
ENSG00000275643.1	RBM22P6	processed_pseudogene	0	0	0	0.0000	0.0000	0.0000
ENSG00000275645.1	AC068338.3	lncRNA	0	1	7	0.0000	0.0000	0.0000
ENSG00000275646.1	AC009014.2	misc_RNA	0	0	0	0.0000	0.0000	0.0000
ENSG00000275647.1	AC093783.1	processed_pseudogene	1	0	1	0.2581	0.0756	0.0728
ENSG00000275649.1	AL445584.2	lncRNA	0	0	0	0.0000	0.0000	0.0000
ENSG00000275651.1	MIR6851	miRNA	0	0	0	0.0000	0.0000	0.0000
ENSG00000275652.1	MIR6796	miRNA	0	0	0	0.0000	0.0000	0.0000
ENSG00000275654.1	AC138894.4	unprocessed_pseudogene	0	0	0	0.0000	0.0000	0.0000
ENSG00000275655.1	RN7SL313P	misc_RNA	1	0	1	0.2949	0.0864	0.0832
ENSG00000275656.1	AL008723.3	misc_RNA	0	0	0	0.0000	0.0000	0.0000
ENSG00000275662.1	SNORD112	snoRNA	0	0	0	0.0000	0.0000	0.0000
ENSG00000275663.2	H4C7	protein_coding	0	0	0	0.0000	0.0000	0.0000
ENSG00000275664.1	FP671120.1	misc_RNA	0	0	0	0.0000	0.0000	0.0000
ENSG00000275665.1	AC006449.3	lncRNA	0	100	113	0.0000	0.0000	0.0000
ENSG00000275666.1	AC021424.1	misc_RNA	0	1	0	0.0000	0.0000	0.0000
ENSG00000275667.1	MIR6839	miRNA	0	0	0	0.0000	0.0000	0.0000
ENSG00000275669.1	MIR6744	miRNA	0	0	0	0.0000	0.0000	0.0000
ENSG00000275670.1	MIR8076	miRNA	0	0	0	0.0000	0.0000	0.0000
ENSG00000275672.1	AC025580.3	lncRNA	1	1	0	0.0596	0.0175	0.0168
ENSG00000275674.1	AC091167.6	protein_coding	0	0	0	0.0000	0.0000	0.0000
ENSG00000275675.1	AL161931.1	unprocessed_pseudogene	0	0	0	0.0000	0.0000	0.0000
ENSG00000275676.1	BX005040.1	lncRNA	0	0	0	0.0000	0.0000	0.0000
ENSG00000275678.1	AL133320.2	lncRNA	1	1	0	0.0361	0.0106	0.0102
ENSG00000275680.1	Metazoa_SRP	misc_RNA	0	0	0	0.0000	0.0000	0.0000
ENSG00000275681.1	U73479.1	unprocessed_pseudogene	0	0	0	0.0000	0.0000	0.0000
ENSG00000275688.4	CCL15-CCL14	protein_coding	0	0	0	0.0000	0.0000	0.0000
ENSG00000275689.1	AL161613.1	misc_RNA	0	0	0	0.0000	0.0000	0.0000
ENSG00000275691.2	MT1IP	transcribed_unprocessed_pseudogene	0	0	0	0.0000	0.0000	0.0000
ENSG00000275692.1	MIR6724-4	miRNA	0	0	0	0.0000	0.0000	0.0000
ENSG00000275693.1	AL157394.2	misc_RNA	0	1	0	0.0000	0.0000	0.0000
ENSG00000275695.1	UBE2Q2P6	transcribed_unprocessed_pseudogene	6	4	2	1.1149	0.3266	0.3145
ENSG00000275696.1	Metazoa_SRP	misc_RNA	0	0	0	0.0000	0.0000	0.0000
ENSG00000275700.5	AATF	protein_coding	5193	2654	2539	95.1439	27.8691	26.8359
ENSG00000275703.1	U47924.3	lncRNA	3	2	1	0.5526	0.1619	0.1559
ENSG00000275708.1	MIR3648-1	miRNA	0	0	0	0.0000	0.0000	0.0000
ENSG00000275709.1	AC090527.3	lncRNA	0	0	2	0.0000	0.0000	0.0000
ENSG00000275710.1	AC007485.1	lncRNA	4	1	4	1.6489	0.4830	0.4651
ENSG00000275711.1	MIR6795	miRNA	0	0	0	0.0000	0.0000	0.0000
ENSG00000275713.2	H2BC9	protein_coding	3	3	1	0.1237	0.0362	0.0349
ENSG00000275714.2	H3C1	protein_coding	3	1	2	0.5015	0.1469	0.1415
ENSG00000275716.1	AL080285.2	processed_pseudogene	0	0	0	0.0000	0.0000	0.0000
ENSG00000275718.2	CCL15	protein_coding	0	0	0	0.0000	0.0000	0.0000
ENSG00000275719.1	AC008622.2	lncRNA	1	721	721	0.0691	0.0202	0.0195
ENSG00000275720.1	AC243830.2	lncRNA	4	2	2	0.5392	0.1579	0.1521
ENSG00000275722.5	LYZL6	protein_coding	0	1	0	0.0000	0.0000	0.0000
ENSG00000275725.1	AC104010.1	processed_pseudogene	0	0	0	0.0000	0.0000	0.0000
ENSG00000275726.1	MIR6088	miRNA	0	0	0	0.0000	0.0000	0.0000
ENSG00000275728.1	AL049794.2	lncRNA	0	0	0	0.0000	0.0000	0.0000
ENSG00000275733.1	AC092266.1	processed_pseudogene	0	0	0	0.0000	0.0000	0.0000
ENSG00000275734.2	AC010538.1	lncRNA	9	4	5	0.2484	0.0728	0.0701
ENSG00000275740.1	AC091959.1	protein_coding	0	0	0	0.0000	0.0000	0.0000
ENSG00000275741.1	AL162497.1	lncRNA	0	12	5	0.0000	0.0000	0.0000
ENSG00000275743.1	TRBV14	TR_V_gene	6	5	1	1.2550	0.3676	0.3540
ENSG00000275745.1	Y_RNA	misc_RNA	0	0	0	0.0000	0.0000	0.0000
ENSG00000275747.1	IGHV3-79	IG_V_pseudogene	0	0	0	0.0000	0.0000	0.0000
ENSG00000275756.1	AL354751.3	processed_pseudogene	0	0	0	0.0000	0.0000	0.0000
ENSG00000275759.1	AC026367.3	lncRNA	3	1	2	0.4318	0.1265	0.1218
ENSG00000275763.3	ZNF516-DT	lncRNA	1	1	0	0.0409	0.0120	0.0115
ENSG00000275764.1	AC092747.4	lncRNA	145	74	71	6.6166	1.9381	1.8662
ENSG00000275765.5	AC091982.3	lncRNA	40	18	22	4.6788	1.3705	1.3197
ENSG00000275767.1	AC244015.2	unprocessed_pseudogene	0	0	0	0.0000	0.0000	0.0000
ENSG00000275768.1	SLC2AXP1	unprocessed_pseudogene	0	0	0	0.0000	0.0000	0.0000
ENSG00000275769.1	AC068792.1	lncRNA	9	4	5	1.8328	0.5369	0.5170
ENSG00000275770.1	MIR6505	miRNA	0	0	0	0.0000	0.0000	0.0000
ENSG00000275771.1	OR4G6P	unprocessed_pseudogene	0	0	0	0.0000	0.0000	0.0000
ENSG00000275772.1	AC244157.2	processed_pseudogene	0	0	0	0.0000	0.0000	0.0000
ENSG00000275773.1	AL590227.1	lncRNA	0	0	0	0.0000	0.0000	0.0000
ENSG00000275774.3	HNRNPCL2	protein_coding	1	1	0	0.0735	0.0215	0.0207
ENSG00000275776.1	RN7SL185P	misc_RNA	0	0	0	0.0000	0.0000	0.0000
ENSG00000275778.2	AC018630.4	protein_coding	0	0	0	0.0000	0.0000	0.0000
ENSG00000275785.1	AC015914.2	unprocessed_pseudogene	0	0	0	0.0000	0.0000	0.0000
ENSG00000275787.1	OR7G15P	unprocessed_pseudogene	0	0	0	0.0000	0.0000	0.0000
ENSG00000275788.1	Metazoa_SRP	misc_RNA	1	1	0	0.3397	0.0995	0.0958
ENSG00000275789.1	MIR8064	miRNA	0	0	0	0.0000	0.0000	0.0000
ENSG00000275791.1	TRBV10-3	TR_V_gene	20	10	10	4.6152	1.3519	1.3018
ENSG00000275793.1	RIMBP3	protein_coding	72	26	46	1.0015	0.2934	0.2825
ENSG00000275799.1	AP001059.1	lncRNA	0	0	0	0.0000	0.0000	0.0000
ENSG00000275800.1	EIF5P2	unprocessed_pseudogene	0	0	0	0.0000	0.0000	0.0000
ENSG00000275801.1	AL121985.3	unprocessed_pseudogene	1	0	1	0.1624	0.0476	0.0458
ENSG00000275803.1	RN7SL736P	misc_RNA	0	0	0	0.0000	0.0000	0.0000
ENSG00000275805.1	AC090206.1	lncRNA	0	0	0	0.0000	0.0000	0.0000
ENSG00000275807.1	AC145285.6	lncRNA	24	57	59	1.3243	0.3879	0.3735
ENSG00000275808.1	Metazoa_SRP	misc_RNA	0	0	0	0.0000	0.0000	0.0000
ENSG00000275810.1	MIR8082	miRNA	0	0	0	0.0000	0.0000	0.0000
ENSG00000275811.1	HTR1DP1	processed_pseudogene	0	0	0	0.0000	0.0000	0.0000
ENSG00000275812.1	AL121829.2	lncRNA	0	0	0	0.0000	0.0000	0.0000
ENSG00000275816.1	MIR6500	miRNA	0	0	0	0.0000	0.0000	0.0000
ENSG00000275818.1	MIR6818	miRNA	0	0	0	0.0000	0.0000	0.0000
ENSG00000275823.1	AL109925.2	misc_RNA	0	0	0	0.0000	0.0000	0.0000
ENSG00000275826.1	AC093909.5	processed_pseudogene	0	0	0	0.0000	0.0000	0.0000
ENSG00000275827.1	AC021506.2	processed_pseudogene	0	0	0	0.0000	0.0000	0.0000
ENSG00000275828.1	CHEK2P1	unprocessed_pseudogene	0	0	0	0.0000	0.0000	0.0000
ENSG00000275830.2	AL390755.1	lncRNA	13	8	5	0.2536	0.0743	0.0715
ENSG00000275832.5	ARHGAP23	protein_coding	1474	777	697	15.4917	4.5378	4.3695
ENSG00000275833.1	AC073107.2	unprocessed_pseudogene	0	0	0	0.0000	0.0000	0.0000
ENSG00000275834.1	AC084368.1	processed_pseudogene	0	0	0	0.0000	0.0000	0.0000
ENSG00000275835.5	TUBGCP5	protein_coding	664	354	310	8.8437	2.5904	2.4944
ENSG00000275836.1	MIR6068	miRNA	0	0	0	0.0000	0.0000	0.0000
ENSG00000275839.1	AC243654.2	processed_pseudogene	2	1	1	0.3834	0.1123	0.1081
ENSG00000275840.1	Metazoa_SRP	misc_RNA	0	0	0	0.0000	0.0000	0.0000
ENSG00000275842.1	MIR941-5	miRNA	0	0	0	0.0000	0.0000	0.0000
ENSG00000275846.1	AL513548.3	lncRNA	0	0	0	0.0000	0.0000	0.0000
ENSG00000275850.1	AC005912.2	lncRNA	0	0	0	0.0000	0.0000	0.0000
ENSG00000275852.1	LINC01742	lncRNA	0	0	0	0.0000	0.0000	0.0000
ENSG00000275853.1	Metazoa_SRP	misc_RNA	0	0	0	0.0000	0.0000	0.0000
ENSG00000275854.1	AC084824.4	lncRNA	9	126	93	1.0455	0.3063	0.2949
ENSG00000275856.1	AL669914.2	misc_RNA	0	0	2	0.0000	0.0000	0.0000
ENSG00000275857.1	AC009133.4	lncRNA	0	183	181	0.0000	0.0000	0.0000
ENSG00000275859.1	MIR6720	miRNA	0	2	1	0.0000	0.0000	0.0000
ENSG00000275860.1	AC005702.4	unprocessed_pseudogene	0	0	0	0.0000	0.0000	0.0000
ENSG00000275862.1	AC008622.3	processed_pseudogene	0	0	0	0.0000	0.0000	0.0000
ENSG00000275863.1	MIR7975	miRNA	0	0	0	0.0000	0.0000	0.0000
ENSG00000275866.1	AC016991.1	processed_pseudogene	0	0	0	0.0000	0.0000	0.0000
ENSG00000275868.1	MIR8054	miRNA	0	0	0	0.0000	0.0000	0.0000
ENSG00000275871.1	AC131025.2	lncRNA	0	0	0	0.0000	0.0000	0.0000
ENSG00000275874.1	PICSAR	lncRNA	0	0	0	0.0000	0.0000	0.0000
ENSG00000275875.1	AC091812.3	processed_pseudogene	1	0	1	0.2461	0.0721	0.0694
ENSG00000275877.1	5_8S_rRNA	rRNA	0	0	0	0.0000	0.0000	0.0000
ENSG00000275878.1	RN7SL43P	misc_RNA	0	0	0	0.0000	0.0000	0.0000
ENSG00000275880.1	AL139385.1	lncRNA	4	25	10	0.1038	0.0304	0.0293
ENSG00000275881.1	Metazoa_SRP	misc_RNA	0	0	0	0.0000	0.0000	0.0000
ENSG00000275882.1	IKBKGP1	unprocessed_pseudogene	3	4	0	0.2374	0.0695	0.0670
ENSG00000275888.1	AC132872.3	lncRNA	7	330	282	0.9451	0.2768	0.2666
ENSG00000275894.1	AL021578.1	lncRNA	0	0	0	0.0000	0.0000	0.0000
ENSG00000275895.7	U2AF1L5	protein_coding	8	5	3	0.0611	0.0179	0.0172
ENSG00000275896.6	PRSS2	protein_coding	0	0	0	0.0000	0.0000	0.0000
ENSG00000275897.1	AC021491.4	lncRNA	6	4	2	0.1980	0.0580	0.0559
ENSG00000275898.1	AC125603.4	lncRNA	1	0	1	0.0315	0.0092	0.0089
ENSG00000275900.1	U3	snoRNA	0	0	0	0.0000	0.0000	0.0000
ENSG00000275901.1	Metazoa_SRP	misc_RNA	0	0	0	0.0000	0.0000	0.0000
ENSG00000275902.1	AC139530.3	lncRNA	0	0	1	0.0000	0.0000	0.0000
ENSG00000275904.1	Y_RNA	misc_RNA	0	0	0	0.0000	0.0000	0.0000
ENSG00000275905.1	AP003789.1	unprocessed_pseudogene	0	0	0	0.0000	0.0000	0.0000
ENSG00000275906.1	NAPGP2	processed_pseudogene	0	0	1	0.0000	0.0000	0.0000
ENSG00000275908.1	AC004381.2	snRNA	0	0	0	0.0000	0.0000	0.0000
ENSG00000275909.1	Metazoa_SRP	misc_RNA	0	0	0	0.0000	0.0000	0.0000
ENSG00000275910.1	AC138932.4	lncRNA	5	96	89	0.7542	0.2209	0.2127
ENSG00000275915.1	AL021155.1	misc_RNA	0	0	0	0.0000	0.0000	0.0000
ENSG00000275919.1	AL161420.1	processed_pseudogene	0	0	0	0.0000	0.0000	0.0000
ENSG00000275923.1	AL160413.1	lncRNA	0	0	0	0.0000	0.0000	0.0000
ENSG00000275924.1	MIR6807	miRNA	0	0	0	0.0000	0.0000	0.0000
ENSG00000275927.1	AC009152.1	lncRNA	0	0	0	0.0000	0.0000	0.0000
ENSG00000275928.2	REXO1L11P	processed_pseudogene	0	0	0	0.0000	0.0000	0.0000
ENSG00000275929.1	AC068831.4	unprocessed_pseudogene	0	0	0	0.0000	0.0000	0.0000
ENSG00000275930.1	Y_RNA	misc_RNA	0	0	0	0.0000	0.0000	0.0000
ENSG00000275933.1	7SK	misc_RNA	0	0	0	0.0000	0.0000	0.0000
ENSG00000275936.1	AC004263.1	lncRNA	0	0	0	0.0000	0.0000	0.0000
ENSG00000275939.1	AC008497.1	misc_RNA	0	0	0	0.0000	0.0000	0.0000
ENSG00000275940.1	MRPL57P3	processed_pseudogene	0	0	0	0.0000	0.0000	0.0000
ENSG00000275942.1	Z99774.2	misc_RNA	0	0	0	0.0000	0.0000	0.0000
ENSG00000275944.1	AC244100.3	lncRNA	0	0	0	0.0000	0.0000	0.0000
ENSG00000275945.1	EIF3FP1	processed_pseudogene	0	0	0	0.0000	0.0000	0.0000
ENSG00000275948.1	AP000769.4	sRNA	0	0	0	0.0000	0.0000	0.0000
ENSG00000275950.1	MIR6724-1	miRNA	0	0	0	0.0000	0.0000	0.0000
ENSG00000275953.1	AL359535.1	processed_pseudogene	0	0	0	0.0000	0.0000	0.0000
ENSG00000275954.5	TBC1D3F	protein_coding	0	0	0	0.0000	0.0000	0.0000
ENSG00000275956.1	AC104446.2	processed_pseudogene	0	1	0	0.0000	0.0000	0.0000
ENSG00000275958.1	AL049765.2	misc_RNA	0	0	0	0.0000	0.0000	0.0000
ENSG00000275959.1	AC108467.2	processed_pseudogene	0	0	0	0.0000	0.0000	0.0000
ENSG00000275961.1	RN7SL210P	misc_RNA	0	0	0	0.0000	0.0000	0.0000
ENSG00000275963.1	AC008115.4	lncRNA	12	3	9	1.3149	0.3852	0.3709
ENSG00000275964.1	AL355001.2	lncRNA	35	16	19	2.4956	0.7310	0.7039
ENSG00000275965.1	AC091544.7	lncRNA	1	0	1	0.2352	0.0689	0.0663
ENSG00000275967.1	MIR6880	miRNA	0	0	0	0.0000	0.0000	0.0000
ENSG00000275968.1	AL359751.2	misc_RNA	0	0	0	0.0000	0.0000	0.0000
ENSG00000275969.2	SPATA31A3	protein_coding	0	0	0	0.0000	0.0000	0.0000
ENSG00000275971.1	AC018659.4	misc_RNA	0	0	0	0.0000	0.0000	0.0000
ENSG00000275975.1	Metazoa_SRP	misc_RNA	0	0	0	0.0000	0.0000	0.0000
ENSG00000275976.5	AC211476.3	lncRNA	0	0	0	0.0000	0.0000	0.0000
ENSG00000275978.1	Metazoa_SRP	misc_RNA	0	0	0	0.0000	0.0000	0.0000
ENSG00000275980.1	AL390882.1	processed_pseudogene	0	0	0	0.0000	0.0000	0.0000
ENSG00000275981.1	AC018816.2	misc_RNA	0	0	0	0.0000	0.0000	0.0000
ENSG00000275982.1	Y_RNA	misc_RNA	0	0	0	0.0000	0.0000	0.0000
ENSG00000275989.2	AL442128.1	transcribed_unprocessed_pseudogene	0	0	0	0.0000	0.0000	0.0000
ENSG00000275992.1	RN7SL327P	misc_RNA	0	0	0	0.0000	0.0000	0.0000
ENSG00000275993.3	SIK1B	protein_coding	236	109	127	4.1339	1.2109	1.1660
ENSG00000275994.1	SNORA24	snoRNA	0	0	0	0.0000	0.0000	0.0000
ENSG00000275995.1	AC109809.1	lncRNA	3	1	2	0.4675	0.1369	0.1318
ENSG00000275996.1	SNORD27	snoRNA	0	0	0	0.0000	0.0000	0.0000
ENSG00000275997.1	AC016292.2	processed_pseudogene	0	0	0	0.0000	0.0000	0.0000
ENSG00000276002.1	Metazoa_SRP	misc_RNA	0	0	0	0.0000	0.0000	0.0000
ENSG00000276003.1	AC108065.1	misc_RNA	0	0	0	0.0000	0.0000	0.0000
ENSG00000276006.1	REXO1L12P	processed_pseudogene	0	0	0	0.0000	0.0000	0.0000
ENSG00000276007.1	AC079414.3	lncRNA	22	15	7	1.7140	0.5021	0.4834
ENSG00000276012.1	AL160153.1	lncRNA	0	0	0	0.0000	0.0000	0.0000
ENSG00000276014.1	RN7SL301P	misc_RNA	0	0	0	0.0000	0.0000	0.0000
ENSG00000276015.1	AC021424.2	misc_RNA	0	0	1	0.0000	0.0000	0.0000
ENSG00000276019.1	AL161437.1	misc_RNA	0	0	0	0.0000	0.0000	0.0000
ENSG00000276023.5	DUSP14	protein_coding	2320	1189	1131	80.7771	23.6609	22.7837
ENSG00000276027.1	RNU12	snRNA	0	0	0	0.0000	0.0000	0.0000
ENSG00000276029.1	MIR4477A	miRNA	0	0	0	0.0000	0.0000	0.0000
ENSG00000276030.1	AC073534.2	lncRNA	2	0	2	0.4458	0.1306	0.1257
ENSG00000276031.1	RN7SL197P	misc_RNA	0	0	0	0.0000	0.0000	0.0000
ENSG00000276036.1	RNA5SP440	rRNA_pseudogene	0	3	5	0.0000	0.0000	0.0000
ENSG00000276039.1	AL353770.2	processed_pseudogene	0	0	0	0.0000	0.0000	0.0000
ENSG00000276040.4	SPATA31A7	protein_coding	0	0	0	0.0000	0.0000	0.0000
ENSG00000276043.5	UHRF1	protein_coding	808	398	410	13.3364	3.9064	3.7616
ENSG00000276045.3	ORAI1	protein_coding	1961	1003	958	73.6202	21.5645	20.7650
ENSG00000276046.1	DUX4L13	unprocessed_pseudogene	0	0	0	0.0000	0.0000	0.0000
ENSG00000276047.1	RN7SL711P	misc_RNA	0	0	0	0.0000	0.0000	0.0000
ENSG00000276048.1	AC012354.4	misc_RNA	0	0	0	0.0000	0.0000	0.0000
ENSG00000276050.1	IGKV2OR2-10	IG_V_pseudogene	1	0	1	0.2731	0.0800	0.0770
ENSG00000276054.1	AC243654.3	lncRNA	3	1	3	0.3466	0.1015	0.0978
ENSG00000276055.1	AC108726.1	misc_RNA	0	0	0	0.0000	0.0000	0.0000
ENSG00000276057.1	AC004542.4	misc_RNA	0	0	0	0.0000	0.0000	0.0000
ENSG00000276058.1	STMN1P1	processed_pseudogene	2	1	1	0.3860	0.1131	0.1089
ENSG00000276063.1	AL391262.1	lncRNA	0	0	0	0.0000	0.0000	0.0000
ENSG00000276064.1	AL365222.1	processed_pseudogene	0	0	0	0.0000	0.0000	0.0000
ENSG00000276067.2	SLC23A4P	transcribed_unprocessed_pseudogene	0	0	0	0.0000	0.0000	0.0000
ENSG00000276070.5	CCL4L2	protein_coding	137	59	78	8.3279	2.4394	2.3489
ENSG00000276071.1	AC074138.1	lncRNA	0	0	0	0.0000	0.0000	0.0000
ENSG00000276074.1	AC125613.2	misc_RNA	0	0	0	0.0000	0.0000	0.0000
ENSG00000276075.1	AC027682.6	lncRNA	14	19	9	1.3464	0.3944	0.3798
ENSG00000276076.4	CRYAA2	protein_coding	0	0	0	0.0000	0.0000	0.0000
ENSG00000276077.4	CU633904.1	lncRNA	0	0	0	0.0000	0.0000	0.0000
ENSG00000276081.1	MIR7156	miRNA	0	0	0	0.0000	0.0000	0.0000
ENSG00000276083.1	MIR7976	miRNA	1	0	1	1.2867	0.3769	0.3629
ENSG00000276085.1	CCL3L3	protein_coding	41	25	22	2.3701	0.6943	0.6685
ENSG00000276087.2	AC008073.3	protein_coding	0	0	0	0.0000	0.0000	0.0000
ENSG00000276088.1	RN7SL620P	misc_RNA	0	0	0	0.0000	0.0000	0.0000
ENSG00000276089.1	AL137060.6	misc_RNA	0	0	0	0.0000	0.0000	0.0000
ENSG00000276092.1	AC040896.1	lncRNA	0	0	0	0.0000	0.0000	0.0000
ENSG00000276093.1	AL132822.1	lncRNA	0	0	0	0.0000	0.0000	0.0000
ENSG00000276094.1	SNORA70	snoRNA	0	0	0	0.0000	0.0000	0.0000
ENSG00000276095.2	FAM230F	lncRNA	0	0	0	0.0000	0.0000	0.0000
ENSG00000276096.1	Metazoa_SRP	misc_RNA	2	2	0	0.5738	0.1681	0.1618
ENSG00000276097.1	AC006538.3	lncRNA	0	0	0	0.0000	0.0000	0.0000
ENSG00000276098.1	AC027345.1	processed_pseudogene	0	0	0	0.0000	0.0000	0.0000
ENSG00000276100.1	AC106873.6	misc_RNA	0	0	0	0.0000	0.0000	0.0000
ENSG00000276101.1	AC027601.3	lncRNA	0	386	360	0.0000	0.0000	0.0000
ENSG00000276102.1	MIR6747	miRNA	1	1	0	1.3921	0.4078	0.3927
ENSG00000276103.1	U4	snRNA	0	0	0	0.0000	0.0000	0.0000
ENSG00000276105.1	AC021424.3	misc_RNA	0	0	0	0.0000	0.0000	0.0000
ENSG00000276107.1	AC037198.1	lncRNA	4	3	1	0.4634	0.1357	0.1307
ENSG00000276109.1	AP005019.2	processed_pseudogene	0	0	0	0.0000	0.0000	0.0000
ENSG00000276110.1	AC242988.1	lncRNA	0	0	0	0.0000	0.0000	0.0000
ENSG00000276115.1	AC026356.2	lncRNA	29	16	13	1.3712	0.4016	0.3868
ENSG00000276116.2	FUT8-AS1	lncRNA	4	37	31	0.2233	0.0654	0.0630
ENSG00000276118.1	AC242852.1	unprocessed_pseudogene	0	0	0	0.0000	0.0000	0.0000
ENSG00000276119.1	OR13C2	protein_coding	0	0	0	0.0000	0.0000	0.0000
ENSG00000276121.1	AC122108.2	lncRNA	0	0	0	0.0000	0.0000	0.0000
ENSG00000276122.1	AC026336.3	lncRNA	0	0	0	0.0000	0.0000	0.0000
ENSG00000276123.1	Metazoa_SRP	misc_RNA	0	0	0	0.0000	0.0000	0.0000
ENSG00000276124.1	MIR6855	miRNA	0	0	0	0.0000	0.0000	0.0000
ENSG00000276127.1	AL589935.2	processed_pseudogene	0	0	0	0.0000	0.0000	0.0000
ENSG00000276128.2	AL591441.1	transcribed_processed_pseudogene	0	0	0	0.0000	0.0000	0.0000
ENSG00000276131.1	AC009118.2	lncRNA	0	48	38	0.0000	0.0000	0.0000
ENSG00000276136.1	AC016957.2	lncRNA	11	5	6	1.1016	0.3227	0.3107
ENSG00000276137.1	MIR6133	miRNA	0	0	0	0.0000	0.0000	0.0000
ENSG00000276138.1	U6	snRNA	0	0	0	0.0000	0.0000	0.0000
ENSG00000276140.1	AC015599.1	misc_RNA	0	0	0	0.0000	0.0000	0.0000
ENSG00000276141.4	WHAMMP3	transcribed_unprocessed_pseudogene	11	4	7	0.1285	0.0376	0.0362
ENSG00000276147.1	MIR548AY	miRNA	0	0	0	0.0000	0.0000	0.0000
ENSG00000276148.1	AC084824.5	lncRNA	7	1	6	1.4393	0.4216	0.4060
ENSG00000276149.1	BX005040.2	transcribed_processed_pseudogene	0	0	0	0.0000	0.0000	0.0000
ENSG00000276150.1	AL031591.1	misc_RNA	0	0	0	0.0000	0.0000	0.0000
ENSG00000276156.1	AL138880.2	unprocessed_pseudogene	0	0	0	0.0000	0.0000	0.0000
ENSG00000276158.2	MIR1264	miRNA	0	0	0	0.0000	0.0000	0.0000
ENSG00000276160.1	GGTLC5P	unprocessed_pseudogene	1	1	0	0.0851	0.0249	0.0240
ENSG00000276161.1	SNORA17B	snoRNA	0	0	0	0.0000	0.0000	0.0000
ENSG00000276162.1	MIR5739	miRNA	0	0	0	0.0000	0.0000	0.0000
ENSG00000276164.1	DUX4L20	unprocessed_pseudogene	0	0	0	0.0000	0.0000	0.0000
ENSG00000276166.1	AC092118.2	lncRNA	4	355	319	0.5093	0.1492	0.1436
ENSG00000276168.1	RN7SL1	misc_RNA	457	236	222	129.7948	38.0189	36.6094
ENSG00000276169.1	MIR6871	miRNA	0	0	0	0.0000	0.0000	0.0000
ENSG00000276170.4	AC244153.1	lncRNA	1	1	0	0.0680	0.0199	0.0192
ENSG00000276172.1	ELMO2P1	transcribed_unprocessed_pseudogene	0	0	0	0.0000	0.0000	0.0000
ENSG00000276174.1	AC087683.2	lncRNA	0	0	0	0.0000	0.0000	0.0000
ENSG00000276176.1	MIR6090	miRNA	0	0	0	0.0000	0.0000	0.0000
ENSG00000276178.1	Y_RNA	misc_RNA	0	0	0	0.0000	0.0000	0.0000
ENSG00000276179.1	AP001825.3	misc_RNA	0	0	0	0.0000	0.0000	0.0000
ENSG00000276180.1	H4C9	protein_coding	153	174	171	10.0408	2.9411	2.8321
ENSG00000276181.1	MIR6794	miRNA	0	0	0	0.0000	0.0000	0.0000
ENSG00000276183.1	U6	snRNA	0	0	0	0.0000	0.0000	0.0000
ENSG00000276185.1	AC005045.2	misc_RNA	0	74	74	0.0000	0.0000	0.0000
ENSG00000276188.1	AC069234.4	lncRNA	0	0	0	0.0000	0.0000	0.0000
ENSG00000276189.1	AL136528.1	misc_RNA	0	2	2	0.0000	0.0000	0.0000
ENSG00000276193.1	Metazoa_SRP	misc_RNA	0	0	0	0.0000	0.0000	0.0000
ENSG00000276200.1	RN7SL820P	misc_RNA	0	2	4	0.0000	0.0000	0.0000
ENSG00000276202.1	Metazoa_SRP	misc_RNA	0	0	0	0.0000	0.0000	0.0000
ENSG00000276203.5	ANKRD20A3P	protein_coding	0	0	0	0.0000	0.0000	0.0000
ENSG00000276204.1	BX005195.1	processed_pseudogene	0	0	0	0.0000	0.0000	0.0000
ENSG00000276205.1	AL603758.1	unprocessed_pseudogene	0	0	0	0.0000	0.0000	0.0000
ENSG00000276206.1	AC012314.9	unprocessed_pseudogene	0	0	0	0.0000	0.0000	0.0000
ENSG00000276208.1	AL161423.1	unprocessed_pseudogene	0	0	0	0.0000	0.0000	0.0000
ENSG00000276210.2	LINC00226	lncRNA	0	1	1	0.0000	0.0000	0.0000
ENSG00000276213.1	Metazoa_SRP	misc_RNA	1	0	1	0.3044	0.0892	0.0859
ENSG00000276214.1	AC008833.1	processed_pseudogene	1	1	0	0.1229	0.0360	0.0347
ENSG00000276216.1	AC245014.3	lncRNA	0	0	0	0.0000	0.0000	0.0000
ENSG00000276221.1	MIR8057	miRNA	0	0	0	0.0000	0.0000	0.0000
ENSG00000276223.1	AL118522.1	lncRNA	10	6	4	1.5164	0.4442	0.4277
ENSG00000276225.1	AL117190.6	misc_RNA	0	0	0	0.0000	0.0000	0.0000
ENSG00000276229.1	AC012354.5	misc_RNA	0	0	0	0.0000	0.0000	0.0000
ENSG00000276231.5	PIK3R6	protein_coding	86	40	46	2.0486	0.6001	0.5778
ENSG00000276232.1	AC006064.5	lncRNA	0	0	0	0.0000	0.0000	0.0000
ENSG00000276233.1	AC016591.1	misc_RNA	0	0	0	0.0000	0.0000	0.0000
ENSG00000276234.5	TADA2A	protein_coding	728	363	365	10.9672	3.2125	3.0934
ENSG00000276240.2	OR4E1	protein_coding	1	1	0	0.0227	0.0066	0.0064
ENSG00000276241.1	AC243829.2	lncRNA	0	0	0	0.0000	0.0000	0.0000
ENSG00000276248.1	AL442125.1	lncRNA	4	0	4	0.1010	0.0296	0.0285
ENSG00000276250.1	AC127024.6	lncRNA	2	31	45	0.4006	0.1173	0.1130
ENSG00000276251.1	AC007786.2	lncRNA	4	1	3	0.4230	0.1239	0.1193
ENSG00000276255.2	LINC02809	lncRNA	1	0	2	0.0321	0.0094	0.0091
ENSG00000276257.1	AL513478.1	processed_pseudogene	0	0	0	0.0000	0.0000	0.0000
ENSG00000276259.1	AC009118.3	lncRNA	0	0	0	0.0000	0.0000	0.0000
ENSG00000276261.1	AC009509.4	lncRNA	52	25	27	8.6756	2.5412	2.4470
ENSG00000276266.1	FP325318.1	lncRNA	0	0	0	0.0000	0.0000	0.0000
ENSG00000276269.1	AL355974.2	lncRNA	0	0	0	0.0000	0.0000	0.0000
ENSG00000276270.1	MIR6799	miRNA	0	0	0	0.0000	0.0000	0.0000
ENSG00000276272.1	AC024884.2	lncRNA	0	0	0	0.0000	0.0000	0.0000
ENSG00000276277.1	AL445584.3	processed_pseudogene	0	0	0	0.0000	0.0000	0.0000
ENSG00000276278.1	AC048382.6	lncRNA	0	65	59	0.0000	0.0000	0.0000
ENSG00000276281.1	RN7SL126P	misc_RNA	0	0	0	0.0000	0.0000	0.0000
ENSG00000276282.1	AC022960.2	lncRNA	1	1	0	0.1275	0.0373	0.0360
ENSG00000276289.4	KCNE1B	protein_coding	244	113	131	5.6784	1.6633	1.6016
ENSG00000276290.1	RBBP4P3	processed_pseudogene	2	2	0	0.1324	0.0388	0.0373
ENSG00000276291.5	FRG1HP	transcribed_unprocessed_pseudogene	77	49	46	3.8487	1.1273	1.0855
ENSG00000276292.1	AC131159.1	lncRNA	0	0	0	0.0000	0.0000	0.0000
ENSG00000276293.4	PIP4K2B	protein_coding	6245	3140	3108	86.4431	25.3205	24.3818
ENSG00000276294.1	AC078899.5	unprocessed_pseudogene	0	0	0	0.0000	0.0000	0.0000
ENSG00000276298.1	AC234782.1	unprocessed_pseudogene	1	1	0	0.2621	0.0768	0.0739
ENSG00000276302.1	AL021997.2	protein_coding	1	1	0	0.1525	0.0447	0.0430
ENSG00000276304.1	AC119740.1	misc_RNA	0	0	0	0.0000	0.0000	0.0000
ENSG00000276308.1	AC078880.4	lncRNA	0	0	0	0.0000	0.0000	0.0000
ENSG00000276309.1	RN7SKP251	misc_RNA	0	0	0	0.0000	0.0000	0.0000
ENSG00000276311.1	MIR6511A3	miRNA	0	0	0	0.0000	0.0000	0.0000
ENSG00000276314.1	SNORD107	snoRNA	0	0	0	0.0000	0.0000	0.0000
ENSG00000276316.1	OR8G7P	unprocessed_pseudogene	0	0	0	0.0000	0.0000	0.0000
ENSG00000276317.1	AL357033.3	lncRNA	4	1	3	0.5532	0.1620	0.1560
ENSG00000276318.1	GTF2IP8	unprocessed_pseudogene	0	0	0	0.0000	0.0000	0.0000
ENSG00000276319.1	MIR8079	miRNA	0	0	0	0.0000	0.0000	0.0000
ENSG00000276326.1	MIR2909	miRNA	0	0	0	0.0000	0.0000	0.0000
ENSG00000276332.1	AC010338.1	processed_pseudogene	0	0	0	0.0000	0.0000	0.0000
ENSG00000276334.1	AL133243.2	lncRNA	57	27	30	2.9861	0.8747	0.8422
ENSG00000276337.1	AC105429.1	lncRNA	7	4	3	0.1486	0.0435	0.0419
ENSG00000276348.1	AL353770.3	lncRNA	0	0	0	0.0000	0.0000	0.0000
ENSG00000276350.1	MIR6858	miRNA	0	0	0	0.0000	0.0000	0.0000
ENSG00000276352.2	MIR668	miRNA	0	0	0	0.0000	0.0000	0.0000
ENSG00000276353.1	Metazoa_SRP	misc_RNA	0	0	0	0.0000	0.0000	0.0000
ENSG00000276359.1	Metazoa_SRP	misc_RNA	0	0	0	0.0000	0.0000	0.0000
ENSG00000276362.1	AC010087.1	unprocessed_pseudogene	0	0	0	0.0000	0.0000	0.0000
ENSG00000276365.1	MIR145	miRNA	0	0	0	0.0000	0.0000	0.0000
ENSG00000276366.1	U3	snoRNA	0	0	0	0.0000	0.0000	0.0000
ENSG00000276368.2	H2AC14	protein_coding	2	2	0	0.3568	0.1045	0.1006
ENSG00000276375.1	AL157712.1	unprocessed_pseudogene	0	0	0	0.0000	0.0000	0.0000
ENSG00000276376.1	U7	snRNA	0	0	1	0.0000	0.0000	0.0000
ENSG00000276380.2	UBE2NL	polymorphic_pseudogene	2	1	1	0.1433	0.0420	0.0404
ENSG00000276384.1	AC016876.3	lncRNA	0	93	94	0.0000	0.0000	0.0000
ENSG00000276385.1	AL445567.2	processed_pseudogene	0	0	0	0.0000	0.0000	0.0000
ENSG00000276386.1	CNTNAP3P2	unprocessed_pseudogene	2	2	0	0.0440	0.0129	0.0124
ENSG00000276388.1	AL591424.1	unprocessed_pseudogene	0	0	0	0.0000	0.0000	0.0000
ENSG00000276390.1	AC004241.3	lncRNA	8	2	6	1.3140	0.3849	0.3706
ENSG00000276391.1	AC003001.2	processed_pseudogene	0	0	0	0.0000	0.0000	0.0000
ENSG00000276393.1	AC105429.2	unprocessed_pseudogene	0	0	0	0.0000	0.0000	0.0000
ENSG00000276396.1	Metazoa_SRP	misc_RNA	0	0	0	0.0000	0.0000	0.0000
ENSG00000276397.2	LINC01879	lncRNA	81	37	44	2.6415	0.7737	0.7451
ENSG00000276398.1	AC018659.5	misc_RNA	0	0	0	0.0000	0.0000	0.0000
ENSG00000276399.1	FLJ36000	lncRNA	7	6	1	0.1564	0.0458	0.0441
ENSG00000276400.1	VN1R9P	processed_pseudogene	0	0	0	0.0000	0.0000	0.0000
ENSG00000276403.1	AC105105.4	lncRNA	0	0	0	0.0000	0.0000	0.0000
ENSG00000276404.1	MIR6835	miRNA	0	0	0	0.0000	0.0000	0.0000
ENSG00000276405.1	TRBV13	TR_V_gene	12	5	7	2.7247	0.7981	0.7685
ENSG00000276406.1	AC015726.2	lncRNA	1	1	0	0.6961	0.2039	0.1963
ENSG00000276407.5	AC024559.2	lncRNA	0	0	0	0.0000	0.0000	0.0000
ENSG00000276408.1	AC025287.2	lncRNA	3	2	1	0.3814	0.1117	0.1076
ENSG00000276409.5	CCL14	protein_coding	4	6	4	0.1038	0.0304	0.0293
ENSG00000276410.4	H2BC3	protein_coding	0	0	0	0.0000	0.0000	0.0000
ENSG00000276411.1	AC106875.2	lncRNA	0	0	0	0.0000	0.0000	0.0000
ENSG00000276412.2	AL591926.2	lncRNA	1	1	0	0.0802	0.0235	0.0226
ENSG00000276413.1	AL078604.3	processed_pseudogene	0	0	0	0.0000	0.0000	0.0000
ENSG00000276417.1	AC092111.2	lncRNA	2	0	5	0.1201	0.0352	0.0339
ENSG00000276418.5	AC036214.3	protein_coding	0	0	0	0.0000	0.0000	0.0000
ENSG00000276422.2	AL590491.2	lncRNA	0	0	0	0.0000	0.0000	0.0000
ENSG00000276426.1	AC093298.1	misc_RNA	0	0	0	0.0000	0.0000	0.0000
ENSG00000276427.1	IGLL4P	unprocessed_pseudogene	0	0	0	0.0000	0.0000	0.0000
ENSG00000276428.1	AC245505.3	processed_pseudogene	0	0	0	0.0000	0.0000	0.0000
ENSG00000276430.3	FAM25C	protein_coding	0	0	0	0.0000	0.0000	0.0000
ENSG00000276431.1	AC023511.2	processed_pseudogene	0	0	0	0.0000	0.0000	0.0000
ENSG00000276434.1	AL136221.1	lncRNA	0	0	0	0.0000	0.0000	0.0000
ENSG00000276436.1	AL136301.1	lncRNA	2	2	0	0.4025	0.1179	0.1135
ENSG00000276442.1	RNA5SP529	rRNA	0	0	0	0.0000	0.0000	0.0000
ENSG00000276445.1	AC005393.1	lncRNA	8	4	4	1.1633	0.3407	0.3281
ENSG00000276449.1	AC004076.2	lncRNA	10	5	5	0.2556	0.0749	0.0721
ENSG00000276454.1	AC008083.4	lncRNA	0	0	0	0.0000	0.0000	0.0000
ENSG00000276457.1	FKBP4P8	processed_pseudogene	0	0	0	0.0000	0.0000	0.0000
ENSG00000276460.1	AC073869.2	unprocessed_pseudogene	0	0	0	0.0000	0.0000	0.0000
ENSG00000276462.2	BX255923.2	lncRNA	0	0	0	0.0000	0.0000	0.0000
ENSG00000276467.1	Z93929.1	unprocessed_pseudogene	0	0	0	0.0000	0.0000	0.0000
ENSG00000276470.1	AL021155.2	misc_RNA	0	0	0	0.0000	0.0000	0.0000
ENSG00000276471.1	AC105265.3	lncRNA	0	0	0	0.0000	0.0000	0.0000
ENSG00000276473.1	AC107905.1	lncRNA	0	0	0	0.0000	0.0000	0.0000
ENSG00000276474.1	AC231759.1	processed_pseudogene	0	0	0	0.0000	0.0000	0.0000
ENSG00000276475.1	AC016769.4	processed_pseudogene	0	0	0	0.0000	0.0000	0.0000
ENSG00000276476.3	LINC00540	lncRNA	1	0	1	0.0274	0.0080	0.0077
ENSG00000276478.1	AL772337.4	unprocessed_pseudogene	1	1	0	0.1140	0.0334	0.0322
ENSG00000276479.1	MIR548AZ	miRNA	0	0	0	0.0000	0.0000	0.0000
ENSG00000276484.1	AC126755.3	unprocessed_pseudogene	0	0	0	0.0000	0.0000	0.0000
ENSG00000276486.1	AC022960.3	processed_pseudogene	1	0	1	0.1926	0.0564	0.0543
ENSG00000276487.2	AC061709.2	lncRNA	0	0	0	0.0000	0.0000	0.0000
ENSG00000276488.1	AC008735.4	lncRNA	7	4	3	0.9777	0.2864	0.2758
ENSG00000276489.1	MIR6829	miRNA	0	0	0	0.0000	0.0000	0.0000
ENSG00000276490.1	AL583836.1	protein_coding	0	0	0	0.0000	0.0000	0.0000
ENSG00000276493.1	Metazoa_SRP	misc_RNA	0	0	0	0.0000	0.0000	0.0000
ENSG00000276494.1	AC021424.4	misc_RNA	0	0	0	0.0000	0.0000	0.0000
ENSG00000276496.1	AC004080.8	misc_RNA	0	0	0	0.0000	0.0000	0.0000
ENSG00000276500.1	BMS1P14	lncRNA	0	0	0	0.0000	0.0000	0.0000
ENSG00000276502.1	AL354718.2	lncRNA	0	0	0	0.0000	0.0000	0.0000
ENSG00000276505.1	AP000892.3	lncRNA	0	0	0	0.0000	0.0000	0.0000
ENSG00000276507.1	AC068944.2	processed_pseudogene	0	0	0	0.0000	0.0000	0.0000
ENSG00000276508.1	AC243830.3	lncRNA	0	0	0	0.0000	0.0000	0.0000
ENSG00000276509.1	AC239799.1	lncRNA	6	1	5	0.2545	0.0745	0.0718
ENSG00000276514.1	AC008534.2	misc_RNA	0	0	0	0.0000	0.0000	0.0000
ENSG00000276517.1	AL133243.3	lncRNA	30	18	12	0.8481	0.2484	0.2392
ENSG00000276519.1	AC092142.2	lncRNA	0	0	0	0.0000	0.0000	0.0000
ENSG00000276520.1	CR589904.1	processed_pseudogene	1	0	1	0.1930	0.0565	0.0544
ENSG00000276521.1	AP001486.3	unprocessed_pseudogene	0	0	0	0.0000	0.0000	0.0000
ENSG00000276522.1	RN7SL462P	misc_RNA	0	0	0	0.0000	0.0000	0.0000
ENSG00000276523.1	AC025287.3	lncRNA	2	1	1	0.3390	0.0993	0.0956
ENSG00000276524.1	AC010999.2	lncRNA	0	6	7	0.0000	0.0000	0.0000
ENSG00000276525.1	Metazoa_SRP	misc_RNA	0	0	0	0.0000	0.0000	0.0000
ENSG00000276527.1	AL356515.1	lncRNA	0	0	0	0.0000	0.0000	0.0000
ENSG00000276528.1	AC004079.3	misc_RNA	0	0	0	0.0000	0.0000	0.0000
ENSG00000276529.1	AP001505.1	lncRNA	76	38	38	14.5687	4.2674	4.1092
ENSG00000276530.1	AL049692.3	misc_RNA	0	0	0	0.0000	0.0000	0.0000
ENSG00000276531.1	SNX19P4	unprocessed_pseudogene	0	0	0	0.0000	0.0000	0.0000
ENSG00000276532.1	Metazoa_SRP	misc_RNA	0	0	0	0.0000	0.0000	0.0000
ENSG00000276533.1	AC018926.2	lncRNA	3	0	3	0.5116	0.1498	0.1443
ENSG00000276535.1	AL353726.1	processed_pseudogene	0	0	0	0.0000	0.0000	0.0000
ENSG00000276538.1	AC092666.2	unprocessed_pseudogene	0	0	0	0.0000	0.0000	0.0000
ENSG00000276540.1	REXO1L10P	processed_pseudogene	0	0	0	0.0000	0.0000	0.0000
ENSG00000276542.1	AC097478.2	lncRNA	0	0	0	0.0000	0.0000	0.0000
ENSG00000276544.1	RN7SL453P	misc_RNA	0	0	0	0.0000	0.0000	0.0000
ENSG00000276545.1	PCDHGB9P	unprocessed_pseudogene	10	5	5	0.3697	0.1083	0.1043
ENSG00000276546.1	Y_RNA	misc_RNA	0	0	0	0.0000	0.0000	0.0000
ENSG00000276547.1	PCDHGB5	protein_coding	31	12	19	0.5427	0.1590	0.1531
ENSG00000276548.1	AC008740.2	unprocessed_pseudogene	0	0	0	0.0000	0.0000	0.0000
ENSG00000276550.4	HERC2P2	transcribed_unprocessed_pseudogene	91	45	46	1.1095	0.3250	0.3129
ENSG00000276556.1	AF254982.1	unprocessed_pseudogene	0	0	0	0.0000	0.0000	0.0000
ENSG00000276557.1	TRBV18	TR_V_gene	13	6	7	2.5794	0.7555	0.7275
ENSG00000276562.1	RN7SL565P	misc_RNA	0	0	0	0.0000	0.0000	0.0000
ENSG00000276563.1	AL359075.1	processed_pseudogene	1	0	1	0.3913	0.1146	0.1104
ENSG00000276564.1	AC130650.2	lncRNA	9	6	3	0.3181	0.0932	0.0897
ENSG00000276566.1	IGKV1D-13	IG_V_gene	15	4	15	3.3878	0.9923	0.9555
ENSG00000276568.1	Metazoa_SRP	misc_RNA	0	0	0	0.0000	0.0000	0.0000
ENSG00000276569.1	AL138709.1	processed_pseudogene	0	0	0	0.0000	0.0000	0.0000
ENSG00000276570.1	AC010327.6	lncRNA	56	32	24	1.5536	0.4551	0.4382
ENSG00000276571.1	AC002550.2	lncRNA	6	4	2	1.2932	0.3788	0.3648
ENSG00000276573.1	AL442067.1	lncRNA	1	1	0	0.3808	0.1115	0.1074
ENSG00000276575.1	MIR6895	miRNA	0	0	0	0.0000	0.0000	0.0000
ENSG00000276576.1	MRPL30P1	processed_pseudogene	3	1	2	0.5444	0.1595	0.1535
ENSG00000276577.1	RNU6-467P	snRNA	0	0	0	0.0000	0.0000	0.0000
ENSG00000276578.1	AC004696.1	unprocessed_pseudogene	2	9	3	0.2798	0.0820	0.0789
ENSG00000276580.1	MIR8055	miRNA	1	1	0	0.8755	0.2564	0.2469
ENSG00000276581.3	SPATA31A5	protein_coding	0	0	0	0.0000	0.0000	0.0000
ENSG00000276584.1	MIR6737	miRNA	0	0	0	0.0000	0.0000	0.0000
ENSG00000276586.1	AL356102.1	unprocessed_pseudogene	0	0	0	0.0000	0.0000	0.0000
ENSG00000276588.1	RN7SL322P	misc_RNA	0	0	0	0.0000	0.0000	0.0000
ENSG00000276592.1	PHBP6	processed_pseudogene	0	0	0	0.0000	0.0000	0.0000
ENSG00000276593.1	AC022306.3	lncRNA	3	1	2	0.4632	0.1357	0.1306
ENSG00000276596.1	U2	snRNA	0	0	0	0.0000	0.0000	0.0000
ENSG00000276597.1	TRBV11-3	TR_V_gene	1	1	0	0.2166	0.0635	0.0611
ENSG00000276598.1	MIR6893	miRNA	0	0	0	0.0000	0.0000	0.0000
ENSG00000276599.1	RNA5SP411	rRNA_pseudogene	0	0	0	0.0000	0.0000	0.0000
ENSG00000276600.5	RAB7B	protein_coding	778	398	380	17.9241	5.2502	5.0556
ENSG00000276601.1	Metazoa_SRP	misc_RNA	0	0	0	0.0000	0.0000	0.0000
ENSG00000276603.1	AL109614.1	lncRNA	5	3	2	1.0134	0.2968	0.2858
ENSG00000276605.1	AC027250.1	processed_pseudogene	0	0	0	0.0000	0.0000	0.0000
ENSG00000276609.1	AC004080.9	misc_RNA	0	0	0	0.0000	0.0000	0.0000
ENSG00000276610.1	SNORD64	snoRNA	0	0	0	0.0000	0.0000	0.0000
ENSG00000276612.3	FP565260.2	protein_coding	0	0	0	0.0000	0.0000	0.0000
ENSG00000276620.1	AL591516.1	processed_pseudogene	0	0	0	0.0000	0.0000	0.0000
ENSG00000276622.1	MIR6499	miRNA	0	0	0	0.0000	0.0000	0.0000
ENSG00000276623.1	AC106872.11	processed_pseudogene	0	0	0	0.0000	0.0000	0.0000
ENSG00000276626.1	7SK	misc_RNA	0	0	0	0.0000	0.0000	0.0000
ENSG00000276627.3	AL117372.1	lncRNA	0	0	0	0.0000	0.0000	0.0000
ENSG00000276631.1	AC007786.3	lncRNA	0	0	0	0.0000	0.0000	0.0000
ENSG00000276632.1	AL445528.2	processed_pseudogene	0	0	0	0.0000	0.0000	0.0000
ENSG00000276633.1	AJ011931.1	lncRNA	0	0	0	0.0000	0.0000	0.0000
ENSG00000276637.1	AC084851.3	unprocessed_pseudogene	0	0	0	0.0000	0.0000	0.0000
ENSG00000276638.1	AL109954.2	lncRNA	0	0	0	0.0000	0.0000	0.0000
ENSG00000276639.1	MIR7154	miRNA	0	0	0	0.0000	0.0000	0.0000
ENSG00000276641.1	MIR6769A	miRNA	0	0	0	0.0000	0.0000	0.0000
ENSG00000276642.1	AL445423.2	snRNA	0	0	0	0.0000	0.0000	0.0000
ENSG00000276643.1	AL627443.2	snoRNA	0	0	0	0.0000	0.0000	0.0000
ENSG00000276644.5	DACH1	protein_coding	23	13	10	0.3616	0.1059	0.1020
ENSG00000276645.1	Metazoa_SRP	misc_RNA	0	0	0	0.0000	0.0000	0.0000
ENSG00000276647.1	KRTAP12-6P	processed_pseudogene	0	0	0	0.0000	0.0000	0.0000
ENSG00000276649.1	AL117335.1	lncRNA	20	13	15	1.0569	0.3096	0.2981
ENSG00000276650.1	AC022202.1	unprocessed_pseudogene	0	0	0	0.0000	0.0000	0.0000
ENSG00000276651.1	AC007950.2	lncRNA	2	0	2	0.0724	0.0212	0.0204
ENSG00000276653.1	RN7SL856P	misc_RNA	0	0	0	0.0000	0.0000	0.0000
ENSG00000276656.1	MIR6083	miRNA	0	0	0	0.0000	0.0000	0.0000
ENSG00000276662.1	AL713922.2	unprocessed_pseudogene	1	0	1	0.1186	0.0347	0.0335
ENSG00000276663.1	AC009090.3	lncRNA	1	37	46	0.1503	0.0440	0.0424
ENSG00000276664.1	AC004542.5	misc_RNA	0	0	0	0.0000	0.0000	0.0000
ENSG00000276667.1	AL158077.1	unprocessed_pseudogene	0	0	0	0.0000	0.0000	0.0000
ENSG00000276668.1	AC104237.3	lncRNA	0	0	0	0.0000	0.0000	0.0000
ENSG00000276669.1	Metazoa_SRP	misc_RNA	0	0	0	0.0000	0.0000	0.0000
ENSG00000276670.1	AC012354.6	misc_RNA	0	0	0	0.0000	0.0000	0.0000
ENSG00000276672.1	AL161891.1	lncRNA	10	3	7	0.1832	0.0537	0.0517
ENSG00000276673.1	AC011716.1	misc_RNA	0	0	0	0.0000	0.0000	0.0000
ENSG00000276674.1	IGKV1OR1-1	IG_V_pseudogene	0	0	0	0.0000	0.0000	0.0000
ENSG00000276675.1	AL033538.2	misc_RNA	0	0	0	0.0000	0.0000	0.0000
ENSG00000276678.1	AC022384.2	misc_RNA	0	0	0	0.0000	0.0000	0.0000
ENSG00000276680.1	AL109755.2	misc_RNA	0	0	0	0.0000	0.0000	0.0000
ENSG00000276685.1	AC118650.1	misc_RNA	0	0	0	0.0000	0.0000	0.0000
ENSG00000276687.1	AL356130.1	lncRNA	0	0	0	0.0000	0.0000	0.0000
ENSG00000276688.1	AL121757.3	lncRNA	0	0	0	0.0000	0.0000	0.0000
ENSG00000276689.1	AL450487.1	processed_pseudogene	0	0	0	0.0000	0.0000	0.0000
ENSG00000276690.1	AC117415.1	misc_RNA	0	0	0	0.0000	0.0000	0.0000
ENSG00000276691.1	AC004466.3	lncRNA	2	1	4	0.3111	0.0911	0.0877
ENSG00000276693.1	AC138466.3	lncRNA	0	0	0	0.0000	0.0000	0.0000
ENSG00000276696.1	Y_RNA	misc_RNA	1	0	1	0.6532	0.1913	0.1842
ENSG00000276698.1	AL136295.6	lncRNA	8	2	6	1.0325	0.3024	0.2912
ENSG00000276699.1	TRAJ36	TR_J_gene	0	0	0	0.0000	0.0000	0.0000
ENSG00000276702.1	AC010809.3	lncRNA	1	1	0	0.1325	0.0388	0.0374
ENSG00000276703.1	RPS29P32	processed_pseudogene	0	0	0	0.0000	0.0000	0.0000
ENSG00000276704.1	AL442067.2	lncRNA	0	0	0	0.0000	0.0000	0.0000
ENSG00000276706.1	AC023128.2	misc_RNA	0	0	0	0.0000	0.0000	0.0000
ENSG00000276707.1	AC243773.1	lncRNA	0	0	2	0.0000	0.0000	0.0000
ENSG00000276710.4	CSPG4P10	transcribed_unprocessed_pseudogene	58	41	49	0.6862	0.2010	0.1935
ENSG00000276712.1	MIR7111	miRNA	0	0	0	0.0000	0.0000	0.0000
ENSG00000276713.1	Metazoa_SRP	misc_RNA	0	0	0	0.0000	0.0000	0.0000
ENSG00000276715.4	YWHAEP7	transcribed_unprocessed_pseudogene	0	0	1	0.0000	0.0000	0.0000
ENSG00000276717.2	PRSS47	transcribed_unprocessed_pseudogene	0	0	0	0.0000	0.0000	0.0000
ENSG00000276718.1	AC005840.4	lncRNA	3	4	0	0.4253	0.1246	0.1200
ENSG00000276721.1	AC092375.3	unprocessed_pseudogene	0	0	0	0.0000	0.0000	0.0000
ENSG00000276722.1	AL132655.6	misc_RNA	0	0	1	0.0000	0.0000	0.0000
ENSG00000276723.1	Y_RNA	misc_RNA	0	0	0	0.0000	0.0000	0.0000
ENSG00000276724.1	AC123768.3	lncRNA	2	2	0	0.2423	0.0710	0.0683
ENSG00000276727.1	AC137834.2	lncRNA	0	133	133	0.0000	0.0000	0.0000
ENSG00000276728.1	AC142472.1	lncRNA	39	20	20	1.9023	0.5572	0.5366
ENSG00000276729.1	Metazoa_SRP	misc_RNA	0	0	0	0.0000	0.0000	0.0000
ENSG00000276730.1	AL138834.1	misc_RNA	0	0	0	0.0000	0.0000	0.0000
ENSG00000276733.1	MIR7158	miRNA	0	0	0	0.0000	0.0000	0.0000
ENSG00000276735.1	Metazoa_SRP	misc_RNA	1	0	1	0.2704	0.0792	0.0763
ENSG00000276738.1	AP001506.1	processed_pseudogene	0	0	0	0.0000	0.0000	0.0000
ENSG00000276740.1	AL445649.1	lncRNA	0	0	0	0.0000	0.0000	0.0000
ENSG00000276742.1	AL731566.3	lncRNA	2	3	2	0.5358	0.1569	0.1511
ENSG00000276744.1	AC105137.2	lncRNA	3	1	2	0.2589	0.0758	0.0730
ENSG00000276746.1	Metazoa_SRP	misc_RNA	0	0	0	0.0000	0.0000	0.0000
ENSG00000276747.1	PADI6	protein_coding	1	0	1	0.0354	0.0104	0.0100
ENSG00000276753.1	MIR6821	miRNA	0	0	0	0.0000	0.0000	0.0000
ENSG00000276754.1	AC006111.3	lncRNA	0	0	0	0.0000	0.0000	0.0000
ENSG00000276755.1	AC243829.3	unprocessed_pseudogene	0	0	0	0.0000	0.0000	0.0000
ENSG00000276756.4	AC245595.1	transcribed_unprocessed_pseudogene	0	0	0	0.0000	0.0000	0.0000
ENSG00000276757.1	RN7SL192P	misc_RNA	1	0	1	0.2840	0.0832	0.0801
ENSG00000276758.1	AC245884.12	unprocessed_pseudogene	0	0	0	0.0000	0.0000	0.0000
ENSG00000276759.2	AL353753.1	lncRNA	2	1	1	0.0732	0.0214	0.0206
ENSG00000276763.1	AC069499.2	processed_pseudogene	0	0	0	0.0000	0.0000	0.0000
ENSG00000276764.1	Metazoa_SRP	misc_RNA	0	0	0	0.0000	0.0000	0.0000
ENSG00000276765.1	MIR8073	miRNA	0	0	0	0.0000	0.0000	0.0000
ENSG00000276768.1	AL121890.2	lncRNA	0	0	0	0.0000	0.0000	0.0000
ENSG00000276769.1	MIR6752	miRNA	0	0	0	0.0000	0.0000	0.0000
ENSG00000276770.1	MIR6780B	miRNA	0	0	0	0.0000	0.0000	0.0000
ENSG00000276771.1	AC004079.4	misc_RNA	0	0	0	0.0000	0.0000	0.0000
ENSG00000276772.1	AC025271.4	lncRNA	0	0	0	0.0000	0.0000	0.0000
ENSG00000276775.1	IGHV4-4	IG_V_gene	394	192	202	80.2366	23.5026	22.6312
ENSG00000276778.1	LINC02227	lncRNA	0	0	0	0.0000	0.0000	0.0000
ENSG00000276782.1	Metazoa_SRP	misc_RNA	0	0	0	0.0000	0.0000	0.0000
ENSG00000276784.1	AL353804.5	misc_RNA	0	0	0	0.0000	0.0000	0.0000
ENSG00000276786.1	BX640515.1	lncRNA	0	0	0	0.0000	0.0000	0.0000
ENSG00000276788.1	SNORD26	snoRNA	0	0	0	0.0000	0.0000	0.0000
ENSG00000276789.1	MRGPRX8P	processed_pseudogene	0	0	0	0.0000	0.0000	0.0000
ENSG00000276790.1	AC068234.2	lncRNA	1	1	0	0.1627	0.0477	0.0459
ENSG00000276791.1	AC092117.1	lncRNA	16	7	9	0.4181	0.1225	0.1179
ENSG00000276800.1	Metazoa_SRP	misc_RNA	0	0	0	0.0000	0.0000	0.0000
ENSG00000276805.2	AL133216.2	transcribed_unprocessed_pseudogene	155	85	70	1.8249	0.5345	0.5147
ENSG00000276807.1	AC022188.1	lncRNA	0	0	1	0.0000	0.0000	0.0000
ENSG00000276809.1	AL138955.1	lncRNA	16	7	9	1.3065	0.3827	0.3685
ENSG00000276810.1	AC244093.2	processed_pseudogene	0	0	0	0.0000	0.0000	0.0000
ENSG00000276814.1	AC004801.6	lncRNA	15	9	6	1.3025	0.3815	0.3674
ENSG00000276819.1	TRBV15	TR_V_gene	8	6	2	1.6137	0.4727	0.4552
ENSG00000276822.1	AC009053.4	unprocessed_pseudogene	0	0	0	0.0000	0.0000	0.0000
ENSG00000276823.1	Metazoa_SRP	misc_RNA	0	0	0	0.0000	0.0000	0.0000
ENSG00000276824.1	MIR7159	miRNA	0	0	0	0.0000	0.0000	0.0000
ENSG00000276828.1	AC012488.1	unprocessed_pseudogene	0	0	0	0.0000	0.0000	0.0000
ENSG00000276829.1	AC016911.1	unprocessed_pseudogene	0	0	0	0.0000	0.0000	0.0000
ENSG00000276830.1	MIR6730	miRNA	0	0	0	0.0000	0.0000	0.0000
ENSG00000276831.1	AC020922.4	lncRNA	0	0	0	0.0000	0.0000	0.0000
ENSG00000276832.2	CDRT15P6	transcribed_unprocessed_pseudogene	2	0	2	0.1268	0.0372	0.0358
ENSG00000276835.2	MIR6127	miRNA	0	0	0	0.0000	0.0000	0.0000
ENSG00000276839.1	Metazoa_SRP	misc_RNA	0	0	0	0.0000	0.0000	0.0000
ENSG00000276840.1	PMS2P10	transcribed_unprocessed_pseudogene	4	0	4	0.5550	0.1626	0.1566
ENSG00000276841.1	AL445264.1	unprocessed_pseudogene	0	0	0	0.0000	0.0000	0.0000
ENSG00000276842.1	AC023510.2	lncRNA	3	6	4	0.3415	0.1000	0.0963
ENSG00000276844.1	SNORD115-46	snoRNA	0	0	0	0.0000	0.0000	0.0000
ENSG00000276845.1	CR769775.1	unprocessed_pseudogene	0	0	0	0.0000	0.0000	0.0000
ENSG00000276846.1	AC016590.3	lncRNA	1	1	0	0.1128	0.0330	0.0318
ENSG00000276850.5	AC245041.2	lncRNA	0	0	0	0.0000	0.0000	0.0000
ENSG00000276851.1	AC002401.4	lncRNA	17	7	10	2.4762	0.7253	0.6984
ENSG00000276853.1	AC026124.2	lncRNA	2	0	2	0.2589	0.0758	0.0730
ENSG00000276854.1	AL589745.2	lncRNA	0	0	0	0.0000	0.0000	0.0000
ENSG00000276855.1	AC015922.3	lncRNA	219	108	111	26.9530	7.8950	7.6023
ENSG00000276857.1	MIR6715A	miRNA	0	0	0	0.0000	0.0000	0.0000
ENSG00000276859.1	AL132655.7	misc_RNA	0	1	2	0.0000	0.0000	0.0000
ENSG00000276861.1	5S_rRNA	rRNA	0	0	0	0.0000	0.0000	0.0000
ENSG00000276863.1	AC124319.2	lncRNA	0	62	69	0.0000	0.0000	0.0000
ENSG00000276866.1	MIR7151	miRNA	0	0	0	0.0000	0.0000	0.0000
ENSG00000276867.1	AC074050.4	lncRNA	0	0	0	0.0000	0.0000	0.0000
ENSG00000276868.1	AL353626.2	processed_pseudogene	0	0	0	0.0000	0.0000	0.0000
ENSG00000276869.1	MIR6729	miRNA	0	0	0	0.0000	0.0000	0.0000
ENSG00000276871.1	5_8S_rRNA	rRNA	0	0	0	0.0000	0.0000	0.0000
ENSG00000276873.1	AF129408.2	misc_RNA	0	0	0	0.0000	0.0000	0.0000
ENSG00000276874.1	AC011718.1	lncRNA	0	0	0	0.0000	0.0000	0.0000
ENSG00000276878.1	MIR6074	miRNA	0	0	0	0.0000	0.0000	0.0000
ENSG00000276884.1	AL109925.3	misc_RNA	0	4	5	0.0000	0.0000	0.0000
ENSG00000276888.1	AL512624.2	lncRNA	0	0	0	0.0000	0.0000	0.0000
ENSG00000276890.1	Metazoa_SRP	misc_RNA	0	0	0	0.0000	0.0000	0.0000
ENSG00000276891.1	RN7SL238P	misc_RNA	0	0	0	0.0000	0.0000	0.0000
ENSG00000276892.1	AL022401.1	processed_pseudogene	0	0	0	0.0000	0.0000	0.0000
ENSG00000276894.1	RAB28P4	processed_pseudogene	0	0	0	0.0000	0.0000	0.0000
ENSG00000276897.1	AC231532.2	unprocessed_pseudogene	0	0	0	0.0000	0.0000	0.0000
ENSG00000276898.1	BX664730.1	lncRNA	0	0	0	0.0000	0.0000	0.0000
ENSG00000276900.1	AC023157.2	lncRNA	96	47	49	3.9044	1.1437	1.1013
ENSG00000276902.1	Y_RNA	misc_RNA	0	0	0	0.0000	0.0000	0.0000
ENSG00000276903.2	H2AC16	protein_coding	1	0	1	0.1762	0.0516	0.0497
ENSG00000276904.1	DUX4L14	unprocessed_pseudogene	0	0	0	0.0000	0.0000	0.0000
ENSG00000276908.1	MIR7106	miRNA	0	0	0	0.0000	0.0000	0.0000
ENSG00000276915.1	AL109618.3	processed_pseudogene	0	0	0	0.0000	0.0000	0.0000
ENSG00000276916.1	AL442125.2	lncRNA	1	1	0	0.2032	0.0595	0.0573
ENSG00000276917.1	MIR8080	miRNA	0	0	0	0.0000	0.0000	0.0000
ENSG00000276918.1	Metazoa_SRP	misc_RNA	0	0	0	0.0000	0.0000	0.0000
ENSG00000276919.1	AL117190.7	misc_RNA	0	0	0	0.0000	0.0000	0.0000
ENSG00000276923.1	AL139351.1	lncRNA	1	0	1	0.2654	0.0777	0.0749
ENSG00000276925.1	AC099778.2	processed_pseudogene	1	0	1	0.4025	0.1179	0.1135
ENSG00000276926.1	MIR6797	miRNA	0	0	0	0.0000	0.0000	0.0000
ENSG00000276928.1	AC091304.8	unprocessed_pseudogene	0	0	0	0.0000	0.0000	0.0000
ENSG00000276929.1	AL590240.2	unprocessed_pseudogene	0	0	0	0.0000	0.0000	0.0000
ENSG00000276931.1	AC009041.3	lncRNA	4	2	2	0.5324	0.1560	0.1502
ENSG00000276934.1	AC009704.2	lncRNA	2	1	1	0.3516	0.1030	0.0992
ENSG00000276940.1	PLCE1P1	unprocessed_pseudogene	0	0	0	0.0000	0.0000	0.0000
ENSG00000276941.1	MIR4509-1	miRNA	0	0	0	0.0000	0.0000	0.0000
ENSG00000276945.1	AC008498.1	unprocessed_pseudogene	6	3	3	0.9596	0.2811	0.2706
ENSG00000276949.1	AC011298.3	processed_pseudogene	0	0	0	0.0000	0.0000	0.0000
ENSG00000276950.5	GSTT4	protein_coding	0	0	0	0.0000	0.0000	0.0000
ENSG00000276951.1	AC109309.2	processed_pseudogene	0	0	0	0.0000	0.0000	0.0000
ENSG00000276952.1	AL121772.3	lncRNA	13	9	4	1.6379	0.4798	0.4620
ENSG00000276953.1	TRBV12-4	TR_V_gene	5	3	2	1.0458	0.3063	0.2950
ENSG00000276955.1	Metazoa_SRP	misc_RNA	0	0	0	0.0000	0.0000	0.0000
ENSG00000276956.1	RN7SL769P	misc_RNA	0	0	0	0.0000	0.0000	0.0000
ENSG00000276957.1	AL158063.1	lncRNA	0	0	0	0.0000	0.0000	0.0000
ENSG00000276958.1	AL590099.1	unprocessed_pseudogene	0	0	0	0.0000	0.0000	0.0000
ENSG00000276960.1	AL109933.4	unprocessed_pseudogene	0	0	0	0.0000	0.0000	0.0000
ENSG00000276961.1	MIR7848	miRNA	0	0	0	0.0000	0.0000	0.0000
ENSG00000276963.1	AL353626.3	unprocessed_pseudogene	0	0	0	0.0000	0.0000	0.0000
ENSG00000276964.1	DUX4L23	unprocessed_pseudogene	0	0	0	0.0000	0.0000	0.0000
ENSG00000276965.1	AC004542.6	misc_RNA	0	0	0	0.0000	0.0000	0.0000
ENSG00000276966.2	H4C5	protein_coding	10	4	6	0.5711	0.1673	0.1611
ENSG00000276968.1	AL158196.1	lncRNA	0	0	0	0.0000	0.0000	0.0000
ENSG00000276972.1	AC078880.5	lncRNA	0	0	0	0.0000	0.0000	0.0000
ENSG00000276975.3	HYDIN2	transcribed_unprocessed_pseudogene	11	5	7	0.0530	0.0155	0.0149
ENSG00000276980.1	AC008760.2	lncRNA	12	5	7	0.7510	0.2200	0.2118
ENSG00000276984.1	AL023881.1	lncRNA	4	2	2	1.1285	0.3306	0.3183
ENSG00000276988.1	Metazoa_SRP	misc_RNA	2	2	0	0.6740	0.1974	0.1901
ENSG00000276991.1	Z99774.3	misc_RNA	0	0	0	0.0000	0.0000	0.0000
ENSG00000276992.1	AC096577.2	processed_pseudogene	0	0	0	0.0000	0.0000	0.0000
ENSG00000276993.1	AC116003.3	lncRNA	1	1	0	0.1570	0.0460	0.0443
ENSG00000276997.4	AL513314.2	lncRNA	3	1	2	0.1604	0.0470	0.0452
ENSG00000276998.1	REXO1L2P	processed_pseudogene	0	0	0	0.0000	0.0000	0.0000
ENSG00000277000.1	DUSP12P1	unprocessed_pseudogene	0	0	0	0.0000	0.0000	0.0000
ENSG00000277001.1	Metazoa_SRP	misc_RNA	0	0	0	0.0000	0.0000	0.0000
ENSG00000277003.1	AC026468.1	unprocessed_pseudogene	0	0	0	0.0000	0.0000	0.0000
ENSG00000277004.1	RNA5SP412	rRNA_pseudogene	0	0	0	0.0000	0.0000	0.0000
ENSG00000277007.1	AC096642.1	lncRNA	5	3	2	0.1624	0.0476	0.0458
ENSG00000277008.1	TEX28P2	unprocessed_pseudogene	0	0	0	0.0000	0.0000	0.0000
ENSG00000277009.1	AC244097.1	unprocessed_pseudogene	0	0	0	0.0000	0.0000	0.0000
ENSG00000277010.1	AC120498.10	lncRNA	2	0	2	0.3363	0.0985	0.0949
ENSG00000277011.1	AC148477.4	lncRNA	0	0	0	0.0000	0.0000	0.0000
ENSG00000277013.1	AC008556.1	lncRNA	44	18	26	1.8316	0.5365	0.5166
ENSG00000277014.1	MIR3179-4	miRNA	0	0	0	0.0000	0.0000	0.0000
ENSG00000277017.1	AC023490.2	lncRNA	0	0	0	0.0000	0.0000	0.0000
ENSG00000277020.4	AL590096.1	lncRNA	0	0	0	0.0000	0.0000	0.0000
ENSG00000277022.1	AL031663.3	lncRNA	1	6	2	0.0473	0.0139	0.0134
ENSG00000277024.1	BX005214.3	transcribed_processed_pseudogene	0	0	0	0.0000	0.0000	0.0000
ENSG00000277027.1	RMRP	ribozyme	0	0	0	0.0000	0.0000	0.0000
ENSG00000277029.1	RNU6-1192P	snRNA	0	0	0	0.0000	0.0000	0.0000
ENSG00000277030.1	MIR8071-2	miRNA	0	1	1	0.0000	0.0000	0.0000
ENSG00000277031.1	RN7SL796P	misc_RNA	0	0	0	0.0000	0.0000	0.0000
ENSG00000277034.1	SNORA71	snoRNA	0	0	0	0.0000	0.0000	0.0000
ENSG00000277035.1	AC096552.1	misc_RNA	0	0	0	0.0000	0.0000	0.0000
ENSG00000277039.1	Metazoa_SRP	misc_RNA	4	2	2	1.0749	0.3149	0.3032
ENSG00000277040.1	AL359736.2	processed_pseudogene	0	0	0	0.0000	0.0000	0.0000
ENSG00000277041.1	AC106788.1	unprocessed_pseudogene	0	0	0	0.0000	0.0000	0.0000
ENSG00000277043.1	EEF1A1P42	processed_pseudogene	1	1	0	0.0638	0.0187	0.0180
ENSG00000277047.5	AL390964.1	lncRNA	0	0	0	0.0000	0.0000	0.0000
ENSG00000277049.1	RNA5SP530	rRNA	0	0	0	0.0000	0.0000	0.0000
ENSG00000277050.1	AL122125.1	lncRNA	16	8	8	2.2645	0.6633	0.6387
ENSG00000277051.1	Metazoa_SRP	misc_RNA	1	2	0	0.2731	0.0800	0.0770
ENSG00000277052.1	MIR6763	miRNA	0	0	0	0.0000	0.0000	0.0000
ENSG00000277053.4	GTF2IP1	transcribed_unprocessed_pseudogene	107	80	36	1.2192	0.3571	0.3439
ENSG00000277056.1	AL607023.1	unprocessed_pseudogene	0	0	0	0.0000	0.0000	0.0000
ENSG00000277057.1	MIR6779	miRNA	0	0	0	0.0000	0.0000	0.0000
ENSG00000277058.2	HNRNPCL3	protein_coding	1	1	2	0.0740	0.0217	0.0209
ENSG00000277062.1	RN7SL88P	misc_RNA	0	0	0	0.0000	0.0000	0.0000
ENSG00000277063.1	MIR8084	miRNA	0	0	0	0.0000	0.0000	0.0000
ENSG00000277066.1	AL137060.7	misc_RNA	0	0	0	0.0000	0.0000	0.0000
ENSG00000277067.4	CU634019.1	lncRNA	0	0	0	0.0000	0.0000	0.0000
ENSG00000277072.5	STAG3L2	transcribed_unprocessed_pseudogene	139	71	68	3.9946	1.1701	1.1267
ENSG00000277073.1	MIR6131	miRNA	0	0	0	0.0000	0.0000	0.0000
ENSG00000277075.2	H2AC8	protein_coding	44	28	16	7.3409	2.1503	2.0705
ENSG00000277077.1	AL158032.2	unprocessed_pseudogene	0	2	0	0.0000	0.0000	0.0000
ENSG00000277081.1	AC018659.6	misc_RNA	0	0	0	0.0000	0.0000	0.0000
ENSG00000277083.1	PRSS3P3	transcribed_unitary_pseudogene	0	0	0	0.0000	0.0000	0.0000
ENSG00000277084.1	RNU2-4P	snRNA	0	0	0	0.0000	0.0000	0.0000
ENSG00000277087.1	AL121890.3	lncRNA	0	0	0	0.0000	0.0000	0.0000
ENSG00000277089.4	AC243829.4	lncRNA	3	356	347	0.1493	0.0437	0.0421
ENSG00000277095.1	AC242852.2	unprocessed_pseudogene	0	0	0	0.0000	0.0000	0.0000
ENSG00000277096.1	AC098590.2	processed_pseudogene	2	0	2	0.6044	0.1770	0.1705
ENSG00000277099.1	BX571673.1	unprocessed_pseudogene	0	0	0	0.0000	0.0000	0.0000
ENSG00000277103.1	AL445670.1	processed_pseudogene	7	2	5	0.7421	0.2174	0.2093
ENSG00000277108.1	SNORD49B	snoRNA	0	0	0	0.0000	0.0000	0.0000
ENSG00000277109.1	AL935212.3	unprocessed_pseudogene	0	0	0	0.0000	0.0000	0.0000
ENSG00000277112.3	ANKRD20A21P	transcribed_unprocessed_pseudogene	6	3	3	0.1367	0.0400	0.0385
ENSG00000277117.5	FP565260.3	protein_coding	49	26	23	1.2395	0.3631	0.3496
ENSG00000277118.1	Metazoa_SRP	misc_RNA	0	0	0	0.0000	0.0000	0.0000
ENSG00000277119.1	AL049692.4	misc_RNA	0	0	0	0.0000	0.0000	0.0000
ENSG00000277120.5	MIR6089	miRNA	0	0	0	0.0000	0.0000	0.0000
ENSG00000277120.5_PAR_Y	MIR6089	miRNA	0	0	0	0.0000	0.0000	0.0000
ENSG00000277124.1	AC004774.3	misc_RNA	0	3	0	0.0000	0.0000	0.0000
ENSG00000277125.1	AC211476.4	unprocessed_pseudogene	0	0	0	0.0000	0.0000	0.0000
ENSG00000277127.1	Metazoa_SRP	misc_RNA	0	0	0	0.0000	0.0000	0.0000
ENSG00000277128.2	AL589743.3	lncRNA	6	1	5	0.0694	0.0203	0.0196
ENSG00000277129.1	AC012531.6	misc_RNA	0	0	0	0.0000	0.0000	0.0000
ENSG00000277130.1	AC073569.3	lncRNA	0	0	0	0.0000	0.0000	0.0000
ENSG00000277133.1	AL133173.2	processed_pseudogene	0	0	0	0.0000	0.0000	0.0000
ENSG00000277135.1	AC012409.3	lncRNA	2	1	1	0.1731	0.0507	0.0488
ENSG00000277136.1	Metazoa_SRP	misc_RNA	0	0	0	0.0000	0.0000	0.0000
ENSG00000277138.1	MIR6509	miRNA	0	0	0	0.0000	0.0000	0.0000
ENSG00000277141.1	Metazoa_SRP	misc_RNA	0	0	0	0.0000	0.0000	0.0000
ENSG00000277142.1	LINC00235	lncRNA	5	4	1	0.1885	0.0552	0.0532
ENSG00000277143.1	AC074276.2	processed_pseudogene	0	0	0	0.0000	0.0000	0.0000
ENSG00000277144.1	AC092757.3	lncRNA	3	1	2	0.4692	0.1374	0.1323
ENSG00000277146.1	AC013734.1	processed_pseudogene	0	0	0	0.0000	0.0000	0.0000
ENSG00000277147.6	LINC00869	transcribed_unprocessed_pseudogene	64	37	27	0.4978	0.1458	0.1404
ENSG00000277149.5	TYW1B	protein_coding	381	207	174	9.9187	2.9053	2.7976
ENSG00000277150.2	F8A3	protein_coding	2	2	3	0.0995	0.0291	0.0281
ENSG00000277151.1	AL138820.1	lncRNA	6	3	3	0.0960	0.0281	0.0271
ENSG00000277152.1	AC110048.2	lncRNA	8	5	4	0.1011	0.0296	0.0285
ENSG00000277156.1	TOMM40P1	processed_pseudogene	0	0	1	0.0000	0.0000	0.0000
ENSG00000277157.2	H4C4	protein_coding	1	1	0	0.2107	0.0617	0.0594
ENSG00000277159.1	AL139384.2	lncRNA	35	14	22	0.8279	0.2425	0.2335
ENSG00000277161.2	PIGW	protein_coding	643	354	355	19.2810	5.6477	5.4383
ENSG00000277162.1	U85056.1	unprocessed_pseudogene	0	0	0	0.0000	0.0000	0.0000
ENSG00000277168.1	Metazoa_SRP	misc_RNA	0	0	0	0.0000	0.0000	0.0000
ENSG00000277170.1	AC012676.3	lncRNA	0	0	0	0.0000	0.0000	0.0000
ENSG00000277171.1	AC010975.1	unprocessed_pseudogene	0	0	0	0.0000	0.0000	0.0000
ENSG00000277172.1	GAPDHP41	processed_pseudogene	1	0	1	0.0871	0.0255	0.0246
ENSG00000277173.1	AC004241.4	lncRNA	2	0	2	0.1516	0.0444	0.0428
ENSG00000277174.1	AC095038.2	unprocessed_pseudogene	0	0	0	0.0000	0.0000	0.0000
ENSG00000277182.1	AC006449.5	lncRNA	37	31	22	1.4976	0.4387	0.4224
ENSG00000277184.1	SNORA9	snoRNA	0	0	0	0.0000	0.0000	0.0000
ENSG00000277186.1	AC131212.1	lncRNA	3	2	1	0.3814	0.1117	0.1076
ENSG00000277188.1	AC025188.2	misc_RNA	0	0	0	0.0000	0.0000	0.0000
ENSG00000277191.1	AC138904.2	transcribed_unprocessed_pseudogene	0	0	0	0.0000	0.0000	0.0000
ENSG00000277194.1	SNORD22	snoRNA	0	0	0	0.0000	0.0000	0.0000
ENSG00000277198.1	RN7SL270P	misc_RNA	0	0	0	0.0000	0.0000	0.0000
ENSG00000277199.1	LINC01632	lncRNA	0	0	0	0.0000	0.0000	0.0000
ENSG00000277200.1	AC005696.4	lncRNA	0	0	0	0.0000	0.0000	0.0000
ENSG00000277202.1	MIR8063	miRNA	0	0	0	0.0000	0.0000	0.0000
ENSG00000277203.1	F8A1	protein_coding	430	297	262	21.3169	6.2440	6.0125
ENSG00000277206.1	AC073349.3	unprocessed_pseudogene	0	0	0	0.0000	0.0000	0.0000
ENSG00000277209.1	RPPH1	ribozyme	0	0	0	0.0000	0.0000	0.0000
ENSG00000277210.3	AC090164.3	lncRNA	0	0	0	0.0000	0.0000	0.0000
ENSG00000277211.1	AC092132.2	processed_pseudogene	0	0	0	0.0000	0.0000	0.0000
ENSG00000277213.1	SDR42E1P2	processed_pseudogene	0	0	0	0.0000	0.0000	0.0000
ENSG00000277214.1	AC009159.2	lncRNA	2	2	0	0.2803	0.0821	0.0791
ENSG00000277215.2	SPANXA2-OT1	lncRNA	1	0	1	0.0114	0.0033	0.0032
ENSG00000277217.1	AC107033.1	misc_RNA	0	0	0	0.0000	0.0000	0.0000
ENSG00000277218.1	AL139123.1	lncRNA	0	0	0	0.0000	0.0000	0.0000
ENSG00000277223.1	AC090116.1	lncRNA	0	0	0	0.0000	0.0000	0.0000
ENSG00000277224.2	H2BC7	protein_coding	5	2	3	0.3550	0.1040	0.1001
ENSG00000277227.1	AL359741.1	unprocessed_pseudogene	0	0	0	0.0000	0.0000	0.0000
ENSG00000277228.1	AL138686.1	lncRNA	0	0	0	0.0000	0.0000	0.0000
ENSG00000277229.1	AC084781.1	lncRNA	0	0	0	0.0000	0.0000	0.0000
ENSG00000277232.2	GTSE1-DT	lncRNA	31	17	14	1.7342	0.5080	0.4891
ENSG00000277233.1	Metazoa_SRP	misc_RNA	0	0	0	0.0000	0.0000	0.0000
ENSG00000277234.1	RNU1-5P	snRNA	0	0	0	0.0000	0.0000	0.0000
ENSG00000277235.1	AL035420.3	lncRNA	2	0	2	0.5291	0.1550	0.1492
ENSG00000277241.1	AC026355.4	processed_pseudogene	0	0	0	0.0000	0.0000	0.0000
ENSG00000277243.1	MIR3118-3	miRNA	0	0	0	0.0000	0.0000	0.0000
ENSG00000277245.1	AC084782.3	lncRNA	0	0	0	0.0000	0.0000	0.0000
ENSG00000277246.1	AL157762.1	lncRNA	1	1	0	0.2046	0.0599	0.0577
ENSG00000277247.1	AC083809.1	lncRNA	0	12	13	0.0000	0.0000	0.0000
ENSG00000277248.1	U2	snRNA	0	0	0	0.0000	0.0000	0.0000
ENSG00000277249.1	MIR6784	miRNA	0	0	0	0.0000	0.0000	0.0000
ENSG00000277250.1	Metazoa_SRP	misc_RNA	0	0	0	0.0000	0.0000	0.0000
ENSG00000277252.1	AL589743.4	unprocessed_pseudogene	0	0	0	0.0000	0.0000	0.0000
ENSG00000277253.1	CICP28	processed_pseudogene	0	0	0	0.0000	0.0000	0.0000
ENSG00000277255.1	MIR7854	miRNA	0	0	0	0.0000	0.0000	0.0000
ENSG00000277258.5	PCGF2	protein_coding	1724	2330	2277	41.7102	12.2176	11.7646
ENSG00000277260.1	FAM74A7	lncRNA	0	0	0	0.0000	0.0000	0.0000
ENSG00000277264.1	MIR6833	miRNA	0	0	0	0.0000	0.0000	0.0000
ENSG00000277265.1	RN7SL556P	misc_RNA	0	0	0	0.0000	0.0000	0.0000
ENSG00000277268.2	LHX1-DT	lncRNA	0	0	0	0.0000	0.0000	0.0000
ENSG00000277269.1	AC007938.5	misc_RNA	0	0	0	0.0000	0.0000	0.0000
ENSG00000277270.2	AL160412.1	lncRNA	0	0	0	0.0000	0.0000	0.0000
ENSG00000277274.1	DUX4L22	unprocessed_pseudogene	0	0	0	0.0000	0.0000	0.0000
ENSG00000277277.3	FAM243B	protein_coding	0	0	0	0.0000	0.0000	0.0000
ENSG00000277282.1	IGHV1OR21-1	IG_V_gene	3	0	3	0.7217	0.2114	0.2036
ENSG00000277283.1	AC004812.2	lncRNA	45	36	30	1.8249	0.5346	0.5147
ENSG00000277287.1	AL109976.1	lncRNA	17	8	9	0.2543	0.0745	0.0717
ENSG00000277288.5	LINC02881	lncRNA	2	4	2	0.0991	0.0290	0.0279
ENSG00000277289.1	BX510359.6	processed_pseudogene	0	0	0	0.0000	0.0000	0.0000
ENSG00000277290.1	AC136475.10	processed_pseudogene	6	5	1	1.3234	0.3877	0.3733
ENSG00000277295.1	RN7SL489P	misc_RNA	0	0	0	0.0000	0.0000	0.0000
ENSG00000277297.1	ATP5F1AP10	processed_pseudogene	0	0	0	0.0000	0.0000	0.0000
ENSG00000277299.1	AC084876.1	lncRNA	1	43	35	0.1325	0.0388	0.0374
ENSG00000277301.1	AL034550.2	lncRNA	0	2	4	0.0000	0.0000	0.0000
ENSG00000277304.1	AC142086.6	unprocessed_pseudogene	0	1	1	0.0000	0.0000	0.0000
ENSG00000277306.1	AC092156.1	misc_RNA	0	0	0	0.0000	0.0000	0.0000
ENSG00000277308.1	Metazoa_SRP	misc_RNA	0	0	0	0.0000	0.0000	0.0000
ENSG00000277310.1	AC090246.1	lncRNA	5	2	3	0.9967	0.2920	0.2811
ENSG00000277311.1	AC012354.7	misc_RNA	0	0	0	0.0000	0.0000	0.0000
ENSG00000277313.1	7SK	misc_RNA	0	0	0	0.0000	0.0000	0.0000
ENSG00000277315.1	AL021879.1	processed_pseudogene	0	0	0	0.0000	0.0000	0.0000
ENSG00000277319.1	AL161616.1	unprocessed_pseudogene	0	0	0	0.0000	0.0000	0.0000
ENSG00000277320.1	AL390239.1	misc_RNA	0	0	0	0.0000	0.0000	0.0000
ENSG00000277322.1	GOLGA6L6	protein_coding	0	0	0	0.0000	0.0000	0.0000
ENSG00000277324.1	AC093462.1	lncRNA	0	13	9	0.0000	0.0000	0.0000
ENSG00000277327.1	SPDYE20P	unprocessed_pseudogene	0	0	0	0.0000	0.0000	0.0000
ENSG00000277332.1	AC108002.2	lncRNA	0	0	0	0.0000	0.0000	0.0000
ENSG00000277340.1	AL591926.3	processed_pseudogene	0	0	0	0.0000	0.0000	0.0000
ENSG00000277341.1	RNU6-489P	snRNA	0	0	0	0.0000	0.0000	0.0000
ENSG00000277342.1	AC048344.4	lncRNA	2	2	0	0.3223	0.0944	0.0909
ENSG00000277344.1	RNU1-6P	snRNA	0	0	0	0.0000	0.0000	0.0000
ENSG00000277349.1	CICP25	unprocessed_pseudogene	0	0	0	0.0000	0.0000	0.0000
ENSG00000277350.2	AL353770.4	lncRNA	0	0	0	0.0000	0.0000	0.0000
ENSG00000277351.1	AC013553.3	lncRNA	7	3	4	0.9666	0.2831	0.2726
ENSG00000277352.1	AP001065.4	lncRNA	0	0	0	0.0000	0.0000	0.0000
ENSG00000277357.1	NPAP1P7	processed_pseudogene	0	0	0	0.0000	0.0000	0.0000
ENSG00000277358.1	AL138693.1	unprocessed_pseudogene	7	5	2	4.6081	1.3498	1.2997
ENSG00000277363.5	SRCIN1	protein_coding	1068	546	523	7.7750	2.2774	2.1930
ENSG00000277367.1	NEK2P1	processed_pseudogene	0	0	0	0.0000	0.0000	0.0000
ENSG00000277368.1	AL138966.2	lncRNA	1	8	7	0.1830	0.0536	0.0516
ENSG00000277369.1	AC010654.1	lncRNA	32	18	14	3.3632	0.9851	0.9486
ENSG00000277370.1	SNORD49A	snoRNA	0	0	0	0.0000	0.0000	0.0000
ENSG00000277371.1	Metazoa_SRP	misc_RNA	3	1	2	0.9034	0.2646	0.2548
ENSG00000277373.1	AL132765.2	lncRNA	0	0	0	0.0000	0.0000	0.0000
ENSG00000277379.1	MIR6724-3	miRNA	0	0	0	0.0000	0.0000	0.0000
ENSG00000277382.1	AC005837.4	lncRNA	0	0	0	0.0000	0.0000	0.0000
ENSG00000277383.1	AC010331.1	lncRNA	6	5	5	0.8755	0.2564	0.2469
ENSG00000277385.1	Metazoa_SRP	misc_RNA	0	0	0	0.0000	0.0000	0.0000
ENSG00000277386.1	AL138999.1	lncRNA	1	0	1	0.1695	0.0496	0.0478
ENSG00000277387.1	MIR8058	miRNA	0	0	0	0.0000	0.0000	0.0000
ENSG00000277388.1	MIR8053	miRNA	0	0	0	0.0000	0.0000	0.0000
ENSG00000277391.1	MIR6881	miRNA	0	0	0	0.0000	0.0000	0.0000
ENSG00000277396.1	Metazoa_SRP	misc_RNA	0	0	0	0.0000	0.0000	0.0000
ENSG00000277397.1	AL606760.4	unprocessed_pseudogene	0	0	0	0.0000	0.0000	0.0000
ENSG00000277399.5	GPR179	protein_coding	20	14	6	0.1836	0.0538	0.0518
ENSG00000277402.1	MIR6891	miRNA	0	0	0	0.0000	0.0000	0.0000
ENSG00000277406.2	SEC22B4P	transcribed_unprocessed_pseudogene	10	6	4	0.5793	0.1697	0.1634
ENSG00000277408.1	Z99129.2	processed_pseudogene	1	1	0	0.2704	0.0792	0.0763
ENSG00000277410.1	H2BP5	processed_pseudogene	0	0	0	0.0000	0.0000	0.0000
ENSG00000277411.1	5S_rRNA	rRNA	0	0	0	0.0000	0.0000	0.0000
ENSG00000277412.1	BX005040.3	lncRNA	0	0	0	0.0000	0.0000	0.0000
ENSG00000277413.1	AC009560.2	misc_RNA	0	0	0	0.0000	0.0000	0.0000
ENSG00000277418.1	RNA5SP531	rRNA	0	0	0	0.0000	0.0000	0.0000
ENSG00000277422.1	REXO1L6P	transcribed_processed_pseudogene	0	0	0	0.0000	0.0000	0.0000
ENSG00000277423.1	AC069234.5	lncRNA	3	3	0	0.6124	0.1794	0.1727
ENSG00000277425.1	AL121890.4	lncRNA	0	0	0	0.0000	0.0000	0.0000
ENSG00000277426.1	AC006441.5	unprocessed_pseudogene	0	0	0	0.0000	0.0000	0.0000
ENSG00000277435.1	AC138649.2	processed_pseudogene	1	0	1	0.1205	0.0353	0.0340
ENSG00000277436.1	REXO1L5P	processed_pseudogene	0	0	0	0.0000	0.0000	0.0000
ENSG00000277437.1	FP671120.2	miRNA	0	0	0	0.0000	0.0000	0.0000
ENSG00000277438.1	KDM5DP1	processed_pseudogene	0	0	0	0.0000	0.0000	0.0000
ENSG00000277440.1	AC012676.4	lncRNA	0	0	0	0.0000	0.0000	0.0000
ENSG00000277443.3	MARCKS	protein_coding	6522	3202	3321	128.9225	37.7634	36.3634
ENSG00000277444.1	AC009951.3	misc_RNA	0	0	0	0.0000	0.0000	0.0000
ENSG00000277446.1	Metazoa_SRP	misc_RNA	0	0	0	0.0000	0.0000	0.0000
ENSG00000277447.1	AP005431.1	processed_pseudogene	6	2	4	1.5972	0.4679	0.4505
ENSG00000277448.1	LINC02338	lncRNA	0	0	0	0.0000	0.0000	0.0000
ENSG00000277449.1	CEBPB-AS1	lncRNA	17	30	19	0.5452	0.1597	0.1538
ENSG00000277450.1	AC002094.4	lncRNA	1	0	1	0.2766	0.0810	0.0780
ENSG00000277452.1	RN7SL473P	misc_RNA	1	1	0	0.2840	0.0832	0.0801
ENSG00000277453.1	AC010271.2	lncRNA	3	0	3	0.4333	0.1269	0.1222
ENSG00000277455.1	Metazoa_SRP	misc_RNA	0	0	0	0.0000	0.0000	0.0000
ENSG00000277458.1	AC007216.5	unprocessed_pseudogene	0	0	0	0.0000	0.0000	0.0000
ENSG00000277459.1	AP001527.2	lncRNA	2	4	4	0.2692	0.0788	0.0759
ENSG00000277460.1	AL031591.2	misc_RNA	0	0	0	0.0000	0.0000	0.0000
ENSG00000277462.2	ZNF670	protein_coding	223	122	101	4.5121	1.3217	1.2727
ENSG00000277463.1	AC080038.2	lncRNA	1	1	0	0.2008	0.0588	0.0566
ENSG00000277464.1	RN7SL286P	misc_RNA	0	0	0	0.0000	0.0000	0.0000
ENSG00000277465.1	AL137067.1	misc_RNA	0	0	0	0.0000	0.0000	0.0000
ENSG00000277466.1	AP006248.1	unprocessed_pseudogene	0	0	0	0.0000	0.0000	0.0000
ENSG00000277467.1	RN7SL628P	misc_RNA	0	0	0	0.0000	0.0000	0.0000
ENSG00000277468.1	AL133467.6	misc_RNA	0	0	0	0.0000	0.0000	0.0000
ENSG00000277469.1	AC004080.10	misc_RNA	0	0	0	0.0000	0.0000	0.0000
ENSG00000277473.1	Metazoa_SRP	misc_RNA	0	0	0	0.0000	0.0000	0.0000
ENSG00000277474.1	MIR6894	miRNA	0	0	0	0.0000	0.0000	0.0000
ENSG00000277476.1	AC005332.5	lncRNA	26	33	31	0.8073	0.2365	0.2277
ENSG00000277478.1	MIR6165	miRNA	2	1	1	2.0219	0.5923	0.5703
ENSG00000277479.1	AL022345.3	unprocessed_pseudogene	1	0	1	0.3725	0.1091	0.1051
ENSG00000277481.1	PKD1L3	protein_coding	4	20	18	0.0653	0.0191	0.0184
ENSG00000277482.1	AC090607.5	lncRNA	0	0	0	0.0000	0.0000	0.0000
ENSG00000277483.1	RN7SL321P	misc_RNA	0	0	0	0.0000	0.0000	0.0000
ENSG00000277486.1	SAGE3P	unprocessed_pseudogene	0	0	0	0.0000	0.0000	0.0000
ENSG00000277488.1	5S_rRNA	rRNA	0	0	0	0.0000	0.0000	0.0000
ENSG00000277490.1	BX664608.1	processed_pseudogene	0	0	0	0.0000	0.0000	0.0000
ENSG00000277491.1	AC087392.5	lncRNA	2	0	2	0.3473	0.1017	0.0980
ENSG00000277492.1	AL627390.1	snoRNA	0	0	0	0.0000	0.0000	0.0000
ENSG00000277493.1	AC139769.3	unprocessed_pseudogene	0	0	0	0.0000	0.0000	0.0000
ENSG00000277494.2	GPIHBP1	protein_coding	28	23	7	1.0535	0.3086	0.2971
ENSG00000277496.1	AL357033.4	lncRNA	46	30	18	2.1618	0.6332	0.6097
ENSG00000277498.1	AC107081.2	unprocessed_pseudogene	0	0	0	0.0000	0.0000	0.0000
ENSG00000277499.1	AL359854.1	processed_pseudogene	0	0	0	0.0000	0.0000	0.0000
ENSG00000277500.1	AC026951.1	unprocessed_pseudogene	0	0	0	0.0000	0.0000	0.0000
ENSG00000277501.1	AC243571.2	lncRNA	0	29	20	0.0000	0.0000	0.0000
ENSG00000277502.1	AC007383.3	misc_RNA	0	0	0	0.0000	0.0000	0.0000
ENSG00000277504.1	AC010536.3	lncRNA	0	0	0	0.0000	0.0000	0.0000
ENSG00000277505.1	AC116165.1	unprocessed_pseudogene	0	0	0	0.0000	0.0000	0.0000
ENSG00000277506.1	RN7SL802P	misc_RNA	0	0	0	0.0000	0.0000	0.0000
ENSG00000277508.1	BSNDP3	processed_pseudogene	0	0	0	0.0000	0.0000	0.0000
ENSG00000277509.1	AC099669.1	processed_pseudogene	0	0	0	0.0000	0.0000	0.0000
ENSG00000277510.1	Metazoa_SRP	misc_RNA	0	0	0	0.0000	0.0000	0.0000
ENSG00000277511.1	AC116407.2	lncRNA	36	19	17	3.5548	1.0413	1.0027
ENSG00000277512.1	SNORD65	snoRNA	0	0	0	0.0000	0.0000	0.0000
ENSG00000277513.1	AL161637.1	processed_pseudogene	0	0	0	0.0000	0.0000	0.0000
ENSG00000277514.1	OR52Q1P	unprocessed_pseudogene	0	0	0	0.0000	0.0000	0.0000
ENSG00000277515.1	RN7SL495P	misc_RNA	0	0	0	0.0000	0.0000	0.0000
ENSG00000277516.1	AL590410.1	unprocessed_pseudogene	0	0	0	0.0000	0.0000	0.0000
ENSG00000277519.1	OFD1P16Y	unprocessed_pseudogene	0	0	0	0.0000	0.0000	0.0000
ENSG00000277521.1	MIR8078	miRNA	0	0	0	0.0000	0.0000	0.0000
ENSG00000277524.1	AC009014.3	misc_RNA	0	0	0	0.0000	0.0000	0.0000
ENSG00000277526.5	AC245123.1	lncRNA	0	0	0	0.0000	0.0000	0.0000
ENSG00000277527.2	LINC01796	lncRNA	0	0	0	0.0000	0.0000	0.0000
ENSG00000277529.1	NF1P10	transcribed_unprocessed_pseudogene	0	0	0	0.0000	0.0000	0.0000
ENSG00000277531.2	PNMA8C	protein_coding	15	7	8	0.2994	0.0877	0.0844
ENSG00000277532.1	AC025048.5	unprocessed_pseudogene	0	0	0	0.0000	0.0000	0.0000
ENSG00000277533.1	MIR8077	miRNA	0	0	0	0.0000	0.0000	0.0000
ENSG00000277534.1	AC007996.1	lncRNA	101	43	58	3.0404	0.8906	0.8576
ENSG00000277535.2	AL772284.1	protein_coding	0	0	0	0.0000	0.0000	0.0000
ENSG00000277541.1	ZNF630-AS1	lncRNA	0	0	0	0.0000	0.0000	0.0000
ENSG00000277542.1	AC091179.4	misc_RNA	0	0	0	0.0000	0.0000	0.0000
ENSG00000277543.1	AC026471.5	lncRNA	0	0	1	0.0000	0.0000	0.0000
ENSG00000277544.1	AC104073.3	unprocessed_pseudogene	0	0	0	0.0000	0.0000	0.0000
ENSG00000277545.1	AL356752.1	lncRNA	0	0	0	0.0000	0.0000	0.0000
ENSG00000277548.1	AC018926.3	lncRNA	4	3	1	0.8367	0.2451	0.2360
ENSG00000277549.1	AL359920.1	unprocessed_pseudogene	0	0	0	0.0000	0.0000	0.0000
ENSG00000277550.1	AL031651.1	lncRNA	0	0	0	0.0000	0.0000	0.0000
ENSG00000277553.1	AC004080.11	misc_RNA	0	0	0	0.0000	0.0000	0.0000
ENSG00000277556.1	OR13C5	protein_coding	0	0	0	0.0000	0.0000	0.0000
ENSG00000277558.1	AL109923.1	lncRNA	0	0	0	0.0000	0.0000	0.0000
ENSG00000277559.1	AC018553.1	lncRNA	125	68	57	7.2806	2.1326	2.0535
ENSG00000277561.5	GOLGA8IP	transcribed_unprocessed_pseudogene	1	0	1	0.0206	0.0060	0.0058
ENSG00000277562.1	AC010320.5	processed_pseudogene	1	0	1	0.1256	0.0368	0.0354
ENSG00000277563.1	AC063961.1	misc_RNA	1	1	0	0.9650	0.2827	0.2722
ENSG00000277565.1	AL109925.4	misc_RNA	0	0	0	0.0000	0.0000	0.0000
ENSG00000277566.1	AC089999.2	lncRNA	1	0	1	0.1472	0.0431	0.0415
ENSG00000277568.1	AC011375.1	misc_RNA	0	0	0	0.0000	0.0000	0.0000
ENSG00000277569.1	MIR6134	miRNA	0	0	0	0.0000	0.0000	0.0000
ENSG00000277572.1	AP001347.2	misc_RNA	0	0	0	0.0000	0.0000	0.0000
ENSG00000277575.1	AL162233.1	processed_pseudogene	0	0	0	0.0000	0.0000	0.0000
ENSG00000277576.1	AC110741.3	unprocessed_pseudogene	0	0	0	0.0000	0.0000	0.0000
ENSG00000277577.1	AL353804.6	misc_RNA	0	0	0	0.0000	0.0000	0.0000
ENSG00000277578.1	Metazoa_SRP	misc_RNA	0	0	0	0.0000	0.0000	0.0000
ENSG00000277579.1	AC244093.3	lncRNA	0	0	0	0.0000	0.0000	0.0000
ENSG00000277581.1	AL023803.3	lncRNA	1	0	1	0.1627	0.0477	0.0459
ENSG00000277582.1	RN7SL428P	misc_RNA	0	0	0	0.0000	0.0000	0.0000
ENSG00000277583.1	AC106873.7	misc_RNA	0	1	0	0.0000	0.0000	0.0000
ENSG00000277586.4	NEFL	protein_coding	5	3	2	0.1078	0.0316	0.0304
ENSG00000277587.1	AC008759.3	lncRNA	5	4	1	0.8358	0.2448	0.2358
ENSG00000277588.1	MIR6806	miRNA	1	0	1	1.3269	0.3887	0.3743
ENSG00000277589.1	AC244093.4	lncRNA	3	2	1	0.3588	0.1051	0.1012
ENSG00000277590.1	MIR7845	miRNA	0	0	0	0.0000	0.0000	0.0000
ENSG00000277591.1	RN7SL575P	misc_RNA	0	0	0	0.0000	0.0000	0.0000
ENSG00000277592.1	Metazoa_SRP	misc_RNA	0	0	0	0.0000	0.0000	0.0000
ENSG00000277595.1	AC007546.1	lncRNA	1	1	0	0.1519	0.0445	0.0428
ENSG00000277597.1	AC130343.3	lncRNA	0	76	99	0.0000	0.0000	0.0000
ENSG00000277598.1	BX088702.1	processed_pseudogene	0	0	0	0.0000	0.0000	0.0000
ENSG00000277599.1	AP000944.2	misc_RNA	0	0	0	0.0000	0.0000	0.0000
ENSG00000277602.1	AC005363.2	lncRNA	0	0	0	0.0000	0.0000	0.0000
ENSG00000277604.1	Y_RNA	misc_RNA	0	0	0	0.0000	0.0000	0.0000
ENSG00000277605.1	Metazoa_SRP	misc_RNA	0	0	0	0.0000	0.0000	0.0000
ENSG00000277608.1	AL365204.3	unprocessed_pseudogene	0	0	0	0.0000	0.0000	0.0000
ENSG00000277610.1	RNVU1-4	snRNA	1	0	1	0.5178	0.1517	0.1461
ENSG00000277611.1	Z98752.3	protein_coding	0	0	0	0.0000	0.0000	0.0000
ENSG00000277613.1	U6	snRNA	0	0	0	0.0000	0.0000	0.0000
ENSG00000277617.1	Metazoa_SRP	misc_RNA	0	0	0	0.0000	0.0000	0.0000
ENSG00000277618.1	AL627230.2	processed_pseudogene	0	0	0	0.0000	0.0000	0.0000
ENSG00000277619.1	AC008406.3	lncRNA	0	0	0	0.0000	0.0000	0.0000
ENSG00000277621.1	AC005277.2	lncRNA	0	0	0	0.0000	0.0000	0.0000
ENSG00000277628.1	Metazoa_SRP	misc_RNA	0	0	0	0.0000	0.0000	0.0000
ENSG00000277631.5	PGM5P3-AS1	lncRNA	0	0	0	0.0000	0.0000	0.0000
ENSG00000277632.2	CCL3	protein_coding	89	390	399	5.0588	1.4818	1.4269
ENSG00000277634.1	Y_RNA	misc_RNA	0	0	0	0.0000	0.0000	0.0000
ENSG00000277635.1	Metazoa_SRP	misc_RNA	0	0	0	0.0000	0.0000	0.0000
ENSG00000277636.1	MIR8061	miRNA	0	0	0	0.0000	0.0000	0.0000
ENSG00000277637.1	RN7SL469P	misc_RNA	0	0	0	0.0000	0.0000	0.0000
ENSG00000277639.2	AC007906.2	protein_coding	221	97	124	9.4642	2.7722	2.6694
ENSG00000277640.1	AL445647.2	processed_pseudogene	0	0	0	0.0000	0.0000	0.0000
ENSG00000277646.1	AL353684.1	processed_pseudogene	0	0	0	0.0000	0.0000	0.0000
ENSG00000277647.1	AC126755.4	unprocessed_pseudogene	0	0	0	0.0000	0.0000	0.0000
ENSG00000277651.1	AL391261.2	lncRNA	1	0	1	0.1765	0.0517	0.0498
ENSG00000277653.1	AL354709.2	misc_RNA	0	0	0	0.0000	0.0000	0.0000
ENSG00000277654.6	AC087633.2	transcribed_processed_pseudogene	23	10	16	0.4496	0.1317	0.1268
ENSG00000277655.1	AC245407.1	unprocessed_pseudogene	0	0	0	0.0000	0.0000	0.0000
ENSG00000277661.4	AL662791.2	lncRNA	0	0	0	0.0000	0.0000	0.0000
ENSG00000277662.1	AL354696.1	lncRNA	4	3	1	0.6835	0.2002	0.1928
ENSG00000277668.1	Metazoa_SRP	misc_RNA	0	0	0	0.0000	0.0000	0.0000
ENSG00000277670.1	AC098657.3	unprocessed_pseudogene	0	0	0	0.0000	0.0000	0.0000
ENSG00000277671.1	FP671120.3	misc_RNA	0	0	0	0.0000	0.0000	0.0000
ENSG00000277672.1	AC011603.4	processed_pseudogene	0	2	2	0.0000	0.0000	0.0000
ENSG00000277673.1	AL590808.1	unprocessed_pseudogene	0	0	0	0.0000	0.0000	0.0000
ENSG00000277675.1	AC211486.5	lncRNA	0	0	0	0.0000	0.0000	0.0000
ENSG00000277677.1	Metazoa_SRP	misc_RNA	0	0	0	0.0000	0.0000	0.0000
ENSG00000277678.1	RNU1-153P	snRNA	1	0	4	0.5816	0.1704	0.1641
ENSG00000277681.1	MIR6739	miRNA	3	3	0	3.3968	0.9950	0.9581
ENSG00000277684.1	AL392048.1	lncRNA	0	0	0	0.0000	0.0000	0.0000
ENSG00000277687.1	AL139407.1	lncRNA	9	4	5	0.6505	0.1905	0.1835
ENSG00000277688.1	AC243585.2	lncRNA	0	60	51	0.0000	0.0000	0.0000
ENSG00000277689.1	AL109925.5	misc_RNA	0	0	1	0.0000	0.0000	0.0000
ENSG00000277690.2	AC023490.3	processed_pseudogene	0	0	0	0.0000	0.0000	0.0000
ENSG00000277692.1	AL121583.1	lncRNA	2	1	1	0.2490	0.0729	0.0702
ENSG00000277693.2	AP003900.1	lncRNA	0	0	0	0.0000	0.0000	0.0000
ENSG00000277694.1	AC004079.5	misc_RNA	0	0	0	0.0000	0.0000	0.0000
ENSG00000277695.1	AC097478.3	lncRNA	1	0	1	0.1627	0.0477	0.0459
ENSG00000277698.1	MIR6770-2	miRNA	0	0	0	0.0000	0.0000	0.0000
ENSG00000277701.5	AC159540.2	lncRNA	2	0	2	0.0356	0.0104	0.0100
ENSG00000277702.1	AC239859.5	unprocessed_pseudogene	4	1	3	1.5948	0.4671	0.4498
ENSG00000277704.1	AL445675.2	processed_pseudogene	0	0	0	0.0000	0.0000	0.0000
ENSG00000277705.1	AC007450.3	processed_pseudogene	0	0	0	0.0000	0.0000	0.0000
ENSG00000277708.1	PGBD4P2	unprocessed_pseudogene	0	0	0	0.0000	0.0000	0.0000
ENSG00000277710.2	NBEAP5	transcribed_unprocessed_pseudogene	0	0	0	0.0000	0.0000	0.0000
ENSG00000277711.1	AL591222.3	processed_pseudogene	0	0	0	0.0000	0.0000	0.0000
ENSG00000277713.1	MIR6856	miRNA	0	0	0	0.0000	0.0000	0.0000
ENSG00000277715.1	AC079174.2	lncRNA	0	0	0	0.0000	0.0000	0.0000
ENSG00000277717.1	U6	snRNA	0	0	0	0.0000	0.0000	0.0000
ENSG00000277718.1	LINC02255	lncRNA	0	0	0	0.0000	0.0000	0.0000
ENSG00000277720.1	H3C5P	unprocessed_pseudogene	0	0	0	0.0000	0.0000	0.0000
ENSG00000277721.1	Metazoa_SRP	misc_RNA	0	0	0	0.0000	0.0000	0.0000
ENSG00000277723.1	MIR6827	miRNA	0	0	0	0.0000	0.0000	0.0000
ENSG00000277726.4	AL109811.3	protein_coding	0	0	0	0.0000	0.0000	0.0000
ENSG00000277728.1	AC097641.2	lncRNA	3	104	121	0.5491	0.1608	0.1549
ENSG00000277732.1	AC015599.2	misc_RNA	0	0	0	0.0000	0.0000	0.0000
ENSG00000277734.8	TRAC	TR_C_gene	2199	1090	1109	190.9408	55.9295	53.8560
ENSG00000277737.3	FP325317.1	unprocessed_pseudogene	0	0	0	0.0000	0.0000	0.0000
ENSG00000277738.1	AC126175.2	lncRNA	0	0	0	0.0000	0.0000	0.0000
ENSG00000277739.1	5_8S_rRNA	rRNA	0	0	0	0.0000	0.0000	0.0000
ENSG00000277740.1	Metazoa_SRP	misc_RNA	0	0	0	0.0000	0.0000	0.0000
ENSG00000277741.4	GOLGA6L17P	transcribed_unprocessed_pseudogene	0	0	0	0.0000	0.0000	0.0000
ENSG00000277743.1	AP005212.3	processed_pseudogene	0	0	0	0.0000	0.0000	0.0000
ENSG00000277744.1	AC011462.4	lncRNA	4	1	3	0.7565	0.2216	0.2134
ENSG00000277745.1	H2AB3	protein_coding	0	0	0	0.0000	0.0000	0.0000
ENSG00000277746.1	AC108706.1	processed_pseudogene	0	0	0	0.0000	0.0000	0.0000
ENSG00000277747.1	AC133104.2	unprocessed_pseudogene	0	0	0	0.0000	0.0000	0.0000
ENSG00000277748.1	AC006262.4	unprocessed_pseudogene	0	0	0	0.0000	0.0000	0.0000
ENSG00000277749.1	AC023300.2	lncRNA	0	0	0	0.0000	0.0000	0.0000
ENSG00000277752.1	AL137060.8	misc_RNA	0	1	1	0.0000	0.0000	0.0000
ENSG00000277754.1	U3	snoRNA	0	0	0	0.0000	0.0000	0.0000
ENSG00000277755.1	AC138649.3	processed_pseudogene	0	0	0	0.0000	0.0000	0.0000
ENSG00000277757.4	AL358394.3	lncRNA	0	0	0	0.0000	0.0000	0.0000
ENSG00000277758.5	FO681492.1	protein_coding	14	8	6	0.1793	0.0525	0.0506
ENSG00000277759.1	MIR6719	miRNA	0	0	0	0.0000	0.0000	0.0000
ENSG00000277762.1	RN7SL261P	misc_RNA	0	0	0	0.0000	0.0000	0.0000
ENSG00000277763.1	AL138995.1	lncRNA	3	2	6	0.3774	0.1106	0.1065
ENSG00000277764.1	AC007040.3	misc_RNA	0	0	0	0.0000	0.0000	0.0000
ENSG00000277766.1	AC004790.1	unprocessed_pseudogene	0	0	0	0.0000	0.0000	0.0000
ENSG00000277767.1	AL442128.2	lncRNA	1	0	1	0.0466	0.0136	0.0131
ENSG00000277769.1	RBM22P4	processed_pseudogene	0	0	0	0.0000	0.0000	0.0000
ENSG00000277770.1	AC137803.1	unprocessed_pseudogene	0	0	0	0.0000	0.0000	0.0000
ENSG00000277771.1	Metazoa_SRP	misc_RNA	0	0	0	0.0000	0.0000	0.0000
ENSG00000277774.1	RN7SL763P	misc_RNA	0	0	0	0.0000	0.0000	0.0000
ENSG00000277775.2	H3C7	protein_coding	1	0	2	0.1719	0.0504	0.0485
ENSG00000277777.1	Y_RNA	misc_RNA	0	0	0	0.0000	0.0000	0.0000
ENSG00000277778.2	PGM5P2	transcribed_unprocessed_pseudogene	6	9	15	0.2573	0.0754	0.0726
ENSG00000277782.1	AC068870.2	lncRNA	63	38	25	13.7532	4.0285	3.8792
ENSG00000277784.1	MIR6786	miRNA	0	0	0	0.0000	0.0000	0.0000
ENSG00000277785.1	SNORD116-21	snoRNA	0	0	0	0.0000	0.0000	0.0000
ENSG00000277790.1	AC084781.2	lncRNA	0	0	0	0.0000	0.0000	0.0000
ENSG00000277791.5	PSMB3	protein_coding	4586	2286	2302	333.4291	97.6666	94.0456
ENSG00000277794.1	Metazoa_SRP	misc_RNA	0	0	0	0.0000	0.0000	0.0000
ENSG00000277795.1	AC244517.3	processed_pseudogene	0	1	0	0.0000	0.0000	0.0000
ENSG00000277797.1	AL359693.1	lncRNA	1	0	1	0.0353	0.0103	0.0100
ENSG00000277801.1	AL138478.1	lncRNA	0	160	186	0.0000	0.0000	0.0000
ENSG00000277803.1	AC099842.1	processed_pseudogene	0	0	0	0.0000	0.0000	0.0000
ENSG00000277806.1	AC006213.4	lncRNA	17	7	10	2.2770	0.6670	0.6423
ENSG00000277809.1	AC012354.8	misc_RNA	0	0	1	0.0000	0.0000	0.0000
ENSG00000277817.1	MIR6738	miRNA	0	0	0	0.0000	0.0000	0.0000
ENSG00000277818.1	Y_RNA	misc_RNA	0	0	0	0.0000	0.0000	0.0000
ENSG00000277825.1	AC020917.3	lncRNA	0	0	0	0.0000	0.0000	0.0000
ENSG00000277826.1	AL157858.2	misc_RNA	0	0	0	0.0000	0.0000	0.0000
ENSG00000277828.1	AL137067.2	misc_RNA	0	0	0	0.0000	0.0000	0.0000
ENSG00000277829.1	AL031651.2	lncRNA	45	25	20	6.9607	2.0389	1.9633
ENSG00000277830.1	AL049766.2	misc_RNA	0	0	0	0.0000	0.0000	0.0000
ENSG00000277831.1	AL138960.1	lncRNA	0	1	0	0.0000	0.0000	0.0000
ENSG00000277837.1	AC090340.1	lncRNA	0	0	0	0.0000	0.0000	0.0000
ENSG00000277840.1	AC026368.1	lncRNA	4	1	3	0.4923	0.1442	0.1389
ENSG00000277841.1	MIR5701-2	miRNA	0	0	0	0.0000	0.0000	0.0000
ENSG00000277842.1	MIR6811	miRNA	0	0	0	0.0000	0.0000	0.0000
ENSG00000277846.1	SNORD30	snoRNA	0	0	0	0.0000	0.0000	0.0000
ENSG00000277851.2	LINC02391	lncRNA	83	42	41	8.2054	2.4035	2.3144
ENSG00000277852.1	AC244255.1	unprocessed_pseudogene	0	0	0	0.0000	0.0000	0.0000
ENSG00000277855.1	AC097634.3	lncRNA	0	1	0	0.0000	0.0000	0.0000
ENSG00000277858.2	H2AB2	protein_coding	0	0	0	0.0000	0.0000	0.0000
ENSG00000277859.1	AC009014.4	misc_RNA	0	0	1	0.0000	0.0000	0.0000
ENSG00000277862.1	PRAMEF34P	unprocessed_pseudogene	0	0	0	0.0000	0.0000	0.0000
ENSG00000277863.1	AL162574.1	lncRNA	0	0	0	0.0000	0.0000	0.0000
ENSG00000277864.1	SCARNA15	scaRNA	0	0	0	0.0000	0.0000	0.0000
ENSG00000277865.4	GOLGA6L22	protein_coding	0	0	0	0.0000	0.0000	0.0000
ENSG00000277866.1	AC022106.2	unprocessed_pseudogene	0	0	0	0.0000	0.0000	0.0000
ENSG00000277867.1	AC138649.4	processed_pseudogene	0	0	0	0.0000	0.0000	0.0000
ENSG00000277869.1	AL773524.1	processed_pseudogene	0	0	0	0.0000	0.0000	0.0000
ENSG00000277870.5	FAM230A	lncRNA	0	0	0	0.0000	0.0000	0.0000
ENSG00000277872.1	MIR6817	miRNA	0	0	0	0.0000	0.0000	0.0000
ENSG00000277873.1	AC131159.2	lncRNA	1	39	33	0.1210	0.0354	0.0341
ENSG00000277876.1	AC108359.1	unprocessed_pseudogene	0	0	0	0.0000	0.0000	0.0000
ENSG00000277878.1	AC010385.3	processed_pseudogene	0	0	0	0.0000	0.0000	0.0000
ENSG00000277879.1	AL391988.1	lncRNA	49	31	24	2.6794	0.7848	0.7557
ENSG00000277880.1	TRBV17	TR_V_gene	1	0	1	0.2469	0.0723	0.0696
ENSG00000277881.1	AL645927.1	processed_pseudogene	0	0	0	0.0000	0.0000	0.0000
ENSG00000277882.1	AL592295.2	processed_pseudogene	0	0	0	0.0000	0.0000	0.0000
ENSG00000277883.1	NLRP3P1	unprocessed_pseudogene	0	0	0	0.0000	0.0000	0.0000
ENSG00000277887.1	SNORA50C	snoRNA	0	0	0	0.0000	0.0000	0.0000
ENSG00000277888.1	MIR6846	miRNA	0	0	0	0.0000	0.0000	0.0000
ENSG00000277889.1	MIR8081	miRNA	0	0	0	0.0000	0.0000	0.0000
ENSG00000277892.1	MIR6746	miRNA	1	0	1	1.3479	0.3948	0.3802
ENSG00000277893.2	SRD5A2	protein_coding	86	48	38	1.6161	0.4734	0.4558
ENSG00000277895.1	AC135279.3	lncRNA	1	8	11	0.0648	0.0190	0.0183
ENSG00000277899.1	MLECP1	processed_pseudogene	0	0	0	0.0000	0.0000	0.0000
ENSG00000277900.1	Metazoa_SRP	misc_RNA	0	0	0	0.0000	0.0000	0.0000
ENSG00000277901.1	AL390037.1	lncRNA	0	0	1	0.0000	0.0000	0.0000
ENSG00000277903.1	U2	snRNA	0	0	0	0.0000	0.0000	0.0000
ENSG00000277904.1	MIR7850	miRNA	0	0	0	0.0000	0.0000	0.0000
ENSG00000277907.1	AC024288.1	processed_pseudogene	1	0	1	0.4044	0.1185	0.1141
ENSG00000277911.1	AC243773.2	lncRNA	0	0	0	0.0000	0.0000	0.0000
ENSG00000277912.1	MIR8089	miRNA	0	0	0	0.0000	0.0000	0.0000
ENSG00000277913.1	AL137060.9	misc_RNA	0	12	11	0.0000	0.0000	0.0000
ENSG00000277914.1	DDX6P2	processed_pseudogene	0	0	0	0.0000	0.0000	0.0000
ENSG00000277916.1	AL357500.2	misc_RNA	0	0	0	0.0000	0.0000	0.0000
ENSG00000277918.1	RNVU1-28	snRNA	0	0	0	0.0000	0.0000	0.0000
ENSG00000277919.1	MIR8067	miRNA	0	0	0	0.0000	0.0000	0.0000
ENSG00000277920.1	AC138969.3	unprocessed_pseudogene	0	0	0	0.0000	0.0000	0.0000
ENSG00000277922.1	AC004386.5	misc_RNA	0	0	0	0.0000	0.0000	0.0000
ENSG00000277925.1	Telomerase-vert	misc_RNA	0	0	0	0.0000	0.0000	0.0000
ENSG00000277930.1	AC010722.1	lncRNA	0	0	0	0.0000	0.0000	0.0000
ENSG00000277932.2	OR52E5	protein_coding	0	0	0	0.0000	0.0000	0.0000
ENSG00000277935.1	AC007527.2	lncRNA	0	0	0	0.0000	0.0000	0.0000
ENSG00000277938.1	AL035252.3	lncRNA	34	19	15	1.0371	0.3038	0.2925
ENSG00000277941.1	Z99774.4	misc_RNA	0	0	0	0.0000	0.0000	0.0000
ENSG00000277942.1	MIR8075	miRNA	0	0	0	0.0000	0.0000	0.0000
ENSG00000277945.1	AC107308.1	lncRNA	0	0	0	0.0000	0.0000	0.0000
ENSG00000277946.1	RN7SL478P	misc_RNA	0	0	0	0.0000	0.0000	0.0000
ENSG00000277947.1	SNORD3D	snoRNA	0	0	0	0.0000	0.0000	0.0000
ENSG00000277948.1	AC007435.1	misc_RNA	0	0	0	0.0000	0.0000	0.0000
ENSG00000277950.1	Metazoa_SRP	misc_RNA	0	0	0	0.0000	0.0000	0.0000
ENSG00000277952.1	AC092745.3	processed_pseudogene	0	0	0	0.0000	0.0000	0.0000
ENSG00000277954.1	AC092376.2	lncRNA	41	24	17	0.8459	0.2478	0.2386
ENSG00000277957.1	SENP3-EIF4A1	protein_coding	1	1	0	0.0241	0.0071	0.0068
ENSG00000277958.1	Metazoa_SRP	misc_RNA	0	0	0	0.0000	0.0000	0.0000
ENSG00000277959.1	AL162274.2	lncRNA	0	0	0	0.0000	0.0000	0.0000
ENSG00000277965.1	Metazoa_SRP	misc_RNA	0	0	0	0.0000	0.0000	0.0000
ENSG00000277966.1	AC004080.12	misc_RNA	0	0	0	0.0000	0.0000	0.0000
ENSG00000277967.1	AL049766.3	misc_RNA	0	0	0	0.0000	0.0000	0.0000
ENSG00000277968.1	AC091825.2	misc_RNA	7	2	5	6.5323	1.9134	1.8425
ENSG00000277969.1	AC006449.6	lncRNA	58	32	30	2.1452	0.6284	0.6051
ENSG00000277971.1	AC007731.4	protein_coding	0	0	0	0.0000	0.0000	0.0000
ENSG00000277972.2	CISD3	protein_coding	1354	2160	2070	36.8769	10.8018	10.4014
ENSG00000277973.1	AL138828.2	processed_pseudogene	0	0	0	0.0000	0.0000	0.0000
ENSG00000277975.1	CSTP2	unprocessed_pseudogene	0	0	0	0.0000	0.0000	0.0000
ENSG00000277977.1	AC010332.1	unprocessed_pseudogene	2	2	0	1.7509	0.5129	0.4939
ENSG00000277978.1	AC010542.5	lncRNA	15	322	326	3.3346	0.9767	0.9405
ENSG00000277981.1	AL731556.2	unprocessed_pseudogene	0	0	0	0.0000	0.0000	0.0000
ENSG00000277984.1	AP001264.1	unprocessed_pseudogene	0	0	0	0.0000	0.0000	0.0000
ENSG00000277985.1	SNORA67	snoRNA	0	0	0	0.0000	0.0000	0.0000
ENSG00000277986.1	U4	snRNA	0	0	0	0.0000	0.0000	0.0000
ENSG00000277987.2	LINC02351	lncRNA	1	1	0	0.0367	0.0108	0.0104
ENSG00000277988.1	FAM30B	unprocessed_pseudogene	0	0	0	0.0000	0.0000	0.0000
ENSG00000277991.4	FP236241.1	lncRNA	0	0	0	0.0000	0.0000	0.0000
ENSG00000277994.1	AC012531.7	misc_RNA	0	2	0	0.0000	0.0000	0.0000
ENSG00000277997.1	AC079779.4	lncRNA	0	0	0	0.0000	0.0000	0.0000
ENSG00000277998.1	AC107075.1	unprocessed_pseudogene	15	12	3	4.0567	1.1883	1.1442
ENSG00000277999.1	AC009093.6	lncRNA	8	5	3	1.2285	0.3598	0.3465
ENSG00000278000.1	AC139100.2	lncRNA	5	2	3	0.6414	0.1879	0.1809
ENSG00000278001.1	AL591926.4	processed_pseudogene	0	0	0	0.0000	0.0000	0.0000
ENSG00000278002.1	AL627171.1	lncRNA	4	2	3	0.2597	0.0761	0.0732
ENSG00000278004.1	AC009492.1	misc_RNA	0	0	0	0.0000	0.0000	0.0000
ENSG00000278007.1	Metazoa_SRP	misc_RNA	0	0	0	0.0000	0.0000	0.0000
ENSG00000278008.1	PPP1R26P4	processed_pseudogene	0	0	0	0.0000	0.0000	0.0000
ENSG00000278009.1	AL139099.3	unprocessed_pseudogene	10	3	7	7.4492	2.1820	2.1011
ENSG00000278010.1	SNORA70	snoRNA	0	0	0	0.0000	0.0000	0.0000
ENSG00000278011.1	AC024941.1	lncRNA	0	0	0	0.0000	0.0000	0.0000
ENSG00000278012.1	AL031658.2	lncRNA	0	0	0	0.0000	0.0000	0.0000
ENSG00000278013.1	AC245033.2	lncRNA	0	0	0	0.0000	0.0000	0.0000
ENSG00000278017.1	AC064801.1	lncRNA	4	2	2	0.8346	0.2445	0.2354
ENSG00000278020.1	AC004080.13	misc_RNA	0	0	0	0.0000	0.0000	0.0000
ENSG00000278022.1	AC118658.1	lncRNA	0	0	0	0.0000	0.0000	0.0000
ENSG00000278023.7	RDM1	protein_coding	30	16	14	1.2899	0.3778	0.3638
ENSG00000278026.1	AC117415.2	misc_RNA	0	0	0	0.0000	0.0000	0.0000
ENSG00000278028.1	Y_RNA	misc_RNA	0	0	0	0.0000	0.0000	0.0000
ENSG00000278030.1	TRBV7-9	TR_V_gene	41	18	23	10.0338	2.9391	2.8301
ENSG00000278034.1	MIR6731	miRNA	0	0	0	0.0000	0.0000	0.0000
ENSG00000278035.1	AL121895.2	lncRNA	2	0	2	0.3800	0.1113	0.1072
ENSG00000278038.1	MIR6076	miRNA	0	0	0	0.0000	0.0000	0.0000
ENSG00000278039.1	AL353804.7	misc_RNA	0	0	0	0.0000	0.0000	0.0000
ENSG00000278040.1	AL158825.3	misc_RNA	0	0	0	0.0000	0.0000	0.0000
ENSG00000278041.1	AL133325.3	lncRNA	2	1	1	0.0462	0.0135	0.0130
ENSG00000278044.1	FAM247B	lncRNA	0	0	0	0.0000	0.0000	0.0000
ENSG00000278045.1	AL049692.5	misc_RNA	0	0	0	0.0000	0.0000	0.0000
ENSG00000278048.1	U2	snRNA	0	0	0	0.0000	0.0000	0.0000
ENSG00000278050.1	AP000944.3	misc_RNA	0	0	0	0.0000	0.0000	0.0000
ENSG00000278052.1	AC104985.2	lncRNA	0	0	0	0.0000	0.0000	0.0000
ENSG00000278053.5	DDX52	protein_coding	1059	579	640	9.4386	2.7647	2.6622
ENSG00000278054.1	AL591926.5	processed_pseudogene	3	2	1	1.2074	0.3537	0.3406
ENSG00000278055.1	AC007938.6	misc_RNA	0	0	0	0.0000	0.0000	0.0000
ENSG00000278057.4	TEX28	protein_coding	0	0	0	0.0000	0.0000	0.0000
ENSG00000278058.1	AC009159.3	lncRNA	43	18	25	4.5418	1.3304	1.2810
ENSG00000278060.1	AC012366.1	lncRNA	0	0	0	0.0000	0.0000	0.0000
ENSG00000278068.1	AL136317.3	processed_pseudogene	0	0	0	0.0000	0.0000	0.0000
ENSG00000278069.1	MIR6072	miRNA	0	0	0	0.0000	0.0000	0.0000
ENSG00000278071.1	AL161669.3	lncRNA	0	0	0	0.0000	0.0000	0.0000
ENSG00000278072.1	AC108713.1	misc_RNA	0	0	0	0.0000	0.0000	0.0000
ENSG00000278073.1	MIR6726	miRNA	0	0	0	0.0000	0.0000	0.0000
ENSG00000278075.1	AC114341.1	lncRNA	4	2	2	0.9733	0.2851	0.2745
ENSG00000278077.1	AL591926.6	processed_pseudogene	1	2	1	0.4025	0.1179	0.1135
ENSG00000278078.1	AC025279.3	unprocessed_pseudogene	0	0	0	0.0000	0.0000	0.0000
ENSG00000278083.1	AC013476.1	processed_pseudogene	0	0	0	0.0000	0.0000	0.0000
ENSG00000278084.1	AC069503.3	lncRNA	0	0	0	0.0000	0.0000	0.0000
ENSG00000278085.5	CT45A8	protein_coding	0	0	0	0.0000	0.0000	0.0000
ENSG00000278089.1	SNORD115-7	snoRNA	0	0	0	0.0000	0.0000	0.0000
ENSG00000278090.3	LUNAR1	lncRNA	1	1	0	0.0262	0.0077	0.0074
ENSG00000278095.1	AC022509.4	lncRNA	6	1	5	0.8908	0.2609	0.2512
ENSG00000278097.1	AC243829.5	lncRNA	0	0	0	0.0000	0.0000	0.0000
ENSG00000278098.1	MIR7973-1	miRNA	0	0	0	0.0000	0.0000	0.0000
ENSG00000278099.1	RNVU1-2A	snRNA	1	1	0	0.5147	0.1508	0.1452
ENSG00000278100.1	Metazoa_SRP	misc_RNA	0	0	0	0.0000	0.0000	0.0000
ENSG00000278102.1	AL138825.1	processed_pseudogene	0	0	0	0.0000	0.0000	0.0000
ENSG00000278103.1	MIR8060	miRNA	0	0	0	0.0000	0.0000	0.0000
ENSG00000278104.1	AL669914.3	misc_RNA	0	0	0	0.0000	0.0000	0.0000
ENSG00000278106.1	AF254983.2	unprocessed_pseudogene	0	0	0	0.0000	0.0000	0.0000
ENSG00000278107.1	AC027575.2	lncRNA	14	2	12	2.0288	0.5943	0.5722
ENSG00000278108.1	MIR6757	miRNA	0	0	0	0.0000	0.0000	0.0000
ENSG00000278109.1	Metazoa_SRP	misc_RNA	0	0	0	0.0000	0.0000	0.0000
ENSG00000278110.1	SUSD2P2	unprocessed_pseudogene	0	0	0	0.0000	0.0000	0.0000
ENSG00000278112.1	AC145423.2	lncRNA	1	1	0	0.1818	0.0533	0.0513
ENSG00000278113.1	AL356754.2	misc_RNA	0	0	0	0.0000	0.0000	0.0000
ENSG00000278122.1	AQP7P5	unprocessed_pseudogene	0	0	0	0.0000	0.0000	0.0000
ENSG00000278123.1	SNORD116-28	snoRNA	0	0	0	0.0000	0.0000	0.0000
ENSG00000278124.1	RN7SL186P	misc_RNA	0	0	0	0.0000	0.0000	0.0000
ENSG00000278126.1	AC139768.1	lncRNA	16	7	9	1.5131	0.4432	0.4268
ENSG00000278128.2	AL139093.1	transcribed_unprocessed_pseudogene	0	1	0	0.0000	0.0000	0.0000
ENSG00000278129.2	ZNF8	protein_coding	248	132	116	2.3118	0.6772	0.6520
ENSG00000278130.1	AL591424.2	unprocessed_pseudogene	0	0	0	0.0000	0.0000	0.0000
ENSG00000278131.1	AC116050.1	unprocessed_pseudogene	0	0	1	0.0000	0.0000	0.0000
ENSG00000278133.1	AC135050.6	lncRNA	179	87	92	20.1068	5.8896	5.6712
ENSG00000278135.1	U2	snRNA	0	0	0	0.0000	0.0000	0.0000
ENSG00000278138.2	CLUHP11	unprocessed_pseudogene	0	0	0	0.0000	0.0000	0.0000
ENSG00000278139.1	P3R3URF-PIK3R3	protein_coding	0	0	0	0.0000	0.0000	0.0000
ENSG00000278143.1	NF1P7	unprocessed_pseudogene	0	0	0	0.0000	0.0000	0.0000
ENSG00000278144.1	AP000944.4	misc_RNA	0	0	0	0.0000	0.0000	0.0000
ENSG00000278146.1	AC012409.4	lncRNA	0	0	0	0.0000	0.0000	0.0000
ENSG00000278147.1	AL121809.2	lncRNA	0	0	0	0.0000	0.0000	0.0000
ENSG00000278151.1	AC108065.2	misc_RNA	0	0	0	0.0000	0.0000	0.0000
ENSG00000278153.1	AL121782.1	lncRNA	1	1	0	0.2056	0.0602	0.0580
ENSG00000278156.2	TSC22D1-AS1	lncRNA	20	45	47	0.4913	0.1439	0.1386
ENSG00000278158.1	AP001059.2	lncRNA	0	0	0	0.0000	0.0000	0.0000
ENSG00000278159.1	MIR8062	miRNA	0	0	0	0.0000	0.0000	0.0000
ENSG00000278160.1	BX510359.7	unprocessed_pseudogene	0	0	0	0.0000	0.0000	0.0000
ENSG00000278171.1	AL137028.2	processed_pseudogene	0	0	0	0.0000	0.0000	0.0000
ENSG00000278172.1	Metazoa_SRP	misc_RNA	1	0	1	0.3291	0.0964	0.0928
ENSG00000278175.4	GLIDR	lncRNA	15	53	48	0.1922	0.0563	0.0542
ENSG00000278177.1	AL354811.1	lncRNA	0	48	58	0.0000	0.0000	0.0000
ENSG00000278180.1	AL451054.3	unprocessed_pseudogene	0	0	0	0.0000	0.0000	0.0000
ENSG00000278181.1	AP000457.1	processed_pseudogene	0	0	0	0.0000	0.0000	0.0000
ENSG00000278182.1	AC239860.2	unprocessed_pseudogene	0	0	0	0.0000	0.0000	0.0000
ENSG00000278184.1	NF1P11	unprocessed_pseudogene	0	0	0	0.0000	0.0000	0.0000
ENSG00000278188.1	U6	snRNA	0	0	0	0.0000	0.0000	0.0000
ENSG00000278189.1	RNA5-8SN1	rRNA	0	0	0	0.0000	0.0000	0.0000
ENSG00000278192.1	AL118505.1	lncRNA	0	0	0	0.0000	0.0000	0.0000
ENSG00000278193.1	AC013562.2	unprocessed_pseudogene	0	0	0	0.0000	0.0000	0.0000
ENSG00000278195.2	SSTR3	protein_coding	11	6	7	0.1997	0.0585	0.0563
ENSG00000278196.3	IGLV2-8	IG_V_gene	180	76	104	29.5661	8.6604	8.3393
ENSG00000278197.1	AC006338.1	unprocessed_pseudogene	0	0	0	0.0000	0.0000	0.0000
ENSG00000278200.1	LINC01971	lncRNA	10	7	3	0.8103	0.2374	0.2286
ENSG00000278202.1	AC243919.2	lncRNA	0	0	0	0.0000	0.0000	0.0000
ENSG00000278204.1	MIR6857	miRNA	0	0	0	0.0000	0.0000	0.0000
ENSG00000278205.1	AC092447.10	unprocessed_pseudogene	0	0	0	0.0000	0.0000	0.0000
ENSG00000278206.1	AL031320.2	lncRNA	0	231	230	0.0000	0.0000	0.0000
ENSG00000278212.2	AC134878.2	transcribed_unprocessed_pseudogene	21	8	13	0.8476	0.2483	0.2391
ENSG00000278213.1	CNTNAP3P5	unprocessed_pseudogene	0	0	0	0.0000	0.0000	0.0000
ENSG00000278214.1	LINC02139	lncRNA	22	27	21	0.9318	0.2729	0.2628
ENSG00000278215.1	AP001318.3	processed_pseudogene	0	0	0	0.0000	0.0000	0.0000
ENSG00000278217.1	AP000769.5	misc_RNA	0	0	0	0.0000	0.0000	0.0000
ENSG00000278218.1	AC003657.1	misc_RNA	0	0	0	0.0000	0.0000	0.0000
ENSG00000278221.1	MIR6511A2	miRNA	0	0	0	0.0000	0.0000	0.0000
ENSG00000278222.1	RN7SL536P	misc_RNA	0	0	0	0.0000	0.0000	0.0000
ENSG00000278223.1	MIR6783	miRNA	0	0	0	0.0000	0.0000	0.0000
ENSG00000278224.7	PRICKLE4	protein_coding	0	0	0	0.0000	0.0000	0.0000
ENSG00000278226.1	Metazoa_SRP	misc_RNA	0	0	0	0.0000	0.0000	0.0000
ENSG00000278231.1	AL133342.1	lncRNA	6	4	2	1.3921	0.4078	0.3927
ENSG00000278233.1	RNA5-8SN2	rRNA	0	0	0	0.0000	0.0000	0.0000
ENSG00000278234.1	U2	snRNA	0	0	0	0.0000	0.0000	0.0000
ENSG00000278236.1	AC005076.2	misc_RNA	0	0	0	0.0000	0.0000	0.0000
ENSG00000278237.1	AC025188.3	misc_RNA	0	0	0	0.0000	0.0000	0.0000
ENSG00000278238.1	AL359513.1	lncRNA	18	8	10	2.7443	0.8038	0.7740
ENSG00000278239.1	AC243967.3	lncRNA	0	0	0	0.0000	0.0000	0.0000
ENSG00000278242.1	RN7SL725P	misc_RNA	0	0	0	0.0000	0.0000	0.0000
ENSG00000278249.1	SCARNA2	scaRNA	0	0	0	0.0000	0.0000	0.0000
ENSG00000278250.1	Metazoa_SRP	misc_RNA	0	0	0	0.0000	0.0000	0.0000
ENSG00000278254.4	AC004852.2	lncRNA	0	0	0	0.0000	0.0000	0.0000
ENSG00000278255.1	AC005344.1	lncRNA	0	0	0	0.0000	0.0000	0.0000
ENSG00000278256.1	AC007718.1	unprocessed_pseudogene	0	0	0	0.0000	0.0000	0.0000
ENSG00000278259.4	MYO19	protein_coding	1540	999	1040	10.0021	2.9298	2.8212
ENSG00000278261.1	SNORD1A	snoRNA	0	0	0	0.0000	0.0000	0.0000
ENSG00000278263.2	AC135068.3	IG_V_gene	7	3	6	1.6840	0.4933	0.4750
ENSG00000278264.1	MIR6803	miRNA	0	0	0	0.0000	0.0000	0.0000
ENSG00000278265.1	MIR6770-1	miRNA	0	0	0	0.0000	0.0000	0.0000
ENSG00000278266.1	AC079949.2	lncRNA	5	2	3	0.1448	0.0424	0.0408
ENSG00000278267.1	MIR6859-1	miRNA	0	0	0	0.0000	0.0000	0.0000
ENSG00000278273.1	FP700107.1	unprocessed_pseudogene	0	0	0	0.0000	0.0000	0.0000
ENSG00000278274.1	SNORA61	snoRNA	0	0	0	0.0000	0.0000	0.0000
ENSG00000278275.2	AC103705.1	transcribed_processed_pseudogene	1	11	13	0.0630	0.0184	0.0178
ENSG00000278276.1	AL110115.2	lncRNA	0	0	0	0.0000	0.0000	0.0000
ENSG00000278278.1	MIR6816	miRNA	0	0	0	0.0000	0.0000	0.0000
ENSG00000278281.1	MIR7856	miRNA	0	0	0	0.0000	0.0000	0.0000
ENSG00000278283.1	AL020991.1	unprocessed_pseudogene	0	0	0	0.0000	0.0000	0.0000
ENSG00000278287.1	AL109925.6	misc_RNA	0	0	0	0.0000	0.0000	0.0000
ENSG00000278289.5	CT45A6	protein_coding	0	0	0	0.0000	0.0000	0.0000
ENSG00000278291.1	AL161772.1	lncRNA	3	31	27	0.0577	0.0169	0.0163
ENSG00000278292.1	RFPL4AP6	unprocessed_pseudogene	0	0	0	0.0000	0.0000	0.0000
ENSG00000278299.5	TBC1D3C	protein_coding	0	0	0	0.0000	0.0000	0.0000
ENSG00000278301.1	GRAMD4P3	processed_pseudogene	0	0	0	0.0000	0.0000	0.0000
ENSG00000278305.1	AL161616.2	lncRNA	0	0	0	0.0000	0.0000	0.0000
ENSG00000278311.5	GGNBP2	protein_coding	2926	1450	1476	25.6030	7.4995	7.2215
ENSG00000278313.1	AC100827.5	unprocessed_pseudogene	0	0	0	0.0000	0.0000	0.0000
ENSG00000278317.1	H3P46	processed_pseudogene	0	0	0	0.0000	0.0000	0.0000
ENSG00000278318.5	ZNF229	protein_coding	9	8	2	0.1390	0.0407	0.0392
ENSG00000278319.1	AL590240.3	unprocessed_pseudogene	0	0	0	0.0000	0.0000	0.0000
ENSG00000278324.1	AC084123.1	misc_RNA	0	0	0	0.0000	0.0000	0.0000
ENSG00000278328.1	MIR6802	miRNA	0	0	0	0.0000	0.0000	0.0000
ENSG00000278330.1	AC018529.2	lncRNA	247	136	111	6.7121	1.9661	1.8932
ENSG00000278331.1	RNU6-156P	snRNA	0	0	0	0.0000	0.0000	0.0000
ENSG00000278332.1	AL021918.2	processed_pseudogene	0	0	0	0.0000	0.0000	0.0000
ENSG00000278333.1	AC022028.3	misc_RNA	0	0	0	0.0000	0.0000	0.0000
ENSG00000278334.1	AC004080.14	misc_RNA	0	0	0	0.0000	0.0000	0.0000
ENSG00000278337.1	AL139327.3	unprocessed_pseudogene	0	0	0	0.0000	0.0000	0.0000
ENSG00000278338.4	VWA8-AS1	lncRNA	1	0	1	0.0395	0.0116	0.0111
ENSG00000278340.1	MIR6862-2	miRNA	0	0	0	0.0000	0.0000	0.0000
ENSG00000278341.1	AC138028.6	lncRNA	5	91	60	0.2865	0.0839	0.0808
ENSG00000278342.1	AL133373.2	unprocessed_pseudogene	0	0	0	0.0000	0.0000	0.0000
ENSG00000278344.1	AC063943.1	lncRNA	3	2	1	0.7156	0.2096	0.2018
ENSG00000278346.1	AC080112.2	processed_pseudogene	0	0	0	0.0000	0.0000	0.0000
ENSG00000278348.1	Metazoa_SRP	misc_RNA	1	0	1	0.3022	0.0885	0.0852
ENSG00000278349.1	MIR6754	miRNA	0	0	0	0.0000	0.0000	0.0000
ENSG00000278351.1	AC009248.2	lncRNA	0	0	0	0.0000	0.0000	0.0000
ENSG00000278356.1	AC005911.1	lncRNA	20	9	11	3.7246	1.0910	1.0505
ENSG00000278358.1	BX510359.8	processed_pseudogene	0	0	0	0.0000	0.0000	0.0000
ENSG00000278359.1	MIR7155	miRNA	0	0	0	0.0000	0.0000	0.0000
ENSG00000278367.1	AL356652.1	lncRNA	0	187	150	0.0000	0.0000	0.0000
ENSG00000278370.1	AC021422.1	lncRNA	0	0	0	0.0000	0.0000	0.0000
ENSG00000278374.1	U4	snRNA	0	0	0	0.0000	0.0000	0.0000
ENSG00000278376.1	AP004609.3	lncRNA	12	7	6	0.5409	0.1584	0.1526
ENSG00000278381.1	AL050303.2	processed_pseudogene	0	0	0	0.0000	0.0000	0.0000
ENSG00000278382.1	AL161629.2	processed_pseudogene	0	0	0	0.0000	0.0000	0.0000
ENSG00000278383.1	AL031673.1	lncRNA	9	4	5	1.6401	0.4804	0.4626
ENSG00000278385.1	AC121338.2	lncRNA	14	6	8	0.6817	0.1997	0.1923
ENSG00000278388.1	AC002076.1	unprocessed_pseudogene	0	0	0	0.0000	0.0000	0.0000
ENSG00000278389.1	AC099518.6	lncRNA	1	1	0	0.1887	0.0553	0.0532
ENSG00000278390.5	AL354696.2	lncRNA	27	41	31	0.7841	0.2297	0.2212
ENSG00000278391.1	AC007241.1	misc_RNA	0	0	0	0.0000	0.0000	0.0000
ENSG00000278395.1	AC243829.6	unprocessed_pseudogene	0	0	0	0.0000	0.0000	0.0000
ENSG00000278396.1	AL122023.1	lncRNA	13	5	8	2.0830	0.6101	0.5875
ENSG00000278399.1	AC026120.1	unprocessed_pseudogene	1	1	1	0.0917	0.0269	0.0259
ENSG00000278400.1	AC026120.2	processed_pseudogene	0	0	0	0.0000	0.0000	0.0000
ENSG00000278404.1	Z99774.5	misc_RNA	0	0	0	0.0000	0.0000	0.0000
ENSG00000278406.1	AC013401.2	misc_RNA	0	0	0	0.0000	0.0000	0.0000
ENSG00000278408.1	AC108861.1	lncRNA	0	0	0	0.0000	0.0000	0.0000
ENSG00000278410.1	AL121590.1	misc_RNA	0	0	0	0.0000	0.0000	0.0000
ENSG00000278412.1	MIR6854	miRNA	0	0	0	0.0000	0.0000	0.0000
ENSG00000278413.1	AL159159.1	misc_RNA	0	0	0	0.0000	0.0000	0.0000
ENSG00000278416.1	PMS2P2	translated_unprocessed_pseudogene	0	1	1	0.0000	0.0000	0.0000
ENSG00000278418.1	MIR6512	miRNA	0	0	0	0.0000	0.0000	0.0000
ENSG00000278419.1	AL451164.2	lncRNA	0	0	0	0.0000	0.0000	0.0000
ENSG00000278420.1	MIR6819	miRNA	0	0	0	0.0000	0.0000	0.0000
ENSG00000278421.1	AC004386.6	misc_RNA	0	0	0	0.0000	0.0000	0.0000
ENSG00000278422.1	RN7SL331P	misc_RNA	0	0	0	0.0000	0.0000	0.0000
ENSG00000278424.1	AC073114.2	unprocessed_pseudogene	0	0	0	0.0000	0.0000	0.0000
ENSG00000278428.1	AC022709.1	unprocessed_pseudogene	0	0	0	0.0000	0.0000	0.0000
ENSG00000278431.1	AC243547.2	lncRNA	0	15	14	0.0000	0.0000	0.0000
ENSG00000278433.1	MIR6070	miRNA	0	0	0	0.0000	0.0000	0.0000
ENSG00000278434.1	AC023830.3	lncRNA	0	0	1	0.0000	0.0000	0.0000
ENSG00000278438.1	MIR7849	miRNA	0	0	0	0.0000	0.0000	0.0000
ENSG00000278441.1	AC126915.3	processed_pseudogene	0	0	0	0.0000	0.0000	0.0000
ENSG00000278445.1	AL137246.2	lncRNA	1	0	1	0.1283	0.0376	0.0362
ENSG00000278446.1	AC004852.3	processed_pseudogene	0	0	0	0.0000	0.0000	0.0000
ENSG00000278447.1	MIR6781	miRNA	0	0	0	0.0000	0.0000	0.0000
ENSG00000278449.1	MIR6892	miRNA	0	0	0	0.0000	0.0000	0.0000
ENSG00000278454.1	AC015599.3	misc_RNA	0	0	0	0.0000	0.0000	0.0000
ENSG00000278455.1	CICP21	processed_pseudogene	0	0	0	0.0000	0.0000	0.0000
ENSG00000278456.1	AC015712.7	lncRNA	2	2	0	0.2675	0.0783	0.0754
ENSG00000278459.1	Metazoa_SRP	misc_RNA	0	0	0	0.0000	0.0000	0.0000
ENSG00000278462.1	AL359880.1	lncRNA	0	0	0	0.0000	0.0000	0.0000
ENSG00000278463.2	H2AC4	protein_coding	0	0	0	0.0000	0.0000	0.0000
ENSG00000278464.2	AC068506.1	lncRNA	2	1	1	0.1023	0.0300	0.0289
ENSG00000278465.1	MIR6769B	miRNA	0	0	0	0.0000	0.0000	0.0000
ENSG00000278467.1	AC138393.3	lncRNA	2	1	1	0.2964	0.0868	0.0836
ENSG00000278469.1	Metazoa_SRP	misc_RNA	0	0	0	0.0000	0.0000	0.0000
ENSG00000278472.1	AC009268.2	lncRNA	4	3	1	0.7433	0.2177	0.2096
ENSG00000278473.1	IGHV3-41	IG_V_pseudogene	3	1	2	0.7321	0.2144	0.2065
ENSG00000278475.1	AC009464.1	lncRNA	2	2	0	0.3621	0.1061	0.1021
ENSG00000278477.1	AL356321.1	unprocessed_pseudogene	0	0	0	0.0000	0.0000	0.0000
ENSG00000278478.1	AC006987.1	processed_pseudogene	0	0	0	0.0000	0.0000	0.0000
ENSG00000278480.1	ZBTB2P1	processed_pseudogene	7	3	4	0.6154	0.1803	0.1736
ENSG00000278482.1	AC002542.4	misc_RNA	0	0	0	0.0000	0.0000	0.0000
ENSG00000278483.1	MIR8087	miRNA	0	0	1	0.0000	0.0000	0.0000
ENSG00000278484.1	AC010998.3	lncRNA	0	0	0	0.0000	0.0000	0.0000
ENSG00000278485.1	AL590491.3	processed_pseudogene	0	0	0	0.0000	0.0000	0.0000
ENSG00000278486.1	YRDCP1	processed_pseudogene	0	0	0	0.0000	0.0000	0.0000
ENSG00000278487.1	AC106800.3	processed_pseudogene	1	1	0	0.5550	0.1626	0.1566
ENSG00000278492.1	AC006213.5	lncRNA	5	4	1	1.4743	0.4318	0.4158
ENSG00000278493.1	AC039056.2	lncRNA	1	0	1	0.1662	0.0487	0.0469
ENSG00000278496.1	AL158062.1	unprocessed_pseudogene	1	1	0	0.1140	0.0334	0.0322
ENSG00000278497.1	RN7SL759P	misc_RNA	0	0	0	0.0000	0.0000	0.0000
ENSG00000278498.1	AL356608.2	misc_RNA	0	0	0	0.0000	0.0000	0.0000
ENSG00000278499.2	NPAP1L	unprocessed_pseudogene	0	0	0	0.0000	0.0000	0.0000
ENSG00000278502.1	MIR6082	miRNA	0	0	0	0.0000	0.0000	0.0000
ENSG00000278505.5	C17orf78	protein_coding	2	2	0	0.0885	0.0259	0.0250
ENSG00000278513.1	AC091046.2	unprocessed_pseudogene	0	0	0	0.0000	0.0000	0.0000
ENSG00000278514.1	AC068831.5	lncRNA	0	0	0	0.0000	0.0000	0.0000
ENSG00000278517.1	MIR6865	miRNA	0	0	0	0.0000	0.0000	0.0000
ENSG00000278518.1	AL161645.1	lncRNA	0	0	0	0.0000	0.0000	0.0000
ENSG00000278520.1	MIR7851	miRNA	0	0	0	0.0000	0.0000	0.0000
ENSG00000278522.5	POTEB3	protein_coding	0	0	0	0.0000	0.0000	0.0000
ENSG00000278523.1	Y_RNA	misc_RNA	0	0	0	0.0000	0.0000	0.0000
ENSG00000278524.1	MIR6810	miRNA	0	0	0	0.0000	0.0000	0.0000
ENSG00000278525.1	RN7SL607P	misc_RNA	0	0	0	0.0000	0.0000	0.0000
ENSG00000278526.1	AC002542.5	misc_RNA	0	0	0	0.0000	0.0000	0.0000
ENSG00000278527.1	SNORD22	snoRNA	0	0	0	0.0000	0.0000	0.0000
ENSG00000278528.1	AC145285.7	unprocessed_pseudogene	0	0	0	0.0000	0.0000	0.0000
ENSG00000278529.1	MIR8070	miRNA	0	0	0	0.0000	0.0000	0.0000
ENSG00000278530.4	CHMP1B2P	transcribed_unitary_pseudogene	123	65	58	1.4824	0.4342	0.4181
ENSG00000278531.1	AL512324.6	unprocessed_pseudogene	2	2	0	0.1926	0.0564	0.0543
ENSG00000278532.1	AC026585.1	lncRNA	0	0	0	0.0000	0.0000	0.0000
ENSG00000278535.5	DHRS11	protein_coding	738	370	368	11.6511	3.4128	3.2863
ENSG00000278537.1	IGKV2OR2-8	IG_V_pseudogene	0	0	0	0.0000	0.0000	0.0000
ENSG00000278540.5	ACACA	protein_coding	4807	2435	2372	31.3479	9.1823	8.8419
ENSG00000278541.1	AC116165.2	processed_pseudogene	0	0	0	0.0000	0.0000	0.0000
ENSG00000278543.1	AC010332.2	unprocessed_pseudogene	0	0	0	0.0000	0.0000	0.0000
ENSG00000278546.1	AC003101.2	lncRNA	1	1	0	0.1921	0.0563	0.0542
ENSG00000278549.1	MIR6736	miRNA	0	0	0	0.0000	0.0000	0.0000
ENSG00000278551.1	RNU6-368P	snRNA	0	0	0	0.0000	0.0000	0.0000
ENSG00000278552.1	AC116165.3	unprocessed_pseudogene	0	0	0	0.0000	0.0000	0.0000
ENSG00000278554.1	Metazoa_SRP	misc_RNA	0	0	0	0.0000	0.0000	0.0000
ENSG00000278558.5	TMEM191B	protein_coding	1	1	0	0.0411	0.0120	0.0116
ENSG00000278561.1	PTPN20CP	unprocessed_pseudogene	0	0	0	0.0000	0.0000	0.0000
ENSG00000278569.1	Metazoa_SRP	misc_RNA	0	0	0	0.0000	0.0000	0.0000
ENSG00000278570.5	NR2E3	protein_coding	3	1	2	0.0785	0.0230	0.0222
ENSG00000278571.1	MIR7161	miRNA	0	6	3	0.0000	0.0000	0.0000
ENSG00000278572.1	AL355877.2	unprocessed_pseudogene	1	1	1	0.0945	0.0277	0.0266
ENSG00000278576.1	AL162171.3	lncRNA	7	3	4	0.1870	0.0548	0.0528
ENSG00000278577.1	AC092634.6	unprocessed_pseudogene	0	0	0	0.0000	0.0000	0.0000
ENSG00000278580.1	AL162373.1	unprocessed_pseudogene	0	0	0	0.0000	0.0000	0.0000
ENSG00000278581.1	MIR6080	miRNA	0	1	2	0.0000	0.0000	0.0000
ENSG00000278582.1	DNM1P5	unprocessed_pseudogene	0	0	0	0.0000	0.0000	0.0000
ENSG00000278585.1	SNX3P1Y	processed_pseudogene	0	0	0	0.0000	0.0000	0.0000
ENSG00000278586.1	AC005088.1	processed_pseudogene	0	0	0	0.0000	0.0000	0.0000
ENSG00000278587.1	AL117355.1	misc_RNA	0	0	0	0.0000	0.0000	0.0000
ENSG00000278588.2	H2BC10	protein_coding	0	0	0	0.0000	0.0000	0.0000
ENSG00000278589.1	ZACNP1	unprocessed_pseudogene	3	0	3	0.3588	0.1051	0.1012
ENSG00000278590.1	RN7SL113P	misc_RNA	1	1	0	0.2840	0.0832	0.0801
ENSG00000278591.1	U2	snRNA	0	0	0	0.0000	0.0000	0.0000
ENSG00000278592.1	AC004080.15	misc_RNA	0	0	0	0.0000	0.0000	0.0000
ENSG00000278593.1	AC104394.1	unprocessed_pseudogene	0	0	0	0.0000	0.0000	0.0000
ENSG00000278594.1	AL589182.2	processed_pseudogene	2	2	1	0.1619	0.0474	0.0457
ENSG00000278595.1	AL133396.1	lncRNA	4	2	2	0.8556	0.2506	0.2413
ENSG00000278596.1	MIR6077	miRNA	0	0	0	0.0000	0.0000	0.0000
ENSG00000278598.1	MIR6775	miRNA	0	0	0	0.0000	0.0000	0.0000
ENSG00000278599.5	TBC1D3E	protein_coding	0	0	0	0.0000	0.0000	0.0000
ENSG00000278600.1	AC015871.3	lncRNA	146	72	74	5.4836	1.6062	1.5467
ENSG00000278601.1	AL158163.2	lncRNA	1	5	8	0.1213	0.0355	0.0342
ENSG00000278602.1	AC006338.2	unprocessed_pseudogene	0	0	0	0.0000	0.0000	0.0000
ENSG00000278603.1	AC245033.3	unprocessed_pseudogene	0	0	0	0.0000	0.0000	0.0000
ENSG00000278604.1	RN7SL429P	misc_RNA	0	0	0	0.0000	0.0000	0.0000
ENSG00000278607.1	AC015819.2	lncRNA	4	2	2	0.6120	0.1793	0.1726
ENSG00000278611.2	ZNF426-DT	lncRNA	4	3	1	0.3753	0.1099	0.1059
ENSG00000278615.5	C11orf98	protein_coding	0	0	0	0.0000	0.0000	0.0000
ENSG00000278616.1	BEND3P3	processed_pseudogene	13	27	35	0.4524	0.1325	0.1276
ENSG00000278617.1	MIR8074	miRNA	0	0	0	0.0000	0.0000	0.0000
ENSG00000278618.1	MIR8069-2	miRNA	0	0	0	0.0000	0.0000	0.0000
ENSG00000278619.5	MRM1	protein_coding	325	161	164	15.0077	4.3960	4.2330
ENSG00000278621.1	AC037198.2	lncRNA	0	101	92	0.0000	0.0000	0.0000
ENSG00000278626.1	AC023310.4	lncRNA	0	0	0	0.0000	0.0000	0.0000
ENSG00000278627.1	AC005962.1	lncRNA	1	1	0	0.1302	0.0382	0.0367
ENSG00000278630.1	LINC02335	lncRNA	4	2	2	0.5155	0.1510	0.1454
ENSG00000278631.1	SOWAHCP5	processed_pseudogene	0	0	0	0.0000	0.0000	0.0000
ENSG00000278635.1	AC141557.2	unprocessed_pseudogene	4	1	3	0.7047	0.2064	0.1988
ENSG00000278636.1	Metazoa_SRP	misc_RNA	0	0	0	0.0000	0.0000	0.0000
ENSG00000278637.2	H4C1	protein_coding	0	0	0	0.0000	0.0000	0.0000
ENSG00000278638.2	AC244093.5	lncRNA	2	0	2	0.1592	0.0466	0.0449
ENSG00000278640.1	Metazoa_SRP	misc_RNA	0	0	0	0.0000	0.0000	0.0000
ENSG00000278641.1	DUX4L15	unprocessed_pseudogene	0	0	0	0.0000	0.0000	0.0000
ENSG00000278642.1	AC015813.4	lncRNA	1	1	0	0.4744	0.1390	0.1338
ENSG00000278643.1	AC006127.1	misc_RNA	0	0	0	0.0000	0.0000	0.0000
ENSG00000278646.1	AC008162.2	protein_coding	0	0	0	0.0000	0.0000	0.0000
ENSG00000278647.1	CDK2AP2P1	transcribed_processed_pseudogene	0	0	0	0.0000	0.0000	0.0000
ENSG00000278650.1	AL158209.1	unprocessed_pseudogene	0	0	0	0.0000	0.0000	0.0000
ENSG00000278654.1	AC007450.4	processed_pseudogene	0	2	0	0.0000	0.0000	0.0000
ENSG00000278655.1	AP000346.4	unprocessed_pseudogene	0	0	0	0.0000	0.0000	0.0000
ENSG00000278657.1	AC245452.4	lncRNA	0	0	0	0.0000	0.0000	0.0000
ENSG00000278658.1	MIR6826	miRNA	1	1	0	0.8665	0.2538	0.2444
ENSG00000278661.1	TRAJ37	TR_J_gene	0	0	0	0.0000	0.0000	0.0000
ENSG00000278662.5	GOLGA6L10	protein_coding	13	9	4	0.2339	0.0685	0.0660
ENSG00000278664.1	DUX4L10	unprocessed_pseudogene	0	0	0	0.0000	0.0000	0.0000
ENSG00000278665.1	AC020765.3	unprocessed_pseudogene	0	0	0	0.0000	0.0000	0.0000
ENSG00000278667.1	AC244250.3	processed_pseudogene	0	0	0	0.0000	0.0000	0.0000
ENSG00000278668.1	AC005899.7	lncRNA	4	1	3	0.5777	0.1692	0.1629
ENSG00000278672.1	MIR8059	miRNA	0	0	0	0.0000	0.0000	0.0000
ENSG00000278677.2	H2AC17	protein_coding	1	0	1	0.1744	0.0511	0.0492
ENSG00000278678.1	CYCSP41	processed_pseudogene	0	0	0	0.0000	0.0000	0.0000
ENSG00000278681.2	AC018558.4	unprocessed_pseudogene	0	0	0	0.0000	0.0000	0.0000
ENSG00000278683.1	AC006329.1	unprocessed_pseudogene	2	0	2	0.4311	0.1263	0.1216
ENSG00000278684.1	AC104465.1	unprocessed_pseudogene	0	0	0	0.0000	0.0000	0.0000
ENSG00000278685.4	IQCA1L	protein_coding	0	0	0	0.0000	0.0000	0.0000
ENSG00000278687.1	AC024255.1	processed_pseudogene	0	0	0	0.0000	0.0000	0.0000
ENSG00000278690.1	AC244100.4	lncRNA	0	0	0	0.0000	0.0000	0.0000
ENSG00000278694.1	AL354980.2	unprocessed_pseudogene	0	0	0	0.0000	0.0000	0.0000
ENSG00000278696.1	RN7SL82P	misc_RNA	0	0	0	0.0000	0.0000	0.0000
ENSG00000278698.1	AL162574.2	lncRNA	0	0	0	0.0000	0.0000	0.0000
ENSG00000278700.1	Metazoa_SRP	misc_RNA	0	0	0	0.0000	0.0000	0.0000
ENSG00000278701.1	Metazoa_SRP	misc_RNA	0	0	0	0.0000	0.0000	0.0000
ENSG00000278702.1	Metazoa_SRP	misc_RNA	1	1	0	0.2629	0.0770	0.0742
ENSG00000278703.1	AC100847.1	lncRNA	0	0	0	0.0000	0.0000	0.0000
ENSG00000278705.1	H4C2	protein_coding	1	0	1	0.1939	0.0568	0.0547
ENSG00000278708.1	AC004080.16	misc_RNA	0	0	0	0.0000	0.0000	0.0000
ENSG00000278709.2	NKILA	lncRNA	4	3	6	0.1294	0.0379	0.0365
ENSG00000278713.1	AC120114.2	lncRNA	0	428	356	0.0000	0.0000	0.0000
ENSG00000278715.1	SNORD116-20	snoRNA	0	0	0	0.0000	0.0000	0.0000
ENSG00000278716.1	AC133540.1	lncRNA	0	0	0	0.0000	0.0000	0.0000
ENSG00000278719.1	MCM8-AS1	lncRNA	3	13	3	0.2592	0.0759	0.0731
ENSG00000278720.1	AL669942.2	processed_pseudogene	0	0	0	0.0000	0.0000	0.0000
ENSG00000278722.1	AL445288.1	lncRNA	0	9	10	0.0000	0.0000	0.0000
ENSG00000278724.1	Metazoa_SRP	misc_RNA	0	0	0	0.0000	0.0000	0.0000
ENSG00000278725.1	AC020765.4	unprocessed_pseudogene	0	0	0	0.0000	0.0000	0.0000
ENSG00000278727.1	AC000403.1	lncRNA	17	9	8	0.4027	0.1180	0.1136
ENSG00000278730.1	AC005332.6	lncRNA	558	755	760	16.2224	4.7518	4.5756
ENSG00000278732.1	Metazoa_SRP	misc_RNA	0	0	0	0.0000	0.0000	0.0000
ENSG00000278733.1	AC022079.2	lncRNA	6	3	3	0.9002	0.2637	0.2539
ENSG00000278734.1	AC091834.1	processed_pseudogene	0	0	0	0.0000	0.0000	0.0000
ENSG00000278736.1	FO393412.1	processed_pseudogene	0	0	0	0.0000	0.0000	0.0000
ENSG00000278737.1	AC013553.4	lncRNA	0	0	0	0.0000	0.0000	0.0000
ENSG00000278739.1	MIR6859-4	miRNA	0	0	0	0.0000	0.0000	0.0000
ENSG00000278740.1	AC005332.7	lncRNA	8	5	3	1.0975	0.3215	0.3096
ENSG00000278743.1	AC087239.1	lncRNA	6	2	4	0.8908	0.2609	0.2512
ENSG00000278744.1	AL449363.1	processed_pseudogene	0	0	0	0.0000	0.0000	0.0000
ENSG00000278745.1	AL391903.3	processed_pseudogene	0	0	0	0.0000	0.0000	0.0000
ENSG00000278746.1	RN7SL660P	misc_RNA	6	2	4	1.7041	0.4992	0.4806
ENSG00000278752.1	AL355301.1	misc_RNA	0	0	0	0.0000	0.0000	0.0000
ENSG00000278754.1	AL513423.1	processed_pseudogene	0	0	0	0.0000	0.0000	0.0000
ENSG00000278756.1	MIR6722	miRNA	0	0	0	0.0000	0.0000	0.0000
ENSG00000278757.1	U6	snRNA	0	0	0	0.0000	0.0000	0.0000
ENSG00000278761.1	DUX4L11	unprocessed_pseudogene	0	0	0	0.0000	0.0000	0.0000
ENSG00000278763.1	FAM27B	processed_pseudogene	9	6	3	3.5882	1.0510	1.0121
ENSG00000278764.1	Metazoa_SRP	misc_RNA	0	0	0	0.0000	0.0000	0.0000
ENSG00000278765.1	AC004477.2	lncRNA	13	10	3	1.8711	0.5481	0.5278
ENSG00000278766.2	AC092683.2	lncRNA	3	6	4	0.1967	0.0576	0.0555
ENSG00000278768.2	BACE1-AS	lncRNA	76	522	533	1.3790	0.4039	0.3890
ENSG00000278769.1	AC090510.3	lncRNA	0	50	70	0.0000	0.0000	0.0000
ENSG00000278770.1	Metazoa_SRP	misc_RNA	0	0	0	0.0000	0.0000	0.0000
ENSG00000278771.1	RN7SL3	misc_RNA	5	3	2	1.4201	0.4160	0.4005
ENSG00000278773.1	AL669914.4	misc_RNA	0	0	0	0.0000	0.0000	0.0000
ENSG00000278774.1	U2	snRNA	0	0	0	0.0000	0.0000	0.0000
ENSG00000278775.1	FP236383.2	misc_RNA	0	0	0	0.0000	0.0000	0.0000
ENSG00000278778.1	AL390065.2	misc_RNA	0	0	1	0.0000	0.0000	0.0000
ENSG00000278783.1	MIR6071	miRNA	0	0	0	0.0000	0.0000	0.0000
ENSG00000278784.1	AL136295.7	lncRNA	74	36	38	5.2368	1.5339	1.4771
ENSG00000278785.1	Metazoa_SRP	misc_RNA	0	0	0	0.0000	0.0000	0.0000
ENSG00000278790.1	DUX4L12	unprocessed_pseudogene	0	0	0	0.0000	0.0000	0.0000
ENSG00000278791.1	AC114498.2	miRNA	0	59	73	0.0000	0.0000	0.0000
ENSG00000278794.1	Metazoa_SRP	misc_RNA	0	0	0	0.0000	0.0000	0.0000
ENSG00000278797.1	AC011551.1	unprocessed_pseudogene	0	0	0	0.0000	0.0000	0.0000
ENSG00000278799.1	MIR6823	miRNA	0	0	0	0.0000	0.0000	0.0000
ENSG00000278802.1	AC018659.7	misc_RNA	0	0	0	0.0000	0.0000	0.0000
ENSG00000278803.2	AC236972.4	protein_coding	0	0	0	0.0000	0.0000	0.0000
ENSG00000278811.4	LINC00624	lncRNA	17	121	134	0.2595	0.0760	0.0732
ENSG00000278813.1	AC006133.1	unprocessed_pseudogene	0	0	0	0.0000	0.0000	0.0000
ENSG00000278815.1	Vault	misc_RNA	0	0	0	0.0000	0.0000	0.0000
ENSG00000278816.1	AL121890.5	lncRNA	2	2	0	0.5587	0.1636	0.1576
ENSG00000278818.1	Metazoa_SRP	misc_RNA	0	0	0	0.0000	0.0000	0.0000
ENSG00000278819.1	AC005156.1	unprocessed_pseudogene	0	0	2	0.0000	0.0000	0.0000
ENSG00000278822.1	AL049692.6	misc_RNA	0	0	0	0.0000	0.0000	0.0000
ENSG00000278824.1	AC143336.1	processed_pseudogene	0	0	0	0.0000	0.0000	0.0000
ENSG00000278825.1	RN7SL640P	misc_RNA	0	0	0	0.0000	0.0000	0.0000
ENSG00000278828.1	H3C10	protein_coding	36	26	10	2.4714	0.7239	0.6971
ENSG00000278829.1	AC099811.5	lncRNA	0	0	0	0.0000	0.0000	0.0000
ENSG00000278830.1	AL355493.6	unprocessed_pseudogene	0	0	0	0.0000	0.0000	0.0000
ENSG00000278831.1	AL513190.1	lncRNA	0	134	154	0.0000	0.0000	0.0000
ENSG00000278834.1	AC073508.3	lncRNA	25	253	222	1.4961	0.4382	0.4220
ENSG00000278837.1	AP004607.9	processed_pseudogene	0	0	0	0.0000	0.0000	0.0000
ENSG00000278838.1	Metazoa_SRP	misc_RNA	0	0	0	0.0000	0.0000	0.0000
ENSG00000278840.1	AC009878.1	lncRNA	0	0	0	0.0000	0.0000	0.0000
ENSG00000278842.1	AC008147.4	processed_pseudogene	1	0	1	0.0705	0.0207	0.0199
ENSG00000278845.5	MRPL45	protein_coding	1256	635	621	62.5939	18.3347	17.6550
ENSG00000278847.1	AC006157.1	lncRNA	0	0	0	0.0000	0.0000	0.0000
ENSG00000278848.2	TP53TG3F	protein_coding	0	0	0	0.0000	0.0000	0.0000
ENSG00000278851.1	MIR6879	miRNA	0	0	0	0.0000	0.0000	0.0000
ENSG00000278852.1	AL021155.3	misc_RNA	0	0	0	0.0000	0.0000	0.0000
ENSG00000278854.1	AC007275.1	processed_pseudogene	0	0	0	0.0000	0.0000	0.0000
ENSG00000278857.1	IGKV1D-12	IG_V_gene	9	2	7	2.0601	0.6034	0.5811
ENSG00000278859.1	AP002799.1	TEC	0	0	0	0.0000	0.0000	0.0000
ENSG00000278860.1	AC005691.1	TEC	0	0	0	0.0000	0.0000	0.0000
ENSG00000278861.1	AC117503.2	TEC	0	0	0	0.0000	0.0000	0.0000
ENSG00000278862.1	AC092724.1	TEC	0	0	0	0.0000	0.0000	0.0000
ENSG00000278863.1	AC091059.2	TEC	0	0	0	0.0000	0.0000	0.0000
ENSG00000278864.1	AC055811.4	TEC	22	13	9	1.0651	0.3120	0.3004
ENSG00000278865.1	AC012629.3	TEC	0	0	0	0.0000	0.0000	0.0000
ENSG00000278866.1	AC006065.5	TEC	0	0	0	0.0000	0.0000	0.0000
ENSG00000278867.1	AC090616.6	TEC	12	5	7	0.4677	0.1370	0.1319
ENSG00000278869.1	BX539320.1	lncRNA	1	1	0	0.0968	0.0284	0.0273
ENSG00000278870.2	OR51G1	protein_coding	0	0	0	0.0000	0.0000	0.0000
ENSG00000278872.1	AC148477.5	TEC	0	0	0	0.0000	0.0000	0.0000
ENSG00000278873.1	PRO1804	TEC	0	0	0	0.0000	0.0000	0.0000
ENSG00000278874.1	AC091905.1	TEC	0	0	0	0.0000	0.0000	0.0000
ENSG00000278875.1	AC025809.2	TEC	1	1	0	0.0471	0.0138	0.0133
ENSG00000278876.1	AC145207.9	TEC	2	2	1	0.5226	0.1531	0.1474
ENSG00000278877.1	AC091932.2	TEC	1	0	1	0.2918	0.0855	0.0823
ENSG00000278878.1	CU638689.1	lncRNA	0	0	0	0.0000	0.0000	0.0000
ENSG00000278879.1	AP000560.1	TEC	7	6	1	0.3069	0.0899	0.0866
ENSG00000278880.1	AC092608.2	TEC	0	0	0	0.0000	0.0000	0.0000
ENSG00000278881.2	FP325331.1	TEC	0	0	0	0.0000	0.0000	0.0000
ENSG00000278884.1	CU634019.2	lncRNA	0	0	0	0.0000	0.0000	0.0000
ENSG00000278885.1	AC106730.2	TEC	0	0	0	0.0000	0.0000	0.0000
ENSG00000278886.1	AC087821.1	TEC	0	0	0	0.0000	0.0000	0.0000
ENSG00000278887.2	AC106782.6	transcribed_unprocessed_pseudogene	0	0	1	0.0000	0.0000	0.0000
ENSG00000278889.4	OR2S2	protein_coding	0	0	0	0.0000	0.0000	0.0000
ENSG00000278890.1	FP325330.2	lncRNA	0	0	0	0.0000	0.0000	0.0000
ENSG00000278891.1	AC105101.1	TEC	1	1	0	0.0296	0.0087	0.0083
ENSG00000278892.1	AP002371.1	TEC	0	0	0	0.0000	0.0000	0.0000
ENSG00000278893.1	AC010533.1	TEC	1	1	0	0.0403	0.0118	0.0114
ENSG00000278894.1	AC073348.1	TEC	0	0	0	0.0000	0.0000	0.0000
ENSG00000278895.1	AC008507.3	TEC	0	0	0	0.0000	0.0000	0.0000
ENSG00000278896.1	AC025031.5	TEC	0	0	0	0.0000	0.0000	0.0000
ENSG00000278897.1	AC020951.1	TEC	10	5	5	0.3739	0.1095	0.1055
ENSG00000278898.1	AC087045.3	TEC	0	0	0	0.0000	0.0000	0.0000
ENSG00000278899.1	AL358852.1	lncRNA	4	10	10	0.2679	0.0785	0.0756
ENSG00000278900.1	AC139792.2	TEC	0	0	0	0.0000	0.0000	0.0000
ENSG00000278901.1	AC005609.1	lncRNA	0	0	1	0.0000	0.0000	0.0000
ENSG00000278902.1	AC010947.1	TEC	3	2	1	0.3676	0.1077	0.1037
ENSG00000278903.3	CU633906.2	lncRNA	0	0	0	0.0000	0.0000	0.0000
ENSG00000278905.1	AC106818.1	TEC	0	0	0	0.0000	0.0000	0.0000
ENSG00000278907.1	AC005609.2	lncRNA	0	0	0	0.0000	0.0000	0.0000
ENSG00000278908.1	AC132154.1	TEC	0	0	0	0.0000	0.0000	0.0000
ENSG00000278909.1	AC007608.4	TEC	0	0	0	0.0000	0.0000	0.0000
ENSG00000278910.4	BANCR	lncRNA	14	11	3	1.4020	0.4107	0.3954
ENSG00000278911.1	AC015819.3	lncRNA	0	0	0	0.0000	0.0000	0.0000
ENSG00000278912.1	AC008870.5	TEC	0	0	0	0.0000	0.0000	0.0000
ENSG00000278913.1	AC026797.1	TEC	0	0	0	0.0000	0.0000	0.0000
ENSG00000278914.1	AP003355.3	TEC	0	0	0	0.0000	0.0000	0.0000
ENSG00000278915.1	AC005609.3	lncRNA	0	0	0	0.0000	0.0000	0.0000
ENSG00000278916.1	CEP83-DT	lncRNA	1	1	0	0.0342	0.0100	0.0097
ENSG00000278917.1	AC006213.6	TEC	9	6	12	0.1829	0.0536	0.0516
ENSG00000278918.1	AC080112.3	TEC	6	138	141	0.2045	0.0599	0.0577
ENSG00000278920.1	AC005005.4	lncRNA	3	1	2	0.0153	0.0045	0.0043
ENSG00000278921.2	EPB41L4A-DT	lncRNA	8	3	5	0.4867	0.1425	0.1373
ENSG00000278922.1	AC002310.5	TEC	28	20	8	1.7268	0.5058	0.4870
ENSG00000278923.2	AP005242.3	lncRNA	0	0	0	0.0000	0.0000	0.0000
ENSG00000278924.1	AC078883.3	TEC	1	1	0	0.2314	0.0678	0.0653
ENSG00000278925.1	AC005753.1	lncRNA	1	1	0	0.1374	0.0403	0.0388
ENSG00000278926.1	AC092134.2	TEC	0	0	0	0.0000	0.0000	0.0000
ENSG00000278927.1	FP236240.1	lncRNA	0	0	0	0.0000	0.0000	0.0000
ENSG00000278928.1	AC136621.1	TEC	0	0	0	0.0000	0.0000	0.0000
ENSG00000278929.1	AP001784.1	TEC	0	0	0	0.0000	0.0000	0.0000
ENSG00000278931.1	CR381670.1	unprocessed_pseudogene	1	0	1	0.0502	0.0147	0.0141
ENSG00000278932.4	CR381653.1	lncRNA	24	17	7	1.0721	0.3140	0.3024
ENSG00000278933.1	AC022743.1	TEC	0	0	0	0.0000	0.0000	0.0000
ENSG00000278934.1	AC117489.1	TEC	5	4	2	0.1320	0.0387	0.0372
ENSG00000278935.1	AC087386.2	TEC	0	0	0	0.0000	0.0000	0.0000
ENSG00000278936.1	AC244517.4	lncRNA	0	31	23	0.0000	0.0000	0.0000
ENSG00000278941.1	SMG6-IT1	TEC	0	0	0	0.0000	0.0000	0.0000
ENSG00000278942.1	AC004494.2	TEC	0	0	0	0.0000	0.0000	0.0000
ENSG00000278943.1	AC079228.1	TEC	0	0	1	0.0000	0.0000	0.0000
ENSG00000278944.1	AC027045.1	lncRNA	0	0	0	0.0000	0.0000	0.0000
ENSG00000278945.1	AP000770.1	TEC	0	0	0	0.0000	0.0000	0.0000
ENSG00000278946.1	AC005609.4	lncRNA	0	0	0	0.0000	0.0000	0.0000
ENSG00000278948.1	AL031587.5	TEC	40	234	211	1.8371	0.5381	0.5182
ENSG00000278949.1	AC127070.4	TEC	5	1	4	0.2018	0.0591	0.0569
ENSG00000278950.1	AC138907.8	TEC	0	0	0	0.0000	0.0000	0.0000
ENSG00000278952.1	AP003068.4	TEC	2	2	0	0.2118	0.0620	0.0597
ENSG00000278953.1	AP003499.4	TEC	0	0	0	0.0000	0.0000	0.0000
ENSG00000278954.1	AC130686.1	TEC	1	1	1	0.0344	0.0101	0.0097
ENSG00000278955.3	FP475955.1	lncRNA	0	0	0	0.0000	0.0000	0.0000
ENSG00000278957.1	AC012354.9	TEC	0	0	0	0.0000	0.0000	0.0000
ENSG00000278958.1	AC091931.1	TEC	0	0	0	0.0000	0.0000	0.0000
ENSG00000278959.1	AC006378.1	TEC	3	0	3	0.1029	0.0301	0.0290
ENSG00000278960.1	AL022329.3	lncRNA	0	0	0	0.0000	0.0000	0.0000
ENSG00000278961.2	SMIM34B	protein_coding	0	0	0	0.0000	0.0000	0.0000
ENSG00000278962.1	AC092645.1	TEC	19	10	9	0.7102	0.2080	0.2003
ENSG00000278963.1	AC005921.3	TEC	1	0	1	0.0395	0.0116	0.0111
ENSG00000278964.1	AC132938.4	TEC	0	4	6	0.0000	0.0000	0.0000
ENSG00000278965.1	AC122713.2	TEC	2	1	1	0.0509	0.0149	0.0144
ENSG00000278966.2	AL031602.1	TEC	2	1	1	0.1864	0.0546	0.0526
ENSG00000278967.1	AL138847.2	TEC	0	0	0	0.0000	0.0000	0.0000
ENSG00000278969.1	AC026310.2	TEC	1	1	2	0.0358	0.0105	0.0101
ENSG00000278970.2	HEIH	lncRNA	93	284	257	3.5817	1.0491	1.0102
ENSG00000278971.1	AC091305.1	TEC	0	0	0	0.0000	0.0000	0.0000
ENSG00000278972.1	AC015920.1	TEC	1	1	0	0.0347	0.0102	0.0098
ENSG00000278973.1	AC073592.2	TEC	0	0	0	0.0000	0.0000	0.0000
ENSG00000278974.1	AC093909.6	TEC	36	22	14	3.9447	1.1555	1.1126
ENSG00000278975.1	AC007012.2	TEC	0	0	0	0.0000	0.0000	0.0000
ENSG00000278977.1	AC003101.3	TEC	0	17	19	0.0000	0.0000	0.0000
ENSG00000278979.1	AC007598.3	TEC	0	0	0	0.0000	0.0000	0.0000
ENSG00000278980.1	AP003485.1	TEC	0	0	0	0.0000	0.0000	0.0000
ENSG00000278981.1	AC079298.1	lncRNA	0	0	0	0.0000	0.0000	0.0000
ENSG00000278982.1	AL139125.1	TEC	10	6	4	0.4544	0.1331	0.1282
ENSG00000278983.1	AC048380.2	TEC	8	5	3	0.1915	0.0561	0.0540
ENSG00000278985.1	AC092718.7	TEC	11	5	6	0.5260	0.1541	0.1484
ENSG00000278986.1	AC091060.1	TEC	1	1	0	0.0481	0.0141	0.0136
ENSG00000278987.1	AL031009.1	TEC	6	3	3	0.2335	0.0684	0.0659
ENSG00000278988.1	AL356490.1	TEC	0	0	0	0.0000	0.0000	0.0000
ENSG00000278989.1	AP001148.1	TEC	4	2	2	0.1440	0.0422	0.0406
ENSG00000278990.1	AL132796.3	TEC	0	0	0	0.0000	0.0000	0.0000
ENSG00000278991.1	AC090181.3	TEC	6	3	3	0.3365	0.0986	0.0949
ENSG00000278992.1	AC012048.1	TEC	0	0	0	0.0000	0.0000	0.0000
ENSG00000278993.1	AC002350.2	TEC	2	68	97	0.0929	0.0272	0.0262
ENSG00000278994.1	AC008785.1	TEC	0	0	0	0.0000	0.0000	0.0000
ENSG00000278995.1	Z69720.2	TEC	5	2	3	1.5219	0.4458	0.4293
ENSG00000278996.1	FP671120.4	lncRNA	0	0	0	0.0000	0.0000	0.0000
ENSG00000278997.1	AL662907.1	TEC	22	11	11	1.3737	0.4024	0.3875
ENSG00000278998.1	AC099552.4	TEC	76	40	36	6.8008	1.9921	1.9182
ENSG00000278999.1	AC008985.1	TEC	0	1	0	0.0000	0.0000	0.0000
ENSG00000279000.3	OR10A6	protein_coding	0	0	1	0.0000	0.0000	0.0000
ENSG00000279001.1	AC079602.3	TEC	0	0	0	0.0000	0.0000	0.0000
ENSG00000279002.1	AC091953.2	TEC	0	0	0	0.0000	0.0000	0.0000
ENSG00000279004.1	AC103798.1	TEC	2	1	1	0.2687	0.0787	0.0758
ENSG00000279005.1	AC211433.3	TEC	0	0	0	0.0000	0.0000	0.0000
ENSG00000279006.1	AL022323.1	lncRNA	0	41	22	0.0000	0.0000	0.0000
ENSG00000279009.1	AC005943.2	TEC	0	287	296	0.0000	0.0000	0.0000
ENSG00000279011.1	AC091905.2	TEC	0	0	0	0.0000	0.0000	0.0000
ENSG00000279012.2	OR51B2	protein_coding	0	0	0	0.0000	0.0000	0.0000
ENSG00000279013.1	AC110774.1	TEC	0	0	0	0.0000	0.0000	0.0000
ENSG00000279014.1	AC051619.9	TEC	0	0	0	0.0000	0.0000	0.0000
ENSG00000279015.1	AC016717.3	TEC	0	0	0	0.0000	0.0000	0.0000
ENSG00000279016.1	AC093648.1	TEC	0	0	0	0.0000	0.0000	0.0000
ENSG00000279017.1	AC098476.1	TEC	0	0	0	0.0000	0.0000	0.0000
ENSG00000279019.1	AC009090.4	TEC	4	6	15	0.0920	0.0270	0.0260
ENSG00000279020.1	C18orf15	TEC	0	0	0	0.0000	0.0000	0.0000
ENSG00000279021.1	AC092139.1	TEC	0	0	0	0.0000	0.0000	0.0000
ENSG00000279022.1	AL359715.4	TEC	0	0	0	0.0000	0.0000	0.0000
ENSG00000279023.1	AC148477.6	TEC	0	0	0	0.0000	0.0000	0.0000
ENSG00000279024.1	AC112255.1	TEC	1	1	0	0.0341	0.0100	0.0096
ENSG00000279025.1	AL356863.1	TEC	0	0	0	0.0000	0.0000	0.0000
ENSG00000279026.1	AC005225.4	TEC	17	9	8	0.6488	0.1901	0.1830
ENSG00000279028.1	AC010223.1	lncRNA	0	0	0	0.0000	0.0000	0.0000
ENSG00000279029.1	AL353583.1	TEC	0	0	0	0.0000	0.0000	0.0000
ENSG00000279030.1	AC007336.3	TEC	0	0	0	0.0000	0.0000	0.0000
ENSG00000279031.1	AC004232.2	TEC	2	2	0	0.3235	0.0948	0.0912
ENSG00000279032.1	AL079305.1	TEC	0	0	0	0.0000	0.0000	0.0000
ENSG00000279033.1	AC090984.1	TEC	0	563	630	0.0000	0.0000	0.0000
ENSG00000279034.1	AC011266.1	TEC	0	0	0	0.0000	0.0000	0.0000
ENSG00000279035.1	AC022211.4	TEC	1	114	123	0.0393	0.0115	0.0111
ENSG00000279036.1	AC015656.1	TEC	1	140	139	0.0237	0.0070	0.0067
ENSG00000279039.1	AC011447.6	TEC	2	0	2	0.0654	0.0191	0.0184
ENSG00000279040.1	AC090617.6	TEC	0	0	0	0.0000	0.0000	0.0000
ENSG00000279041.1	AC102945.2	TEC	50	21	29	2.9860	0.8746	0.8422
ENSG00000279042.1	AP005242.4	TEC	2	1	1	0.0672	0.0197	0.0189
ENSG00000279043.1	AC004014.2	TEC	0	0	0	0.0000	0.0000	0.0000
ENSG00000279044.1	AC007787.2	TEC	0	0	0	0.0000	0.0000	0.0000
ENSG00000279045.1	AP003400.2	TEC	0	0	0	0.0000	0.0000	0.0000
ENSG00000279046.1	AP003062.1	TEC	0	0	0	0.0000	0.0000	0.0000
ENSG00000279047.4	AC244517.5	lncRNA	0	24	28	0.0000	0.0000	0.0000
ENSG00000279048.1	AC080080.1	TEC	12	5	7	0.4211	0.1233	0.1188
ENSG00000279049.1	AL353898.2	pseudogene	0	13	11	0.0000	0.0000	0.0000
ENSG00000279050.1	PWAR1	TEC	0	0	0	0.0000	0.0000	0.0000
ENSG00000279051.4	OR6Q1	protein_coding	0	0	0	0.0000	0.0000	0.0000
ENSG00000279056.1	AP003400.3	TEC	0	0	0	0.0000	0.0000	0.0000
ENSG00000279057.1	AC141586.4	TEC	1	1	0	0.0540	0.0158	0.0152
ENSG00000279058.2	AGAP14P	unprocessed_pseudogene	1	1	0	0.0412	0.0121	0.0116
ENSG00000279059.1	AC007485.2	TEC	107	64	43	5.4508	1.5966	1.5374
ENSG00000279061.1	Z98043.1	TEC	0	0	0	0.0000	0.0000	0.0000
ENSG00000279062.1	CDRT15P8	unprocessed_pseudogene	0	0	0	0.0000	0.0000	0.0000
ENSG00000279063.1	AC008735.5	TEC	0	0	0	0.0000	0.0000	0.0000
ENSG00000279064.1	FP236315.1	lncRNA	0	0	0	0.0000	0.0000	0.0000
ENSG00000279065.1	AL138688.1	TEC	0	0	0	0.0000	0.0000	0.0000
ENSG00000279066.1	HEXD-IT1	lncRNA	2	2	0	0.0937	0.0274	0.0264
ENSG00000279067.1	AC002540.1	TEC	2	2	0	0.1259	0.0369	0.0355
ENSG00000279068.1	AC244517.6	lncRNA	1	1	0	0.1346	0.0394	0.0380
ENSG00000279069.1	AC015813.5	TEC	31	450	414	1.7388	0.5093	0.4904
ENSG00000279070.2	AC073263.2	lncRNA	0	0	0	0.0000	0.0000	0.0000
ENSG00000279071.1	AC073592.3	TEC	0	1	0	0.0000	0.0000	0.0000
ENSG00000279072.1	AC118758.2	lncRNA	2	2	1	0.0070	0.0021	0.0020
ENSG00000279073.3	AL807752.6	protein_coding	0	0	0	0.0000	0.0000	0.0000
ENSG00000279074.1	AC007998.5	TEC	0	0	0	0.0000	0.0000	0.0000
ENSG00000279075.1	AC091965.5	TEC	1	0	1	0.2483	0.0727	0.0700
ENSG00000279076.1	AL136140.2	TEC	0	0	0	0.0000	0.0000	0.0000
ENSG00000279077.1	AC023090.2	TEC	0	0	0	0.0000	0.0000	0.0000
ENSG00000279078.1	SND1-IT1	lncRNA	0	0	0	0.0000	0.0000	0.0000
ENSG00000279080.1	AL022322.2	lncRNA	14	100	117	0.0583	0.0171	0.0164
ENSG00000279081.2	AL356585.1	processed_pseudogene	1	1	0	0.0947	0.0277	0.0267
ENSG00000279082.4	LINC01727	lncRNA	1	0	1	0.0115	0.0034	0.0032
ENSG00000279083.1	AL160274.1	TEC	0	0	0	0.0000	0.0000	0.0000
ENSG00000279085.1	AL022323.2	lncRNA	0	5	5	0.0000	0.0000	0.0000
ENSG00000279086.1	AC073130.3	TEC	10	21	23	0.3728	0.1092	0.1051
ENSG00000279087.1	AC073592.4	TEC	0	0	0	0.0000	0.0000	0.0000
ENSG00000279088.1	AC022400.6	TEC	68	30	42	4.6720	1.3685	1.3178
ENSG00000279089.1	AC005839.1	TEC	50	23	27	1.3215	0.3871	0.3727
ENSG00000279090.1	AP000843.1	TEC	0	0	0	0.0000	0.0000	0.0000
ENSG00000279091.1	AC026523.2	TEC	0	0	0	0.0000	0.0000	0.0000
ENSG00000279092.1	AC025678.3	TEC	0	0	0	0.0000	0.0000	0.0000
ENSG00000279093.1	AP001362.1	TEC	0	0	0	0.0000	0.0000	0.0000
ENSG00000279094.3	LINC01670	lncRNA	0	0	0	0.0000	0.0000	0.0000
ENSG00000279095.1	AC243964.4	TEC	0	0	0	0.0000	0.0000	0.0000
ENSG00000279096.2	AL356289.2	TEC	0	0	0	0.0000	0.0000	0.0000
ENSG00000279097.1	AC091953.3	TEC	0	0	0	0.0000	0.0000	0.0000
ENSG00000279098.1	AC097460.2	TEC	0	0	0	0.0000	0.0000	0.0000
ENSG00000279099.1	AC090740.1	TEC	0	0	0	0.0000	0.0000	0.0000
ENSG00000279100.1	AC009120.6	TEC	0	0	0	0.0000	0.0000	0.0000
ENSG00000279103.1	AC138470.1	TEC	6	5	1	0.2686	0.0787	0.0758
ENSG00000279104.1	AC093775.1	TEC	0	0	0	0.0000	0.0000	0.0000
ENSG00000279106.1	AC009093.7	TEC	1	0	1	0.0694	0.0203	0.0196
ENSG00000279107.1	AC138951.2	TEC	0	0	0	0.0000	0.0000	0.0000
ENSG00000279108.1	AC008537.3	TEC	6	3	3	0.2709	0.0793	0.0764
ENSG00000279110.1	AL022323.3	lncRNA	2	2	1	0.0129	0.0038	0.0037
ENSG00000279111.2	OR10X1	protein_coding	0	0	0	0.0000	0.0000	0.0000
ENSG00000279113.1	AC148477.7	TEC	0	0	0	0.0000	0.0000	0.0000
ENSG00000279114.1	Z99129.3	TEC	0	0	0	0.0000	0.0000	0.0000
ENSG00000279115.2	AC006386.2	processed_pseudogene	0	1	0	0.0000	0.0000	0.0000
ENSG00000279116.2	OR8D2	protein_coding	0	0	0	0.0000	0.0000	0.0000
ENSG00000279117.1	AP001972.5	TEC	0	0	0	0.0000	0.0000	0.0000
ENSG00000279118.1	AC093535.2	TEC	85	45	40	3.1033	0.9090	0.8753
ENSG00000279119.1	AC006449.7	TEC	0	127	118	0.0000	0.0000	0.0000
ENSG00000279120.1	AC009033.1	TEC	0	0	0	0.0000	0.0000	0.0000
ENSG00000279121.1	AC073592.5	TEC	0	1	0	0.0000	0.0000	0.0000
ENSG00000279122.1	AC020763.2	TEC	0	0	0	0.0000	0.0000	0.0000
ENSG00000279123.1	AC027281.1	TEC	0	0	0	0.0000	0.0000	0.0000
ENSG00000279124.1	AL356585.2	unprocessed_pseudogene	3	2	1	0.1063	0.0311	0.0300
ENSG00000279125.1	AC091953.4	TEC	0	0	0	0.0000	0.0000	0.0000
ENSG00000279127.1	AL121950.1	TEC	0	0	0	0.0000	0.0000	0.0000
ENSG00000279128.1	AC078925.2	TEC	0	0	0	0.0000	0.0000	0.0000
ENSG00000279129.1	AC046158.3	TEC	2	1	1	0.0664	0.0194	0.0187
ENSG00000279130.1	AC091925.1	TEC	6	1	5	1.1029	0.3230	0.3111
ENSG00000279133.1	AC018628.1	TEC	40	25	15	0.8895	0.2605	0.2509
ENSG00000279134.1	AC090643.1	TEC	1	0	1	0.0274	0.0080	0.0077
ENSG00000279135.1	AL512652.2	TEC	0	0	0	0.0000	0.0000	0.0000
ENSG00000279136.1	AL031258.1	TEC	0	0	0	0.0000	0.0000	0.0000
ENSG00000279137.1	AL356309.3	TEC	0	0	0	0.0000	0.0000	0.0000
ENSG00000279138.1	AP002847.1	TEC	113	64	49	4.2744	1.2520	1.2056
ENSG00000279139.1	AC098679.2	TEC	0	0	0	0.0000	0.0000	0.0000
ENSG00000279140.1	AL590326.1	TEC	7	3	4	1.9490	0.5709	0.5497
ENSG00000279141.3	LINC01451	lncRNA	2	0	2	0.0499	0.0146	0.0141
ENSG00000279142.1	AC009108.4	TEC	0	0	0	0.0000	0.0000	0.0000
ENSG00000279143.1	AC139099.3	TEC	0	0	0	0.0000	0.0000	0.0000
ENSG00000279144.1	AC099667.1	TEC	2	1	1	0.3621	0.1061	0.1021
ENSG00000279145.2	AC011912.1	lncRNA	4	2	2	0.0633	0.0186	0.0179
ENSG00000279146.1	AC063926.2	TEC	0	0	0	0.0000	0.0000	0.0000
ENSG00000279147.1	AC112504.1	TEC	0	0	0	0.0000	0.0000	0.0000
ENSG00000279148.1	AC126474.1	TEC	21	11	10	1.3792	0.4040	0.3890
ENSG00000279149.1	AL356750.1	TEC	10	4	6	0.3402	0.0997	0.0960
ENSG00000279151.1	AL021920.1	lncRNA	0	0	0	0.0000	0.0000	0.0000
ENSG00000279152.1	AC129492.6	TEC	0	134	151	0.0000	0.0000	0.0000
ENSG00000279153.1	AC117500.4	TEC	0	0	0	0.0000	0.0000	0.0000
ENSG00000279154.1	AL353726.2	TEC	0	0	0	0.0000	0.0000	0.0000
ENSG00000279155.1	AC233300.1	TEC	3	1	2	0.3118	0.0913	0.0880
ENSG00000279156.1	AL157359.3	TEC	0	0	0	0.0000	0.0000	0.0000
ENSG00000279157.1	AL162574.3	TEC	0	0	0	0.0000	0.0000	0.0000
ENSG00000279159.1	AC003681.1	lncRNA	43	1657	1653	0.0741	0.0217	0.0209
ENSG00000279160.1	AC009336.2	TEC	0	29	25	0.0000	0.0000	0.0000
ENSG00000279161.1	AC093503.2	TEC	1	0	1	0.0361	0.0106	0.0102
ENSG00000279162.1	AC141586.5	TEC	1	0	1	0.0414	0.0121	0.0117
ENSG00000279163.1	AP003122.6	TEC	0	0	0	0.0000	0.0000	0.0000
ENSG00000279164.1	AL118508.2	TEC	2	1	1	0.0916	0.0268	0.0258
ENSG00000279165.1	AC135776.4	TEC	0	0	0	0.0000	0.0000	0.0000
ENSG00000279166.1	AC009951.4	TEC	1	0	1	0.0325	0.0095	0.0092
ENSG00000279167.1	CR381572.1	processed_pseudogene	0	0	0	0.0000	0.0000	0.0000
ENSG00000279168.2	AC105052.4	lncRNA	3	3	0	0.2053	0.0601	0.0579
ENSG00000279169.3	PRAMEF13	protein_coding	0	0	0	0.0000	0.0000	0.0000
ENSG00000279170.3	TSTD3	protein_coding	96	177	191	0.5059	0.1482	0.1427
ENSG00000279171.1	AC006065.6	TEC	0	0	0	0.0000	0.0000	0.0000
ENSG00000279172.1	AC020904.3	TEC	0	26	38	0.0000	0.0000	0.0000
ENSG00000279173.1	AC092451.2	TEC	0	0	0	0.0000	0.0000	0.0000
ENSG00000279174.1	AC104581.3	TEC	1	2	1	0.0278	0.0082	0.0078
ENSG00000279175.1	AL033543.1	lncRNA	1	1	0	0.0063	0.0018	0.0018
ENSG00000279176.1	AC079316.2	TEC	2	0	2	0.1235	0.0362	0.0348
ENSG00000279177.1	CTBP2P9	processed_pseudogene	0	0	0	0.0000	0.0000	0.0000
ENSG00000279179.1	AL662907.2	TEC	33	66	75	0.8128	0.2381	0.2292
ENSG00000279180.1	AC061709.3	TEC	0	0	0	0.0000	0.0000	0.0000
ENSG00000279181.1	AC110801.1	TEC	0	0	0	0.0000	0.0000	0.0000
ENSG00000279182.1	CR559946.2	lncRNA	0	105	89	0.0000	0.0000	0.0000
ENSG00000279186.1	FP236315.2	TEC	0	0	0	0.0000	0.0000	0.0000
ENSG00000279187.1	AC027601.4	TEC	1	2	2	0.0342	0.0100	0.0097
ENSG00000279189.1	AP003972.1	TEC	0	0	0	0.0000	0.0000	0.0000
ENSG00000279190.1	AC007656.3	TEC	0	0	0	0.0000	0.0000	0.0000
ENSG00000279192.1	PWAR5	TEC	0	0	0	0.0000	0.0000	0.0000
ENSG00000279193.1	AC026336.4	TEC	0	0	0	0.0000	0.0000	0.0000
ENSG00000279196.1	AC135048.4	TEC	4	1217	1184	0.0933	0.0273	0.0263
ENSG00000279197.1	AC010608.2	TEC	0	0	0	0.0000	0.0000	0.0000
ENSG00000279198.1	AC008894.3	TEC	8	143	150	0.2189	0.0641	0.0618
ENSG00000279199.1	AC068669.1	TEC	2	1	1	0.0762	0.0223	0.0215
ENSG00000279200.1	AC020558.5	TEC	0	0	0	0.0000	0.0000	0.0000
ENSG00000279201.1	AC073263.3	TEC	0	0	0	0.0000	0.0000	0.0000
ENSG00000279202.1	AC130448.1	TEC	0	0	0	0.0000	0.0000	0.0000
ENSG00000279203.1	AC005785.2	TEC	4	1	3	0.5383	0.1577	0.1518
ENSG00000279204.1	AC134043.3	TEC	7	6	1	0.2656	0.0778	0.0749
ENSG00000279205.1	AC092162.3	TEC	0	0	0	0.0000	0.0000	0.0000
ENSG00000279206.1	AC004943.3	lncRNA	0	0	0	0.0000	0.0000	0.0000
ENSG00000279207.1	AC015813.6	TEC	296	142	154	4.3279	1.2677	1.2207
ENSG00000279208.1	CR381653.2	unprocessed_pseudogene	7	3	4	0.7740	0.2267	0.2183
ENSG00000279209.1	AP001002.1	TEC	0	0	0	0.0000	0.0000	0.0000
ENSG00000279211.1	AC124864.1	processed_pseudogene	0	0	0	0.0000	0.0000	0.0000
ENSG00000279212.1	AL390961.3	TEC	1	1	0	0.0335	0.0098	0.0094
ENSG00000279213.1	SNX18P10	processed_pseudogene	0	0	0	0.0000	0.0000	0.0000
ENSG00000279214.1	AL109659.3	TEC	2	0	2	0.1788	0.0524	0.0504
ENSG00000279217.1	Z95114.1	lncRNA	5	2	6	0.0291	0.0085	0.0082
ENSG00000279218.1	AC006037.2	TEC	0	0	0	0.0000	0.0000	0.0000
ENSG00000279220.4	GPR1-AS	lncRNA	0	0	0	0.0000	0.0000	0.0000
ENSG00000279221.1	AC068254.2	TEC	0	0	0	0.0000	0.0000	0.0000
ENSG00000279222.1	AC025183.2	TEC	0	0	0	0.0000	0.0000	0.0000
ENSG00000279223.1	AC073342.2	TEC	0	0	0	0.0000	0.0000	0.0000
ENSG00000279225.1	AC138305.3	TEC	5	3	3	1.7692	0.5182	0.4990
ENSG00000279226.1	FP236240.2	TEC	0	0	0	0.0000	0.0000	0.0000
ENSG00000279227.1	AC009303.4	TEC	131	66	65	7.4164	2.1724	2.0918
ENSG00000279228.2	AC133555.5	transcribed_unprocessed_pseudogene	0	0	0	0.0000	0.0000	0.0000
ENSG00000279231.1	AL356585.3	unprocessed_pseudogene	0	0	0	0.0000	0.0000	0.0000
ENSG00000279232.2	AC008522.1	lncRNA	2	2370	2321	0.0584	0.0171	0.0165
ENSG00000279233.1	AC122688.3	TEC	10	3	7	0.2449	0.0717	0.0691
ENSG00000279235.1	AC011944.2	TEC	0	0	0	0.0000	0.0000	0.0000
ENSG00000279236.1	AC064801.2	TEC	1	0	1	0.0652	0.0191	0.0184
ENSG00000279237.1	AL161773.1	TEC	0	0	0	0.0000	0.0000	0.0000
ENSG00000279239.1	AL391099.1	transcribed_unprocessed_pseudogene	0	0	0	0.0000	0.0000	0.0000
ENSG00000279240.1	AC063980.1	lncRNA	0	0	0	0.0000	0.0000	0.0000
ENSG00000279243.3	LINC02736	lncRNA	0	0	0	0.0000	0.0000	0.0000
ENSG00000279245.1	FAM223A	lncRNA	1	1	0	0.1191	0.0349	0.0336
ENSG00000279246.1	AP003108.3	TEC	0	191	164	0.0000	0.0000	0.0000
ENSG00000279248.1	AP003400.4	TEC	0	0	0	0.0000	0.0000	0.0000
ENSG00000279249.3	AC007614.1	lncRNA	2	2	0	0.0061	0.0018	0.0017
ENSG00000279250.1	AC022919.1	TEC	0	0	0	0.0000	0.0000	0.0000
ENSG00000279251.1	AC015726.3	TEC	0	0	0	0.0000	0.0000	0.0000
ENSG00000279253.1	AL121753.2	TEC	51	45	44	2.9644	0.8683	0.8361
ENSG00000279254.1	AC020604.1	TEC	3	2	1	0.1335	0.0391	0.0376
ENSG00000279255.1	Z97653.2	TEC	9	4	5	0.5390	0.1579	0.1520
ENSG00000279256.1	AL442639.1	TEC	0	0	0	0.0000	0.0000	0.0000
ENSG00000279259.1	AC087741.3	TEC	20	10	10	1.2609	0.3693	0.3556
ENSG00000279261.2	PP2672	lncRNA	0	0	0	0.0000	0.0000	0.0000
ENSG00000279262.1	AC010335.2	TEC	0	0	0	0.0000	0.0000	0.0000
ENSG00000279263.1	OR2L8	protein_coding	0	0	0	0.0000	0.0000	0.0000
ENSG00000279264.1	AC091953.5	TEC	0	0	0	0.0000	0.0000	0.0000
ENSG00000279265.1	AC000123.2	TEC	9	10	13	1.6579	0.4856	0.4676
ENSG00000279266.1	AC068860.1	TEC	1	1	0	0.0227	0.0067	0.0064
ENSG00000279267.1	AL078621.1	TEC	20	12	8	0.8317	0.2436	0.2346
ENSG00000279268.1	AC068213.1	TEC	0	0	0	0.0000	0.0000	0.0000
ENSG00000279269.1	AP003072.3	TEC	0	0	0	0.0000	0.0000	0.0000
ENSG00000279270.2	OR52R1	protein_coding	0	0	0	0.0000	0.0000	0.0000
ENSG00000279271.1	AP006248.2	TEC	0	0	0	0.0000	0.0000	0.0000
ENSG00000279273.1	AC120024.4	TEC	0	0	0	0.0000	0.0000	0.0000
ENSG00000279274.2	AC012005.1	processed_pseudogene	1	1	1	1.1323	0.3317	0.3194
ENSG00000279275.1	AP002505.2	TEC	0	0	1	0.0000	0.0000	0.0000
ENSG00000279276.1	AC130454.1	TEC	0	0	0	0.0000	0.0000	0.0000
ENSG00000279277.2	AC012020.1	lncRNA	7	4	3	0.0797	0.0233	0.0225
ENSG00000279278.1	AC245060.6	lncRNA	41	18	23	0.4135	0.1211	0.1166
ENSG00000279281.1	AC015883.1	TEC	0	0	0	0.0000	0.0000	0.0000
ENSG00000279283.1	AC131009.4	TEC	0	0	0	0.0000	0.0000	0.0000
ENSG00000279284.1	AL136967.1	TEC	0	0	0	0.0000	0.0000	0.0000
ENSG00000279285.1	AP005264.5	TEC	0	0	0	0.0000	0.0000	0.0000
ENSG00000279286.2	AL133373.3	TEC	0	0	0	0.0000	0.0000	0.0000
ENSG00000279288.1	AC073346.2	TEC	0	0	0	0.0000	0.0000	0.0000
ENSG00000279289.1	AL136164.3	TEC	0	0	0	0.0000	0.0000	0.0000
ENSG00000279294.1	AC092135.1	TEC	0	0	0	0.0000	0.0000	0.0000
ENSG00000279295.1	AP001541.1	TEC	0	0	0	0.0000	0.0000	0.0000
ENSG00000279296.1	PRAL	TEC	12	1448	1462	0.3101	0.0908	0.0875
ENSG00000279297.1	AP000720.1	TEC	114	58	56	20.0433	5.8710	5.6533
ENSG00000279298.1	Z99916.3	lncRNA	0	0	0	0.0000	0.0000	0.0000
ENSG00000279299.1	AP000648.3	TEC	0	0	0	0.0000	0.0000	0.0000
ENSG00000279300.1	AC008761.3	TEC	0	0	0	0.0000	0.0000	0.0000
ENSG00000279301.4	OR2T11	protein_coding	0	0	0	0.0000	0.0000	0.0000
ENSG00000279302.3	AC013643.3	TEC	0	0	0	0.0000	0.0000	0.0000
ENSG00000279303.1	CU634019.3	TEC	0	0	0	0.0000	0.0000	0.0000
ENSG00000279304.1	AP003072.4	TEC	0	0	0	0.0000	0.0000	0.0000
ENSG00000279305.1	AC134026.2	TEC	0	0	0	0.0000	0.0000	0.0000
ENSG00000279306.1	AL139288.2	TEC	0	0	0	0.0000	0.0000	0.0000
ENSG00000279307.2	NDUFAF2P1	processed_pseudogene	35	16	19	5.8279	1.7071	1.6438
ENSG00000279310.1	AC073530.2	TEC	1	0	1	0.3254	0.0953	0.0918
ENSG00000279311.1	AC092999.1	TEC	1	1	0	0.0441	0.0129	0.0124
ENSG00000279314.1	AC002525.1	TEC	27	14	13	1.4136	0.4141	0.3987
ENSG00000279315.1	AL158212.4	TEC	2	0	2	0.1321	0.0387	0.0373
ENSG00000279317.2	AC006994.1	lncRNA	1782	947	922	33.9225	9.9364	9.5680
ENSG00000279319.1	AC105074.1	TEC	2	1	1	0.0549	0.0161	0.0155
ENSG00000279320.1	AC069528.2	TEC	36	15	21	1.5355	0.4498	0.4331
ENSG00000279321.1	AC018692.1	lncRNA	0	0	0	0.0000	0.0000	0.0000
ENSG00000279322.1	AL035252.4	TEC	0	586	637	0.0000	0.0000	0.0000
ENSG00000279324.1	AL645730.1	TEC	0	0	0	0.0000	0.0000	0.0000
ENSG00000279325.1	AL136359.1	lncRNA	0	0	0	0.0000	0.0000	0.0000
ENSG00000279326.1	AC004972.1	TEC	0	0	0	0.0000	0.0000	0.0000
ENSG00000279328.1	AC073439.1	TEC	1	1	1	0.0479	0.0140	0.0135
ENSG00000279329.1	AC020910.6	TEC	20	12	9	0.9107	0.2668	0.2569
ENSG00000279330.1	AJ003147.3	TEC	2	1	1	0.0772	0.0226	0.0218
ENSG00000279331.1	RBM12B-AS1	TEC	13	15	21	1.6906	0.4952	0.4768
ENSG00000279332.1	AC090772.4	TEC	19	61	56	4.4572	1.3056	1.2572
ENSG00000279333.1	AC096636.1	TEC	0	196	207	0.0000	0.0000	0.0000
ENSG00000279334.1	AC073592.6	TEC	0	0	0	0.0000	0.0000	0.0000
ENSG00000279336.1	AL353662.2	pseudogene	0	0	0	0.0000	0.0000	0.0000
ENSG00000279337.1	AC127024.7	TEC	0	0	0	0.0000	0.0000	0.0000
ENSG00000279339.1	AC100788.2	TEC	2	1	1	0.0588	0.0172	0.0166
ENSG00000279340.1	AC090617.7	TEC	0	0	0	0.0000	0.0000	0.0000
ENSG00000279341.1	AP000756.1	TEC	0	0	0	0.0000	0.0000	0.0000
ENSG00000279342.2	AP000866.6	lncRNA	11	9	8	0.2610	0.0765	0.0736
ENSG00000279343.1	AC127071.2	TEC	0	0	0	0.0000	0.0000	0.0000
ENSG00000279344.1	AC007342.6	TEC	3	195	210	0.0982	0.0288	0.0277
ENSG00000279345.1	Z98885.3	lncRNA	5	4	1	0.2417	0.0708	0.0682
ENSG00000279347.1	AC021945.1	TEC	5	4	1	0.2573	0.0754	0.0726
ENSG00000279348.1	AC012513.3	TEC	112	61	51	4.4948	1.3166	1.2678
ENSG00000279349.1	AC092692.1	TEC	0	0	0	0.0000	0.0000	0.0000
ENSG00000279352.1	AC006557.6	TEC	5	3	2	0.4914	0.1439	0.1386
ENSG00000279353.1	AP001324.3	TEC	1	1	0	0.0595	0.0174	0.0168
ENSG00000279354.1	AC090373.1	TEC	0	0	0	0.0000	0.0000	0.0000
ENSG00000279356.1	AC007610.4	TEC	4	3	1	0.1599	0.0468	0.0451
ENSG00000279357.1	AC007224.2	TEC	1	0	1	0.1665	0.0488	0.0470
ENSG00000279358.1	AP002833.3	TEC	0	0	0	0.0000	0.0000	0.0000
ENSG00000279359.1	AL359195.2	TEC	0	0	0	0.0000	0.0000	0.0000
ENSG00000279360.1	AC007546.2	TEC	5	2	3	1.1795	0.3455	0.3327
ENSG00000279361.1	AC079331.1	TEC	0	0	0	0.0000	0.0000	0.0000
ENSG00000279364.1	AC114546.3	TEC	0	425	415	0.0000	0.0000	0.0000
ENSG00000279365.1	AP000695.3	TEC	11	26	33	0.4932	0.1445	0.1391
ENSG00000279366.1	AC120349.2	TEC	0	0	0	0.0000	0.0000	0.0000
ENSG00000279367.1	AC102797.2	TEC	0	0	0	0.0000	0.0000	0.0000
ENSG00000279368.1	AL031123.3	TEC	1	1	0	0.0462	0.0135	0.0130
ENSG00000279369.1	AC046185.3	TEC	69	45	39	3.2125	0.9410	0.9061
ENSG00000279370.1	AC004777.1	TEC	0	0	0	0.0000	0.0000	0.0000
ENSG00000279372.1	AC137723.1	TEC	0	0	0	0.0000	0.0000	0.0000
ENSG00000279373.1	AC027228.3	TEC	1	0	1	0.0671	0.0196	0.0189
ENSG00000279375.1	AC244517.7	lncRNA	6	6	2	1.2802	0.3750	0.3611
ENSG00000279376.1	AC092435.4	TEC	0	0	0	0.0000	0.0000	0.0000
ENSG00000279377.1	AC003973.2	TEC	0	0	0	0.0000	0.0000	0.0000
ENSG00000279378.1	AC009159.4	TEC	0	0	0	0.0000	0.0000	0.0000
ENSG00000279379.1	AC024595.1	TEC	4	2	2	0.8777	0.2571	0.2476
ENSG00000279381.1	CR392039.2	processed_pseudogene	3	2	1	1.2488	0.3658	0.3522
ENSG00000279382.1	AC018665.1	TEC	17	101	108	1.0599	0.3105	0.2990
ENSG00000279384.1	AC080188.2	TEC	0	0	0	0.0000	0.0000	0.0000
ENSG00000279386.1	AC021106.2	TEC	21	10	11	3.3584	0.9837	0.9473
ENSG00000279387.1	AC011474.4	TEC	0	0	0	0.0000	0.0000	0.0000
ENSG00000279388.1	AC073578.3	TEC	1	0	1	0.0203	0.0059	0.0057
ENSG00000279390.1	AF127577.6	TEC	0	0	0	0.0000	0.0000	0.0000
ENSG00000279391.1	AC116456.2	TEC	0	0	0	0.0000	0.0000	0.0000
ENSG00000279392.1	AL158801.4	processed_pseudogene	48	24	24	8.7660	2.5677	2.4725
ENSG00000279393.1	AL139005.1	TEC	2	2	0	0.1039	0.0304	0.0293
ENSG00000279394.1	AC015871.4	TEC	0	0	0	0.0000	0.0000	0.0000
ENSG00000279395.3	OR5L1	protein_coding	0	0	0	0.0000	0.0000	0.0000
ENSG00000279397.1	AC018445.2	TEC	0	0	0	0.0000	0.0000	0.0000
ENSG00000279398.1	AL078596.1	TEC	0	0	0	0.0000	0.0000	0.0000
ENSG00000279399.1	AL356095.2	TEC	0	121	100	0.0000	0.0000	0.0000
ENSG00000279400.1	AC008957.3	TEC	3	2	1	0.1136	0.0333	0.0321
ENSG00000279401.1	AL133383.2	TEC	0	0	0	0.0000	0.0000	0.0000
ENSG00000279403.1	AL078595.3	TEC	0	0	0	0.0000	0.0000	0.0000
ENSG00000279404.1	AC008739.6	TEC	0	0	0	0.0000	0.0000	0.0000
ENSG00000279405.1	AC004696.2	TEC	0	0	0	0.0000	0.0000	0.0000
ENSG00000279406.1	AL359183.1	TEC	21	8	13	0.8365	0.2450	0.2359
ENSG00000279407.1	AC007191.1	TEC	9	4	5	0.2552	0.0747	0.0720
ENSG00000279408.3	AC135068.4	protein_coding	0	0	0	0.0000	0.0000	0.0000
ENSG00000279409.1	AC020658.6	TEC	0	0	0	0.0000	0.0000	0.0000
ENSG00000279410.1	AC099494.1	TEC	0	0	0	0.0000	0.0000	0.0000
ENSG00000279411.1	AC090643.2	TEC	0	0	0	0.0000	0.0000	0.0000
ENSG00000279412.1	AC020763.3	TEC	19	13	6	0.5556	0.1627	0.1567
ENSG00000279413.1	AC112497.2	pseudogene	17	183	184	2.2592	0.6618	0.6372
ENSG00000279414.1	CDRT15P9	processed_pseudogene	1	0	1	0.1668	0.0489	0.0471
ENSG00000279415.1	AC099494.2	TEC	16	7	9	1.3893	0.4069	0.3919
ENSG00000279416.1	AC099689.3	TEC	1	0	1	0.0652	0.0191	0.0184
ENSG00000279417.1	AC019322.4	TEC	0	0	0	0.0000	0.0000	0.0000
ENSG00000279418.1	LINC00244	lncRNA	0	0	0	0.0000	0.0000	0.0000
ENSG00000279419.1	AC004925.1	TEC	69	38	31	2.1654	0.6343	0.6108
ENSG00000279420.1	AC138627.2	TEC	0	0	0	0.0000	0.0000	0.0000
ENSG00000279421.1	AC067863.2	TEC	0	0	0	0.0000	0.0000	0.0000
ENSG00000279422.1	AC231657.1	TEC	13	8	5	2.7808	0.8145	0.7843
ENSG00000279423.1	AL445363.3	TEC	1	0	1	0.1266	0.0371	0.0357
ENSG00000279425.1	AC092279.2	TEC	3	2	1	0.1164	0.0341	0.0328
ENSG00000279426.1	AC243312.1	TEC	0	0	0	0.0000	0.0000	0.0000
ENSG00000279427.1	AC007490.1	TEC	0	0	0	0.0000	0.0000	0.0000
ENSG00000279428.1	AC087164.2	TEC	0	212	239	0.0000	0.0000	0.0000
ENSG00000279429.1	AC004009.2	TEC	0	0	0	0.0000	0.0000	0.0000
ENSG00000279430.1	AL590560.4	TEC	2	0	2	0.3684	0.1079	0.1039
ENSG00000279431.1	AC011840.5	TEC	1	0	1	0.1392	0.0408	0.0393
ENSG00000279432.1	AC015799.1	TEC	2	2	0	0.0544	0.0159	0.0153
ENSG00000279433.1	AC018529.3	TEC	1	1	0	0.0377	0.0110	0.0106
ENSG00000279434.1	AL049776.1	TEC	19	145	141	0.7968	0.2334	0.2247
ENSG00000279437.1	Z82170.1	TEC	0	0	0	0.0000	0.0000	0.0000
ENSG00000279438.1	AP001002.2	TEC	0	0	0	0.0000	0.0000	0.0000
ENSG00000279439.1	AC105114.1	TEC	0	0	0	0.0000	0.0000	0.0000
ENSG00000279440.1	AL008638.3	lncRNA	0	0	0	0.0000	0.0000	0.0000
ENSG00000279441.1	Z92544.2	TEC	0	1	1	0.0000	0.0000	0.0000
ENSG00000279442.1	AP000542.2	lncRNA	0	0	0	0.0000	0.0000	0.0000
ENSG00000279443.1	AL513497.1	TEC	31	12	19	1.2638	0.3702	0.3565
ENSG00000279444.1	AC135584.1	TEC	0	0	0	0.0000	0.0000	0.0000
ENSG00000279445.2	AC135068.5	unprocessed_pseudogene	0	0	0	0.0000	0.0000	0.0000
ENSG00000279446.1	AC005915.1	TEC	0	0	0	0.0000	0.0000	0.0000
ENSG00000279447.1	AL118508.3	TEC	0	0	0	0.0000	0.0000	0.0000
ENSG00000279450.1	AC112200.1	TEC	0	0	0	0.0000	0.0000	0.0000
ENSG00000279452.1	AC006277.1	TEC	14	7	7	0.7384	0.2163	0.2083
ENSG00000279453.1	Z99129.4	TEC	239	120	119	8.3351	2.4415	2.3510
ENSG00000279454.1	AP003499.5	TEC	0	0	0	0.0000	0.0000	0.0000
ENSG00000279455.1	AC117500.5	TEC	0	0	0	0.0000	0.0000	0.0000
ENSG00000279456.1	AL353763.1	TEC	2	1	1	0.1043	0.0306	0.0294
ENSG00000279457.4	WASH9P	unprocessed_pseudogene	44	30	15	2.6747	0.7834	0.7544
ENSG00000279458.2	AC244230.1	lncRNA	0	0	0	0.0000	0.0000	0.0000
ENSG00000279459.1	AP001271.2	TEC	0	0	0	0.0000	0.0000	0.0000
ENSG00000279460.1	AC112243.1	TEC	0	0	0	0.0000	0.0000	0.0000
ENSG00000279461.2	AC005480.2	processed_pseudogene	3	4	0	3.3968	0.9950	0.9581
ENSG00000279462.1	AC093028.1	TEC	0	0	0	0.0000	0.0000	0.0000
ENSG00000279463.1	AL159972.1	lncRNA	0	0	0	0.0000	0.0000	0.0000
ENSG00000279464.1	AC096720.2	TEC	11	5	6	0.3800	0.1113	0.1072
ENSG00000279465.1	AC090950.2	TEC	0	0	0	0.0000	0.0000	0.0000
ENSG00000279466.1	AC073911.1	TEC	0	0	0	0.0000	0.0000	0.0000
ENSG00000279467.1	AP000350.8	lncRNA	6	84	72	0.0635	0.0186	0.0179
ENSG00000279469.1	AC109454.4	TEC	1	1	0	0.1308	0.0383	0.0369
ENSG00000279470.1	AC091903.1	TEC	0	0	0	0.0000	0.0000	0.0000
ENSG00000279472.1	AC244517.8	lncRNA	0	0	0	0.0000	0.0000	0.0000
ENSG00000279474.1	AC125437.2	TEC	0	0	0	0.0000	0.0000	0.0000
ENSG00000279475.1	AC087894.2	TEC	0	0	0	0.0000	0.0000	0.0000
ENSG00000279476.1	AC092139.2	TEC	0	0	0	0.0000	0.0000	0.0000
ENSG00000279477.1	CU634019.4	unprocessed_pseudogene	0	0	0	0.0000	0.0000	0.0000
ENSG00000279478.1	AC127071.3	TEC	0	0	0	0.0000	0.0000	0.0000
ENSG00000279479.1	AP005205.3	TEC	0	0	0	0.0000	0.0000	0.0000
ENSG00000279480.1	AC138466.4	TEC	0	0	0	0.0000	0.0000	0.0000
ENSG00000279481.1	AC104791.2	TEC	0	0	0	0.0000	0.0000	0.0000
ENSG00000279482.1	AC007683.3	TEC	0	0	0	0.0000	0.0000	0.0000
ENSG00000279483.2	AC090498.1	processed_pseudogene	242	117	125	274.0100	80.2618	77.2861
ENSG00000279484.2	KLHL30-AS1	lncRNA	0	0	0	0.0000	0.0000	0.0000
ENSG00000279485.1	AC016734.1	TEC	0	0	0	0.0000	0.0000	0.0000
ENSG00000279486.5	OR2AG1	protein_coding	1	0	1	0.0121	0.0036	0.0034
ENSG00000279488.1	AC004623.1	TEC	0	47	55	0.0000	0.0000	0.0000
ENSG00000279489.1	AL355377.2	TEC	0	1	1	0.0000	0.0000	0.0000
ENSG00000279490.1	AC109446.3	TEC	0	0	0	0.0000	0.0000	0.0000
ENSG00000279491.1	AP003733.3	TEC	6	1	5	0.3002	0.0879	0.0847
ENSG00000279493.1	FP565260.4	protein_coding	0	0	0	0.0000	0.0000	0.0000
ENSG00000279494.1	AL117328.2	lncRNA	2	1	1	0.0875	0.0256	0.0247
ENSG00000279495.1	AL928654.4	TEC	109	52	57	3.7011	1.0841	1.0439
ENSG00000279497.1	AP003784.1	TEC	0	0	0	0.0000	0.0000	0.0000
ENSG00000279498.1	AL356121.2	TEC	0	0	0	0.0000	0.0000	0.0000
ENSG00000279499.1	AL157770.1	TEC	1	1	0	0.1934	0.0567	0.0546
ENSG00000279500.1	AC108704.2	TEC	4	2	2	0.2170	0.0636	0.0612
ENSG00000279501.1	CR392039.3	lncRNA	0	0	0	0.0000	0.0000	0.0000
ENSG00000279502.1	AC016542.2	TEC	0	0	0	0.0000	0.0000	0.0000
ENSG00000279503.1	AL353649.1	TEC	0	0	0	0.0000	0.0000	0.0000
ENSG00000279504.1	AD001527.2	TEC	0	127	130	0.0000	0.0000	0.0000
ENSG00000279505.1	AC022513.1	TEC	0	0	0	0.0000	0.0000	0.0000
ENSG00000279507.1	AC112484.4	TEC	0	0	0	0.0000	0.0000	0.0000
ENSG00000279509.1	AC007494.3	TEC	0	0	0	0.0000	0.0000	0.0000
ENSG00000279511.1	AL356274.2	TEC	0	0	0	0.0000	0.0000	0.0000
ENSG00000279512.1	AC011755.1	TEC	1	1	0	0.0414	0.0121	0.0117
ENSG00000279513.1	AL157902.2	TEC	0	1	0	0.0000	0.0000	0.0000
ENSG00000279514.2	OR4C16	protein_coding	0	0	0	0.0000	0.0000	0.0000
ENSG00000279516.2	FAM230C	lncRNA	0	0	0	0.0000	0.0000	0.0000
ENSG00000279518.1	AC083843.3	TEC	37	14	23	1.4374	0.4210	0.4054
ENSG00000279519.1	AC007382.1	TEC	0	0	0	0.0000	0.0000	0.0000
ENSG00000279520.1	AC093525.8	TEC	23	14	9	1.4554	0.4263	0.4105
ENSG00000279521.1	AL359396.2	TEC	0	0	0	0.0000	0.0000	0.0000
ENSG00000279523.1	AC040168.2	TEC	0	0	0	0.0000	0.0000	0.0000
ENSG00000279525.1	AC002451.2	TEC	0	0	0	0.0000	0.0000	0.0000
ENSG00000279526.1	AC011239.2	TEC	1	0	1	0.0570	0.0167	0.0161
ENSG00000279527.1	AC073592.7	TEC	0	0	0	0.0000	0.0000	0.0000
ENSG00000279528.1	AC115618.3	TEC	0	0	0	0.0000	0.0000	0.0000
ENSG00000279529.1	AC008764.8	lncRNA	28	85	78	0.8751	0.2563	0.2468
ENSG00000279530.2	AC092881.1	TEC	6	3	3	0.1864	0.0546	0.0526
ENSG00000279531.1	AC022140.2	TEC	0	0	0	0.0000	0.0000	0.0000
ENSG00000279532.1	AC002094.5	TEC	2	2	0	0.2700	0.0791	0.0762
ENSG00000279534.1	AP001340.1	TEC	0	0	0	0.0000	0.0000	0.0000
ENSG00000279536.1	AC093458.2	TEC	9	7	3	1.2151	0.3559	0.3427
ENSG00000279537.1	AC020658.7	TEC	0	0	0	0.0000	0.0000	0.0000
ENSG00000279539.1	AC006486.2	TEC	15	10	5	0.5793	0.1697	0.1634
ENSG00000279541.1	AC005261.5	TEC	2	11	14	0.1225	0.0359	0.0345
ENSG00000279542.1	AC015908.5	TEC	0	0	0	0.0000	0.0000	0.0000
ENSG00000279543.1	AC129908.1	TEC	0	0	0	0.0000	0.0000	0.0000
ENSG00000279544.1	AL133243.4	TEC	0	0	0	0.0000	0.0000	0.0000
ENSG00000279548.1	AL022323.4	lncRNA	0	0	0	0.0000	0.0000	0.0000
ENSG00000279549.1	AP000437.1	TEC	1	1	0	0.0407	0.0119	0.0115
ENSG00000279550.1	AL359757.1	TEC	0	0	0	0.0000	0.0000	0.0000
ENSG00000279551.1	AC025263.3	TEC	0	0	0	0.0000	0.0000	0.0000
ENSG00000279554.1	AC130448.2	TEC	0	0	0	0.0000	0.0000	0.0000
ENSG00000279555.1	AC091181.1	TEC	0	0	0	0.0000	0.0000	0.0000
ENSG00000279557.1	AC010435.1	TEC	0	0	0	0.0000	0.0000	0.0000
ENSG00000279558.1	AC244517.9	lncRNA	0	0	0	0.0000	0.0000	0.0000
ENSG00000279559.1	AC104820.1	TEC	0	0	0	0.0000	0.0000	0.0000
ENSG00000279561.2	AL845472.1	TEC	2	0	2	0.0416	0.0122	0.0117
ENSG00000279562.1	AC090617.8	TEC	3	2	1	1.7331	0.5076	0.4888
ENSG00000279565.1	AL121835.2	TEC	0	0	0	0.0000	0.0000	0.0000
ENSG00000279567.1	AC005703.4	TEC	0	0	0	0.0000	0.0000	0.0000
ENSG00000279568.1	AC093525.9	TEC	4	3	1	0.1945	0.0570	0.0549
ENSG00000279569.1	AC020763.4	TEC	4	1658	1728	0.0815	0.0239	0.0230
ENSG00000279570.1	AC099804.1	TEC	1	0	1	0.1189	0.0348	0.0335
ENSG00000279571.3	AL162426.1	lncRNA	0	16	23	0.0000	0.0000	0.0000
ENSG00000279572.1	AC021683.4	TEC	0	0	0	0.0000	0.0000	0.0000
ENSG00000279573.1	AC134407.2	TEC	1	1	0	0.0429	0.0126	0.0121
ENSG00000279575.1	AL583859.2	TEC	0	0	0	0.0000	0.0000	0.0000
ENSG00000279578.1	AC004899.2	TEC	0	0	0	0.0000	0.0000	0.0000
ENSG00000279579.3	LINC01666	lncRNA	21	13	8	2.1104	0.6182	0.5953
ENSG00000279581.1	AC073862.2	TEC	0	0	0	0.0000	0.0000	0.0000
ENSG00000279583.1	AC009086.2	TEC	5	1	4	0.4212	0.1234	0.1188
ENSG00000279584.1	AC005593.1	TEC	1	0	1	0.1649	0.0483	0.0465
ENSG00000279585.1	AL109653.2	TEC	0	0	0	0.0000	0.0000	0.0000
ENSG00000279586.1	AP000711.1	TEC	0	0	0	0.0000	0.0000	0.0000
ENSG00000279587.1	AC006963.1	TEC	0	0	0	0.0000	0.0000	0.0000
ENSG00000279588.2	AC087762.2	TEC	1	0	1	0.0225	0.0066	0.0063
ENSG00000279589.1	AC079416.3	TEC	1	0	1	0.0712	0.0209	0.0201
ENSG00000279590.1	AC005786.4	TEC	0	1	0	0.0000	0.0000	0.0000
ENSG00000279591.1	AC002044.2	TEC	0	0	0	0.0000	0.0000	0.0000
ENSG00000279592.1	AC010653.2	TEC	0	67	60	0.0000	0.0000	0.0000
ENSG00000279593.1	AL132642.2	TEC	0	0	0	0.0000	0.0000	0.0000
ENSG00000279594.1	AL049780.3	TEC	8	10	15	0.4292	0.1257	0.1210
ENSG00000279595.1	AC126335.2	TEC	0	1	0	0.0000	0.0000	0.0000
ENSG00000279597.1	AL031593.1	lncRNA	2	1	1	0.1963	0.0575	0.0554
ENSG00000279598.1	AC009948.3	TEC	1	1	1	0.0193	0.0056	0.0054
ENSG00000279599.1	AC005514.1	TEC	0	0	0	0.0000	0.0000	0.0000
ENSG00000279600.1	AC015804.1	TEC	0	0	0	0.0000	0.0000	0.0000
ENSG00000279601.1	AC005052.1	TEC	25	9	17	0.8519	0.2495	0.2403
ENSG00000279602.1	AC109326.1	TEC	8	3	5	0.5143	0.1506	0.1451
ENSG00000279603.1	AP000720.2	TEC	3	0	3	0.3313	0.0970	0.0934
ENSG00000279604.1	AC092723.2	TEC	0	0	0	0.0000	0.0000	0.0000
ENSG00000279605.1	AC067930.5	TEC	16	3232	3253	0.2747	0.0805	0.0775
ENSG00000279606.1	AC006600.2	TEC	0	0	0	0.0000	0.0000	0.0000
ENSG00000279607.1	AL358613.2	lncRNA	0	0	0	0.0000	0.0000	0.0000
ENSG00000279608.1	AL353795.3	TEC	1	1	2	0.0149	0.0044	0.0042
ENSG00000279609.1	AL158070.2	TEC	0	0	0	0.0000	0.0000	0.0000
ENSG00000279610.1	C20orf181	TEC	0	0	0	0.0000	0.0000	0.0000
ENSG00000279611.1	AC012313.10	TEC	8	10	4	0.7337	0.2149	0.2069
ENSG00000279613.1	AC124283.5	TEC	0	0	0	0.0000	0.0000	0.0000
ENSG00000279615.1	CR381572.2	processed_pseudogene	0	0	0	0.0000	0.0000	0.0000
ENSG00000279616.1	AL096817.1	TEC	0	0	0	0.0000	0.0000	0.0000
ENSG00000279617.1	AC005796.1	TEC	0	0	0	0.0000	0.0000	0.0000
ENSG00000279619.1	AC020907.5	TEC	86	73	68	3.7723	1.1050	1.0640
ENSG00000279620.1	AC099494.3	TEC	0	0	0	0.0000	0.0000	0.0000
ENSG00000279621.1	AC020978.8	TEC	0	2	0	0.0000	0.0000	0.0000
ENSG00000279622.2	AC025280.2	lncRNA	2	2	0	0.0553	0.0162	0.0156
ENSG00000279623.1	AL359697.1	lncRNA	10	5	5	1.4467	0.4238	0.4080
ENSG00000279625.1	AL591122.1	TEC	0	0	0	0.0000	0.0000	0.0000
ENSG00000279626.1	DUX4L28	unprocessed_pseudogene	0	0	0	0.0000	0.0000	0.0000
ENSG00000279628.1	AC131280.1	TEC	0	0	1	0.0000	0.0000	0.0000
ENSG00000279629.1	AC048380.3	TEC	0	0	0	0.0000	0.0000	0.0000
ENSG00000279630.1	AC190387.1	TEC	0	0	0	0.0000	0.0000	0.0000
ENSG00000279631.1	AL158211.5	TEC	14	10	4	0.4722	0.1383	0.1332
ENSG00000279632.1	AP003108.4	TEC	0	0	0	0.0000	0.0000	0.0000
ENSG00000279633.1	AL137918.1	TEC	1	0	1	0.0442	0.0129	0.0125
ENSG00000279635.1	AC091895.1	TEC	0	0	0	0.0000	0.0000	0.0000
ENSG00000279636.2	LINC00216	lncRNA	3	9	8	0.2263	0.0663	0.0638
ENSG00000279637.1	AC018445.3	TEC	0	0	0	0.0000	0.0000	0.0000
ENSG00000279638.1	AC008873.1	TEC	0	0	0	0.0000	0.0000	0.0000
ENSG00000279639.2	AC135068.6	unprocessed_pseudogene	0	0	0	0.0000	0.0000	0.0000
ENSG00000279640.1	AC138466.5	TEC	0	0	0	0.0000	0.0000	0.0000
ENSG00000279641.1	AC120057.3	TEC	6	2023	2078	0.3155	0.0924	0.0890
ENSG00000279642.1	AL023973.1	TEC	1	0	1	0.1370	0.0401	0.0386
ENSG00000279647.1	CU633904.2	unprocessed_pseudogene	0	0	0	0.0000	0.0000	0.0000
ENSG00000279648.1	AP000432.2	TEC	1	1	0	0.0415	0.0121	0.0117
ENSG00000279649.1	AC020978.9	TEC	12	63	84	0.3769	0.1104	0.1063
ENSG00000279650.1	AC073912.3	TEC	0	0	0	0.0000	0.0000	0.0000
ENSG00000279652.1	Z82217.1	lncRNA	3	2	1	0.0313	0.0092	0.0088
ENSG00000279653.1	AC004678.2	TEC	3	2	1	0.2543	0.0745	0.0717
ENSG00000279655.1	AC004009.3	TEC	0	0	0	0.0000	0.0000	0.0000
ENSG00000279656.1	AL132780.4	TEC	55	20	35	4.1151	1.2054	1.1607
ENSG00000279657.1	AL161901.1	TEC	0	0	0	0.0000	0.0000	0.0000
ENSG00000279658.1	AC110491.2	lncRNA	1	35	30	0.1315	0.0385	0.0371
ENSG00000279659.1	AL451064.2	TEC	2	2	0	0.1027	0.0301	0.0290
ENSG00000279660.1	AC005703.5	TEC	7	630	565	0.4473	0.1310	0.1262
ENSG00000279662.1	AC131649.2	TEC	5	2	3	0.0957	0.0280	0.0270
ENSG00000279663.2	AC104623.2	TEC	0	0	0	0.0000	0.0000	0.0000
ENSG00000279665.1	AC012100.3	TEC	0	0	0	0.0000	0.0000	0.0000
ENSG00000279666.1	AC116553.2	TEC	0	0	0	0.0000	0.0000	0.0000
ENSG00000279667.1	AL603839.4	TEC	3	1	2	0.2535	0.0743	0.0715
ENSG00000279668.3	AC024610.2	lncRNA	1	0	1	0.0121	0.0035	0.0034
ENSG00000279669.1	AC079801.1	lncRNA	0	0	0	0.0000	0.0000	0.0000
ENSG00000279670.1	AL359922.3	TEC	0	0	0	0.0000	0.0000	0.0000
ENSG00000279671.1	AC106754.2	TEC	0	0	0	0.0000	0.0000	0.0000
ENSG00000279672.1	AP006621.5	TEC	19	11	8	1.4166	0.4149	0.3996
ENSG00000279673.1	AC092919.2	TEC	184	100	84	9.4987	2.7823	2.6792
ENSG00000279674.1	AC123769.1	TEC	0	0	0	0.0000	0.0000	0.0000
ENSG00000279675.1	AC080100.1	TEC	2	0	2	0.0317	0.0093	0.0089
ENSG00000279676.1	AC011483.3	TEC	0	0	0	0.0000	0.0000	0.0000
ENSG00000279677.1	AL162377.2	TEC	0	0	0	0.0000	0.0000	0.0000
ENSG00000279678.1	AC090386.2	TEC	0	0	0	0.0000	0.0000	0.0000
ENSG00000279679.1	AC091925.2	TEC	0	0	0	0.0000	0.0000	0.0000
ENSG00000279681.1	AC092135.2	TEC	0	0	0	0.0000	0.0000	0.0000
ENSG00000279682.1	AC120338.1	TEC	0	0	0	0.0000	0.0000	0.0000
ENSG00000279683.1	AC090517.3	TEC	1	0	1	0.6023	0.1764	0.1699
ENSG00000279684.1	AP003969.2	TEC	0	0	0	0.0000	0.0000	0.0000
ENSG00000279685.2	MAPT-IT1	lncRNA	0	0	0	0.0000	0.0000	0.0000
ENSG00000279686.1	AC142391.1	protein_coding	0	0	0	0.0000	0.0000	0.0000
ENSG00000279687.1	FP565260.5	lncRNA	0	0	0	0.0000	0.0000	0.0000
ENSG00000279688.1	AQP7P3	unprocessed_pseudogene	0	0	0	0.0000	0.0000	0.0000
ENSG00000279689.1	AC022400.7	TEC	1	3139	3160	0.0236	0.0069	0.0067
ENSG00000279690.1	AP000280.2	TEC	0	0	0	0.0000	0.0000	0.0000
ENSG00000279691.1	AC113410.3	TEC	0	0	0	0.0000	0.0000	0.0000
ENSG00000279692.1	AC110285.6	TEC	21	11	13	1.1610	0.3401	0.3275
ENSG00000279693.1	AC099521.2	TEC	1	0	1	0.0289	0.0085	0.0082
ENSG00000279694.1	AC011270.2	TEC	0	0	1	0.0000	0.0000	0.0000
ENSG00000279695.1	AL359757.2	TEC	0	0	0	0.0000	0.0000	0.0000
ENSG00000279696.1	AP001273.1	TEC	9	60	76	0.2425	0.0710	0.0684
ENSG00000279697.1	AP003400.5	TEC	0	0	0	0.0000	0.0000	0.0000
ENSG00000279698.1	AC027335.2	TEC	0	0	0	0.0000	0.0000	0.0000
ENSG00000279699.1	AC004264.2	TEC	7	4	3	0.3422	0.1002	0.0965
ENSG00000279700.1	AC131212.2	TEC	2	2	0	0.1253	0.0367	0.0354
ENSG00000279701.1	AP003497.2	TEC	0	0	0	0.0000	0.0000	0.0000
ENSG00000279702.1	AL356266.1	TEC	0	0	0	0.0000	0.0000	0.0000
ENSG00000279703.1	AC017037.3	TEC	0	0	0	0.0000	0.0000	0.0000
ENSG00000279704.1	AC148477.8	TEC	0	0	0	0.0000	0.0000	0.0000
ENSG00000279705.1	AC092701.1	TEC	0	0	0	0.0000	0.0000	0.0000
ENSG00000279706.1	AL353608.4	TEC	0	0	0	0.0000	0.0000	0.0000
ENSG00000279707.1	AC120349.3	TEC	0	0	0	0.0000	0.0000	0.0000
ENSG00000279708.1	AC133637.1	TEC	0	0	0	0.0000	0.0000	0.0000
ENSG00000279709.1	CU633906.3	unprocessed_pseudogene	0	0	0	0.0000	0.0000	0.0000
ENSG00000279711.1	AP004782.1	TEC	2	1	1	0.0495	0.0145	0.0140
ENSG00000279712.1	FP325330.3	lncRNA	0	0	0	0.0000	0.0000	0.0000
ENSG00000279713.1	AC080038.3	TEC	2	160	184	0.0870	0.0255	0.0245
ENSG00000279714.1	Z95114.2	lncRNA	0	0	0	0.0000	0.0000	0.0000
ENSG00000279715.1	AL161912.4	TEC	0	0	0	0.0000	0.0000	0.0000
ENSG00000279716.1	AC006128.1	TEC	11	191	173	0.5624	0.1647	0.1586
ENSG00000279717.1	AC005336.3	TEC	0	0	0	0.0000	0.0000	0.0000
ENSG00000279718.1	SNX18P12	processed_pseudogene	16	9	7	1.7902	0.5244	0.5049
ENSG00000279719.1	AC015871.5	TEC	0	0	0	0.0000	0.0000	0.0000
ENSG00000279720.1	SOWAHCP2	processed_pseudogene	12	8	4	2.0340	0.5958	0.5737
ENSG00000279721.1	AC018737.2	TEC	1	0	1	0.0562	0.0165	0.0158
ENSG00000279722.1	AC007342.7	TEC	25	15	11	0.9084	0.2661	0.2562
ENSG00000279724.1	AC005086.3	pseudogene	1	0	1	0.3725	0.1091	0.1051
ENSG00000279725.1	AL391005.1	TEC	0	0	0	0.0000	0.0000	0.0000
ENSG00000279726.2	AC005609.5	lncRNA	0	6	2	0.0000	0.0000	0.0000
ENSG00000279727.1	LINC02033	lncRNA	4	2	2	0.2527	0.0740	0.0713
ENSG00000279728.1	CU638689.2	unprocessed_pseudogene	0	0	0	0.0000	0.0000	0.0000
ENSG00000279729.1	AC092326.1	TEC	0	0	0	0.0000	0.0000	0.0000
ENSG00000279730.2	KMT5AP1	processed_pseudogene	3	1	2	0.2159	0.0632	0.0609
ENSG00000279732.1	AC027279.3	TEC	0	0	0	0.0000	0.0000	0.0000
ENSG00000279733.1	AP001642.1	TEC	0	0	0	0.0000	0.0000	0.0000
ENSG00000279734.1	AC090506.2	TEC	0	0	0	0.0000	0.0000	0.0000
ENSG00000279735.2	AC124312.4	TEC	0	0	0	0.0000	0.0000	0.0000
ENSG00000279737.1	AC112204.3	TEC	0	0	0	0.0000	0.0000	0.0000
ENSG00000279738.1	AL022311.1	lncRNA	67	28	40	0.2930	0.0858	0.0827
ENSG00000279739.1	AC011369.2	TEC	0	0	0	0.0000	0.0000	0.0000
ENSG00000279741.1	AC007342.8	TEC	0	0	0	0.0000	0.0000	0.0000
ENSG00000279742.1	AP000974.1	TEC	3	3	0	0.1067	0.0313	0.0301
ENSG00000279743.1	AC002090.1	TEC	0	0	0	0.0000	0.0000	0.0000
ENSG00000279744.1	AC132938.5	TEC	8	3	5	0.4105	0.1202	0.1158
ENSG00000279746.1	AC092850.1	TEC	1	0	1	0.0315	0.0092	0.0089
ENSG00000279747.1	AC130456.6	TEC	0	0	0	0.0000	0.0000	0.0000
ENSG00000279748.1	AC008764.9	TEC	3	7	2	0.1017	0.0298	0.0287
ENSG00000279749.1	AC093875.1	TEC	0	0	0	0.0000	0.0000	0.0000
ENSG00000279750.3	AC239585.2	lncRNA	0	0	0	0.0000	0.0000	0.0000
ENSG00000279751.1	FP475955.2	lncRNA	0	0	0	0.0000	0.0000	0.0000
ENSG00000279752.1	AC011389.2	TEC	0	0	0	0.0000	0.0000	0.0000
ENSG00000279753.1	AC011558.1	TEC	0	319	285	0.0000	0.0000	0.0000
ENSG00000279754.1	AL162376.1	TEC	0	0	0	0.0000	0.0000	0.0000
ENSG00000279755.1	AC091905.3	TEC	0	0	0	0.0000	0.0000	0.0000
ENSG00000279756.1	AC012317.2	TEC	0	0	0	0.0000	0.0000	0.0000
ENSG00000279757.1	AC132068.1	TEC	0	0	0	0.0000	0.0000	0.0000
ENSG00000279758.1	AC105339.5	TEC	0	2	2	0.0000	0.0000	0.0000
ENSG00000279759.1	AC118344.2	TEC	54	30	25	0.9624	0.2819	0.2714
ENSG00000279761.2	OR5D13	protein_coding	0	0	0	0.0000	0.0000	0.0000
ENSG00000279762.3	AC005899.8	lncRNA	3	186	149	0.0739	0.0216	0.0208
ENSG00000279764.1	AC009102.3	TEC	0	0	0	0.0000	0.0000	0.0000
ENSG00000279765.3	AC013394.1	protein_coding	4	3	1	0.0718	0.0210	0.0202
ENSG00000279766.1	AC067931.1	TEC	5	4	1	0.6328	0.1854	0.1785
ENSG00000279769.1	CU639417.2	TEC	0	0	0	0.0000	0.0000	0.0000
ENSG00000279770.1	LINC00552	TEC	0	0	0	0.0000	0.0000	0.0000
ENSG00000279771.1	AP000997.4	TEC	0	0	0	0.0000	0.0000	0.0000
ENSG00000279772.1	AC026422.1	TEC	0	0	0	0.0000	0.0000	0.0000
ENSG00000279773.1	AL050303.3	TEC	0	0	0	0.0000	0.0000	0.0000
ENSG00000279774.1	AL590483.3	TEC	0	0	0	0.0000	0.0000	0.0000
ENSG00000279775.1	AC004585.2	TEC	0	0	0	0.0000	0.0000	0.0000
ENSG00000279778.1	AL445437.1	TEC	3	1	2	0.0825	0.0242	0.0233
ENSG00000279779.1	AC009039.2	TEC	0	0	0	0.0000	0.0000	0.0000
ENSG00000279780.1	AC138907.9	TEC	0	0	0	0.0000	0.0000	0.0000
ENSG00000279781.1	AC079336.6	TEC	2	1	1	0.2771	0.0812	0.0781
ENSG00000279782.2	PPIAL4F	protein_coding	3	3	3	0.3245	0.0951	0.0915
ENSG00000279783.1	AC018692.2	processed_pseudogene	0	0	0	0.0000	0.0000	0.0000
ENSG00000279784.1	FP236315.3	lncRNA	0	0	0	0.0000	0.0000	0.0000
ENSG00000279785.1	AC008267.7	TEC	0	0	0	0.0000	0.0000	0.0000
ENSG00000279786.1	AC105235.1	TEC	3	3	0	0.1403	0.0411	0.0396
ENSG00000279788.1	CU638689.3	unprocessed_pseudogene	0	0	0	0.0000	0.0000	0.0000
ENSG00000279789.1	AC120114.3	TEC	43	22	21	1.6643	0.4875	0.4694
ENSG00000279790.1	AL590552.1	TEC	0	1	0	0.0000	0.0000	0.0000
ENSG00000279791.1	AC018892.3	TEC	0	1	0	0.0000	0.0000	0.0000
ENSG00000279792.1	AC015909.5	TEC	2	2	1	0.0750	0.0220	0.0211
ENSG00000279793.1	AP000676.3	TEC	0	0	0	0.0000	0.0000	0.0000
ENSG00000279794.1	AC024580.1	TEC	2	1	1	0.2520	0.0738	0.0711
ENSG00000279795.1	AC138907.10	TEC	0	0	0	0.0000	0.0000	0.0000
ENSG00000279796.1	AL133384.2	TEC	0	0	0	0.0000	0.0000	0.0000
ENSG00000279797.1	LINC02339	lncRNA	0	0	0	0.0000	0.0000	0.0000
ENSG00000279798.1	AC018659.8	TEC	0	0	0	0.0000	0.0000	0.0000
ENSG00000279799.1	AC006077.2	TEC	3	2	1	0.5575	0.1633	0.1572
ENSG00000279800.2	BCLAF1P2	processed_pseudogene	11	6	5	0.3580	0.1049	0.1010
ENSG00000279801.1	AC111170.3	TEC	3	0	3	0.1034	0.0303	0.0292
ENSG00000279803.1	AC009090.5	TEC	0	11	6	0.0000	0.0000	0.0000
ENSG00000279804.2	PRAMEF18	protein_coding	0	0	0	0.0000	0.0000	0.0000
ENSG00000279805.1	Z95114.3	TEC	5	2	3	0.2210	0.0647	0.0623
ENSG00000279806.1	AC018629.1	TEC	1	1	1	0.0489	0.0143	0.0138
ENSG00000279807.1	AC011472.5	TEC	0	22	18	0.0000	0.0000	0.0000
ENSG00000279809.1	AC005538.2	TEC	0	0	0	0.0000	0.0000	0.0000
ENSG00000279810.1	AL109924.3	TEC	0	0	0	0.0000	0.0000	0.0000
ENSG00000279811.1	AC093330.2	TEC	7	3	4	0.1487	0.0436	0.0419
ENSG00000279812.1	AC120057.4	TEC	0	0	0	0.0000	0.0000	0.0000
ENSG00000279813.1	CR392000.1	TEC	0	0	0	0.0000	0.0000	0.0000
ENSG00000279814.1	AC010997.6	TEC	0	0	0	0.0000	0.0000	0.0000
ENSG00000279815.1	AC020763.5	TEC	0	0	0	0.0000	0.0000	0.0000
ENSG00000279817.1	AC073911.2	TEC	1	0	1	0.1346	0.0394	0.0380
ENSG00000279818.1	AP002991.1	TEC	0	0	0	0.0000	0.0000	0.0000
ENSG00000279819.1	AL390318.1	TEC	1	1	0	0.1236	0.0362	0.0349
ENSG00000279821.1	AC145098.2	TEC	6	4	2	0.1684	0.0493	0.0475
ENSG00000279822.1	AC016397.2	TEC	23	17	6	0.9840	0.2882	0.2775
ENSG00000279825.1	AC003957.1	TEC	0	0	0	0.0000	0.0000	0.0000
ENSG00000279827.1	AC136469.2	TEC	0	209	230	0.0000	0.0000	0.0000
ENSG00000279829.1	AC015959.1	TEC	0	0	0	0.0000	0.0000	0.0000
ENSG00000279833.1	AL031846.2	lncRNA	36	617	683	0.8328	0.2439	0.2349
ENSG00000279834.1	AC068870.3	TEC	1	0	1	0.0335	0.0098	0.0094
ENSG00000279835.1	AL121785.1	TEC	0	0	0	0.0000	0.0000	0.0000
ENSG00000279836.1	AP002967.1	TEC	0	0	0	0.0000	0.0000	0.0000
ENSG00000279837.1	AC112694.2	TEC	3	2	1	0.3317	0.0972	0.0936
ENSG00000279838.1	AL356273.3	TEC	40	25	15	1.7078	0.5002	0.4817
ENSG00000279839.1	AL512383.1	TEC	0	0	0	0.0000	0.0000	0.0000
ENSG00000279840.1	AC004801.7	TEC	0	0	0	0.0000	0.0000	0.0000
ENSG00000279841.1	AC092135.3	TEC	2	1	1	0.0920	0.0269	0.0260
ENSG00000279842.1	AC007603.2	TEC	0	0	0	0.0000	0.0000	0.0000
ENSG00000279844.1	AC096656.1	TEC	0	0	0	0.0000	0.0000	0.0000
ENSG00000279845.1	AC097372.2	TEC	1	1	0	0.1822	0.0534	0.0514
ENSG00000279846.1	AC015660.4	TEC	8	4	4	1.2045	0.3528	0.3397
ENSG00000279847.3	C8orf87	lncRNA	0	0	0	0.0000	0.0000	0.0000
ENSG00000279848.1	AL008638.4	lncRNA	0	0	0	0.0000	0.0000	0.0000
ENSG00000279851.2	CR382287.1	lncRNA	0	0	0	0.0000	0.0000	0.0000
ENSG00000279852.1	AC083964.2	TEC	0	0	0	0.0000	0.0000	0.0000
ENSG00000279853.1	AC004453.2	TEC	1	1	1	0.0394	0.0116	0.0111
ENSG00000279855.1	AC005618.2	lncRNA	0	0	1	0.0000	0.0000	0.0000
ENSG00000279856.1	AC106733.1	TEC	0	0	0	0.0000	0.0000	0.0000
ENSG00000279858.1	AC068880.4	TEC	2	1	1	0.3431	0.1005	0.0968
ENSG00000279859.2	AC093323.2	TEC	0	0	0	0.0000	0.0000	0.0000
ENSG00000279860.1	AC008568.2	TEC	0	0	0	0.0000	0.0000	0.0000
ENSG00000279861.1	AC073548.1	TEC	7	2	5	0.3159	0.0925	0.0891
ENSG00000279862.1	AC092964.1	TEC	2	1	1	0.1214	0.0356	0.0342
ENSG00000279863.1	AC069547.1	TEC	22	15	7	1.1780	0.3450	0.3323
ENSG00000279864.2	NCOR1P4	transcribed_processed_pseudogene	0	0	0	0.0000	0.0000	0.0000
ENSG00000279865.1	AC006511.3	TEC	47	29	21	2.2385	0.6557	0.6314
ENSG00000279869.1	AC022418.1	TEC	0	0	0	0.0000	0.0000	0.0000
ENSG00000279872.1	AC006435.4	TEC	1	0	1	0.3629	0.1063	0.1024
ENSG00000279873.2	LINC01126	lncRNA	5	1	4	0.2580	0.0756	0.0728
ENSG00000279874.1	AC064859.1	TEC	0	0	0	0.0000	0.0000	0.0000
ENSG00000279875.1	AC074029.4	TEC	0	0	0	0.0000	0.0000	0.0000
ENSG00000279876.1	AC079248.2	TEC	0	0	0	0.0000	0.0000	0.0000
ENSG00000279878.1	AP003108.5	TEC	0	0	0	0.0000	0.0000	0.0000
ENSG00000279879.1	AC091152.4	TEC	2	1	1	0.0488	0.0143	0.0138
ENSG00000279880.1	AC134407.3	TEC	2	0	2	0.0794	0.0233	0.0224
ENSG00000279881.1	AC041040.1	TEC	3	1	2	0.0879	0.0257	0.0248
ENSG00000279882.1	AC112702.1	TEC	0	0	0	0.0000	0.0000	0.0000
ENSG00000279883.1	AC010480.1	TEC	0	0	0	0.0000	0.0000	0.0000
ENSG00000279884.1	AC010894.4	TEC	28	14	14	2.5003	0.7324	0.7052
ENSG00000279885.1	AP005060.1	TEC	0	0	0	0.0000	0.0000	0.0000
ENSG00000279886.1	AC087645.3	TEC	0	0	0	0.0000	0.0000	0.0000
ENSG00000279887.1	AC046158.4	TEC	0	0	0	0.0000	0.0000	0.0000
ENSG00000279889.1	AC012183.1	TEC	0	0	0	0.0000	0.0000	0.0000
ENSG00000279891.1	FLJ42393	TEC	0	0	0	0.0000	0.0000	0.0000
ENSG00000279894.1	Z73965.1	TEC	7	3	4	0.2588	0.0758	0.0730
ENSG00000279895.1	CU633904.3	unprocessed_pseudogene	0	0	0	0.0000	0.0000	0.0000
ENSG00000279897.2	BIRC6-AS2	transcribed_unprocessed_pseudogene	0	0	0	0.0000	0.0000	0.0000
ENSG00000279900.1	AP001767.3	TEC	3	1	2	0.5636	0.1651	0.1590
ENSG00000279901.1	AC092117.2	TEC	2	0	2	0.1024	0.0300	0.0289
ENSG00000279903.1	SLC7A2-IT1	TEC	0	0	0	0.0000	0.0000	0.0000
ENSG00000279904.1	AC068057.2	TEC	0	0	0	0.0000	0.0000	0.0000
ENSG00000279905.1	AC063926.3	TEC	1	0	1	0.0150	0.0044	0.0042
ENSG00000279907.1	AC018695.7	TEC	2	2	0	0.0682	0.0200	0.0192
ENSG00000279908.1	AC026748.3	TEC	0	0	0	0.0000	0.0000	0.0000
ENSG00000279910.1	AL731532.1	TEC	0	0	0	0.0000	0.0000	0.0000
ENSG00000279912.1	AC068448.1	TEC	0	0	0	0.0000	0.0000	0.0000
ENSG00000279913.1	AP001962.1	TEC	0	0	0	0.0000	0.0000	0.0000
ENSG00000279914.1	AL008638.5	lncRNA	0	0	0	0.0000	0.0000	0.0000
ENSG00000279917.1	AC079331.2	TEC	1	1	0	0.0334	0.0098	0.0094
ENSG00000279918.1	AC006840.1	TEC	0	0	0	0.0000	0.0000	0.0000
ENSG00000279919.1	AC068880.5	TEC	0	0	0	0.0000	0.0000	0.0000
ENSG00000279920.2	LINC01651	lncRNA	0	0	0	0.0000	0.0000	0.0000
ENSG00000279923.1	AC022417.1	TEC	25	10	15	1.6293	0.4773	0.4596
ENSG00000279924.1	AL356585.4	unprocessed_pseudogene	0	0	0	0.0000	0.0000	0.0000
ENSG00000279925.1	AC144522.1	TEC	0	0	0	0.0000	0.0000	0.0000
ENSG00000279926.1	AL138831.3	TEC	1	1	0	0.0582	0.0171	0.0164
ENSG00000279927.1	Z95114.4	lncRNA	0	0	0	0.0000	0.0000	0.0000
ENSG00000279928.2	FO538757.1	unprocessed_pseudogene	1	0	1	0.1490	0.0436	0.0420
ENSG00000279929.1	AL354796.1	TEC	0	0	0	0.0000	0.0000	0.0000
ENSG00000279930.1	AL032819.2	TEC	2	5	2	0.0786	0.0230	0.0222
ENSG00000279931.1	AC073593.1	TEC	0	0	0	0.0000	0.0000	0.0000
ENSG00000279932.1	AP006248.3	lncRNA	0	0	0	0.0000	0.0000	0.0000
ENSG00000279933.1	AL031595.1	TEC	2	65	81	0.0361	0.0106	0.0102
ENSG00000279935.1	AL353611.2	TEC	0	0	0	0.0000	0.0000	0.0000
ENSG00000279936.1	AC008806.1	TEC	2	0	2	0.0695	0.0204	0.0196
ENSG00000279939.1	AC025034.2	TEC	0	0	0	0.0000	0.0000	0.0000
ENSG00000279940.1	AC073862.3	TEC	0	0	0	0.0000	0.0000	0.0000
ENSG00000279942.1	AL353597.3	TEC	0	0	0	0.0000	0.0000	0.0000
ENSG00000279943.1	FLJ38576	TEC	11	6	6	0.3799	0.1113	0.1071
ENSG00000279945.1	AC013489.3	TEC	0	381	381	0.0000	0.0000	0.0000
ENSG00000279946.1	AC244034.3	TEC	2	0	2	0.0542	0.0159	0.0153
ENSG00000279948.1	AC008895.1	TEC	13	2	11	0.4210	0.1233	0.1188
ENSG00000279949.1	AC022784.6	lncRNA	3	1	2	0.4557	0.1335	0.1285
ENSG00000279951.1	AL138688.2	TEC	1	0	1	0.0561	0.0164	0.0158
ENSG00000279952.1	AC068787.1	TEC	0	0	0	0.0000	0.0000	0.0000
ENSG00000279953.1	AC117503.3	TEC	5	3	2	0.2994	0.0877	0.0845
ENSG00000279954.1	BX324167.2	lncRNA	0	0	0	0.0000	0.0000	0.0000
ENSG00000279955.3	AC129778.1	transcribed_unprocessed_pseudogene	0	0	0	0.0000	0.0000	0.0000
ENSG00000279956.1	AC073082.1	protein_coding	0	1	1	0.0000	0.0000	0.0000
ENSG00000279957.1	AC110769.3	TEC	0	0	0	0.0000	0.0000	0.0000
ENSG00000279958.1	AC019278.1	TEC	0	0	0	0.0000	0.0000	0.0000
ENSG00000279959.1	AC024580.2	TEC	0	0	0	0.0000	0.0000	0.0000
ENSG00000279960.1	AL137783.1	TEC	0	0	0	0.0000	0.0000	0.0000
ENSG00000279961.2	OR5R1	protein_coding	0	0	0	0.0000	0.0000	0.0000
ENSG00000279962.1	AP001525.1	TEC	0	0	0	0.0000	0.0000	0.0000
ENSG00000279964.1	AC009949.1	TEC	1	2	2	0.0464	0.0136	0.0131
ENSG00000279965.1	AL390755.2	TEC	10	5	5	0.4189	0.1227	0.1182
ENSG00000279966.2	AC008626.2	unprocessed_pseudogene	0	0	0	0.0000	0.0000	0.0000
ENSG00000279967.1	FP671120.5	TEC	0	0	0	0.0000	0.0000	0.0000
ENSG00000279968.3	CCDC28A-AS1	lncRNA	10	6	4	0.2837	0.0831	0.0800
ENSG00000279970.1	AC023024.2	TEC	103	44	59	4.3888	1.2855	1.2379
ENSG00000279971.1	AC020910.7	TEC	0	0	0	0.0000	0.0000	0.0000
ENSG00000279972.1	AL356596.1	TEC	0	0	0	0.0000	0.0000	0.0000
ENSG00000279973.2	CU104787.1	lncRNA	1	0	1	0.2949	0.0864	0.0832
ENSG00000279976.1	AC073862.4	TEC	0	0	0	0.0000	0.0000	0.0000
ENSG00000279977.1	AC008764.10	TEC	0	0	0	0.0000	0.0000	0.0000
ENSG00000279979.1	AC012629.4	TEC	0	0	0	0.0000	0.0000	0.0000
ENSG00000279980.1	GABARAPL3	TEC	2	1	2	0.0918	0.0269	0.0259
ENSG00000279981.1	AC018445.4	TEC	0	0	0	0.0000	0.0000	0.0000
ENSG00000279982.1	AL162274.3	TEC	2	0	2	0.0546	0.0160	0.0154
ENSG00000279983.1	AC244517.10	protein_coding	0	0	0	0.0000	0.0000	0.0000
ENSG00000279985.1	AC008498.2	TEC	2	0	2	0.0731	0.0214	0.0206
ENSG00000279987.1	AC008103.1	lncRNA	0	0	0	0.0000	0.0000	0.0000
ENSG00000279989.1	AC011815.3	TEC	4	3	1	0.7181	0.2104	0.2026
ENSG00000279990.1	RPSAP68	processed_pseudogene	0	0	0	0.0000	0.0000	0.0000
ENSG00000279991.1	AC009044.1	TEC	1	1	0	0.0472	0.0138	0.0133
ENSG00000279993.1	AC078925.3	TEC	1	1	0	0.0340	0.0099	0.0096
ENSG00000279994.1	AC017037.4	TEC	0	0	0	0.0000	0.0000	0.0000
ENSG00000279995.1	AC139792.3	TEC	0	0	0	0.0000	0.0000	0.0000
ENSG00000279996.1	AC004491.1	TEC	0	0	0	0.0000	0.0000	0.0000
ENSG00000279997.1	AC133485.6	TEC	0	0	0	0.0000	0.0000	0.0000
ENSG00000279998.1	FP475955.3	lncRNA	0	0	0	0.0000	0.0000	0.0000
ENSG00000280000.1	AC009135.2	TEC	0	0	0	0.0000	0.0000	0.0000
ENSG00000280002.1	AC078925.4	TEC	0	0	0	0.0000	0.0000	0.0000
ENSG00000280003.1	AC097637.2	TEC	2	2	0	0.0850	0.0249	0.0240
ENSG00000280004.1	AC005086.4	pseudogene	0	0	0	0.0000	0.0000	0.0000
ENSG00000280005.1	AC079298.2	lncRNA	0	0	0	0.0000	0.0000	0.0000
ENSG00000280007.1	AC008079.1	lncRNA	26	95	96	0.1083	0.0317	0.0305
ENSG00000280009.1	AC020923.1	TEC	0	0	0	0.0000	0.0000	0.0000
ENSG00000280010.1	AP001350.2	TEC	30	12	18	2.3287	0.6821	0.6568
ENSG00000280011.1	AL031595.2	lncRNA	1	1	1	0.0045	0.0013	0.0013
ENSG00000280012.2	RPL23AP61	processed_pseudogene	4	3	1	0.7289	0.2135	0.2056
ENSG00000280013.1	CU639417.3	processed_pseudogene	0	0	0	0.0000	0.0000	0.0000
ENSG00000280014.1	AC243960.10	TEC	1	2	1	0.1201	0.0352	0.0339
ENSG00000280015.1	AC024023.1	TEC	0	0	0	0.0000	0.0000	0.0000
ENSG00000280016.1	AC091905.4	TEC	0	0	0	0.0000	0.0000	0.0000
ENSG00000280017.1	AC112200.2	TEC	0	0	0	0.0000	0.0000	0.0000
ENSG00000280018.4	CU634019.5	lncRNA	3	1	2	0.1425	0.0417	0.0402
ENSG00000280019.1	CU633906.4	unprocessed_pseudogene	0	0	0	0.0000	0.0000	0.0000
ENSG00000280020.1	AC116407.3	TEC	7	4	3	0.5265	0.1542	0.1485
ENSG00000280021.1	OR51F1	protein_coding	0	0	0	0.0000	0.0000	0.0000
ENSG00000280022.1	AC126544.1	TEC	4	1	3	0.4535	0.1328	0.1279
ENSG00000280023.1	AD000813.1	TEC	1	0	1	0.1021	0.0299	0.0288
ENSG00000280024.1	AC048347.1	TEC	0	0	0	0.0000	0.0000	0.0000
ENSG00000280025.1	AL008638.6	lncRNA	1	1	0	0.0200	0.0058	0.0056
ENSG00000280026.1	AC005618.3	lncRNA	0	78	91	0.0000	0.0000	0.0000
ENSG00000280027.1	AC007342.9	TEC	1	0	1	0.0613	0.0180	0.0173
ENSG00000280028.1	AC007431.3	TEC	1	1	0	0.1447	0.0424	0.0408
ENSG00000280029.4	AC244517.11	lncRNA	1	7	6	0.0556	0.0163	0.0157
ENSG00000280032.1	AP002800.1	TEC	1	1	0	0.0382	0.0112	0.0108
ENSG00000280033.1	AC116407.4	TEC	3	2	1	0.2401	0.0703	0.0677
ENSG00000280035.1	AC011676.5	TEC	3	2	1	0.0958	0.0281	0.0270
ENSG00000280036.1	AC020661.4	lncRNA	1	1	0	0.0458	0.0134	0.0129
ENSG00000280037.1	AC092653.2	TEC	1	1	0	0.1655	0.0485	0.0467
ENSG00000280038.1	DNM1P41	TEC	5	4	1	0.1267	0.0371	0.0357
ENSG00000280039.1	RN7SKP23	TEC	6	90	71	0.1185	0.0347	0.0334
ENSG00000280040.1	AC095031.1	TEC	0	0	0	0.0000	0.0000	0.0000
ENSG00000280042.1	AC022336.3	TEC	3	1	2	0.1283	0.0376	0.0362
ENSG00000280043.1	AC118282.4	TEC	0	0	0	0.0000	0.0000	0.0000
ENSG00000280044.1	AC099506.2	TEC	0	0	0	0.0000	0.0000	0.0000
ENSG00000280046.1	AC104581.4	TEC	22	10	13	0.2616	0.0766	0.0738
ENSG00000280047.1	AC091825.3	TEC	38	23	15	1.2312	0.3606	0.3473
ENSG00000280048.1	AC012409.5	TEC	1	0	1	0.0248	0.0073	0.0070
ENSG00000280049.1	AC079597.1	TEC	0	0	0	0.0000	0.0000	0.0000
ENSG00000280051.1	AC079456.1	TEC	0	0	0	0.0000	0.0000	0.0000
ENSG00000280053.1	AC011199.1	TEC	4	3	1	0.1010	0.0296	0.0285
ENSG00000280054.1	AC004241.5	TEC	2	7	8	0.0694	0.0203	0.0196
ENSG00000280055.2	TMEM75	lncRNA	1	0	1	0.0392	0.0115	0.0111
ENSG00000280056.1	AC097520.1	TEC	0	0	0	0.0000	0.0000	0.0000
ENSG00000280057.1	AL022069.2	TEC	1	0	1	0.0476	0.0139	0.0134
ENSG00000280058.1	AL117378.2	TEC	0	0	0	0.0000	0.0000	0.0000
ENSG00000280059.1	AC093831.2	TEC	0	0	0	0.0000	0.0000	0.0000
ENSG00000280060.1	AL512506.2	TEC	1	1	0	0.1854	0.0543	0.0523
ENSG00000280061.1	AC011504.1	TEC	0	0	0	0.0000	0.0000	0.0000
ENSG00000280062.1	AL031719.1	TEC	0	0	1	0.0000	0.0000	0.0000
ENSG00000280063.1	AC012676.5	TEC	25	16	9	1.0859	0.3181	0.3063
ENSG00000280064.1	AC130304.1	TEC	0	683	727	0.0000	0.0000	0.0000
ENSG00000280067.1	AC023818.1	TEC	24	16	8	0.8846	0.2591	0.2495
ENSG00000280068.1	AC138965.2	TEC	0	0	0	0.0000	0.0000	0.0000
ENSG00000280069.1	AC127024.8	TEC	0	0	0	0.0000	0.0000	0.0000
ENSG00000280070.1	AL049833.3	TEC	0	0	0	0.0000	0.0000	0.0000
ENSG00000280071.4	GATD3B	protein_coding	36	20	16	0.9881	0.2894	0.2787
ENSG00000280073.1	AL157996.1	TEC	1	0	1	0.0369	0.0108	0.0104
ENSG00000280077.1	AL353763.2	TEC	42	16	26	1.8742	0.5490	0.5286
ENSG00000280078.1	AC016526.3	TEC	1	1	0	0.0216	0.0063	0.0061
ENSG00000280079.1	AC011447.7	TEC	7	5	2	0.3739	0.1095	0.1055
ENSG00000280080.2	TBC1D22A-AS1	lncRNA	3	3	0	0.1306	0.0382	0.0368
ENSG00000280081.4	LINC01667	transcribed_processed_pseudogene	1	0	1	0.0204	0.0060	0.0057
ENSG00000280082.1	AF246928.1	TEC	0	0	0	0.0000	0.0000	0.0000
ENSG00000280083.1	AC079777.1	TEC	2	2	0	0.0870	0.0255	0.0245
ENSG00000280085.1	AP001002.3	TEC	0	0	0	0.0000	0.0000	0.0000
ENSG00000280086.1	AC026887.1	TEC	0	0	0	0.0000	0.0000	0.0000
ENSG00000280087.1	AC011481.3	TEC	8	2	7	0.1214	0.0356	0.0343
ENSG00000280088.1	AC126474.2	TEC	146	72	74	7.0848	2.0752	1.9983
ENSG00000280089.1	AP000590.1	TEC	0	0	0	0.0000	0.0000	0.0000
ENSG00000280090.2	OR8B4	protein_coding	0	0	0	0.0000	0.0000	0.0000
ENSG00000280091.1	AC020895.2	TEC	0	0	0	0.0000	0.0000	0.0000
ENSG00000280092.1	AC002044.3	TEC	0	0	0	0.0000	0.0000	0.0000
ENSG00000280093.1	AP002791.1	TEC	0	0	0	0.0000	0.0000	0.0000
ENSG00000280094.2	OR1B1	protein_coding	0	0	0	0.0000	0.0000	0.0000
ENSG00000280095.1	CU639417.4	lncRNA	0	0	0	0.0000	0.0000	0.0000
ENSG00000280096.1	AC015967.2	TEC	0	0	0	0.0000	0.0000	0.0000
ENSG00000280097.1	AC073592.8	TEC	0	0	0	0.0000	0.0000	0.0000
ENSG00000280098.1	AC011155.1	TEC	0	0	0	0.0000	0.0000	0.0000
ENSG00000280099.1	AL603750.1	TEC	30	19	11	1.4838	0.4346	0.4185
ENSG00000280103.1	AC007792.1	TEC	0	0	0	0.0000	0.0000	0.0000
ENSG00000280104.1	AC010608.3	TEC	0	0	0	0.0000	0.0000	0.0000
ENSG00000280105.1	AC009487.3	TEC	0	0	0	0.0000	0.0000	0.0000
ENSG00000280106.1	AC008555.6	TEC	61	30	31	2.3894	0.6999	0.6739
ENSG00000280107.1	AL022393.1	TEC	1	1	0	0.0506	0.0148	0.0143
ENSG00000280108.2	AJ239318.1	lncRNA	2	2	0	0.2798	0.0820	0.0789
ENSG00000280109.3	PLAC4	lncRNA	8	4	5	0.0643	0.0188	0.0181
ENSG00000280110.1	AC087893.3	TEC	0	3	6	0.0000	0.0000	0.0000
ENSG00000280113.2	AL357140.3	TEC	1	0	1	0.0428	0.0125	0.0121
ENSG00000280114.1	AL021920.2	unprocessed_pseudogene	0	0	0	0.0000	0.0000	0.0000
ENSG00000280115.1	AC136603.1	TEC	0	0	0	0.0000	0.0000	0.0000
ENSG00000280116.2	AC231657.2	unprocessed_pseudogene	1	0	1	0.3330	0.0975	0.0939
ENSG00000280117.1	AC122688.4	TEC	1	1	1	0.0193	0.0057	0.0055
ENSG00000280118.3	AC090983.1	lncRNA	2	0	2	0.0436	0.0128	0.0123
ENSG00000280119.1	AC093642.3	TEC	2	2	0	0.0353	0.0104	0.0100
ENSG00000280120.1	AC073857.1	TEC	46	20	26	3.7062	1.0856	1.0454
ENSG00000280121.1	AC010335.3	TEC	0	0	0	0.0000	0.0000	0.0000
ENSG00000280122.1	AC016168.3	TEC	1	1	0	0.0262	0.0077	0.0074
ENSG00000280124.1	AP003485.2	TEC	0	0	0	0.0000	0.0000	0.0000
ENSG00000280125.1	AC005252.2	TEC	0	0	0	0.0000	0.0000	0.0000
ENSG00000280126.2	AC069542.2	pseudogene	0	0	2	0.0000	0.0000	0.0000
ENSG00000280128.1	AL662795.2	TEC	327	173	154	7.4930	2.1948	2.1134
ENSG00000280129.1	AL132780.5	TEC	4	1	4	0.2090	0.0612	0.0590
ENSG00000280131.1	AC027348.2	TEC	0	0	0	0.0000	0.0000	0.0000
ENSG00000280132.1	AC026471.6	TEC	99	67	50	4.4132	1.2927	1.2448
ENSG00000280134.1	AL731532.2	TEC	0	0	0	0.0000	0.0000	0.0000
ENSG00000280135.1	AL096816.1	TEC	1191	620	571	34.6371	10.1457	9.7696
ENSG00000280136.2	AC240565.2	lncRNA	0	0	0	0.0000	0.0000	0.0000
ENSG00000280137.1	AC116348.4	TEC	0	0	0	0.0000	0.0000	0.0000
ENSG00000280138.1	AC027290.2	TEC	24	6	18	0.1092	0.0320	0.0308
ENSG00000280139.1	AC010297.1	TEC	0	0	0	0.0000	0.0000	0.0000
ENSG00000280140.1	AC098679.3	TEC	0	0	0	0.0000	0.0000	0.0000
ENSG00000280142.1	AL357562.1	TEC	0	0	0	0.0000	0.0000	0.0000
ENSG00000280143.1	AP000892.4	TEC	0	37	37	0.0000	0.0000	0.0000
ENSG00000280144.1	AC073308.1	TEC	0	0	0	0.0000	0.0000	0.0000
ENSG00000280145.3	CU638689.4	lncRNA	7	4	3	0.0793	0.0232	0.0224
ENSG00000280147.1	AC084026.3	TEC	0	0	0	0.0000	0.0000	0.0000
ENSG00000280148.1	AL049844.3	protein_coding	0	0	0	0.0000	0.0000	0.0000
ENSG00000280149.1	AC004877.2	TEC	13	4	9	1.8430	0.5398	0.5198
ENSG00000280150.1	AC148477.9	TEC	0	0	0	0.0000	0.0000	0.0000
ENSG00000280152.1	AC009078.3	TEC	8	4	4	0.1663	0.0487	0.0469
ENSG00000280153.1	AC133065.3	TEC	0	0	0	0.0000	0.0000	0.0000
ENSG00000280154.1	AC073255.1	TEC	0	0	0	0.0000	0.0000	0.0000
ENSG00000280155.1	AL021408.2	TEC	2	0	2	0.1100	0.0322	0.0310
ENSG00000280157.1	AL359510.2	TEC	1	0	1	0.0378	0.0111	0.0107
ENSG00000280159.1	AC016583.1	TEC	1	0	1	0.0349	0.0102	0.0099
ENSG00000280160.1	AC135050.7	TEC	4	437	498	0.1531	0.0449	0.0432
ENSG00000280161.1	AC022413.1	TEC	8	6	7	0.6904	0.2022	0.1947
ENSG00000280162.1	AL136531.3	TEC	0	0	0	0.0000	0.0000	0.0000
ENSG00000280163.1	AC040160.2	TEC	0	0	0	0.0000	0.0000	0.0000
ENSG00000280164.1	CU638689.5	lncRNA	0	0	0	0.0000	0.0000	0.0000
ENSG00000280165.1	PCDH20	protein_coding	1	1	0	0.0178	0.0052	0.0050
ENSG00000280166.1	AC016542.3	TEC	0	0	1	0.0000	0.0000	0.0000
ENSG00000280167.1	AP000943.3	TEC	0	0	0	0.0000	0.0000	0.0000
ENSG00000280168.1	AC005274.1	TEC	0	0	0	0.0000	0.0000	0.0000
ENSG00000280169.1	AL136526.1	lncRNA	0	1	0	0.0000	0.0000	0.0000
ENSG00000280171.1	AC010329.5	unprocessed_pseudogene	0	0	0	0.0000	0.0000	0.0000
ENSG00000280172.1	FP475955.4	processed_pseudogene	0	0	0	0.0000	0.0000	0.0000
ENSG00000280173.1	AC104447.1	TEC	36	18	18	1.4393	0.4216	0.4060
ENSG00000280176.1	AC012486.1	TEC	0	0	0	0.0000	0.0000	0.0000
ENSG00000280177.1	AC004408.2	TEC	0	1	0	0.0000	0.0000	0.0000
ENSG00000280179.1	CU639417.5	lncRNA	0	0	0	0.0000	0.0000	0.0000
ENSG00000280180.1	AC023824.6	TEC	0	0	0	0.0000	0.0000	0.0000
ENSG00000280181.1	AC025262.1	TEC	0	0	0	0.0000	0.0000	0.0000
ENSG00000280182.1	AC131888.1	TEC	2	4	3	0.0783	0.0229	0.0221
ENSG00000280183.1	AC067852.4	TEC	0	0	0	0.0000	0.0000	0.0000
ENSG00000280184.2	AL023806.3	TEC	4	3	1	0.1256	0.0368	0.0354
ENSG00000280185.1	AC091932.3	TEC	0	0	0	0.0000	0.0000	0.0000
ENSG00000280186.1	AL359258.3	TEC	3	2	1	0.1093	0.0320	0.0308
ENSG00000280187.1	AC022107.1	TEC	369	193	176	10.1279	2.9666	2.8566
ENSG00000280189.1	AC007614.2	TEC	0	0	0	0.0000	0.0000	0.0000
ENSG00000280190.1	AC027279.4	TEC	0	0	0	0.0000	0.0000	0.0000
ENSG00000280191.3	LINC01669	lncRNA	0	0	0	0.0000	0.0000	0.0000
ENSG00000280193.1	AC132219.2	TEC	4	1	3	0.1460	0.0428	0.0412
ENSG00000280194.1	AD000864.1	TEC	6	264	234	0.2220	0.0650	0.0626
ENSG00000280195.1	AC245140.2	lncRNA	5	3985	3826	0.2190	0.0641	0.0618
ENSG00000280196.1	AC055717.3	TEC	0	0	0	0.0000	0.0000	0.0000
ENSG00000280197.1	C18orf12	TEC	0	0	0	0.0000	0.0000	0.0000
ENSG00000280198.1	AC087163.2	TEC	1	1	0	0.1213	0.0355	0.0342
ENSG00000280199.1	Z82202.1	lncRNA	0	0	0	0.0000	0.0000	0.0000
ENSG00000280200.1	AC073862.5	TEC	0	0	0	0.0000	0.0000	0.0000
ENSG00000280201.1	AP003400.6	TEC	0	0	0	0.0000	0.0000	0.0000
ENSG00000280202.1	AC005831.1	TEC	22	11	11	1.1009	0.3225	0.3105
ENSG00000280204.3	OR1S1	protein_coding	0	0	0	0.0000	0.0000	0.0000
ENSG00000280205.1	AC009716.2	TEC	0	0	0	0.0000	0.0000	0.0000
ENSG00000280206.1	AC026401.3	lncRNA	211	118	93	20.3154	5.9507	5.7301
ENSG00000280207.1	AC106795.5	lncRNA	0	0	0	0.0000	0.0000	0.0000
ENSG00000280208.1	GGT4P	unprocessed_pseudogene	1	1	0	0.0497	0.0146	0.0140
ENSG00000280211.1	AC106886.4	TEC	16	1442	1477	0.5431	0.1591	0.1532
ENSG00000280212.1	AC012254.5	TEC	0	0	0	0.0000	0.0000	0.0000
ENSG00000280213.1	UCKL1-AS1	lncRNA	4	37	31	0.0943	0.0276	0.0266
ENSG00000280214.1	AC027682.7	TEC	4	2	2	0.1602	0.0469	0.0452
ENSG00000280215.1	AC021613.2	TEC	0	0	0	0.0000	0.0000	0.0000
ENSG00000280216.1	AL022326.2	TEC	4	2	2	0.8367	0.2451	0.2360
ENSG00000280217.1	AC126564.1	TEC	0	0	0	0.0000	0.0000	0.0000
ENSG00000280219.1	AC093908.1	TEC	14	8	6	0.1469	0.0430	0.0414
ENSG00000280220.1	AL157414.3	TEC	0	0	0	0.0000	0.0000	0.0000
ENSG00000280222.1	AL365209.1	TEC	1	0	1	0.0131	0.0038	0.0037
ENSG00000280223.1	AL645820.1	TEC	0	0	0	0.0000	0.0000	0.0000
ENSG00000280224.1	AL008636.1	lncRNA	0	0	0	0.0000	0.0000	0.0000
ENSG00000280225.1	AC237221.2	TEC	0	0	0	0.0000	0.0000	0.0000
ENSG00000280227.1	AC079416.4	TEC	0	0	0	0.0000	0.0000	0.0000
ENSG00000280228.1	AC079753.1	TEC	1	0	1	0.0220	0.0064	0.0062
ENSG00000280229.1	AL161658.1	TEC	0	0	0	0.0000	0.0000	0.0000
ENSG00000280231.1	AL031719.2	TEC	7	5	2	1.2488	0.3658	0.3522
ENSG00000280232.1	AL589666.2	TEC	0	0	0	0.0000	0.0000	0.0000
ENSG00000280233.1	AC015813.7	TEC	0	8	10	0.0000	0.0000	0.0000
ENSG00000280234.1	AC124303.1	TEC	0	0	0	0.0000	0.0000	0.0000
ENSG00000280236.3	OR12D2	protein_coding	0	0	0	0.0000	0.0000	0.0000
ENSG00000280238.1	AC022400.8	TEC	0	0	0	0.0000	0.0000	0.0000
ENSG00000280239.1	AC011498.7	TEC	7	9	6	0.2933	0.0859	0.0827
ENSG00000280241.4	AC079298.3	lncRNA	2	3	0	0.0521	0.0153	0.0147
ENSG00000280242.1	AL450226.2	TEC	1	1	0	0.1934	0.0567	0.0546
ENSG00000280243.1	MTCO1P1	processed_pseudogene	0	0	0	0.0000	0.0000	0.0000
ENSG00000280244.1	AL512356.3	TEC	0	0	0	0.0000	0.0000	0.0000
ENSG00000280245.1	AC079336.7	TEC	1	0	1	0.0788	0.0231	0.0222
ENSG00000280247.1	AC005578.1	TEC	1	24	36	0.0833	0.0244	0.0235
ENSG00000280248.1	AC124319.3	TEC	1	0	1	0.0393	0.0115	0.0111
ENSG00000280249.1	AL691477.1	pseudogene	0	0	0	0.0000	0.0000	0.0000
ENSG00000280250.1	AC097372.3	TEC	0	0	0	0.0000	0.0000	0.0000
ENSG00000280251.1	AC091912.2	TEC	0	0	0	0.0000	0.0000	0.0000
ENSG00000280254.1	AC233723.2	TEC	14	3	11	0.5645	0.1654	0.1592
ENSG00000280255.1	AC004947.2	TEC	5	1	4	0.1590	0.0466	0.0448
ENSG00000280257.1	AC007741.1	TEC	0	0	0	0.0000	0.0000	0.0000
ENSG00000280261.1	AC009161.2	TEC	0	0	0	0.0000	0.0000	0.0000
ENSG00000280262.1	AC093671.1	TEC	0	0	0	0.0000	0.0000	0.0000
ENSG00000280263.1	ACTR3BP6	processed_pseudogene	0	0	0	0.0000	0.0000	0.0000
ENSG00000280265.1	AC130456.7	TEC	0	0	0	0.0000	0.0000	0.0000
ENSG00000280266.1	AC006372.4	TEC	0	0	0	0.0000	0.0000	0.0000
ENSG00000280267.4	PRAMEF26	protein_coding	0	0	0	0.0000	0.0000	0.0000
ENSG00000280268.1	AC025125.1	TEC	0	0	0	0.0000	0.0000	0.0000
ENSG00000280269.1	AP000577.2	TEC	0	0	0	0.0000	0.0000	0.0000
ENSG00000280270.1	AC068299.2	TEC	0	0	0	0.0000	0.0000	0.0000
ENSG00000280272.1	AC005858.1	TEC	0	0	0	0.0000	0.0000	0.0000
ENSG00000280273.2	AF131216.4	lncRNA	1	7	14	0.0535	0.0157	0.0151
ENSG00000280274.1	AC009145.4	TEC	0	0	0	0.0000	0.0000	0.0000
ENSG00000280275.1	Z82209.2	TEC	0	0	0	0.0000	0.0000	0.0000
ENSG00000280276.1	AC009229.4	TEC	0	3	2	0.0000	0.0000	0.0000
ENSG00000280277.1	AL079342.3	TEC	1	1	0	0.0412	0.0121	0.0116
ENSG00000280278.1	FLJ30679	TEC	3	1	2	0.1287	0.0377	0.0363
ENSG00000280279.1	LINC02887	lncRNA	0	0	0	0.0000	0.0000	0.0000
ENSG00000280280.1	AC006435.5	TEC	0	0	0	0.0000	0.0000	0.0000
ENSG00000280281.1	AL049781.1	TEC	0	0	0	0.0000	0.0000	0.0000
ENSG00000280282.1	AC138430.2	TEC	0	0	0	0.0000	0.0000	0.0000
ENSG00000280283.1	AC010601.2	TEC	0	0	0	0.0000	0.0000	0.0000
ENSG00000280284.1	AC092608.3	TEC	0	0	0	0.0000	0.0000	0.0000
ENSG00000280285.1	AC108215.1	TEC	0	0	0	0.0000	0.0000	0.0000
ENSG00000280286.1	FRG1KP	unprocessed_pseudogene	1	0	1	0.2490	0.0729	0.0702
ENSG00000280287.1	AC131212.3	TEC	24	14	10	0.4831	0.1415	0.1363
ENSG00000280288.1	AC131935.2	TEC	0	0	0	0.0000	0.0000	0.0000
ENSG00000280291.1	AC016251.1	TEC	0	0	0	0.0000	0.0000	0.0000
ENSG00000280294.1	AC011008.2	TEC	17	10	7	0.4307	0.1262	0.1215
ENSG00000280295.1	AC099811.6	TEC	1	1	0	0.0518	0.0152	0.0146
ENSG00000280296.1	AL137058.3	TEC	0	0	2	0.0000	0.0000	0.0000
ENSG00000280299.1	AC037487.4	lncRNA	0	0	0	0.0000	0.0000	0.0000
ENSG00000280300.1	AC117503.4	TEC	0	36	37	0.0000	0.0000	0.0000
ENSG00000280302.1	AP005264.6	TEC	1	0	1	0.0256	0.0075	0.0072
ENSG00000280303.2	ERICD	lncRNA	20	9	11	0.8479	0.2484	0.2392
ENSG00000280304.1	AC104260.2	TEC	2	2	0	0.0486	0.0142	0.0137
ENSG00000280305.1	AC018765.1	TEC	0	0	0	0.0000	0.0000	0.0000
ENSG00000280306.1	AC137056.2	TEC	0	0	0	0.0000	0.0000	0.0000
ENSG00000280307.1	AP000676.4	TEC	0	0	0	0.0000	0.0000	0.0000
ENSG00000280309.1	AC023300.3	TEC	0	0	0	0.0000	0.0000	0.0000
ENSG00000280310.1	AC092437.1	TEC	0	0	0	0.0000	0.0000	0.0000
ENSG00000280311.1	AC131212.4	TEC	1	1	0	0.0871	0.0255	0.0246
ENSG00000280312.1	Z83836.1	TEC	0	0	0	0.0000	0.0000	0.0000
ENSG00000280314.3	OR8K3	protein_coding	0	0	0	0.0000	0.0000	0.0000
ENSG00000280317.1	AL732618.1	TEC	0	0	0	0.0000	0.0000	0.0000
ENSG00000280318.1	AC027309.3	TEC	0	0	0	0.0000	0.0000	0.0000
ENSG00000280319.1	AC073578.4	TEC	0	0	0	0.0000	0.0000	0.0000
ENSG00000280320.1	AC025262.2	TEC	0	365	363	0.0000	0.0000	0.0000
ENSG00000280321.1	AC129502.1	TEC	2	1	1	0.1027	0.0301	0.0290
ENSG00000280322.1	AL035425.4	TEC	0	0	0	0.0000	0.0000	0.0000
ENSG00000280323.1	AC053503.5	TEC	0	0	0	0.0000	0.0000	0.0000
ENSG00000280325.1	AC074183.2	TEC	0	0	0	0.0000	0.0000	0.0000
ENSG00000280326.1	AC067931.2	TEC	0	0	0	0.0000	0.0000	0.0000
ENSG00000280327.1	Z97633.1	TEC	3	3	0	0.1538	0.0451	0.0434
ENSG00000280330.1	CTBP2P10	processed_pseudogene	0	0	0	0.0000	0.0000	0.0000
ENSG00000280331.1	AC061999.1	TEC	2	1	2	0.9596	0.2811	0.2706
ENSG00000280332.1	AC020917.4	TEC	16	7	10	0.6797	0.1991	0.1917
ENSG00000280333.1	AC090617.9	TEC	0	0	0	0.0000	0.0000	0.0000
ENSG00000280334.1	AC009084.2	TEC	1	3	3	0.0302	0.0089	0.0085
ENSG00000280335.1	AC016866.3	TEC	0	0	0	0.0000	0.0000	0.0000
ENSG00000280336.1	AC244517.12	lncRNA	0	0	0	0.0000	0.0000	0.0000
ENSG00000280337.1	DUX4L25	unprocessed_pseudogene	0	0	0	0.0000	0.0000	0.0000
ENSG00000280338.1	AC091941.1	TEC	0	0	0	0.0000	0.0000	0.0000
ENSG00000280339.1	AP001528.2	TEC	13	8	5	0.3398	0.0995	0.0958
ENSG00000280340.1	AC080080.2	TEC	0	0	0	0.0000	0.0000	0.0000
ENSG00000280341.1	AP000542.3	lncRNA	0	0	0	0.0000	0.0000	0.0000
ENSG00000280344.1	AC009166.2	TEC	1	0	1	0.0300	0.0088	0.0085
ENSG00000280345.1	AC092184.2	TEC	0	0	0	0.0000	0.0000	0.0000
ENSG00000280346.1	FP236240.3	processed_pseudogene	0	0	0	0.0000	0.0000	0.0000
ENSG00000280347.1	AC000123.3	TEC	192	103	89	3.2773	0.9600	0.9244
ENSG00000280348.1	AL138713.1	TEC	0	0	0	0.0000	0.0000	0.0000
ENSG00000280349.1	AC008133.2	TEC	0	0	0	0.0000	0.0000	0.0000
ENSG00000280350.1	LINC01726	lncRNA	0	0	0	0.0000	0.0000	0.0000
ENSG00000280351.2	AC127496.7	TEC	34	18	16	1.6058	0.4704	0.4529
ENSG00000280352.1	AC116563.2	TEC	0	0	0	0.0000	0.0000	0.0000
ENSG00000280353.1	AC011466.4	TEC	1	0	2	0.0526	0.0154	0.0148
ENSG00000280354.1	AC073592.9	TEC	0	0	0	0.0000	0.0000	0.0000
ENSG00000280355.1	AL132656.4	TEC	11	24	16	0.4402	0.1289	0.1242
ENSG00000280356.1	AL021877.2	lncRNA	0	0	0	0.0000	0.0000	0.0000
ENSG00000280357.1	AL138960.2	TEC	0	2	0	0.0000	0.0000	0.0000
ENSG00000280359.1	AC105133.2	TEC	0	0	0	0.0000	0.0000	0.0000
ENSG00000280360.1	AC092159.3	TEC	0	0	0	0.0000	0.0000	0.0000
ENSG00000280362.1	AC084759.3	TEC	0	0	0	0.0000	0.0000	0.0000
ENSG00000280364.1	AC005858.2	TEC	0	0	0	0.0000	0.0000	0.0000
ENSG00000280365.1	AC021766.1	TEC	0	0	0	0.0000	0.0000	0.0000
ENSG00000280366.1	AL161782.1	lncRNA	0	0	0	0.0000	0.0000	0.0000
ENSG00000280367.1	AP002364.1	TEC	2	1	1	0.0502	0.0147	0.0141
ENSG00000280368.1	AC034229.5	TEC	0	0	0	0.0000	0.0000	0.0000
ENSG00000280369.1	AC012640.5	TEC	3	2	1	0.7986	0.2339	0.2253
ENSG00000280371.1	AL136967.2	TEC	0	0	0	0.0000	0.0000	0.0000
ENSG00000280372.1	CR382285.2	TEC	0	0	0	0.0000	0.0000	0.0000
ENSG00000280373.1	AC091953.6	TEC	1	0	1	0.3645	0.1068	0.1028
ENSG00000280374.1	AC019080.5	lncRNA	37	14	23	4.1507	1.2158	1.1707
ENSG00000280375.1	AL359740.1	TEC	0	0	0	0.0000	0.0000	0.0000
ENSG00000280376.1	AC012186.3	TEC	0	0	0	0.0000	0.0000	0.0000
ENSG00000280377.1	AC027176.3	TEC	0	0	0	0.0000	0.0000	0.0000
ENSG00000280378.1	AL353898.3	TEC	5	3	2	0.2419	0.0709	0.0682
ENSG00000280379.1	AP003072.5	TEC	0	0	0	0.0000	0.0000	0.0000
ENSG00000280380.1	AC009831.4	TEC	0	0	0	0.0000	0.0000	0.0000
ENSG00000280381.1	AC026362.2	TEC	0	0	0	0.0000	0.0000	0.0000
ENSG00000280382.1	AC096920.1	lncRNA	0	0	0	0.0000	0.0000	0.0000
ENSG00000280383.1	Z95331.1	lncRNA	10	4	7	0.0367	0.0108	0.0104
ENSG00000280384.1	FP325332.1	lncRNA	0	0	0	0.0000	0.0000	0.0000
ENSG00000280385.1	AP000648.4	TEC	85	36	49	1.6016	0.4691	0.4517
ENSG00000280387.1	AL109806.1	TEC	2	2	0	0.1361	0.0399	0.0384
ENSG00000280388.1	AC006330.1	TEC	3	2	1	0.1282	0.0376	0.0362
ENSG00000280390.1	AC010872.1	TEC	0	0	0	0.0000	0.0000	0.0000
ENSG00000280392.1	AC007496.3	TEC	0	0	0	0.0000	0.0000	0.0000
ENSG00000280393.1	AC090574.1	TEC	0	0	0	0.0000	0.0000	0.0000
ENSG00000280394.1	AC011471.3	TEC	0	0	0	0.0000	0.0000	0.0000
ENSG00000280395.1	AL034546.1	lncRNA	0	0	0	0.0000	0.0000	0.0000
ENSG00000280396.1	AC114546.4	TEC	0	0	0	0.0000	0.0000	0.0000
ENSG00000280397.1	AC011592.1	TEC	0	0	0	0.0000	0.0000	0.0000
ENSG00000280398.1	AC005858.3	TEC	0	0	0	0.0000	0.0000	0.0000
ENSG00000280399.1	AC022497.1	TEC	26	14	12	0.5982	0.1752	0.1687
ENSG00000280400.1	AC127459.3	TEC	0	31	21	0.0000	0.0000	0.0000
ENSG00000280401.1	AC022532.1	TEC	1	0	1	0.0491	0.0144	0.0139
ENSG00000280402.1	AC093525.10	TEC	0	0	0	0.0000	0.0000	0.0000
ENSG00000280404.1	AC005086.5	pseudogene	0	0	0	0.0000	0.0000	0.0000
ENSG00000280405.1	AC026336.5	TEC	0	0	0	0.0000	0.0000	0.0000
ENSG00000280406.1	AC104985.3	TEC	0	0	0	0.0000	0.0000	0.0000
ENSG00000280407.2	AC132872.4	TEC	4	591	619	0.1223	0.0358	0.0345
ENSG00000280408.1	AC032044.2	TEC	4	3	1	1.8262	0.5349	0.5151
ENSG00000280409.1	LINC01101	TEC	0	0	0	0.0000	0.0000	0.0000
ENSG00000280411.1	IGHV1-69D	IG_V_gene	197	96	101	40.7040	11.9228	11.4808
ENSG00000280412.1	AC004790.2	TEC	0	0	0	0.0000	0.0000	0.0000
ENSG00000280414.1	AC018470.1	TEC	0	0	0	0.0000	0.0000	0.0000
ENSG00000280415.1	AC005252.3	TEC	0	0	0	0.0000	0.0000	0.0000
ENSG00000280416.1	AC009084.3	TEC	0	98	87	0.0000	0.0000	0.0000
ENSG00000280417.1	AC096887.2	TEC	16	16	11	0.6943	0.2034	0.1958
ENSG00000280418.1	AC007326.2	lncRNA	0	0	0	0.0000	0.0000	0.0000
ENSG00000280419.1	AC010531.8	TEC	0	0	0	0.0000	0.0000	0.0000
ENSG00000280420.1	AC005355.2	TEC	1	0	1	0.1755	0.0514	0.0495
ENSG00000280422.1	AC115284.2	TEC	1	1	0	0.0413	0.0121	0.0117
ENSG00000280423.1	AL359852.1	TEC	0	1	0	0.0000	0.0000	0.0000
ENSG00000280424.1	BX537318.2	TEC	2	1	2	0.0408	0.0120	0.0115
ENSG00000280425.2	AL357673.2	lncRNA	0	1	1	0.0000	0.0000	0.0000
ENSG00000280426.1	AC084876.2	TEC	11	8	3	0.5466	0.1601	0.1542
ENSG00000280429.1	AF001548.3	TEC	0	0	0	0.0000	0.0000	0.0000
ENSG00000280430.1	AP002782.1	TEC	0	0	0	0.0000	0.0000	0.0000
ENSG00000280431.1	AL160394.2	TEC	0	0	0	0.0000	0.0000	0.0000
ENSG00000280432.1	AP000962.2	TEC	0	0	0	0.0000	0.0000	0.0000
ENSG00000280433.1	FP565260.6	protein_coding	99	57	42	1.5537	0.4551	0.4382
ENSG00000280434.1	AL031595.3	lncRNA	35	19	16	0.2084	0.0610	0.0588
ENSG00000280435.1	AC006058.4	TEC	68	42	47	3.4578	1.0129	0.9753
ENSG00000280436.1	CR392039.4	unprocessed_pseudogene	0	0	0	0.0000	0.0000	0.0000
ENSG00000280438.1	AC091932.4	TEC	0	0	0	0.0000	0.0000	0.0000
ENSG00000280439.1	AC004836.1	TEC	0	0	0	0.0000	0.0000	0.0000
ENSG00000280440.1	AC002064.3	TEC	0	0	0	0.0000	0.0000	0.0000
ENSG00000280441.3	FP236383.3	lncRNA	0	0	0	0.0000	0.0000	0.0000
ENSG00000280443.1	AL136313.1	TEC	0	0	0	0.0000	0.0000	0.0000
ENSG00000280444.1	AC073592.10	TEC	0	0	0	0.0000	0.0000	0.0000
ENSG00000280445.1	AL049536.1	lncRNA	0	0	0	0.0000	0.0000	0.0000
ENSG00000280446.1	AL607033.1	TEC	0	0	0	0.0000	0.0000	0.0000
ENSG00000280449.1	AC034229.6	TEC	0	0	0	0.0000	0.0000	0.0000
ENSG00000280450.1	AL683826.1	TEC	0	0	0	0.0000	0.0000	0.0000
ENSG00000280451.1	AL356094.1	TEC	0	0	0	0.0000	0.0000	0.0000
ENSG00000280453.1	AP006248.4	TEC	0	0	0	0.0000	0.0000	0.0000
ENSG00000280454.1	AC007347.2	pseudogene	0	0	0	0.0000	0.0000	0.0000
ENSG00000280455.1	AL359745.1	lncRNA	0	0	0	0.0000	0.0000	0.0000
ENSG00000280457.1	DUX4L2	unprocessed_pseudogene	0	0	0	0.0000	0.0000	0.0000
ENSG00000280466.1	SCARNA4	scaRNA	0	0	0	0.0000	0.0000	0.0000
ENSG00000280474.1	AL356481.2	lncRNA	0	0	0	0.0000	0.0000	0.0000
ENSG00000280485.1	AL358154.1	lncRNA	0	0	0	0.0000	0.0000	0.0000
ENSG00000280486.2	AC005329.3	lncRNA	6	715	722	0.1879	0.0551	0.0530
ENSG00000280494.2	AC007182.3	miRNA	0	0	0	0.0000	0.0000	0.0000
ENSG00000280496.1	SNORA17B	snoRNA	0	0	0	0.0000	0.0000	0.0000
ENSG00000280498.1	SNORA16A	snoRNA	0	0	0	0.0000	0.0000	0.0000
ENSG00000280502.1	Metazoa_SRP	misc_RNA	2	1	1	0.5719	0.1675	0.1613
ENSG00000280511.1	AL591030.1	lncRNA	0	0	0	0.0000	0.0000	0.0000
ENSG00000280515.1	SALRNA2	lncRNA	0	0	0	0.0000	0.0000	0.0000
ENSG00000280537.2	AC068946.1	protein_coding	6	2	4	0.1096	0.0321	0.0309
ENSG00000280543.1	ASAP1-IT2	lncRNA	4	3	1	0.1672	0.0490	0.0472
ENSG00000280554.1	AC116913.2	snoRNA	0	0	0	0.0000	0.0000	0.0000
ENSG00000280560.2	LINC01374	lncRNA	0	0	0	0.0000	0.0000	0.0000
ENSG00000280561.1	AL158835.3	lncRNA	0	0	0	0.0000	0.0000	0.0000
ENSG00000280571.2	AC006059.2	protein_coding	0	0	0	0.0000	0.0000	0.0000
ENSG00000280580.1	LINC02342	lncRNA	0	0	0	0.0000	0.0000	0.0000
ENSG00000280587.1	LINC01348	lncRNA	0	0	0	0.0000	0.0000	0.0000
ENSG00000280594.1	BTG3-AS1	lncRNA	29	108	125	0.9553	0.2798	0.2694
ENSG00000280604.1	AJ239328.1	lncRNA	0	1	1	0.0000	0.0000	0.0000
ENSG00000280607.1	AC009133.5	lncRNA	0	0	0	0.0000	0.0000	0.0000
ENSG00000280614.1	FP236383.4	lncRNA	0	0	0	0.0000	0.0000	0.0000
ENSG00000280620.1	SCAANT1	lncRNA	2	1	1	0.6660	0.1951	0.1879
ENSG00000280623.1	PCAT14	lncRNA	0	0	0	0.0000	0.0000	0.0000
ENSG00000280634.1	THRIL	lncRNA	0	61	84	0.0000	0.0000	0.0000
ENSG00000280636.1	AC096587.2	snoRNA	0	0	0	0.0000	0.0000	0.0000
ENSG00000280639.1	LINC02204	lncRNA	1	1	0	0.0265	0.0078	0.0075
ENSG00000280646.2	RNA5SP196	rRNA_pseudogene	0	0	0	0.0000	0.0000	0.0000
ENSG00000280649.2	AC245100.7	TEC	13	8	13	1.0434	0.3056	0.2943
ENSG00000280650.1	KCNIP4-IT1	lncRNA	0	0	0	0.0000	0.0000	0.0000
ENSG00000280655.1	AC134981.1	IG_V_pseudogene	1	0	1	0.2440	0.0715	0.0688
ENSG00000280660.1	AL157396.1	lncRNA	0	0	0	0.0000	0.0000	0.0000
ENSG00000280665.1	AL513210.2	TEC	0	0	0	0.0000	0.0000	0.0000
ENSG00000280670.3	CCDC163	protein_coding	263	141	122	8.1009	2.3729	2.2849
ENSG00000280683.1	LINC01242	lncRNA	0	0	0	0.0000	0.0000	0.0000
ENSG00000280693.2	SH3PXD2A-AS1	lncRNA	1	1	0	0.0383	0.0112	0.0108
ENSG00000280703.1	AC060814.3	lncRNA	0	0	0	0.0000	0.0000	0.0000
ENSG00000280704.1	SNORD3E	snoRNA	0	0	0	0.0000	0.0000	0.0000
ENSG00000280707.2	HPAT5	lncRNA	0	0	0	0.0000	0.0000	0.0000
ENSG00000280709.2	LINC02203	protein_coding	0	0	0	0.0000	0.0000	0.0000
ENSG00000280710.3	AL139035.1	lncRNA	0	0	0	0.0000	0.0000	0.0000
ENSG00000280711.1	JADRR	lncRNA	0	0	0	0.0000	0.0000	0.0000
ENSG00000280719.1	PCAT5	lncRNA	1	0	1	0.0239	0.0070	0.0067
ENSG00000280721.1	LINC01943	lncRNA	29	64	57	1.6696	0.4891	0.4709
ENSG00000280725.2	LINC00251	lncRNA	0	0	0	0.0000	0.0000	0.0000
ENSG00000280734.3	LINC01232	lncRNA	99	54	51	1.3562	0.3973	0.3825
ENSG00000280739.3	EIF1B-AS1	lncRNA	55	28	32	0.2412	0.0707	0.0680
ENSG00000280744.1	LINC01173	lncRNA	0	0	0	0.0000	0.0000	0.0000
ENSG00000280752.1	LINC00850	lncRNA	0	0	0	0.0000	0.0000	0.0000
ENSG00000280757.1	DUX4L1	unprocessed_pseudogene	0	0	0	0.0000	0.0000	0.0000
ENSG00000280758.1	AL356481.3	lncRNA	0	490	483	0.0000	0.0000	0.0000
ENSG00000280767.3	AL732314.4	lncRNA	0	0	0	0.0000	0.0000	0.0000
ENSG00000280767.3_PAR_Y	AL732314.4	lncRNA	0	0	0	0.0000	0.0000	0.0000
ENSG00000280773.2	AP003304.1	miRNA	0	0	0	0.0000	0.0000	0.0000
ENSG00000280776.2	LINC01202	lncRNA	0	0	0	0.0000	0.0000	0.0000
ENSG00000280778.1	AC243547.3	protein_coding	0	0	0	0.0000	0.0000	0.0000
ENSG00000280780.2	JAKMIP2-AS1	lncRNA	0	4	3	0.0000	0.0000	0.0000
ENSG00000280789.2	PAGR1	protein_coding	283	196	193	6.2035	1.8171	1.7497
ENSG00000280798.1	LINC00294	lncRNA	910	591	587	23.3750	6.8469	6.5930
ENSG00000280799.1	DUX4L5	unprocessed_pseudogene	0	0	0	0.0000	0.0000	0.0000
ENSG00000280800.1	FP671120.6	lncRNA	1	1	0	0.0920	0.0269	0.0260
ENSG00000280809.4	LINC00836	lncRNA	0	0	0	0.0000	0.0000	0.0000
ENSG00000280828.1	AC090114.3	unprocessed_pseudogene	2	1	1	0.2049	0.0600	0.0578
ENSG00000280832.1	GSEC	lncRNA	261	130	131	5.9533	1.7438	1.6792
ENSG00000280836.1	AL355480.1	pseudogene	0	0	0	0.0000	0.0000	0.0000
ENSG00000280837.1	CPS1-IT1	lncRNA	0	0	0	0.0000	0.0000	0.0000
ENSG00000280850.1	AL121956.5	lncRNA	0	0	0	0.0000	0.0000	0.0000
ENSG00000280852.2	AC025048.6	transcribed_processed_pseudogene	37	21	16	2.7063	0.7927	0.7633
ENSG00000280870.3	MIR325HG	lncRNA	0	0	0	0.0000	0.0000	0.0000
ENSG00000280878.1	AC017002.2	lncRNA	0	0	0	0.0000	0.0000	0.0000
ENSG00000280881.1	AC060814.4	lncRNA	0	0	0	0.0000	0.0000	0.0000
ENSG00000280890.1	ELDR	lncRNA	0	0	0	0.0000	0.0000	0.0000
ENSG00000280893.1	AC009133.6	protein_coding	0	0	0	0.0000	0.0000	0.0000
ENSG00000280894.1	SNORA50D	snoRNA	0	0	0	0.0000	0.0000	0.0000
ENSG00000280904.1	AC104446.3	snoRNA	0	0	0	0.0000	0.0000	0.0000
ENSG00000280913.2	CTSLP3	transcribed_unprocessed_pseudogene	0	0	0	0.0000	0.0000	0.0000
ENSG00000280916.2	FOXCUT	lncRNA	1	0	1	0.0364	0.0107	0.0103
ENSG00000280920.1	AC092848.1	lncRNA	0	0	0	0.0000	0.0000	0.0000
ENSG00000280924.1	LINC00628	lncRNA	0	0	0	0.0000	0.0000	0.0000
ENSG00000280927.1	CTBP1-AS	lncRNA	23	1292	1237	0.5026	0.1472	0.1418
ENSG00000280936.1	AL353658.1	lncRNA	0	0	0	0.0000	0.0000	0.0000
ENSG00000280953.2	LINC01163	lncRNA	0	0	0	0.0000	0.0000	0.0000
ENSG00000280958.1	AC004808.1	TEC	0	0	0	0.0000	0.0000	0.0000
ENSG00000280961.1	TTTY3B	lncRNA	0	0	0	0.0000	0.0000	0.0000
ENSG00000280968.1	AC002059.2	miRNA	0	0	0	0.0000	0.0000	0.0000
ENSG00000280969.2	RPS4Y2	protein_coding	0	0	0	0.0000	0.0000	0.0000
ENSG00000280987.4	MATR3	protein_coding	2	1	1	0.0267	0.0078	0.0075
ENSG00000280989.2	LINC00581	lncRNA	0	0	0	0.0000	0.0000	0.0000
ENSG00000280991.1	AL121956.6	unprocessed_pseudogene	0	0	0	0.0000	0.0000	0.0000
ENSG00000280997.1	CCAT2	lncRNA	0	0	0	0.0000	0.0000	0.0000
ENSG00000281000.1	SNORD3D	snoRNA	0	0	0	0.0000	0.0000	0.0000
ENSG00000281005.1	LINC00921	lncRNA	15	6	9	0.5161	0.1512	0.1456
ENSG00000281008.1	AC004808.2	TEC	0	0	0	0.0000	0.0000	0.0000
ENSG00000281010.1	AC009065.9	snoRNA	0	0	0	0.0000	0.0000	0.0000
ENSG00000281016.1	AC092574.2	lncRNA	0	0	0	0.0000	0.0000	0.0000
ENSG00000281021.1	AL078581.4	lncRNA	2	98	109	0.2283	0.0669	0.0644
ENSG00000281026.1	N4BP2L2-IT2	lncRNA	29	16	13	0.5036	0.1475	0.1420
ENSG00000281039.1	AC005154.5	protein_coding	0	0	0	0.0000	0.0000	0.0000
ENSG00000281058.1	DUX4L6	unprocessed_pseudogene	0	0	0	0.0000	0.0000	0.0000
ENSG00000281072.1	AC073476.3	pseudogene	1	1	0	1.1795	0.3455	0.3327
ENSG00000281087.1	AC135068.7	processed_pseudogene	1	1	0	0.1365	0.0400	0.0385
ENSG00000281091.3	AL117327.1	lncRNA	20	15	5	0.6244	0.1829	0.1761
ENSG00000281097.1	LINC01395	lncRNA	0	0	0	0.0000	0.0000	0.0000
ENSG00000281100.1	AC105749.1	TEC	4	2	2	0.1692	0.0496	0.0477
ENSG00000281103.2	TRG-AS1	lncRNA	66	38	29	0.7558	0.2214	0.2132
ENSG00000281106.4	TMEM272	protein_coding	34	22	23	0.6952	0.2036	0.1961
ENSG00000281112.1	AL355480.2	pseudogene	0	0	0	0.0000	0.0000	0.0000
ENSG00000281113.1	AC135068.8	lncRNA	0	0	0	0.0000	0.0000	0.0000
ENSG00000281120.1	AC006355.2	lncRNA	0	0	0	0.0000	0.0000	0.0000
ENSG00000281128.2	PTENP1-AS	lncRNA	1	4	0	0.0176	0.0052	0.0050
ENSG00000281131.1	SCHLAP1	lncRNA	0	0	0	0.0000	0.0000	0.0000
ENSG00000281133.1	AL355480.3	pseudogene	0	0	0	0.0000	0.0000	0.0000
ENSG00000281156.1	MIR3651	miRNA	0	0	0	0.0000	0.0000	0.0000
ENSG00000281159.1	AC112786.1	scaRNA	0	0	0	0.0000	0.0000	0.0000
ENSG00000281160.1	AC018358.1	lncRNA	0	0	0	0.0000	0.0000	0.0000
ENSG00000281162.2	LINC01127	lncRNA	3	0	3	0.0663	0.0194	0.0187
ENSG00000281167.1	AL355390.2	lncRNA	0	0	0	0.0000	0.0000	0.0000
ENSG00000281179.1	AC135068.9	IG_V_gene	1	1	0	0.2406	0.0705	0.0679
ENSG00000281181.1	FP236383.5	lncRNA	1	1	0	0.0920	0.0269	0.0260
ENSG00000281183.1	NPTN-IT1	lncRNA	36	19	17	1.3391	0.3922	0.3777
ENSG00000281186.1	LINC00706	lncRNA	0	1	0	0.0000	0.0000	0.0000
ENSG00000281189.1	GHET1	lncRNA	55	25	30	2.4505	0.7178	0.6912
ENSG00000281195.1	AC007878.1	lncRNA	15	10	5	0.7887	0.2310	0.2225
ENSG00000281196.1	LINC00934	lncRNA	0	0	0	0.0000	0.0000	0.0000
ENSG00000281202.2	LINC01097	lncRNA	0	0	0	0.0000	0.0000	0.0000
ENSG00000281207.1	SLFNL1-AS1	lncRNA	5	108	95	0.0885	0.0259	0.0250
ENSG00000281219.2	LINC00254	lncRNA	0	0	0	0.0000	0.0000	0.0000
ENSG00000281228.1	AL132640.3	pseudogene	0	0	0	0.0000	0.0000	0.0000
ENSG00000281248.1	LINC02536	lncRNA	0	0	0	0.0000	0.0000	0.0000
ENSG00000281264.1	SALRNA3	lncRNA	0	0	0	0.0000	0.0000	0.0000
ENSG00000281269.1	AC068724.2	pseudogene	0	0	0	0.0000	0.0000	0.0000
ENSG00000281295.1	Z69713.1	snoRNA	0	0	0	0.0000	0.0000	0.0000
ENSG00000281311.1	AC025362.1	snoRNA	0	0	0	0.0000	0.0000	0.0000
ENSG00000281327.2	LINC01338	lncRNA	2	1	1	0.0506	0.0148	0.0143
ENSG00000281332.1	LINC00997	lncRNA	90	64	44	2.8885	0.8461	0.8147
ENSG00000281333.2	AC024941.2	lncRNA	11	3	11	0.9600	0.2812	0.2708
ENSG00000281344.1	HELLPAR	lncRNA	23	277	275	0.0095	0.0028	0.0027
ENSG00000281347.3	NF1P9	transcribed_unprocessed_pseudogene	0	0	0	0.0000	0.0000	0.0000
ENSG00000281348.1	AC120114.4	protein_coding	0	0	0	0.0000	0.0000	0.0000
ENSG00000281357.3	ARRDC3-AS1	lncRNA	17	19	13	0.1904	0.0558	0.0537
ENSG00000281358.1	RASSF1-AS1	lncRNA	0	17	17	0.0000	0.0000	0.0000
ENSG00000281365.1	AL049541.1	lncRNA	0	0	0	0.0000	0.0000	0.0000
ENSG00000281369.1	AC093826.1	pseudogene	0	0	0	0.0000	0.0000	0.0000
ENSG00000281371.1	INE2	lncRNA	0	26	23	0.0000	0.0000	0.0000
ENSG00000281376.1	ABALON	lncRNA	0	1869	1942	0.0000	0.0000	0.0000
ENSG00000281379.2	SEPTIN14P19	transcribed_unprocessed_pseudogene	0	0	0	0.0000	0.0000	0.0000
ENSG00000281383.1	FP671120.7	lncRNA	16	3	13	1.4721	0.4312	0.4152
ENSG00000281386.1	AP003500.1	lncRNA	0	0	0	0.0000	0.0000	0.0000
ENSG00000281392.2	LINC00506	lncRNA	9	4	5	0.0786	0.0230	0.0222
ENSG00000281394.1	SCARNA4	scaRNA	0	0	0	0.0000	0.0000	0.0000
ENSG00000281398.4	SNHG4	lncRNA	486	267	243	9.2350	2.7051	2.6048
ENSG00000281404.2	LINC01176	lncRNA	29	14	15	0.4833	0.1416	0.1363
ENSG00000281406.2	BLACAT1	protein_coding	0	0	0	0.0000	0.0000	0.0000
ENSG00000281420.1	AP001052.1	pseudogene	1	0	1	0.8578	0.2513	0.2419
ENSG00000281426.1	MIR548BB	miRNA	0	0	0	0.0000	0.0000	0.0000
ENSG00000281450.1	PANDAR	lncRNA	0	11	7	0.0000	0.0000	0.0000
ENSG00000281453.1	TGFB2-OT1	lncRNA	0	0	0	0.0000	0.0000	0.0000
ENSG00000281460.1	AL049541.2	lncRNA	0	0	0	0.0000	0.0000	0.0000
ENSG00000281468.1	AC006504.7	lncRNA	77	38	39	10.2974	3.0163	2.9045
ENSG00000281469.1	AC019226.1	TEC	2	0	2	0.3298	0.0966	0.0930
ENSG00000281473.1	PISRT1	lncRNA	0	0	0	0.0000	0.0000	0.0000
ENSG00000281477.1	LINC01955	lncRNA	0	0	0	0.0000	0.0000	0.0000
ENSG00000281490.1	CICP14	processed_pseudogene	136	62	74	4.2274	1.2383	1.1924
ENSG00000281491.1	DNAJB5-DT	lncRNA	1	0	1	0.1134	0.0332	0.0320
ENSG00000281501.1	SEPSECS-AS1	lncRNA	56	28	28	1.0917	0.3198	0.3079
ENSG00000281516.1	AC112786.2	scaRNA	0	0	0	0.0000	0.0000	0.0000
ENSG00000281530.1	AC004461.2	lncRNA	3	1	2	0.3173	0.0929	0.0895
ENSG00000281538.1	AC254562.3	lncRNA	4	3	2	0.5383	0.1577	0.1518
ENSG00000281548.1	LINC00895	lncRNA	0	0	0	0.0000	0.0000	0.0000
ENSG00000281550.1	AC135068.10	IG_V_pseudogene	1	1	0	0.2392	0.0701	0.0675
ENSG00000281560.1	LSINCT5	lncRNA	0	0	0	0.0000	0.0000	0.0000
ENSG00000281566.3	AL157778.1	lncRNA	0	0	0	0.0000	0.0000	0.0000
ENSG00000281571.2	AC241585.2	TEC	10	15	16	0.7805	0.2286	0.2201
ENSG00000281591.1	DBET	lncRNA	0	0	0	0.0000	0.0000	0.0000
ENSG00000281593.1	AC006978.2	protein_coding	0	0	0	0.0000	0.0000	0.0000
ENSG00000281613.2	AL365214.2	protein_coding	0	0	0	0.0000	0.0000	0.0000
ENSG00000281627.1	DUX4L3	unprocessed_pseudogene	0	0	0	0.0000	0.0000	0.0000
ENSG00000281641.3	SAMD12-AS1	lncRNA	0	0	0	0.0000	0.0000	0.0000
ENSG00000281649.2	EBLN3P	lncRNA	1515	755	760	12.2621	3.5918	3.4586
ENSG00000281652.1	DUX4L7	unprocessed_pseudogene	0	0	0	0.0000	0.0000	0.0000
ENSG00000281655.1	AP000851.2	lncRNA	0	0	0	0.0000	0.0000	0.0000
ENSG00000281664.1	LINC00538	lncRNA	0	1	0	0.0000	0.0000	0.0000
ENSG00000281691.1	RBM5-AS1	lncRNA	1	60	79	0.0613	0.0179	0.0173
ENSG00000281692.2	PACRG-AS1	lncRNA	2	1	1	0.0189	0.0055	0.0053
ENSG00000281696.1	MIR664A	miRNA	0	0	0	0.0000	0.0000	0.0000
ENSG00000281706.3	LINC01012	lncRNA	2	1	1	0.0376	0.0110	0.0106
ENSG00000281708.1	ERC2-IT1	lncRNA	0	0	0	0.0000	0.0000	0.0000
ENSG00000281710.1	U3	snoRNA	0	0	0	0.0000	0.0000	0.0000
ENSG00000281720.1	DUX4L8	unprocessed_pseudogene	0	0	0	0.0000	0.0000	0.0000
ENSG00000281721.1	LINC01080	lncRNA	2	1	1	0.0758	0.0222	0.0214
ENSG00000281731.3	METTL14-DT	lncRNA	5	3	2	0.0564	0.0165	0.0159
ENSG00000281732.1	Z84468.1	lncRNA	0	0	0	0.0000	0.0000	0.0000
ENSG00000281741.2	AC241377.3	TEC	3	22	18	0.2342	0.0686	0.0660
ENSG00000281756.1	C2-AS1	lncRNA	1	8	9	0.1114	0.0326	0.0314
ENSG00000281769.1	LINC01230	lncRNA	0	0	0	0.0000	0.0000	0.0000
ENSG00000281772.1	AC019226.2	TEC	1	0	1	0.2003	0.0587	0.0565
ENSG00000281778.1	LINC00550	lncRNA	0	0	0	0.0000	0.0000	0.0000
ENSG00000281780.1	snoZ196	snoRNA	1	1	0	0.9542	0.2795	0.2691
ENSG00000281808.1	AL355987.6	snoRNA	0	0	0	0.0000	0.0000	0.0000
ENSG00000281809.1	LINC01394	lncRNA	0	0	0	0.0000	0.0000	0.0000
ENSG00000281825.1	AL355480.4	pseudogene	0	0	0	0.0000	0.0000	0.0000
ENSG00000281831.1	HCP5B	lncRNA	4	1	3	0.1798	0.0527	0.0507
ENSG00000281832.1	LINC00602	lncRNA	0	18	24	0.0000	0.0000	0.0000
ENSG00000281842.2	MIR1291	miRNA	0	0	0	0.0000	0.0000	0.0000
ENSG00000281849.3	AL732314.10	lncRNA	0	0	0	0.0000	0.0000	0.0000
ENSG00000281849.3_PAR_Y	AL732314.10	lncRNA	0	0	0	0.0000	0.0000	0.0000
ENSG00000281852.1	LINC00891	lncRNA	1	1	0	0.0206	0.0060	0.0058
ENSG00000281856.1	AC106017.2	lncRNA	0	0	0	0.0000	0.0000	0.0000
ENSG00000281859.1	SNORD38B	snoRNA	0	0	0	0.0000	0.0000	0.0000
ENSG00000281863.1	AC034186.2	snoRNA	0	0	0	0.0000	0.0000	0.0000
ENSG00000281880.2	PAUPAR	lncRNA	0	0	0	0.0000	0.0000	0.0000
ENSG00000281883.1	AL512506.3	protein_coding	0	0	0	0.0000	0.0000	0.0000
ENSG00000281887.3	GIMAP1-GIMAP5	protein_coding	0	0	0	0.0000	0.0000	0.0000
ENSG00000281896.1	AC018638.8	transcribed_unprocessed_pseudogene	0	0	0	0.0000	0.0000	0.0000
ENSG00000281903.2	LINC02246	lncRNA	20	9	11	0.4672	0.1369	0.1318
ENSG00000281904.1	AC233263.7	lncRNA	0	0	0	0.0000	0.0000	0.0000
ENSG00000281909.1	HERC2P7	unprocessed_pseudogene	0	0	0	0.0000	0.0000	0.0000
ENSG00000281910.1	SNORA50A	snoRNA	0	0	0	0.0000	0.0000	0.0000
ENSG00000281912.1	LINC01144	lncRNA	52	26	30	2.5824	0.7564	0.7284
ENSG00000281920.1	AC007389.3	lncRNA	39	22	17	4.4515	1.3039	1.2556
ENSG00000281938.2	AC034228.3	protein_coding	0	0	0	0.0000	0.0000	0.0000
ENSG00000281941.1	AC073488.2	processed_pseudogene	0	0	0	0.0000	0.0000	0.0000
ENSG00000281955.1	AC073488.3	processed_pseudogene	0	0	0	0.0000	0.0000	0.0000
ENSG00000281958.1	TRBJ1-4	TR_J_gene	3	2	1	4.9953	1.4632	1.4090
ENSG00000281961.1	AF067845.4	lncRNA	0	0	0	0.0000	0.0000	0.0000
ENSG00000281969.1	AL592158.1	TEC	15	8	7	0.2845	0.0833	0.0803
ENSG00000281974.1	AC025268.1	TEC	0	0	0	0.0000	0.0000	0.0000
ENSG00000281990.1	IGHV1-69-2	IG_V_gene	0	0	0	0.0000	0.0000	0.0000
ENSG00000281991.2	TMEM265	protein_coding	0	0	0	0.0000	0.0000	0.0000
ENSG00000282012.1	AP000357.2	lncRNA	0	0	0	0.0000	0.0000	0.0000
ENSG00000282021.1	AC100810.3	lncRNA	8	4	5	0.3033	0.0888	0.0855
ENSG00000282022.1	AC006581.2	lncRNA	0	0	0	0.0000	0.0000	0.0000
ENSG00000282024.1	AL009031.1	lncRNA	0	0	0	0.0000	0.0000	0.0000
ENSG00000282033.1	AC074387.1	lncRNA	0	0	0	0.0000	0.0000	0.0000
ENSG00000282034.1	AC106886.5	protein_coding	0	0	0	0.0000	0.0000	0.0000
ENSG00000282041.1	Z82244.1	lncRNA	0	0	0	0.0000	0.0000	0.0000
ENSG00000282048.1	AL591742.2	lncRNA	0	0	0	0.0000	0.0000	0.0000
ENSG00000282051.1	AC010507.1	transcribed_processed_pseudogene	0	0	0	0.0000	0.0000	0.0000
ENSG00000282057.1	AC092807.3	lncRNA	7	4	3	0.1648	0.0483	0.0465
ENSG00000282059.1	CICP19	processed_pseudogene	0	0	0	0.0000	0.0000	0.0000
ENSG00000282080.1	AC006511.4	lncRNA	0	0	0	0.0000	0.0000	0.0000
ENSG00000282089.1	IGHD3OR15-3B	IG_D_gene	0	0	0	0.0000	0.0000	0.0000
ENSG00000282097.1	AL160408.6	lncRNA	0	0	0	0.0000	0.0000	0.0000
ENSG00000282100.1	HSP90AB4P	processed_pseudogene	3	0	3	0.1619	0.0474	0.0457
ENSG00000282111.1	LINC02815	lncRNA	0	0	0	0.0000	0.0000	0.0000
ENSG00000282121.1	AL592430.2	lncRNA	0	0	0	0.0000	0.0000	0.0000
ENSG00000282122.1	IGHV7-4-1	IG_V_gene	4	1	3	0.8450	0.2475	0.2383
ENSG00000282133.1	TRBJ1-3	TR_J_gene	2	1	1	3.3968	0.9950	0.9581
ENSG00000282137.1	OR4G3P	unprocessed_pseudogene	0	0	0	0.0000	0.0000	0.0000
ENSG00000282142.2	AC245187.2	lncRNA	0	0	0	0.0000	0.0000	0.0000
ENSG00000282143.1	AL137798.2	lncRNA	0	0	0	0.0000	0.0000	0.0000
ENSG00000282160.1	AF067845.5	lncRNA	0	0	0	0.0000	0.0000	0.0000
ENSG00000282164.3	PEG13	lncRNA	23	8	15	0.3457	0.1013	0.0975
ENSG00000282173.1	TRBJ1-5	TR_J_gene	4	2	2	6.7936	1.9900	1.9162
ENSG00000282199.1	AC007993.3	lncRNA	0	0	0	0.0000	0.0000	0.0000
ENSG00000282206.1	AC233280.36	unprocessed_pseudogene	0	0	0	0.0000	0.0000	0.0000
ENSG00000282218.1	AL132671.2	protein_coding	0	0	0	0.0000	0.0000	0.0000
ENSG00000282221.1	AC119427.1	lncRNA	2	2	0	0.3055	0.0895	0.0862
ENSG00000282222.1	AC073488.4	processed_pseudogene	0	0	0	0.0000	0.0000	0.0000
ENSG00000282246.1	AL157392.5	protein_coding	0	0	0	0.0000	0.0000	0.0000
ENSG00000282265.1	AL450990.1	lncRNA	1	0	1	0.1459	0.0427	0.0412
ENSG00000282268.1	IGHD2OR15-2B	IG_D_gene	0	0	0	0.0000	0.0000	0.0000
ENSG00000282277.1	CYP3A51P	unprocessed_pseudogene	0	0	0	0.0000	0.0000	0.0000
ENSG00000282278.1	AC058822.1	protein_coding	0	0	0	0.0000	0.0000	0.0000
ENSG00000282299.1	AC073488.5	processed_pseudogene	0	0	0	0.0000	0.0000	0.0000
ENSG00000282300.1	AC073488.6	processed_pseudogene	0	0	0	0.0000	0.0000	0.0000
ENSG00000282301.3	CYP3A7-CYP3A51P	protein_coding	0	0	0	0.0000	0.0000	0.0000
ENSG00000282304.1	AC140479.4	lncRNA	1	0	1	0.0911	0.0267	0.0257
ENSG00000282306.1	AC073488.7	processed_pseudogene	0	0	0	0.0000	0.0000	0.0000
ENSG00000282308.1	DPRXP3	processed_pseudogene	0	0	0	0.0000	0.0000	0.0000
ENSG00000282317.1	AL451007.2	lncRNA	0	0	0	0.0000	0.0000	0.0000
ENSG00000282320.1	TRBJ1-1	TR_J_gene	0	0	0	0.0000	0.0000	0.0000
ENSG00000282321.1	MTND1P7	unprocessed_pseudogene	0	0	0	0.0000	0.0000	0.0000
ENSG00000282327.1	AC134503.1	processed_pseudogene	0	0	0	0.0000	0.0000	0.0000
ENSG00000282339.1	AC010507.2	transcribed_processed_pseudogene	0	0	0	0.0000	0.0000	0.0000
ENSG00000282358.1	AC073488.8	processed_pseudogene	0	0	0	0.0000	0.0000	0.0000
ENSG00000282375.1	AC100797.4	lncRNA	0	0	0	0.0000	0.0000	0.0000
ENSG00000282381.1	AC104073.4	lncRNA	0	0	0	0.0000	0.0000	0.0000
ENSG00000282386.1	AL358472.4	lncRNA	24	12	12	2.8706	0.8408	0.8097
ENSG00000282390.1	AL392083.1	lncRNA	0	0	0	0.0000	0.0000	0.0000
ENSG00000282393.1	AC016588.2	lncRNA	31	17	14	0.8714	0.2553	0.2458
ENSG00000282408.1	AL109920.1	lncRNA	0	0	0	0.0000	0.0000	0.0000
ENSG00000282413.1	AL133461.1	processed_pseudogene	0	0	0	0.0000	0.0000	0.0000
ENSG00000282416.1	AC092299.1	processed_pseudogene	0	0	0	0.0000	0.0000	0.0000
ENSG00000282418.1	AC092811.1	lncRNA	0	1	0	0.0000	0.0000	0.0000
ENSG00000282419.3	TEX13D	protein_coding	4	2	2	0.0791	0.0232	0.0223
ENSG00000282420.1	TRBJ1-2	TR_J_gene	0	0	0	0.0000	0.0000	0.0000
ENSG00000282431.1	TRBD1	TR_D_gene	8	3	5	56.6136	16.5830	15.9682
ENSG00000282432.1	AL356095.3	transcribed_unprocessed_pseudogene	0	0	0	0.0000	0.0000	0.0000
ENSG00000282440.1	AC074099.1	lncRNA	0	0	0	0.0000	0.0000	0.0000
ENSG00000282458.1	WASH5P	transcribed_processed_pseudogene	2	1	1	0.0268	0.0079	0.0076
ENSG00000282478.1	AL109837.2	lncRNA	0	0	0	0.0000	0.0000	0.0000
ENSG00000282499.1	TRBV25-1	TR_V_gene	4	3	1	0.8916	0.2611	0.2515
ENSG00000282501.1	AC073488.9	processed_pseudogene	0	0	0	0.0000	0.0000	0.0000
ENSG00000282502.1	FKBP1AP4	processed_pseudogene	0	0	0	0.0000	0.0000	0.0000
ENSG00000282508.2	LINC01002	lncRNA	6	4	2	0.0585	0.0171	0.0165
ENSG00000282511.1	CLUHP10	unprocessed_pseudogene	0	1	0	0.0000	0.0000	0.0000
ENSG00000282520.1	IGHD3OR15-3A	IG_D_gene	0	0	0	0.0000	0.0000	0.0000
ENSG00000282527.1	AC110491.3	lncRNA	0	18	27	0.0000	0.0000	0.0000
ENSG00000282535.1	AC092192.1	lncRNA	0	0	0	0.0000	0.0000	0.0000
ENSG00000282542.1	AC008993.1	TEC	0	0	0	0.0000	0.0000	0.0000
ENSG00000282556.3	AC068733.3	lncRNA	4	1044	1039	0.0713	0.0209	0.0201
ENSG00000282564.1	AL133516.1	lncRNA	0	0	0	0.0000	0.0000	0.0000
ENSG00000282572.2	AC215522.2	lncRNA	0	0	0	0.0000	0.0000	0.0000
ENSG00000282591.1	FAM138F	lncRNA	0	0	0	0.0000	0.0000	0.0000
ENSG00000282599.1	IGHD2OR15-2A	IG_D_gene	0	0	0	0.0000	0.0000	0.0000
ENSG00000282600.2	IGHV3-69-1	IG_V_pseudogene	30	13	17	7.2789	2.1321	2.0531
ENSG00000282602.1	Z82244.2	lncRNA	0	0	0	0.0000	0.0000	0.0000
ENSG00000282608.2	ADORA3	protein_coding	59	32	27	1.9572	0.5733	0.5520
ENSG00000282625.1	MRPL57P8	processed_pseudogene	0	0	0	0.0000	0.0000	0.0000
ENSG00000282639.1	IGHV3-64D	IG_V_gene	4914	2432	2482	1182.1504	346.2704	333.4324
ENSG00000282651.2	IGHV5-10-1	IG_V_gene	616	321	295	127.5878	37.3725	35.9869
ENSG00000282668.1	AC073488.10	processed_pseudogene	0	0	0	0.0000	0.0000	0.0000
ENSG00000282686.1	AC245519.2	lncRNA	0	0	0	0.0000	0.0000	0.0000
ENSG00000282692.1	AC129915.3	lncRNA	0	0	0	0.0000	0.0000	0.0000
ENSG00000282697.1	AC073488.11	processed_pseudogene	0	0	0	0.0000	0.0000	0.0000
ENSG00000282718.1	AC104333.4	lncRNA	0	0	0	0.0000	0.0000	0.0000
ENSG00000282728.1	PGR-AS1	lncRNA	0	0	0	0.0000	0.0000	0.0000
ENSG00000282732.1	AC073539.14	unprocessed_pseudogene	0	0	0	0.0000	0.0000	0.0000
ENSG00000282738.1	AC243829.7	unprocessed_pseudogene	0	0	0	0.0000	0.0000	0.0000
ENSG00000282740.1	AL021920.3	lncRNA	0	0	1	0.0000	0.0000	0.0000
ENSG00000282742.1	AC093323.3	TEC	0	0	0	0.0000	0.0000	0.0000
ENSG00000282757.4	DUXB	protein_coding	0	0	0	0.0000	0.0000	0.0000
ENSG00000282759.1	AC026950.2	lncRNA	0	0	0	0.0000	0.0000	0.0000
ENSG00000282772.1	AL358790.1	lncRNA	2	60	51	0.1838	0.0538	0.0518
ENSG00000282780.1	TRBJ1-6	TR_J_gene	3	2	1	4.8068	1.4080	1.3558
ENSG00000282785.1	MALLP1	transcribed_unprocessed_pseudogene	0	0	0	0.0000	0.0000	0.0000
ENSG00000282787.1	AL157888.1	lncRNA	1	0	1	0.1432	0.0419	0.0404
ENSG00000282793.1	AC090164.4	lncRNA	0	0	0	0.0000	0.0000	0.0000
ENSG00000282798.1	AC008993.2	TEC	0	0	0	0.0000	0.0000	0.0000
ENSG00000282804.1	AL512428.1	protein_coding	0	0	0	0.0000	0.0000	0.0000
ENSG00000282807.3	AC008993.3	lncRNA	0	0	0	0.0000	0.0000	0.0000
ENSG00000282815.1	TEX13C	protein_coding	19	11	8	0.3167	0.0928	0.0893
ENSG00000282816.1	AC000035.1	lncRNA	0	0	0	0.0000	0.0000	0.0000
ENSG00000282826.2	FRG1CP	transcribed_unprocessed_pseudogene	369	195	175	11.4783	3.3622	3.2375
ENSG00000282828.2	AC009971.1	lncRNA	0	0	0	0.0000	0.0000	0.0000
ENSG00000282834.1	AP000787.3	processed_pseudogene	0	0	0	0.0000	0.0000	0.0000
ENSG00000282836.1	AC068544.2	lncRNA	0	0	0	0.0000	0.0000	0.0000
ENSG00000282840.1	AC004554.1	lncRNA	0	0	0	0.0000	0.0000	0.0000
ENSG00000282842.1	FRG2EP	unprocessed_pseudogene	0	0	0	0.0000	0.0000	0.0000
ENSG00000282843.1	AL590644.2	lncRNA	0	0	0	0.0000	0.0000	0.0000
ENSG00000282849.1	AL359834.1	lncRNA	0	0	1	0.0000	0.0000	0.0000
ENSG00000282850.2	RHOXF1P2	unprocessed_pseudogene	0	0	0	0.0000	0.0000	0.0000
ENSG00000282851.2	BISPR	lncRNA	335	207	196	9.3426	2.7366	2.6351
ENSG00000282852.1	AL137790.2	processed_pseudogene	0	0	0	0.0000	0.0000	0.0000
ENSG00000282855.1	AC093591.3	processed_pseudogene	4	4	0	1.1029	0.3230	0.3111
ENSG00000282859.1	AC003992.1	lncRNA	0	0	0	0.0000	0.0000	0.0000
ENSG00000282860.1	AC084035.1	lncRNA	0	0	0	0.0000	0.0000	0.0000
ENSG00000282863.1	AC012560.1	lncRNA	0	0	0	0.0000	0.0000	0.0000
ENSG00000282864.1	AL356118.1	TEC	0	0	0	0.0000	0.0000	0.0000
ENSG00000282865.1	AL157815.1	TEC	0	0	0	0.0000	0.0000	0.0000
ENSG00000282870.1	FRG1DP	unprocessed_pseudogene	24	8	18	2.6434	0.7743	0.7456
ENSG00000282872.2	C1orf232	protein_coding	0	0	0	0.0000	0.0000	0.0000
ENSG00000282875.1	BX322534.1	processed_pseudogene	0	0	0	0.0000	0.0000	0.0000
ENSG00000282876.1	Z98752.4	lncRNA	1	1	0	0.1444	0.0423	0.0407
ENSG00000282879.1	AC095038.3	processed_pseudogene	1	1	0	0.4355	0.1276	0.1228
ENSG00000282881.2	TMEM275	protein_coding	0	0	0	0.0000	0.0000	0.0000
ENSG00000282882.2	AC027045.2	lncRNA	0	0	0	0.0000	0.0000	0.0000
ENSG00000282885.2	AL627171.2	lncRNA	63	41	23	2.6303	0.7705	0.7419
ENSG00000282886.1	PTMAP12	processed_pseudogene	4	2	2	1.0293	0.3015	0.2903
ENSG00000282887.2	AL358215.2	lncRNA	0	0	0	0.0000	0.0000	0.0000
ENSG00000282890.1	AC009975.1	lncRNA	1	1	0	0.0315	0.0092	0.0089
ENSG00000282894.1	DUX4L33	unprocessed_pseudogene	0	0	0	0.0000	0.0000	0.0000
ENSG00000282897.1	AL162727.3	TEC	2	2	0	0.0609	0.0179	0.0172
ENSG00000282898.1	AL353651.2	lncRNA	0	0	0	0.0000	0.0000	0.0000
ENSG00000282904.2	AC107398.4	lncRNA	1	67	68	0.0754	0.0221	0.0213
ENSG00000282906.1	AL513321.2	lncRNA	1	1	0	0.0702	0.0206	0.0198
ENSG00000282907.1	Z98883.1	lncRNA	0	0	0	0.0000	0.0000	0.0000
ENSG00000282909.2	AC007241.2	transcribed_unprocessed_pseudogene	0	0	0	0.0000	0.0000	0.0000
ENSG00000282911.1	DUX4L35	unprocessed_pseudogene	0	0	0	0.0000	0.0000	0.0000
ENSG00000282912.1	AC108724.2	processed_pseudogene	0	16	12	0.0000	0.0000	0.0000
ENSG00000282914.1	Z83818.2	lncRNA	0	0	0	0.0000	0.0000	0.0000
ENSG00000282915.1	AC091769.1	lncRNA	1	0	1	0.1773	0.0519	0.0500
ENSG00000282916.2	LINC02746	lncRNA	1	0	1	0.0474	0.0139	0.0134
ENSG00000282917.2	AC107068.2	lncRNA	1	30	48	0.0375	0.0110	0.0106
ENSG00000282921.1	CFTRP2	processed_pseudogene	0	0	0	0.0000	0.0000	0.0000
ENSG00000282924.1	AC136428.4	unprocessed_pseudogene	0	0	0	0.0000	0.0000	0.0000
ENSG00000282925.1	AC010424.3	lncRNA	0	0	0	0.0000	0.0000	0.0000
ENSG00000282927.1	AC136944.6	processed_pseudogene	0	0	0	0.0000	0.0000	0.0000
ENSG00000282933.2	RHOXF1P3	transcribed_unprocessed_pseudogene	1	150	141	0.0318	0.0093	0.0090
ENSG00000282935.1	DUX4L34	unprocessed_pseudogene	0	0	0	0.0000	0.0000	0.0000
ENSG00000282936.2	AC004706.3	protein_coding	14	7	7	0.2455	0.0719	0.0692
ENSG00000282939.1	TRBV7-2	TR_V_gene	13	5	8	2.8019	0.8207	0.7903
ENSG00000282943.1	AC004784.1	lncRNA	0	0	0	0.0000	0.0000	0.0000
ENSG00000282944.1	AC140481.3	lncRNA	0	0	0	0.0000	0.0000	0.0000
ENSG00000282946.1	AC018558.5	processed_pseudogene	0	0	0	0.0000	0.0000	0.0000
ENSG00000282949.1	PCMTD1P7	unprocessed_pseudogene	1	1	0	0.2379	0.0697	0.0671
ENSG00000282950.1	AC063952.4	lncRNA	0	0	0	0.0000	0.0000	0.0000
ENSG00000282951.1	AC008537.4	lncRNA	16	215	212	1.2318	0.3608	0.3474
ENSG00000282952.1	AL583852.1	lncRNA	0	0	0	0.0000	0.0000	0.0000
ENSG00000282961.1	PRNCR1	lncRNA	12	9	8	0.0801	0.0235	0.0226
ENSG00000282964.1	AC026108.1	lncRNA	0	0	0	0.0000	0.0000	0.0000
ENSG00000282965.1	AP001005.3	lncRNA	0	0	0	0.0000	0.0000	0.0000
ENSG00000282968.1	AGGF1P10	processed_pseudogene	0	0	0	0.0000	0.0000	0.0000
ENSG00000282973.1	AC141257.3	processed_pseudogene	0	0	0	0.0000	0.0000	0.0000
ENSG00000282975.1	LINC02034	lncRNA	0	0	0	0.0000	0.0000	0.0000
ENSG00000282977.1	PCBP2-OT1	lncRNA	1	0	1	0.1439	0.0422	0.0406
ENSG00000282978.1	AC110994.2	processed_pseudogene	10	6	4	1.7260	0.5056	0.4868
ENSG00000282980.1	AC055839.1	processed_pseudogene	1	0	1	0.1705	0.0499	0.0481
ENSG00000282987.1	AC099753.1	lncRNA	0	0	0	0.0000	0.0000	0.0000
ENSG00000282988.2	AL031777.2	protein_coding	1	1	3	0.0402	0.0118	0.0114
ENSG00000282989.1	PDCL3P2	processed_pseudogene	0	0	0	0.0000	0.0000	0.0000
ENSG00000282993.1	AL356737.1	TEC	0	0	0	0.0000	0.0000	0.0000
ENSG00000282994.1	AC215524.1	processed_pseudogene	0	0	0	0.0000	0.0000	0.0000
ENSG00000282995.1	FRG1EP	unprocessed_pseudogene	32	20	14	3.5292	1.0337	0.9954
ENSG00000282996.1	MPP7-DT	lncRNA	0	0	0	0.0000	0.0000	0.0000
ENSG00000282997.1	AL162456.1	lncRNA	0	0	0	0.0000	0.0000	0.0000
ENSG00000282998.1	AC009975.2	lncRNA	0	0	0	0.0000	0.0000	0.0000
ENSG00000283000.2	LINC02635	lncRNA	0	0	0	0.0000	0.0000	0.0000
ENSG00000283001.2	AL450426.1	lncRNA	0	0	0	0.0000	0.0000	0.0000
ENSG00000283003.2	AC007221.1	lncRNA	0	0	0	0.0000	0.0000	0.0000
ENSG00000283005.1	CDC27P3	processed_pseudogene	2	0	2	0.0889	0.0260	0.0251
ENSG00000283010.1	AL589826.2	lncRNA	10	5	5	0.8552	0.2505	0.2412
ENSG00000283016.1	ATP5MC1P2	processed_pseudogene	2	1	1	0.4132	0.1210	0.1166
ENSG00000283020.1	DUX4L37	unprocessed_pseudogene	0	0	0	0.0000	0.0000	0.0000
ENSG00000283023.1	FRG1GP	unprocessed_pseudogene	97	48	49	10.6425	3.1174	3.0018
ENSG00000283025.1	AC027045.3	lncRNA	0	0	0	0.0000	0.0000	0.0000
ENSG00000283031.2	AC009242.1	lncRNA	1	0	1	0.0302	0.0088	0.0085
ENSG00000283033.1	AC022596.2	lncRNA	0	0	0	0.0000	0.0000	0.0000
ENSG00000283036.3	LINC01988	lncRNA	0	0	0	0.0000	0.0000	0.0000
ENSG00000283039.1	KLF18	protein_coding	0	0	0	0.0000	0.0000	0.0000
ENSG00000283040.1	AL669831.5	transcribed_unprocessed_pseudogene	0	0	0	0.0000	0.0000	0.0000
ENSG00000283041.1	AC008038.1	processed_pseudogene	589	282	307	38.0656	11.1500	10.7366
ENSG00000283043.1	AC097655.1	processed_pseudogene	0	0	0	0.0000	0.0000	0.0000
ENSG00000283044.1	AL391597.1	lncRNA	0	0	0	0.0000	0.0000	0.0000
ENSG00000283045.1	AC103703.1	lncRNA	0	0	0	0.0000	0.0000	0.0000
ENSG00000283047.1	FRG1FP	unprocessed_pseudogene	26	8	18	2.9478	0.8635	0.8315
ENSG00000283050.2	GTF2IP12	transcribed_unprocessed_pseudogene	112	57	63	0.9338	0.2735	0.2634
ENSG00000283051.1	LINC01668	lncRNA	0	0	0	0.0000	0.0000	0.0000
ENSG00000283052.1	LINC02456	lncRNA	0	0	0	0.0000	0.0000	0.0000
ENSG00000283053.1	AL390862.1	lncRNA	0	0	0	0.0000	0.0000	0.0000
ENSG00000283057.1	AC010653.3	processed_pseudogene	1	1	0	0.3660	0.1072	0.1032
ENSG00000283058.1	AC009234.1	lncRNA	0	0	0	0.0000	0.0000	0.0000
ENSG00000283061.1	AC215522.3	lncRNA	0	0	0	0.0000	0.0000	0.0000
ENSG00000283063.1	TRBV6-2	TR_V_gene	0	0	0	0.0000	0.0000	0.0000
ENSG00000283064.1	AL353759.1	lncRNA	2	6	10	0.1076	0.0315	0.0304
ENSG00000283065.1	AC133561.4	processed_pseudogene	0	0	0	0.0000	0.0000	0.0000
ENSG00000283069.1	DUX4L32	unprocessed_pseudogene	0	0	0	0.0000	0.0000	0.0000
ENSG00000283071.1	LBHD2	protein_coding	0	0	0	0.0000	0.0000	0.0000
ENSG00000283072.3	AL158175.1	lncRNA	0	0	0	0.0000	0.0000	0.0000
ENSG00000283075.1	AL157931.2	lncRNA	0	0	0	0.0000	0.0000	0.0000
ENSG00000283076.1	AC015978.2	transcribed_unprocessed_pseudogene	0	0	0	0.0000	0.0000	0.0000
ENSG00000283078.1	AL137077.2	lncRNA	14	6	8	0.7394	0.2166	0.2085
ENSG00000283083.2	LINC02498	lncRNA	0	0	0	0.0000	0.0000	0.0000
ENSG00000283084.1	AC026634.1	processed_pseudogene	0	0	0	0.0000	0.0000	0.0000
ENSG00000283093.1	CENPVL2	protein_coding	0	0	0	0.0000	0.0000	0.0000
ENSG00000283095.1	FP565171.1	lncRNA	1	1	0	0.0553	0.0162	0.0156
ENSG00000283096.1	AL731555.1	lncRNA	0	0	0	0.0000	0.0000	0.0000
ENSG00000283097.1	AL159152.1	TEC	0	0	0	0.0000	0.0000	0.0000
ENSG00000283098.2	AL132857.1	lncRNA	0	0	0	0.0000	0.0000	0.0000
ENSG00000283101.1	BMS1P21	transcribed_unprocessed_pseudogene	0	0	0	0.0000	0.0000	0.0000
ENSG00000283103.3	AC010642.2	lncRNA	48	617	670	0.9125	0.2673	0.2574
ENSG00000283108.1	AC011451.3	lncRNA	0	0	0	0.0000	0.0000	0.0000
ENSG00000283110.1	AC141257.4	processed_pseudogene	0	0	0	0.0000	0.0000	0.0000
ENSG00000283117.1	MGC4859	lncRNA	0	9	12	0.0000	0.0000	0.0000
ENSG00000283118.1	AC009951.5	lncRNA	0	0	0	0.0000	0.0000	0.0000
ENSG00000283122.1	HYMAI	lncRNA	0	0	0	0.0000	0.0000	0.0000
ENSG00000283123.1	RARRES2P11	processed_pseudogene	0	0	0	0.0000	0.0000	0.0000
ENSG00000283125.1	AC022726.2	lncRNA	0	0	0	0.0000	0.0000	0.0000
ENSG00000283126.1	MIR1297	miRNA	0	0	0	0.0000	0.0000	0.0000
ENSG00000283128.2	AC009403.2	lncRNA	2	2	0	0.0179	0.0052	0.0050
ENSG00000283130.1	AL445984.1	processed_pseudogene	0	0	0	0.0000	0.0000	0.0000
ENSG00000283131.1	MTND2P41	unprocessed_pseudogene	0	0	0	0.0000	0.0000	0.0000
ENSG00000283132.1	AC006453.1	unprocessed_pseudogene	0	1	0	0.0000	0.0000	0.0000
ENSG00000283133.1	AC021753.1	processed_pseudogene	0	0	0	0.0000	0.0000	0.0000
ENSG00000283136.1	U6	snRNA	0	0	0	0.0000	0.0000	0.0000
ENSG00000283138.1	AC006207.1	lncRNA	0	0	0	0.0000	0.0000	0.0000
ENSG00000283141.1	LINC02666	lncRNA	0	0	0	0.0000	0.0000	0.0000
ENSG00000283142.1	AL049767.1	transcribed_unprocessed_pseudogene	1	1	0	0.1652	0.0484	0.0466
ENSG00000283145.1	AP000550.3	unprocessed_pseudogene	0	0	0	0.0000	0.0000	0.0000
ENSG00000283146.1	MIR548AU	miRNA	0	0	0	0.0000	0.0000	0.0000
ENSG00000283148.1	AC137936.1	lncRNA	0	0	0	0.0000	0.0000	0.0000
ENSG00000283149.1	AC068631.2	protein_coding	0	0	0	0.0000	0.0000	0.0000
ENSG00000283152.1	MIR3120	miRNA	0	1	2	0.0000	0.0000	0.0000
ENSG00000283154.2	IQCJ-SCHIP1	protein_coding	86	41	45	1.6564	0.4852	0.4672
ENSG00000283155.1	AC116353.5	lncRNA	0	0	0	0.0000	0.0000	0.0000
ENSG00000283156.1	AC068620.3	transcribed_unprocessed_pseudogene	8	3	5	0.1482	0.0434	0.0418
ENSG00000283157.1	AC012564.1	lncRNA	0	0	0	0.0000	0.0000	0.0000
ENSG00000283159.1	MIR665	miRNA	0	0	0	0.0000	0.0000	0.0000
ENSG00000283160.1	MIR4521	miRNA	0	0	0	0.0000	0.0000	0.0000
ENSG00000283162.1	AL390726.5	transcribed_unprocessed_pseudogene	0	1	0	0.0000	0.0000	0.0000
ENSG00000283164.1	AC012507.3	lncRNA	0	0	0	0.0000	0.0000	0.0000
ENSG00000283165.1	MIR203B	miRNA	0	0	0	0.0000	0.0000	0.0000
ENSG00000283166.1	AL590396.2	processed_pseudogene	0	0	0	0.0000	0.0000	0.0000
ENSG00000283167.2	AC140479.5	unprocessed_pseudogene	0	0	0	0.0000	0.0000	0.0000
ENSG00000283170.1	MIR382	miRNA	0	0	0	0.0000	0.0000	0.0000
ENSG00000283172.1	MIR548D1	miRNA	0	0	0	0.0000	0.0000	0.0000
ENSG00000283174.1	MTCO1P38	processed_pseudogene	0	0	0	0.0000	0.0000	0.0000
ENSG00000283175.1	AC007920.2	lncRNA	3	1	2	0.1291	0.0378	0.0364
ENSG00000283176.1	AC103706.2	processed_pseudogene	0	0	0	0.0000	0.0000	0.0000
ENSG00000283178.1	BX119927.1	unprocessed_pseudogene	1	1	0	0.0547	0.0160	0.0154
ENSG00000283180.1	MIR6767	miRNA	0	0	0	0.0000	0.0000	0.0000
ENSG00000283183.2	AC116565.1	lncRNA	2	1	1	0.0564	0.0165	0.0159
ENSG00000283188.1	MIR2052	miRNA	0	0	0	0.0000	0.0000	0.0000
ENSG00000283189.2	AC104452.1	protein_coding	0	0	0	0.0000	0.0000	0.0000
ENSG00000283193.1	MIR1243	miRNA	0	0	0	0.0000	0.0000	0.0000
ENSG00000283195.1	IGHVII-43-1	IG_V_pseudogene	0	0	0	0.0000	0.0000	0.0000
ENSG00000283196.2	LSP1P5	transcribed_unprocessed_pseudogene	74	41	35	2.6032	0.7625	0.7342
ENSG00000283197.1	AC103706.3	processed_pseudogene	0	0	0	0.0000	0.0000	0.0000
ENSG00000283199.3	C13orf46	protein_coding	19	6	13	0.4209	0.1233	0.1187
ENSG00000283200.1	MIR1206	miRNA	0	0	0	0.0000	0.0000	0.0000
ENSG00000283201.1	AC092329.3	protein_coding	0	0	0	0.0000	0.0000	0.0000
ENSG00000283202.1	AC010149.2	unitary_pseudogene	0	0	0	0.0000	0.0000	0.0000
ENSG00000283203.1	MIR1246	miRNA	0	0	0	0.0000	0.0000	0.0000
ENSG00000283204.1	MIR4434	miRNA	0	0	0	0.0000	0.0000	0.0000
ENSG00000283205.1	AL353572.3	protein_coding	0	0	0	0.0000	0.0000	0.0000
ENSG00000283206.1	MIR941-1	miRNA	0	0	0	0.0000	0.0000	0.0000
ENSG00000283207.1	MIR1255B1	miRNA	0	0	0	0.0000	0.0000	0.0000
ENSG00000283208.2	AC001226.2	protein_coding	4	38	40	0.0553	0.0162	0.0156
ENSG00000283209.1	AC106858.1	lncRNA	0	0	0	0.0000	0.0000	0.0000
ENSG00000283210.1	MIR1322	miRNA	0	0	0	0.0000	0.0000	0.0000
ENSG00000283211.1	AL773545.4	unprocessed_pseudogene	0	0	0	0.0000	0.0000	0.0000
ENSG00000283212.1	MIR642B	miRNA	0	0	0	0.0000	0.0000	0.0000
ENSG00000283213.1	AC130466.1	lncRNA	2	2	0	0.0298	0.0087	0.0084
ENSG00000283214.1	AC006453.2	unprocessed_pseudogene	0	2	0	0.0000	0.0000	0.0000
ENSG00000283215.2	LINC02537	lncRNA	0	0	0	0.0000	0.0000	0.0000
ENSG00000283217.1	AC068205.1	lncRNA	0	0	0	0.0000	0.0000	0.0000
ENSG00000283218.1	MIR302F	miRNA	0	0	0	0.0000	0.0000	0.0000
ENSG00000283219.1	AC006160.2	unprocessed_pseudogene	0	0	0	0.0000	0.0000	0.0000
ENSG00000283221.1	AC007218.2	lncRNA	0	0	0	0.0000	0.0000	0.0000
ENSG00000283222.1	MIR4433A	miRNA	0	0	0	0.0000	0.0000	0.0000
ENSG00000283225.1	MIR3199-2	miRNA	0	0	0	0.0000	0.0000	0.0000
ENSG00000283227.1	SPRR5	protein_coding	0	0	0	0.0000	0.0000	0.0000
ENSG00000283228.1	AC068547.1	protein_coding	0	0	0	0.0000	0.0000	0.0000
ENSG00000283230.1	AC099654.4	unprocessed_pseudogene	0	0	0	0.0000	0.0000	0.0000
ENSG00000283232.1	CYP2C23P	unitary_pseudogene	0	0	0	0.0000	0.0000	0.0000
ENSG00000283234.1	AL590556.2	transcribed_unitary_pseudogene	1	0	1	0.0731	0.0214	0.0206
ENSG00000283235.2	AC139493.2	lncRNA	0	0	0	0.0000	0.0000	0.0000
ENSG00000283236.1	AC074141.1	transcribed_unprocessed_pseudogene	8	3	5	0.2268	0.0664	0.0640
ENSG00000283237.1	MIR550B1	miRNA	0	0	0	0.0000	0.0000	0.0000
ENSG00000283238.1	MIR1245B	miRNA	0	0	0	0.0000	0.0000	0.0000
ENSG00000283239.1	AC019257.8	protein_coding	0	0	0	0.0000	0.0000	0.0000
ENSG00000283240.1	AC007529.2	lncRNA	0	0	0	0.0000	0.0000	0.0000
ENSG00000283242.1	MIR384	miRNA	0	0	0	0.0000	0.0000	0.0000
ENSG00000283246.1	MEP1AP1	unprocessed_pseudogene	0	0	0	0.0000	0.0000	0.0000
ENSG00000283247.2	CCDC201	protein_coding	0	0	0	0.0000	0.0000	0.0000
ENSG00000283249.1	U6	snRNA	0	0	0	0.0000	0.0000	0.0000
ENSG00000283251.1	AC008687.7	transcribed_unprocessed_pseudogene	0	0	0	0.0000	0.0000	0.0000
ENSG00000283255.1	AL022100.2	lncRNA	0	0	0	0.0000	0.0000	0.0000
ENSG00000283256.1	U6	snRNA	0	0	0	0.0000	0.0000	0.0000
ENSG00000283257.1	AP001184.1	unprocessed_pseudogene	0	0	0	0.0000	0.0000	0.0000
ENSG00000283258.2	AC007491.1	lncRNA	2	2	0	0.0648	0.0190	0.0183
ENSG00000283259.1	AC242022.1	lncRNA	0	0	0	0.0000	0.0000	0.0000
ENSG00000283262.1	U6	snRNA	0	0	0	0.0000	0.0000	0.0000
ENSG00000283265.1	AL356234.3	lncRNA	221	112	109	16.1788	4.7390	4.5633
ENSG00000283267.1	FAM237B	protein_coding	1	0	1	0.0219	0.0064	0.0062
ENSG00000283268.1	TEX54	protein_coding	0	0	0	0.0000	0.0000	0.0000
ENSG00000283269.1	AC005524.1	transcribed_unprocessed_pseudogene	0	0	0	0.0000	0.0000	0.0000
ENSG00000283270.1	MALLP2	transcribed_unprocessed_pseudogene	0	0	0	0.0000	0.0000	0.0000
ENSG00000283271.1	U6	snRNA	0	0	0	0.0000	0.0000	0.0000
ENSG00000283273.1	AC138649.5	unprocessed_pseudogene	0	0	0	0.0000	0.0000	0.0000
ENSG00000283274.1	5_8S_rRNA	rRNA	0	0	0	0.0000	0.0000	0.0000
ENSG00000283275.1	MIR4275	miRNA	0	0	0	0.0000	0.0000	0.0000
ENSG00000283278.1	MIR3914-2	miRNA	0	0	0	0.0000	0.0000	0.0000
ENSG00000283279.1	MIR376C	miRNA	0	0	0	0.0000	0.0000	0.0000
ENSG00000283281.1	MIR7978	miRNA	0	0	0	0.0000	0.0000	0.0000
ENSG00000283283.2	AC013268.4	unprocessed_pseudogene	0	0	0	0.0000	0.0000	0.0000
ENSG00000283285.1	AC011460.1	unprocessed_pseudogene	0	0	0	0.0000	0.0000	0.0000
ENSG00000283286.1	AC093277.1	lncRNA	0	0	0	0.0000	0.0000	0.0000
ENSG00000283288.1	SMIM33	protein_coding	0	0	0	0.0000	0.0000	0.0000
ENSG00000283289.1	MIR524	miRNA	0	0	0	0.0000	0.0000	0.0000
ENSG00000283290.1	U6	snRNA	0	0	0	0.0000	0.0000	0.0000
ENSG00000283291.1	5_8S_rRNA	rRNA	0	0	0	0.0000	0.0000	0.0000
ENSG00000283293.1	RN7SK	snRNA	0	0	0	0.0000	0.0000	0.0000
ENSG00000283294.1	AP005212.4	lncRNA	4	3	1	0.0969	0.0284	0.0273
ENSG00000283296.1	MIR4256	miRNA	0	0	0	0.0000	0.0000	0.0000
ENSG00000283297.2	TEX52	protein_coding	6	3	3	0.4566	0.1337	0.1288
ENSG00000283298.1	MIR4272	miRNA	0	0	0	0.0000	0.0000	0.0000
ENSG00000283300.1	U6	snRNA	0	0	0	0.0000	0.0000	0.0000
ENSG00000283301.1	MIR4520-2	miRNA	0	0	0	0.0000	0.0000	0.0000
ENSG00000283303.1	AC073869.3	lncRNA	0	3	1	0.0000	0.0000	0.0000
ENSG00000283304.1	LINC02183	lncRNA	0	0	0	0.0000	0.0000	0.0000
ENSG00000283307.1	OR5AK4P	unprocessed_pseudogene	4	1	3	0.3762	0.1102	0.1061
ENSG00000283311.1	MTND6P29	unprocessed_pseudogene	0	0	0	0.0000	0.0000	0.0000
ENSG00000283312.1	AC017104.3	processed_pseudogene	2	1	1	0.1067	0.0312	0.0301
ENSG00000283313.1	U6	snRNA	0	0	0	0.0000	0.0000	0.0000
ENSG00000283314.1	LINC02357	lncRNA	0	0	0	0.0000	0.0000	0.0000
ENSG00000283317.1	AL831711.1	lncRNA	6	2	4	0.8955	0.2623	0.2526
ENSG00000283320.1	MIR103B2	miRNA	0	1	4	0.0000	0.0000	0.0000
ENSG00000283321.1	AC019117.3	protein_coding	0	0	0	0.0000	0.0000	0.0000
ENSG00000283324.1	CTXND2	protein_coding	4	2	2	0.2764	0.0810	0.0780
ENSG00000283326.1	MIR6860	miRNA	0	0	0	0.0000	0.0000	0.0000
ENSG00000283327.1	MIR6841	miRNA	0	0	0	0.0000	0.0000	0.0000
ENSG00000283329.1	FAM240B	protein_coding	0	0	0	0.0000	0.0000	0.0000
ENSG00000283330.1	MIR518D	miRNA	0	0	0	0.0000	0.0000	0.0000
ENSG00000283333.1	MIR7977	miRNA	0	0	0	0.0000	0.0000	0.0000
ENSG00000283334.1	MIR4536-1	miRNA	0	0	0	0.0000	0.0000	0.0000
ENSG00000283335.1	MIR219B	miRNA	0	0	0	0.0000	0.0000	0.0000
ENSG00000283337.1	U6	snRNA	0	0	0	0.0000	0.0000	0.0000
ENSG00000283338.1	AC090582.1	unprocessed_pseudogene	0	0	0	0.0000	0.0000	0.0000
ENSG00000283339.1	AC093726.3	unprocessed_pseudogene	0	0	0	0.0000	0.0000	0.0000
ENSG00000283340.1	MIR3119-1	miRNA	0	0	0	0.0000	0.0000	0.0000
ENSG00000283341.2	AC068205.2	lncRNA	21	13	8	0.4883	0.1430	0.1377
ENSG00000283342.1	NBPF13P	unprocessed_pseudogene	0	0	1	0.0000	0.0000	0.0000
ENSG00000283343.1	MIR4320	miRNA	1	1	0	1.3065	0.3827	0.3685
ENSG00000283345.1	AC127502.3	unprocessed_pseudogene	0	0	0	0.0000	0.0000	0.0000
ENSG00000283346.1	MIR6511B2	miRNA	0	0	0	0.0000	0.0000	0.0000
ENSG00000283347.1	AL160396.1	lncRNA	0	0	0	0.0000	0.0000	0.0000
ENSG00000283349.3	PFN5P	transcribed_unitary_pseudogene	0	0	0	0.0000	0.0000	0.0000
ENSG00000283351.1	MIR3910-2	miRNA	0	0	0	0.0000	0.0000	0.0000
ENSG00000283352.1	AL021368.4	lncRNA	0	0	0	0.0000	0.0000	0.0000
ENSG00000283354.1	AL392088.2	unprocessed_pseudogene	0	0	0	0.0000	0.0000	0.0000
ENSG00000283355.1	AC074194.2	TEC	10	9	1	0.3617	0.1059	0.1020
ENSG00000283356.1	Z97988.2	unprocessed_pseudogene	0	0	0	0.0000	0.0000	0.0000
ENSG00000283359.1	MIR3977	miRNA	0	0	0	0.0000	0.0000	0.0000
ENSG00000283360.1	AL592295.3	lncRNA	1	0	1	0.0984	0.0288	0.0278
ENSG00000283361.2	CFAP97D2	protein_coding	0	0	0	0.0000	0.0000	0.0000
ENSG00000283364.1	MIR451B	miRNA	0	0	0	0.0000	0.0000	0.0000
ENSG00000283365.1	AC007603.3	unitary_pseudogene	0	0	0	0.0000	0.0000	0.0000
ENSG00000283366.2	AC000095.2	transcribed_unprocessed_pseudogene	0	0	0	0.0000	0.0000	0.0000
ENSG00000283367.1	ABBA01000933.1	sRNA	0	0	0	0.0000	0.0000	0.0000
ENSG00000283369.1	U6	snRNA	0	0	0	0.0000	0.0000	0.0000
ENSG00000283371.1	FO624990.1	unprocessed_pseudogene	0	0	0	0.0000	0.0000	0.0000
ENSG00000283372.1	U6	snRNA	0	0	0	0.0000	0.0000	0.0000
ENSG00000283375.1	AC087521.4	lncRNA	0	1317	1220	0.0000	0.0000	0.0000
ENSG00000283376.1	AC011591.2	unitary_pseudogene	42	24	18	4.5377	1.3292	1.2799
ENSG00000283377.1	AL590396.3	processed_pseudogene	0	0	0	0.0000	0.0000	0.0000
ENSG00000283378.1	CNTNAP3C	protein_coding	1	0	1	0.0491	0.0144	0.0139
ENSG00000283379.1	MIR3688-2	miRNA	0	0	0	0.0000	0.0000	0.0000
ENSG00000283380.1	AL807742.1	lncRNA	2	2	0	0.0273	0.0080	0.0077
ENSG00000283381.1	AC024614.3	unprocessed_pseudogene	0	0	0	0.0000	0.0000	0.0000
ENSG00000283383.1	AC108477.1	lncRNA	1	0	1	0.1614	0.0473	0.0455
ENSG00000283384.1	AL138694.1	lncRNA	0	0	0	0.0000	0.0000	0.0000
ENSG00000283385.1	MIR4524A	miRNA	0	0	0	0.0000	0.0000	0.0000
ENSG00000283386.1	MIR4659B	miRNA	0	0	0	0.0000	0.0000	0.0000
ENSG00000283389.1	Metazoa_SRP	misc_RNA	0	1	0	0.0000	0.0000	0.0000
ENSG00000283390.1	AC068631.3	processed_pseudogene	3	3	0	1.1323	0.3317	0.3194
ENSG00000283392.1	AC090952.2	lncRNA	0	0	0	0.0000	0.0000	0.0000
ENSG00000283393.1	AC068205.3	processed_pseudogene	0	0	0	0.0000	0.0000	0.0000
ENSG00000283394.1	MIR7515	miRNA	0	0	0	0.0000	0.0000	0.0000
ENSG00000283399.1	AC004381.3	unprocessed_pseudogene	2	1	1	0.1278	0.0374	0.0360
ENSG00000283400.1	AL807740.1	lncRNA	5	4	1	0.7489	0.2194	0.2112
ENSG00000283402.1	AC087821.2	unprocessed_pseudogene	0	0	0	0.0000	0.0000	0.0000
ENSG00000283403.1	AC005394.2	lncRNA	0	0	0	0.0000	0.0000	0.0000
ENSG00000283405.2	AL121759.2	lncRNA	0	0	0	0.0000	0.0000	0.0000
ENSG00000283408.2	MIR548A1HG	lncRNA	0	0	0	0.0000	0.0000	0.0000
ENSG00000283409.1	MIR3662	miRNA	1	0	1	0.8939	0.2618	0.2521
ENSG00000283411.1	AL590627.2	lncRNA	0	0	0	0.0000	0.0000	0.0000
ENSG00000283412.1	U6	snRNA	0	0	0	0.0000	0.0000	0.0000
ENSG00000283413.1	AC008703.1	lncRNA	0	0	0	0.0000	0.0000	0.0000
ENSG00000283414.1	U6	snRNA	0	0	0	0.0000	0.0000	0.0000
ENSG00000283415.2	AC087280.2	lncRNA	0	1	0	0.0000	0.0000	0.0000
ENSG00000283416.1	MIR1910	miRNA	0	0	0	0.0000	0.0000	0.0000
ENSG00000283417.1	AC024614.4	lncRNA	0	0	0	0.0000	0.0000	0.0000
ENSG00000283418.1	U6	snRNA	2	1	1	1.9300	0.5653	0.5444
ENSG00000283419.1	MIR6874	miRNA	0	0	0	0.0000	0.0000	0.0000
ENSG00000283420.1	MIR4278	miRNA	0	0	0	0.0000	0.0000	0.0000
ENSG00000283421.1	AF001550.2	unitary_pseudogene	11	4	7	4.3047	1.2609	1.2142
ENSG00000283422.1	LINC02452	lncRNA	83	51	32	2.3636	0.6923	0.6667
ENSG00000283423.1	AC109462.3	lncRNA	4	1	3	0.5847	0.1713	0.1649
ENSG00000283426.1	SMBD1P	transcribed_unitary_pseudogene	0	0	0	0.0000	0.0000	0.0000
ENSG00000283427.1	AC006453.3	unprocessed_pseudogene	0	0	0	0.0000	0.0000	0.0000
ENSG00000283428.1	CCDC195	protein_coding	0	0	0	0.0000	0.0000	0.0000
ENSG00000283429.1	MIR1244-3	miRNA	18	12	6	17.9832	5.2675	5.0723
ENSG00000283431.1	AC099654.5	unprocessed_pseudogene	0	0	0	0.0000	0.0000	0.0000
ENSG00000283432.1	U6	snRNA	0	0	0	0.0000	0.0000	0.0000
ENSG00000283433.1	RNA5SP532	rRNA	0	0	0	0.0000	0.0000	0.0000
ENSG00000283434.2	CSNKA2IP	protein_coding	0	0	1	0.0000	0.0000	0.0000
ENSG00000283435.1	MIR1321	miRNA	0	0	0	0.0000	0.0000	0.0000
ENSG00000283436.1	LINC01958	lncRNA	2	2	0	0.0875	0.0256	0.0247
ENSG00000283438.1	Metazoa_SRP	misc_RNA	0	0	0	0.0000	0.0000	0.0000
ENSG00000283439.4	SPEM3	protein_coding	0	0	1	0.0000	0.0000	0.0000
ENSG00000283440.1	LINC01260	lncRNA	0	0	0	0.0000	0.0000	0.0000
ENSG00000283441.1	MIR499B	miRNA	0	0	0	0.0000	0.0000	0.0000
ENSG00000283442.1	U4	snRNA	0	0	0	0.0000	0.0000	0.0000
ENSG00000283443.1	AC018688.1	unprocessed_pseudogene	0	0	0	0.0000	0.0000	0.0000
ENSG00000283444.1	GPR141BP	unitary_pseudogene	2	0	2	0.2044	0.0599	0.0576
ENSG00000283445.1	AL136985.3	lncRNA	0	0	0	0.0000	0.0000	0.0000
ENSG00000283446.1	Z99571.1	unprocessed_pseudogene	0	0	0	0.0000	0.0000	0.0000
ENSG00000283450.1	MIR486-2	miRNA	0	0	0	0.0000	0.0000	0.0000
ENSG00000283451.1	AC009950.2	unitary_pseudogene	0	0	0	0.0000	0.0000	0.0000
ENSG00000283452.1	AC015819.4	sRNA	0	0	0	0.0000	0.0000	0.0000
ENSG00000283453.2	AC244258.1	transcribed_unprocessed_pseudogene	8	1	7	0.2251	0.0659	0.0635
ENSG00000283455.1	MIR523	miRNA	0	0	0	0.0000	0.0000	0.0000
ENSG00000283456.1	MTND1P37	processed_pseudogene	0	0	0	0.0000	0.0000	0.0000
ENSG00000283457.2	AC087565.2	lncRNA	0	0	0	0.0000	0.0000	0.0000
ENSG00000283458.1	AC011139.1	lncRNA	0	0	0	0.0000	0.0000	0.0000
ENSG00000283459.1	AC009804.2	lncRNA	0	0	0	0.0000	0.0000	0.0000
ENSG00000283461.1	MIR550B2	miRNA	0	0	0	0.0000	0.0000	0.0000
ENSG00000283462.2	AC008505.1	lncRNA	0	0	0	0.0000	0.0000	0.0000
ENSG00000283463.2	HSFX4	protein_coding	0	31	16	0.0000	0.0000	0.0000
ENSG00000283464.1	AC244452.35	IG_V_pseudogene	0	0	0	0.0000	0.0000	0.0000
ENSG00000283468.1	MIR4454	miRNA	0	0	0	0.0000	0.0000	0.0000
ENSG00000283469.1	MIR3130-1	miRNA	0	1	0	0.0000	0.0000	0.0000
ENSG00000283471.1	MIR6863	miRNA	0	0	0	0.0000	0.0000	0.0000
ENSG00000283473.4	FAM240A	protein_coding	0	0	0	0.0000	0.0000	0.0000
ENSG00000283474.1	MIR6828	miRNA	0	0	0	0.0000	0.0000	0.0000
ENSG00000283475.1	MIR1244-4	miRNA	33	17	16	32.9691	9.6572	9.2991
ENSG00000283476.1	MIR1279	miRNA	0	9	10	0.0000	0.0000	0.0000
ENSG00000283477.1	MIR6079	miRNA	0	0	0	0.0000	0.0000	0.0000
ENSG00000283479.1	AC002511.3	transcribed_unprocessed_pseudogene	0	0	0	0.0000	0.0000	0.0000
ENSG00000283480.1	AL512380.2	lncRNA	0	0	0	0.0000	0.0000	0.0000
ENSG00000283481.1	MTND4LP32	unprocessed_pseudogene	0	0	0	0.0000	0.0000	0.0000
ENSG00000283483.1	AC068205.4	processed_pseudogene	0	0	0	0.0000	0.0000	0.0000
ENSG00000283484.1	MIR3529	miRNA	0	0	0	0.0000	0.0000	0.0000
ENSG00000283486.2	FAM95C	protein_coding	0	0	1	0.0000	0.0000	0.0000
ENSG00000283487.1	MIR4501	miRNA	0	0	0	0.0000	0.0000	0.0000
ENSG00000283489.1	U6	snRNA	0	0	0	0.0000	0.0000	0.0000
ENSG00000283490.1	MIR518C	miRNA	0	0	0	0.0000	0.0000	0.0000
ENSG00000283491.1	AC017104.4	unprocessed_pseudogene	3	2	1	0.3987	0.1168	0.1125
ENSG00000283492.1	MIR7153	miRNA	0	0	0	0.0000	0.0000	0.0000
ENSG00000283493.1	MIR6086	miRNA	0	0	0	0.0000	0.0000	0.0000
ENSG00000283496.1	ZNF511-PRAP1	protein_coding	0	0	0	0.0000	0.0000	0.0000
ENSG00000283497.1	MIR3160-2	miRNA	0	0	0	0.0000	0.0000	0.0000
ENSG00000283498.1	MIR1244-2	miRNA	80	46	34	79.9251	23.4113	22.5434
ENSG00000283499.1	U6	snRNA	0	0	0	0.0000	0.0000	0.0000
ENSG00000283502.1	U6	snRNA	0	0	0	0.0000	0.0000	0.0000
ENSG00000283503.2	LINC01902	lncRNA	0	0	0	0.0000	0.0000	0.0000
ENSG00000283504.1	AC006974.1	lncRNA	0	0	0	0.0000	0.0000	0.0000
ENSG00000283505.1	MIR5681B	miRNA	0	0	0	0.0000	0.0000	0.0000
ENSG00000283506.1	MIR7157	miRNA	0	0	0	0.0000	0.0000	0.0000
ENSG00000283507.1	MIR1302-1	miRNA	0	0	0	0.0000	0.0000	0.0000
ENSG00000283509.1	U6	snRNA	0	0	0	0.0000	0.0000	0.0000
ENSG00000283511.1	AC137936.2	transcribed_unitary_pseudogene	2	3	0	0.1024	0.0300	0.0289
ENSG00000283513.1	MIR941-3	miRNA	0	0	0	0.0000	0.0000	0.0000
ENSG00000283514.1	MIR3975	miRNA	0	0	0	0.0000	0.0000	0.0000
ENSG00000283515.1	AC020915.4	protein_coding	0	0	0	0.0000	0.0000	0.0000
ENSG00000283516.1	LITAFD	protein_coding	1	0	1	0.0522	0.0153	0.0147
ENSG00000283517.1	AC005144.1	lncRNA	0	0	0	0.0000	0.0000	0.0000
ENSG00000283518.1	LINC02775	lncRNA	0	0	0	0.0000	0.0000	0.0000
ENSG00000283519.1	U2	snRNA	0	0	0	0.0000	0.0000	0.0000
ENSG00000283522.1	MIR3150A	miRNA	0	0	0	0.0000	0.0000	0.0000
ENSG00000283523.1	MIR3926-2	miRNA	0	0	0	0.0000	0.0000	0.0000
ENSG00000283524.2	OR11J7P	unprocessed_pseudogene	0	0	0	0.0000	0.0000	0.0000
ENSG00000283525.1	AC005622.1	transcribed_unprocessed_pseudogene	2	0	2	0.0997	0.0292	0.0281
ENSG00000283526.1	PRRT1B	protein_coding	0	0	0	0.0000	0.0000	0.0000
ENSG00000283527.1	U6	snRNA	0	0	0	0.0000	0.0000	0.0000
ENSG00000283528.2	TCAF2C	protein_coding	0	0	0	0.0000	0.0000	0.0000
ENSG00000283529.1	AL035685.1	transcribed_unprocessed_pseudogene	0	2	0	0.0000	0.0000	0.0000
ENSG00000283532.1	MIR4317	miRNA	0	0	0	0.0000	0.0000	0.0000
ENSG00000283534.1	MIR374C	miRNA	0	0	0	0.0000	0.0000	0.0000
ENSG00000283535.1	AC007064.4	unprocessed_pseudogene	0	0	0	0.0000	0.0000	0.0000
ENSG00000283536.2	AC021072.1	protein_coding	0	0	1	0.0000	0.0000	0.0000
ENSG00000283537.2	AC073264.3	transcribed_unprocessed_pseudogene	3	2	1	0.0988	0.0289	0.0279
ENSG00000283538.3	AC005972.3	lncRNA	3	0	3	0.0851	0.0249	0.0240
ENSG00000283540.1	MIR520F	miRNA	0	0	0	0.0000	0.0000	0.0000
ENSG00000283541.1	BX005040.4	unprocessed_pseudogene	0	0	0	0.0000	0.0000	0.0000
ENSG00000283542.1	OASL2P	unitary_pseudogene	0	0	0	0.0000	0.0000	0.0000
ENSG00000283544.1	ABBA01000935.2	unprocessed_pseudogene	0	0	0	0.0000	0.0000	0.0000
ENSG00000283545.1	U6	snRNA	0	0	0	0.0000	0.0000	0.0000
ENSG00000283546.1	BX088723.1	lncRNA	0	0	0	0.0000	0.0000	0.0000
ENSG00000283547.1	MTATP6P8	unprocessed_pseudogene	0	0	0	0.0000	0.0000	0.0000
ENSG00000283549.1	AC007161.3	lncRNA	0	0	0	0.0000	0.0000	0.0000
ENSG00000283550.1	MIR2054	miRNA	0	0	0	0.0000	0.0000	0.0000
ENSG00000283551.1	SNORD98	snoRNA	0	0	0	0.0000	0.0000	0.0000
ENSG00000283554.1	LINC02341	lncRNA	3	2	1	0.1362	0.0399	0.0384
ENSG00000283555.1	U2	snRNA	0	0	0	0.0000	0.0000	0.0000
ENSG00000283556.1	MIR376B	miRNA	0	0	0	0.0000	0.0000	0.0000
ENSG00000283558.1	MIR3158-2	miRNA	0	0	0	0.0000	0.0000	0.0000
ENSG00000283559.2	AC139491.6	transcribed_unprocessed_pseudogene	0	0	0	0.0000	0.0000	0.0000
ENSG00000283561.1	MIR376A2	miRNA	0	0	0	0.0000	0.0000	0.0000
ENSG00000283562.1	IGHVIII-44	IG_V_pseudogene	0	0	0	0.0000	0.0000	0.0000
ENSG00000283563.1	AC098650.1	protein_coding	1	0	1	0.0240	0.0070	0.0068
ENSG00000283564.1	U6	snRNA	0	0	0	0.0000	0.0000	0.0000
ENSG00000283566.2	AC243725.1	unprocessed_pseudogene	0	0	0	0.0000	0.0000	0.0000
ENSG00000283567.1	C19orf85	protein_coding	0	0	0	0.0000	0.0000	0.0000
ENSG00000283568.1	5_8S_rRNA	rRNA	0	0	0	0.0000	0.0000	0.0000
ENSG00000283569.1	MIR4773-2	miRNA	0	0	0	0.0000	0.0000	0.0000
ENSG00000283571.1	AC245369.21	IG_pseudogene	0	0	0	0.0000	0.0000	0.0000
ENSG00000283572.1	MIR4251	miRNA	0	0	0	0.0000	0.0000	0.0000
ENSG00000283573.1	AL157371.2	lncRNA	0	0	0	0.0000	0.0000	0.0000
ENSG00000283575.1	U6	snRNA	0	0	0	0.0000	0.0000	0.0000
ENSG00000283576.1	AC100810.6	processed_pseudogene	0	0	0	0.0000	0.0000	0.0000
ENSG00000283578.1	MTND5P42	processed_pseudogene	1	1	0	0.1705	0.0499	0.0481
ENSG00000283579.1	AL160035.1	lncRNA	0	0	0	0.0000	0.0000	0.0000
ENSG00000283580.3	AC098484.3	protein_coding	0	0	0	0.0000	0.0000	0.0000
ENSG00000283582.1	SULT6B2P	unitary_pseudogene	1	0	1	0.1372	0.0402	0.0387
ENSG00000283583.1	AC007326.3	unprocessed_pseudogene	0	0	0	0.0000	0.0000	0.0000
ENSG00000283584.1	AC007222.1	snoRNA	0	0	0	0.0000	0.0000	0.0000
ENSG00000283586.1	GKN3P	polymorphic_pseudogene	0	0	0	0.0000	0.0000	0.0000
ENSG00000283587.1	AC092471.2	processed_pseudogene	0	0	0	0.0000	0.0000	0.0000
ENSG00000283588.1	MIR376A1	miRNA	0	0	0	0.0000	0.0000	0.0000
ENSG00000283591.1	MIR4430	miRNA	0	0	0	0.0000	0.0000	0.0000
ENSG00000283592.1	Y_RNA	misc_RNA	0	0	0	0.0000	0.0000	0.0000
ENSG00000283594.1	FAM236C	protein_coding	0	0	0	0.0000	0.0000	0.0000
ENSG00000283597.3	FAM169B	transcribed_unitary_pseudogene	4	2	2	0.0802	0.0235	0.0226
ENSG00000283598.1	MIR1295B	miRNA	0	0	0	0.0000	0.0000	0.0000
ENSG00000283599.2	BX276092.9	protein_coding	1	1	0	0.0474	0.0139	0.0134
ENSG00000283601.1	MS4A19P	unprocessed_pseudogene	0	0	0	0.0000	0.0000	0.0000
ENSG00000283602.1	AC116353.6	transcribed_unitary_pseudogene	4	3	1	0.1626	0.0476	0.0459
ENSG00000283603.1	MIR4302	miRNA	0	0	0	0.0000	0.0000	0.0000
ENSG00000283604.1	MIR338	miRNA	0	0	0	0.0000	0.0000	0.0000
ENSG00000283605.1	OR4C48P	unprocessed_pseudogene	0	0	0	0.0000	0.0000	0.0000
ENSG00000283607.2	IGHVII-30-21	IG_V_pseudogene	0	0	0	0.0000	0.0000	0.0000
ENSG00000283608.1	AL031056.2	lncRNA	0	1	0	0.0000	0.0000	0.0000
ENSG00000283609.1	MIR4662A	miRNA	0	0	0	0.0000	0.0000	0.0000
ENSG00000283611.2	TMEM274P	unitary_pseudogene	0	0	0	0.0000	0.0000	0.0000
ENSG00000283612.1	MIR103B1	miRNA	0	0	0	0.0000	0.0000	0.0000
ENSG00000283613.1	CUPIN1P	unitary_pseudogene	0	0	0	0.0000	0.0000	0.0000
ENSG00000283614.1	MIR7973-2	miRNA	0	0	0	0.0000	0.0000	0.0000
ENSG00000283615.1	MIR924	miRNA	0	0	0	0.0000	0.0000	0.0000
ENSG00000283616.1	MIR5683	miRNA	0	0	0	0.0000	0.0000	0.0000
ENSG00000283618.1	AC007036.4	sRNA	0	0	0	0.0000	0.0000	0.0000
ENSG00000283621.1	MIR6759	miRNA	0	2	3	0.0000	0.0000	0.0000
ENSG00000283622.1	MIR4328	miRNA	0	0	0	0.0000	0.0000	0.0000
ENSG00000283625.1	AC128714.2	unprocessed_pseudogene	0	0	0	0.0000	0.0000	0.0000
ENSG00000283626.1	MTATP6P10	unprocessed_pseudogene	0	0	0	0.0000	0.0000	0.0000
ENSG00000283627.1	AL137785.1	lncRNA	58	26	32	10.0518	2.9443	2.8352
ENSG00000283629.1	AC016526.4	lncRNA	0	0	0	0.0000	0.0000	0.0000
ENSG00000283631.1	AL928596.1	lncRNA	0	0	0	0.0000	0.0000	0.0000
ENSG00000283632.4	EXOC3L2	protein_coding	114	57	57	3.0338	0.8887	0.8557
ENSG00000283633.1	AP000547.3	lncRNA	9	3	6	0.2489	0.0729	0.0702
ENSG00000283634.1	MIR3155B	miRNA	0	0	0	0.0000	0.0000	0.0000
ENSG00000283635.1	AC012485.3	lncRNA	0	0	0	0.0000	0.0000	0.0000
ENSG00000283636.1	Metazoa_SRP	misc_RNA	0	0	0	0.0000	0.0000	0.0000
ENSG00000283637.1	MIR4776-2	miRNA	0	0	0	0.0000	0.0000	0.0000
ENSG00000283638.2	AC002407.1	lncRNA	0	0	0	0.0000	0.0000	0.0000
ENSG00000283639.1	MIR9500	miRNA	0	0	0	0.0000	0.0000	0.0000
ENSG00000283644.1	ETDC	protein_coding	0	0	0	0.0000	0.0000	0.0000
ENSG00000283645.1	MIR5583-2	miRNA	0	0	0	0.0000	0.0000	0.0000
ENSG00000283646.2	LINC02009	lncRNA	1	1	0	0.0288	0.0084	0.0081
ENSG00000283647.1	AL512643.1	lncRNA	0	0	0	0.0000	0.0000	0.0000
ENSG00000283648.1	AC006974.2	lncRNA	0	0	0	0.0000	0.0000	0.0000
ENSG00000283653.1	AC091948.1	unprocessed_pseudogene	0	0	0	0.0000	0.0000	0.0000
ENSG00000283654.3	LMLN2	protein_coding	0	9	6	0.0000	0.0000	0.0000
ENSG00000283656.1	MIR4483	miRNA	0	0	0	0.0000	0.0000	0.0000
ENSG00000283657.1	AC074101.1	unprocessed_pseudogene	0	0	0	0.0000	0.0000	0.0000
ENSG00000283659.1	AC006453.4	unprocessed_pseudogene	0	0	0	0.0000	0.0000	0.0000
ENSG00000283662.1	AC138904.3	lncRNA	0	0	0	0.0000	0.0000	0.0000
ENSG00000283663.1	AC008687.8	protein_coding	0	0	0	0.0000	0.0000	0.0000
ENSG00000283664.1	MIR4679-1	miRNA	0	0	0	0.0000	0.0000	0.0000
ENSG00000283665.1	MIR3974	miRNA	0	0	0	0.0000	0.0000	0.0000
ENSG00000283666.1	U6	snRNA	0	0	0	0.0000	0.0000	0.0000
ENSG00000283667.1	AC009802.1	lncRNA	3	23	21	0.1583	0.0464	0.0447
ENSG00000283669.1	AC112487.2	unitary_pseudogene	2	2	0	0.5587	0.1636	0.1576
ENSG00000283672.1	MIR4678	miRNA	0	0	0	0.0000	0.0000	0.0000
ENSG00000283673.1	MIR4531	miRNA	0	0	0	0.0000	0.0000	0.0000
ENSG00000283674.3	AC068587.4	lncRNA	114	61	58	0.5717	0.1675	0.1613
ENSG00000283675.1	AC004448.4	snoRNA	0	0	0	0.0000	0.0000	0.0000
ENSG00000283676.1	MIR5087	miRNA	0	0	0	0.0000	0.0000	0.0000
ENSG00000283677.1	MIR3913-2	miRNA	0	0	0	0.0000	0.0000	0.0000
ENSG00000283678.1	MIR6830	miRNA	0	0	0	0.0000	0.0000	0.0000
ENSG00000283679.1	AC025278.3	processed_pseudogene	2	2	1	0.2134	0.0625	0.0602
ENSG00000283680.2	OR11K1P	unprocessed_pseudogene	0	0	0	0.0000	0.0000	0.0000
ENSG00000283682.1	MIR548AH	miRNA	0	0	0	0.0000	0.0000	0.0000
ENSG00000283683.1	MYOCOS	protein_coding	0	0	3	0.0000	0.0000	0.0000
ENSG00000283684.1	AC013268.5	lncRNA	0	0	0	0.0000	0.0000	0.0000
ENSG00000283685.1	MIR522	miRNA	0	0	0	0.0000	0.0000	0.0000
ENSG00000283686.2	AC083841.4	unprocessed_pseudogene	0	0	0	0.0000	0.0000	0.0000
ENSG00000283688.1	MIR6715B	miRNA	0	0	0	0.0000	0.0000	0.0000
ENSG00000283689.1	AC018553.2	lncRNA	25	14	21	1.9953	0.5845	0.5628
ENSG00000283690.1	MIR3116-2	miRNA	0	0	0	0.0000	0.0000	0.0000
ENSG00000283691.1	Y_RNA	misc_RNA	0	0	0	0.0000	0.0000	0.0000
ENSG00000283692.2	Z96074.1	lncRNA	0	0	0	0.0000	0.0000	0.0000
ENSG00000283694.1	MIR3202-2	miRNA	0	0	0	0.0000	0.0000	0.0000
ENSG00000283695.1	AC010487.2	unprocessed_pseudogene	0	0	0	0.0000	0.0000	0.0000
ENSG00000283696.1	AL592295.4	lncRNA	32	16	16	2.7256	0.7984	0.7688
ENSG00000283697.2	HSFX3	protein_coding	0	4	3	0.0000	0.0000	0.0000
ENSG00000283698.1	VINAC1P	transcribed_unitary_pseudogene	0	0	0	0.0000	0.0000	0.0000
ENSG00000283699.1	MIR4481	miRNA	0	0	0	0.0000	0.0000	0.0000
ENSG00000283701.1	MIR555	miRNA	0	0	0	0.0000	0.0000	0.0000
ENSG00000283703.2	VSIG10L2	protein_coding	1	70	56	0.0166	0.0049	0.0047
ENSG00000283704.1	AP003392.15	miRNA	0	0	0	0.0000	0.0000	0.0000
ENSG00000283705.1	MIR92A1	miRNA	0	0	0	0.0000	0.0000	0.0000
ENSG00000283706.2	PRSS50	protein_coding	0	0	0	0.0000	0.0000	0.0000
ENSG00000283709.1	FAM238C	transcribed_unprocessed_pseudogene	6	3	3	0.0919	0.0269	0.0259
ENSG00000283710.1	MIR1204	miRNA	0	0	0	0.0000	0.0000	0.0000
ENSG00000283712.1	MIR6727	miRNA	0	0	0	0.0000	0.0000	0.0000
ENSG00000283717.1	MIR6831	miRNA	0	0	0	0.0000	0.0000	0.0000
ENSG00000283721.1	MIR6884	miRNA	0	0	0	0.0000	0.0000	0.0000
ENSG00000283724.1	MIR6732	miRNA	0	0	0	0.0000	0.0000	0.0000
ENSG00000283726.1	MIR5193	miRNA	0	0	0	0.0000	0.0000	0.0000
ENSG00000283728.1	MIR7108	miRNA	0	0	0	0.0000	0.0000	0.0000
ENSG00000283733.1	MIR146A	miRNA	0	0	0	0.0000	0.0000	0.0000
ENSG00000283734.1	MIR4785	miRNA	0	0	0	0.0000	0.0000	0.0000
ENSG00000283736.1	MIR484	miRNA	0	0	0	0.0000	0.0000	0.0000
ENSG00000283737.1	AL023875.1	TEC	1	1	0	0.1067	0.0312	0.0301
ENSG00000283740.1	TAF11L11	protein_coding	0	0	0	0.0000	0.0000	0.0000
ENSG00000283743.2	Z84466.1	lncRNA	0	0	0	0.0000	0.0000	0.0000
ENSG00000283744.1	MIR6755	miRNA	0	0	0	0.0000	0.0000	0.0000
ENSG00000283745.1	MIR196B	miRNA	0	0	0	0.0000	0.0000	0.0000
ENSG00000283749.1	MIR4781	miRNA	0	0	0	0.0000	0.0000	0.0000
ENSG00000283751.1	MIR452	miRNA	0	0	0	0.0000	0.0000	0.0000
ENSG00000283752.1	AC241585.3	unprocessed_pseudogene	0	0	0	0.0000	0.0000	0.0000
ENSG00000283755.2	CPHXL	protein_coding	1	1	0	0.0625	0.0183	0.0176
ENSG00000283757.1	AL031686.1	lncRNA	0	0	0	0.0000	0.0000	0.0000
ENSG00000283758.2	PMIS2	protein_coding	0	0	0	0.0000	0.0000	0.0000
ENSG00000283759.1	MIR614	miRNA	0	0	0	0.0000	0.0000	0.0000
ENSG00000283761.1	AC118553.2	protein_coding	1	0	1	0.0147	0.0043	0.0042
ENSG00000283762.1	MIR20A	miRNA	0	0	0	0.0000	0.0000	0.0000
ENSG00000283764.1	MIR6850	miRNA	0	0	0	0.0000	0.0000	0.0000
ENSG00000283765.1	AC131160.1	protein_coding	3	2	1	0.0833	0.0244	0.0235
ENSG00000283766.1	AC141930.2	lncRNA	0	0	0	0.0000	0.0000	0.0000
ENSG00000283768.1	MIR1178	miRNA	0	0	0	0.0000	0.0000	0.0000
ENSG00000283769.1	CR392000.2	lncRNA	0	0	0	0.0000	0.0000	0.0000
ENSG00000283770.1	MIR6849	miRNA	0	0	0	0.0000	0.0000	0.0000
ENSG00000283772.1	MIR6778	miRNA	0	0	0	0.0000	0.0000	0.0000
ENSG00000283773.1	AL137798.3	transcribed_unprocessed_pseudogene	0	0	0	0.0000	0.0000	0.0000
ENSG00000283774.1	MIR632	miRNA	0	0	0	0.0000	0.0000	0.0000
ENSG00000283775.1	MIR4329	miRNA	0	0	0	0.0000	0.0000	0.0000
ENSG00000283776.1	TAF11L13	protein_coding	0	0	0	0.0000	0.0000	0.0000
ENSG00000283782.2	AC116366.2	protein_coding	0	0	0	0.0000	0.0000	0.0000
ENSG00000283783.1	MIR622	miRNA	0	0	0	0.0000	0.0000	0.0000
ENSG00000283785.1	MIR15A	miRNA	0	0	0	0.0000	0.0000	0.0000
ENSG00000283787.2	PRR33	protein_coding	65	280	331	1.4457	0.4235	0.4078
ENSG00000283788.1	MIR936	miRNA	0	0	0	0.0000	0.0000	0.0000
ENSG00000283789.1	MIR7846	miRNA	0	0	0	0.0000	0.0000	0.0000
ENSG00000283791.1	MIR612	miRNA	0	0	0	0.0000	0.0000	0.0000
ENSG00000283792.1	MIR4453	miRNA	0	0	0	0.0000	0.0000	0.0000
ENSG00000283793.1	MIR6861	miRNA	0	0	0	0.0000	0.0000	0.0000
ENSG00000283795.1	MIR4426	miRNA	0	0	0	0.0000	0.0000	0.0000
ENSG00000283796.1	MIR6510	miRNA	0	0	0	0.0000	0.0000	0.0000
ENSG00000283797.1	MIR29B1	miRNA	0	0	0	0.0000	0.0000	0.0000
ENSG00000283798.1	MIR630	miRNA	0	0	0	0.0000	0.0000	0.0000
ENSG00000283799.1	MIR1182	miRNA	0	0	0	0.0000	0.0000	0.0000
ENSG00000283801.1	MIR1302-11	miRNA	0	0	0	0.0000	0.0000	0.0000
ENSG00000283803.1	MIR3198-2	miRNA	0	0	0	0.0000	0.0000	0.0000
ENSG00000283805.1	MIR636	miRNA	0	0	0	0.0000	0.0000	0.0000
ENSG00000283809.1	AC007326.4	protein_coding	0	0	0	0.0000	0.0000	0.0000
ENSG00000283813.1	MIR4485	miRNA	0	0	0	0.0000	0.0000	0.0000
ENSG00000283815.1	MIR18A	miRNA	0	0	0	0.0000	0.0000	0.0000
ENSG00000283818.1	MIR7844	miRNA	0	0	0	0.0000	0.0000	0.0000
ENSG00000283819.1	MIR144	miRNA	0	0	0	0.0000	0.0000	0.0000
ENSG00000283821.1	MIR6875	miRNA	0	0	0	0.0000	0.0000	0.0000
ENSG00000283822.1	MIR639	miRNA	0	0	0	0.0000	0.0000	0.0000
ENSG00000283824.1	MIR22	miRNA	0	0	0	0.0000	0.0000	0.0000
ENSG00000283828.1	AL137002.2	lncRNA	12	9	6	0.4553	0.1334	0.1284
ENSG00000283829.1	MIR378I	miRNA	0	0	0	0.0000	0.0000	0.0000
ENSG00000283836.1	MIR6734	miRNA	0	0	0	0.0000	0.0000	0.0000
ENSG00000283839.1	AC096667.1	lncRNA	9	8	8	0.2206	0.0646	0.0622
ENSG00000283840.1	MIR6764	miRNA	0	0	0	0.0000	0.0000	0.0000
ENSG00000283842.1	MIR4751	miRNA	0	0	0	0.0000	0.0000	0.0000
ENSG00000283844.1	MIR214	miRNA	0	0	0	0.0000	0.0000	0.0000
ENSG00000283845.1	MIR4721	miRNA	0	0	0	0.0000	0.0000	0.0000
ENSG00000283848.1	MIR6872	miRNA	0	0	0	0.0000	0.0000	0.0000
ENSG00000283849.1	AC092053.2	lncRNA	0	5	4	0.0000	0.0000	0.0000
ENSG00000283853.1	MIR4738	miRNA	0	0	0	0.0000	0.0000	0.0000
ENSG00000283856.1	MIR7703	miRNA	0	0	0	0.0000	0.0000	0.0000
ENSG00000283857.1	MIR1247	miRNA	0	0	0	0.0000	0.0000	0.0000
ENSG00000283858.1	MIR3674	miRNA	0	0	0	0.0000	0.0000	0.0000
ENSG00000283863.1	MIR3960	miRNA	0	0	0	0.0000	0.0000	0.0000
ENSG00000283865.1	MTND3P18	unprocessed_pseudogene	0	0	0	0.0000	0.0000	0.0000
ENSG00000283867.1	MIR1307	miRNA	0	0	0	0.0000	0.0000	0.0000
ENSG00000283871.1	MIR130B	miRNA	0	0	0	0.0000	0.0000	0.0000
ENSG00000283873.1	SSU72P4	protein_coding	0	0	0	0.0000	0.0000	0.0000
ENSG00000283874.1	MIR3911	miRNA	0	0	0	0.0000	0.0000	0.0000
ENSG00000283876.1	MIR4260	miRNA	0	0	0	0.0000	0.0000	0.0000
ENSG00000283877.1	AC104304.2	protein_coding	0	0	0	0.0000	0.0000	0.0000
ENSG00000283879.1	MTND6P35	unprocessed_pseudogene	0	0	0	0.0000	0.0000	0.0000
ENSG00000283880.1	MIR7704	miRNA	0	0	0	0.0000	0.0000	0.0000
ENSG00000283881.1	MIR3916	miRNA	0	0	0	0.0000	0.0000	0.0000
ENSG00000283885.1	MIR3714	miRNA	0	0	0	0.0000	0.0000	0.0000
ENSG00000283886.3	BX664615.2	protein_coding	0	0	0	0.0000	0.0000	0.0000
ENSG00000283888.1	MIR1469	miRNA	0	0	0	0.0000	0.0000	0.0000
ENSG00000283891.1	MIR628	miRNA	0	0	0	0.0000	0.0000	0.0000
ENSG00000283894.1	MIR1324	miRNA	0	0	0	0.0000	0.0000	0.0000
ENSG00000283897.2	AC011416.3	lncRNA	47	31	16	1.7057	0.4996	0.4811
ENSG00000283899.1	MIR761	miRNA	0	0	0	0.0000	0.0000	0.0000
ENSG00000283900.1	TPTEP2-CSNK1E	protein_coding	1	1	0	0.0480	0.0141	0.0135
ENSG00000283904.1	MIR155	miRNA	0	0	0	0.0000	0.0000	0.0000
ENSG00000283906.1	IGHV4-80	IG_V_pseudogene	6	3	3	1.5873	0.4649	0.4477
ENSG00000283907.1	AD000090.1	lncRNA	28	11	17	4.8133	1.4099	1.3576
ENSG00000283913.1	AL512662.1	lncRNA	1	0	1	0.0409	0.0120	0.0115
ENSG00000283914.1	AC087645.4	lncRNA	0	0	1	0.0000	0.0000	0.0000
ENSG00000283920.1	MIR6743	miRNA	0	0	0	0.0000	0.0000	0.0000
ENSG00000283921.1	MIR1302-9	miRNA	0	0	0	0.0000	0.0000	0.0000
ENSG00000283923.1	MIR6132	miRNA	0	0	0	0.0000	0.0000	0.0000
ENSG00000283926.1	MIR192	miRNA	0	0	0	0.0000	0.0000	0.0000
ENSG00000283927.1	MIR133A1	miRNA	0	0	0	0.0000	0.0000	0.0000
ENSG00000283928.1	MIR637	miRNA	0	0	0	0.0000	0.0000	0.0000
ENSG00000283929.1	MIR5010	miRNA	1	0	1	0.7077	0.2073	0.1996
ENSG00000283930.1	AL117339.4	protein_coding	6	2	4	0.1288	0.0377	0.0363
ENSG00000283931.1	MIR18B	miRNA	0	0	0	0.0000	0.0000	0.0000
ENSG00000283933.1	MIR6878	miRNA	0	0	0	0.0000	0.0000	0.0000
ENSG00000283935.1	MIR423	miRNA	0	0	0	0.0000	0.0000	0.0000
ENSG00000283936.1	MIR3658	miRNA	0	0	0	0.0000	0.0000	0.0000
ENSG00000283938.1	MIR3917	miRNA	0	0	0	0.0000	0.0000	0.0000
ENSG00000283940.1	MTND3P15	unprocessed_pseudogene	0	0	0	0.0000	0.0000	0.0000
ENSG00000283941.1	MIR600	miRNA	0	0	0	0.0000	0.0000	0.0000
ENSG00000283944.1	MIR4709	miRNA	0	0	0	0.0000	0.0000	0.0000
ENSG00000283945.1	LINC00032	transcribed_unprocessed_pseudogene	0	0	0	0.0000	0.0000	0.0000
ENSG00000283948.1	IGHVIII-16-1	IG_V_pseudogene	0	0	0	0.0000	0.0000	0.0000
ENSG00000283950.1	MIR6791	miRNA	0	0	0	0.0000	0.0000	0.0000
ENSG00000283952.1	AC092017.2	protein_coding	0	0	0	0.0000	0.0000	0.0000
ENSG00000283956.1	MIR3610	miRNA	0	0	0	0.0000	0.0000	0.0000
ENSG00000283958.1	MIR1248	miRNA	0	0	0	0.0000	0.0000	0.0000
ENSG00000283959.1	AP002851.1	lncRNA	3	2	2	0.1196	0.0350	0.0337
ENSG00000283967.1	TAF11L8	protein_coding	0	0	0	0.0000	0.0000	0.0000
ENSG00000283969.1	MIR6838	miRNA	0	0	0	0.0000	0.0000	0.0000
ENSG00000283971.1	MIR4442	miRNA	3	0	3	3.8024	1.1138	1.0725
ENSG00000283972.1	FAM247A	transcribed_unprocessed_pseudogene	0	0	0	0.0000	0.0000	0.0000
ENSG00000283973.2	AC099795.1	lncRNA	0	5	5	0.0000	0.0000	0.0000
ENSG00000283977.1	AC084337.2	protein_coding	0	0	0	0.0000	0.0000	0.0000
ENSG00000283978.1	MIR365B	miRNA	0	0	0	0.0000	0.0000	0.0000
ENSG00000283980.1	GNG14	protein_coding	0	0	0	0.0000	0.0000	0.0000
ENSG00000283982.1	AL445623.2	lncRNA	0	0	0	0.0000	0.0000	0.0000
ENSG00000283988.1	TAF11L9	protein_coding	0	0	0	0.0000	0.0000	0.0000
ENSG00000283990.1	MIRLET7A3	miRNA	0	0	0	0.0000	0.0000	0.0000
ENSG00000283991.1	AC017000.1	lncRNA	0	1	1	0.0000	0.0000	0.0000
ENSG00000283992.2	SLURP2	protein_coding	0	0	0	0.0000	0.0000	0.0000
ENSG00000283994.1	AC092652.2	lncRNA	14	7	7	0.7837	0.2296	0.2210
ENSG00000283998.1	MIR492	miRNA	0	0	0	0.0000	0.0000	0.0000
ENSG00000283999.1	AL358215.3	lncRNA	0	0	0	0.0000	0.0000	0.0000
ENSG00000284000.1	MIR4458	miRNA	0	0	0	0.0000	0.0000	0.0000
ENSG00000284003.1	AC073869.4	unprocessed_pseudogene	0	0	0	0.0000	0.0000	0.0000
ENSG00000284005.1	MIR6084	miRNA	0	0	0	0.0000	0.0000	0.0000
ENSG00000284008.1	MIR6511B1	miRNA	0	0	0	0.0000	0.0000	0.0000
ENSG00000284010.1	MIR675	miRNA	0	0	0	0.0000	0.0000	0.0000
ENSG00000284011.1	MIR6502	miRNA	0	0	0	0.0000	0.0000	0.0000
ENSG00000284012.1	MIR6840	miRNA	0	0	0	0.0000	0.0000	0.0000
ENSG00000284015.1	MIR1281	miRNA	2	2	0	3.1452	0.9213	0.8871
ENSG00000284018.1	SSU72P5	protein_coding	0	0	0	0.0000	0.0000	0.0000
ENSG00000284020.1	MIR4697	miRNA	0	0	0	0.0000	0.0000	0.0000
ENSG00000284024.4	AC069544.2	protein_coding	604	318	286	10.7688	3.1544	3.0374
ENSG00000284027.1	MIR497	miRNA	0	0	0	0.0000	0.0000	0.0000
ENSG00000284028.1	MIR4468	miRNA	0	0	0	0.0000	0.0000	0.0000
ENSG00000284029.1	MIR6805	miRNA	0	0	0	0.0000	0.0000	0.0000
ENSG00000284031.1	MIR4761	miRNA	0	0	0	0.0000	0.0000	0.0000
ENSG00000284032.1	MIR29A	miRNA	0	0	0	0.0000	0.0000	0.0000
ENSG00000284034.1	MIR5196	miRNA	0	0	0	0.0000	0.0000	0.0000
ENSG00000284035.1	MIR5187	miRNA	0	1	0	0.0000	0.0000	0.0000
ENSG00000284038.1	MIR10A	miRNA	0	0	0	0.0000	0.0000	0.0000
ENSG00000284040.1	MIR296	miRNA	0	0	0	0.0000	0.0000	0.0000
ENSG00000284042.1	TAF11L6	protein_coding	0	0	0	0.0000	0.0000	0.0000
ENSG00000284043.1	MIR20B	miRNA	0	0	0	0.0000	0.0000	0.0000
ENSG00000284047.1	MIR6836	miRNA	0	0	0	0.0000	0.0000	0.0000
ENSG00000284048.2	AC073111.2	lncRNA	0	0	0	0.0000	0.0000	0.0000
ENSG00000284049.1	MIR650	miRNA	0	0	0	0.0000	0.0000	0.0000
ENSG00000284052.1	AC006460.2	lncRNA	118	72	57	1.2829	0.3758	0.3618
ENSG00000284054.1	MIR7112	miRNA	0	0	0	0.0000	0.0000	0.0000
ENSG00000284055.1	MIR4315-1	miRNA	0	0	0	0.0000	0.0000	0.0000
ENSG00000284057.1	AP001273.2	protein_coding	0	0	0	0.0000	0.0000	0.0000
ENSG00000284059.1	MIR5572	miRNA	0	0	0	0.0000	0.0000	0.0000
ENSG00000284060.1	AC002472.2	transcribed_unprocessed_pseudogene	0	42	22	0.0000	0.0000	0.0000
ENSG00000284062.1	MIR4469	miRNA	0	0	0	0.0000	0.0000	0.0000
ENSG00000284064.1	MIR6834	miRNA	0	0	0	0.0000	0.0000	0.0000
ENSG00000284065.1	MIR6887	miRNA	0	0	0	0.0000	0.0000	0.0000
ENSG00000284067.1	MIR6837	miRNA	0	0	0	0.0000	0.0000	0.0000
ENSG00000284070.1	AP000356.2	lncRNA	29	19	12	0.5314	0.1557	0.1499
ENSG00000284071.1	AC012005.2	unprocessed_pseudogene	0	0	0	0.0000	0.0000	0.0000
ENSG00000284074.1	MIR4758	miRNA	0	0	0	0.0000	0.0000	0.0000
ENSG00000284078.1	SNORD138	miRNA	0	0	0	0.0000	0.0000	0.0000
ENSG00000284079.1	MIR4775	miRNA	0	0	0	0.0000	0.0000	0.0000
ENSG00000284081.1	MIR1199	miRNA	0	0	0	0.0000	0.0000	0.0000
ENSG00000284082.1	MIR7109	miRNA	0	0	0	0.0000	0.0000	0.0000
ENSG00000284084.1	AOX3P-AOX2P	lncRNA	0	0	0	0.0000	0.0000	0.0000
ENSG00000284085.1	MIR4732	miRNA	0	0	0	0.0000	0.0000	0.0000
ENSG00000284087.1	MIR6844	miRNA	0	0	0	0.0000	0.0000	0.0000
ENSG00000284092.1	MIR5703	miRNA	0	0	0	0.0000	0.0000	0.0000
ENSG00000284094.1	MIR6073	miRNA	0	0	0	0.0000	0.0000	0.0000
ENSG00000284095.1	AC055733.4	TEC	1	1	0	0.0627	0.0184	0.0177
ENSG00000284098.1	AC099654.6	unprocessed_pseudogene	0	0	0	0.0000	0.0000	0.0000
ENSG00000284107.1	MIR19B2	miRNA	0	0	0	0.0000	0.0000	0.0000
ENSG00000284108.1	MIR611	miRNA	0	0	0	0.0000	0.0000	0.0000
ENSG00000284112.1	MIR195	miRNA	0	0	0	0.0000	0.0000	0.0000
ENSG00000284114.1	MIR6800	miRNA	0	0	0	0.0000	0.0000	0.0000
ENSG00000284116.1	AL772307.1	lncRNA	0	0	0	0.0000	0.0000	0.0000
ENSG00000284117.1	MIR6883	miRNA	0	0	0	0.0000	0.0000	0.0000
ENSG00000284118.1	MIR4707	miRNA	0	0	0	0.0000	0.0000	0.0000
ENSG00000284121.1	MIR198	miRNA	0	0	0	0.0000	0.0000	0.0000
ENSG00000284122.1	MIR6717	miRNA	0	0	0	0.0000	0.0000	0.0000
ENSG00000284125.1	MIR1825	miRNA	0	0	0	0.0000	0.0000	0.0000
ENSG00000284128.1	AP000356.3	transcribed_unprocessed_pseudogene	1	0	1	0.0530	0.0155	0.0149
ENSG00000284129.1	MIR6789	miRNA	0	0	0	0.0000	0.0000	0.0000
ENSG00000284130.1	AC002472.3	transcribed_unprocessed_pseudogene	0	0	0	0.0000	0.0000	0.0000
ENSG00000284134.1	MIR568	miRNA	0	0	0	0.0000	0.0000	0.0000
ENSG00000284135.1	MIR3654	miRNA	0	0	0	0.0000	0.0000	0.0000
ENSG00000284138.1	ATP6V0CP4	processed_pseudogene	0	0	0	0.0000	0.0000	0.0000
ENSG00000284139.1	MIR1234	miRNA	0	0	0	0.0000	0.0000	0.0000
ENSG00000284140.1	MIR3618	miRNA	0	0	0	0.0000	0.0000	0.0000
ENSG00000284142.1	MIR6845	miRNA	0	0	0	0.0000	0.0000	0.0000
ENSG00000284143.1	MIR4700	miRNA	0	0	0	0.0000	0.0000	0.0000
ENSG00000284144.1	MIR6866	miRNA	0	0	0	0.0000	0.0000	0.0000
ENSG00000284146.1	MIR922	miRNA	0	0	0	0.0000	0.0000	0.0000
ENSG00000284147.1	MIR3150B	miRNA	0	0	0	0.0000	0.0000	0.0000
ENSG00000284148.1	MIR6756	miRNA	0	0	0	0.0000	0.0000	0.0000
ENSG00000284149.1	MIR4784	miRNA	0	0	0	0.0000	0.0000	0.0000
ENSG00000284152.1	MIR6758	miRNA	0	0	0	0.0000	0.0000	0.0000
ENSG00000284154.1	MIR3605	miRNA	1	1	0	0.8492	0.2487	0.2395
ENSG00000284155.1	MIR194-2	miRNA	0	0	0	0.0000	0.0000	0.0000
ENSG00000284157.1	MIR106A	miRNA	0	0	0	0.0000	0.0000	0.0000
ENSG00000284158.1	MIR6822	miRNA	0	0	0	0.0000	0.0000	0.0000
ENSG00000284159.1	MIR3940	miRNA	0	0	0	0.0000	0.0000	0.0000
ENSG00000284160.1	MIR7706	miRNA	0	0	0	0.0000	0.0000	0.0000
ENSG00000284162.1	MIR4523	miRNA	0	0	0	0.0000	0.0000	0.0000
ENSG00000284163.1	MIR3620	miRNA	0	0	0	0.0000	0.0000	0.0000
ENSG00000284167.1	MTATP6P5	processed_pseudogene	0	0	0	0.0000	0.0000	0.0000
ENSG00000284171.1	AC068137.1	unprocessed_pseudogene	0	0	0	0.0000	0.0000	0.0000
ENSG00000284172.1	MIR4315-2	miRNA	0	0	0	0.0000	0.0000	0.0000
ENSG00000284173.1	MIR6513	miRNA	0	0	0	0.0000	0.0000	0.0000
ENSG00000284175.1	MIR4763	miRNA	0	0	0	0.0000	0.0000	0.0000
ENSG00000284176.1	MIR5090	miRNA	0	0	0	0.0000	0.0000	0.0000
ENSG00000284179.1	MIR7-1	miRNA	0	0	0	0.0000	0.0000	0.0000
ENSG00000284180.1	MIR3606	miRNA	0	0	0	0.0000	0.0000	0.0000
ENSG00000284182.1	MIR143	miRNA	0	0	0	0.0000	0.0000	0.0000
ENSG00000284184.1	MIR6506	miRNA	0	0	0	0.0000	0.0000	0.0000
ENSG00000284185.1	MIR219A2	miRNA	0	0	0	0.0000	0.0000	0.0000
ENSG00000284186.1	MIR3615	miRNA	0	0	0	0.0000	0.0000	0.0000
ENSG00000284188.2	AL451007.3	protein_coding	0	0	0	0.0000	0.0000	0.0000
ENSG00000284190.1	MIR21	miRNA	0	0	0	0.0000	0.0000	0.0000
ENSG00000284191.1	MIR671	miRNA	0	0	0	0.0000	0.0000	0.0000
ENSG00000284193.1	MIR1257	miRNA	0	0	0	0.0000	0.0000	0.0000
ENSG00000284194.3	SCO2	protein_coding	7	1031	1104	0.4304	0.1261	0.1214
ENSG00000284195.1	MIR6852	miRNA	0	0	0	0.0000	0.0000	0.0000
ENSG00000284196.3	AL158064.1	lncRNA	1	1	0	0.0083	0.0024	0.0023
ENSG00000284197.1	MIR658	miRNA	0	0	0	0.0000	0.0000	0.0000
ENSG00000284200.1	MIR6847	miRNA	0	0	0	0.0000	0.0000	0.0000
ENSG00000284202.1	MIR137	miRNA	0	0	0	0.0000	0.0000	0.0000
ENSG00000284203.1	MIR29B2	miRNA	0	0	0	0.0000	0.0000	0.0000
ENSG00000284204.1	MIR19A	miRNA	0	0	0	0.0000	0.0000	0.0000
ENSG00000284209.2	FP325313.1	unprocessed_pseudogene	0	0	0	0.0000	0.0000	0.0000
ENSG00000284214.1	MIR29C	miRNA	0	0	0	0.0000	0.0000	0.0000
ENSG00000284216.1	MIR1909	miRNA	0	0	0	0.0000	0.0000	0.0000
ENSG00000284219.1	MIR202	miRNA	0	0	0	0.0000	0.0000	0.0000
ENSG00000284221.1	AC099654.7	unprocessed_pseudogene	0	0	0	0.0000	0.0000	0.0000
ENSG00000284224.1	MIR937	miRNA	0	0	0	0.0000	0.0000	0.0000
ENSG00000284229.1	MIR6848	miRNA	0	0	0	0.0000	0.0000	0.0000
ENSG00000284231.1	MIR424	miRNA	0	0	0	0.0000	0.0000	0.0000
ENSG00000284233.1	AP000356.4	transcribed_unprocessed_pseudogene	0	0	0	0.0000	0.0000	0.0000
ENSG00000284234.1	TAF11L5	protein_coding	0	0	0	0.0000	0.0000	0.0000
ENSG00000284237.1	LINC02767	lncRNA	7	4	3	0.0799	0.0234	0.0225
ENSG00000284239.1	MIR1539	miRNA	0	0	0	0.0000	0.0000	0.0000
ENSG00000284240.1	LINC02801	lncRNA	4	3	1	0.0690	0.0202	0.0194
ENSG00000284242.1	AC009452.1	unprocessed_pseudogene	0	0	0	0.0000	0.0000	0.0000
ENSG00000284246.1	MIR6716	miRNA	0	0	0	0.0000	0.0000	0.0000
ENSG00000284247.1	MIR2682	miRNA	0	0	0	0.0000	0.0000	0.0000
ENSG00000284250.1	MIR6516	miRNA	0	0	0	0.0000	0.0000	0.0000
ENSG00000284251.1	MIR711	miRNA	0	0	0	0.0000	0.0000	0.0000
ENSG00000284252.1	MIR4444-1	miRNA	0	0	0	0.0000	0.0000	0.0000
ENSG00000284253.1	MIR1973	miRNA	0	0	0	0.0000	0.0000	0.0000
ENSG00000284256.1	MIR5004	miRNA	0	0	0	0.0000	0.0000	0.0000
ENSG00000284258.1	MIR8085	miRNA	0	0	0	0.0000	0.0000	0.0000
ENSG00000284259.1	MIR6773	miRNA	0	0	0	0.0000	0.0000	0.0000
ENSG00000284261.1	MIR4657	miRNA	0	0	0	0.0000	0.0000	0.0000
ENSG00000284263.1	AC132825.5	unprocessed_pseudogene	0	0	0	0.0000	0.0000	0.0000
ENSG00000284265.1	MIR4683	miRNA	0	0	0	0.0000	0.0000	0.0000
ENSG00000284266.1	MIR4534	miRNA	4	2	2	5.6614	1.6583	1.5968
ENSG00000284268.1	MIR1181	miRNA	0	0	0	0.0000	0.0000	0.0000
ENSG00000284269.1	MIR7855	miRNA	0	0	0	0.0000	0.0000	0.0000
ENSG00000284272.1	MIR4321	miRNA	0	0	0	0.0000	0.0000	0.0000
ENSG00000284276.1	MIR4800	miRNA	0	0	0	0.0000	0.0000	0.0000
ENSG00000284277.1	MIR7162	miRNA	0	0	0	0.0000	0.0000	0.0000
ENSG00000284280.1	MIR6843	miRNA	0	0	0	0.0000	0.0000	0.0000
ENSG00000284283.1	TAF11L4	protein_coding	0	0	0	0.0000	0.0000	0.0000
ENSG00000284284.1	MIR4712	miRNA	0	0	0	0.0000	0.0000	0.0000
ENSG00000284286.1	MIR718	miRNA	0	0	0	0.0000	0.0000	0.0000
ENSG00000284288.1	MIR378D2	miRNA	0	0	0	0.0000	0.0000	0.0000
ENSG00000284289.1	MIR6820	miRNA	0	0	0	0.0000	0.0000	0.0000
ENSG00000284291.1	MTCO2P10	unprocessed_pseudogene	0	0	0	0.0000	0.0000	0.0000
ENSG00000284292.1	AC004922.1	protein_coding	0	0	0	0.0000	0.0000	0.0000
ENSG00000284293.1	MIR7113	miRNA	0	0	0	0.0000	0.0000	0.0000
ENSG00000284294.1	AC007326.5	lncRNA	0	0	0	0.0000	0.0000	0.0000
ENSG00000284299.1	AL590132.1	protein_coding	2	2	0	0.0365	0.0107	0.0103
ENSG00000284300.1	AC132825.6	unprocessed_pseudogene	0	0	0	0.0000	0.0000	0.0000
ENSG00000284305.1	MIR3179-1	miRNA	0	0	0	0.0000	0.0000	0.0000
ENSG00000284306.1	SSU72P2	protein_coding	0	0	0	0.0000	0.0000	0.0000
ENSG00000284308.1	C2orf81	protein_coding	16	7	10	0.4537	0.1329	0.1280
ENSG00000284309.1	AL391650.2	lncRNA	0	0	0	0.0000	0.0000	0.0000
ENSG00000284310.1	MIR939	miRNA	0	0	0	0.0000	0.0000	0.0000
ENSG00000284311.1	MIR6742	miRNA	0	0	0	0.0000	0.0000	0.0000
ENSG00000284317.1	MIR7114	miRNA	0	0	0	0.0000	0.0000	0.0000
ENSG00000284321.1	MIR124-1	miRNA	0	0	0	0.0000	0.0000	0.0000
ENSG00000284324.1	MIR3175	miRNA	0	0	0	0.0000	0.0000	0.0000
ENSG00000284325.1	MIR3655	miRNA	0	0	0	0.0000	0.0000	0.0000
ENSG00000284327.1	AC006927.2	processed_pseudogene	0	0	0	0.0000	0.0000	0.0000
ENSG00000284328.1	AC132825.7	unprocessed_pseudogene	0	0	0	0.0000	0.0000	0.0000
ENSG00000284329.1	MIR9-3	miRNA	0	0	0	0.0000	0.0000	0.0000
ENSG00000284331.1	MIR4741	miRNA	0	0	0	0.0000	0.0000	0.0000
ENSG00000284332.1	MIR1302-2	miRNA	0	0	0	0.0000	0.0000	0.0000
ENSG00000284334.1	MIR4651	miRNA	0	0	0	0.0000	0.0000	0.0000
ENSG00000284336.1	MIR2277	miRNA	0	0	0	0.0000	0.0000	0.0000
ENSG00000284337.1	AC013271.1	protein_coding	0	0	0	0.0000	0.0000	0.0000
ENSG00000284341.1	AL807752.7	protein_coding	0	0	0	0.0000	0.0000	0.0000
ENSG00000284343.1	MIR631	miRNA	0	3	3	0.0000	0.0000	0.0000
ENSG00000284344.1	MIR2117	miRNA	0	0	0	0.0000	0.0000	0.0000
ENSG00000284346.1	MIR940	miRNA	0	0	0	0.0000	0.0000	0.0000
ENSG00000284351.1	MIR3622A	miRNA	0	0	0	0.0000	0.0000	0.0000
ENSG00000284353.1	MIR142	miRNA	0	0	0	0.0000	0.0000	0.0000
ENSG00000284356.1	TAF11L10	protein_coding	0	0	0	0.0000	0.0000	0.0000
ENSG00000284357.1	MIR34A	miRNA	0	0	0	0.0000	0.0000	0.0000
ENSG00000284360.1	MIR6125	miRNA	0	0	0	0.0000	0.0000	0.0000
ENSG00000284361.1	MIR4745	miRNA	0	0	0	0.0000	0.0000	0.0000
ENSG00000284362.1	MIR519A2	miRNA	0	0	0	0.0000	0.0000	0.0000
ENSG00000284363.1	MIR224	miRNA	0	0	0	0.0000	0.0000	0.0000
ENSG00000284364.1	MIR6824	miRNA	0	0	0	0.0000	0.0000	0.0000
ENSG00000284368.1	MIR5047	miRNA	0	0	0	0.0000	0.0000	0.0000
ENSG00000284370.1	MIR4640	miRNA	0	0	0	0.0000	0.0000	0.0000
ENSG00000284372.1	MIR6808	miRNA	0	0	0	0.0000	0.0000	0.0000
ENSG00000284373.1	TAF11L2	protein_coding	0	0	0	0.0000	0.0000	0.0000
ENSG00000284375.1	MIR19B1	miRNA	0	0	0	0.0000	0.0000	0.0000
ENSG00000284376.1	AC092017.3	lncRNA	0	0	0	0.0000	0.0000	0.0000
ENSG00000284377.1	AL589669.1	lncRNA	0	0	0	0.0000	0.0000	0.0000
ENSG00000284378.1	MIR1244-1	miRNA	0	0	0	0.0000	0.0000	0.0000
ENSG00000284380.1	AC006328.2	unprocessed_pseudogene	0	0	0	0.0000	0.0000	0.0000
ENSG00000284385.1	MIR4313	miRNA	0	0	0	0.0000	0.0000	0.0000
ENSG00000284386.1	MIR147B	miRNA	0	0	0	0.0000	0.0000	0.0000
ENSG00000284387.1	MIR24-2	miRNA	0	0	0	0.0000	0.0000	0.0000
ENSG00000284388.1	MIR4496	miRNA	0	0	0	0.0000	0.0000	0.0000
ENSG00000284391.1	AL139398.1	lncRNA	9	7	2	0.4999	0.1464	0.1410
ENSG00000284393.1	AC092111.3	protein_coding	0	0	0	0.0000	0.0000	0.0000
ENSG00000284394.1	MIR4750	miRNA	0	0	0	0.0000	0.0000	0.0000
ENSG00000284395.2	PERCC1	protein_coding	2	0	2	0.0882	0.0258	0.0249
ENSG00000284399.1	MIR3184	miRNA	0	0	0	0.0000	0.0000	0.0000
ENSG00000284402.1	MIR7107	miRNA	0	0	0	0.0000	0.0000	0.0000
ENSG00000284407.1	MIR5001	miRNA	0	0	0	0.0000	0.0000	0.0000
ENSG00000284410.1	MIR6733	miRNA	0	0	0	0.0000	0.0000	0.0000
ENSG00000284411.1	MIR3191	miRNA	0	0	0	0.0000	0.0000	0.0000
ENSG00000284412.1	MIR4649	miRNA	0	0	0	0.0000	0.0000	0.0000
ENSG00000284415.1	MIR1287	miRNA	0	0	0	0.0000	0.0000	0.0000
ENSG00000284416.1	MIR1908	miRNA	0	0	0	0.0000	0.0000	0.0000
ENSG00000284418.2	AL391117.1	lncRNA	21	9	12	0.7363	0.2157	0.2077
ENSG00000284419.1	MIR663A	miRNA	0	0	0	0.0000	0.0000	0.0000
ENSG00000284421.1	MIR7110	miRNA	0	0	0	0.0000	0.0000	0.0000
ENSG00000284424.1	MIR4724	miRNA	0	0	0	0.0000	0.0000	0.0000
ENSG00000284425.1	MIR8072	miRNA	0	0	0	0.0000	0.0000	0.0000
ENSG00000284427.1	MIR4647	miRNA	0	0	0	0.0000	0.0000	0.0000
ENSG00000284428.1	AC092329.4	lncRNA	4	2	2	0.0667	0.0195	0.0188
ENSG00000284430.1	AC020912.1	lncRNA	0	0	0	0.0000	0.0000	0.0000
ENSG00000284431.1	AL022238.3	protein_coding	0	0	0	0.0000	0.0000	0.0000
ENSG00000284433.1	MIR1914	miRNA	0	0	0	0.0000	0.0000	0.0000
ENSG00000284435.1	MIR4691	miRNA	0	0	0	0.0000	0.0000	0.0000
ENSG00000284436.1	MIR6869	miRNA	0	0	0	0.0000	0.0000	0.0000
ENSG00000284438.1	SSU72P7	protein_coding	0	0	0	0.0000	0.0000	0.0000
ENSG00000284439.1	TAF11L3	protein_coding	0	0	0	0.0000	0.0000	0.0000
ENSG00000284440.1	MIR122	miRNA	0	0	0	0.0000	0.0000	0.0000
ENSG00000284442.1	MIR2110	miRNA	0	0	0	0.0000	0.0000	0.0000
ENSG00000284443.1	MIR197	miRNA	0	0	0	0.0000	0.0000	0.0000
ENSG00000284446.1	MIR1236	miRNA	0	0	0	0.0000	0.0000	0.0000
ENSG00000284447.1	MIR9-2	miRNA	0	0	0	0.0000	0.0000	0.0000
ENSG00000284448.1	MIR6501	miRNA	0	0	0	0.0000	0.0000	0.0000
ENSG00000284450.1	MIR664B	miRNA	0	0	0	0.0000	0.0000	0.0000
ENSG00000284452.1	AC093326.2	lncRNA	0	0	0	0.0000	0.0000	0.0000
ENSG00000284453.1	MIR1-2	miRNA	0	0	0	0.0000	0.0000	0.0000
ENSG00000284458.1	MIR1304	miRNA	0	0	0	0.0000	0.0000	0.0000
ENSG00000284459.1	MIR24-1	miRNA	0	0	0	0.0000	0.0000	0.0000
ENSG00000284461.2	AC027644.4	protein_coding	0	0	0	0.0000	0.0000	0.0000
ENSG00000284463.1	MIR302B	miRNA	0	0	0	0.0000	0.0000	0.0000
ENSG00000284464.1	MIR1306	miRNA	0	0	0	0.0000	0.0000	0.0000
ENSG00000284465.1	TAF11L7	protein_coding	0	0	0	0.0000	0.0000	0.0000
ENSG00000284469.1	MIR6721	miRNA	0	0	0	0.0000	0.0000	0.0000
ENSG00000284471.1	CR769775.2	TEC	24	7	17	0.4924	0.1442	0.1389
ENSG00000284473.1	MIR4720	miRNA	0	0	0	0.0000	0.0000	0.0000
ENSG00000284474.1	AC099654.8	unprocessed_pseudogene	0	0	0	0.0000	0.0000	0.0000
ENSG00000284479.1	SMIM39	protein_coding	0	0	0	0.0000	0.0000	0.0000
ENSG00000284481.1	MIR1292	miRNA	0	0	0	0.0000	0.0000	0.0000
ENSG00000284482.1	MIR4680	miRNA	0	0	0	0.0000	0.0000	0.0000
ENSG00000284484.1	AC025287.4	protein_coding	1	1	0	0.0685	0.0201	0.0193
ENSG00000284485.1	MIR205	miRNA	0	0	0	0.0000	0.0000	0.0000
ENSG00000284488.1	MIR6890	miRNA	0	0	0	0.0000	0.0000	0.0000
ENSG00000284489.1	MIR6751	miRNA	0	0	0	0.0000	0.0000	0.0000
ENSG00000284490.1	AC011471.4	unprocessed_pseudogene	1	0	1	0.3932	0.1152	0.1109
ENSG00000284491.2	THSD8	protein_coding	0	0	0	0.0000	0.0000	0.0000
ENSG00000284498.1	MIR564	miRNA	0	0	0	0.0000	0.0000	0.0000
ENSG00000284499.1	MIR363	miRNA	0	0	0	0.0000	0.0000	0.0000
ENSG00000284500.3	AC134980.1	lncRNA	0	0	0	0.0000	0.0000	0.0000
ENSG00000284503.1	MIR3652	miRNA	0	0	0	0.0000	0.0000	0.0000
ENSG00000284505.1	LYNX1-SLURP2	protein_coding	6	6	1	0.3860	0.1131	0.1089
ENSG00000284508.1	MIR133A2	miRNA	0	0	0	0.0000	0.0000	0.0000
ENSG00000284512.1	AC092718.8	protein_coding	2	22	18	0.0587	0.0172	0.0166
ENSG00000284513.1	AC006063.2	lncRNA	0	0	0	0.0000	0.0000	0.0000
ENSG00000284516.1	VAMP9P	transcribed_unitary_pseudogene	0	0	0	0.0000	0.0000	0.0000
ENSG00000284517.1	MIR6873	miRNA	0	0	0	0.0000	0.0000	0.0000
ENSG00000284518.1	MIR4658	miRNA	0	0	0	0.0000	0.0000	0.0000
ENSG00000284519.1	MIR6741	miRNA	0	0	0	0.0000	0.0000	0.0000
ENSG00000284520.1	MIRLET7B	miRNA	0	0	0	0.0000	0.0000	0.0000
ENSG00000284522.1	AC006927.3	processed_pseudogene	0	0	0	0.0000	0.0000	0.0000
ENSG00000284523.2	AC004834.1	lncRNA	3	3	2	0.0553	0.0162	0.0156
ENSG00000284525.1	MIR4687	miRNA	0	0	0	0.0000	0.0000	0.0000
ENSG00000284526.1	AC015802.6	protein_coding	57	2047	2184	0.8561	0.2508	0.2415
ENSG00000284532.1	MIR4723	miRNA	0	0	0	0.0000	0.0000	0.0000
ENSG00000284534.1	AC092634.7	lncRNA	0	0	0	0.0000	0.0000	0.0000
ENSG00000284535.1	MIR6748	miRNA	0	0	0	0.0000	0.0000	0.0000
ENSG00000284536.1	MIR17	miRNA	0	0	0	0.0000	0.0000	0.0000
ENSG00000284538.1	MIR92A2	miRNA	0	0	0	0.0000	0.0000	0.0000
ENSG00000284540.1	AC066615.1	TEC	0	0	0	0.0000	0.0000	0.0000
ENSG00000284541.1	MIR4517	miRNA	0	0	0	0.0000	0.0000	0.0000
ENSG00000284542.1	MIR3614	miRNA	0	0	0	0.0000	0.0000	0.0000
ENSG00000284543.1	LINC01226	lncRNA	1	1	0	0.0086	0.0025	0.0024
ENSG00000284544.1	MIR330	miRNA	0	0	0	0.0000	0.0000	0.0000
ENSG00000284546.1	SSU72P3	protein_coding	0	0	0	0.0000	0.0000	0.0000
ENSG00000284547.1	MIR2861	miRNA	0	0	0	0.0000	0.0000	0.0000
ENSG00000284550.1	MIR8069-1	miRNA	0	0	0	0.0000	0.0000	0.0000
ENSG00000284553.1	MIR6886	miRNA	0	0	0	0.0000	0.0000	0.0000
ENSG00000284554.2	AL022318.4	protein_coding	0	0	0	0.0000	0.0000	0.0000
ENSG00000284557.1	MIR1302-10	miRNA	0	0	0	0.0000	0.0000	0.0000
ENSG00000284558.1	AC099654.9	unprocessed_pseudogene	0	0	0	0.0000	0.0000	0.0000
ENSG00000284561.1	MIR4788	miRNA	0	0	0	0.0000	0.0000	0.0000
ENSG00000284564.1	MIR3064	miRNA	0	0	0	0.0000	0.0000	0.0000
ENSG00000284565.1	MIR451A	miRNA	0	0	0	0.0000	0.0000	0.0000
ENSG00000284567.1	MIR223	miRNA	0	0	0	0.0000	0.0000	0.0000
ENSG00000284568.1	MIR371B	miRNA	0	0	0	0.0000	0.0000	0.0000
ENSG00000284570.1	MIR7705	miRNA	0	0	0	0.0000	0.0000	0.0000
ENSG00000284572.1	AC099654.10	unprocessed_pseudogene	0	0	0	0.0000	0.0000	0.0000
ENSG00000284574.1	MIR6787	miRNA	0	0	0	0.0000	0.0000	0.0000
ENSG00000284575.1	MIR4793	miRNA	0	0	0	0.0000	0.0000	0.0000
ENSG00000284583.1	MIR935	miRNA	0	0	0	0.0000	0.0000	0.0000
ENSG00000284584.1	MIR5006	miRNA	0	0	0	0.0000	0.0000	0.0000
ENSG00000284585.1	MIR4722	miRNA	0	0	0	0.0000	0.0000	0.0000
ENSG00000284586.1	MIR92B	miRNA	0	0	0	0.0000	0.0000	0.0000
ENSG00000284587.1	MIR943	miRNA	0	0	0	0.0000	0.0000	0.0000
ENSG00000284591.1	AC006927.4	processed_pseudogene	0	0	0	0.0000	0.0000	0.0000
ENSG00000284592.2	AL357143.2	unprocessed_pseudogene	0	0	0	0.0000	0.0000	0.0000
ENSG00000284594.1	MIR7847	miRNA	0	0	0	0.0000	0.0000	0.0000
ENSG00000284595.1	MIR6785	miRNA	0	0	0	0.0000	0.0000	0.0000
ENSG00000284596.1	MIR4467	miRNA	0	0	0	0.0000	0.0000	0.0000
ENSG00000284600.1	AC093390.2	lncRNA	0	0	0	0.0000	0.0000	0.0000
ENSG00000284601.1	AL590440.2	lncRNA	1	1	0	0.0490	0.0144	0.0138
ENSG00000284602.1	AL031432.4	lncRNA	8	3	5	0.3102	0.0909	0.0875
ENSG00000284603.1	AC105233.3	transcribed_unprocessed_pseudogene	1	0	1	0.3932	0.1152	0.1109
ENSG00000284604.1	AC073869.5	lncRNA	0	0	0	0.0000	0.0000	0.0000
ENSG00000284605.1	AC127526.3	transcribed_unprocessed_pseudogene	0	0	0	0.0000	0.0000	0.0000
ENSG00000284606.1	AC105233.4	lncRNA	10	5	5	0.1161	0.0340	0.0327
ENSG00000284607.1	AL121936.1	lncRNA	1	0	1	0.0294	0.0086	0.0083
ENSG00000284608.1	AC016912.2	lncRNA	0	0	0	0.0000	0.0000	0.0000
ENSG00000284609.1	OR8B3	protein_coding	0	0	0	0.0000	0.0000	0.0000
ENSG00000284610.1	AC107918.4	transcribed_unprocessed_pseudogene	890	443	447	24.0621	7.0482	6.7869
ENSG00000284611.1	AL513478.2	unprocessed_pseudogene	0	0	0	0.0000	0.0000	0.0000
ENSG00000284612.1	AL591543.1	lncRNA	0	0	0	0.0000	0.0000	0.0000
ENSG00000284613.1	AC068587.5	transcribed_unprocessed_pseudogene	0	0	0	0.0000	0.0000	0.0000
ENSG00000284614.1	AF228730.4	unprocessed_pseudogene	1	1	0	0.3895	0.1141	0.1099
ENSG00000284615.1	AL078582.1	lncRNA	1	0	1	0.1662	0.0487	0.0469
ENSG00000284616.1	AL139823.1	lncRNA	0	0	0	0.0000	0.0000	0.0000
ENSG00000284617.1	AC134684.10	unprocessed_pseudogene	1	0	1	0.3895	0.1141	0.1099
ENSG00000284618.1	AL391294.1	lncRNA	5	2	3	0.1044	0.0306	0.0294
ENSG00000284619.1	AC079776.3	transcribed_unprocessed_pseudogene	0	0	0	0.0000	0.0000	0.0000
ENSG00000284620.2	AF228730.5	transcribed_unprocessed_pseudogene	4	3	1	0.1665	0.0488	0.0470
ENSG00000284621.1	AP000553.4	unitary_pseudogene	0	0	1	0.0000	0.0000	0.0000
ENSG00000284622.2	SCYGR10	polymorphic_pseudogene	0	0	0	0.0000	0.0000	0.0000
ENSG00000284623.1	LINC02786	lncRNA	0	0	1	0.0000	0.0000	0.0000
ENSG00000284624.1	AC092902.4	lncRNA	20	8	12	0.4009	0.1174	0.1131
ENSG00000284625.1	AP000867.4	unprocessed_pseudogene	1	1	0	0.3878	0.1136	0.1094
ENSG00000284626.1	AC091167.7	protein_coding	3	2	1	0.0635	0.0186	0.0179
ENSG00000284627.1	AC079781.4	transcribed_unprocessed_pseudogene	0	0	0	0.0000	0.0000	0.0000
ENSG00000284628.1	AC091304.10	unprocessed_pseudogene	0	0	0	0.0000	0.0000	0.0000
ENSG00000284629.1	SCYGR1	protein_coding	13	5	8	4.1347	1.2111	1.1662
ENSG00000284630.1	AP000553.5	transcribed_unitary_pseudogene	5	4	1	0.9015	0.2641	0.2543
ENSG00000284631.1	SCYGR4	protein_coding	0	0	0	0.0000	0.0000	0.0000
ENSG00000284632.1	AL354702.1	lncRNA	0	0	0	0.0000	0.0000	0.0000
ENSG00000284633.1	AL031590.1	lncRNA	2	0	2	0.0376	0.0110	0.0106
ENSG00000284634.1	AC092821.3	lncRNA	19	20	19	0.2701	0.0791	0.0762
ENSG00000284635.1	SCYGR8	protein_coding	0	0	0	0.0000	0.0000	0.0000
ENSG00000284636.1	AC073648.6	unprocessed_pseudogene	1	0	1	0.3895	0.1141	0.1099
ENSG00000284637.1	AC099063.3	unprocessed_pseudogene	0	0	0	0.0000	0.0000	0.0000
ENSG00000284638.1	AC005551.1	protein_coding	0	0	0	0.0000	0.0000	0.0000
ENSG00000284639.1	AP006294.2	transcribed_unprocessed_pseudogene	0	0	0	0.0000	0.0000	0.0000
ENSG00000284640.1	AL590434.1	lncRNA	1	1	0	0.0450	0.0132	0.0127
ENSG00000284641.1	AL139254.2	lncRNA	0	0	0	0.0000	0.0000	0.0000
ENSG00000284642.1	AL139424.2	lncRNA	4	2	3	0.2300	0.0674	0.0649
ENSG00000284643.1	SCYGR2	protein_coding	0	0	0	0.0000	0.0000	0.0000
ENSG00000284644.1	AC074386.1	lncRNA	0	1	1	0.0000	0.0000	0.0000
ENSG00000284645.1	AL592182.2	lncRNA	0	0	0	0.0000	0.0000	0.0000
ENSG00000284646.1	AL031291.1	lncRNA	1	1	0	0.1144	0.0335	0.0323
ENSG00000284648.1	AC097493.3	unprocessed_pseudogene	7	6	1	2.7144	0.7951	0.7656
ENSG00000284649.1	AC009093.8	transcribed_unprocessed_pseudogene	1	3	6	0.1104	0.0323	0.0311
ENSG00000284650.1	AL031430.1	lncRNA	0	0	0	0.0000	0.0000	0.0000
ENSG00000284651.1	AP000553.6	unitary_pseudogene	1	0	1	1.5726	0.4606	0.4436
ENSG00000284652.1	BX323043.1	lncRNA	57	28	29	2.7425	0.8033	0.7735
ENSG00000284653.1	AL357509.1	lncRNA	0	0	0	0.0000	0.0000	0.0000
ENSG00000284654.1	AP000553.7	unitary_pseudogene	2	1	1	1.4393	0.4216	0.4060
ENSG00000284655.1	AC084121.2	unprocessed_pseudogene	0	0	0	0.0000	0.0000	0.0000
ENSG00000284656.1	AL645937.4	lncRNA	0	0	0	0.0000	0.0000	0.0000
ENSG00000284657.1	AL031432.5	lncRNA	4	3	1	0.4469	0.1309	0.1261
ENSG00000284658.1	AL513478.3	unprocessed_pseudogene	0	0	0	0.0000	0.0000	0.0000
ENSG00000284659.1	AC073869.6	processed_pseudogene	0	0	0	0.0000	0.0000	0.0000
ENSG00000284660.1	AC092902.5	transcribed_unprocessed_pseudogene	0	0	0	0.0000	0.0000	0.0000
ENSG00000284661.1	AC105233.5	transcribed_unprocessed_pseudogene	0	0	0	0.0000	0.0000	0.0000
ENSG00000284662.1	OR4F16	protein_coding	0	0	0	0.0000	0.0000	0.0000
ENSG00000284663.1	AC068587.6	transcribed_unprocessed_pseudogene	0	0	0	0.0000	0.0000	0.0000
ENSG00000284664.1	AL161756.3	lncRNA	1	1	0	0.0410	0.0120	0.0116
ENSG00000284665.1	AC002472.4	unprocessed_pseudogene	0	0	0	0.0000	0.0000	0.0000
ENSG00000284666.1	Z98259.2	lncRNA	0	0	0	0.0000	0.0000	0.0000
ENSG00000284667.1	SCYGR5	protein_coding	0	0	0	0.0000	0.0000	0.0000
ENSG00000284668.2	LINC02780	lncRNA	0	0	0	0.0000	0.0000	0.0000
ENSG00000284669.1	AC092053.3	lncRNA	4	4	0	0.0683	0.0200	0.0193
ENSG00000284670.1	AC092128.1	translated_processed_pseudogene	1	1	0	0.0743	0.0218	0.0210
ENSG00000284671.1	AC009093.9	transcribed_unprocessed_pseudogene	0	0	0	0.0000	0.0000	0.0000
ENSG00000284672.1	AC109583.4	lncRNA	0	0	0	0.0000	0.0000	0.0000
ENSG00000284673.1	AC092865.3	transcribed_unprocessed_pseudogene	0	0	0	0.0000	0.0000	0.0000
ENSG00000284674.1	LINC02781	lncRNA	0	0	0	0.0000	0.0000	0.0000
ENSG00000284675.1	AC116667.2	lncRNA	97	57	66	10.0088	2.9317	2.8231
ENSG00000284676.1	AL645944.2	lncRNA	0	0	0	0.0000	0.0000	0.0000
ENSG00000284677.1	AL031985.4	lncRNA	2	1	1	0.2524	0.0739	0.0712
ENSG00000284678.1	LINC02811	lncRNA	1	5	0	0.1262	0.0370	0.0356
ENSG00000284679.1	AL356585.12	processed_pseudogene	0	0	0	0.0000	0.0000	0.0000
ENSG00000284680.1	OR8B2	protein_coding	0	0	0	0.0000	0.0000	0.0000
ENSG00000284682.1	AC078776.2	unitary_pseudogene	0	0	0	0.0000	0.0000	0.0000
ENSG00000284684.1	AC092442.1	protein_coding	0	0	0	0.0000	0.0000	0.0000
ENSG00000284685.1	AC009093.10	lncRNA	1	1	0	0.0589	0.0173	0.0166
ENSG00000284686.1	AC119674.2	protein_coding	8	4	4	0.2559	0.0750	0.0722
ENSG00000284687.1	AC092865.4	transcribed_unprocessed_pseudogene	0	0	0	0.0000	0.0000	0.0000
ENSG00000284688.1	BTN1A1P1	unprocessed_pseudogene	0	0	0	0.0000	0.0000	0.0000
ENSG00000284689.1	OR7E84P	unprocessed_pseudogene	0	0	0	0.0000	0.0000	0.0000
ENSG00000284690.3	CD300H	polymorphic_pseudogene	2	0	2	0.2803	0.0821	0.0791
ENSG00000284691.1	AC073111.3	protein_coding	114	59	55	2.2342	0.6544	0.6302
ENSG00000284692.2	Z98259.3	lncRNA	0	0	0	0.0000	0.0000	0.0000
ENSG00000284693.1	LINC02606	lncRNA	239	120	119	7.7377	2.2665	2.1825
ENSG00000284694.1	AL355602.1	lncRNA	0	0	0	0.0000	0.0000	0.0000
ENSG00000284695.1	AC108941.3	protein_coding	0	0	0	0.0000	0.0000	0.0000
ENSG00000284696.2	LINC02808	lncRNA	0	0	0	0.0000	0.0000	0.0000
ENSG00000284697.1	AC006511.5	lncRNA	0	0	0	0.0000	0.0000	0.0000
ENSG00000284698.1	AC084121.3	unprocessed_pseudogene	0	0	0	0.0000	0.0000	0.0000
ENSG00000284699.1	AL445648.1	lncRNA	0	0	0	0.0000	0.0000	0.0000
ENSG00000284700.1	AL049637.1	lncRNA	0	0	0	0.0000	0.0000	0.0000
ENSG00000284701.1	TMEM247	protein_coding	0	1	0	0.0000	0.0000	0.0000
ENSG00000284702.1	AL136115.3	lncRNA	0	0	0	0.0000	0.0000	0.0000
ENSG00000284703.1	AL805961.1	lncRNA	0	0	0	0.0000	0.0000	0.0000
ENSG00000284704.1	SCYGR3	protein_coding	0	0	0	0.0000	0.0000	0.0000
ENSG00000284705.1	AL596257.1	lncRNA	0	0	0	0.0000	0.0000	0.0000
ENSG00000284706.1	AC073869.7	unprocessed_pseudogene	0	0	0	0.0000	0.0000	0.0000
ENSG00000284707.2	AC079781.5	lncRNA	40	26	14	0.6572	0.1925	0.1854
ENSG00000284708.1	AL031731.1	lncRNA	0	0	0	0.0000	0.0000	0.0000
ENSG00000284709.1	KF456110.1	processed_pseudogene	0	0	0	0.0000	0.0000	0.0000
ENSG00000284710.1	Z98257.2	lncRNA	0	0	0	0.0000	0.0000	0.0000
ENSG00000284711.1	AC010325.3	unitary_pseudogene	0	0	0	0.0000	0.0000	0.0000
ENSG00000284713.1	SMIM38	protein_coding	2	2	0	0.0586	0.0172	0.0165
ENSG00000284715.1	AP001153.1	unprocessed_pseudogene	0	0	0	0.0000	0.0000	0.0000
ENSG00000284716.1	AL034417.3	lncRNA	2	1	2	0.1628	0.0477	0.0459
ENSG00000284717.1	AC087269.2	unitary_pseudogene	0	0	0	0.0000	0.0000	0.0000
ENSG00000284718.1	SCYGR7	protein_coding	0	0	0	0.0000	0.0000	0.0000
ENSG00000284719.1	AL033527.3	lncRNA	18	8	14	0.8765	0.2567	0.2472
ENSG00000284720.1	AC117945.2	lncRNA	0	0	0	0.0000	0.0000	0.0000
ENSG00000284721.1	AL662907.3	lncRNA	0	0	0	0.0000	0.0000	0.0000
ENSG00000284722.2	AP003175.1	lncRNA	1	1	0	0.0122	0.0036	0.0034
ENSG00000284723.1	OR8S1	protein_coding	0	0	0	0.0000	0.0000	0.0000
ENSG00000284724.1	AC068587.7	transcribed_unprocessed_pseudogene	0	0	0	0.0000	0.0000	0.0000
ENSG00000284725.1	SCYGR6	protein_coding	0	0	0	0.0000	0.0000	0.0000
ENSG00000284726.1	AL109936.9	lncRNA	9	5	4	1.2654	0.3706	0.3569
ENSG00000284727.1	AC116562.3	transcribed_unprocessed_pseudogene	116	58	61	4.3281	1.2678	1.2208
ENSG00000284728.1	AF228730.6	unprocessed_pseudogene	0	0	0	0.0000	0.0000	0.0000
ENSG00000284730.1	TMDD1	protein_coding	0	0	0	0.0000	0.0000	0.0000
ENSG00000284731.1	AC083906.5	unprocessed_pseudogene	9	4	5	3.4899	1.0222	0.9843
ENSG00000284732.1	AP002512.3	protein_coding	0	0	0	0.0000	0.0000	0.0000
ENSG00000284733.1	OR4F29	protein_coding	0	0	0	0.0000	0.0000	0.0000
ENSG00000284734.1	AC099063.4	lncRNA	3	16	14	0.1590	0.0466	0.0449
ENSG00000284735.1	AL139424.3	lncRNA	2	1	1	0.0713	0.0209	0.0201
ENSG00000284736.1	RNA5SP343	rRNA	0	0	0	0.0000	0.0000	0.0000
ENSG00000284738.1	AL358472.5	lncRNA	2	76	77	0.1340	0.0393	0.0378
ENSG00000284739.1	BX005132.1	lncRNA	0	0	0	0.0000	0.0000	0.0000
ENSG00000284740.1	AL645728.2	transcribed_unprocessed_pseudogene	25	9	16	3.2167	0.9422	0.9073
ENSG00000284741.1	PDE11A	protein_coding	0	0	0	0.0000	0.0000	0.0000
ENSG00000284742.1	OR11P1P	unprocessed_pseudogene	0	0	0	0.0000	0.0000	0.0000
ENSG00000284743.1	AL139254.3	lncRNA	0	0	0	0.0000	0.0000	0.0000
ENSG00000284744.1	AL591163.1	lncRNA	0	0	0	0.0000	0.0000	0.0000
ENSG00000284745.1	AL589702.1	lncRNA	0	0	0	0.0000	0.0000	0.0000
ENSG00000284746.1	AC068587.8	transcribed_unprocessed_pseudogene	0	0	0	0.0000	0.0000	0.0000
ENSG00000284747.1	AL034417.4	lncRNA	9	9	5	0.1857	0.0544	0.0524
ENSG00000284748.1	AL513220.1	lncRNA	0	0	0	0.0000	0.0000	0.0000
ENSG00000284753.2	EEF1AKMT4	protein_coding	32	16	16	2.7871	0.8164	0.7861
ENSG00000284762.1	AC022414.1	protein_coding	0	0	0	0.0000	0.0000	0.0000
ENSG00000284763.1	AL449105.1	unprocessed_pseudogene	0	0	0	0.0000	0.0000	0.0000
ENSG00000284770.2	TBCE	protein_coding	22	171	235	0.1501	0.0440	0.0423
ENSG00000284772.1	AC011330.3	protein_coding	0	0	0	0.0000	0.0000	0.0000
ENSG00000284773.1	AC114490.3	protein_coding	8	8	0	0.2148	0.0629	0.0606
ENSG00000284776.1	AL121900.1	protein_coding	0	0	0	0.0000	0.0000	0.0000
ENSG00000284779.2	AC132217.2	protein_coding	0	0	0	0.0000	0.0000	0.0000
ENSG00000284783.1	AC091057.4	transcribed_unprocessed_pseudogene	0	0	0	0.0000	0.0000	0.0000
ENSG00000284788.1	AC183088.1	unprocessed_pseudogene	0	0	0	0.0000	0.0000	0.0000
ENSG00000284791.2	SMIM41	protein_coding	0	0	0	0.0000	0.0000	0.0000
ENSG00000284797.1	AC008397.1	protein_coding	0	1	0	0.0000	0.0000	0.0000
ENSG00000284800.1	AC235565.2	protein_coding	0	0	0	0.0000	0.0000	0.0000
ENSG00000284803.1	AC245033.4	lncRNA	0	0	0	0.0000	0.0000	0.0000
ENSG00000284808.1	AC099791.3	lncRNA	1	1	0	0.0348	0.0102	0.0098
ENSG00000284809.1	AL365394.1	lncRNA	0	0	0	0.0000	0.0000	0.0000
ENSG00000284820.1	AC068946.2	protein_coding	0	0	0	0.0000	0.0000	0.0000
ENSG00000284823.1	AL356747.1	lncRNA	0	0	0	0.0000	0.0000	0.0000
ENSG00000284824.1	GCSAML-AS1	protein_coding	0	0	0	0.0000	0.0000	0.0000
ENSG00000284825.1	AL121935.1	lncRNA	0	0	0	0.0000	0.0000	0.0000
ENSG00000284829.1	AL662884.2	lncRNA	0	0	0	0.0000	0.0000	0.0000
ENSG00000284830.1	AL049557.1	lncRNA	0	1	2	0.0000	0.0000	0.0000
ENSG00000284834.1	AC183088.2	unprocessed_pseudogene	0	0	0	0.0000	0.0000	0.0000
ENSG00000284837.1	AC007846.1	lncRNA	0	0	0	0.0000	0.0000	0.0000
ENSG00000284839.1	AC018637.1	lncRNA	0	0	0	0.0000	0.0000	0.0000
ENSG00000284840.1	AC004893.1	transcribed_unprocessed_pseudogene	0	0	0	0.0000	0.0000	0.0000
ENSG00000284842.1	FAM91A2P	transcribed_processed_pseudogene	0	0	0	0.0000	0.0000	0.0000
ENSG00000284844.1	AP000812.3	protein_coding	0	0	0	0.0000	0.0000	0.0000
ENSG00000284846.1	AL355981.1	lncRNA	0	0	0	0.0000	0.0000	0.0000
ENSG00000284847.1	AC093323.4	unprocessed_pseudogene	0	0	0	0.0000	0.0000	0.0000
ENSG00000284848.2	LINC02359	lncRNA	0	0	0	0.0000	0.0000	0.0000
ENSG00000284858.1	AC091185.2	processed_pseudogene	0	0	0	0.0000	0.0000	0.0000
ENSG00000284862.3	CCDC39	protein_coding	5	76	81	0.0401	0.0117	0.0113
ENSG00000284867.1	AL449105.2	unprocessed_pseudogene	0	0	0	0.0000	0.0000	0.0000
ENSG00000284873.1	OOSP1	protein_coding	2	1	1	0.1522	0.0446	0.0429
ENSG00000284874.1	AC000093.1	protein_coding	4	0	4	0.0728	0.0213	0.0205
ENSG00000284876.1	AC015908.6	lncRNA	0	0	0	0.0000	0.0000	0.0000
ENSG00000284879.1	AC133644.2	lncRNA	1	1	0	0.0221	0.0065	0.0062
ENSG00000284882.1	AL359762.1	lncRNA	22	61	43	1.5792	0.4626	0.4454
ENSG00000284883.1	AC021066.2	unprocessed_pseudogene	0	0	0	0.0000	0.0000	0.0000
ENSG00000284892.1	OR4H6P	unprocessed_pseudogene	0	0	0	0.0000	0.0000	0.0000
ENSG00000284895.1	AC119676.1	protein_coding	0	0	0	0.0000	0.0000	0.0000
ENSG00000284902.1	AC074008.1	lncRNA	0	0	0	0.0000	0.0000	0.0000
ENSG00000284906.2	AC091057.5	protein_coding	0	0	0	0.0000	0.0000	0.0000
ENSG00000284914.1	AL121935.2	lncRNA	0	0	0	0.0000	0.0000	0.0000
ENSG00000284917.1	EEF1AKMT4-ECE2	protein_coding	0	0	0	0.0000	0.0000	0.0000
ENSG00000284922.2	AP000812.4	protein_coding	0	195	241	0.0000	0.0000	0.0000
ENSG00000284928.1	AL445205.1	lncRNA	0	0	0	0.0000	0.0000	0.0000
ENSG00000284930.1	AC005280.2	lncRNA	4	4	0	0.2406	0.0705	0.0679
ENSG00000284931.1	AC104389.6	protein_coding	0	0	0	0.0000	0.0000	0.0000
ENSG00000284932.1	AC017083.4	unprocessed_pseudogene	0	0	0	0.0000	0.0000	0.0000
ENSG00000284934.2	AC048338.2	protein_coding	0	0	0	0.0000	0.0000	0.0000
ENSG00000284946.1	AC068831.6	protein_coding	24	12	16	0.2851	0.0835	0.0804
ENSG00000284948.1	AC107959.4	lncRNA	45	27	18	3.0768	0.9013	0.8678
ENSG00000284951.1	AL355798.1	unitary_pseudogene	0	0	0	0.0000	0.0000	0.0000
ENSG00000284952.1	AC104472.3	protein_coding	0	0	0	0.0000	0.0000	0.0000
ENSG00000284954.1	AL662884.3	lncRNA	5	5	6	0.4006	0.1173	0.1130
ENSG00000284956.1	AC107959.5	protein_coding	0	0	0	0.0000	0.0000	0.0000
ENSG00000284957.1	AF131216.5	lncRNA	0	0	0	0.0000	0.0000	0.0000
ENSG00000284959.2	AC007262.2	lncRNA	26	10	16	0.2567	0.0752	0.0724
ENSG00000284962.1	AL449105.3	unprocessed_pseudogene	0	0	0	0.0000	0.0000	0.0000
ENSG00000284964.1	AC242842.2	transcribed_unprocessed_pseudogene	0	0	0	0.0000	0.0000	0.0000
ENSG00000284966.3	AL138689.2	lncRNA	0	98	83	0.0000	0.0000	0.0000
ENSG00000284968.1	AC093827.4	lncRNA	66	39	27	2.0010	0.5861	0.5644
ENSG00000284969.1	AL049629.2	protein_coding	1	0	1	0.0891	0.0261	0.0251
ENSG00000284976.1	BX255925.3	protein_coding	662	347	315	29.4332	8.6214	8.3018
ENSG00000284977.2	AL160272.1	lncRNA	3	1	2	0.0146	0.0043	0.0041
ENSG00000284981.1	UPK3BL2	protein_coding	0	0	0	0.0000	0.0000	0.0000
ENSG00000284985.1	AL109840.1	unprocessed_pseudogene	0	1	0	0.0000	0.0000	0.0000
ENSG00000284986.1	AL449043.2	transcribed_unprocessed_pseudogene	0	0	0	0.0000	0.0000	0.0000
ENSG00000284987.1	U52112.1	protein_coding	0	0	0	0.0000	0.0000	0.0000
ENSG00000284988.1	AC183088.3	lncRNA	0	0	0	0.0000	0.0000	0.0000
ENSG00000284989.1	AL451062.2	protein_coding	0	0	0	0.0000	0.0000	0.0000
ENSG00000284994.1	AL590282.2	lncRNA	2	1	1	0.3791	0.1110	0.1069
ENSG00000284999.1	AL591518.1	lncRNA	0	0	0	0.0000	0.0000	0.0000
ENSG00000285000.1	AC008581.2	protein_coding	1	1	0	0.0362	0.0106	0.0102
ENSG00000285006.1	AC005280.3	lncRNA	0	0	0	0.0000	0.0000	0.0000
ENSG00000285010.1	OOSP4A	protein_coding	0	0	0	0.0000	0.0000	0.0000
ENSG00000285012.1	AC092723.3	lncRNA	0	0	0	0.0000	0.0000	0.0000
ENSG00000285016.1	AC017002.3	lncRNA	6	3	3	0.3907	0.1145	0.1102
ENSG00000285018.1	AC245140.3	lncRNA	2	0	2	0.2498	0.0732	0.0704
ENSG00000285020.1	AC020765.5	unprocessed_pseudogene	0	0	0	0.0000	0.0000	0.0000
ENSG00000285025.1	AL022312.1	protein_coding	0	0	0	0.0000	0.0000	0.0000
ENSG00000285030.1	AC090001.2	processed_pseudogene	0	0	0	0.0000	0.0000	0.0000
ENSG00000285035.1	AC091057.6	transcribed_unprocessed_pseudogene	0	0	0	0.0000	0.0000	0.0000
ENSG00000285040.1	AC092723.4	lncRNA	0	0	0	0.0000	0.0000	0.0000
ENSG00000285041.1	AL035412.1	lncRNA	0	0	0	0.0000	0.0000	0.0000
ENSG00000285042.1	AC099499.2	lncRNA	0	2	0	0.0000	0.0000	0.0000
ENSG00000285043.2	AC093512.2	protein_coding	24	13	11	0.6071	0.1778	0.1712
ENSG00000285045.1	AC006548.3	unprocessed_pseudogene	0	0	0	0.0000	0.0000	0.0000
ENSG00000285051.2	SLC7A14-AS1	lncRNA	1	1	0	0.0075	0.0022	0.0021
ENSG00000285053.1	AL357556.3	protein_coding	34	16	18	0.5570	0.1631	0.1571
ENSG00000285057.1	AC135721.2	transcribed_unprocessed_pseudogene	0	0	0	0.0000	0.0000	0.0000
ENSG00000285062.1	AC245100.8	transcribed_unprocessed_pseudogene	0	0	0	0.0000	0.0000	0.0000
ENSG00000285064.2	SMIM40	protein_coding	0	0	0	0.0000	0.0000	0.0000
ENSG00000285068.1	AC074008.2	lncRNA	0	0	0	0.0000	0.0000	0.0000
ENSG00000285076.1	AL449105.4	unprocessed_pseudogene	0	0	0	0.0000	0.0000	0.0000
ENSG00000285077.2	ARHGAP11B	protein_coding	6	5	8	0.1190	0.0349	0.0336
ENSG00000285079.1	AL513493.1	lncRNA	0	0	0	0.0000	0.0000	0.0000
ENSG00000285080.1	AC068724.3	lncRNA	0	0	1	0.0000	0.0000	0.0000
ENSG00000285081.1	AC004593.1	lncRNA	0	0	0	0.0000	0.0000	0.0000
ENSG00000285082.2	AL160272.2	protein_coding	0	0	0	0.0000	0.0000	0.0000
ENSG00000285085.1	AL662884.4	protein_coding	0	3	3	0.0000	0.0000	0.0000
ENSG00000285090.1	AC002074.1	lncRNA	3	2	1	0.2327	0.0681	0.0656
ENSG00000285091.1	AL109840.2	lncRNA	4	2	2	0.1765	0.0517	0.0498
ENSG00000285094.1	LINC01488	lncRNA	0	0	0	0.0000	0.0000	0.0000
ENSG00000285095.2	AC025887.2	lncRNA	13	13	9	0.1871	0.0548	0.0528
ENSG00000285100.1	AL359555.2	lncRNA	0	0	0	0.0000	0.0000	0.0000
ENSG00000285102.1	AC021066.3	transcribed_unprocessed_pseudogene	0	0	0	0.0000	0.0000	0.0000
ENSG00000285103.2	AL451123.1	lncRNA	7	8	3	0.0606	0.0178	0.0171
ENSG00000285106.2	AC016831.6	lncRNA	84	42	42	0.5395	0.1580	0.1522
ENSG00000285108.1	AC103718.1	lncRNA	54	26	28	0.4275	0.1252	0.1206
ENSG00000285115.1	AL162588.1	unprocessed_pseudogene	0	0	0	0.0000	0.0000	0.0000
ENSG00000285116.1	AC135068.11	unprocessed_pseudogene	0	0	0	0.0000	0.0000	0.0000
ENSG00000285117.1	AC068724.4	lncRNA	2	2	0	0.2864	0.0839	0.0808
ENSG00000285122.1	PIGY-DT	lncRNA	0	0	0	0.0000	0.0000	0.0000
ENSG00000285128.1	AC092306.1	lncRNA	0	0	0	0.0000	0.0000	0.0000
ENSG00000285130.2	AL358113.1	protein_coding	0	0	0	0.0000	0.0000	0.0000
ENSG00000285133.1	AC022506.1	protein_coding	0	0	0	0.0000	0.0000	0.0000
ENSG00000285135.1	OR4Q1P	transcribed_unprocessed_pseudogene	0	0	0	0.0000	0.0000	0.0000
ENSG00000285142.1	AC006927.5	unprocessed_pseudogene	0	0	0	0.0000	0.0000	0.0000
ENSG00000285144.1	AL359555.3	lncRNA	0	0	0	0.0000	0.0000	0.0000
ENSG00000285151.1	AC140134.1	lncRNA	0	0	0	0.0000	0.0000	0.0000
ENSG00000285155.1	AC092153.1	lncRNA	0	0	0	0.0000	0.0000	0.0000
ENSG00000285159.1	AL627422.2	lncRNA	0	0	0	0.0000	0.0000	0.0000
ENSG00000285160.1	THSD1P1	transcribed_unprocessed_pseudogene	0	0	0	0.0000	0.0000	0.0000
ENSG00000285162.1	AC004593.2	protein_coding	0	13	13	0.0000	0.0000	0.0000
ENSG00000285163.1	AC092723.5	lncRNA	0	1	1	0.0000	0.0000	0.0000
ENSG00000285165.1	AC124014.1	lncRNA	2	12	10	0.4469	0.1309	0.1261
ENSG00000285169.2	AL358117.1	lncRNA	5	5	0	0.4446	0.1302	0.1254
ENSG00000285171.1	AL590764.2	protein_coding	0	0	0	0.0000	0.0000	0.0000
ENSG00000285177.1	AL357556.5	lncRNA	0	0	1	0.0000	0.0000	0.0000
ENSG00000285179.1	AC093154.1	lncRNA	0	0	0	0.0000	0.0000	0.0000
ENSG00000285184.3	AC244033.2	lncRNA	128	83	86	3.0312	0.8879	0.8550
ENSG00000285188.1	AC008397.2	protein_coding	0	1	1	0.0000	0.0000	0.0000
ENSG00000285190.1	AC018754.1	lncRNA	0	97	102	0.0000	0.0000	0.0000
ENSG00000285191.1	AC090679.3	lncRNA	0	0	0	0.0000	0.0000	0.0000
ENSG00000285201.1	AC104454.2	lncRNA	0	0	0	0.0000	0.0000	0.0000
ENSG00000285204.1	AC139834.1	lncRNA	0	0	0	0.0000	0.0000	0.0000
ENSG00000285205.2	AL121612.2	lncRNA	1	0	1	0.0185	0.0054	0.0052
ENSG00000285210.1	LINC02795	lncRNA	6	1	5	0.1766	0.0517	0.0498
ENSG00000285212.1	AL009178.3	lncRNA	0	4	1	0.0000	0.0000	0.0000
ENSG00000285215.2	AC241377.4	transcribed_unprocessed_pseudogene	2	0	2	0.1196	0.0350	0.0337
ENSG00000285216.1	AL355499.2	lncRNA	0	0	0	0.0000	0.0000	0.0000
ENSG00000285218.1	AC026316.4	protein_coding	0	0	0	0.0000	0.0000	0.0000
ENSG00000285219.2	HULC	lncRNA	32	22	10	0.0562	0.0164	0.0158
ENSG00000285220.1	AC015908.7	lncRNA	0	0	0	0.0000	0.0000	0.0000
ENSG00000285228.1	AL359538.2	unitary_pseudogene	0	0	0	0.0000	0.0000	0.0000
ENSG00000285230.2	RALY-AS1	lncRNA	176	81	95	1.4722	0.4312	0.4152
ENSG00000285231.1	OOSP3	protein_coding	1	1	0	0.0999	0.0293	0.0282
ENSG00000285237.1	PRSS52P	unprocessed_pseudogene	0	0	0	0.0000	0.0000	0.0000
ENSG00000285238.2	AC006064.6	protein_coding	0	0	0	0.0000	0.0000	0.0000
ENSG00000285239.1	AL137789.2	lncRNA	0	0	0	0.0000	0.0000	0.0000
ENSG00000285244.1	DINOL	lncRNA	0	1	2	0.0000	0.0000	0.0000
ENSG00000285245.1	AL162417.1	protein_coding	0	0	0	0.0000	0.0000	0.0000
ENSG00000285253.1	AC090517.4	protein_coding	0	3	2	0.0000	0.0000	0.0000
ENSG00000285254.2	AL513128.2	unitary_pseudogene	0	0	0	0.0000	0.0000	0.0000
ENSG00000285257.1	AL157893.1	unprocessed_pseudogene	15	12	3	3.9437	1.1552	1.1123
ENSG00000285268.1	AL669831.6	transcribed_processed_pseudogene	0	0	0	0.0000	0.0000	0.0000
ENSG00000285269.2	AL160269.1	protein_coding	2	1	1	0.0416	0.0122	0.0117
ENSG00000285278.1	TFAP2A-AS2	lncRNA	17	176	192	0.4213	0.1234	0.1188
ENSG00000285280.2	AL390957.1	lncRNA	3	4	5	0.0252	0.0074	0.0071
ENSG00000285283.1	AL035078.4	protein_coding	0	0	0	0.0000	0.0000	0.0000
ENSG00000285287.1	AL354855.1	unprocessed_pseudogene	1	0	1	0.1300	0.0381	0.0367
ENSG00000285292.1	ABCF2-H2BE1	protein_coding	0	0	0	0.0000	0.0000	0.0000
ENSG00000285294.1	LINC00842	lncRNA	3	1	2	0.0887	0.0260	0.0250
ENSG00000285300.1	AC073176.2	lncRNA	0	0	0	0.0000	0.0000	0.0000
ENSG00000285303.1	AC004381.4	transcribed_unprocessed_pseudogene	0	0	0	0.0000	0.0000	0.0000
ENSG00000285304.1	Z83844.2	protein_coding	0	0	0	0.0000	0.0000	0.0000
ENSG00000285314.1	AC002470.2	lncRNA	0	0	0	0.0000	0.0000	0.0000
ENSG00000285323.1	AL158066.2	transcribed_unprocessed_pseudogene	0	0	0	0.0000	0.0000	0.0000
ENSG00000285325.1	AC104169.1	lncRNA	0	0	0	0.0000	0.0000	0.0000
ENSG00000285329.1	AC025283.2	protein_coding	0	39	28	0.0000	0.0000	0.0000
ENSG00000285330.1	AC126283.2	protein_coding	0	0	0	0.0000	0.0000	0.0000
ENSG00000285331.2	AC090517.5	lncRNA	144	82	73	1.8909	0.5539	0.5333
ENSG00000285336.1	AC108734.4	lncRNA	0	0	0	0.0000	0.0000	0.0000
ENSG00000285338.1	AC091564.7	lncRNA	0	0	0	0.0000	0.0000	0.0000
ENSG00000285347.1	AL359555.4	lncRNA	1	0	2	0.0275	0.0081	0.0078
ENSG00000285354.1	AC010745.5	lncRNA	0	0	0	0.0000	0.0000	0.0000
ENSG00000285361.1	AL844170.1	lncRNA	0	0	0	0.0000	0.0000	0.0000
ENSG00000285366.1	AC008533.1	TEC	0	0	0	0.0000	0.0000	0.0000
ENSG00000285367.1	AC087564.1	lncRNA	0	0	0	0.0000	0.0000	0.0000
ENSG00000285370.1	AL449105.5	unprocessed_pseudogene	0	0	0	0.0000	0.0000	0.0000
ENSG00000285373.2	LINC02478	lncRNA	4	2	2	0.3913	0.1146	0.1104
ENSG00000285374.1	AL359762.2	lncRNA	0	0	0	0.0000	0.0000	0.0000
ENSG00000285382.1	FO393400.1	protein_coding	0	0	0	0.0000	0.0000	0.0000
ENSG00000285388.1	AP000438.2	transcribed_unprocessed_pseudogene	0	0	0	0.0000	0.0000	0.0000
ENSG00000285398.1	AC079799.2	TEC	0	0	0	0.0000	0.0000	0.0000
ENSG00000285401.1	AL109897.1	processed_pseudogene	0	0	0	0.0000	0.0000	0.0000
ENSG00000285402.1	AC244230.2	lncRNA	0	0	0	0.0000	0.0000	0.0000
ENSG00000285404.1	Z82190.2	protein_coding	0	0	0	0.0000	0.0000	0.0000
ENSG00000285405.1	OR11J6P	unprocessed_pseudogene	0	0	0	0.0000	0.0000	0.0000
ENSG00000285407.1	AL033530.1	lncRNA	1	1	0	0.0302	0.0089	0.0085
ENSG00000285409.1	AC099671.1	lncRNA	0	0	0	0.0000	0.0000	0.0000
ENSG00000285410.1	GABPB1-IT1	lncRNA	212	103	109	3.0380	0.8899	0.8569
ENSG00000285412.1	AC005232.1	lncRNA	0	0	0	0.0000	0.0000	0.0000
ENSG00000285413.1	AP001056.2	lncRNA	0	0	0	0.0000	0.0000	0.0000
ENSG00000285416.1	AC137630.5	unitary_pseudogene	5	4	3	0.5565	0.1630	0.1570
ENSG00000285417.1	BX571818.1	transcribed_unitary_pseudogene	2	1	1	0.0818	0.0240	0.0231
ENSG00000285420.1	PDGFRL2P	unitary_pseudogene	5	3	2	0.4782	0.1401	0.1349
ENSG00000285424.1	AL162718.1	lncRNA	1	0	1	0.0213	0.0062	0.0060
ENSG00000285427.1	SOD2-OT1	lncRNA	2	1	1	0.0989	0.0290	0.0279
ENSG00000285437.1	POLR2J3	protein_coding	1	0	1	0.0118	0.0035	0.0033
ENSG00000285444.1	AL162377.3	protein_coding	0	81	94	0.0000	0.0000	0.0000
ENSG00000285445.1	TUSC2P2	processed_pseudogene	0	0	0	0.0000	0.0000	0.0000
ENSG00000285446.1	Z84488.1	protein_coding	0	0	0	0.0000	0.0000	0.0000
ENSG00000285447.1	ZNF883	protein_coding	0	0	0	0.0000	0.0000	0.0000
ENSG00000285448.1	AL136961.1	lncRNA	0	0	0	0.0000	0.0000	0.0000
ENSG00000285454.1	AC111006.1	lncRNA	0	0	0	0.0000	0.0000	0.0000
ENSG00000285458.1	AC093827.5	protein_coding	2	1	1	0.0680	0.0199	0.0192
ENSG00000285462.1	LINC02792	lncRNA	0	0	0	0.0000	0.0000	0.0000
ENSG00000285467.1	AL136419.1	lncRNA	1	1	0	0.0614	0.0180	0.0173
ENSG00000285470.1	TUSC2P1	processed_pseudogene	0	0	0	0.0000	0.0000	0.0000
ENSG00000285471.1	AC007846.2	protein_coding	0	0	0	0.0000	0.0000	0.0000
ENSG00000285472.1	AC134980.2	protein_coding	0	0	0	0.0000	0.0000	0.0000
ENSG00000285473.1	AL691520.1	lncRNA	0	0	0	0.0000	0.0000	0.0000
ENSG00000285476.1	AC139491.7	protein_coding	0	0	0	0.0000	0.0000	0.0000
ENSG00000285480.1	H2BE1	protein_coding	0	0	0	0.0000	0.0000	0.0000
ENSG00000285483.1	AL590381.1	lncRNA	0	0	0	0.0000	0.0000	0.0000
ENSG00000285486.1	AC003043.2	lncRNA	0	0	0	0.0000	0.0000	0.0000
ENSG00000285491.1	AC135068.12	transcribed_unprocessed_pseudogene	0	0	0	0.0000	0.0000	0.0000
ENSG00000285492.1	AL356417.3	lncRNA	7	5	2	0.0462	0.0135	0.0130
ENSG00000285498.1	AC104389.7	TEC	0	0	0	0.0000	0.0000	0.0000
ENSG00000285505.1	AC010616.1	protein_coding	0	0	0	0.0000	0.0000	0.0000
ENSG00000285508.1	AL034430.1	protein_coding	0	0	0	0.0000	0.0000	0.0000
ENSG00000285509.1	TBCEL-TECTA	protein_coding	12	3	9	0.3529	0.1034	0.0995
ENSG00000285513.1	AP006216.3	lncRNA	0	0	0	0.0000	0.0000	0.0000
ENSG00000285517.1	AC010198.2	lncRNA	24	12	12	0.1078	0.0316	0.0304
ENSG00000285518.1	AC004900.1	lncRNA	1	141	133	0.1021	0.0299	0.0288
ENSG00000285519.1	AC104781.1	lncRNA	0	0	0	0.0000	0.0000	0.0000
ENSG00000285520.1	AL353586.1	lncRNA	3	13	22	0.1309	0.0383	0.0369
ENSG00000285521.1	AC119673.1	lncRNA	1	1	0	0.0735	0.0215	0.0207
ENSG00000285522.1	AC026740.2	transcribed_unprocessed_pseudogene	0	0	0	0.0000	0.0000	0.0000
ENSG00000285523.1	AC005906.3	lncRNA	0	0	0	0.0000	0.0000	0.0000
ENSG00000285524.1	AC073236.1	lncRNA	1	0	1	0.0855	0.0250	0.0241
ENSG00000285525.1	AC099670.3	lncRNA	0	0	0	0.0000	0.0000	0.0000
ENSG00000285526.1	AC020907.6	protein_coding	0	0	0	0.0000	0.0000	0.0000
ENSG00000285527.1	AC136285.3	lncRNA	0	0	0	0.0000	0.0000	0.0000
ENSG00000285528.1	AC097104.1	protein_coding	0	0	0	0.0000	0.0000	0.0000
ENSG00000285529.1	AC016816.1	lncRNA	0	0	0	0.0000	0.0000	0.0000
ENSG00000285530.1	AL445928.2	lncRNA	2	5	13	0.0448	0.0131	0.0126
ENSG00000285531.1	Z83840.1	processed_pseudogene	6	4	2	1.3373	0.3917	0.3772
ENSG00000285532.2	LINC02788	lncRNA	0	0	1	0.0000	0.0000	0.0000
ENSG00000285533.2	RELA-DT	lncRNA	37	23	16	0.8428	0.2469	0.2377
ENSG00000285534.1	AL163541.1	lncRNA	0	0	0	0.0000	0.0000	0.0000
ENSG00000285535.2	AC021683.5	lncRNA	15	8	7	0.2875	0.0842	0.0811
ENSG00000285536.1	LINC02838	lncRNA	0	0	0	0.0000	0.0000	0.0000
ENSG00000285537.1	AP003385.5	transcribed_processed_pseudogene	0	0	0	0.0000	0.0000	0.0000
ENSG00000285538.1	AC092134.3	lncRNA	0	0	0	0.0000	0.0000	0.0000
ENSG00000285539.1	AC006059.3	lncRNA	0	0	0	0.0000	0.0000	0.0000
ENSG00000285540.1	AC022023.2	lncRNA	0	0	0	0.0000	0.0000	0.0000
ENSG00000285541.1	AC005548.1	lncRNA	0	0	0	0.0000	0.0000	0.0000
ENSG00000285542.1	AC013717.1	protein_coding	0	0	0	0.0000	0.0000	0.0000
ENSG00000285543.1	AC022168.1	lncRNA	0	0	0	0.0000	0.0000	0.0000
ENSG00000285544.1	AC115220.1	lncRNA	0	0	0	0.0000	0.0000	0.0000
ENSG00000285545.1	AC124798.2	lncRNA	0	66	76	0.0000	0.0000	0.0000
ENSG00000285547.1	AL133500.1	protein_coding	0	0	0	0.0000	0.0000	0.0000
ENSG00000285548.1	AC068725.1	lncRNA	0	0	0	0.0000	0.0000	0.0000
ENSG00000285549.1	AC091973.1	lncRNA	0	0	0	0.0000	0.0000	0.0000
ENSG00000285550.1	AC110014.1	lncRNA	0	0	0	0.0000	0.0000	0.0000
ENSG00000285551.2	AC067752.1	lncRNA	5	5	0	0.1071	0.0314	0.0302
ENSG00000285552.1	AC114977.1	lncRNA	0	0	0	0.0000	0.0000	0.0000
ENSG00000285553.1	AL137182.1	lncRNA	0	0	0	0.0000	0.0000	0.0000
ENSG00000285554.1	AC242988.2	lncRNA	11	3	8	0.8088	0.2369	0.2281
ENSG00000285555.1	AC005293.1	lncRNA	0	0	0	0.0000	0.0000	0.0000
ENSG00000285556.1	AL354897.1	lncRNA	0	0	0	0.0000	0.0000	0.0000
ENSG00000285557.1	AC069410.1	lncRNA	0	0	0	0.0000	0.0000	0.0000
ENSG00000285558.1	AC112504.2	protein_coding	0	0	0	0.0000	0.0000	0.0000
ENSG00000285559.1	AC022903.2	lncRNA	0	0	0	0.0000	0.0000	0.0000
ENSG00000285560.1	AC103739.3	lncRNA	1	1	0	0.0956	0.0280	0.0270
ENSG00000285561.1	AP001804.1	lncRNA	0	0	0	0.0000	0.0000	0.0000
ENSG00000285562.1	AC090099.2	lncRNA	0	0	0	0.0000	0.0000	0.0000
ENSG00000285563.1	AC106872.12	lncRNA	0	0	0	0.0000	0.0000	0.0000
ENSG00000285564.2	AL031121.2	lncRNA	0	0	0	0.0000	0.0000	0.0000
ENSG00000285565.1	AL671762.1	lncRNA	0	0	0	0.0000	0.0000	0.0000
ENSG00000285566.1	AL445238.1	protein_coding	0	0	0	0.0000	0.0000	0.0000
ENSG00000285567.2	AC074051.3	lncRNA	0	0	0	0.0000	0.0000	0.0000
ENSG00000285568.1	AP003398.2	lncRNA	0	0	0	0.0000	0.0000	0.0000
ENSG00000285569.2	AC099344.3	lncRNA	2	1	1	0.0182	0.0053	0.0051
ENSG00000285570.1	AL590666.4	lncRNA	0	0	0	0.0000	0.0000	0.0000
ENSG00000285571.1	AL513548.4	lncRNA	0	0	0	0.0000	0.0000	0.0000
ENSG00000285572.2	AL136441.1	lncRNA	56	31	25	0.6750	0.1977	0.1904
ENSG00000285573.1	AC083864.4	lncRNA	0	0	0	0.0000	0.0000	0.0000
ENSG00000285575.1	AP001496.4	lncRNA	0	0	0	0.0000	0.0000	0.0000
ENSG00000285576.1	AL138686.2	transcribed_unprocessed_pseudogene	5	1	4	0.3359	0.0984	0.0947
ENSG00000285577.1	AC019127.1	lncRNA	1	54	51	0.0444	0.0130	0.0125
ENSG00000285578.1	AL035696.4	lncRNA	0	0	0	0.0000	0.0000	0.0000
ENSG00000285579.1	AC015687.1	lncRNA	1	11	5	0.0327	0.0096	0.0092
ENSG00000285580.1	CR769776.3	lncRNA	0	0	0	0.0000	0.0000	0.0000
ENSG00000285581.1	AC091196.1	lncRNA	0	0	0	0.0000	0.0000	0.0000
ENSG00000285582.1	AC016042.1	lncRNA	1	39	33	0.0132	0.0039	0.0037
ENSG00000285583.1	AC010422.7	lncRNA	0	0	0	0.0000	0.0000	0.0000
ENSG00000285584.2	AL158800.1	lncRNA	0	0	0	0.0000	0.0000	0.0000
ENSG00000285585.1	AC069444.2	protein_coding	0	0	0	0.0000	0.0000	0.0000
ENSG00000285586.1	AL132875.3	lncRNA	0	0	0	0.0000	0.0000	0.0000
ENSG00000285587.1	AC012470.1	lncRNA	0	0	0	0.0000	0.0000	0.0000
ENSG00000285588.1	AL160254.1	lncRNA	0	0	0	0.0000	0.0000	0.0000
ENSG00000285589.1	AC010422.8	protein_coding	16	53	57	0.2704	0.0792	0.0763
ENSG00000285590.1	AC010291.1	lncRNA	0	0	0	0.0000	0.0000	0.0000
ENSG00000285591.1	AC092617.1	lncRNA	0	0	0	0.0000	0.0000	0.0000
ENSG00000285592.1	AC080068.1	lncRNA	0	0	0	0.0000	0.0000	0.0000
ENSG00000285593.1	AC055872.2	lncRNA	0	0	0	0.0000	0.0000	0.0000
ENSG00000285594.1	LINC02856	lncRNA	0	0	0	0.0000	0.0000	0.0000
ENSG00000285595.1	AC105114.2	lncRNA	0	0	0	0.0000	0.0000	0.0000
ENSG00000285596.1	AC017116.2	lncRNA	1	0	1	0.0315	0.0092	0.0089
ENSG00000285597.1	AC051619.10	lncRNA	2	2	0	0.1753	0.0513	0.0494
ENSG00000285598.1	AL023283.1	lncRNA	3	2	1	0.0662	0.0194	0.0187
ENSG00000285599.1	AC234917.2	lncRNA	1	358	347	0.1245	0.0365	0.0351
ENSG00000285600.1	AC023593.1	lncRNA	0	310	331	0.0000	0.0000	0.0000
ENSG00000285601.1	AC084262.2	lncRNA	80	48	32	2.0820	0.6099	0.5872
ENSG00000285602.1	AC097625.1	protein_coding	2	5	1	0.0463	0.0136	0.0131
ENSG00000285603.1	AL035693.1	lncRNA	0	0	0	0.0000	0.0000	0.0000
ENSG00000285604.1	AL357835.1	lncRNA	0	0	0	0.0000	0.0000	0.0000
ENSG00000285605.1	AC109441.1	lncRNA	0	0	0	0.0000	0.0000	0.0000
ENSG00000285606.1	AC079200.1	lncRNA	0	0	0	0.0000	0.0000	0.0000
ENSG00000285607.1	FAM90A9P	protein_coding	0	0	0	0.0000	0.0000	0.0000
ENSG00000285608.1	AL161665.1	lncRNA	1	2273	2233	0.0216	0.0063	0.0061
ENSG00000285609.1	5S_rRNA	rRNA_pseudogene	0	0	0	0.0000	0.0000	0.0000
ENSG00000285610.1	AL590286.2	lncRNA	0	0	0	0.0000	0.0000	0.0000
ENSG00000285611.2	AC007132.1	lncRNA	0	0	0	0.0000	0.0000	0.0000
ENSG00000285612.1	AC004974.1	lncRNA	0	265	218	0.0000	0.0000	0.0000
ENSG00000285613.1	AC099482.2	lncRNA	0	0	0	0.0000	0.0000	0.0000
ENSG00000285614.1	AC026100.1	lncRNA	1	1	0	0.0944	0.0276	0.0266
ENSG00000285615.1	AL359508.1	lncRNA	0	0	0	0.0000	0.0000	0.0000
ENSG00000285616.1	AC114977.2	lncRNA	0	0	0	0.0000	0.0000	0.0000
ENSG00000285618.1	AC074132.1	lncRNA	0	0	0	0.0000	0.0000	0.0000
ENSG00000285619.1	AL449214.1	lncRNA	0	0	0	0.0000	0.0000	0.0000
ENSG00000285620.1	FAM90A16P	protein_coding	0	0	0	0.0000	0.0000	0.0000
ENSG00000285621.1	AL138999.2	lncRNA	1	0	1	0.0647	0.0190	0.0183
ENSG00000285622.1	AL135926.1	lncRNA	0	0	0	0.0000	0.0000	0.0000
ENSG00000285623.1	Z82202.2	lncRNA	1	1	0	0.0860	0.0252	0.0242
ENSG00000285624.2	AC025062.3	lncRNA	0	0	0	0.0000	0.0000	0.0000
ENSG00000285625.1	AC117378.1	protein_coding	0	0	0	0.0000	0.0000	0.0000
ENSG00000285626.1	5S_rRNA	rRNA_pseudogene	0	0	0	0.0000	0.0000	0.0000
ENSG00000285627.1	AC005343.4	lncRNA	0	1	1	0.0000	0.0000	0.0000
ENSG00000285628.1	AC126755.5	lncRNA	0	0	0	0.0000	0.0000	0.0000
ENSG00000285629.1	AL031847.1	protein_coding	0	0	0	0.0000	0.0000	0.0000
ENSG00000285630.1	AL590068.3	lncRNA	0	0	0	0.0000	0.0000	0.0000
ENSG00000285631.1	AC097105.1	lncRNA	0	0	0	0.0000	0.0000	0.0000
ENSG00000285632.1	AC084024.4	lncRNA	13	7	6	1.0625	0.3112	0.2997
ENSG00000285633.1	AL132633.1	lncRNA	0	0	0	0.0000	0.0000	0.0000
ENSG00000285634.2	AL583827.1	lncRNA	0	0	0	0.0000	0.0000	0.0000
ENSG00000285635.1	AC021660.3	protein_coding	0	0	0	0.0000	0.0000	0.0000
ENSG00000285636.2	AL450163.1	lncRNA	0	0	1	0.0000	0.0000	0.0000
ENSG00000285637.2	AL161449.2	lncRNA	0	0	0	0.0000	0.0000	0.0000
ENSG00000285638.1	AL138927.1	lncRNA	0	0	0	0.0000	0.0000	0.0000
ENSG00000285639.1	AL133259.1	lncRNA	3	3	0	0.0972	0.0285	0.0274
ENSG00000285640.1	AP001999.2	lncRNA	0	0	0	0.0000	0.0000	0.0000
ENSG00000285641.1	AL358472.6	protein_coding	0	5	11	0.0000	0.0000	0.0000
ENSG00000285642.1	AL139330.1	lncRNA	0	0	0	0.0000	0.0000	0.0000
ENSG00000285643.1	AL354741.1	lncRNA	0	0	0	0.0000	0.0000	0.0000
ENSG00000285644.1	AC108448.3	lncRNA	0	0	0	0.0000	0.0000	0.0000
ENSG00000285645.1	AL133410.3	protein_coding	0	0	0	0.0000	0.0000	0.0000
ENSG00000285646.2	AL021155.4	lncRNA	14	4	10	0.3871	0.1134	0.1092
ENSG00000285647.1	AL671883.3	lncRNA	0	1	0	0.0000	0.0000	0.0000
ENSG00000285648.1	AC137735.2	lncRNA	0	0	0	0.0000	0.0000	0.0000
ENSG00000285649.1	AL357079.2	lncRNA	4	64	50	0.1662	0.0487	0.0469
ENSG00000285650.1	AL157827.2	lncRNA	2	13	11	0.0531	0.0156	0.0150
ENSG00000285651.1	AL450992.2	lncRNA	2	1	1	0.0608	0.0178	0.0171
ENSG00000285652.1	AL591428.1	lncRNA	0	0	0	0.0000	0.0000	0.0000
ENSG00000285653.1	AC006238.2	lncRNA	0	0	0	0.0000	0.0000	0.0000
ENSG00000285654.1	AC090953.2	lncRNA	0	0	0	0.0000	0.0000	0.0000
ENSG00000285655.1	AC009879.2	protein_coding	0	0	0	0.0000	0.0000	0.0000
ENSG00000285656.1	AP002793.1	lncRNA	1	0	1	0.0860	0.0252	0.0242
ENSG00000285657.1	FAM90A19P	protein_coding	0	0	0	0.0000	0.0000	0.0000
ENSG00000285658.1	AC127035.1	lncRNA	5	1	5	0.3604	0.1056	0.1017
ENSG00000285659.1	AC134684.11	unprocessed_pseudogene	0	0	0	0.0000	0.0000	0.0000
ENSG00000285660.1	AC092958.3	lncRNA	0	0	0	0.0000	0.0000	0.0000
ENSG00000285661.1	AC127520.1	lncRNA	0	0	1	0.0000	0.0000	0.0000
ENSG00000285662.2	FAM245B	lncRNA	0	0	0	0.0000	0.0000	0.0000
ENSG00000285663.1	AC108457.1	lncRNA	1	1	0	0.0419	0.0123	0.0118
ENSG00000285664.2	AL139317.5	lncRNA	7	3	6	0.0864	0.0253	0.0244
ENSG00000285665.1	TOP1P1	processed_pseudogene	16	9	7	2.0556	0.6021	0.5798
ENSG00000285666.1	AC006972.1	lncRNA	0	0	0	0.0000	0.0000	0.0000
ENSG00000285667.1	AC012291.3	lncRNA	18	10	8	0.8934	0.2617	0.2520
ENSG00000285668.1	AC126544.2	lncRNA	1	3	4	0.1584	0.0464	0.0447
ENSG00000285669.1	AC026979.4	lncRNA	44	19	25	0.8146	0.2386	0.2298
ENSG00000285670.1	AC006970.2	lncRNA	0	0	0	0.0000	0.0000	0.0000
ENSG00000285671.1	AL139405.1	lncRNA	0	0	0	0.0000	0.0000	0.0000
ENSG00000285672.1	AL160396.2	lncRNA	3	0	3	0.2119	0.0621	0.0598
ENSG00000285673.1	AC007092.1	lncRNA	0	0	0	0.0000	0.0000	0.0000
ENSG00000285674.1	5S_rRNA	rRNA_pseudogene	0	0	0	0.0000	0.0000	0.0000
ENSG00000285675.1	AC023385.1	lncRNA	0	0	0	0.0000	0.0000	0.0000
ENSG00000285676.1	AL158212.5	lncRNA	4	33	28	0.2742	0.0803	0.0773
ENSG00000285677.2	AL355388.2	lncRNA	10	1252	1351	0.3589	0.1051	0.1012
ENSG00000285679.2	AC079142.1	lncRNA	5	4	1	0.1405	0.0411	0.0396
ENSG00000285680.2	AL355481.1	lncRNA	0	0	0	0.0000	0.0000	0.0000
ENSG00000285681.2	AC091576.1	lncRNA	0	0	0	0.0000	0.0000	0.0000
ENSG00000285683.2	AC023781.1	lncRNA	0	0	0	0.0000	0.0000	0.0000
ENSG00000285684.1	AL137781.1	lncRNA	2	0	2	0.0310	0.0091	0.0087
ENSG00000285685.1	AC115284.3	lncRNA	0	0	0	0.0000	0.0000	0.0000
ENSG00000285686.1	LINC02834	lncRNA	1	0	1	0.0587	0.0172	0.0166
ENSG00000285687.1	FAM90A22P	protein_coding	0	0	0	0.0000	0.0000	0.0000
ENSG00000285688.1	AL161443.1	lncRNA	0	0	0	0.0000	0.0000	0.0000
ENSG00000285689.1	AC091951.4	lncRNA	0	0	0	0.0000	0.0000	0.0000
ENSG00000285690.1	AL022332.2	transcribed_unprocessed_pseudogene	0	0	0	0.0000	0.0000	0.0000
ENSG00000285691.2	AL445259.1	lncRNA	0	0	0	0.0000	0.0000	0.0000
ENSG00000285692.1	AC023509.6	lncRNA	0	37	36	0.0000	0.0000	0.0000
ENSG00000285693.1	AP002381.2	lncRNA	18	8	10	1.1767	0.3447	0.3319
ENSG00000285694.1	AL162718.2	lncRNA	0	0	0	0.0000	0.0000	0.0000
ENSG00000285695.1	AC016383.2	lncRNA	0	0	0	0.0000	0.0000	0.0000
ENSG00000285696.1	AP002433.2	lncRNA	0	193	213	0.0000	0.0000	0.0000
ENSG00000285697.1	AC002059.3	transcribed_unprocessed_pseudogene	3	1	2	0.1546	0.0453	0.0436
ENSG00000285698.1	AL049825.1	lncRNA	0	0	0	0.0000	0.0000	0.0000
ENSG00000285699.1	AL360267.2	lncRNA	0	0	0	0.0000	0.0000	0.0000
ENSG00000285700.1	AC104260.3	lncRNA	2	5	3	0.1099	0.0322	0.0310
ENSG00000285701.1	AL357140.4	lncRNA	0	0	0	0.0000	0.0000	0.0000
ENSG00000285702.1	AC211476.5	lncRNA	0	0	0	0.0000	0.0000	0.0000
ENSG00000285703.1	AL021918.3	lncRNA	1	0	1	0.1621	0.0475	0.0457
ENSG00000285704.1	AC004765.1	lncRNA	3	1	2	0.2194	0.0643	0.0619
ENSG00000285705.1	AC090692.2	lncRNA	2	1	1	0.1803	0.0528	0.0509
ENSG00000285706.1	AL807776.1	lncRNA	1	1	0	0.0438	0.0128	0.0124
ENSG00000285707.1	AL008720.1	lncRNA	0	0	0	0.0000	0.0000	0.0000
ENSG00000285708.1	AC097634.4	protein_coding	0	0	0	0.0000	0.0000	0.0000
ENSG00000285709.1	AL592164.2	lncRNA	1	1	1	0.0638	0.0187	0.0180
ENSG00000285710.1	AC012184.4	lncRNA	1	260	253	0.0712	0.0209	0.0201
ENSG00000285711.1	LINC02835	lncRNA	0	0	0	0.0000	0.0000	0.0000
ENSG00000285712.1	AC068707.1	lncRNA	1	0	1	0.0534	0.0156	0.0151
ENSG00000285713.1	AC098588.2	protein_coding	0	0	0	0.0000	0.0000	0.0000
ENSG00000285714.1	AL159158.1	lncRNA	0	0	0	0.0000	0.0000	0.0000
ENSG00000285715.1	AC063960.1	lncRNA	0	0	0	0.0000	0.0000	0.0000
ENSG00000285716.1	AC004129.3	lncRNA	0	0	0	0.0000	0.0000	0.0000
ENSG00000285717.1	AL162719.1	lncRNA	0	0	0	0.0000	0.0000	0.0000
ENSG00000285718.2	AL353072.2	lncRNA	0	0	0	0.0000	0.0000	0.0000
ENSG00000285719.2	AL356275.1	lncRNA	0	0	0	0.0000	0.0000	0.0000
ENSG00000285720.1	FAM90A17P	protein_coding	0	0	0	0.0000	0.0000	0.0000
ENSG00000285722.1	AC207130.1	lncRNA	371	194	177	13.4639	3.9438	3.7976
ENSG00000285723.1	AL034430.2	protein_coding	0	0	0	0.0000	0.0000	0.0000
ENSG00000285724.2	AC092110.1	lncRNA	0	0	0	0.0000	0.0000	0.0000
ENSG00000285725.1	AC004967.2	lncRNA	2	1	2	0.0889	0.0260	0.0251
ENSG00000285726.1	AL031121.3	lncRNA	0	0	0	0.0000	0.0000	0.0000
ENSG00000285727.1	AL136419.2	lncRNA	0	0	0	0.0000	0.0000	0.0000
ENSG00000285728.2	AC098484.4	lncRNA	13	103	99	0.3330	0.0975	0.0939
ENSG00000285729.1	AC103874.1	lncRNA	0	0	0	0.0000	0.0000	0.0000
ENSG00000285730.1	Z94721.3	lncRNA	1	5	9	0.0848	0.0248	0.0239
ENSG00000285731.1	AC090644.1	lncRNA	0	0	0	0.0000	0.0000	0.0000
ENSG00000285732.1	AC121334.3	lncRNA	2	2	0	0.0679	0.0199	0.0191
ENSG00000285733.1	AL031315.1	protein_coding	0	0	0	0.0000	0.0000	0.0000
ENSG00000285734.1	AC005414.1	lncRNA	0	0	0	0.0000	0.0000	0.0000
ENSG00000285735.2	LINC02717	lncRNA	1	1	0	0.0227	0.0066	0.0064
ENSG00000285736.1	AC131025.3	lncRNA	2	1	3	0.1982	0.0581	0.0559
ENSG00000285737.1	LINC02680	lncRNA	0	0	0	0.0000	0.0000	0.0000
ENSG00000285738.1	AC098969.1	lncRNA	0	0	0	0.0000	0.0000	0.0000
ENSG00000285739.1	AC010157.2	lncRNA	0	0	0	0.0000	0.0000	0.0000
ENSG00000285740.1	AC090692.3	lncRNA	0	0	0	0.0000	0.0000	0.0000
ENSG00000285741.1	AC005999.2	lncRNA	0	0	0	0.0000	0.0000	0.0000
ENSG00000285742.1	AL445604.1	lncRNA	0	0	0	0.0000	0.0000	0.0000
ENSG00000285743.1	AL158210.1	lncRNA	0	0	0	0.0000	0.0000	0.0000
ENSG00000285744.1	AC083837.1	lncRNA	13	7	7	0.3779	0.1107	0.1066
ENSG00000285745.1	AC104805.1	processed_pseudogene	3	1	2	2.1230	0.6219	0.5988
ENSG00000285746.1	AL450447.1	unprocessed_pseudogene	0	0	0	0.0000	0.0000	0.0000
ENSG00000285747.1	AL133485.3	lncRNA	2	2	0	0.0699	0.0205	0.0197
ENSG00000285748.2	AC090337.2	lncRNA	2	1	1	0.0523	0.0153	0.0147
ENSG00000285749.2	AC097636.1	protein_coding	1	0	1	0.0204	0.0060	0.0057
ENSG00000285750.1	AL157385.2	lncRNA	0	0	0	0.0000	0.0000	0.0000
ENSG00000285751.1	AC021723.2	lncRNA	0	0	0	0.0000	0.0000	0.0000
ENSG00000285752.1	CDC42-AS1	lncRNA	7	311	366	0.2309	0.0676	0.0651
ENSG00000285753.1	LCEP3	unprocessed_pseudogene	0	0	0	0.0000	0.0000	0.0000
ENSG00000285754.1	AC008170.1	lncRNA	2	1	1	0.0501	0.0147	0.0141
ENSG00000285755.2	AC132153.1	lncRNA	1	1	0	0.0187	0.0055	0.0053
ENSG00000285756.2	BX890604.1	lncRNA	66	52	47	0.3458	0.1013	0.0975
ENSG00000285758.2	AC036214.4	lncRNA	0	0	0	0.0000	0.0000	0.0000
ENSG00000285759.1	AL138885.3	lncRNA	72	33	43	10.0564	2.9457	2.8365
ENSG00000285760.1	AC087498.1	transcribed_unprocessed_pseudogene	0	0	0	0.0000	0.0000	0.0000
ENSG00000285761.1	AL645939.5	lncRNA	11	5	11	0.4977	0.1458	0.1404
ENSG00000285762.1	AC253536.7	protein_coding	0	0	0	0.0000	0.0000	0.0000
ENSG00000285763.1	AL358777.3	lncRNA	2	1	1	0.0490	0.0143	0.0138
ENSG00000285764.1	AL445989.2	lncRNA	0	0	0	0.0000	0.0000	0.0000
ENSG00000285765.1	FAM90A23P	protein_coding	0	0	0	0.0000	0.0000	0.0000
ENSG00000285766.1	AC092042.4	lncRNA	0	0	0	0.0000	0.0000	0.0000
ENSG00000285768.1	LINC02849	lncRNA	0	0	0	0.0000	0.0000	0.0000
ENSG00000285769.2	AP003100.2	lncRNA	1	0	1	0.0153	0.0045	0.0043
ENSG00000285770.1	AC018653.4	lncRNA	0	0	0	0.0000	0.0000	0.0000
ENSG00000285771.1	AL139095.5	lncRNA	0	0	0	0.0000	0.0000	0.0000
ENSG00000285772.1	AC000120.2	protein_coding	0	0	0	0.0000	0.0000	0.0000
ENSG00000285773.1	AL161893.1	lncRNA	0	0	0	0.0000	0.0000	0.0000
ENSG00000285774.3	AL133444.1	lncRNA	21	12	10	1.0429	0.3055	0.2942
ENSG00000285775.1	AC109136.1	lncRNA	0	0	0	0.0000	0.0000	0.0000
ENSG00000285776.1	5S_rRNA	rRNA_pseudogene	0	0	0	0.0000	0.0000	0.0000
ENSG00000285777.1	AL139142.2	protein_coding	0	0	0	0.0000	0.0000	0.0000
ENSG00000285778.2	AL591463.1	lncRNA	1	1	0	0.0225	0.0066	0.0063
ENSG00000285779.1	AL358472.7	protein_coding	0	0	0	0.0000	0.0000	0.0000
ENSG00000285780.2	AC109129.1	lncRNA	2	2	0	0.1758	0.0515	0.0496
ENSG00000285781.1	AL117340.1	unprocessed_pseudogene	0	0	0	0.0000	0.0000	0.0000
ENSG00000285782.2	AC116099.1	lncRNA	0	0	0	0.0000	0.0000	0.0000
ENSG00000285783.1	AC098588.3	lncRNA	0	0	0	0.0000	0.0000	0.0000
ENSG00000285784.1	AL353595.1	lncRNA	0	0	0	0.0000	0.0000	0.0000
ENSG00000285785.1	AC003950.1	lncRNA	0	0	0	0.0000	0.0000	0.0000
ENSG00000285786.1	AC074325.1	lncRNA	0	0	0	0.0000	0.0000	0.0000
ENSG00000285788.1	AC099782.1	lncRNA	2	2	0	0.2372	0.0695	0.0669
ENSG00000285789.1	AL162717.1	lncRNA	0	0	0	0.0000	0.0000	0.0000
ENSG00000285790.1	AC021517.3	lncRNA	0	0	0	0.0000	0.0000	0.0000
ENSG00000285791.1	AC009879.3	protein_coding	72	35	37	1.2231	0.3583	0.3450
ENSG00000285792.1	AC040169.4	lncRNA	0	0	0	0.0000	0.0000	0.0000
ENSG00000285793.1	ANAPC1P2	lncRNA	0	0	0	0.0000	0.0000	0.0000
ENSG00000285794.1	AL031281.1	transcribed_processed_pseudogene	0	0	0	0.0000	0.0000	0.0000
ENSG00000285796.1	AL162458.1	lncRNA	78	75	68	0.7758	0.2272	0.2188
ENSG00000285797.1	AL512658.2	lncRNA	1	1	0	0.0424	0.0124	0.0120
ENSG00000285798.1	AC092958.4	lncRNA	0	0	0	0.0000	0.0000	0.0000
ENSG00000285799.1	AL645929.2	transcribed_unprocessed_pseudogene	7	5	2	0.1746	0.0511	0.0492
ENSG00000285800.1	AC026462.5	lncRNA	0	0	0	0.0000	0.0000	0.0000
ENSG00000285801.1	AL133268.4	lncRNA	0	0	0	0.0000	0.0000	0.0000
ENSG00000285802.1	AL450043.1	lncRNA	1	1	0	0.0642	0.0188	0.0181
ENSG00000285803.1	AL442003.1	lncRNA	2	1	13	0.1474	0.0432	0.0416
ENSG00000285804.2	AC025774.1	lncRNA	3	0	3	0.0583	0.0171	0.0164
ENSG00000285805.1	AC012378.2	lncRNA	17	15	5	2.1774	0.6378	0.6142
ENSG00000285806.1	AL391560.1	lncRNA	0	0	0	0.0000	0.0000	0.0000
ENSG00000285807.1	AL353768.2	lncRNA	0	0	0	0.0000	0.0000	0.0000
ENSG00000285808.1	LINC02797	lncRNA	0	0	0	0.0000	0.0000	0.0000
ENSG00000285809.1	AC093295.1	lncRNA	12	7	5	0.2690	0.0788	0.0759
ENSG00000285810.1	AC018511.6	lncRNA	1	1	0	0.0363	0.0106	0.0102
ENSG00000285811.1	AL355677.1	lncRNA	0	0	0	0.0000	0.0000	0.0000
ENSG00000285812.1	AL390719.3	lncRNA	2	2	0	0.1551	0.0454	0.0437
ENSG00000285813.1	AP000813.1	lncRNA	35	27	18	0.7884	0.2309	0.2224
ENSG00000285814.1	FAM90A14P	protein_coding	0	0	0	0.0000	0.0000	0.0000
ENSG00000285815.1	GET1-SH3BGR	protein_coding	0	0	0	0.0000	0.0000	0.0000
ENSG00000285816.1	AP000944.5	protein_coding	1	1	0	0.0200	0.0058	0.0056
ENSG00000285817.1	AC105213.1	lncRNA	0	0	0	0.0000	0.0000	0.0000
ENSG00000285818.1	AL591893.1	unprocessed_pseudogene	0	0	0	0.0000	0.0000	0.0000
ENSG00000285819.1	AC131180.1	lncRNA	0	0	0	0.0000	0.0000	0.0000
ENSG00000285820.1	AL157829.1	lncRNA	0	0	0	0.0000	0.0000	0.0000
ENSG00000285821.1	AC011899.3	lncRNA	0	0	0	0.0000	0.0000	0.0000
ENSG00000285822.1	AC129926.2	lncRNA	0	0	0	0.0000	0.0000	0.0000
ENSG00000285823.1	LINC02793	lncRNA	0	0	0	0.0000	0.0000	0.0000
ENSG00000285824.1	AL353796.2	lncRNA	0	36	30	0.0000	0.0000	0.0000
ENSG00000285825.2	CCDC15-DT	lncRNA	4	3	1	0.1250	0.0366	0.0352
ENSG00000285826.1	AL356807.1	lncRNA	0	0	0	0.0000	0.0000	0.0000
ENSG00000285827.1	AP001267.5	protein_coding	0	1	0	0.0000	0.0000	0.0000
ENSG00000285829.1	AC005921.4	lncRNA	1	0	1	0.0449	0.0131	0.0127
ENSG00000285830.1	AL109628.2	lncRNA	2	507	561	0.0538	0.0158	0.0152
ENSG00000285831.1	AC027329.1	lncRNA	0	0	0	0.0000	0.0000	0.0000
ENSG00000285833.1	AL590989.1	lncRNA	0	0	0	0.0000	0.0000	0.0000
ENSG00000285834.1	AL356413.1	lncRNA	0	0	0	0.0000	0.0000	0.0000
ENSG00000285835.1	AP000676.5	lncRNA	1	0	1	0.1015	0.0297	0.0286
ENSG00000285836.1	AC092896.1	lncRNA	0	1	2	0.0000	0.0000	0.0000
ENSG00000285837.1	AC024598.1	protein_coding	1	0	1	0.0251	0.0074	0.0071
ENSG00000285838.2	AL646090.2	lncRNA	0	0	0	0.0000	0.0000	0.0000
ENSG00000285839.1	AL445685.3	protein_coding	0	0	0	0.0000	0.0000	0.0000
ENSG00000285840.2	AL353648.1	lncRNA	0	0	0	0.0000	0.0000	0.0000
ENSG00000285841.1	AC005692.3	lncRNA	0	0	0	0.0000	0.0000	0.0000
ENSG00000285842.1	AP000820.2	lncRNA	0	0	0	0.0000	0.0000	0.0000
ENSG00000285843.1	SCYGR9	polymorphic_pseudogene	0	0	0	0.0000	0.0000	0.0000
ENSG00000285844.2	FO393414.3	lncRNA	1	1	0	0.0190	0.0056	0.0053
ENSG00000285845.1	AL392086.1	lncRNA	0	0	0	0.0000	0.0000	0.0000
ENSG00000285846.1	AL358613.3	lncRNA	0	0	0	0.0000	0.0000	0.0000
ENSG00000285847.2	AL713852.1	lncRNA	12	5	7	0.1347	0.0395	0.0380
ENSG00000285848.1	AC025280.3	lncRNA	0	30	20	0.0000	0.0000	0.0000
ENSG00000285849.1	AL021918.4	lncRNA	0	20	33	0.0000	0.0000	0.0000
ENSG00000285850.1	AC009152.3	lncRNA	0	0	0	0.0000	0.0000	0.0000
ENSG00000285851.1	AL359762.3	lncRNA	17	11	8	0.5375	0.1574	0.1516
ENSG00000285852.1	AL353147.1	lncRNA	0	0	2	0.0000	0.0000	0.0000
ENSG00000285853.1	AL137802.3	lncRNA	0	0	0	0.0000	0.0000	0.0000
ENSG00000285854.1	AC010197.2	protein_coding	0	0	0	0.0000	0.0000	0.0000
ENSG00000285855.1	Z72006.1	lncRNA	0	0	0	0.0000	0.0000	0.0000
ENSG00000285856.1	AL353704.1	lncRNA	0	0	0	0.0000	0.0000	0.0000
ENSG00000285857.1	AC016727.3	lncRNA	0	0	0	0.0000	0.0000	0.0000
ENSG00000285858.1	AL137005.1	lncRNA	0	0	0	0.0000	0.0000	0.0000
ENSG00000285859.1	AL512598.2	lncRNA	0	0	0	0.0000	0.0000	0.0000
ENSG00000285860.1	AC010677.2	lncRNA	0	0	0	0.0000	0.0000	0.0000
ENSG00000285861.1	AC026991.2	lncRNA	0	0	0	0.0000	0.0000	0.0000
ENSG00000285862.1	AC084121.4	unprocessed_pseudogene	0	0	0	0.0000	0.0000	0.0000
ENSG00000285863.1	AC009554.2	lncRNA	13	8	5	1.8743	0.5490	0.5287
ENSG00000285864.1	AP000593.4	lncRNA	0	125	110	0.0000	0.0000	0.0000
ENSG00000285865.1	AC010285.3	lncRNA	8	357	377	0.3372	0.0988	0.0951
ENSG00000285866.1	LINC02852	lncRNA	0	0	0	0.0000	0.0000	0.0000
ENSG00000285867.1	BX470102.2	lncRNA	43	18	25	1.1497	0.3368	0.3243
ENSG00000285868.1	AC008676.3	protein_coding	9	517	477	0.1792	0.0525	0.0505
ENSG00000285869.1	LINC02858	lncRNA	0	0	0	0.0000	0.0000	0.0000
ENSG00000285870.1	AC012673.1	lncRNA	1	0	1	0.0370	0.0108	0.0104
ENSG00000285871.1	AL359844.1	lncRNA	3	2	1	0.1431	0.0419	0.0404
ENSG00000285872.1	AC007240.3	lncRNA	50	24	26	2.2694	0.6647	0.6401
ENSG00000285873.1	AL445253.1	lncRNA	4	4	2	0.4188	0.1227	0.1181
ENSG00000285875.1	AL035446.2	lncRNA	1	1	0	0.0688	0.0201	0.0194
ENSG00000285876.1	AC093912.1	lncRNA	0	0	0	0.0000	0.0000	0.0000
ENSG00000285877.1	AC007448.5	lncRNA	9	5	4	0.3044	0.0892	0.0859
ENSG00000285878.1	AP002961.1	lncRNA	0	0	0	0.0000	0.0000	0.0000
ENSG00000285879.1	AC018628.2	lncRNA	0	0	0	0.0000	0.0000	0.0000
ENSG00000285880.1	AC144573.1	protein_coding	0	0	0	0.0000	0.0000	0.0000
ENSG00000285881.1	AC105206.3	lncRNA	0	1	0	0.0000	0.0000	0.0000
ENSG00000285882.1	AC093516.1	lncRNA	0	0	0	0.0000	0.0000	0.0000
ENSG00000285883.1	AC123784.1	lncRNA	0	0	0	0.0000	0.0000	0.0000
ENSG00000285884.1	AL022345.4	lncRNA	10	11	11	1.0749	0.3149	0.3032
ENSG00000285885.1	AC092058.1	lncRNA	0	0	0	0.0000	0.0000	0.0000
ENSG00000285886.1	AC211476.6	lncRNA	3	1	2	0.1222	0.0358	0.0345
ENSG00000285887.1	AL009176.1	lncRNA	1	1	0	0.0204	0.0060	0.0058
ENSG00000285888.1	Z85996.2	lncRNA	3	3	0	0.1550	0.0454	0.0437
ENSG00000285889.1	AL355312.4	lncRNA	0	0	0	0.0000	0.0000	0.0000
ENSG00000285890.1	AC009623.3	lncRNA	0	0	0	0.0000	0.0000	0.0000
ENSG00000285891.1	AC113348.1	protein_coding	0	0	0	0.0000	0.0000	0.0000
ENSG00000285892.1	AC006043.1	lncRNA	0	0	0	0.0000	0.0000	0.0000
ENSG00000285894.2	AL136372.2	lncRNA	7	3	4	0.4228	0.1238	0.1193
ENSG00000285895.1	AP003557.2	lncRNA	6	0	6	0.3339	0.0978	0.0942
ENSG00000285896.1	AC074281.1	lncRNA	1	1	0	0.0934	0.0274	0.0264
ENSG00000285897.1	AC004687.2	protein_coding	7	2	5	0.1020	0.0299	0.0288
ENSG00000285898.1	AC007317.1	lncRNA	1	1	0	0.0344	0.0101	0.0097
ENSG00000285899.1	AL023574.1	lncRNA	0	0	0	0.0000	0.0000	0.0000
ENSG00000285900.1	AC079177.1	lncRNA	1	1	0	0.0407	0.0119	0.0115
ENSG00000285901.2	AC008012.1	protein_coding	1	1	0	0.0247	0.0072	0.0070
ENSG00000285902.1	AL136442.1	lncRNA	0	0	0	0.0000	0.0000	0.0000
ENSG00000285904.1	AC006452.1	lncRNA	0	0	0	0.0000	0.0000	0.0000
ENSG00000285905.1	BMP8B-AS1	lncRNA	3	2	1	0.2092	0.0613	0.0590
ENSG00000285906.2	AC083855.2	lncRNA	26	15	11	2.2079	0.6467	0.6228
ENSG00000285907.1	AL161910.1	lncRNA	0	0	0	0.0000	0.0000	0.0000
ENSG00000285908.1	AC080128.2	lncRNA	0	276	270	0.0000	0.0000	0.0000
ENSG00000285909.1	AP002762.2	lncRNA	0	0	0	0.0000	0.0000	0.0000
ENSG00000285910.1	AL513013.1	lncRNA	0	0	0	0.0000	0.0000	0.0000
ENSG00000285911.1	AL391834.3	lncRNA	0	0	0	0.0000	0.0000	0.0000
ENSG00000285912.1	5S_rRNA	rRNA_pseudogene	0	0	0	0.0000	0.0000	0.0000
ENSG00000285913.1	FAM90A18P	protein_coding	0	0	0	0.0000	0.0000	0.0000
ENSG00000285914.1	AC022440.1	lncRNA	0	0	0	0.0000	0.0000	0.0000
ENSG00000285915.1	AC015819.5	lncRNA	0	0	0	0.0000	0.0000	0.0000
ENSG00000285917.1	AL109924.4	lncRNA	1	0	1	0.1114	0.0326	0.0314
ENSG00000285918.1	AC092376.3	lncRNA	9	5	4	0.6275	0.1838	0.1770
ENSG00000285919.1	AC087639.2	lncRNA	1	0	1	0.0239	0.0070	0.0067
ENSG00000285920.2	AC087721.2	protein_coding	0	0	0	0.0000	0.0000	0.0000
ENSG00000285921.1	AP000779.1	lncRNA	0	44	59	0.0000	0.0000	0.0000
ENSG00000285922.1	AC104453.1	lncRNA	1	1	0	0.0476	0.0139	0.0134
ENSG00000285923.1	AL160171.1	lncRNA	4	3	2	0.3591	0.1052	0.1013
ENSG00000285925.1	AC007391.2	lncRNA	6	3	3	0.6059	0.1775	0.1709
ENSG00000285926.1	AC005082.2	lncRNA	0	215	234	0.0000	0.0000	0.0000
ENSG00000285927.1	AC134684.12	unprocessed_pseudogene	0	0	0	0.0000	0.0000	0.0000
ENSG00000285928.1	AC103591.4	lncRNA	41	14	27	1.9397	0.5682	0.5471
ENSG00000285929.1	AL353789.1	lncRNA	0	0	0	0.0000	0.0000	0.0000
ENSG00000285930.1	AC015813.8	lncRNA	0	0	0	0.0000	0.0000	0.0000
ENSG00000285931.1	AC005495.1	lncRNA	1	0	1	0.1662	0.0487	0.0469
ENSG00000285932.1	AL133353.2	protein_coding	1	26	18	0.0431	0.0126	0.0122
ENSG00000285933.1	AP003498.2	lncRNA	0	0	0	0.0000	0.0000	0.0000
ENSG00000285934.1	AC091074.2	lncRNA	0	0	0	0.0000	0.0000	0.0000
ENSG00000285935.1	AL159978.1	lncRNA	0	9	14	0.0000	0.0000	0.0000
ENSG00000285936.1	AL392024.1	lncRNA	0	0	0	0.0000	0.0000	0.0000
ENSG00000285937.1	FAM90A8P	protein_coding	0	0	0	0.0000	0.0000	0.0000
ENSG00000285938.1	AC072022.2	protein_coding	3	2	4	0.2227	0.0652	0.0628
ENSG00000285939.2	AC034268.2	lncRNA	0	0	0	0.0000	0.0000	0.0000
ENSG00000285940.2	AC009899.1	lncRNA	16	9	7	0.1968	0.0577	0.0555
ENSG00000285941.1	AL133257.1	lncRNA	0	0	0	0.0000	0.0000	0.0000
ENSG00000285942.1	AC018362.3	protein_coding	0	0	0	0.0000	0.0000	0.0000
ENSG00000285943.1	AC112128.1	protein_coding	1	0	1	0.0124	0.0036	0.0035
ENSG00000285944.2	H2AL1SP	unprocessed_pseudogene	0	0	0	0.0000	0.0000	0.0000
ENSG00000285945.1	AC242022.2	lncRNA	0	0	0	0.0000	0.0000	0.0000
ENSG00000285946.1	AL162596.1	protein_coding	0	0	0	0.0000	0.0000	0.0000
ENSG00000285947.1	AC127029.3	protein_coding	0	0	0	0.0000	0.0000	0.0000
ENSG00000285948.1	AC123768.4	lncRNA	0	51	55	0.0000	0.0000	0.0000
ENSG00000285950.1	FAM90A10P	protein_coding	0	0	0	0.0000	0.0000	0.0000
ENSG00000285952.1	AC020663.4	lncRNA	0	0	0	0.0000	0.0000	0.0000
ENSG00000285953.1	AC000120.3	protein_coding	0	0	0	0.0000	0.0000	0.0000
ENSG00000285954.1	AC119428.2	lncRNA	3	2	1	0.2875	0.0842	0.0811
ENSG00000285955.1	BX842242.1	lncRNA	0	0	0	0.0000	0.0000	0.0000
ENSG00000285957.1	AC019257.9	lncRNA	0	217	223	0.0000	0.0000	0.0000
ENSG00000285958.1	AC073174.1	lncRNA	0	0	0	0.0000	0.0000	0.0000
ENSG00000285959.1	AL590556.3	lncRNA	0	0	0	0.0000	0.0000	0.0000
ENSG00000285960.1	AC005100.2	lncRNA	0	0	0	0.0000	0.0000	0.0000
ENSG00000285961.1	AL590814.1	lncRNA	0	0	0	0.0000	0.0000	0.0000
ENSG00000285963.1	AL035467.2	lncRNA	0	0	0	0.0000	0.0000	0.0000
ENSG00000285964.1	AC002074.2	lncRNA	1	0	1	0.1249	0.0366	0.0352
ENSG00000285966.1	AC007686.4	lncRNA	2	1	1	0.0597	0.0175	0.0168
ENSG00000285967.1	NIPBL-DT	lncRNA	292	159	133	3.5735	1.0467	1.0079
ENSG00000285968.1	AL022324.4	lncRNA	0	0	0	0.0000	0.0000	0.0000
ENSG00000285969.1	AC087591.1	lncRNA	0	0	0	0.0000	0.0000	0.0000
ENSG00000285970.1	AC106820.6	lncRNA	0	13	11	0.0000	0.0000	0.0000
ENSG00000285971.1	AC023095.1	lncRNA	1	0	1	0.0319	0.0093	0.0090
ENSG00000285972.1	CERNA2	lncRNA	1	1	0	0.0453	0.0133	0.0128
ENSG00000285973.2	AC063960.2	lncRNA	2	1	3	0.0386	0.0113	0.0109
ENSG00000285974.1	AC026624.1	lncRNA	0	1	2	0.0000	0.0000	0.0000
ENSG00000285975.1	FAM90A7P	protein_coding	0	0	0	0.0000	0.0000	0.0000
ENSG00000285976.2	AL135905.2	protein_coding	3	1	2	0.0539	0.0158	0.0152
ENSG00000285977.1	AC022068.1	lncRNA	0	0	0	0.0000	0.0000	0.0000
ENSG00000285978.1	AC113348.2	protein_coding	0	0	0	0.0000	0.0000	0.0000
ENSG00000285979.1	AC009090.6	lncRNA	26	34	31	0.6265	0.1835	0.1767
ENSG00000285980.2	AP003025.2	lncRNA	0	0	0	0.0000	0.0000	0.0000
ENSG00000285981.1	AL591888.1	lncRNA	0	0	0	0.0000	0.0000	0.0000
ENSG00000285982.1	AC012213.5	protein_coding	0	0	0	0.0000	0.0000	0.0000
ENSG00000285984.1	AC009301.1	lncRNA	0	0	0	0.0000	0.0000	0.0000
ENSG00000285985.1	LINC02689	lncRNA	0	0	0	0.0000	0.0000	0.0000
ENSG00000285986.1	BX248415.1	unprocessed_pseudogene	0	0	0	0.0000	0.0000	0.0000
ENSG00000285987.1	AL157886.1	lncRNA	0	0	0	0.0000	0.0000	0.0000
ENSG00000285988.1	AL392086.2	lncRNA	0	0	0	0.0000	0.0000	0.0000
ENSG00000285989.1	H2AQ1P	unitary_pseudogene	0	0	0	0.0000	0.0000	0.0000
ENSG00000285990.1	NBEAP6	transcribed_unprocessed_pseudogene	0	0	0	0.0000	0.0000	0.0000
ENSG00000285991.1	AL355312.5	protein_coding	2	1	1	0.0335	0.0098	0.0095
ENSG00000285992.1	AC120036.5	lncRNA	0	0	0	0.0000	0.0000	0.0000
ENSG00000285993.1	AC018931.1	lncRNA	0	0	0	0.0000	0.0000	0.0000
ENSG00000285994.1	AL731559.1	lncRNA	0	0	0	0.0000	0.0000	0.0000
ENSG00000285996.1	AC006116.9	lncRNA	1	4	3	0.0255	0.0075	0.0072
ENSG00000285997.1	AC008391.1	lncRNA	0	0	0	0.0000	0.0000	0.0000
ENSG00000285998.1	AC104790.1	lncRNA	0	0	0	0.0000	0.0000	0.0000
ENSG00000285999.1	AC025442.2	lncRNA	6	2	4	0.2897	0.0848	0.0817
ENSG00000286000.1	AC234775.3	lncRNA	1	1	0	0.0306	0.0090	0.0086
ENSG00000286001.1	AC021087.5	protein_coding	8	5	10	0.1854	0.0543	0.0523
ENSG00000286002.1	AC010987.1	lncRNA	7	5	2	0.4311	0.1263	0.1216
ENSG00000286003.1	AC110992.1	lncRNA	1	0	1	0.0458	0.0134	0.0129
ENSG00000286004.1	AC124944.3	lncRNA	7	3	5	0.3676	0.1077	0.1037
ENSG00000286005.1	AL353899.1	unprocessed_pseudogene	0	0	0	0.0000	0.0000	0.0000
ENSG00000286006.2	AL109828.1	lncRNA	0	0	0	0.0000	0.0000	0.0000
ENSG00000286007.1	AC113189.12	protein_coding	0	0	0	0.0000	0.0000	0.0000
ENSG00000286008.1	AC148477.10	lncRNA	0	0	0	0.0000	0.0000	0.0000
ENSG00000286009.2	AC244213.1	lncRNA	2	2	3	0.1396	0.0409	0.0394
ENSG00000286010.1	AC108925.1	lncRNA	0	0	0	0.0000	0.0000	0.0000
ENSG00000286011.1	AC062037.3	lncRNA	13	10	7	0.3853	0.1129	0.1087
ENSG00000286012.1	FP671120.8	TEC	0	0	0	0.0000	0.0000	0.0000
ENSG00000286013.1	AC005050.2	lncRNA	0	0	0	0.0000	0.0000	0.0000
ENSG00000286014.1	SPDYE15	protein_coding	0	0	0	0.0000	0.0000	0.0000
ENSG00000286015.1	CR589904.2	protein_coding	187	89	99	6.2422	1.8284	1.7606
ENSG00000286016.1	AC079949.3	lncRNA	0	0	0	0.0000	0.0000	0.0000
ENSG00000286017.1	AC011322.1	lncRNA	0	1	0	0.0000	0.0000	0.0000
ENSG00000286018.1	AF129075.3	lncRNA	15	987	1075	1.7426	0.5104	0.4915
ENSG00000286019.1	NOTCH2NLB	protein_coding	0	0	0	0.0000	0.0000	0.0000
ENSG00000286020.1	AC011997.2	lncRNA	1	1	0	0.1346	0.0394	0.0380
ENSG00000286021.2	LINC02822	lncRNA	0	0	0	0.0000	0.0000	0.0000
ENSG00000286022.1	AL121899.2	protein_coding	0	0	0	0.0000	0.0000	0.0000
ENSG00000286023.1	AP001924.1	lncRNA	0	0	0	0.0000	0.0000	0.0000
ENSG00000286024.1	AC026803.3	lncRNA	4	6	13	0.5816	0.1704	0.1641
ENSG00000286025.1	FAM246C	polymorphic_pseudogene	0	0	0	0.0000	0.0000	0.0000
ENSG00000286026.1	AC079776.4	lncRNA	0	0	0	0.0000	0.0000	0.0000
ENSG00000286027.1	PCSEAT	lncRNA	0	0	0	0.0000	0.0000	0.0000
ENSG00000286028.1	AP002008.4	lncRNA	0	0	0	0.0000	0.0000	0.0000
ENSG00000286030.2	AC015911.9	transcribed_unprocessed_pseudogene	0	0	0	0.0000	0.0000	0.0000
ENSG00000286031.1	AC232271.2	lncRNA	0	8	19	0.0000	0.0000	0.0000
ENSG00000286032.1	FP236383.6	TEC	0	0	0	0.0000	0.0000	0.0000
ENSG00000286033.1	CR381670.2	lncRNA	0	0	0	0.0000	0.0000	0.0000
ENSG00000286034.1	AC100822.1	lncRNA	0	0	0	0.0000	0.0000	0.0000
ENSG00000286035.1	AC073840.1	lncRNA	1	1	0	0.0260	0.0076	0.0073
ENSG00000286036.1	AC017099.2	lncRNA	14	7	7	0.8055	0.2359	0.2272
ENSG00000286037.1	AC011479.4	lncRNA	0	110	95	0.0000	0.0000	0.0000
ENSG00000286038.1	SPDYE13	protein_coding	0	0	0	0.0000	0.0000	0.0000
ENSG00000286039.1	AC093849.2	lncRNA	0	0	0	0.0000	0.0000	0.0000
ENSG00000286040.1	AL158058.2	lncRNA	0	0	0	0.0000	0.0000	0.0000
ENSG00000286041.1	AC074139.1	lncRNA	0	0	0	0.0000	0.0000	0.0000
ENSG00000286042.1	LCAL1	lncRNA	0	0	0	0.0000	0.0000	0.0000
ENSG00000286043.1	AC091214.1	lncRNA	1	1	0	0.0821	0.0241	0.0232
ENSG00000286044.1	AP001977.1	lncRNA	2	1	1	0.0340	0.0099	0.0096
ENSG00000286045.1	AC005034.6	lncRNA	36	27	27	0.8187	0.2398	0.2309
ENSG00000286046.1	AC093898.1	lncRNA	0	0	0	0.0000	0.0000	0.0000
ENSG00000286047.1	AC093894.1	lncRNA	0	0	0	0.0000	0.0000	0.0000
ENSG00000286048.1	AC008966.3	lncRNA	3	3	0	0.1312	0.0384	0.0370
ENSG00000286049.1	AC090016.1	lncRNA	0	0	0	0.0000	0.0000	0.0000
ENSG00000286050.1	AC012078.2	lncRNA	0	0	0	0.0000	0.0000	0.0000
ENSG00000286051.1	AC244102.3	lncRNA	11	6	5	0.9670	0.2833	0.2727
ENSG00000286052.1	AL109955.1	lncRNA	0	0	0	0.0000	0.0000	0.0000
ENSG00000286053.2	ASDURF	protein_coding	0	0	0	0.0000	0.0000	0.0000
ENSG00000286054.1	FP236383.7	TEC	0	0	0	0.0000	0.0000	0.0000
ENSG00000286055.1	AC093890.2	lncRNA	0	0	0	0.0000	0.0000	0.0000
ENSG00000286056.1	AC008055.2	lncRNA	0	0	0	0.0000	0.0000	0.0000
ENSG00000286057.1	FP671120.9	TEC	0	0	0	0.0000	0.0000	0.0000
ENSG00000286058.1	AC018865.2	lncRNA	0	0	0	0.0000	0.0000	0.0000
ENSG00000286059.1	AC005538.3	lncRNA	4	4	0	0.2055	0.0602	0.0580
ENSG00000286060.1	AL365256.1	lncRNA	0	0	0	0.0000	0.0000	0.0000
ENSG00000286061.1	RCAN3AS	lncRNA	11	90	72	1.2259	0.3591	0.3458
ENSG00000286062.1	AC092353.2	lncRNA	3	1	2	0.1746	0.0511	0.0493
ENSG00000286063.1	AL121888.1	lncRNA	0	0	0	0.0000	0.0000	0.0000
ENSG00000286064.1	AL035413.2	unprocessed_pseudogene	25	13	12	6.2626	1.8344	1.7664
ENSG00000286065.2	SLFN12L	lncRNA	1	0	1	0.0307	0.0090	0.0087
ENSG00000286066.1	AC097375.4	lncRNA	0	0	0	0.0000	0.0000	0.0000
ENSG00000286067.1	AC004263.2	lncRNA	40	411	379	1.4455	0.4234	0.4077
ENSG00000286068.1	AC010974.2	lncRNA	3	1	2	0.2055	0.0602	0.0579
ENSG00000286069.2	AC076968.2	lncRNA	6	5	2	0.1419	0.0416	0.0400
ENSG00000286070.2	AP000356.5	protein_coding	1	0	1	0.0270	0.0079	0.0076
ENSG00000286071.1	AL136171.2	lncRNA	2	36	29	0.0103	0.0030	0.0029
ENSG00000286072.1	AC002072.1	lncRNA	1	1	0	0.0766	0.0224	0.0216
ENSG00000286073.1	AL138900.2	unprocessed_pseudogene	3	2	1	0.2273	0.0666	0.0641
ENSG00000286074.1	AC110795.1	lncRNA	1	0	2	0.1058	0.0310	0.0298
ENSG00000286075.2	AC009412.1	protein_coding	0	0	0	0.0000	0.0000	0.0000
ENSG00000286076.1	AC005050.3	lncRNA	1	0	1	0.1578	0.0462	0.0445
ENSG00000286077.1	AL158141.1	lncRNA	0	32	26	0.0000	0.0000	0.0000
ENSG00000286078.1	AL391056.2	lncRNA	0	602	598	0.0000	0.0000	0.0000
ENSG00000286079.1	AL627230.3	protein_coding	0	1	1	0.0000	0.0000	0.0000
ENSG00000286080.1	AC011477.7	lncRNA	0	0	0	0.0000	0.0000	0.0000
ENSG00000286081.1	AC016682.1	lncRNA	0	0	0	0.0000	0.0000	0.0000
ENSG00000286082.1	AL133493.1	lncRNA	0	0	0	0.0000	0.0000	0.0000
ENSG00000286083.1	AL132981.1	lncRNA	0	0	0	0.0000	0.0000	0.0000
ENSG00000286084.2	AL096794.1	lncRNA	11	5	6	0.1693	0.0496	0.0477
ENSG00000286085.1	AL109653.3	lncRNA	0	19	23	0.0000	0.0000	0.0000
ENSG00000286086.1	AC099661.1	lncRNA	4	3	1	0.2170	0.0636	0.0612
ENSG00000286087.1	AL133331.1	lncRNA	0	0	0	0.0000	0.0000	0.0000
ENSG00000286088.1	AC073585.1	protein_coding	0	0	0	0.0000	0.0000	0.0000
ENSG00000286089.1	AC095057.4	lncRNA	1	1	0	0.2046	0.0599	0.0577
ENSG00000286090.1	AC034110.1	lncRNA	0	0	0	0.0000	0.0000	0.0000
ENSG00000286091.1	FP236383.8	TEC	0	0	0	0.0000	0.0000	0.0000
ENSG00000286092.1	AC117503.5	lncRNA	0	0	0	0.0000	0.0000	0.0000
ENSG00000286093.1	AC022267.1	lncRNA	3	0	3	0.2231	0.0653	0.0629
ENSG00000286095.1	SPEGNB	protein_coding	0	0	0	0.0000	0.0000	0.0000
ENSG00000286096.1	GPC3-AS1	TEC	0	0	0	0.0000	0.0000	0.0000
ENSG00000286097.1	AC108517.2	lncRNA	4	2	2	0.1791	0.0525	0.0505
ENSG00000286098.1	AC008770.4	protein_coding	0	0	0	0.0000	0.0000	0.0000
ENSG00000286099.1	AL390800.1	lncRNA	1	0	1	0.0167	0.0049	0.0047
ENSG00000286100.1	AL008725.1	lncRNA	0	0	0	0.0000	0.0000	0.0000
ENSG00000286101.1	AC093894.2	lncRNA	0	0	0	0.0000	0.0000	0.0000
ENSG00000286102.1	FAM246A	protein_coding	0	1	0	0.0000	0.0000	0.0000
ENSG00000286103.1	AC124864.2	lncRNA	0	0	0	0.0000	0.0000	0.0000
ENSG00000286104.1	AC016629.3	lncRNA	1	1	0	0.0250	0.0073	0.0070
ENSG00000286105.1	AL353579.1	protein_coding	0	0	0	0.0000	0.0000	0.0000
ENSG00000286106.1	NOTCH2NLR	protein_coding	1	1	0	0.0764	0.0224	0.0216
ENSG00000286107.1	AC007655.2	lncRNA	0	0	2	0.0000	0.0000	0.0000
ENSG00000286108.1	AL359916.1	lncRNA	1	1	0	0.0471	0.0138	0.0133
ENSG00000286109.1	AL357972.1	lncRNA	0	0	0	0.0000	0.0000	0.0000
ENSG00000286110.1	AC090983.2	lncRNA	0	0	0	0.0000	0.0000	0.0000
ENSG00000286111.1	AC116362.2	lncRNA	0	0	0	0.0000	0.0000	0.0000
ENSG00000286112.1	AL441992.2	protein_coding	1	1	0	0.0122	0.0036	0.0034
ENSG00000286113.1	AC022868.1	lncRNA	0	0	0	0.0000	0.0000	0.0000
ENSG00000286114.1	AL603764.1	unprocessed_pseudogene	0	0	0	0.0000	0.0000	0.0000
ENSG00000286115.1	AC010092.1	lncRNA	0	0	0	0.0000	0.0000	0.0000
ENSG00000286116.1	AL157394.3	lncRNA	7	13	13	0.1414	0.0414	0.0399
ENSG00000286117.2	AL121894.3	lncRNA	0	0	0	0.0000	0.0000	0.0000
ENSG00000286118.1	AC234031.1	lncRNA	5	6	5	0.2286	0.0670	0.0645
ENSG00000286119.1	AC114798.1	lncRNA	0	0	0	0.0000	0.0000	0.0000
ENSG00000286120.1	AC006158.2	transcribed_unprocessed_pseudogene	0	0	0	0.0000	0.0000	0.0000
ENSG00000286121.1	AC093298.2	lncRNA	0	0	0	0.0000	0.0000	0.0000
ENSG00000286122.1	AC016074.2	lncRNA	5	8	1	0.1115	0.0327	0.0314
ENSG00000286123.1	AL049828.2	lncRNA	0	0	0	0.0000	0.0000	0.0000
ENSG00000286124.1	AC084277.1	lncRNA	0	0	0	0.0000	0.0000	0.0000
ENSG00000286125.1	AC006115.2	lncRNA	2	13	17	0.0088	0.0026	0.0025
ENSG00000286126.1	AP001095.1	lncRNA	0	0	0	0.0000	0.0000	0.0000
ENSG00000286127.1	AP000553.8	lncRNA	0	0	0	0.0000	0.0000	0.0000
ENSG00000286128.1	AC022413.2	lncRNA	0	235	258	0.0000	0.0000	0.0000
ENSG00000286129.1	AC245060.7	lncRNA	9	2	7	0.2640	0.0773	0.0745
ENSG00000286130.1	AC006040.1	lncRNA	0	0	0	0.0000	0.0000	0.0000
ENSG00000286131.1	AC083977.1	protein_coding	0	0	0	0.0000	0.0000	0.0000
ENSG00000286132.1	AC022415.2	protein_coding	3	1	2	0.0485	0.0142	0.0137
ENSG00000286133.2	AC093817.2	lncRNA	0	0	0	0.0000	0.0000	0.0000
ENSG00000286134.2	AC114930.1	lncRNA	0	0	0	0.0000	0.0000	0.0000
ENSG00000286135.1	AL603764.2	protein_coding	0	0	0	0.0000	0.0000	0.0000
ENSG00000286136.2	AC107071.1	lncRNA	10	2	8	0.6482	0.1899	0.1828
ENSG00000286137.1	SPDYE14	protein_coding	0	0	0	0.0000	0.0000	0.0000
ENSG00000286138.1	AC010336.7	lncRNA	3	2	1	0.2374	0.0695	0.0670
ENSG00000286140.1	DERPC	protein_coding	0	0	0	0.0000	0.0000	0.0000
ENSG00000286141.1	AC097480.2	lncRNA	0	0	0	0.0000	0.0000	0.0000
ENSG00000286142.2	AL122018.2	lncRNA	1	1	0	0.0745	0.0218	0.0210
ENSG00000286143.1	AC053503.6	protein_coding	0	0	0	0.0000	0.0000	0.0000
ENSG00000286144.1	Z97056.2	lncRNA	0	0	1	0.0000	0.0000	0.0000
ENSG00000286145.2	AC068282.1	lncRNA	1	39	24	0.0421	0.0123	0.0119
ENSG00000286146.1	FP236383.9	TEC	0	0	0	0.0000	0.0000	0.0000
ENSG00000286147.1	AC092445.1	lncRNA	0	0	0	0.0000	0.0000	0.0000
ENSG00000286148.1	FP236383.10	TEC	0	0	0	0.0000	0.0000	0.0000
ENSG00000286149.1	FP236383.11	TEC	0	0	0	0.0000	0.0000	0.0000
ENSG00000286150.1	AC097459.1	lncRNA	0	0	0	0.0000	0.0000	0.0000
ENSG00000286151.1	AL732406.1	unprocessed_pseudogene	1	0	1	0.0776	0.0227	0.0219
ENSG00000286152.1	AC096555.1	lncRNA	0	0	0	0.0000	0.0000	0.0000
ENSG00000286153.1	AP000331.1	lncRNA	4	2	2	0.1648	0.0483	0.0465
ENSG00000286154.1	AC009974.2	lncRNA	2	2	0	0.1854	0.0543	0.0523
ENSG00000286155.1	FP671120.10	TEC	0	0	0	0.0000	0.0000	0.0000
ENSG00000286156.1	AC026273.1	transcribed_unprocessed_pseudogene	165	84	81	9.7237	2.8482	2.7426
ENSG00000286157.1	AC011467.6	lncRNA	0	0	0	0.0000	0.0000	0.0000
ENSG00000286158.1	AL034548.2	lncRNA	14	8	6	1.8901	0.5536	0.5331
ENSG00000286159.1	AL035106.1	lncRNA	1	63	76	0.0453	0.0133	0.0128
ENSG00000286160.2	AC113618.2	lncRNA	0	0	0	0.0000	0.0000	0.0000
ENSG00000286161.1	AC104066.4	lncRNA	0	64	49	0.0000	0.0000	0.0000
ENSG00000286162.2	AL162253.2	lncRNA	42	23	20	1.3358	0.3913	0.3768
ENSG00000286163.1	AC002377.1	lncRNA	5	4	1	0.4036	0.1182	0.1138
ENSG00000286164.1	AC034222.2	lncRNA	0	0	0	0.0000	0.0000	0.0000
ENSG00000286165.1	AC012488.2	protein_coding	0	0	0	0.0000	0.0000	0.0000
ENSG00000286167.1	AC105402.1	lncRNA	3	1	2	0.2249	0.0659	0.0634
ENSG00000286168.2	AC024937.3	lncRNA	2	2	4	0.1959	0.0574	0.0553
ENSG00000286170.1	AC011233.2	lncRNA	0	0	0	0.0000	0.0000	0.0000
ENSG00000286171.1	AC073140.1	lncRNA	0	0	0	0.0000	0.0000	0.0000
ENSG00000286172.1	RNVU1-8	snRNA	0	0	0	0.0000	0.0000	0.0000
ENSG00000286173.1	AC006158.3	transcribed_unprocessed_pseudogene	0	0	0	0.0000	0.0000	0.0000
ENSG00000286174.1	AL596330.1	lncRNA	207	121	90	14.1762	4.1524	3.9985
ENSG00000286175.1	FAM246B	protein_coding	0	0	0	0.0000	0.0000	0.0000
ENSG00000286176.2	AC116317.1	lncRNA	8	552	527	0.2916	0.0854	0.0822
ENSG00000286177.1	AC011462.5	lncRNA	16	270	269	0.4679	0.1370	0.1320
ENSG00000286178.1	FP236383.12	TEC	0	0	0	0.0000	0.0000	0.0000
ENSG00000286179.1	AL139351.2	lncRNA	0	0	0	0.0000	0.0000	0.0000
ENSG00000286180.1	AC073140.2	lncRNA	2	1	1	0.1762	0.0516	0.0497
ENSG00000286181.1	AC232271.3	lncRNA	7	4	3	0.1419	0.0416	0.0400
ENSG00000286182.1	AC112172.2	lncRNA	0	0	0	0.0000	0.0000	0.0000
ENSG00000286183.1	AC124861.2	lncRNA	0	0	0	0.0000	0.0000	0.0000
ENSG00000286185.1	AC242842.3	protein_coding	0	0	0	0.0000	0.0000	0.0000
ENSG00000286186.1	AC018445.5	lncRNA	4	43	36	0.1138	0.0333	0.0321
ENSG00000286187.1	AC024236.1	lncRNA	0	0	0	0.0000	0.0000	0.0000
ENSG00000286188.1	AC023787.1	lncRNA	0	0	0	0.0000	0.0000	0.0000
ENSG00000286189.1	AC108021.1	lncRNA	1	0	1	0.1541	0.0451	0.0435
ENSG00000286190.2	AC055839.2	protein_coding	25	12	13	1.4153	0.4146	0.3992
ENSG00000286191.1	AL158195.1	lncRNA	0	0	0	0.0000	0.0000	0.0000
ENSG00000286192.1	AC069288.1	protein_coding	0	0	0	0.0000	0.0000	0.0000
ENSG00000286193.2	AC025449.2	lncRNA	2	1	2	0.0558	0.0163	0.0157
ENSG00000286194.1	AC138207.9	lncRNA	13	6	7	1.9001	0.5566	0.5359
ENSG00000286195.1	AC007666.2	lncRNA	2	1	1	0.1132	0.0332	0.0319
ENSG00000286196.1	AL162586.2	lncRNA	5	2	3	0.1821	0.0533	0.0514
ENSG00000286197.1	AC084364.3	lncRNA	0	0	0	0.0000	0.0000	0.0000
ENSG00000286198.1	AL606753.2	lncRNA	0	0	0	0.0000	0.0000	0.0000
ENSG00000286199.1	AC008281.1	lncRNA	0	0	0	0.0000	0.0000	0.0000
ENSG00000286201.1	AC011751.1	lncRNA	0	0	0	0.0000	0.0000	0.0000
ENSG00000286202.1	AC068616.1	lncRNA	0	0	0	0.0000	0.0000	0.0000
ENSG00000286203.1	AL158152.1	transcribed_unitary_pseudogene	0	0	0	0.0000	0.0000	0.0000
ENSG00000286204.1	AC025475.2	lncRNA	1	1	0	0.0847	0.0248	0.0239
ENSG00000286205.1	AC139887.5	lncRNA	0	0	0	0.0000	0.0000	0.0000
ENSG00000286206.1	AC097499.2	lncRNA	0	0	0	0.0000	0.0000	0.0000
ENSG00000286207.1	AC012443.2	lncRNA	13	173	165	0.2385	0.0699	0.0673
ENSG00000286208.1	AC093838.1	lncRNA	0	0	0	0.0000	0.0000	0.0000
ENSG00000286209.1	AC005252.4	lncRNA	0	0	0	0.0000	0.0000	0.0000
ENSG00000286210.1	AL161640.2	lncRNA	0	0	0	0.0000	0.0000	0.0000
ENSG00000286211.1	AC098817.1	lncRNA	0	0	0	0.0000	0.0000	0.0000
ENSG00000286212.2	AC097654.1	lncRNA	130	58	72	8.8958	2.6057	2.5091
ENSG00000286213.1	AC092803.2	lncRNA	0	0	0	0.0000	0.0000	0.0000
ENSG00000286214.1	AUXG01000058.1	lncRNA	18	11	8	0.1923	0.0563	0.0543
ENSG00000286215.1	AL356534.1	transcribed_processed_pseudogene	7	22	8	0.0159	0.0047	0.0045
ENSG00000286216.1	AC104335.1	lncRNA	1	1	0	0.0772	0.0226	0.0218
ENSG00000286217.2	LINC00279	lncRNA	0	0	0	0.0000	0.0000	0.0000
ENSG00000286218.2	AC005040.2	lncRNA	0	0	0	0.0000	0.0000	0.0000
ENSG00000286219.1	NOTCH2NLC	protein_coding	7	2	5	0.1113	0.0326	0.0314
ENSG00000286220.1	AC007546.3	transcribed_unprocessed_pseudogene	104	49	55	4.0071	1.1738	1.1302
ENSG00000286221.1	AC009070.1	protein_coding	0	0	0	0.0000	0.0000	0.0000
ENSG00000286222.1	AP001255.1	lncRNA	0	0	0	0.0000	0.0000	0.0000
ENSG00000286223.1	AC064836.3	lncRNA	12	308	312	0.9099	0.2665	0.2566
ENSG00000286224.1	AP000471.1	protein_coding	0	0	0	0.0000	0.0000	0.0000
ENSG00000286225.1	AC079163.2	lncRNA	1	2	1	0.0483	0.0141	0.0136
ENSG00000286226.1	AC093849.3	lncRNA	0	0	0	0.0000	0.0000	0.0000
ENSG00000286227.1	AC011754.2	lncRNA	0	0	0	0.0000	0.0000	0.0000
ENSG00000286228.1	SPDYE11	protein_coding	0	0	0	0.0000	0.0000	0.0000
ENSG00000286229.1	AL133335.1	lncRNA	0	0	0	0.0000	0.0000	0.0000
ENSG00000286230.1	AC010327.7	lncRNA	1	5	3	0.0424	0.0124	0.0120
ENSG00000286231.1	AL445423.3	protein_coding	0	0	0	0.0000	0.0000	0.0000
ENSG00000286232.1	AL365229.1	lncRNA	0	0	0	0.0000	0.0000	0.0000
ENSG00000286233.1	AC087885.1	lncRNA	0	0	0	0.0000	0.0000	0.0000
ENSG00000286234.1	AC079790.2	lncRNA	1	1	1	0.0646	0.0189	0.0182
ENSG00000286235.1	AL035461.3	protein_coding	0	0	0	0.0000	0.0000	0.0000
ENSG00000286236.1	AC018755.5	lncRNA	0	0	0	0.0000	0.0000	0.0000
ENSG00000286237.1	ARMCX5-GPRASP2	protein_coding	0	0	0	0.0000	0.0000	0.0000
ENSG00000286238.1	AC106821.2	lncRNA	0	0	0	0.0000	0.0000	0.0000
ENSG00000286239.1	AC093884.1	protein_coding	0	0	0	0.0000	0.0000	0.0000
ENSG00000286240.1	AL034422.1	lncRNA	3	2	3	0.1891	0.0554	0.0533
ENSG00000286241.1	AC080089.2	lncRNA	0	0	0	0.0000	0.0000	0.0000
ENSG00000286242.1	AC018797.3	lncRNA	5	2	3	0.5153	0.1509	0.1453
ENSG00000286243.1	AL442644.2	processed_pseudogene	0	0	0	0.0000	0.0000	0.0000
ENSG00000286244.1	AC073046.3	lncRNA	3	2	1	0.3956	0.1159	0.1116
ENSG00000286245.1	AC125437.3	lncRNA	1	0	1	0.0217	0.0064	0.0061
ENSG00000286246.1	AC130404.2	lncRNA	0	0	0	0.0000	0.0000	0.0000
ENSG00000286247.1	AC009494.2	lncRNA	0	0	0	0.0000	0.0000	0.0000
ENSG00000286248.1	AC069209.2	lncRNA	35	943	875	0.8307	0.2433	0.2343
ENSG00000286249.1	AC016743.1	lncRNA	0	0	0	0.0000	0.0000	0.0000
ENSG00000286250.1	AL161945.1	lncRNA	0	0	0	0.0000	0.0000	0.0000
ENSG00000286251.2	AC097528.1	lncRNA	0	0	0	0.0000	0.0000	0.0000
ENSG00000286252.1	FP671120.11	TEC	0	0	0	0.0000	0.0000	0.0000
ENSG00000286253.1	AC096763.1	lncRNA	0	0	0	0.0000	0.0000	0.0000
ENSG00000286254.1	AC091889.1	lncRNA	0	0	0	0.0000	0.0000	0.0000
ENSG00000286255.1	FO082796.2	unprocessed_pseudogene	0	0	0	0.0000	0.0000	0.0000
ENSG00000286256.2	AC084871.3	lncRNA	2	1	3	0.1078	0.0316	0.0304
ENSG00000286257.2	AL137100.3	lncRNA	0	0	0	0.0000	0.0000	0.0000
ENSG00000286258.1	AC089983.2	lncRNA	0	0	0	0.0000	0.0000	0.0000
ENSG00000286259.1	AC078820.2	lncRNA	16	50	39	0.4805	0.1407	0.1355
ENSG00000286260.1	AC092604.1	lncRNA	0	0	0	0.0000	0.0000	0.0000
ENSG00000286262.1	BX322557.2	lncRNA	0	0	0	0.0000	0.0000	0.0000
ENSG00000286263.1	AL391832.4	lncRNA	2	3	0	0.0470	0.0138	0.0133
ENSG00000286264.2	AP001453.3	protein_coding	6	5	2	0.3079	0.0902	0.0868
ENSG00000286266.1	AC104370.1	lncRNA	0	0	0	0.0000	0.0000	0.0000
ENSG00000286267.1	FP236383.13	TEC	0	0	0	0.0000	0.0000	0.0000
ENSG00000286268.1	AF196969.1	protein_coding	0	0	0	0.0000	0.0000	0.0000
ENSG00000286269.1	AC092661.1	lncRNA	0	0	0	0.0000	0.0000	0.0000
ENSG00000286270.2	AL591074.2	lncRNA	2	0	2	0.1327	0.0389	0.0374
ENSG00000286271.2	AC008945.2	lncRNA	1	1	0	0.0325	0.0095	0.0092
ENSG00000286272.1	AC093843.2	lncRNA	0	0	0	0.0000	0.0000	0.0000
ENSG00000286273.1	AC078816.1	lncRNA	0	0	0	0.0000	0.0000	0.0000
ENSG00000286274.1	AC008679.1	lncRNA	0	0	0	0.0000	0.0000	0.0000
ENSG00000286275.1	AC061979.1	lncRNA	0	0	0	0.0000	0.0000	0.0000
ENSG00000286276.1	AL390066.2	lncRNA	2	3	3	0.2280	0.0668	0.0643
ENSG00000286277.1	AL009177.1	lncRNA	3	3	0	0.1966	0.0576	0.0554
ENSG00000286278.1	AL136096.1	lncRNA	0	0	0	0.0000	0.0000	0.0000
ENSG00000286279.1	AC108721.2	lncRNA	0	0	0	0.0000	0.0000	0.0000
ENSG00000286280.1	AC108063.2	lncRNA	0	0	0	0.0000	0.0000	0.0000
ENSG00000286281.1	AL353152.2	lncRNA	0	0	0	0.0000	0.0000	0.0000
ENSG00000286282.1	AC021733.4	lncRNA	93	841	789	1.5377	0.4504	0.4337
ENSG00000286283.1	AC016383.3	lncRNA	0	0	0	0.0000	0.0000	0.0000
ENSG00000286284.1	AL590681.1	lncRNA	0	0	0	0.0000	0.0000	0.0000
ENSG00000286285.1	AL138778.1	lncRNA	0	0	0	0.0000	0.0000	0.0000
ENSG00000286286.1	AL158065.1	lncRNA	0	0	0	0.0000	0.0000	0.0000
ENSG00000286288.1	AL109809.4	lncRNA	5	5	0	0.0496	0.0145	0.0140
ENSG00000286289.1	AL133482.1	lncRNA	13	10	5	0.3057	0.0896	0.0862
ENSG00000286290.1	AC011593.1	lncRNA	0	0	0	0.0000	0.0000	0.0000
ENSG00000286291.1	AC004047.1	lncRNA	0	0	0	0.0000	0.0000	0.0000
ENSG00000286292.1	AC099343.3	lncRNA	1	0	1	0.0738	0.0216	0.0208
ENSG00000286293.1	AP005901.5	lncRNA	0	0	0	0.0000	0.0000	0.0000
ENSG00000286294.1	AC107398.5	lncRNA	0	0	0	0.0000	0.0000	0.0000
ENSG00000286295.1	AL450307.1	lncRNA	0	0	0	0.0000	0.0000	0.0000
ENSG00000286296.1	AC018445.6	lncRNA	0	0	0	0.0000	0.0000	0.0000
ENSG00000286297.1	AC006445.3	lncRNA	0	0	0	0.0000	0.0000	0.0000
ENSG00000286299.1	AL121938.1	lncRNA	1	0	1	0.0368	0.0108	0.0104
ENSG00000286300.1	AC007350.1	lncRNA	0	0	0	0.0000	0.0000	0.0000
ENSG00000286301.1	AL662873.1	lncRNA	0	0	0	0.0000	0.0000	0.0000
ENSG00000286302.1	AC084724.1	lncRNA	4	5	1	0.2447	0.0717	0.0690
ENSG00000286303.1	AC007528.1	lncRNA	0	0	0	0.0000	0.0000	0.0000
ENSG00000286305.1	AC004893.2	lncRNA	0	151	144	0.0000	0.0000	0.0000
ENSG00000286306.1	AL139811.1	lncRNA	0	0	0	0.0000	0.0000	0.0000
ENSG00000286307.1	AC017028.1	lncRNA	1	19	33	0.0338	0.0099	0.0095
ENSG00000286308.1	AC084114.1	lncRNA	0	0	0	0.0000	0.0000	0.0000
ENSG00000286309.1	AL160410.1	lncRNA	0	0	0	0.0000	0.0000	0.0000
ENSG00000286310.1	AC008443.6	lncRNA	0	0	0	0.0000	0.0000	0.0000
ENSG00000286311.1	AL034550.3	lncRNA	6	11	6	0.3445	0.1009	0.0972
ENSG00000286312.1	AL157769.1	lncRNA	0	171	146	0.0000	0.0000	0.0000
ENSG00000286313.1	AL360178.1	lncRNA	8	5	3	0.3191	0.0935	0.0900
ENSG00000286314.1	AC010359.3	lncRNA	3	3	0	0.0840	0.0246	0.0237
ENSG00000286315.1	AC087175.1	lncRNA	8	4	5	0.3755	0.1100	0.1059
ENSG00000286316.1	Z93020.1	lncRNA	0	0	0	0.0000	0.0000	0.0000
ENSG00000286317.1	AC117469.1	lncRNA	0	0	0	0.0000	0.0000	0.0000
ENSG00000286318.1	AC096576.7	lncRNA	0	0	0	0.0000	0.0000	0.0000
ENSG00000286319.1	AL135978.1	lncRNA	1	86	101	0.0397	0.0116	0.0112
ENSG00000286320.1	AC108053.1	lncRNA	6	3	3	0.1500	0.0439	0.0423
ENSG00000286321.1	AC093791.2	lncRNA	0	0	0	0.0000	0.0000	0.0000
ENSG00000286322.1	AL356218.2	lncRNA	0	0	0	0.0000	0.0000	0.0000
ENSG00000286323.1	AC004080.17	lncRNA	0	0	0	0.0000	0.0000	0.0000
ENSG00000286324.1	AL033381.3	lncRNA	0	0	0	0.0000	0.0000	0.0000
ENSG00000286325.1	AC124861.3	lncRNA	0	0	0	0.0000	0.0000	0.0000
ENSG00000286326.1	Z95115.2	lncRNA	16	16	9	0.9824	0.2878	0.2771
ENSG00000286327.1	AL035427.2	lncRNA	5	2	3	0.1271	0.0372	0.0358
ENSG00000286328.1	AC079052.1	lncRNA	0	0	0	0.0000	0.0000	0.0000
ENSG00000286329.1	AC108690.1	lncRNA	0	0	0	0.0000	0.0000	0.0000
ENSG00000286330.1	AL353660.1	lncRNA	2	1	1	0.0538	0.0157	0.0152
ENSG00000286331.1	AC011388.1	lncRNA	1	1	0	0.1685	0.0494	0.0475
ENSG00000286332.1	AL353637.2	lncRNA	0	0	0	0.0000	0.0000	0.0000
ENSG00000286333.1	AC004828.2	lncRNA	0	0	0	0.0000	0.0000	0.0000
ENSG00000286334.1	AL161430.1	lncRNA	0	0	0	0.0000	0.0000	0.0000
ENSG00000286335.1	AC009230.1	lncRNA	1	1	0	0.1066	0.0312	0.0301
ENSG00000286337.1	AC025370.2	lncRNA	23	11	13	3.1656	0.9273	0.8929
ENSG00000286338.1	AC099487.2	lncRNA	0	0	0	0.0000	0.0000	0.0000
ENSG00000286339.1	Z99496.1	lncRNA	7	18	27	0.6561	0.1922	0.1851
ENSG00000286340.1	AL356776.2	lncRNA	9	20	19	0.2164	0.0634	0.0611
ENSG00000286341.1	AP002762.3	lncRNA	0	0	0	0.0000	0.0000	0.0000
ENSG00000286342.1	AC073210.3	lncRNA	0	0	0	0.0000	0.0000	0.0000
ENSG00000286343.1	AL359436.1	lncRNA	2	1	1	0.2928	0.0858	0.0826
ENSG00000286344.1	AL357127.2	lncRNA	0	0	0	0.0000	0.0000	0.0000
ENSG00000286345.1	AP002001.3	lncRNA	0	0	0	0.0000	0.0000	0.0000
ENSG00000286346.1	AC021613.3	lncRNA	0	0	0	0.0000	0.0000	0.0000
ENSG00000286347.1	AC114802.1	lncRNA	0	0	0	0.0000	0.0000	0.0000
ENSG00000286348.1	AC084834.1	lncRNA	0	0	0	0.0000	0.0000	0.0000
ENSG00000286349.1	AC108471.3	lncRNA	2	1	1	0.1314	0.0385	0.0370
ENSG00000286350.1	AC091393.2	lncRNA	0	0	0	0.0000	0.0000	0.0000
ENSG00000286351.1	AC046129.1	lncRNA	0	0	0	0.0000	0.0000	0.0000
ENSG00000286352.1	AC104451.2	lncRNA	0	0	0	0.0000	0.0000	0.0000
ENSG00000286353.1	AC115282.1	lncRNA	0	0	0	0.0000	0.0000	0.0000
ENSG00000286354.1	AC079384.2	lncRNA	0	0	0	0.0000	0.0000	0.0000
ENSG00000286355.1	AL355834.2	lncRNA	0	0	0	0.0000	0.0000	0.0000
ENSG00000286356.1	AC135726.1	lncRNA	0	0	0	0.0000	0.0000	0.0000
ENSG00000286357.1	AC106742.1	lncRNA	0	3	1	0.0000	0.0000	0.0000
ENSG00000286358.1	AC096647.1	lncRNA	0	0	0	0.0000	0.0000	0.0000
ENSG00000286359.1	AL844892.1	lncRNA	0	0	0	0.0000	0.0000	0.0000
ENSG00000286360.1	AC107081.3	lncRNA	10	681	693	0.7077	0.2073	0.1996
ENSG00000286361.1	AC092944.3	lncRNA	0	0	0	0.0000	0.0000	0.0000
ENSG00000286362.1	AP005717.2	lncRNA	2	4	0	0.1638	0.0480	0.0462
ENSG00000286363.1	AC087427.1	lncRNA	0	0	0	0.0000	0.0000	0.0000
ENSG00000286364.1	AL512308.1	lncRNA	0	0	0	0.0000	0.0000	0.0000
ENSG00000286365.1	AP000553.9	lncRNA	0	0	0	0.0000	0.0000	0.0000
ENSG00000286366.1	AC005052.2	lncRNA	22	9	13	0.9313	0.2728	0.2627
ENSG00000286367.1	AC000072.1	lncRNA	0	2	8	0.0000	0.0000	0.0000
ENSG00000286368.1	AL031767.2	lncRNA	0	0	0	0.0000	0.0000	0.0000
ENSG00000286369.1	AP002813.1	lncRNA	9	6	3	1.2036	0.3526	0.3395
ENSG00000286370.1	AC064856.1	lncRNA	0	0	0	0.0000	0.0000	0.0000
ENSG00000286371.1	AC097450.1	lncRNA	0	0	0	0.0000	0.0000	0.0000
ENSG00000286372.1	AL449223.1	lncRNA	0	0	0	0.0000	0.0000	0.0000
ENSG00000286373.1	AC022387.2	lncRNA	18	5	14	0.6932	0.2031	0.1955
ENSG00000286374.1	AP001999.3	lncRNA	0	0	0	0.0000	0.0000	0.0000
ENSG00000286375.1	AL512590.3	lncRNA	4	0	4	0.2998	0.0878	0.0846
ENSG00000286376.1	AC006041.2	lncRNA	0	0	0	0.0000	0.0000	0.0000
ENSG00000286377.1	AC114964.2	lncRNA	1	1	0	0.0545	0.0160	0.0154
ENSG00000286378.1	AL713852.2	lncRNA	1	1	0	0.0249	0.0073	0.0070
ENSG00000286379.1	AL591845.1	lncRNA	2	0	2	0.0348	0.0102	0.0098
ENSG00000286380.1	AC084864.2	lncRNA	0	0	0	0.0000	0.0000	0.0000
ENSG00000286381.1	AL078622.1	lncRNA	2	1	2	0.0446	0.0131	0.0126
ENSG00000286382.1	AC090707.2	lncRNA	0	0	0	0.0000	0.0000	0.0000
ENSG00000286383.1	AC096645.1	lncRNA	12	5	7	1.3132	0.3847	0.3704
ENSG00000286384.1	AC019159.2	lncRNA	0	0	0	0.0000	0.0000	0.0000
ENSG00000286385.1	AL445255.1	lncRNA	0	0	0	0.0000	0.0000	0.0000
ENSG00000286386.1	AC005888.1	lncRNA	0	0	0	0.0000	0.0000	0.0000
ENSG00000286387.1	AC007432.1	lncRNA	0	0	0	0.0000	0.0000	0.0000
ENSG00000286388.1	AC026748.7	lncRNA	160	80	80	4.1149	1.2053	1.1606
ENSG00000286389.1	AL731702.1	lncRNA	8	4	4	0.1584	0.0464	0.0447
ENSG00000286390.1	AC002465.1	lncRNA	0	0	0	0.0000	0.0000	0.0000
ENSG00000286391.1	AL592078.2	lncRNA	0	0	0	0.0000	0.0000	0.0000
ENSG00000286393.1	Z97192.4	lncRNA	3	3	1	0.1387	0.0406	0.0391
ENSG00000286394.1	AC117373.2	lncRNA	0	0	0	0.0000	0.0000	0.0000
ENSG00000286395.1	AL158038.1	lncRNA	0	0	0	0.0000	0.0000	0.0000
ENSG00000286396.1	AC023049.1	unprocessed_pseudogene	1	0	1	0.7197	0.2108	0.2030
ENSG00000286397.1	AC115220.2	lncRNA	1	0	1	0.0888	0.0260	0.0251
ENSG00000286398.1	AL360013.3	lncRNA	0	0	0	0.0000	0.0000	0.0000
ENSG00000286399.1	AC104634.1	lncRNA	0	0	0	0.0000	0.0000	0.0000
ENSG00000286400.1	AC110926.1	lncRNA	0	0	0	0.0000	0.0000	0.0000
ENSG00000286401.1	AC069547.2	lncRNA	2	2	2	0.2585	0.0757	0.0729
ENSG00000286402.1	AC090629.1	lncRNA	0	0	0	0.0000	0.0000	0.0000
ENSG00000286403.1	AC010378.1	lncRNA	0	0	0	0.0000	0.0000	0.0000
ENSG00000286404.1	AC011228.2	lncRNA	0	0	0	0.0000	0.0000	0.0000
ENSG00000286405.1	AL132799.1	lncRNA	0	0	0	0.0000	0.0000	0.0000
ENSG00000286406.1	AC138776.1	transcribed_unprocessed_pseudogene	84	35	49	1.6944	0.4963	0.4779
ENSG00000286407.1	AC004863.1	lncRNA	0	0	0	0.0000	0.0000	0.0000
ENSG00000286408.1	AC113410.4	lncRNA	26	10	16	2.6634	0.7801	0.7512
ENSG00000286409.1	AL391839.3	lncRNA	2	1	1	0.1421	0.0416	0.0401
ENSG00000286410.1	AC089985.1	lncRNA	1	0	1	0.0507	0.0149	0.0143
ENSG00000286411.1	AC002458.1	lncRNA	0	0	0	0.0000	0.0000	0.0000
ENSG00000286412.1	AC007682.1	lncRNA	0	0	0	0.0000	0.0000	0.0000
ENSG00000286413.1	AL355501.1	lncRNA	0	0	0	0.0000	0.0000	0.0000
ENSG00000286414.1	AL390791.1	lncRNA	1	1	0	0.0588	0.0172	0.0166
ENSG00000286415.1	AC017050.1	lncRNA	1	1	0	0.0353	0.0103	0.0100
ENSG00000286416.1	AL442067.3	lncRNA	10	4	6	0.1798	0.0527	0.0507
ENSG00000286417.1	AL133334.1	lncRNA	0	18	16	0.0000	0.0000	0.0000
ENSG00000286418.1	AC018716.2	lncRNA	0	0	0	0.0000	0.0000	0.0000
ENSG00000286419.1	AC097637.3	lncRNA	0	0	0	0.0000	0.0000	0.0000
ENSG00000286420.1	AC093796.1	lncRNA	0	0	0	0.0000	0.0000	0.0000
ENSG00000286421.1	AL360013.4	lncRNA	0	0	0	0.0000	0.0000	0.0000
ENSG00000286422.2	AL445984.2	lncRNA	0	0	0	0.0000	0.0000	0.0000
ENSG00000286423.1	AC004817.5	lncRNA	5	1	4	0.0801	0.0234	0.0226
ENSG00000286424.1	AL157996.2	lncRNA	0	0	0	0.0000	0.0000	0.0000
ENSG00000286425.1	AL773573.1	lncRNA	0	0	0	0.0000	0.0000	0.0000
ENSG00000286426.1	AC090936.1	lncRNA	1	1	0	0.1046	0.0306	0.0295
ENSG00000286427.1	AC009486.2	lncRNA	32	17	20	1.5131	0.4432	0.4268
ENSG00000286428.1	AL161731.1	lncRNA	0	0	0	0.0000	0.0000	0.0000
ENSG00000286429.1	BX004807.1	lncRNA	0	0	0	0.0000	0.0000	0.0000
ENSG00000286430.1	AC020558.6	lncRNA	0	201	198	0.0000	0.0000	0.0000
ENSG00000286431.1	BX842570.1	lncRNA	27	31	29	0.7620	0.2232	0.2149
ENSG00000286432.1	AC109472.1	lncRNA	0	0	0	0.0000	0.0000	0.0000
ENSG00000286433.1	AL020997.4	lncRNA	0	46	46	0.0000	0.0000	0.0000
ENSG00000286434.1	AC007656.4	lncRNA	0	0	0	0.0000	0.0000	0.0000
ENSG00000286435.1	AC025048.7	lncRNA	0	7	11	0.0000	0.0000	0.0000
ENSG00000286436.1	AC099654.11	lncRNA	0	0	0	0.0000	0.0000	0.0000
ENSG00000286437.1	AF111169.4	lncRNA	0	58	54	0.0000	0.0000	0.0000
ENSG00000286438.1	AL591115.1	lncRNA	0	0	0	0.0000	0.0000	0.0000
ENSG00000286439.1	AL354916.1	lncRNA	0	0	0	0.0000	0.0000	0.0000
ENSG00000286440.1	Z97056.3	lncRNA	0	0	0	0.0000	0.0000	0.0000
ENSG00000286441.1	AC016575.2	lncRNA	0	0	0	0.0000	0.0000	0.0000
ENSG00000286442.1	AL512603.1	lncRNA	0	0	0	0.0000	0.0000	0.0000
ENSG00000286443.1	AC091178.2	lncRNA	5	2	3	0.3626	0.1062	0.1023
ENSG00000286444.1	AL035661.2	lncRNA	0	187	143	0.0000	0.0000	0.0000
ENSG00000286445.1	AL355334.2	lncRNA	16	12	5	1.3794	0.4041	0.3891
ENSG00000286446.1	AL353688.1	lncRNA	0	0	0	0.0000	0.0000	0.0000
ENSG00000286447.1	AC109782.1	lncRNA	0	0	0	0.0000	0.0000	0.0000
ENSG00000286448.1	AP006222.2	lncRNA	4	5	3	0.4615	0.1352	0.1302
ENSG00000286449.1	AC016590.4	lncRNA	0	0	0	0.0000	0.0000	0.0000
ENSG00000286450.1	AC021573.1	lncRNA	19	10	9	0.8228	0.2410	0.2321
ENSG00000286451.1	AL499602.1	lncRNA	20	12	8	1.3458	0.3942	0.3796
ENSG00000286452.1	AL355596.2	lncRNA	0	0	0	0.0000	0.0000	0.0000
ENSG00000286453.1	AC012081.2	lncRNA	0	0	0	0.0000	0.0000	0.0000
ENSG00000286454.1	AC091893.2	lncRNA	0	0	0	0.0000	0.0000	0.0000
ENSG00000286455.1	AL162400.3	lncRNA	0	3	4	0.0000	0.0000	0.0000
ENSG00000286456.1	AC016769.5	lncRNA	1	0	1	0.0661	0.0194	0.0186
ENSG00000286457.1	AC009560.3	lncRNA	0	0	0	0.0000	0.0000	0.0000
ENSG00000286458.1	AC083870.1	lncRNA	4	1	3	0.1434	0.0420	0.0405
ENSG00000286459.1	AP006287.3	lncRNA	0	1	0	0.0000	0.0000	0.0000
ENSG00000286460.1	AC006538.4	lncRNA	0	0	1	0.0000	0.0000	0.0000
ENSG00000286461.1	AC024730.1	lncRNA	0	0	0	0.0000	0.0000	0.0000
ENSG00000286462.1	AC092850.2	lncRNA	0	0	0	0.0000	0.0000	0.0000
ENSG00000286463.1	AP002755.1	lncRNA	0	0	0	0.0000	0.0000	0.0000
ENSG00000286464.1	AL583809.1	lncRNA	0	0	0	0.0000	0.0000	0.0000
ENSG00000286465.1	AC068408.2	lncRNA	0	0	0	0.0000	0.0000	0.0000
ENSG00000286466.1	AC069280.2	lncRNA	0	0	0	0.0000	0.0000	0.0000
ENSG00000286467.1	AC108052.1	lncRNA	1	0	1	0.0582	0.0170	0.0164
ENSG00000286468.1	AC010251.1	lncRNA	11	3	8	0.3913	0.1146	0.1104
ENSG00000286469.1	AL445668.1	lncRNA	0	0	0	0.0000	0.0000	0.0000
ENSG00000286470.1	AL034427.1	lncRNA	0	0	0	0.0000	0.0000	0.0000
ENSG00000286471.1	AC027250.2	lncRNA	2	0	2	0.0811	0.0238	0.0229
ENSG00000286472.1	AL035252.5	lncRNA	2	1	1	0.1017	0.0298	0.0287
ENSG00000286473.1	AC133485.7	lncRNA	1	0	1	0.0137	0.0040	0.0039
ENSG00000286474.1	AL355672.1	lncRNA	0	0	0	0.0000	0.0000	0.0000
ENSG00000286475.1	AL592156.1	lncRNA	0	0	0	0.0000	0.0000	0.0000
ENSG00000286476.1	AC079030.1	lncRNA	0	0	0	0.0000	0.0000	0.0000
ENSG00000286477.1	AC095038.4	lncRNA	0	0	0	0.0000	0.0000	0.0000
ENSG00000286478.1	AC007130.1	lncRNA	0	0	0	0.0000	0.0000	0.0000
ENSG00000286479.1	AL132718.1	lncRNA	0	0	0	0.0000	0.0000	0.0000
ENSG00000286480.1	AC009501.2	lncRNA	1	1	0	0.0725	0.0212	0.0205
ENSG00000286481.1	AC011246.1	lncRNA	1	1	0	0.0168	0.0049	0.0047
ENSG00000286482.1	AL117344.2	lncRNA	7	0	7	0.1550	0.0454	0.0437
ENSG00000286483.1	AL121762.1	lncRNA	0	0	0	0.0000	0.0000	0.0000
ENSG00000286484.1	AC021451.2	lncRNA	0	0	0	0.0000	0.0000	0.0000
ENSG00000286485.1	Z80897.1	lncRNA	2	499	490	0.0802	0.0235	0.0226
ENSG00000286486.1	AL590483.4	lncRNA	0	0	0	0.0000	0.0000	0.0000
ENSG00000286487.1	AC006398.1	lncRNA	0	0	0	0.0000	0.0000	0.0000
ENSG00000286488.1	AC103858.3	lncRNA	9	26	25	0.1912	0.0560	0.0539
ENSG00000286489.1	AC010789.2	lncRNA	0	58	55	0.0000	0.0000	0.0000
ENSG00000286490.1	AC067942.4	lncRNA	0	0	0	0.0000	0.0000	0.0000
ENSG00000286491.1	AL023553.1	lncRNA	0	0	0	0.0000	0.0000	0.0000
ENSG00000286492.1	AC117509.1	lncRNA	0	0	0	0.0000	0.0000	0.0000
ENSG00000286493.1	AC069214.1	lncRNA	0	0	0	0.0000	0.0000	0.0000
ENSG00000286494.1	AC022325.2	lncRNA	0	0	0	0.0000	0.0000	0.0000
ENSG00000286495.1	AC092079.2	lncRNA	0	0	0	0.0000	0.0000	0.0000
ENSG00000286496.1	AL359764.1	lncRNA	1	0	1	0.0146	0.0043	0.0041
ENSG00000286497.1	AP001924.2	lncRNA	0	0	0	0.0000	0.0000	0.0000
ENSG00000286498.1	AL132982.1	lncRNA	0	0	0	0.0000	0.0000	0.0000
ENSG00000286499.1	AP006219.2	lncRNA	0	0	0	0.0000	0.0000	0.0000
ENSG00000286500.1	AL512643.2	lncRNA	0	0	0	0.0000	0.0000	0.0000
ENSG00000286501.1	AC018545.1	lncRNA	0	0	0	0.0000	0.0000	0.0000
ENSG00000286502.1	AL645768.1	lncRNA	1	56	68	0.0190	0.0056	0.0053
ENSG00000286503.1	AC008462.1	lncRNA	2	1	1	0.2494	0.0731	0.0703
ENSG00000286504.1	AC092745.4	lncRNA	3	1	2	0.0780	0.0228	0.0220
ENSG00000286505.1	AC087468.2	lncRNA	1	1	0	0.0389	0.0114	0.0110
ENSG00000286506.1	FP325317.2	transcribed_unprocessed_pseudogene	0	0	0	0.0000	0.0000	0.0000
ENSG00000286507.1	AC004947.3	lncRNA	1	0	1	0.1385	0.0406	0.0391
ENSG00000286508.1	AC000050.2	lncRNA	0	0	0	0.0000	0.0000	0.0000
ENSG00000286509.1	AC026408.1	lncRNA	0	0	0	0.0000	0.0000	0.0000
ENSG00000286510.1	AC018695.8	lncRNA	0	0	0	0.0000	0.0000	0.0000
ENSG00000286511.1	Z95118.2	lncRNA	1	1	0	0.0338	0.0099	0.0095
ENSG00000286512.1	AL031768.2	lncRNA	4	3	1	0.0959	0.0281	0.0270
ENSG00000286513.1	AC010982.2	lncRNA	0	0	0	0.0000	0.0000	0.0000
ENSG00000286514.1	AL355870.2	lncRNA	0	0	0	0.0000	0.0000	0.0000
ENSG00000286515.1	AC142116.2	lncRNA	0	0	0	0.0000	0.0000	0.0000
ENSG00000286516.1	AC106719.1	lncRNA	0	0	0	0.0000	0.0000	0.0000
ENSG00000286517.1	AP000696.2	lncRNA	0	0	0	0.0000	0.0000	0.0000
ENSG00000286518.1	AL354743.1	lncRNA	0	0	0	0.0000	0.0000	0.0000
ENSG00000286519.1	AC009236.1	lncRNA	1	0	2	0.0670	0.0196	0.0189
ENSG00000286520.1	AC079851.1	lncRNA	0	0	0	0.0000	0.0000	0.0000
ENSG00000286521.1	AC107881.1	lncRNA	0	0	0	0.0000	0.0000	0.0000
ENSG00000286522.2	H3C2	protein_coding	0	0	0	0.0000	0.0000	0.0000
ENSG00000286523.1	AL022151.1	lncRNA	4	2	2	0.0543	0.0159	0.0153
ENSG00000286524.1	AC092567.2	lncRNA	1	1	0	0.0509	0.0149	0.0143
ENSG00000286525.1	AC023787.2	lncRNA	0	0	0	0.0000	0.0000	0.0000
ENSG00000286526.1	AC007652.2	lncRNA	0	0	0	0.0000	0.0000	0.0000
ENSG00000286527.1	AL161665.2	lncRNA	5	1	4	0.3256	0.0954	0.0918
ENSG00000286528.1	AC099506.3	lncRNA	0	0	0	0.0000	0.0000	0.0000
ENSG00000286529.1	AC090398.2	lncRNA	0	0	0	0.0000	0.0000	0.0000
ENSG00000286530.1	AC108057.1	lncRNA	0	0	0	0.0000	0.0000	0.0000
ENSG00000286531.1	AC097015.1	lncRNA	1	1	0	0.3758	0.1101	0.1060
ENSG00000286532.1	PARTICL	lncRNA	39	18	21	2.7485	0.8051	0.7752
ENSG00000286533.1	AL078604.4	lncRNA	0	0	0	0.0000	0.0000	0.0000
ENSG00000286534.1	AC021683.6	lncRNA	0	0	0	0.0000	0.0000	0.0000
ENSG00000286535.1	AC139019.1	lncRNA	15	43	35	0.3781	0.1108	0.1066
ENSG00000286536.1	AL591506.1	lncRNA	4	2	2	0.1208	0.0354	0.0341
ENSG00000286537.1	AL512655.1	lncRNA	0	0	0	0.0000	0.0000	0.0000
ENSG00000286538.1	AC008798.2	lncRNA	0	0	0	0.0000	0.0000	0.0000
ENSG00000286539.1	AC073973.1	lncRNA	0	0	0	0.0000	0.0000	0.0000
ENSG00000286540.1	AL096854.1	lncRNA	0	0	0	0.0000	0.0000	0.0000
ENSG00000286541.1	AC105941.1	lncRNA	0	0	0	0.0000	0.0000	0.0000
ENSG00000286542.1	AC124242.3	lncRNA	3	1	2	0.3529	0.1034	0.0995
ENSG00000286543.1	AC138409.3	lncRNA	0	0	0	0.0000	0.0000	0.0000
ENSG00000286544.1	AL359502.2	lncRNA	28	15	13	1.2384	0.3628	0.3493
ENSG00000286545.1	AC092645.2	lncRNA	43	31	20	0.9027	0.2644	0.2546
ENSG00000286546.1	AL079338.1	lncRNA	4	0	4	0.1479	0.0433	0.0417
ENSG00000286547.1	AL157938.4	lncRNA	0	0	0	0.0000	0.0000	0.0000
ENSG00000286548.1	AL596214.1	lncRNA	7	1	6	0.0952	0.0279	0.0268
ENSG00000286549.1	AP001631.2	lncRNA	3	1	2	0.4340	0.1271	0.1224
ENSG00000286550.1	AL591002.1	lncRNA	21	12	11	1.8366	0.5380	0.5180
ENSG00000286551.1	AL355836.2	lncRNA	0	0	0	0.0000	0.0000	0.0000
ENSG00000286552.1	AL390839.1	lncRNA	0	0	0	0.0000	0.0000	0.0000
ENSG00000286553.1	AL357075.2	lncRNA	0	1	0	0.0000	0.0000	0.0000
ENSG00000286554.1	AC021451.3	lncRNA	0	0	0	0.0000	0.0000	0.0000
ENSG00000286555.1	AP003065.1	lncRNA	19	365	347	1.9300	0.5653	0.5444
ENSG00000286556.1	AC091838.1	lncRNA	0	0	0	0.0000	0.0000	0.0000
ENSG00000286557.1	AC104088.2	lncRNA	0	0	0	0.0000	0.0000	0.0000
ENSG00000286558.1	AC098679.4	lncRNA	0	0	0	0.0000	0.0000	0.0000
ENSG00000286559.1	AC099845.1	lncRNA	0	0	0	0.0000	0.0000	0.0000
ENSG00000286561.1	AC011092.3	lncRNA	4	1	3	0.1830	0.0536	0.0516
ENSG00000286562.1	Z98742.4	lncRNA	1	0	1	0.1390	0.0407	0.0392
ENSG00000286563.1	AC078983.1	lncRNA	3	1	2	0.1462	0.0428	0.0412
ENSG00000286564.1	AL593844.1	lncRNA	0	0	0	0.0000	0.0000	0.0000
ENSG00000286565.1	AC006348.1	lncRNA	0	0	0	0.0000	0.0000	0.0000
ENSG00000286566.1	AC023511.3	lncRNA	0	0	0	0.0000	0.0000	0.0000
ENSG00000286567.1	AC092825.1	lncRNA	0	0	0	0.0000	0.0000	0.0000
ENSG00000286568.1	AC007879.5	lncRNA	0	0	0	0.0000	0.0000	0.0000
ENSG00000286569.1	AC245427.2	lncRNA	2	2	0	0.1316	0.0385	0.0371
ENSG00000286570.1	AC104304.3	lncRNA	0	0	0	0.0000	0.0000	0.0000
ENSG00000286571.1	AL359511.2	lncRNA	2	1	1	0.1055	0.0309	0.0298
ENSG00000286572.1	AL592146.2	lncRNA	3	2	1	0.0995	0.0291	0.0281
ENSG00000286573.1	AL136225.1	lncRNA	0	0	0	0.0000	0.0000	0.0000
ENSG00000286575.1	AL356608.3	lncRNA	0	8	4	0.0000	0.0000	0.0000
ENSG00000286576.1	AC121334.4	lncRNA	0	0	0	0.0000	0.0000	0.0000
ENSG00000286577.1	AC117528.1	lncRNA	0	0	0	0.0000	0.0000	0.0000
ENSG00000286578.1	AC092819.2	lncRNA	0	0	0	0.0000	0.0000	0.0000
ENSG00000286579.1	AC023483.1	lncRNA	7	6	1	0.4744	0.1390	0.1338
ENSG00000286580.1	AC034159.2	lncRNA	0	0	0	0.0000	0.0000	0.0000
ENSG00000286581.1	AL450992.3	lncRNA	0	0	0	0.0000	0.0000	0.0000
ENSG00000286582.1	AL161753.1	lncRNA	0	0	0	0.0000	0.0000	0.0000
ENSG00000286583.1	AC105101.2	lncRNA	1	0	1	0.0383	0.0112	0.0108
ENSG00000286584.2	AC023494.1	lncRNA	23	11	12	2.0867	0.6112	0.5886
ENSG00000286585.1	AC104472.4	lncRNA	23	12	11	2.2925	0.6715	0.6466
ENSG00000286586.1	AC084018.3	lncRNA	2	2	0	0.4112	0.1205	0.1160
ENSG00000286587.1	AL133335.2	lncRNA	0	0	0	0.0000	0.0000	0.0000
ENSG00000286588.1	AC104841.1	lncRNA	1	0	1	0.1525	0.0447	0.0430
ENSG00000286589.1	AC005697.3	lncRNA	0	25	27	0.0000	0.0000	0.0000
ENSG00000286590.1	AL132775.1	lncRNA	0	0	0	0.0000	0.0000	0.0000
ENSG00000286591.1	AC006197.2	lncRNA	0	0	0	0.0000	0.0000	0.0000
ENSG00000286592.1	LINC02885	lncRNA	1	0	1	0.0250	0.0073	0.0070
ENSG00000286593.1	AP006261.1	lncRNA	3	2	1	0.0999	0.0293	0.0282
ENSG00000286594.1	AL133493.2	lncRNA	0	0	0	0.0000	0.0000	0.0000
ENSG00000286595.1	AL512358.1	lncRNA	0	0	0	0.0000	0.0000	0.0000
ENSG00000286596.1	AC098595.1	lncRNA	15	575	646	0.5432	0.1591	0.1532
ENSG00000286597.1	AL645507.1	lncRNA	0	0	0	0.0000	0.0000	0.0000
ENSG00000286598.1	AC100756.3	lncRNA	0	0	0	0.0000	0.0000	0.0000
ENSG00000286599.1	AC110611.1	lncRNA	54	371	341	1.5748	0.4613	0.4442
ENSG00000286600.1	AC119427.2	lncRNA	0	0	0	0.0000	0.0000	0.0000
ENSG00000286601.1	AC007563.3	lncRNA	0	0	0	0.0000	0.0000	0.0000
ENSG00000286602.1	AC021660.4	lncRNA	18	10	8	2.2645	0.6633	0.6387
ENSG00000286603.1	AC012101.1	lncRNA	0	0	0	0.0000	0.0000	0.0000
ENSG00000286604.1	AC007100.2	lncRNA	0	0	0	0.0000	0.0000	0.0000
ENSG00000286605.1	AC115100.1	lncRNA	0	0	0	0.0000	0.0000	0.0000
ENSG00000286606.1	AC097468.3	lncRNA	1	28	35	0.0672	0.0197	0.0190
ENSG00000286607.1	AL135818.3	lncRNA	0	0	0	0.0000	0.0000	0.0000
ENSG00000286608.1	AC010201.3	lncRNA	4	2	2	0.2908	0.0852	0.0820
ENSG00000286609.1	AL589166.1	lncRNA	0	0	0	0.0000	0.0000	0.0000
ENSG00000286610.1	AL356433.1	lncRNA	2	1	1	0.1245	0.0365	0.0351
ENSG00000286611.1	AC007405.4	lncRNA	0	0	0	0.0000	0.0000	0.0000
ENSG00000286612.1	AL353774.1	lncRNA	0	0	0	0.0000	0.0000	0.0000
ENSG00000286613.1	AC006213.7	lncRNA	6	4	2	0.5857	0.1715	0.1652
ENSG00000286614.1	AL589182.3	transcribed_unprocessed_pseudogene	1	0	1	0.0396	0.0116	0.0112
ENSG00000286615.1	AC011416.4	lncRNA	8	4	5	0.0941	0.0276	0.0265
ENSG00000286616.1	AL008730.1	lncRNA	2	1	1	0.0872	0.0255	0.0246
ENSG00000286617.1	AC084167.1	lncRNA	0	0	0	0.0000	0.0000	0.0000
ENSG00000286618.1	AC131944.1	lncRNA	0	112	104	0.0000	0.0000	0.0000
ENSG00000286619.1	AC119673.2	lncRNA	67	34	33	0.9133	0.2675	0.2576
ENSG00000286620.1	AC239860.3	TEC	1	0	1	0.0384	0.0113	0.0108
ENSG00000286621.1	AC064843.1	lncRNA	0	0	0	0.0000	0.0000	0.0000
ENSG00000286622.1	AC034111.2	lncRNA	1	1	0	0.0288	0.0084	0.0081
ENSG00000286623.1	AC005041.4	lncRNA	0	40	43	0.0000	0.0000	0.0000
ENSG00000286624.1	AC069421.2	lncRNA	0	0	0	0.0000	0.0000	0.0000
ENSG00000286625.1	AC113370.1	lncRNA	1	1	0	0.0263	0.0077	0.0074
ENSG00000286626.1	AC090469.1	lncRNA	1	1	1	0.0728	0.0213	0.0205
ENSG00000286627.1	AP005900.1	lncRNA	1	0	1	0.0262	0.0077	0.0074
ENSG00000286628.1	AL096828.5	lncRNA	0	0	0	0.0000	0.0000	0.0000
ENSG00000286629.1	AC005803.1	lncRNA	1	13	8	0.0592	0.0173	0.0167
ENSG00000286630.1	AL133240.2	lncRNA	0	0	0	0.0000	0.0000	0.0000
ENSG00000286631.1	AL133405.1	lncRNA	0	0	0	0.0000	0.0000	0.0000
ENSG00000286632.1	AC008751.3	lncRNA	0	0	0	0.0000	0.0000	0.0000
ENSG00000286633.1	AL160400.1	lncRNA	2	8	5	0.2241	0.0656	0.0632
ENSG00000286634.1	AC146507.3	lncRNA	3	2	1	0.2080	0.0609	0.0587
ENSG00000286635.1	AC006112.1	lncRNA	2	1	1	0.0594	0.0174	0.0167
ENSG00000286636.1	AL512356.4	lncRNA	0	9	12	0.0000	0.0000	0.0000
ENSG00000286637.1	AC093765.2	lncRNA	0	0	0	0.0000	0.0000	0.0000
ENSG00000286638.1	AC123595.2	lncRNA	1	1	1	0.0619	0.0181	0.0175
ENSG00000286639.1	AC004879.1	lncRNA	0	0	0	0.0000	0.0000	0.0000
ENSG00000286640.1	AC093151.5	transcribed_unprocessed_pseudogene	0	0	0	0.0000	0.0000	0.0000
ENSG00000286641.1	AC108073.3	lncRNA	0	0	0	0.0000	0.0000	0.0000
ENSG00000286642.1	AC091646.1	lncRNA	1	0	1	0.0190	0.0056	0.0054
ENSG00000286643.1	AP000248.1	lncRNA	0	0	0	0.0000	0.0000	0.0000
ENSG00000286644.1	AC008443.7	lncRNA	1	0	1	0.1454	0.0426	0.0410
ENSG00000286645.1	AC013267.1	lncRNA	0	3	0	0.0000	0.0000	0.0000
ENSG00000286646.1	AL121933.2	lncRNA	11	5	6	0.8523	0.2497	0.2404
ENSG00000286647.1	AC008459.1	lncRNA	0	0	0	0.0000	0.0000	0.0000
ENSG00000286648.1	AC068931.1	lncRNA	0	0	0	0.0000	0.0000	0.0000
ENSG00000286649.1	AC006566.2	lncRNA	0	0	0	0.0000	0.0000	0.0000
ENSG00000286650.1	AL139234.1	lncRNA	1	0	1	0.0892	0.0261	0.0252
ENSG00000286651.2	PRSS43P	transcribed_unitary_pseudogene	1	1	0	0.0509	0.0149	0.0143
ENSG00000286652.1	AL021918.5	lncRNA	4	3	2	0.1545	0.0452	0.0436
ENSG00000286653.1	AC092125.2	lncRNA	0	0	0	0.0000	0.0000	0.0000
ENSG00000286654.1	AC092636.1	lncRNA	4	3	1	0.1152	0.0338	0.0325
ENSG00000286655.1	AL158011.1	lncRNA	2	1	1	0.0740	0.0217	0.0209
ENSG00000286656.1	AC008875.2	lncRNA	2	2	0	0.1225	0.0359	0.0346
ENSG00000286657.1	AC008453.2	lncRNA	0	0	0	0.0000	0.0000	0.0000
ENSG00000286658.1	AC005153.1	lncRNA	0	0	0	0.0000	0.0000	0.0000
ENSG00000286659.1	Z99716.2	lncRNA	9	8	4	1.4153	0.4146	0.3992
ENSG00000286660.1	AC068633.2	lncRNA	0	0	0	0.0000	0.0000	0.0000
ENSG00000286661.1	AC092933.2	lncRNA	0	0	0	0.0000	0.0000	0.0000
ENSG00000286662.2	AC087894.3	lncRNA	2	0	2	0.0285	0.0084	0.0080
ENSG00000286663.1	AL513524.1	lncRNA	0	0	0	0.0000	0.0000	0.0000
ENSG00000286664.1	AC104689.2	lncRNA	0	0	0	0.0000	0.0000	0.0000
ENSG00000286665.1	AP000648.9	lncRNA	0	0	0	0.0000	0.0000	0.0000
ENSG00000286666.1	AL663058.2	lncRNA	0	0	0	0.0000	0.0000	0.0000
ENSG00000286667.1	AC010641.2	lncRNA	2	1	1	0.0763	0.0223	0.0215
ENSG00000286668.1	AL391730.2	lncRNA	0	0	0	0.0000	0.0000	0.0000
ENSG00000286669.1	AC008532.1	lncRNA	2	4	9	0.2704	0.0792	0.0763
ENSG00000286670.1	AL450467.1	lncRNA	2	198	177	0.1544	0.0452	0.0435
ENSG00000286671.1	AC025253.2	lncRNA	1	0	1	0.0901	0.0264	0.0254
ENSG00000286672.1	AL096712.2	lncRNA	4	2	2	0.1546	0.0453	0.0436
ENSG00000286674.1	AL121935.3	lncRNA	0	0	0	0.0000	0.0000	0.0000
ENSG00000286675.1	AC068700.2	lncRNA	0	0	0	0.0000	0.0000	0.0000
ENSG00000286676.1	ACTBP4	processed_pseudogene	6	4	2	0.4762	0.1395	0.1343
ENSG00000286677.1	AP006545.3	lncRNA	2	2	0	0.1128	0.0330	0.0318
ENSG00000286678.1	AC007649.1	lncRNA	0	0	0	0.0000	0.0000	0.0000
ENSG00000286679.1	AC073225.1	lncRNA	0	0	0	0.0000	0.0000	0.0000
ENSG00000286680.1	AL713998.3	lncRNA	0	0	0	0.0000	0.0000	0.0000
ENSG00000286681.1	AF235103.3	lncRNA	20	12	8	0.4062	0.1190	0.1146
ENSG00000286682.1	AC025262.3	lncRNA	0	0	0	0.0000	0.0000	0.0000
ENSG00000286683.1	AL512424.1	lncRNA	0	0	0	0.0000	0.0000	0.0000
ENSG00000286684.1	AL358976.1	lncRNA	0	0	0	0.0000	0.0000	0.0000
ENSG00000286685.1	AL158077.2	lncRNA	0	0	1	0.0000	0.0000	0.0000
ENSG00000286686.1	AL136040.2	lncRNA	0	0	0	0.0000	0.0000	0.0000
ENSG00000286687.1	AC022535.2	lncRNA	0	0	0	0.0000	0.0000	0.0000
ENSG00000286688.1	AP002748.6	lncRNA	1	134	106	0.0446	0.0131	0.0126
ENSG00000286689.1	AC090946.1	lncRNA	8	4	4	0.6120	0.1793	0.1726
ENSG00000286690.1	AC011351.1	lncRNA	0	0	0	0.0000	0.0000	0.0000
ENSG00000286691.1	AL590009.1	lncRNA	3	3	0	0.1644	0.0481	0.0464
ENSG00000286692.1	AC118469.2	lncRNA	0	0	0	0.0000	0.0000	0.0000
ENSG00000286693.1	AC105230.1	lncRNA	0	0	0	0.0000	0.0000	0.0000
ENSG00000286694.1	AL161935.3	lncRNA	10	6	4	0.4322	0.1266	0.1219
ENSG00000286695.1	AC026316.5	lncRNA	23	5	18	1.0954	0.3209	0.3090
ENSG00000286696.1	AC090826.3	lncRNA	7	6	1	0.3530	0.1034	0.0996
ENSG00000286697.1	AC092623.1	lncRNA	0	0	0	0.0000	0.0000	0.0000
ENSG00000286698.1	AC027612.3	lncRNA	0	0	0	0.0000	0.0000	0.0000
ENSG00000286699.1	AC084198.2	lncRNA	57	35	24	2.8406	0.8321	0.8012
ENSG00000286700.1	AC108075.1	lncRNA	0	0	0	0.0000	0.0000	0.0000
ENSG00000286701.1	AC044893.2	lncRNA	0	0	0	0.0000	0.0000	0.0000
ENSG00000286703.1	AC005682.2	lncRNA	1	1	0	0.0352	0.0103	0.0099
ENSG00000286704.1	AP001803.10	unprocessed_pseudogene	0	0	0	0.0000	0.0000	0.0000
ENSG00000286705.1	AC079140.6	lncRNA	6	2	4	0.4501	0.1318	0.1270
ENSG00000286707.1	AC010896.1	lncRNA	3	2	1	0.0916	0.0268	0.0258
ENSG00000286708.1	AP003783.1	lncRNA	0	0	0	0.0000	0.0000	0.0000
ENSG00000286709.1	AL138997.1	lncRNA	0	0	0	0.0000	0.0000	0.0000
ENSG00000286710.1	AC188617.1	lncRNA	0	0	0	0.0000	0.0000	0.0000
ENSG00000286711.1	AC105343.2	lncRNA	0	0	0	0.0000	0.0000	0.0000
ENSG00000286712.1	AC002331.1	lncRNA	0	0	0	0.0000	0.0000	0.0000
ENSG00000286713.1	AC113348.3	lncRNA	1	0	1	0.0518	0.0152	0.0146
ENSG00000286714.1	AC093001.2	lncRNA	2	2	0	0.2888	0.0846	0.0815
ENSG00000286715.1	AL589863.2	lncRNA	3	1	2	0.3205	0.0939	0.0904
ENSG00000286716.1	AC108452.1	lncRNA	0	0	0	0.0000	0.0000	0.0000
ENSG00000286717.1	AP001407.1	lncRNA	0	0	0	0.0000	0.0000	0.0000
ENSG00000286718.1	AC007066.3	lncRNA	0	0	0	0.0000	0.0000	0.0000
ENSG00000286719.1	AL391811.1	lncRNA	0	0	0	0.0000	0.0000	0.0000
ENSG00000286720.1	AC097375.5	lncRNA	0	0	0	0.0000	0.0000	0.0000
ENSG00000286721.1	AC010623.1	lncRNA	1	1	0	0.0381	0.0111	0.0107
ENSG00000286722.1	AC009244.1	lncRNA	0	6	7	0.0000	0.0000	0.0000
ENSG00000286723.1	AL021368.5	lncRNA	0	0	0	0.0000	0.0000	0.0000
ENSG00000286724.1	AL732509.1	lncRNA	18	7	11	0.2906	0.0851	0.0820
ENSG00000286725.1	AC018706.1	lncRNA	0	0	0	0.0000	0.0000	0.0000
ENSG00000286727.1	AC123786.3	lncRNA	0	0	0	0.0000	0.0000	0.0000
ENSG00000286728.1	AC009236.2	lncRNA	0	0	0	0.0000	0.0000	0.0000
ENSG00000286729.1	AC137695.3	lncRNA	15	43	52	1.2367	0.3623	0.3488
ENSG00000286730.1	AL365295.2	lncRNA	0	0	0	0.0000	0.0000	0.0000
ENSG00000286731.1	AP001360.2	lncRNA	0	0	0	0.0000	0.0000	0.0000
ENSG00000286732.1	AC091181.2	lncRNA	22	11	16	1.8370	0.5381	0.5181
ENSG00000286733.1	LINC02348	lncRNA	0	0	0	0.0000	0.0000	0.0000
ENSG00000286734.1	AC133530.1	lncRNA	0	0	0	0.0000	0.0000	0.0000
ENSG00000286735.1	AC126182.3	lncRNA	1	0	1	0.0579	0.0170	0.0163
ENSG00000286736.1	AC005753.2	lncRNA	0	0	0	0.0000	0.0000	0.0000
ENSG00000286737.1	AC092168.3	lncRNA	0	0	0	0.0000	0.0000	0.0000
ENSG00000286738.1	AC073968.2	lncRNA	1	1	1	0.0903	0.0265	0.0255
ENSG00000286739.1	AC007387.1	lncRNA	0	0	1	0.0000	0.0000	0.0000
ENSG00000286740.1	AL353612.2	lncRNA	0	0	0	0.0000	0.0000	0.0000
ENSG00000286741.1	AC008766.1	lncRNA	0	0	0	0.0000	0.0000	0.0000
ENSG00000286742.1	AC000065.1	lncRNA	4	3	1	0.0849	0.0249	0.0239
ENSG00000286743.1	AC127540.2	lncRNA	2	2	0	0.0778	0.0228	0.0219
ENSG00000286744.1	AC009947.3	unprocessed_pseudogene	0	0	0	0.0000	0.0000	0.0000
ENSG00000286745.1	AC114311.1	lncRNA	0	0	1	0.0000	0.0000	0.0000
ENSG00000286746.1	AL590807.1	lncRNA	0	0	0	0.0000	0.0000	0.0000
ENSG00000286747.1	AL627095.2	lncRNA	1	1	0	0.0983	0.0288	0.0277
ENSG00000286748.1	AC145625.2	lncRNA	0	0	0	0.0000	0.0000	0.0000
ENSG00000286749.1	AC008571.2	lncRNA	0	0	0	0.0000	0.0000	0.0000
ENSG00000286750.1	AC015802.7	lncRNA	0	0	0	0.0000	0.0000	0.0000
ENSG00000286751.1	AC140168.1	lncRNA	1	0	1	0.0874	0.0256	0.0246
ENSG00000286752.1	AC022509.5	lncRNA	0	0	0	0.0000	0.0000	0.0000
ENSG00000286753.1	AC091978.1	lncRNA	28	10	18	1.2436	0.3643	0.3508
ENSG00000286754.1	AL031290.1	lncRNA	0	0	0	0.0000	0.0000	0.0000
ENSG00000286755.1	AC135893.1	lncRNA	6	30	23	0.3987	0.1168	0.1125
ENSG00000286756.1	AP000769.6	lncRNA	0	0	0	0.0000	0.0000	0.0000
ENSG00000286757.2	AL137139.2	lncRNA	7	50	52	0.0668	0.0196	0.0188
ENSG00000286758.1	AL445438.1	lncRNA	0	0	0	0.0000	0.0000	0.0000
ENSG00000286759.1	AC092718.9	lncRNA	0	8	7	0.0000	0.0000	0.0000
ENSG00000286760.1	AL022069.3	lncRNA	78	43	35	1.6967	0.4970	0.4786
ENSG00000286761.1	AC112242.2	lncRNA	0	0	0	0.0000	0.0000	0.0000
ENSG00000286763.1	AC012533.1	lncRNA	0	0	0	0.0000	0.0000	0.0000
ENSG00000286764.1	AC188617.2	lncRNA	1	0	1	0.0372	0.0109	0.0105
ENSG00000286765.1	AP005899.2	lncRNA	0	0	0	0.0000	0.0000	0.0000
ENSG00000286766.1	AC091010.1	lncRNA	0	0	0	0.0000	0.0000	0.0000
ENSG00000286767.1	AL023877.1	lncRNA	0	0	0	0.0000	0.0000	0.0000
ENSG00000286769.1	AC064869.1	lncRNA	0	0	0	0.0000	0.0000	0.0000
ENSG00000286770.1	AC100825.1	lncRNA	0	0	0	0.0000	0.0000	0.0000
ENSG00000286771.1	AC097658.3	lncRNA	3	2	1	0.1923	0.0563	0.0542
ENSG00000286772.1	AC009410.1	lncRNA	0	0	0	0.0000	0.0000	0.0000
ENSG00000286773.1	AL353593.3	lncRNA	0	0	0	0.0000	0.0000	0.0000
ENSG00000286774.1	AL122003.2	lncRNA	0	0	0	0.0000	0.0000	0.0000
ENSG00000286775.1	AL355526.2	lncRNA	0	0	0	0.0000	0.0000	0.0000
ENSG00000286776.1	AC093610.1	lncRNA	0	0	0	0.0000	0.0000	0.0000
ENSG00000286777.1	AC012301.2	lncRNA	1	1	0	0.1082	0.0317	0.0305
ENSG00000286778.1	AC013265.1	lncRNA	0	0	0	0.0000	0.0000	0.0000
ENSG00000286779.1	AL139081.2	lncRNA	0	0	0	0.0000	0.0000	0.0000
ENSG00000286780.1	AL139379.1	lncRNA	0	0	0	0.0000	0.0000	0.0000
ENSG00000286781.1	AC099332.1	lncRNA	6	3	3	0.3558	0.1042	0.1004
ENSG00000286782.1	AL355377.3	lncRNA	3	1	2	0.1274	0.0373	0.0359
ENSG00000286784.1	AC116611.1	lncRNA	0	0	0	0.0000	0.0000	0.0000
ENSG00000286785.1	LINC01622	lncRNA	1	0	1	0.0149	0.0044	0.0042
ENSG00000286786.1	AC116158.3	lncRNA	12	44	42	0.1580	0.0463	0.0446
ENSG00000286787.1	AL110114.1	lncRNA	14	9	5	0.1578	0.0462	0.0445
ENSG00000286788.1	AC004687.3	lncRNA	0	0	0	0.0000	0.0000	0.0000
ENSG00000286789.1	AL161645.2	lncRNA	0	0	0	0.0000	0.0000	0.0000
ENSG00000286790.1	AC010494.1	lncRNA	0	9	2	0.0000	0.0000	0.0000
ENSG00000286791.1	AC079949.5	lncRNA	0	0	0	0.0000	0.0000	0.0000
ENSG00000286792.1	AC005703.6	lncRNA	0	0	0	0.0000	0.0000	0.0000
ENSG00000286793.1	CR848007.3	transcribed_unprocessed_pseudogene	0	0	0	0.0000	0.0000	0.0000
ENSG00000286794.1	Z70719.1	lncRNA	0	0	0	0.0000	0.0000	0.0000
ENSG00000286795.1	AL161652.1	lncRNA	0	0	0	0.0000	0.0000	0.0000
ENSG00000286796.1	AC010883.2	lncRNA	4	2	2	0.1381	0.0404	0.0389
ENSG00000286797.1	AC009315.1	lncRNA	12	10	2	0.2875	0.0842	0.0811
ENSG00000286798.1	AC022832.2	lncRNA	0	0	0	0.0000	0.0000	0.0000
ENSG00000286799.1	AC124066.1	lncRNA	1	1	1	0.1394	0.0408	0.0393
ENSG00000286800.1	AC090348.1	lncRNA	0	0	0	0.0000	0.0000	0.0000
ENSG00000286801.1	BX546033.1	lncRNA	0	0	0	0.0000	0.0000	0.0000
ENSG00000286802.1	AC104459.1	lncRNA	0	0	0	0.0000	0.0000	0.0000
ENSG00000286803.1	AL109824.1	lncRNA	1	104	116	0.1422	0.0417	0.0401
ENSG00000286804.1	AC025871.3	lncRNA	4	4	1	0.4097	0.1200	0.1156
ENSG00000286805.1	AL138716.1	lncRNA	0	0	0	0.0000	0.0000	0.0000
ENSG00000286806.1	AC080005.1	lncRNA	0	0	0	0.0000	0.0000	0.0000
ENSG00000286807.1	AC093639.2	lncRNA	2	1	1	0.0598	0.0175	0.0169
ENSG00000286808.1	AC092338.3	lncRNA	9	140	139	0.4525	0.1325	0.1276
ENSG00000286809.1	AC008964.1	lncRNA	4	2	2	0.2511	0.0735	0.0708
ENSG00000286810.1	AL513128.3	lncRNA	2	1	2	0.0989	0.0290	0.0279
ENSG00000286811.1	AL353138.1	lncRNA	43	17	26	4.5474	1.3320	1.2826
ENSG00000286812.1	AP001120.5	lncRNA	0	0	0	0.0000	0.0000	0.0000
ENSG00000286813.1	AC015871.6	lncRNA	2	0	2	0.0774	0.0227	0.0218
ENSG00000286815.1	AP005242.5	lncRNA	0	0	0	0.0000	0.0000	0.0000
ENSG00000286816.1	AP005273.2	lncRNA	0	0	0	0.0000	0.0000	0.0000
ENSG00000286817.1	AC105339.6	lncRNA	1	7	3	0.0705	0.0207	0.0199
ENSG00000286818.1	AC008496.3	lncRNA	7	6	1	0.1466	0.0429	0.0413
ENSG00000286819.1	Z98745.1	lncRNA	0	0	0	0.0000	0.0000	0.0000
ENSG00000286820.1	AL590027.1	lncRNA	0	0	0	0.0000	0.0000	0.0000
ENSG00000286821.1	AC019193.4	lncRNA	0	0	0	0.0000	0.0000	0.0000
ENSG00000286822.1	AC112504.3	lncRNA	0	0	0	0.0000	0.0000	0.0000
ENSG00000286823.1	AL583829.1	lncRNA	0	0	0	0.0000	0.0000	0.0000
ENSG00000286824.1	AL353704.2	lncRNA	0	0	0	0.0000	0.0000	0.0000
ENSG00000286825.1	AL096870.10	lncRNA	0	0	1	0.0000	0.0000	0.0000
ENSG00000286826.1	AL136129.1	lncRNA	3	1	2	0.1401	0.0410	0.0395
ENSG00000286827.1	AC072026.2	lncRNA	0	0	0	0.0000	0.0000	0.0000
ENSG00000286828.1	AC008883.3	lncRNA	5	4	1	0.1768	0.0518	0.0499
ENSG00000286829.1	AC093798.1	lncRNA	0	0	0	0.0000	0.0000	0.0000
ENSG00000286830.1	AC105052.5	lncRNA	24	11	13	1.5255	0.4468	0.4303
ENSG00000286831.1	AC244472.1	lncRNA	2	2	0	0.0834	0.0244	0.0235
ENSG00000286832.1	AL157831.3	lncRNA	0	0	0	0.0000	0.0000	0.0000
ENSG00000286833.1	AC097532.3	lncRNA	3	3	0	0.1663	0.0487	0.0469
ENSG00000286834.1	AL360020.1	lncRNA	1	1	0	0.0219	0.0064	0.0062
ENSG00000286835.1	AL133477.1	lncRNA	4	1	3	0.5194	0.1521	0.1465
ENSG00000286836.1	AC092844.1	lncRNA	1	0	1	0.0689	0.0202	0.0194
ENSG00000286837.1	AC087533.1	lncRNA	0	58	66	0.0000	0.0000	0.0000
ENSG00000286838.1	AL356379.2	lncRNA	0	0	0	0.0000	0.0000	0.0000
ENSG00000286839.1	AC093240.1	lncRNA	0	0	0	0.0000	0.0000	0.0000
ENSG00000286840.1	AL451127.2	lncRNA	0	0	0	0.0000	0.0000	0.0000
ENSG00000286841.1	AC010528.2	lncRNA	0	0	0	0.0000	0.0000	0.0000
ENSG00000286842.1	AL353752.2	lncRNA	1	1	0	0.0484	0.0142	0.0136
ENSG00000286843.1	AL160159.1	lncRNA	0	0	0	0.0000	0.0000	0.0000
ENSG00000286844.1	AC068688.1	lncRNA	0	0	0	0.0000	0.0000	0.0000
ENSG00000286845.1	AC007343.1	lncRNA	0	0	0	0.0000	0.0000	0.0000
ENSG00000286846.1	Z93943.1	lncRNA	1	1	0	0.0229	0.0067	0.0064
ENSG00000286847.1	AC007036.5	lncRNA	0	8	6	0.0000	0.0000	0.0000
ENSG00000286848.1	AC009570.2	lncRNA	1	486	493	0.1043	0.0306	0.0294
ENSG00000286849.1	AC009152.6	lncRNA	9	3	6	0.4756	0.1393	0.1341
ENSG00000286850.1	AL358232.2	lncRNA	0	0	0	0.0000	0.0000	0.0000
ENSG00000286851.1	AC097517.1	lncRNA	0	0	0	0.0000	0.0000	0.0000
ENSG00000286852.1	AP000696.3	lncRNA	0	0	0	0.0000	0.0000	0.0000
ENSG00000286853.1	AC008786.1	lncRNA	0	0	0	0.0000	0.0000	0.0000
ENSG00000286854.1	AC079382.2	lncRNA	0	0	0	0.0000	0.0000	0.0000
ENSG00000286855.1	AC074024.1	lncRNA	5	3	2	0.2863	0.0839	0.0808
ENSG00000286856.1	AC061708.1	lncRNA	5	2	3	0.9373	0.2746	0.2644
ENSG00000286857.1	AC007463.2	lncRNA	0	0	0	0.0000	0.0000	0.0000
ENSG00000286858.1	AL355361.1	lncRNA	0	0	0	0.0000	0.0000	0.0000
ENSG00000286859.1	AL158214.2	lncRNA	7	281	261	0.2812	0.0824	0.0793
ENSG00000286860.1	AC093840.2	lncRNA	0	0	0	0.0000	0.0000	0.0000
ENSG00000286861.1	AL049779.4	lncRNA	8	5	3	0.2174	0.0637	0.0613
ENSG00000286862.1	AC017037.5	lncRNA	0	0	0	0.0000	0.0000	0.0000
ENSG00000286863.1	AL513166.1	lncRNA	2	1	1	0.0265	0.0078	0.0075
ENSG00000286864.1	AC012076.1	lncRNA	2	1	2	0.1016	0.0298	0.0287
ENSG00000286865.1	AL391097.3	lncRNA	0	0	0	0.0000	0.0000	0.0000
ENSG00000286866.1	AC006063.3	lncRNA	0	0	0	0.0000	0.0000	0.0000
ENSG00000286867.1	AC008798.3	lncRNA	0	0	0	0.0000	0.0000	0.0000
ENSG00000286868.1	AC074290.1	lncRNA	0	0	0	0.0000	0.0000	0.0000
ENSG00000286869.1	AC022276.1	lncRNA	0	0	0	0.0000	0.0000	0.0000
ENSG00000286870.1	AL121981.1	lncRNA	0	0	0	0.0000	0.0000	0.0000
ENSG00000286871.1	AL139090.1	lncRNA	0	0	0	0.0000	0.0000	0.0000
ENSG00000286872.1	AC024270.4	lncRNA	1	0	1	0.0343	0.0101	0.0097
ENSG00000286873.1	AC012306.3	lncRNA	238	160	149	19.1212	5.6009	5.3932
ENSG00000286874.1	AC072054.1	lncRNA	3	2	1	0.7887	0.2310	0.2225
ENSG00000286875.1	AL121977.2	lncRNA	0	0	0	0.0000	0.0000	0.0000
ENSG00000286876.1	AC069540.2	lncRNA	0	0	0	0.0000	0.0000	0.0000
ENSG00000286877.1	AC090510.4	lncRNA	0	0	0	0.0000	0.0000	0.0000
ENSG00000286878.1	AC100805.1	lncRNA	0	0	0	0.0000	0.0000	0.0000
ENSG00000286879.1	AC093639.3	lncRNA	0	0	0	0.0000	0.0000	0.0000
ENSG00000286880.1	AC005258.2	lncRNA	1	0	1	0.0693	0.0203	0.0196
ENSG00000286881.1	AL358780.1	lncRNA	1	1	0	0.2869	0.0840	0.0809
ENSG00000286882.1	AC116428.1	lncRNA	0	27	28	0.0000	0.0000	0.0000
ENSG00000286883.1	AC005041.5	lncRNA	0	695	752	0.0000	0.0000	0.0000
ENSG00000286884.1	AC012060.1	lncRNA	0	0	0	0.0000	0.0000	0.0000
ENSG00000286885.1	AL138824.1	lncRNA	2	1	1	0.0604	0.0177	0.0170
ENSG00000286886.1	AJ011931.2	lncRNA	0	0	0	0.0000	0.0000	0.0000
ENSG00000286887.1	AL355881.1	lncRNA	5	3	3	0.3532	0.1035	0.0996
ENSG00000286888.1	AC006427.2	lncRNA	0	0	0	0.0000	0.0000	0.0000
ENSG00000286889.1	AC096589.1	lncRNA	0	0	0	0.0000	0.0000	0.0000
ENSG00000286890.1	AC055840.1	lncRNA	0	0	0	0.0000	0.0000	0.0000
ENSG00000286891.1	AC080132.1	lncRNA	0	0	0	0.0000	0.0000	0.0000
ENSG00000286892.1	AC084212.1	lncRNA	24	13	11	0.8002	0.2344	0.2257
ENSG00000286893.1	AC015660.5	lncRNA	0	0	0	0.0000	0.0000	0.0000
ENSG00000286894.1	AC009141.1	lncRNA	0	0	0	0.0000	0.0000	0.0000
ENSG00000286895.1	AC092745.5	lncRNA	8	7	2	0.6233	0.1826	0.1758
ENSG00000286896.1	AC112236.3	lncRNA	0	0	0	0.0000	0.0000	0.0000
ENSG00000286897.1	AC090515.6	lncRNA	1	1	0	0.1126	0.0330	0.0318
ENSG00000286898.1	AL049569.2	lncRNA	0	150	146	0.0000	0.0000	0.0000
ENSG00000286899.1	AL139286.2	lncRNA	0	0	0	0.0000	0.0000	0.0000
ENSG00000286900.1	AL590235.2	lncRNA	0	0	0	0.0000	0.0000	0.0000
ENSG00000286901.1	Z69667.1	lncRNA	0	4	6	0.0000	0.0000	0.0000
ENSG00000286902.1	AP001595.2	lncRNA	0	0	0	0.0000	0.0000	0.0000
ENSG00000286903.1	AC078874.1	lncRNA	0	0	0	0.0000	0.0000	0.0000
ENSG00000286904.1	AC093675.1	lncRNA	8	12	9	0.9889	0.2897	0.2789
ENSG00000286905.1	AC108488.2	protein_coding	0	0	0	0.0000	0.0000	0.0000
ENSG00000286906.1	AL160154.1	lncRNA	0	0	0	0.0000	0.0000	0.0000
ENSG00000286907.1	AC123512.1	lncRNA	0	0	0	0.0000	0.0000	0.0000
ENSG00000286908.1	AC006459.1	lncRNA	0	0	0	0.0000	0.0000	0.0000
ENSG00000286909.1	AC024560.4	lncRNA	2	1	1	0.1168	0.0342	0.0329
ENSG00000286910.1	AC087269.3	lncRNA	0	0	0	0.0000	0.0000	0.0000
ENSG00000286911.1	AC009533.3	lncRNA	2	1	1	0.1548	0.0454	0.0437
ENSG00000286912.1	AC006008.1	lncRNA	0	0	0	0.0000	0.0000	0.0000
ENSG00000286913.1	AC092943.2	lncRNA	0	0	0	0.0000	0.0000	0.0000
ENSG00000286914.1	AL365214.3	lncRNA	0	0	0	0.0000	0.0000	0.0000
ENSG00000286915.1	AC096992.3	lncRNA	1	1	0	0.0848	0.0248	0.0239
ENSG00000286916.1	ABBA01045074.1	processed_pseudogene	0	0	0	0.0000	0.0000	0.0000
ENSG00000286917.1	AC022308.1	lncRNA	0	0	0	0.0000	0.0000	0.0000
ENSG00000286918.1	AL035411.3	lncRNA	8	4	4	0.3793	0.1111	0.1070
ENSG00000286919.1	AC133681.1	lncRNA	0	0	0	0.0000	0.0000	0.0000
ENSG00000286920.2	SMIM40	protein_coding	0	0	0	0.0000	0.0000	0.0000
ENSG00000286921.1	AC004522.4	lncRNA	0	0	0	0.0000	0.0000	0.0000
ENSG00000286922.1	AC068787.2	lncRNA	0	0	0	0.0000	0.0000	0.0000
ENSG00000286923.1	AC004522.5	lncRNA	11	8	3	1.4240	0.4171	0.4016
ENSG00000286924.1	AL139815.1	lncRNA	11	5	6	0.3948	0.1156	0.1114
ENSG00000286926.1	AP002505.3	lncRNA	0	0	0	0.0000	0.0000	0.0000
ENSG00000286927.1	AC103955.1	lncRNA	0	0	0	0.0000	0.0000	0.0000
ENSG00000286928.1	AC012325.1	lncRNA	4	3	1	0.1659	0.0486	0.0468
ENSG00000286929.1	AL138954.1	lncRNA	0	0	0	0.0000	0.0000	0.0000
ENSG00000286931.1	AL136419.3	lncRNA	22	10	12	0.6749	0.1977	0.1904
ENSG00000286932.1	AC013716.1	lncRNA	0	0	0	0.0000	0.0000	0.0000
ENSG00000286933.1	AL022170.1	lncRNA	0	0	0	0.0000	0.0000	0.0000
ENSG00000286934.1	AC027251.1	lncRNA	0	0	0	0.0000	0.0000	0.0000
ENSG00000286935.1	AC079296.2	lncRNA	0	52	40	0.0000	0.0000	0.0000
ENSG00000286936.1	AL023913.1	lncRNA	0	0	0	0.0000	0.0000	0.0000
ENSG00000286937.1	AC055788.1	lncRNA	0	0	0	0.0000	0.0000	0.0000
ENSG00000286938.1	AC092849.2	lncRNA	0	0	0	0.0000	0.0000	0.0000
ENSG00000286939.1	U82671.1	lncRNA	0	0	0	0.0000	0.0000	0.0000
ENSG00000286940.1	MICB-DT	lncRNA	19	14	14	0.7802	0.2285	0.2201
ENSG00000286941.1	AC244250.4	lncRNA	0	0	1	0.0000	0.0000	0.0000
ENSG00000286942.1	AC017104.5	lncRNA	82	43	39	3.4558	1.0123	0.9747
ENSG00000286943.1	AP001992.2	lncRNA	1	71	67	0.0190	0.0056	0.0054
ENSG00000286944.1	AL137018.1	lncRNA	0	0	0	0.0000	0.0000	0.0000
ENSG00000286945.1	AL513478.4	lncRNA	1	0	1	0.0326	0.0095	0.0092
ENSG00000286946.1	AC024996.1	lncRNA	0	0	0	0.0000	0.0000	0.0000
ENSG00000286947.1	AC022467.2	lncRNA	0	0	0	0.0000	0.0000	0.0000
ENSG00000286948.1	AP000867.5	lncRNA	0	0	0	0.0000	0.0000	0.0000
ENSG00000286949.1	AC008969.2	lncRNA	0	0	0	0.0000	0.0000	0.0000
ENSG00000286950.1	AC087588.2	lncRNA	0	41	44	0.0000	0.0000	0.0000
ENSG00000286951.1	AL356113.1	lncRNA	1	0	1	0.0312	0.0091	0.0088
ENSG00000286952.1	AC093928.1	lncRNA	0	1	0	0.0000	0.0000	0.0000
ENSG00000286953.1	AC122697.1	lncRNA	0	0	0	0.0000	0.0000	0.0000
ENSG00000286954.1	AL033539.2	lncRNA	0	0	0	0.0000	0.0000	0.0000
ENSG00000286955.1	AC100858.3	lncRNA	0	0	0	0.0000	0.0000	0.0000
ENSG00000286956.1	AC117435.1	lncRNA	0	0	0	0.0000	0.0000	0.0000
ENSG00000286957.1	AC079776.5	lncRNA	0	0	0	0.0000	0.0000	0.0000
ENSG00000286958.1	AL365215.2	lncRNA	0	0	0	0.0000	0.0000	0.0000
ENSG00000286959.1	AC104383.1	lncRNA	0	0	0	0.0000	0.0000	0.0000
ENSG00000286960.1	AC009869.1	lncRNA	2	0	2	0.0587	0.0172	0.0166
ENSG00000286961.1	AC091938.1	lncRNA	2	2	0	0.0375	0.0110	0.0106
ENSG00000286962.1	AC027128.1	lncRNA	0	0	0	0.0000	0.0000	0.0000
ENSG00000286963.1	AC074096.1	lncRNA	1	0	1	0.1159	0.0339	0.0327
ENSG00000286964.1	AL136169.1	lncRNA	13	5	8	0.4957	0.1452	0.1398
ENSG00000286965.1	AC108066.2	lncRNA	0	0	0	0.0000	0.0000	0.0000
ENSG00000286966.1	AL137800.1	lncRNA	0	0	0	0.0000	0.0000	0.0000
ENSG00000286967.1	AC104167.1	lncRNA	0	0	0	0.0000	0.0000	0.0000
ENSG00000286968.1	FP325313.2	unprocessed_pseudogene	0	0	0	0.0000	0.0000	0.0000
ENSG00000286969.1	AC087369.2	lncRNA	0	0	0	0.0000	0.0000	0.0000
ENSG00000286970.1	AC010491.2	lncRNA	0	0	0	0.0000	0.0000	0.0000
ENSG00000286971.1	AC012508.3	lncRNA	0	0	0	0.0000	0.0000	0.0000
ENSG00000286972.1	AL035665.2	lncRNA	0	0	0	0.0000	0.0000	0.0000
ENSG00000286973.1	AC087490.1	lncRNA	0	0	0	0.0000	0.0000	0.0000
ENSG00000286974.1	AL662884.5	lncRNA	1	1	1	0.0342	0.0100	0.0096
ENSG00000286975.1	AP005136.4	lncRNA	1	0	1	0.0502	0.0147	0.0142
ENSG00000286976.1	AC084335.1	lncRNA	0	0	0	0.0000	0.0000	0.0000
ENSG00000286977.1	Z83745.1	lncRNA	20	7	14	0.8561	0.2508	0.2415
ENSG00000286978.1	AC107067.1	lncRNA	0	0	0	0.0000	0.0000	0.0000
ENSG00000286979.1	AC005234.2	lncRNA	0	0	0	0.0000	0.0000	0.0000
ENSG00000286980.1	AC020584.1	lncRNA	0	0	0	0.0000	0.0000	0.0000
ENSG00000286981.1	AL731553.1	lncRNA	4	2	2	0.3531	0.1034	0.0996
ENSG00000286982.1	AC016931.1	lncRNA	0	0	0	0.0000	0.0000	0.0000
ENSG00000286983.1	AC109635.5	lncRNA	0	0	0	0.0000	0.0000	0.0000
ENSG00000286984.1	AC090578.3	lncRNA	0	0	0	0.0000	0.0000	0.0000
ENSG00000286985.1	AC022239.2	lncRNA	20	15	5	2.3426	0.6862	0.6608
ENSG00000286986.1	AC026736.1	lncRNA	0	0	0	0.0000	0.0000	0.0000
ENSG00000286987.1	AC006478.1	lncRNA	0	0	0	0.0000	0.0000	0.0000
ENSG00000286988.1	AC024933.2	lncRNA	0	0	0	0.0000	0.0000	0.0000
ENSG00000286989.1	AL691432.4	lncRNA	2	2	1	0.0928	0.0272	0.0262
ENSG00000286990.1	AC016026.2	lncRNA	8	4	4	0.6855	0.2008	0.1934
ENSG00000286991.1	AC012157.3	lncRNA	0	0	0	0.0000	0.0000	0.0000
ENSG00000286992.1	AP001360.3	lncRNA	0	0	0	0.0000	0.0000	0.0000
ENSG00000286993.1	AC035139.2	lncRNA	0	0	0	0.0000	0.0000	0.0000
ENSG00000286994.1	AC069243.1	lncRNA	0	0	0	0.0000	0.0000	0.0000
ENSG00000286995.1	AC092448.1	lncRNA	0	0	0	0.0000	0.0000	0.0000
ENSG00000286996.1	AC099332.2	lncRNA	12	9	3	0.8939	0.2618	0.2521
ENSG00000286997.1	AC005856.1	lncRNA	12	7	5	0.2414	0.0707	0.0681
ENSG00000286998.1	AC103974.2	lncRNA	0	0	0	0.0000	0.0000	0.0000
ENSG00000286999.1	AL121581.3	lncRNA	0	57	59	0.0000	0.0000	0.0000
ENSG00000287000.1	AC024651.3	lncRNA	0	0	0	0.0000	0.0000	0.0000
ENSG00000287001.1	AC010624.5	lncRNA	4	3	1	0.3704	0.1085	0.1045
ENSG00000287002.1	AL589644.1	unprocessed_pseudogene	0	0	0	0.0000	0.0000	0.0000
ENSG00000287003.1	AC008674.1	lncRNA	0	0	0	0.0000	0.0000	0.0000
ENSG00000287004.1	AC007686.5	lncRNA	0	0	0	0.0000	0.0000	0.0000
ENSG00000287005.1	AC090018.2	lncRNA	5	2	3	0.2553	0.0748	0.0720
ENSG00000287006.1	AP003100.3	lncRNA	0	0	0	0.0000	0.0000	0.0000
ENSG00000287007.1	AC087683.3	lncRNA	1	0	1	0.0234	0.0069	0.0066
ENSG00000287008.1	AC099563.2	lncRNA	0	0	0	0.0000	0.0000	0.0000
ENSG00000287009.1	AC021037.1	lncRNA	3	3	5	0.1728	0.0506	0.0487
ENSG00000287010.1	AC130467.1	lncRNA	0	0	0	0.0000	0.0000	0.0000
ENSG00000287011.1	AC003077.1	lncRNA	38	78	77	0.7810	0.2288	0.2203
ENSG00000287012.1	AC108667.2	lncRNA	10	6	6	0.6263	0.1834	0.1766
ENSG00000287014.1	AC087883.2	lncRNA	0	0	0	0.0000	0.0000	0.0000
ENSG00000287015.1	AL161797.1	lncRNA	0	0	0	0.0000	0.0000	0.0000
ENSG00000287016.1	AC010996.1	lncRNA	8	5	3	0.6361	0.1863	0.1794
ENSG00000287017.1	AL591022.1	lncRNA	0	0	0	0.0000	0.0000	0.0000
ENSG00000287018.1	AL161717.1	lncRNA	0	0	0	0.0000	0.0000	0.0000
ENSG00000287019.1	AC095038.5	lncRNA	0	0	1	0.0000	0.0000	0.0000
ENSG00000287020.1	AC091074.3	lncRNA	0	0	0	0.0000	0.0000	0.0000
ENSG00000287021.1	AC097462.3	lncRNA	0	0	0	0.0000	0.0000	0.0000
ENSG00000287022.1	AC079841.2	lncRNA	0	0	0	0.0000	0.0000	0.0000
ENSG00000287023.1	AC018978.1	lncRNA	27	13	14	1.9431	0.5692	0.5481
ENSG00000287024.1	AL022162.1	lncRNA	45	20	25	10.8872	3.1890	3.0708
ENSG00000287025.1	AC079117.1	lncRNA	0	0	0	0.0000	0.0000	0.0000
ENSG00000287026.1	AC068616.2	lncRNA	0	0	0	0.0000	0.0000	0.0000
ENSG00000287027.1	AC004464.1	lncRNA	0	0	0	0.0000	0.0000	0.0000
ENSG00000287028.1	AP003973.3	lncRNA	0	0	0	0.0000	0.0000	0.0000
ENSG00000287029.1	AL162713.2	lncRNA	6	1	5	0.1301	0.0381	0.0367
ENSG00000287030.1	AC107032.3	lncRNA	7	0	7	0.4573	0.1339	0.1290
ENSG00000287031.1	AC093307.1	lncRNA	2	2	0	0.0705	0.0207	0.0199
ENSG00000287032.1	AC018647.3	lncRNA	0	0	0	0.0000	0.0000	0.0000
ENSG00000287033.1	AL590101.1	lncRNA	0	0	0	0.0000	0.0000	0.0000
ENSG00000287034.1	AL050402.2	lncRNA	0	0	0	0.0000	0.0000	0.0000
ENSG00000287035.1	AC138470.2	lncRNA	6	3	3	0.6369	0.1866	0.1796
ENSG00000287036.1	AC018802.1	lncRNA	317	245	244	37.6500	11.0283	10.6194
ENSG00000287037.1	AC097709.1	lncRNA	0	0	0	0.0000	0.0000	0.0000
ENSG00000287038.1	AL162388.2	lncRNA	9	4	5	0.3801	0.1113	0.1072
ENSG00000287039.1	AC006478.2	lncRNA	0	0	0	0.0000	0.0000	0.0000
ENSG00000287040.1	AL590560.5	lncRNA	0	1	0	0.0000	0.0000	0.0000
ENSG00000287041.1	AC079354.2	lncRNA	0	0	0	0.0000	0.0000	0.0000
ENSG00000287042.1	AC090945.1	lncRNA	1	0	1	0.1086	0.0318	0.0306
ENSG00000287043.1	AL392083.2	lncRNA	0	0	1	0.0000	0.0000	0.0000
ENSG00000287044.1	AL139106.1	lncRNA	1	0	1	0.0202	0.0059	0.0057
ENSG00000287045.1	AC072028.1	lncRNA	0	17	18	0.0000	0.0000	0.0000
ENSG00000287046.1	AC092810.3	lncRNA	2	1	1	0.0977	0.0286	0.0275
ENSG00000287047.1	AL133395.1	lncRNA	2	2	0	0.1923	0.0563	0.0543
ENSG00000287048.1	AC096589.2	lncRNA	0	0	0	0.0000	0.0000	0.0000
ENSG00000287049.1	AC124862.1	lncRNA	0	1	0	0.0000	0.0000	0.0000
ENSG00000287050.1	AL021917.1	lncRNA	1	0	1	0.1194	0.0350	0.0337
ENSG00000287051.1	AC121757.2	lncRNA	0	1	0	0.0000	0.0000	0.0000
ENSG00000287052.1	AC016240.1	lncRNA	0	0	0	0.0000	0.0000	0.0000
ENSG00000287053.1	AC107302.2	lncRNA	0	0	0	0.0000	0.0000	0.0000
ENSG00000287054.1	AC113410.5	lncRNA	2	0	2	0.0835	0.0245	0.0236
ENSG00000287055.1	AL359813.1	lncRNA	2	1	1	0.1043	0.0306	0.0294
ENSG00000287056.1	AL606970.5	lncRNA	2	1	1	0.0777	0.0227	0.0219
ENSG00000287057.1	AL358787.1	lncRNA	0	0	0	0.0000	0.0000	0.0000
ENSG00000287058.1	AC026271.4	lncRNA	0	0	0	0.0000	0.0000	0.0000
ENSG00000287059.1	AC090004.2	lncRNA	16	6	10	0.4055	0.1188	0.1144
ENSG00000287060.1	AC021220.2	lncRNA	3	1	2	0.0708	0.0207	0.0200
ENSG00000287061.1	AC124248.2	lncRNA	2	29	31	0.0947	0.0277	0.0267
ENSG00000287062.1	AL121582.1	lncRNA	0	0	0	0.0000	0.0000	0.0000
ENSG00000287063.1	AL356489.3	lncRNA	1	0	1	0.0268	0.0078	0.0076
ENSG00000287064.1	AL606500.1	lncRNA	0	0	0	0.0000	0.0000	0.0000
ENSG00000287065.1	AP005209.2	lncRNA	0	0	0	0.0000	0.0000	0.0000
ENSG00000287066.1	AP000962.3	lncRNA	0	0	0	0.0000	0.0000	0.0000
ENSG00000287067.1	AC106791.3	transcribed_processed_pseudogene	6	3	3	0.1688	0.0495	0.0476
ENSG00000287068.1	AP004606.1	lncRNA	0	0	0	0.0000	0.0000	0.0000
ENSG00000287069.1	AC061958.1	lncRNA	0	3	3	0.0000	0.0000	0.0000
ENSG00000287070.1	AL499604.1	lncRNA	0	0	0	0.0000	0.0000	0.0000
ENSG00000287071.1	CDRT15P4	transcribed_unprocessed_pseudogene	0	0	0	0.0000	0.0000	0.0000
ENSG00000287072.1	AC021134.2	lncRNA	0	0	0	0.0000	0.0000	0.0000
ENSG00000287073.1	AC106706.2	lncRNA	0	0	0	0.0000	0.0000	0.0000
ENSG00000287074.1	AC137561.1	lncRNA	7	1	6	0.7136	0.2090	0.2013
ENSG00000287075.1	AC126468.1	lncRNA	0	0	0	0.0000	0.0000	0.0000
ENSG00000287076.1	AC092805.1	lncRNA	0	0	0	0.0000	0.0000	0.0000
ENSG00000287077.1	AL157893.2	lncRNA	8	4	7	0.4811	0.1409	0.1357
ENSG00000287078.1	AL513218.2	lncRNA	5	3	2	0.4522	0.1325	0.1275
ENSG00000287079.1	AL109806.2	lncRNA	0	0	0	0.0000	0.0000	0.0000
ENSG00000287080.2	H3C3	protein_coding	2	1	1	0.3495	0.1024	0.0986
ENSG00000287081.1	AC104656.1	lncRNA	0	0	0	0.0000	0.0000	0.0000
ENSG00000287082.1	AP001042.3	lncRNA	0	0	0	0.0000	0.0000	0.0000
ENSG00000287083.1	AC108169.1	lncRNA	1	0	1	0.0400	0.0117	0.0113
ENSG00000287084.1	AL355337.1	lncRNA	0	0	0	0.0000	0.0000	0.0000
ENSG00000287085.1	AC012066.1	lncRNA	5	2	3	0.2304	0.0675	0.0650
ENSG00000287086.1	AC034193.1	lncRNA	0	207	212	0.0000	0.0000	0.0000
ENSG00000287087.1	AC025175.2	lncRNA	1	0	1	0.0689	0.0202	0.0194
ENSG00000287088.1	AP001066.1	lncRNA	12	5	10	0.4576	0.1340	0.1291
ENSG00000287089.1	AL138889.3	lncRNA	2	1	2	0.0756	0.0221	0.0213
ENSG00000287090.1	AC116345.4	lncRNA	9	5	4	0.3293	0.0965	0.0929
ENSG00000287091.1	AC009961.3	lncRNA	6	3	3	0.6740	0.1974	0.1901
ENSG00000287092.1	AL589693.1	lncRNA	0	0	0	0.0000	0.0000	0.0000
ENSG00000287093.1	AC003093.1	lncRNA	0	0	0	0.0000	0.0000	0.0000
ENSG00000287094.1	AL049552.2	lncRNA	0	0	0	0.0000	0.0000	0.0000
ENSG00000287095.1	AF228727.1	lncRNA	2	4	1	0.0689	0.0202	0.0194
ENSG00000287096.1	AC005165.3	lncRNA	0	0	0	0.0000	0.0000	0.0000
ENSG00000287097.1	AL590550.1	lncRNA	31	14	17	2.9381	0.8606	0.8287
ENSG00000287098.1	AC092473.2	lncRNA	0	0	0	0.0000	0.0000	0.0000
ENSG00000287099.1	AL121750.1	lncRNA	0	0	0	0.0000	0.0000	0.0000
ENSG00000287100.1	AL078600.1	lncRNA	0	0	0	0.0000	0.0000	0.0000
ENSG00000287101.1	AC093772.2	lncRNA	0	0	0	0.0000	0.0000	0.0000
ENSG00000287102.1	AL356361.3	lncRNA	0	0	0	0.0000	0.0000	0.0000
ENSG00000287103.1	AL512638.3	lncRNA	0	0	0	0.0000	0.0000	0.0000
ENSG00000287104.1	AC097382.3	lncRNA	23	15	8	1.7580	0.5150	0.4959
ENSG00000287105.1	AC090577.1	lncRNA	0	0	0	0.0000	0.0000	0.0000
ENSG00000287106.1	AC106743.1	lncRNA	0	0	0	0.0000	0.0000	0.0000
ENSG00000287107.1	AL136102.1	lncRNA	0	0	0	0.0000	0.0000	0.0000
ENSG00000287108.1	AC023302.2	lncRNA	7	3	4	0.2530	0.0741	0.0713
ENSG00000287109.1	AP000224.1	lncRNA	1	0	1	0.0237	0.0069	0.0067
ENSG00000287110.1	AC112484.5	lncRNA	10	4	6	0.3123	0.0915	0.0881
ENSG00000287111.1	AL117187.2	unprocessed_pseudogene	0	0	0	0.0000	0.0000	0.0000
ENSG00000287112.1	AC068787.3	lncRNA	0	0	0	0.0000	0.0000	0.0000
ENSG00000287113.1	AL139289.2	lncRNA	0	0	0	0.0000	0.0000	0.0000
ENSG00000287114.1	AC104024.3	lncRNA	0	0	0	0.0000	0.0000	0.0000
ENSG00000287115.1	AC009951.6	lncRNA	27	15	12	4.2304	1.2391	1.1932
ENSG00000287116.1	AC104335.2	lncRNA	5	3	2	0.7030	0.2059	0.1983
ENSG00000287117.1	AC105916.1	lncRNA	0	0	0	0.0000	0.0000	0.0000
ENSG00000287118.1	AC008056.3	lncRNA	0	0	0	0.0000	0.0000	0.0000
ENSG00000287119.1	AC092580.4	lncRNA	0	0	0	0.0000	0.0000	0.0000
ENSG00000287120.1	AL138773.1	lncRNA	1	0	1	0.0265	0.0078	0.0075
ENSG00000287121.1	AC007220.2	lncRNA	0	0	0	0.0000	0.0000	0.0000
ENSG00000287122.1	AC026495.2	lncRNA	0	0	0	0.0000	0.0000	0.0000
ENSG00000287123.1	AC007880.1	lncRNA	0	0	0	0.0000	0.0000	0.0000
ENSG00000287124.1	AL512603.2	lncRNA	2	1	1	0.3291	0.0964	0.0928
ENSG00000287125.1	AC018695.9	lncRNA	0	9	2	0.0000	0.0000	0.0000
ENSG00000287126.1	AC108488.3	lncRNA	103	48	55	2.3640	0.6925	0.6668
ENSG00000287127.1	AC009879.4	lncRNA	0	0	0	0.0000	0.0000	0.0000
ENSG00000287128.1	AL445238.2	lncRNA	0	0	0	0.0000	0.0000	0.0000
ENSG00000287129.1	AC097500.1	lncRNA	0	0	0	0.0000	0.0000	0.0000
ENSG00000287130.1	AC068616.3	lncRNA	0	0	0	0.0000	0.0000	0.0000
ENSG00000287131.1	AC096970.1	lncRNA	0	0	0	0.0000	0.0000	0.0000
ENSG00000287132.1	AC092881.2	lncRNA	0	5	7	0.0000	0.0000	0.0000
ENSG00000287133.1	AC007279.1	lncRNA	1	10	10	0.0363	0.0106	0.0102
ENSG00000287134.1	AC106845.1	lncRNA	32	19	13	0.4896	0.1434	0.1381
ENSG00000287135.1	AC010884.1	lncRNA	0	0	0	0.0000	0.0000	0.0000
ENSG00000287136.1	AC073578.5	lncRNA	1	0	1	0.0886	0.0260	0.0250
ENSG00000287137.1	AL391538.1	lncRNA	0	0	0	0.0000	0.0000	0.0000
ENSG00000287138.1	AL022726.1	lncRNA	0	0	0	0.0000	0.0000	0.0000
ENSG00000287139.1	AL513317.1	lncRNA	0	0	0	0.0000	0.0000	0.0000
ENSG00000287140.1	AC066595.2	lncRNA	0	0	0	0.0000	0.0000	0.0000
ENSG00000287141.1	AC093675.2	lncRNA	0	0	0	0.0000	0.0000	0.0000
ENSG00000287142.1	AL355053.1	lncRNA	6	3	3	0.4570	0.1339	0.1289
ENSG00000287143.1	AC117480.1	lncRNA	0	0	0	0.0000	0.0000	0.0000
ENSG00000287144.1	AC097511.1	lncRNA	0	0	0	0.0000	0.0000	0.0000
ENSG00000287145.1	AC009413.1	lncRNA	11	9	2	0.4133	0.1211	0.1166
ENSG00000287146.1	AC000085.1	lncRNA	3	1	2	0.2942	0.0862	0.0830
ENSG00000287147.1	AC023468.1	lncRNA	0	0	0	0.0000	0.0000	0.0000
ENSG00000287148.1	LINCADL	lncRNA	0	0	0	0.0000	0.0000	0.0000
ENSG00000287149.1	AC092640.1	lncRNA	0	0	0	0.0000	0.0000	0.0000
ENSG00000287150.1	AL139340.1	lncRNA	0	0	0	0.0000	0.0000	0.0000
ENSG00000287151.1	C2orf27A	lncRNA	172	83	91	2.0601	0.6034	0.5811
ENSG00000287152.1	AC099685.1	lncRNA	0	0	0	0.0000	0.0000	0.0000
ENSG00000287153.1	AL161851.1	lncRNA	0	0	0	0.0000	0.0000	0.0000
ENSG00000287154.1	AC005599.1	lncRNA	4	2	2	0.5807	0.1701	0.1638
ENSG00000287155.1	AC022215.2	lncRNA	1	0	1	0.1659	0.0486	0.0468
ENSG00000287156.1	AL138479.2	lncRNA	0	2	0	0.0000	0.0000	0.0000
ENSG00000287157.1	AL034351.3	lncRNA	0	0	0	0.0000	0.0000	0.0000
ENSG00000287158.1	AC117464.1	lncRNA	0	0	0	0.0000	0.0000	0.0000
ENSG00000287159.1	AL356737.2	lncRNA	0	0	0	0.0000	0.0000	0.0000
ENSG00000287160.1	Z82195.3	lncRNA	0	0	0	0.0000	0.0000	0.0000
ENSG00000287161.1	AC093519.2	lncRNA	0	0	0	0.0000	0.0000	0.0000
ENSG00000287162.1	AC108482.2	lncRNA	0	0	0	0.0000	0.0000	0.0000
ENSG00000287163.1	AC018558.6	lncRNA	6	0	6	0.3571	0.1046	0.1007
ENSG00000287164.1	AC112254.1	lncRNA	0	0	0	0.0000	0.0000	0.0000
ENSG00000287165.1	AL078621.2	lncRNA	0	0	0	0.0000	0.0000	0.0000
ENSG00000287166.1	AC104561.4	lncRNA	13	23	11	0.7239	0.2120	0.2042
ENSG00000287167.1	AL133313.1	lncRNA	1	1	0	0.0456	0.0134	0.0129
ENSG00000287168.1	AL512625.3	lncRNA	9	7	14	0.9287	0.2720	0.2619
ENSG00000287169.1	AC107050.1	lncRNA	1	1	0	0.0720	0.0211	0.0203
ENSG00000287170.1	AC010327.8	lncRNA	5	1	4	0.1285	0.0376	0.0362
ENSG00000287171.1	AC006062.1	lncRNA	1	1	0	0.0208	0.0061	0.0059
ENSG00000287172.1	AC073091.1	lncRNA	0	0	0	0.0000	0.0000	0.0000
ENSG00000287173.1	AL356157.3	lncRNA	0	0	0	0.0000	0.0000	0.0000
ENSG00000287174.1	AC092596.1	lncRNA	0	0	0	0.0000	0.0000	0.0000
ENSG00000287175.1	AL513303.1	lncRNA	3	2	1	0.2337	0.0685	0.0659
ENSG00000287176.1	AC099517.1	lncRNA	1	1	0	0.0418	0.0122	0.0118
ENSG00000287177.1	AL583825.1	lncRNA	0	0	0	0.0000	0.0000	0.0000
ENSG00000287178.1	AC026320.3	lncRNA	1	1	0	0.0870	0.0255	0.0245
ENSG00000287179.1	AC008558.1	lncRNA	0	0	0	0.0000	0.0000	0.0000
ENSG00000287180.1	AC106818.2	lncRNA	0	0	0	0.0000	0.0000	0.0000
ENSG00000287181.1	AC107067.2	lncRNA	1	1	0	0.0487	0.0143	0.0137
ENSG00000287182.1	AC131953.2	lncRNA	0	0	0	0.0000	0.0000	0.0000
ENSG00000287183.1	AC093824.2	lncRNA	0	0	0	0.0000	0.0000	0.0000
ENSG00000287184.1	AC007269.1	lncRNA	0	0	0	0.0000	0.0000	0.0000
ENSG00000287185.1	AC041005.1	lncRNA	0	0	0	0.0000	0.0000	0.0000
ENSG00000287186.1	AC073326.2	lncRNA	0	0	0	0.0000	0.0000	0.0000
ENSG00000287187.1	AL449403.3	lncRNA	0	0	0	0.0000	0.0000	0.0000
ENSG00000287188.1	AC068989.1	lncRNA	17	13	4	0.5454	0.1598	0.1538
ENSG00000287189.1	AL121956.7	lncRNA	0	0	0	0.0000	0.0000	0.0000
ENSG00000287190.1	AC239799.2	lncRNA	2	0	2	0.0941	0.0276	0.0266
ENSG00000287191.1	AC055807.1	lncRNA	0	0	0	0.0000	0.0000	0.0000
ENSG00000287192.1	AL031005.2	lncRNA	4	1	3	0.3057	0.0896	0.0862
ENSG00000287193.1	AC132938.6	lncRNA	0	0	0	0.0000	0.0000	0.0000
ENSG00000287194.1	AC025287.5	unprocessed_pseudogene	0	0	0	0.0000	0.0000	0.0000
ENSG00000287195.1	AC131568.1	lncRNA	3	2	1	0.1250	0.0366	0.0353
ENSG00000287196.1	AC004448.5	lncRNA	0	0	0	0.0000	0.0000	0.0000
ENSG00000287197.1	AC096675.1	lncRNA	0	0	0	0.0000	0.0000	0.0000
ENSG00000287198.1	AC092979.2	lncRNA	0	0	0	0.0000	0.0000	0.0000
ENSG00000287199.1	AC010387.2	lncRNA	0	0	0	0.0000	0.0000	0.0000
ENSG00000287200.1	AC022506.2	lncRNA	10	6	8	0.4159	0.1218	0.1173
ENSG00000287201.1	AC009682.1	lncRNA	0	0	0	0.0000	0.0000	0.0000
ENSG00000287202.1	AC008119.1	lncRNA	8	122	117	0.2845	0.0833	0.0802
ENSG00000287203.1	AC005592.2	lncRNA	0	0	0	0.0000	0.0000	0.0000
ENSG00000287204.1	AC090816.1	lncRNA	0	0	0	0.0000	0.0000	0.0000
ENSG00000287205.1	AL451054.4	lncRNA	0	0	0	0.0000	0.0000	0.0000
ENSG00000287206.1	AC069421.3	lncRNA	0	0	0	0.0000	0.0000	0.0000
ENSG00000287207.1	AC096861.2	lncRNA	5	4	1	0.3341	0.0979	0.0942
ENSG00000287208.1	AP000428.1	lncRNA	0	0	0	0.0000	0.0000	0.0000
ENSG00000287209.1	AC100779.1	lncRNA	0	0	0	0.0000	0.0000	0.0000
ENSG00000287210.1	AC074254.2	lncRNA	0	0	0	0.0000	0.0000	0.0000
ENSG00000287211.1	AL121904.2	lncRNA	0	0	1	0.0000	0.0000	0.0000
ENSG00000287212.1	AL162585.1	lncRNA	1	1	0	0.1099	0.0322	0.0310
ENSG00000287213.1	AL121899.3	lncRNA	1	1	0	0.0909	0.0266	0.0256
ENSG00000287214.1	AC021321.2	lncRNA	1	1	0	0.0718	0.0210	0.0202
ENSG00000287215.1	AC231759.2	lncRNA	0	0	0	0.0000	0.0000	0.0000
ENSG00000287216.1	AC106865.2	lncRNA	3	72	64	0.2299	0.0673	0.0649
ENSG00000287217.1	AL355538.1	lncRNA	0	0	1	0.0000	0.0000	0.0000
ENSG00000287218.1	AL359962.3	lncRNA	6	12	11	0.2628	0.0770	0.0741
ENSG00000287219.1	AL021707.9	lncRNA	1	2	7	0.1751	0.0513	0.0494
ENSG00000287220.1	AL590138.1	lncRNA	0	0	0	0.0000	0.0000	0.0000
ENSG00000287221.1	AL589794.2	lncRNA	0	0	0	0.0000	0.0000	0.0000
ENSG00000287222.1	AC234917.3	lncRNA	166	89	80	5.2718	1.5442	1.4869
ENSG00000287223.1	Z94277.1	lncRNA	2	0	2	0.0441	0.0129	0.0124
ENSG00000287224.1	AC099791.4	lncRNA	0	0	0	0.0000	0.0000	0.0000
ENSG00000287225.1	Z84468.2	lncRNA	0	0	0	0.0000	0.0000	0.0000
ENSG00000287226.1	AC084740.1	lncRNA	0	0	0	0.0000	0.0000	0.0000
ENSG00000287227.1	AC021698.1	lncRNA	0	0	0	0.0000	0.0000	0.0000
ENSG00000287229.1	AC009731.1	lncRNA	1	0	1	0.0386	0.0113	0.0109
ENSG00000287230.1	AC120194.1	lncRNA	0	0	0	0.0000	0.0000	0.0000
ENSG00000287231.1	AL136119.1	lncRNA	0	0	0	0.0000	0.0000	0.0000
ENSG00000287232.1	AC079848.2	lncRNA	0	0	0	0.0000	0.0000	0.0000
ENSG00000287233.1	AL359552.1	lncRNA	3	1	2	0.2581	0.0756	0.0728
ENSG00000287234.1	AL592211.2	lncRNA	0	0	0	0.0000	0.0000	0.0000
ENSG00000287235.1	AL732437.2	lncRNA	0	0	0	0.0000	0.0000	0.0000
ENSG00000287236.1	Z73420.1	lncRNA	0	0	0	0.0000	0.0000	0.0000
ENSG00000287237.1	AC073655.3	lncRNA	0	419	377	0.0000	0.0000	0.0000
ENSG00000287238.1	AP002954.2	lncRNA	1	1	0	0.0660	0.0193	0.0186
ENSG00000287239.1	AC105445.1	lncRNA	0	0	0	0.0000	0.0000	0.0000
ENSG00000287240.1	AC122688.5	lncRNA	0	0	0	0.0000	0.0000	0.0000
ENSG00000287241.1	AL359511.3	lncRNA	0	1	0	0.0000	0.0000	0.0000
ENSG00000287242.1	AC073593.2	lncRNA	0	52	62	0.0000	0.0000	0.0000
ENSG00000287243.2	THCAT155	lncRNA	0	0	0	0.0000	0.0000	0.0000
ENSG00000287244.1	AL020997.5	lncRNA	0	0	0	0.0000	0.0000	0.0000
ENSG00000287245.1	AP001981.2	lncRNA	9	5	4	0.2068	0.0606	0.0583
ENSG00000287246.1	AC022535.3	lncRNA	0	0	0	0.0000	0.0000	0.0000
ENSG00000287247.1	AL450423.2	lncRNA	0	0	0	0.0000	0.0000	0.0000
ENSG00000287248.1	AC009271.2	lncRNA	0	0	0	0.0000	0.0000	0.0000
ENSG00000287249.1	AC005400.1	lncRNA	6	4	2	0.5925	0.1735	0.1671
ENSG00000287250.1	AC073046.4	lncRNA	4	2	2	0.2944	0.0862	0.0830
ENSG00000287251.1	AP003062.2	lncRNA	3	1	2	0.1097	0.0321	0.0309
ENSG00000287252.1	AL009179.1	lncRNA	4	1	3	0.1235	0.0362	0.0348
ENSG00000287253.1	Z98880.1	lncRNA	0	0	0	0.0000	0.0000	0.0000
ENSG00000287254.1	AC011509.3	lncRNA	1	1	0	0.0804	0.0236	0.0227
ENSG00000287255.1	AC007877.1	lncRNA	2	1	1	0.2128	0.0623	0.0600
ENSG00000287256.1	AC137494.1	lncRNA	0	0	0	0.0000	0.0000	0.0000
ENSG00000287257.1	AC111182.2	lncRNA	0	0	0	0.0000	0.0000	0.0000
ENSG00000287258.1	AL512283.2	lncRNA	0	0	0	0.0000	0.0000	0.0000
ENSG00000287259.1	AL359732.1	lncRNA	11	6	5	0.6142	0.1799	0.1732
ENSG00000287260.1	AL357075.3	lncRNA	172	95	77	12.5808	3.6851	3.5485
ENSG00000287261.1	AL139243.1	lncRNA	4	2	2	0.3211	0.0940	0.0906
ENSG00000287262.1	AC021148.2	lncRNA	12	8	5	0.3873	0.1135	0.1092
ENSG00000287263.1	AC008875.3	lncRNA	190	106	84	3.6136	1.0585	1.0192
ENSG00000287264.1	AP003778.1	lncRNA	50	32	24	3.7344	1.0939	1.0533
ENSG00000287265.1	AL365272.1	lncRNA	6	3	6	0.1462	0.0428	0.0412
ENSG00000287266.1	AL359813.2	lncRNA	0	0	1	0.0000	0.0000	0.0000
ENSG00000287267.1	AC026523.3	lncRNA	0	0	0	0.0000	0.0000	0.0000
ENSG00000287268.1	AL050350.1	lncRNA	0	0	0	0.0000	0.0000	0.0000
ENSG00000287269.1	Z82215.1	lncRNA	6	2	4	0.5090	0.1491	0.1436
ENSG00000287270.1	AL137140.1	lncRNA	0	0	0	0.0000	0.0000	0.0000
ENSG00000287271.1	AC011455.8	lncRNA	5	3	3	0.2213	0.0648	0.0624
ENSG00000287272.1	AC007786.4	lncRNA	0	0	0	0.0000	0.0000	0.0000
ENSG00000287273.1	AC132660.2	lncRNA	0	0	0	0.0000	0.0000	0.0000
ENSG00000287274.1	AL627232.1	lncRNA	0	0	0	0.0000	0.0000	0.0000
ENSG00000287275.1	AC011451.4	lncRNA	0	0	0	0.0000	0.0000	0.0000
ENSG00000287276.1	BX664718.2	transcribed_unprocessed_pseudogene	0	0	0	0.0000	0.0000	0.0000
ENSG00000287277.1	AL392086.3	lncRNA	13	4	9	0.0787	0.0231	0.0222
ENSG00000287278.1	AL353600.2	lncRNA	1	1	0	0.0348	0.0102	0.0098
ENSG00000287279.1	AL121932.2	lncRNA	0	0	0	0.0000	0.0000	0.0000
ENSG00000287280.1	AC009878.2	lncRNA	0	0	0	0.0000	0.0000	0.0000
ENSG00000287281.1	AC012101.2	lncRNA	3	3	0	0.0474	0.0139	0.0134
ENSG00000287282.1	AL031726.2	lncRNA	0	0	0	0.0000	0.0000	0.0000
ENSG00000287283.1	AL117353.1	lncRNA	0	0	0	0.0000	0.0000	0.0000
ENSG00000287284.1	AC130814.1	lncRNA	0	0	0	0.0000	0.0000	0.0000
ENSG00000287285.1	AP000547.4	lncRNA	0	0	0	0.0000	0.0000	0.0000
ENSG00000287286.1	AC024560.5	lncRNA	0	785	829	0.0000	0.0000	0.0000
ENSG00000287287.1	AL133476.1	lncRNA	0	0	0	0.0000	0.0000	0.0000
ENSG00000287288.1	AL121762.2	lncRNA	0	0	0	0.0000	0.0000	0.0000
ENSG00000287289.1	AP000428.2	lncRNA	0	0	0	0.0000	0.0000	0.0000
ENSG00000287290.1	AC093765.3	lncRNA	1	1	0	0.0299	0.0088	0.0084
ENSG00000287291.1	AC068286.2	lncRNA	1	1	0	0.0399	0.0117	0.0113
ENSG00000287292.1	AC002460.2	lncRNA	2	0	2	0.0424	0.0124	0.0119
ENSG00000287293.1	AL357054.5	lncRNA	0	0	0	0.0000	0.0000	0.0000
ENSG00000287294.1	AL035694.1	lncRNA	0	0	0	0.0000	0.0000	0.0000
ENSG00000287295.1	AC090812.1	lncRNA	0	0	0	0.0000	0.0000	0.0000
ENSG00000287296.1	AC011446.3	lncRNA	0	54	38	0.0000	0.0000	0.0000
ENSG00000287297.1	AL356123.1	lncRNA	0	0	0	0.0000	0.0000	0.0000
ENSG00000287298.1	AC079768.2	lncRNA	0	0	0	0.0000	0.0000	0.0000
ENSG00000287299.1	AC012459.1	lncRNA	42	1127	1016	0.3971	0.1163	0.1120
ENSG00000287300.1	AL080275.1	lncRNA	0	0	0	0.0000	0.0000	0.0000
ENSG00000287301.1	AC068075.2	lncRNA	0	0	0	0.0000	0.0000	0.0000
ENSG00000287302.1	AL133477.2	lncRNA	0	0	0	0.0000	0.0000	0.0000
ENSG00000287303.1	AP006248.5	lncRNA	5	3	2	0.2505	0.0734	0.0707
ENSG00000287305.1	AC010969.3	lncRNA	0	0	1	0.0000	0.0000	0.0000
ENSG00000287306.1	AC016821.1	lncRNA	2	2	0	0.0581	0.0170	0.0164
ENSG00000287307.1	AC005772.2	lncRNA	1	1	1	0.0192	0.0056	0.0054
ENSG00000287308.1	AC018802.2	lncRNA	0	80	92	0.0000	0.0000	0.0000
ENSG00000287309.1	AL583859.3	lncRNA	0	0	0	0.0000	0.0000	0.0000
ENSG00000287310.1	AL133445.3	lncRNA	1	0	1	0.0640	0.0187	0.0180
ENSG00000287311.1	AC140121.1	lncRNA	0	0	0	0.0000	0.0000	0.0000
ENSG00000287312.1	AC127526.4	lncRNA	0	0	0	0.0000	0.0000	0.0000
ENSG00000287313.1	AC016995.1	lncRNA	0	0	0	0.0000	0.0000	0.0000
ENSG00000287314.1	AC090125.2	lncRNA	0	0	0	0.0000	0.0000	0.0000
ENSG00000287315.1	AL670729.3	lncRNA	20	73	85	0.3518	0.1030	0.0992
ENSG00000287316.1	AC007391.3	lncRNA	1	1	0	0.0777	0.0228	0.0219
ENSG00000287317.1	AC016769.6	lncRNA	0	0	0	0.0000	0.0000	0.0000
ENSG00000287318.1	AL353730.1	lncRNA	0	0	0	0.0000	0.0000	0.0000
ENSG00000287319.1	AC079822.1	lncRNA	4	2	2	0.2499	0.0732	0.0705
ENSG00000287320.1	AC110790.1	lncRNA	0	0	0	0.0000	0.0000	0.0000
ENSG00000287321.1	AC026523.4	lncRNA	0	0	0	0.0000	0.0000	0.0000
ENSG00000287322.1	AC068189.2	lncRNA	1	2	1	0.0548	0.0160	0.0154
ENSG00000287323.1	AC022100.1	lncRNA	0	0	0	0.0000	0.0000	0.0000
ENSG00000287324.1	AL096828.6	lncRNA	0	0	0	0.0000	0.0000	0.0000
ENSG00000287325.1	AC138647.2	lncRNA	0	0	0	0.0000	0.0000	0.0000
ENSG00000287326.1	AL589787.1	lncRNA	0	475	453	0.0000	0.0000	0.0000
ENSG00000287327.1	AL731769.1	lncRNA	0	0	0	0.0000	0.0000	0.0000
ENSG00000287328.1	AC135626.2	unprocessed_pseudogene	0	0	0	0.0000	0.0000	0.0000
ENSG00000287329.1	FP326651.1	lncRNA	0	0	0	0.0000	0.0000	0.0000
ENSG00000287330.1	AL353697.1	lncRNA	0	0	0	0.0000	0.0000	0.0000
ENSG00000287331.1	AC106045.1	lncRNA	0	0	0	0.0000	0.0000	0.0000
ENSG00000287332.1	AC103758.1	lncRNA	1	1	0	0.0280	0.0082	0.0079
ENSG00000287333.1	AL161447.2	lncRNA	0	0	0	0.0000	0.0000	0.0000
ENSG00000287334.1	AC102941.2	lncRNA	0	0	0	0.0000	0.0000	0.0000
ENSG00000287335.1	AL139351.3	lncRNA	3	2	1	0.0891	0.0261	0.0251
ENSG00000287336.1	AL137157.1	lncRNA	1	1	0	0.0369	0.0108	0.0104
ENSG00000287337.1	AC005962.2	lncRNA	4	2	2	0.2257	0.0661	0.0637
ENSG00000287338.1	AL929091.1	lncRNA	1	1	0	0.0162	0.0048	0.0046
ENSG00000287339.1	AC079949.6	lncRNA	0	0	0	0.0000	0.0000	0.0000
ENSG00000287340.1	AC007222.2	lncRNA	0	0	0	0.0000	0.0000	0.0000
ENSG00000287342.1	AC188616.1	lncRNA	11	6	5	0.5088	0.1490	0.1435
ENSG00000287343.1	AL022397.1	lncRNA	0	0	0	0.0000	0.0000	0.0000
ENSG00000287344.1	AC079304.1	lncRNA	0	0	0	0.0000	0.0000	0.0000
ENSG00000287345.1	AC183088.4	lncRNA	0	0	0	0.0000	0.0000	0.0000
ENSG00000287346.1	AL132712.2	lncRNA	3	3	5	0.1516	0.0444	0.0427
ENSG00000287347.1	AL133405.2	lncRNA	1	0	1	0.0639	0.0187	0.0180
ENSG00000287348.1	AC099535.2	lncRNA	0	0	0	0.0000	0.0000	0.0000
ENSG00000287349.1	AC108477.2	lncRNA	0	0	0	0.0000	0.0000	0.0000
ENSG00000287350.1	AL137786.2	lncRNA	0	0	0	0.0000	0.0000	0.0000
ENSG00000287351.1	AC092120.3	lncRNA	0	7	2	0.0000	0.0000	0.0000
ENSG00000287352.1	AC011029.1	lncRNA	0	0	0	0.0000	0.0000	0.0000
ENSG00000287353.1	AC135776.5	unprocessed_pseudogene	0	0	0	0.0000	0.0000	0.0000
ENSG00000287354.1	AL034351.4	lncRNA	0	6	7	0.0000	0.0000	0.0000
ENSG00000287355.1	AL451123.2	lncRNA	0	0	0	0.0000	0.0000	0.0000
ENSG00000287356.1	AL590822.3	lncRNA	7	5	5	0.1026	0.0301	0.0289
ENSG00000287357.1	AL512484.1	lncRNA	0	0	0	0.0000	0.0000	0.0000
ENSG00000287358.1	AL096706.1	lncRNA	33	17	16	0.7986	0.2339	0.2253
ENSG00000287359.1	AL138740.1	lncRNA	0	0	0	0.0000	0.0000	0.0000
ENSG00000287360.1	AC006296.3	lncRNA	6	1	5	0.3758	0.1101	0.1060
ENSG00000287361.1	AL355537.2	lncRNA	0	0	0	0.0000	0.0000	0.0000
ENSG00000287362.1	AC103563.9	lncRNA	1	1	0	0.0602	0.0176	0.0170
ENSG00000287363.2	AL096814.2	protein_coding	0	0	0	0.0000	0.0000	0.0000
ENSG00000287364.1	AL353709.1	lncRNA	0	0	0	0.0000	0.0000	0.0000
ENSG00000287365.1	AC068787.4	lncRNA	0	0	0	0.0000	0.0000	0.0000
ENSG00000287366.1	AC072026.3	lncRNA	0	0	1	0.0000	0.0000	0.0000
ENSG00000287367.1	AC016583.2	lncRNA	4	3	1	0.0690	0.0202	0.0195
ENSG00000287368.1	AL589645.1	lncRNA	0	0	0	0.0000	0.0000	0.0000
ENSG00000287369.1	AC111197.1	lncRNA	0	0	0	0.0000	0.0000	0.0000
ENSG00000287370.1	AL356317.1	lncRNA	0	0	0	0.0000	0.0000	0.0000
ENSG00000287372.1	AL627316.1	lncRNA	0	0	0	0.0000	0.0000	0.0000
ENSG00000287373.1	AL122014.1	lncRNA	0	0	0	0.0000	0.0000	0.0000
ENSG00000287374.1	AC239860.4	lncRNA	0	0	0	0.0000	0.0000	0.0000
ENSG00000287375.1	AC098825.1	lncRNA	0	0	0	0.0000	0.0000	0.0000
ENSG00000287376.1	AL359538.3	lncRNA	0	0	0	0.0000	0.0000	0.0000
ENSG00000287377.1	AC090948.4	lncRNA	0	62	57	0.0000	0.0000	0.0000
ENSG00000287378.1	AC129803.1	lncRNA	1	1	0	0.0407	0.0119	0.0115
ENSG00000287379.1	AC006144.2	lncRNA	3	1	2	0.4469	0.1309	0.1261
ENSG00000287380.1	AL589935.3	lncRNA	0	0	0	0.0000	0.0000	0.0000
ENSG00000287381.1	AC012433.2	lncRNA	1	0	1	0.0478	0.0140	0.0135
ENSG00000287382.1	AC110611.2	lncRNA	134	73	62	10.5756	3.0978	2.9829
ENSG00000287383.1	AC110809.1	lncRNA	0	0	0	0.0000	0.0000	0.0000
ENSG00000287384.1	AL096840.2	lncRNA	4	0	4	0.5709	0.1672	0.1610
ENSG00000287385.1	AL121820.3	lncRNA	17	17	21	0.4787	0.1402	0.1350
ENSG00000287386.1	AC009248.3	lncRNA	0	0	0	0.0000	0.0000	0.0000
ENSG00000287387.1	AC010883.3	lncRNA	13	1398	1488	0.4193	0.1228	0.1183
ENSG00000287388.1	AC068774.1	lncRNA	0	0	0	0.0000	0.0000	0.0000
ENSG00000287389.1	AC007106.2	lncRNA	1	1	0	0.0237	0.0069	0.0067
ENSG00000287390.1	AC006525.1	lncRNA	0	0	0	0.0000	0.0000	0.0000
ENSG00000287391.1	AC103871.1	lncRNA	0	0	0	0.0000	0.0000	0.0000
ENSG00000287392.1	AC097520.2	lncRNA	0	0	0	0.0000	0.0000	0.0000
ENSG00000287393.1	AL591468.1	lncRNA	0	0	0	0.0000	0.0000	0.0000
ENSG00000287394.1	AC244102.4	lncRNA	5	3	2	0.6300	0.1845	0.1777
ENSG00000287395.1	AL118511.3	lncRNA	0	0	0	0.0000	0.0000	0.0000
ENSG00000287396.1	AL592464.3	lncRNA	0	0	0	0.0000	0.0000	0.0000
ENSG00000287397.1	AP002528.1	lncRNA	6	2	4	0.9687	0.2837	0.2732
ENSG00000287398.1	AC117481.1	lncRNA	0	0	0	0.0000	0.0000	0.0000
ENSG00000287399.1	AC011503.4	lncRNA	0	0	0	0.0000	0.0000	0.0000
ENSG00000287400.1	AC093151.7	lncRNA	0	0	0	0.0000	0.0000	0.0000
ENSG00000287401.1	AC034139.1	lncRNA	22	14	8	0.9890	0.2897	0.2790
ENSG00000287402.1	AL158167.1	lncRNA	3	1	2	0.1675	0.0491	0.0472
ENSG00000287403.1	AC016245.2	lncRNA	1	0	1	0.0354	0.0104	0.0100
ENSG00000287404.1	AL451080.1	lncRNA	1	1	0	0.1698	0.0497	0.0479
ENSG00000287405.1	AC017028.2	lncRNA	103	57	46	2.6094	0.7643	0.7360
ENSG00000287406.1	AC098656.1	lncRNA	0	0	0	0.0000	0.0000	0.0000
ENSG00000287407.1	AL596442.3	lncRNA	0	0	0	0.0000	0.0000	0.0000
ENSG00000287408.1	AC027811.1	lncRNA	16	9	7	0.4288	0.1256	0.1209
ENSG00000287409.1	AC004936.1	lncRNA	0	0	0	0.0000	0.0000	0.0000
ENSG00000287410.1	AL161941.1	lncRNA	0	0	0	0.0000	0.0000	0.0000
ENSG00000287411.1	AL031259.1	lncRNA	0	0	0	0.0000	0.0000	0.0000
ENSG00000287412.1	AP001591.1	lncRNA	0	0	0	0.0000	0.0000	0.0000
ENSG00000287413.1	AL449363.2	lncRNA	0	0	0	0.0000	0.0000	0.0000
ENSG00000287414.1	AC093787.2	lncRNA	44	26	18	1.2801	0.3750	0.3610
ENSG00000287415.1	AC099541.2	lncRNA	0	0	0	0.0000	0.0000	0.0000
ENSG00000287416.1	AC093746.1	lncRNA	0	0	0	0.0000	0.0000	0.0000
ENSG00000287417.1	AC006059.4	lncRNA	0	0	0	0.0000	0.0000	0.0000
ENSG00000287418.1	AC013439.1	lncRNA	0	0	0	0.0000	0.0000	0.0000
ENSG00000287419.1	AL121929.3	lncRNA	10	1	9	0.4373	0.1281	0.1233
ENSG00000287420.1	AL590068.4	lncRNA	0	0	0	0.0000	0.0000	0.0000
ENSG00000287421.1	AC131237.1	lncRNA	4	3	1	0.3495	0.1024	0.0986
ENSG00000287422.1	AL442071.2	lncRNA	0	0	0	0.0000	0.0000	0.0000
ENSG00000287423.1	AL360006.1	lncRNA	0	0	0	0.0000	0.0000	0.0000
ENSG00000287424.1	AC080079.2	lncRNA	3	1	2	0.0245	0.0072	0.0069
ENSG00000287425.1	AP003717.4	lncRNA	2	1	1	0.0803	0.0235	0.0227
ENSG00000287426.1	AP003327.2	lncRNA	0	0	0	0.0000	0.0000	0.0000
ENSG00000287427.1	AL390236.1	lncRNA	1	0	1	0.0422	0.0124	0.0119
ENSG00000287428.1	AL139280.2	lncRNA	1	1	0	0.0623	0.0182	0.0176
ENSG00000287429.1	AC009121.4	lncRNA	0	0	0	0.0000	0.0000	0.0000
ENSG00000287430.1	AL136090.2	lncRNA	0	0	0	0.0000	0.0000	0.0000
ENSG00000287431.1	AC027601.5	lncRNA	11	4	7	0.1377	0.0403	0.0388
ENSG00000287432.1	AC244035.4	lncRNA	0	0	0	0.0000	0.0000	0.0000
ENSG00000287433.1	AC107222.2	lncRNA	0	0	0	0.0000	0.0000	0.0000
ENSG00000287434.1	AC109133.1	lncRNA	0	14	9	0.0000	0.0000	0.0000
ENSG00000287435.1	AC069404.1	lncRNA	0	0	0	0.0000	0.0000	0.0000
ENSG00000287437.1	AL161662.1	lncRNA	1	42	38	0.0317	0.0093	0.0089
ENSG00000287438.1	AL356313.1	lncRNA	0	0	0	0.0000	0.0000	0.0000
ENSG00000287439.1	AC092078.3	lncRNA	19	9	12	0.4012	0.1175	0.1132
ENSG00000287440.1	AC063919.2	lncRNA	0	0	0	0.0000	0.0000	0.0000
ENSG00000287441.1	AC131956.3	lncRNA	0	0	0	0.0000	0.0000	0.0000
ENSG00000287442.1	AC079460.2	lncRNA	0	0	0	0.0000	0.0000	0.0000
ENSG00000287443.1	AL357558.3	lncRNA	0	1	1	0.0000	0.0000	0.0000
ENSG00000287444.1	AC007610.5	lncRNA	0	0	0	0.0000	0.0000	0.0000
ENSG00000287445.1	AC092803.3	lncRNA	8	6	2	0.3934	0.1152	0.1110
ENSG00000287446.1	AC007731.5	lncRNA	4	0	5	0.3082	0.0903	0.0869
ENSG00000287447.1	AC099501.1	lncRNA	2	2	0	0.0531	0.0156	0.0150
ENSG00000287448.1	AC018558.7	lncRNA	56	24	32	4.3790	1.2827	1.2351
ENSG00000287449.1	AC108019.2	lncRNA	0	0	0	0.0000	0.0000	0.0000
ENSG00000287450.1	AL117352.1	unprocessed_pseudogene	0	0	0	0.0000	0.0000	0.0000
ENSG00000287451.1	AC016721.1	lncRNA	8	3	5	0.8846	0.2591	0.2495
ENSG00000287452.2	AL391477.1	lncRNA	0	0	0	0.0000	0.0000	0.0000
ENSG00000287453.1	AL359894.1	lncRNA	0	0	0	0.0000	0.0000	0.0000
ENSG00000287454.1	AC008149.2	lncRNA	2	2	0	0.0361	0.0106	0.0102
ENSG00000287455.1	AC092793.1	lncRNA	0	0	0	0.0000	0.0000	0.0000
ENSG00000287456.1	AL157369.1	lncRNA	3	1	3	0.2445	0.0716	0.0690
ENSG00000287457.1	AC005821.2	lncRNA	0	0	0	0.0000	0.0000	0.0000
ENSG00000287458.1	AL033519.5	lncRNA	1	0	1	0.0664	0.0194	0.0187
ENSG00000287459.1	AL512356.5	lncRNA	0	0	0	0.0000	0.0000	0.0000
ENSG00000287460.1	AL442636.1	lncRNA	0	0	0	0.0000	0.0000	0.0000
ENSG00000287462.1	AC068442.1	lncRNA	0	0	0	0.0000	0.0000	0.0000
ENSG00000287463.1	AC110620.2	lncRNA	6	2	4	0.1476	0.0432	0.0416
ENSG00000287464.1	AC100810.7	lncRNA	40	22	18	3.7911	1.1105	1.0693
ENSG00000287465.1	AL358053.1	lncRNA	0	0	0	0.0000	0.0000	0.0000
ENSG00000287466.1	AL355531.1	lncRNA	0	0	0	0.0000	0.0000	0.0000
ENSG00000287467.1	AC037459.4	lncRNA	16	12	6	1.0533	0.3085	0.2971
ENSG00000287468.1	AC007317.2	lncRNA	0	0	0	0.0000	0.0000	0.0000
ENSG00000287469.1	AC044798.3	lncRNA	0	0	0	0.0000	0.0000	0.0000
ENSG00000287470.1	AP001037.1	lncRNA	2	0	2	0.1788	0.0524	0.0504
ENSG00000287471.1	AC138854.1	lncRNA	0	0	0	0.0000	0.0000	0.0000
ENSG00000287472.1	AL591504.2	lncRNA	0	0	0	0.0000	0.0000	0.0000
ENSG00000287473.1	AL359382.2	lncRNA	0	0	0	0.0000	0.0000	0.0000
ENSG00000287474.1	AC110614.1	lncRNA	0	0	0	0.0000	0.0000	0.0000
ENSG00000287475.1	AL844892.2	lncRNA	2	1	1	0.0477	0.0140	0.0135
ENSG00000287476.1	AC018437.3	lncRNA	0	0	0	0.0000	0.0000	0.0000
ENSG00000287477.1	AL356495.1	lncRNA	1	0	1	0.0276	0.0081	0.0078
ENSG00000287478.1	AL109829.1	lncRNA	0	0	0	0.0000	0.0000	0.0000
ENSG00000287479.1	AP001330.5	lncRNA	0	0	0	0.0000	0.0000	0.0000
ENSG00000287480.1	AL158832.2	lncRNA	0	0	0	0.0000	0.0000	0.0000
ENSG00000287481.1	AL161663.1	lncRNA	2	0	2	0.1427	0.0418	0.0403
ENSG00000287482.1	AC124312.5	lncRNA	0	0	0	0.0000	0.0000	0.0000
ENSG00000287483.1	AL132775.2	lncRNA	0	0	0	0.0000	0.0000	0.0000
ENSG00000287484.1	AC068580.5	lncRNA	0	0	0	0.0000	0.0000	0.0000
ENSG00000287485.1	AL451166.1	lncRNA	2	2	0	0.0494	0.0145	0.0139
ENSG00000287486.1	AC114291.1	lncRNA	0	2	1	0.0000	0.0000	0.0000
ENSG00000287487.1	AC104633.1	lncRNA	0	0	0	0.0000	0.0000	0.0000
ENSG00000287488.1	AC073048.1	lncRNA	0	0	0	0.0000	0.0000	0.0000
ENSG00000287489.1	AC004549.1	lncRNA	0	0	0	0.0000	0.0000	0.0000
ENSG00000287490.1	AC015818.9	lncRNA	0	0	0	0.0000	0.0000	0.0000
ENSG00000287492.1	AL512358.2	lncRNA	38	19	19	6.3027	1.8462	1.7777
ENSG00000287493.1	AC069503.5	lncRNA	0	1	0	0.0000	0.0000	0.0000
ENSG00000287494.1	AC069368.2	lncRNA	7	4	3	0.9650	0.2827	0.2722
ENSG00000287495.1	AL356489.4	lncRNA	0	0	0	0.0000	0.0000	0.0000
ENSG00000287496.1	AC093227.3	lncRNA	0	4	5	0.0000	0.0000	0.0000
ENSG00000287497.1	AL031123.4	lncRNA	0	2	1	0.0000	0.0000	0.0000
ENSG00000287498.1	AC007749.2	lncRNA	0	0	0	0.0000	0.0000	0.0000
ENSG00000287499.1	AL357139.2	lncRNA	0	0	0	0.0000	0.0000	0.0000
ENSG00000287500.1	AC009754.2	lncRNA	2	0	3	0.1621	0.0475	0.0457
ENSG00000287501.1	AL163872.1	lncRNA	0	0	0	0.0000	0.0000	0.0000
ENSG00000287502.1	AC092418.2	lncRNA	1	1	0	0.1792	0.0525	0.0505
ENSG00000287503.1	AC027243.3	lncRNA	0	0	0	0.0000	0.0000	0.0000
ENSG00000287504.1	AC079340.3	lncRNA	1	1	0	0.0507	0.0148	0.0143
ENSG00000287505.1	AC087428.1	lncRNA	0	0	0	0.0000	0.0000	0.0000
ENSG00000287506.1	AC026620.2	lncRNA	0	0	0	0.0000	0.0000	0.0000
ENSG00000287507.1	AP001053.1	lncRNA	16	9	7	1.7949	0.5257	0.5063
ENSG00000287508.1	AC009560.4	lncRNA	1	0	1	0.0809	0.0237	0.0228
ENSG00000287509.1	AP001033.3	lncRNA	0	0	0	0.0000	0.0000	0.0000
ENSG00000287510.1	AL137857.1	lncRNA	0	2226	2175	0.0000	0.0000	0.0000
ENSG00000287511.1	AL109984.1	lncRNA	5	2	3	1.0484	0.3071	0.2957
ENSG00000287512.1	AC019131.3	lncRNA	1	1	0	0.0788	0.0231	0.0222
ENSG00000287513.1	AL133390.1	lncRNA	1	1	0	0.0663	0.0194	0.0187
ENSG00000287514.2	AL450267.2	lncRNA	0	1	0	0.0000	0.0000	0.0000
ENSG00000287515.1	AL929602.1	transcribed_unprocessed_pseudogene	0	0	0	0.0000	0.0000	0.0000
ENSG00000287516.1	AL359764.2	lncRNA	1	0	1	0.0080	0.0023	0.0022
ENSG00000287517.1	AC099654.12	lncRNA	0	0	0	0.0000	0.0000	0.0000
ENSG00000287518.1	AC100778.4	lncRNA	0	0	0	0.0000	0.0000	0.0000
ENSG00000287519.1	AC004921.2	lncRNA	0	0	0	0.0000	0.0000	0.0000
ENSG00000287520.1	AC093765.4	lncRNA	0	0	0	0.0000	0.0000	0.0000
ENSG00000287521.1	AC034148.1	lncRNA	0	0	0	0.0000	0.0000	0.0000
ENSG00000287522.1	AC138420.1	lncRNA	0	0	0	0.0000	0.0000	0.0000
ENSG00000287523.1	AC003044.1	lncRNA	0	0	0	0.0000	0.0000	0.0000
ENSG00000287524.1	AC007736.1	lncRNA	0	0	0	0.0000	0.0000	0.0000
ENSG00000287525.1	AL627308.3	lncRNA	0	0	0	0.0000	0.0000	0.0000
ENSG00000287526.1	AC016587.1	lncRNA	68	29	39	3.1992	0.9371	0.9024
ENSG00000287527.1	AC005753.3	lncRNA	4	3	1	0.1626	0.0476	0.0459
ENSG00000287528.1	AL121749.2	lncRNA	0	4	1	0.0000	0.0000	0.0000
ENSG00000287529.1	AC068946.3	lncRNA	0	0	0	0.0000	0.0000	0.0000
ENSG00000287530.1	AL445985.2	lncRNA	2	0	2	0.0940	0.0275	0.0265
ENSG00000287531.1	AL358177.1	lncRNA	0	0	0	0.0000	0.0000	0.0000
ENSG00000287532.1	AL353689.3	lncRNA	1	0	1	0.0628	0.0184	0.0177
ENSG00000287533.1	AC011477.8	lncRNA	0	9	8	0.0000	0.0000	0.0000
ENSG00000287534.1	AC110792.4	lncRNA	0	0	0	0.0000	0.0000	0.0000
ENSG00000287535.1	AC009630.4	lncRNA	0	0	1	0.0000	0.0000	0.0000
ENSG00000287536.1	AC012500.1	lncRNA	0	0	0	0.0000	0.0000	0.0000
ENSG00000287537.1	AC020612.4	lncRNA	0	0	0	0.0000	0.0000	0.0000
ENSG00000287538.1	AC109635.6	lncRNA	0	0	0	0.0000	0.0000	0.0000
ENSG00000287539.1	AC022966.2	lncRNA	7	18	10	0.6740	0.1974	0.1901
ENSG00000287540.1	AC116350.1	lncRNA	0	0	0	0.0000	0.0000	0.0000
ENSG00000287541.1	AC092610.1	transcribed_unprocessed_pseudogene	0	9	8	0.0000	0.0000	0.0000
ENSG00000287542.1	AC098582.1	protein_coding	0	1	0	0.0000	0.0000	0.0000
ENSG00000287543.1	AC013486.1	lncRNA	16	285	168	0.4849	0.1420	0.1368
ENSG00000287544.1	AC097518.2	lncRNA	0	0	0	0.0000	0.0000	0.0000
ENSG00000287545.1	AP001994.2	lncRNA	0	0	0	0.0000	0.0000	0.0000
ENSG00000287546.1	AL163534.1	lncRNA	0	0	0	0.0000	0.0000	0.0000
ENSG00000287547.1	AC234644.2	lncRNA	0	0	0	0.0000	0.0000	0.0000
ENSG00000287548.1	AC021269.3	lncRNA	4	2	2	0.2533	0.0742	0.0714
ENSG00000287549.1	AC092268.1	lncRNA	1	0	1	0.0884	0.0259	0.0249
ENSG00000287550.1	AL450345.2	lncRNA	77	36	41	1.6643	0.4875	0.4694
ENSG00000287551.1	AL445526.1	lncRNA	0	0	0	0.0000	0.0000	0.0000
ENSG00000287552.1	AC109925.1	lncRNA	1	2	2	0.0286	0.0084	0.0081
ENSG00000287553.1	AC090617.10	lncRNA	0	135	125	0.0000	0.0000	0.0000
ENSG00000287554.1	AC006364.1	lncRNA	1	1	0	0.0252	0.0074	0.0071
ENSG00000287555.1	AC023424.2	lncRNA	2	1	1	0.0327	0.0096	0.0092
ENSG00000287556.1	AP003973.4	lncRNA	0	0	0	0.0000	0.0000	0.0000
ENSG00000287557.1	AL713998.4	lncRNA	0	0	0	0.0000	0.0000	0.0000
ENSG00000287558.1	AL109933.5	lncRNA	0	0	0	0.0000	0.0000	0.0000
ENSG00000287559.1	AL136305.1	lncRNA	0	0	0	0.0000	0.0000	0.0000
ENSG00000287560.1	AL731533.3	lncRNA	0	0	0	0.0000	0.0000	0.0000
ENSG00000287561.1	AL121899.4	lncRNA	0	0	0	0.0000	0.0000	0.0000
ENSG00000287562.1	AL109615.4	lncRNA	32	14	18	0.5663	0.1659	0.1597
ENSG00000287563.1	AP006219.3	lncRNA	0	0	0	0.0000	0.0000	0.0000
ENSG00000287564.1	AL359546.1	lncRNA	0	0	0	0.0000	0.0000	0.0000
ENSG00000287565.1	AC108168.1	lncRNA	0	0	0	0.0000	0.0000	0.0000
ENSG00000287566.1	AL732437.3	lncRNA	0	0	0	0.0000	0.0000	0.0000
ENSG00000287567.1	AC133040.1	lncRNA	0	3	5	0.0000	0.0000	0.0000
ENSG00000287568.1	AC002057.1	lncRNA	0	0	1	0.0000	0.0000	0.0000
ENSG00000287569.1	AL078587.2	lncRNA	2	1	3	0.1170	0.0343	0.0330
ENSG00000287570.1	AL035447.1	lncRNA	0	0	0	0.0000	0.0000	0.0000
ENSG00000287571.1	AC108046.1	lncRNA	0	0	0	0.0000	0.0000	0.0000
ENSG00000287574.1	AC004938.2	lncRNA	11	5	7	0.8067	0.2363	0.2275
ENSG00000287575.1	AL390755.3	lncRNA	1	1	0	0.0929	0.0272	0.0262
ENSG00000287576.1	AC067930.9	lncRNA	21	12	12	0.5862	0.1717	0.1654
ENSG00000287577.1	AC009533.4	lncRNA	1	1	0	0.0733	0.0215	0.0207
ENSG00000287578.1	AL034348.1	lncRNA	0	0	0	0.0000	0.0000	0.0000
ENSG00000287579.1	AC139491.8	lncRNA	0	0	0	0.0000	0.0000	0.0000
ENSG00000287580.1	AC073349.4	lncRNA	5	1	4	0.7637	0.2237	0.2154
ENSG00000287581.1	AC016549.1	lncRNA	0	55	57	0.0000	0.0000	0.0000
ENSG00000287582.1	AC099796.2	lncRNA	0	0	0	0.0000	0.0000	0.0000
ENSG00000287583.1	AC018685.3	lncRNA	0	0	0	0.0000	0.0000	0.0000
ENSG00000287584.1	AC004837.4	lncRNA	5	2	3	0.3754	0.1100	0.1059
ENSG00000287585.1	AC231656.1	protein_coding	0	0	0	0.0000	0.0000	0.0000
ENSG00000287586.1	Z98886.1	lncRNA	0	0	0	0.0000	0.0000	0.0000
ENSG00000287587.1	AL158216.1	lncRNA	10	7	3	0.7148	0.2094	0.2016
ENSG00000287588.1	AC092634.8	lncRNA	0	0	0	0.0000	0.0000	0.0000
ENSG00000287589.1	AC093426.2	lncRNA	0	0	0	0.0000	0.0000	0.0000
ENSG00000287590.1	AC090820.2	lncRNA	0	0	0	0.0000	0.0000	0.0000
ENSG00000287591.1	AL360169.3	lncRNA	1	0	1	0.0407	0.0119	0.0115
ENSG00000287592.1	AC073348.2	lncRNA	0	0	0	0.0000	0.0000	0.0000
ENSG00000287593.1	AL022724.3	lncRNA	1	1	3	0.0335	0.0098	0.0095
ENSG00000287594.1	AL356123.2	lncRNA	0	0	0	0.0000	0.0000	0.0000
ENSG00000287595.1	AC097369.4	lncRNA	6	3	3	0.3519	0.1031	0.0992
ENSG00000287596.1	AC066614.1	lncRNA	0	0	0	0.0000	0.0000	0.0000
ENSG00000287597.1	AC108105.1	lncRNA	0	0	0	0.0000	0.0000	0.0000
ENSG00000287598.1	AL512427.2	lncRNA	0	0	0	0.0000	0.0000	0.0000
ENSG00000287599.1	AL157813.2	lncRNA	0	0	0	0.0000	0.0000	0.0000
ENSG00000287600.1	AC122719.3	lncRNA	1	0	1	0.0293	0.0086	0.0083
ENSG00000287601.1	BX323046.2	lncRNA	0	0	0	0.0000	0.0000	0.0000
ENSG00000287602.1	AC100808.1	lncRNA	0	0	0	0.0000	0.0000	0.0000
ENSG00000287603.1	AC008403.3	lncRNA	4	18	14	0.1302	0.0382	0.0367
ENSG00000287605.1	AC109131.1	lncRNA	0	0	1	0.0000	0.0000	0.0000
ENSG00000287607.1	FP700111.3	processed_pseudogene	0	0	0	0.0000	0.0000	0.0000
ENSG00000287608.1	AC022137.3	lncRNA	5	3	2	0.2234	0.0654	0.0630
ENSG00000287609.1	AL589787.2	lncRNA	18	8	10	0.3961	0.1160	0.1117
ENSG00000287610.1	AC009403.3	lncRNA	0	0	0	0.0000	0.0000	0.0000
ENSG00000287611.1	AC007922.4	lncRNA	0	0	0	0.0000	0.0000	0.0000
ENSG00000287612.1	AP000474.2	lncRNA	0	0	0	0.0000	0.0000	0.0000
ENSG00000287613.1	AC069549.2	lncRNA	0	0	0	0.0000	0.0000	0.0000
ENSG00000287614.1	AL158198.2	lncRNA	0	0	0	0.0000	0.0000	0.0000
ENSG00000287615.1	AC012535.1	lncRNA	0	0	0	0.0000	0.0000	0.0000
ENSG00000287616.1	AL357522.1	lncRNA	0	0	0	0.0000	0.0000	0.0000
ENSG00000287617.1	AC092902.6	lncRNA	0	0	0	0.0000	0.0000	0.0000
ENSG00000287618.1	AC025576.3	lncRNA	1	0	1	0.1427	0.0418	0.0403
ENSG00000287619.1	AL021308.1	lncRNA	5	3	2	0.2316	0.0679	0.0653
ENSG00000287620.1	AC092053.4	lncRNA	1	0	1	0.0679	0.0199	0.0191
ENSG00000287621.1	AC021851.2	lncRNA	2	0	2	0.0578	0.0169	0.0163
ENSG00000287622.1	AC068787.5	lncRNA	0	0	0	0.0000	0.0000	0.0000
ENSG00000287623.1	AC037193.1	lncRNA	3	3	0	0.0982	0.0288	0.0277
ENSG00000287624.1	AL590666.5	lncRNA	0	133	151	0.0000	0.0000	0.0000
ENSG00000287625.1	AC022210.1	lncRNA	17	9	9	0.6396	0.1874	0.1804
ENSG00000287626.1	AL021978.1	lncRNA	13	4	9	0.9019	0.2642	0.2544
ENSG00000287627.1	AL359704.2	lncRNA	0	0	0	0.0000	0.0000	0.0000
ENSG00000287628.1	AC012511.2	lncRNA	3	2	1	0.7057	0.2067	0.1990
ENSG00000287629.1	AC006059.5	lncRNA	3	117	120	0.0517	0.0151	0.0146
ENSG00000287630.1	AC011370.1	lncRNA	0	0	0	0.0000	0.0000	0.0000
ENSG00000287631.1	AC005071.1	lncRNA	1	1	0	0.1191	0.0349	0.0336
ENSG00000287632.1	AC112253.1	lncRNA	2	0	2	0.1638	0.0480	0.0462
ENSG00000287633.1	AL161640.3	lncRNA	1	0	1	0.0251	0.0073	0.0071
ENSG00000287634.1	AC114277.1	lncRNA	0	0	0	0.0000	0.0000	0.0000
ENSG00000287635.1	AL139381.1	lncRNA	0	0	1	0.0000	0.0000	0.0000
ENSG00000287636.1	AC005229.5	lncRNA	0	0	0	0.0000	0.0000	0.0000
ENSG00000287637.1	AP001437.2	lncRNA	2	6	7	0.0752	0.0220	0.0212
ENSG00000287639.1	AC117500.6	lncRNA	0	0	0	0.0000	0.0000	0.0000
ENSG00000287640.1	AC007381.1	lncRNA	0	0	0	0.0000	0.0000	0.0000
ENSG00000287641.1	AC007483.1	lncRNA	0	0	0	0.0000	0.0000	0.0000
ENSG00000287642.1	AC093599.2	lncRNA	37	11	26	2.9981	0.8782	0.8456
ENSG00000287643.1	AC004825.3	lncRNA	0	39	56	0.0000	0.0000	0.0000
ENSG00000287644.1	AC080112.4	lncRNA	0	33	17	0.0000	0.0000	0.0000
ENSG00000287645.1	AC092939.1	lncRNA	1	0	2	0.0339	0.0099	0.0096
ENSG00000287646.1	AC021701.1	lncRNA	0	0	0	0.0000	0.0000	0.0000
ENSG00000287647.1	AC093575.1	lncRNA	0	0	0	0.0000	0.0000	0.0000
ENSG00000287649.1	AC093418.1	lncRNA	80	40	40	4.1374	1.2119	1.1670
ENSG00000287650.1	AL390071.1	lncRNA	1	1	0	0.0362	0.0106	0.0102
ENSG00000287651.1	AC007652.3	lncRNA	0	0	0	0.0000	0.0000	0.0000
ENSG00000287652.1	AC000082.1	lncRNA	0	2	2	0.0000	0.0000	0.0000
ENSG00000287653.1	AL355597.1	lncRNA	0	0	0	0.0000	0.0000	0.0000
ENSG00000287654.1	AP002982.2	lncRNA	0	0	0	0.0000	0.0000	0.0000
ENSG00000287655.1	AC023283.1	lncRNA	2	2	1	0.1778	0.0521	0.0502
ENSG00000287656.1	AL591069.1	lncRNA	0	0	0	0.0000	0.0000	0.0000
ENSG00000287657.1	AC068228.3	lncRNA	5	2	3	0.7863	0.2303	0.2218
ENSG00000287658.1	AC109642.1	lncRNA	1	0	1	0.0793	0.0232	0.0224
ENSG00000287659.1	AC098680.2	lncRNA	0	0	0	0.0000	0.0000	0.0000
ENSG00000287660.1	AC079768.3	lncRNA	0	0	0	0.0000	0.0000	0.0000
ENSG00000287661.1	AL391844.1	lncRNA	0	0	0	0.0000	0.0000	0.0000
ENSG00000287662.1	AC109824.1	lncRNA	0	0	0	0.0000	0.0000	0.0000
ENSG00000287663.1	AL122020.2	lncRNA	3	3	0	0.1857	0.0544	0.0524
ENSG00000287664.1	AC005702.5	lncRNA	0	0	0	0.0000	0.0000	0.0000
ENSG00000287665.1	AC092428.1	lncRNA	3	1	2	0.1024	0.0300	0.0289
ENSG00000287666.1	AP000821.2	lncRNA	0	0	0	0.0000	0.0000	0.0000
ENSG00000287667.1	AC109517.1	lncRNA	0	0	0	0.0000	0.0000	0.0000
ENSG00000287668.1	AL132990.1	lncRNA	0	0	0	0.0000	0.0000	0.0000
ENSG00000287669.1	AC104633.2	lncRNA	0	0	0	0.0000	0.0000	0.0000
ENSG00000287670.1	AC108479.1	lncRNA	45	22	24	3.1530	0.9236	0.8893
ENSG00000287671.1	AC068418.3	lncRNA	6	3	3	0.0671	0.0197	0.0189
ENSG00000287672.1	AC003086.1	lncRNA	26	11	15	2.3266	0.6815	0.6562
ENSG00000287673.1	AC051635.1	lncRNA	0	0	0	0.0000	0.0000	0.0000
ENSG00000287674.1	AL009179.2	lncRNA	0	0	0	0.0000	0.0000	0.0000
ENSG00000287675.1	AC078916.1	lncRNA	0	0	0	0.0000	0.0000	0.0000
ENSG00000287676.1	AC096642.2	lncRNA	0	0	0	0.0000	0.0000	0.0000
ENSG00000287677.2	AC025839.1	lncRNA	0	0	0	0.0000	0.0000	0.0000
ENSG00000287678.1	AL031778.1	lncRNA	10	25	38	0.9352	0.2739	0.2638
ENSG00000287679.1	AL355347.1	lncRNA	0	0	0	0.0000	0.0000	0.0000
ENSG00000287680.1	AC093330.3	lncRNA	0	0	0	0.0000	0.0000	0.0000
ENSG00000287682.1	AC020651.2	lncRNA	0	0	0	0.0000	0.0000	0.0000
ENSG00000287683.1	AL591519.1	lncRNA	0	0	0	0.0000	0.0000	0.0000
ENSG00000287684.1	AL392172.1	lncRNA	0	0	0	0.0000	0.0000	0.0000
ENSG00000287685.1	AC000113.1	lncRNA	0	0	0	0.0000	0.0000	0.0000
ENSG00000287686.1	AC062029.1	lncRNA	15	8	7	1.0545	0.3089	0.2974
ENSG00000287687.2	AC007387.2	lncRNA	0	0	0	0.0000	0.0000	0.0000
ENSG00000287688.1	AC011317.1	lncRNA	1	0	1	0.0579	0.0170	0.0163
ENSG00000287689.1	AC009704.3	lncRNA	0	0	0	0.0000	0.0000	0.0000
ENSG00000287690.1	AL023775.2	lncRNA	0	0	0	0.0000	0.0000	0.0000
ENSG00000287691.1	AL031602.2	lncRNA	3	3	5	0.4431	0.1298	0.1250
ENSG00000287692.1	AC053545.1	lncRNA	4	3	1	0.0754	0.0221	0.0213
ENSG00000287693.1	AC091691.3	lncRNA	2	1	1	0.0297	0.0087	0.0084
ENSG00000287694.1	AC106741.1	protein_coding	0	0	0	0.0000	0.0000	0.0000
ENSG00000287695.1	AC008625.1	lncRNA	0	0	0	0.0000	0.0000	0.0000
ENSG00000287696.1	AL357614.1	lncRNA	0	0	0	0.0000	0.0000	0.0000
ENSG00000287697.1	Z99127.3	lncRNA	2	8	7	0.1336	0.0391	0.0377
ENSG00000287698.1	AC005343.7	lncRNA	0	0	0	0.0000	0.0000	0.0000
ENSG00000287699.1	AC073270.1	lncRNA	0	0	0	0.0000	0.0000	0.0000
ENSG00000287700.1	AL591378.1	lncRNA	0	0	0	0.0000	0.0000	0.0000
ENSG00000287701.1	AC116337.4	lncRNA	0	0	0	0.0000	0.0000	0.0000
ENSG00000287702.1	AC002057.2	lncRNA	0	0	0	0.0000	0.0000	0.0000
ENSG00000287703.1	AC099565.1	lncRNA	0	0	0	0.0000	0.0000	0.0000
ENSG00000287704.1	AC012405.1	lncRNA	0	0	0	0.0000	0.0000	0.0000
ENSG00000287705.1	AL139232.1	lncRNA	0	0	0	0.0000	0.0000	0.0000
ENSG00000287706.1	AC092924.2	lncRNA	0	0	0	0.0000	0.0000	0.0000
ENSG00000287707.1	AC115284.4	lncRNA	2	0	2	0.0418	0.0122	0.0118
ENSG00000287708.1	AL137017.1	lncRNA	0	0	0	0.0000	0.0000	0.0000
ENSG00000287709.1	AC008780.1	lncRNA	23	14	9	1.4932	0.4374	0.4212
ENSG00000287710.1	AC067852.5	lncRNA	18	17	8	2.8202	0.8261	0.7955
ENSG00000287712.1	AC005865.2	lncRNA	1	0	1	0.0676	0.0198	0.0191
ENSG00000287713.1	AC006517.2	lncRNA	0	0	0	0.0000	0.0000	0.0000
ENSG00000287714.1	AC025164.2	lncRNA	0	0	0	0.0000	0.0000	0.0000
ENSG00000287715.1	AC026120.3	lncRNA	0	1	0	0.0000	0.0000	0.0000
ENSG00000287717.1	AC133637.2	lncRNA	0	0	0	0.0000	0.0000	0.0000
ENSG00000287718.1	AC009166.3	lncRNA	0	0	0	0.0000	0.0000	0.0000
ENSG00000287719.1	AP001531.1	lncRNA	0	0	0	0.0000	0.0000	0.0000
ENSG00000287720.1	AC023480.1	lncRNA	0	0	0	0.0000	0.0000	0.0000
ENSG00000287721.1	AC061975.8	lncRNA	22	11	11	1.2030	0.3524	0.3393
ENSG00000287722.1	AL356295.1	lncRNA	0	0	0	0.0000	0.0000	0.0000
ENSG00000287723.1	AP005901.6	lncRNA	0	0	0	0.0000	0.0000	0.0000
ENSG00000287724.1	AC096536.3	lncRNA	0	413	407	0.0000	0.0000	0.0000
ENSG00000287725.1	AP003071.5	protein_coding	19	9	10	0.3491	0.1023	0.0985
ENSG00000287726.1	AC005740.5	lncRNA	1	1	2	0.0205	0.0060	0.0058
ENSG00000287727.1	AL139423.2	lncRNA	2	1	1	0.0591	0.0173	0.0167
ENSG00000287728.2	AL049695.1	lncRNA	0	0	0	0.0000	0.0000	0.0000
ENSG00000287729.1	AF241728.2	lncRNA	2	2	0	0.1389	0.0407	0.0392
ENSG00000287730.1	AC097526.1	lncRNA	0	0	0	0.0000	0.0000	0.0000
ENSG00000287731.1	AL035603.1	lncRNA	0	0	0	0.0000	0.0000	0.0000
ENSG00000287732.1	AL731574.1	lncRNA	0	0	0	0.0000	0.0000	0.0000
ENSG00000287733.1	AC083862.2	lncRNA	52	28	28	4.1936	1.2284	1.1828
ENSG00000287734.1	AL136524.1	lncRNA	0	0	0	0.0000	0.0000	0.0000
ENSG00000287735.1	AL355075.6	lncRNA	4	4	1	0.3327	0.0975	0.0938
ENSG00000287736.1	PTCSC1	lncRNA	4	2	2	0.1209	0.0354	0.0341
ENSG00000287737.1	AC132872.5	lncRNA	12	4	8	0.2385	0.0699	0.0673
ENSG00000287738.1	AL359764.3	lncRNA	0	0	0	0.0000	0.0000	0.0000
ENSG00000287739.1	AC009019.2	lncRNA	1	0	1	0.0597	0.0175	0.0168
ENSG00000287740.1	AC115485.1	lncRNA	0	0	0	0.0000	0.0000	0.0000
ENSG00000287741.1	AC009434.1	lncRNA	0	0	0	0.0000	0.0000	0.0000
ENSG00000287742.1	AC068282.2	lncRNA	4	1	3	0.3954	0.1158	0.1115
ENSG00000287743.1	AL031289.2	lncRNA	2	0	2	0.1016	0.0298	0.0287
ENSG00000287744.1	AC005998.1	lncRNA	0	0	0	0.0000	0.0000	0.0000
ENSG00000287745.1	AL359380.1	lncRNA	0	0	0	0.0000	0.0000	0.0000
ENSG00000287746.1	AL139035.2	lncRNA	0	0	0	0.0000	0.0000	0.0000
ENSG00000287747.1	AF233439.2	lncRNA	0	0	0	0.0000	0.0000	0.0000
ENSG00000287748.1	AC082650.2	lncRNA	0	0	0	0.0000	0.0000	0.0000
ENSG00000287749.1	AC073091.2	lncRNA	0	0	0	0.0000	0.0000	0.0000
ENSG00000287750.1	AL353572.4	lncRNA	0	0	0	0.0000	0.0000	0.0000
ENSG00000287751.1	AC015818.10	processed_pseudogene	1	0	1	0.1675	0.0491	0.0472
ENSG00000287752.1	AL389889.2	lncRNA	0	0	0	0.0000	0.0000	0.0000
ENSG00000287753.1	AC130307.1	lncRNA	0	0	0	0.0000	0.0000	0.0000
ENSG00000287754.1	AL109837.3	lncRNA	2	2	0	0.0476	0.0139	0.0134
ENSG00000287755.1	AC107918.5	lncRNA	0	0	0	0.0000	0.0000	0.0000
ENSG00000287756.1	AL031293.1	lncRNA	0	0	0	0.0000	0.0000	0.0000
ENSG00000287757.1	AC244636.3	lncRNA	3	14	21	0.2009	0.0589	0.0567
ENSG00000287758.1	AC091027.3	lncRNA	0	0	0	0.0000	0.0000	0.0000
ENSG00000287759.1	AL353151.2	lncRNA	4	2	2	0.1812	0.0531	0.0511
ENSG00000287760.1	AC099521.3	lncRNA	0	0	1	0.0000	0.0000	0.0000
ENSG00000287761.1	AL162718.3	lncRNA	0	0	0	0.0000	0.0000	0.0000
ENSG00000287762.1	AC108050.1	lncRNA	0	0	0	0.0000	0.0000	0.0000
ENSG00000287763.1	AC068279.2	lncRNA	0	0	0	0.0000	0.0000	0.0000
ENSG00000287765.1	AL136295.22	lncRNA	0	1225	1229	0.0000	0.0000	0.0000
ENSG00000287766.1	AC006130.3	lncRNA	16	7	9	0.9542	0.2795	0.2691
ENSG00000287767.1	AC233976.2	lncRNA	0	0	0	0.0000	0.0000	0.0000
ENSG00000287768.1	BX469938.1	lncRNA	0	0	0	0.0000	0.0000	0.0000
ENSG00000287769.1	AL353748.3	lncRNA	29	15	14	0.7398	0.2167	0.2087
ENSG00000287770.1	AC107385.2	unprocessed_pseudogene	0	0	0	0.0000	0.0000	0.0000
ENSG00000287771.1	AC007271.1	lncRNA	0	0	0	0.0000	0.0000	0.0000
ENSG00000287772.1	AL137786.3	lncRNA	4	2	2	0.1868	0.0547	0.0527
ENSG00000287773.1	Z80897.2	lncRNA	0	0	0	0.0000	0.0000	0.0000
ENSG00000287774.1	AC025614.2	lncRNA	0	0	1	0.0000	0.0000	0.0000
ENSG00000287775.1	AC096747.1	lncRNA	1	0	1	0.0756	0.0221	0.0213
ENSG00000287776.1	AL513487.1	lncRNA	0	0	0	0.0000	0.0000	0.0000
ENSG00000287777.1	AL161851.2	lncRNA	1	2	0	0.1614	0.0473	0.0455
ENSG00000287778.1	AC006230.1	lncRNA	4	2	2	0.0402	0.0118	0.0113
ENSG00000287779.1	AL162742.2	transcribed_unprocessed_pseudogene	0	0	0	0.0000	0.0000	0.0000
ENSG00000287780.1	AC104850.2	lncRNA	1	0	1	0.1112	0.0326	0.0314
ENSG00000287781.1	AC018714.2	lncRNA	1	0	1	0.0628	0.0184	0.0177
ENSG00000287782.1	AL359632.1	lncRNA	0	161	199	0.0000	0.0000	0.0000
ENSG00000287783.1	AC020930.1	lncRNA	0	0	0	0.0000	0.0000	0.0000
ENSG00000287784.1	AC112482.2	lncRNA	0	0	0	0.0000	0.0000	0.0000
ENSG00000287785.1	AC103833.2	lncRNA	16	9	10	1.3243	0.3879	0.3735
ENSG00000287786.1	AC113615.2	lncRNA	1	0	1	0.0598	0.0175	0.0169
ENSG00000287787.1	AC092275.1	lncRNA	32	14	18	2.3049	0.6751	0.6501
ENSG00000287788.1	AC013701.2	lncRNA	0	0	0	0.0000	0.0000	0.0000
ENSG00000287789.1	AL158136.1	lncRNA	0	0	0	0.0000	0.0000	0.0000
ENSG00000287790.1	AC025756.1	lncRNA	0	0	0	0.0000	0.0000	0.0000
ENSG00000287791.1	AC008273.1	lncRNA	0	0	0	0.0000	0.0000	0.0000
ENSG00000287792.1	AC140118.2	lncRNA	0	0	0	0.0000	0.0000	0.0000
ENSG00000287793.1	AC068535.2	lncRNA	0	0	0	0.0000	0.0000	0.0000
ENSG00000287794.1	AC119150.2	unitary_pseudogene	0	0	0	0.0000	0.0000	0.0000
ENSG00000287795.1	AC026341.2	lncRNA	0	0	0	0.0000	0.0000	0.0000
ENSG00000287796.1	AC016925.3	lncRNA	0	0	0	0.0000	0.0000	0.0000
ENSG00000287797.1	AC093577.1	lncRNA	1	0	1	0.0347	0.0102	0.0098
ENSG00000287798.1	AC107918.6	lncRNA	12	7	5	0.6033	0.1767	0.1702
ENSG00000287799.1	AC005014.4	lncRNA	0	55	56	0.0000	0.0000	0.0000
ENSG00000287800.1	ABBA01045074.2	processed_pseudogene	0	0	0	0.0000	0.0000	0.0000
ENSG00000287801.1	AP000477.3	lncRNA	0	0	0	0.0000	0.0000	0.0000
ENSG00000287802.1	AP003173.1	lncRNA	0	0	0	0.0000	0.0000	0.0000
ENSG00000287803.1	AC117569.2	lncRNA	0	0	0	0.0000	0.0000	0.0000
ENSG00000287804.1	Z98745.2	lncRNA	0	0	0	0.0000	0.0000	0.0000
ENSG00000287805.1	AC128687.3	lncRNA	0	0	0	0.0000	0.0000	0.0000
ENSG00000287806.1	AL135784.1	lncRNA	0	0	0	0.0000	0.0000	0.0000
ENSG00000287807.1	AL390242.1	lncRNA	2	1	3	0.1223	0.0358	0.0345
ENSG00000287808.1	AL355999.1	lncRNA	10	138	121	0.8492	0.2487	0.2395
ENSG00000287809.1	AC005632.6	lncRNA	2	1	1	0.0990	0.0290	0.0279
ENSG00000287810.1	AL034380.2	unprocessed_pseudogene	0	0	0	0.0000	0.0000	0.0000
ENSG00000287811.1	AL391840.3	lncRNA	3	0	3	0.1792	0.0525	0.0505
ENSG00000287812.1	AC105046.2	lncRNA	0	1	0	0.0000	0.0000	0.0000
ENSG00000287813.1	AC016705.3	lncRNA	2	1	1	0.0751	0.0220	0.0212
ENSG00000287814.1	AC011407.1	lncRNA	3	3	0	0.1964	0.0575	0.0554
ENSG00000287815.1	AC005081.1	lncRNA	77	45	32	6.3546	1.8614	1.7923
ENSG00000287816.1	AL133475.1	lncRNA	0	0	0	0.0000	0.0000	0.0000
ENSG00000287817.1	AL096701.4	lncRNA	20	6	14	1.9455	0.5699	0.5487
ENSG00000287818.1	AL512283.3	lncRNA	1	0	1	0.0527	0.0155	0.0149
ENSG00000287819.1	AC055788.2	lncRNA	0	0	0	0.0000	0.0000	0.0000
ENSG00000287820.1	AL050338.2	lncRNA	5	8	4	0.1608	0.0471	0.0453
ENSG00000287821.1	AP000944.6	lncRNA	0	0	0	0.0000	0.0000	0.0000
ENSG00000287822.1	AC098679.5	lncRNA	0	0	0	0.0000	0.0000	0.0000
ENSG00000287823.1	AL603783.1	lncRNA	1	1	0	0.0125	0.0036	0.0035
ENSG00000287824.1	AL627443.3	lncRNA	0	0	0	0.0000	0.0000	0.0000
ENSG00000287825.1	AL035587.2	lncRNA	8	12	14	1.0404	0.3047	0.2934
ENSG00000287826.1	AC090994.1	lncRNA	1	0	1	0.0384	0.0113	0.0108
ENSG00000287827.1	AC002529.1	lncRNA	0	0	0	0.0000	0.0000	0.0000
ENSG00000287828.1	AL354743.2	lncRNA	3	1	2	0.3499	0.1025	0.0987
ENSG00000287829.1	AC002542.6	lncRNA	3	2	1	0.2344	0.0687	0.0661
ENSG00000287830.1	AC007218.3	lncRNA	1	0	1	0.0473	0.0138	0.0133
ENSG00000287831.1	AL135926.2	lncRNA	0	0	0	0.0000	0.0000	0.0000
ENSG00000287832.1	AC092845.1	lncRNA	0	0	0	0.0000	0.0000	0.0000
ENSG00000287833.1	AL157997.1	lncRNA	0	0	0	0.0000	0.0000	0.0000
ENSG00000287834.1	AP005210.2	lncRNA	0	0	0	0.0000	0.0000	0.0000
ENSG00000287835.1	AC006063.4	lncRNA	0	0	0	0.0000	0.0000	0.0000
ENSG00000287836.1	AC016168.4	lncRNA	1	1	0	0.0459	0.0134	0.0129
ENSG00000287837.1	AL590064.1	lncRNA	19	13	6	1.7294	0.5066	0.4878
ENSG00000287838.1	AL953883.1	lncRNA	0	0	0	0.0000	0.0000	0.0000
ENSG00000287839.1	AL353807.5	lncRNA	37	14	23	2.4957	0.7310	0.7039
ENSG00000287840.1	AC009268.3	lncRNA	0	0	0	0.0000	0.0000	0.0000
ENSG00000287841.1	AC096585.1	lncRNA	0	0	0	0.0000	0.0000	0.0000
ENSG00000287842.1	AL161714.1	lncRNA	2	1	1	0.1993	0.0584	0.0562
ENSG00000287843.1	AL161628.1	lncRNA	0	0	0	0.0000	0.0000	0.0000
ENSG00000287844.1	AC018953.2	lncRNA	0	0	0	0.0000	0.0000	0.0000
ENSG00000287845.1	AC093765.5	lncRNA	0	0	0	0.0000	0.0000	0.0000
ENSG00000287846.1	AP001001.2	processed_pseudogene	0	0	0	0.0000	0.0000	0.0000
ENSG00000287847.1	AC018678.1	lncRNA	0	0	0	0.0000	0.0000	0.0000
ENSG00000287848.1	AL355303.2	lncRNA	0	0	0	0.0000	0.0000	0.0000
ENSG00000287849.1	AC079148.2	lncRNA	0	0	0	0.0000	0.0000	0.0000
ENSG00000287850.1	AL121897.1	lncRNA	0	0	0	0.0000	0.0000	0.0000
ENSG00000287851.1	AP001885.2	lncRNA	3	0	3	0.2853	0.0836	0.0805
ENSG00000287852.1	AL450326.3	lncRNA	0	0	0	0.0000	0.0000	0.0000
ENSG00000287853.1	AL031668.2	lncRNA	2	1	1	0.1385	0.0406	0.0391
ENSG00000287854.1	AC073409.2	lncRNA	0	0	0	0.0000	0.0000	0.0000
ENSG00000287855.1	AL023882.1	lncRNA	7	4	3	0.3277	0.0960	0.0924
ENSG00000287856.1	AL445524.2	protein_coding	3	0	3	0.0690	0.0202	0.0195
ENSG00000287857.1	AL592546.3	lncRNA	0	0	0	0.0000	0.0000	0.0000
ENSG00000287858.1	AC020550.2	lncRNA	0	0	0	0.0000	0.0000	0.0000
ENSG00000287859.1	AC008507.4	lncRNA	4	3	1	0.1513	0.0443	0.0427
ENSG00000287860.1	AC079804.3	lncRNA	0	0	0	0.0000	0.0000	0.0000
ENSG00000287861.1	AL137001.2	lncRNA	0	0	0	0.0000	0.0000	0.0000
ENSG00000287862.1	AC114971.1	lncRNA	0	0	0	0.0000	0.0000	0.0000
ENSG00000287863.1	AL139801.1	lncRNA	1	6	1	0.0435	0.0127	0.0123
ENSG00000287864.1	AP000345.3	lncRNA	2	2	0	0.1756	0.0514	0.0495
ENSG00000287865.1	AC099552.5	lncRNA	8	5	3	0.4701	0.1377	0.1326
ENSG00000287866.1	AC009102.4	lncRNA	1	0	1	0.0790	0.0231	0.0223
ENSG00000287867.1	AC007402.2	lncRNA	0	0	0	0.0000	0.0000	0.0000
ENSG00000287868.1	AL355377.4	lncRNA	5	1	4	0.2881	0.0844	0.0812
ENSG00000287869.1	AC073349.5	lncRNA	0	0	0	0.0000	0.0000	0.0000
ENSG00000287870.1	AC093433.2	lncRNA	0	0	0	0.0000	0.0000	0.0000
ENSG00000287871.1	AC073632.1	lncRNA	0	0	0	0.0000	0.0000	0.0000
ENSG00000287872.1	AC026956.2	lncRNA	0	1	0	0.0000	0.0000	0.0000
ENSG00000287873.1	AC020655.1	lncRNA	0	0	0	0.0000	0.0000	0.0000
ENSG00000287875.1	AC068193.1	lncRNA	4	5	5	0.3096	0.0907	0.0873
ENSG00000287876.1	AL512452.1	lncRNA	0	0	0	0.0000	0.0000	0.0000
ENSG00000287877.1	AL133538.1	lncRNA	1	0	1	0.0551	0.0161	0.0155
ENSG00000287878.1	AC022382.2	lncRNA	7	3	4	0.2823	0.0827	0.0796
ENSG00000287879.1	AC114341.2	lncRNA	0	0	0	0.0000	0.0000	0.0000
ENSG00000287880.1	AL445207.1	lncRNA	1	1	0	0.0687	0.0201	0.0194
ENSG00000287881.1	AC079148.3	lncRNA	0	0	0	0.0000	0.0000	0.0000
ENSG00000287882.1	AC134508.2	lncRNA	0	0	0	0.0000	0.0000	0.0000
ENSG00000287883.1	AC093627.22	lncRNA	1	0	1	0.0824	0.0242	0.0233
ENSG00000287884.1	AC005594.1	lncRNA	2	1	3	0.0906	0.0265	0.0255
ENSG00000287885.1	AC018553.3	lncRNA	0	0	0	0.0000	0.0000	0.0000
ENSG00000287886.1	AC005914.1	lncRNA	37	25	12	2.0604	0.6035	0.5811
ENSG00000287887.1	AL391560.2	lncRNA	2	1	1	0.0730	0.0214	0.0206
ENSG00000287888.1	AC087463.3	lncRNA	0	0	0	0.0000	0.0000	0.0000
ENSG00000287889.1	FAM242B	lncRNA	0	0	0	0.0000	0.0000	0.0000
ENSG00000287891.1	Z85996.3	lncRNA	25	15	10	2.0773	0.6085	0.5859
ENSG00000287892.1	AC090907.3	lncRNA	4	2	2	0.2762	0.0809	0.0779
ENSG00000287893.1	AC083864.5	lncRNA	1	0	1	0.0738	0.0216	0.0208
ENSG00000287894.1	AC174469.1	lncRNA	0	0	0	0.0000	0.0000	0.0000
ENSG00000287895.1	AL136379.1	lncRNA	0	0	0	0.0000	0.0000	0.0000
ENSG00000287896.1	AC073548.2	lncRNA	0	77	69	0.0000	0.0000	0.0000
ENSG00000287897.1	AP000465.1	lncRNA	0	0	0	0.0000	0.0000	0.0000
ENSG00000287898.1	AC124798.3	lncRNA	0	0	0	0.0000	0.0000	0.0000
ENSG00000287899.1	AC055714.1	lncRNA	0	0	0	0.0000	0.0000	0.0000
ENSG00000287900.1	AC061961.1	lncRNA	0	0	0	0.0000	0.0000	0.0000
ENSG00000287901.1	AL137026.3	lncRNA	0	0	0	0.0000	0.0000	0.0000
ENSG00000287902.1	AL023754.2	lncRNA	1	3	2	0.2696	0.0790	0.0760
ENSG00000287903.1	AL359852.2	lncRNA	0	0	0	0.0000	0.0000	0.0000
ENSG00000287904.1	AL138708.1	lncRNA	1	1	0	0.0495	0.0145	0.0140
ENSG00000287905.1	AC136431.2	lncRNA	0	0	0	0.0000	0.0000	0.0000
ENSG00000287906.1	AC127526.5	lncRNA	0	0	0	0.0000	0.0000	0.0000
ENSG00000287907.1	AC005909.2	lncRNA	0	0	0	0.0000	0.0000	0.0000
ENSG00000287908.1	AC025165.6	protein_coding	1	0	1	0.0273	0.0080	0.0077
ENSG00000287909.1	AC007497.2	lncRNA	0	0	0	0.0000	0.0000	0.0000
ENSG00000287910.1	AC104024.4	lncRNA	4	0	4	0.2253	0.0660	0.0635
ENSG00000287912.1	AP003464.1	lncRNA	0	0	0	0.0000	0.0000	0.0000
ENSG00000287913.1	AL132986.1	lncRNA	1	0	1	0.0274	0.0080	0.0077
ENSG00000287914.1	AL078582.2	lncRNA	1	0	1	0.1160	0.0340	0.0327
ENSG00000287915.1	AC037433.1	lncRNA	1	0	1	0.0566	0.0166	0.0160
ENSG00000287916.1	AC091607.2	lncRNA	7	473	478	0.4945	0.1449	0.1395
ENSG00000287917.1	AP000944.7	lncRNA	10	10	7	0.5298	0.1552	0.1494
ENSG00000287918.1	AF274853.1	lncRNA	2	1	2	0.0359	0.0105	0.0101
ENSG00000287919.1	AC092802.4	lncRNA	0	0	0	0.0000	0.0000	0.0000
ENSG00000287920.1	AL022098.1	lncRNA	1	0	1	0.0200	0.0059	0.0056
ENSG00000287921.1	AL713868.1	lncRNA	0	0	0	0.0000	0.0000	0.0000
ENSG00000287922.1	AC021979.3	lncRNA	1	0	1	0.0318	0.0093	0.0090
ENSG00000287923.1	AL138701.2	lncRNA	0	0	0	0.0000	0.0000	0.0000
ENSG00000287924.1	AC093902.1	processed_pseudogene	0	0	0	0.0000	0.0000	0.0000
ENSG00000287925.1	AL353576.1	lncRNA	2	1	1	0.0422	0.0124	0.0119
ENSG00000287926.1	AC113208.5	lncRNA	1	3	2	0.0843	0.0247	0.0238
ENSG00000287927.1	AC100801.2	lncRNA	1	0	1	0.0410	0.0120	0.0116
ENSG00000287928.1	AC007535.1	lncRNA	0	0	0	0.0000	0.0000	0.0000
ENSG00000287929.1	AL354953.1	lncRNA	0	0	2	0.0000	0.0000	0.0000
ENSG00000287930.1	AL354897.2	lncRNA	0	0	0	0.0000	0.0000	0.0000
ENSG00000287931.1	AC092651.2	lncRNA	0	0	0	0.0000	0.0000	0.0000
ENSG00000287932.1	AC000065.2	lncRNA	1	0	1	0.0523	0.0153	0.0147
ENSG00000287933.1	AL357141.1	lncRNA	0	0	0	0.0000	0.0000	0.0000
ENSG00000287934.1	AP001885.3	lncRNA	7	249	230	0.3772	0.1105	0.1064
ENSG00000287935.1	AC136297.1	lncRNA	2	1	1	0.0517	0.0152	0.0146
ENSG00000287936.1	AL391425.1	lncRNA	0	0	0	0.0000	0.0000	0.0000
ENSG00000287937.1	AC079753.2	lncRNA	0	0	0	0.0000	0.0000	0.0000
ENSG00000287938.1	AC026726.2	lncRNA	0	0	0	0.0000	0.0000	0.0000
ENSG00000287939.1	AL096709.1	lncRNA	0	0	0	0.0000	0.0000	0.0000
ENSG00000287940.1	AC026433.1	lncRNA	0	0	0	0.0000	0.0000	0.0000
ENSG00000287941.1	AC021055.1	lncRNA	9	3	6	1.0600	0.3105	0.2990
ENSG00000287942.1	AC022360.1	lncRNA	0	0	0	0.0000	0.0000	0.0000
ENSG00000287943.1	AC091151.7	lncRNA	0	0	0	0.0000	0.0000	0.0000
ENSG00000287944.1	AC027584.1	lncRNA	0	0	0	0.0000	0.0000	0.0000
ENSG00000287945.1	AL603824.1	lncRNA	0	0	0	0.0000	0.0000	0.0000
ENSG00000287946.1	AC092377.1	lncRNA	0	0	0	0.0000	0.0000	0.0000
ENSG00000287947.1	AC116361.1	lncRNA	0	0	0	0.0000	0.0000	0.0000
ENSG00000287948.1	AC084741.1	lncRNA	0	0	0	0.0000	0.0000	0.0000
ENSG00000287949.1	AC025508.1	lncRNA	0	0	0	0.0000	0.0000	0.0000
ENSG00000287950.1	AC009432.2	lncRNA	0	0	0	0.0000	0.0000	0.0000
ENSG00000287951.1	AC026402.2	lncRNA	0	0	0	0.0000	0.0000	0.0000
ENSG00000287952.1	AC105328.1	lncRNA	0	661	686	0.0000	0.0000	0.0000
ENSG00000287953.1	AC092848.2	lncRNA	0	0	0	0.0000	0.0000	0.0000
ENSG00000287954.1	AL049646.2	lncRNA	0	0	0	0.0000	0.0000	0.0000
ENSG00000287955.1	AL137067.3	lncRNA	0	0	0	0.0000	0.0000	0.0000
ENSG00000287956.1	AC010872.2	lncRNA	0	0	0	0.0000	0.0000	0.0000
ENSG00000287957.1	AC007695.1	lncRNA	2	11	8	0.0438	0.0128	0.0124
ENSG00000287958.1	AC092053.5	lncRNA	0	0	0	0.0000	0.0000	0.0000
ENSG00000287959.1	AC021236.1	lncRNA	0	48	61	0.0000	0.0000	0.0000
ENSG00000287960.1	AC008567.3	lncRNA	1	0	1	0.0313	0.0092	0.0088
ENSG00000287961.1	AC020911.3	lncRNA	1	0	1	0.1289	0.0377	0.0363
ENSG00000287962.1	AC116534.1	lncRNA	0	0	0	0.0000	0.0000	0.0000
ENSG00000287963.1	AC010476.2	lncRNA	0	0	0	0.0000	0.0000	0.0000
ENSG00000287964.1	AC066580.1	lncRNA	0	0	0	0.0000	0.0000	0.0000
ENSG00000287965.1	AC018557.3	lncRNA	0	0	0	0.0000	0.0000	0.0000
ENSG00000287966.1	AL590062.1	lncRNA	1	5	1	0.0631	0.0185	0.0178
ENSG00000287967.1	AC004882.3	lncRNA	0	1153	1226	0.0000	0.0000	0.0000
ENSG00000287968.1	AC093606.1	lncRNA	0	0	0	0.0000	0.0000	0.0000
ENSG00000287969.1	AL355474.1	lncRNA	0	0	0	0.0000	0.0000	0.0000
ENSG00000287970.1	AC245164.2	lncRNA	0	0	0	0.0000	0.0000	0.0000
ENSG00000287971.1	AC093642.6	lncRNA	1	1	0	0.0369	0.0108	0.0104
ENSG00000287972.1	AC073648.7	lncRNA	0	0	0	0.0000	0.0000	0.0000
ENSG00000287973.1	AC100834.2	lncRNA	0	0	0	0.0000	0.0000	0.0000
ENSG00000287974.1	Z84486.1	lncRNA	11	8	4	0.7034	0.2060	0.1984
ENSG00000287975.1	AC113143.2	lncRNA	0	0	0	0.0000	0.0000	0.0000
ENSG00000287976.1	AL445123.2	lncRNA	0	0	0	0.0000	0.0000	0.0000
ENSG00000287977.1	AC068630.1	processed_pseudogene	0	0	0	0.0000	0.0000	0.0000
ENSG00000287978.1	AC245407.2	lncRNA	116	61	55	14.7467	4.3195	4.1594
ENSG00000287979.1	AC253572.1	lncRNA	0	0	0	0.0000	0.0000	0.0000
ENSG00000287980.1	AL391557.1	lncRNA	0	0	0	0.0000	0.0000	0.0000
ENSG00000287981.1	AC123023.2	lncRNA	0	0	0	0.0000	0.0000	0.0000
ENSG00000287982.1	AC026765.4	lncRNA	0	0	0	0.0000	0.0000	0.0000
ENSG00000287983.1	AL035251.1	lncRNA	0	0	0	0.0000	0.0000	0.0000
ENSG00000287984.1	AC068858.1	lncRNA	0	0	0	0.0000	0.0000	0.0000
ENSG00000287985.1	AC073270.2	lncRNA	1	1	0	0.0711	0.0208	0.0201
ENSG00000287986.1	AL135841.1	lncRNA	1	1	0	0.1602	0.0469	0.0452
ENSG00000287987.1	AL390839.2	lncRNA	0	0	0	0.0000	0.0000	0.0000
ENSG00000287988.1	FO082814.1	transcribed_unprocessed_pseudogene	0	0	0	0.0000	0.0000	0.0000
ENSG00000287989.1	AL450352.1	lncRNA	0	0	0	0.0000	0.0000	0.0000
ENSG00000287990.1	AL358334.4	lncRNA	0	8	8	0.0000	0.0000	0.0000
ENSG00000287991.1	AL162151.3	lncRNA	0	0	0	0.0000	0.0000	0.0000
ENSG00000287992.1	AL357513.1	lncRNA	0	0	0	0.0000	0.0000	0.0000
ENSG00000287993.1	AC090338.1	lncRNA	0	0	0	0.0000	0.0000	0.0000
ENSG00000287994.1	AC009835.1	lncRNA	0	0	0	0.0000	0.0000	0.0000
ENSG00000287995.1	AC092053.6	lncRNA	0	0	0	0.0000	0.0000	0.0000
ENSG00000287996.1	AL359208.1	lncRNA	0	0	0	0.0000	0.0000	0.0000
ENSG00000287997.1	AL354950.3	lncRNA	0	3	6	0.0000	0.0000	0.0000
ENSG00000287998.1	AC104232.3	lncRNA	5	7	2	0.1556	0.0456	0.0439
ENSG00000287999.1	AC097522.2	lncRNA	0	0	0	0.0000	0.0000	0.0000
ENSG00000288000.1	AL031681.2	protein_coding	0	0	0	0.0000	0.0000	0.0000
ENSG00000288001.1	AL354811.2	lncRNA	0	0	0	0.0000	0.0000	0.0000
ENSG00000288002.1	AC091912.3	lncRNA	32	16	16	0.8803	0.2579	0.2483
ENSG00000288003.1	AC079768.4	lncRNA	0	0	0	0.0000	0.0000	0.0000
ENSG00000288004.1	AC023503.1	lncRNA	0	0	0	0.0000	0.0000	0.0000
ENSG00000288005.1	AC104211.3	lncRNA	3	2	1	0.1845	0.0540	0.0520
ENSG00000288006.1	AC137735.3	lncRNA	0	0	0	0.0000	0.0000	0.0000
ENSG00000288007.1	AC092803.4	lncRNA	6	6	4	0.3243	0.0950	0.0915
ENSG00000288008.1	AC109458.2	lncRNA	0	0	0	0.0000	0.0000	0.0000
ENSG00000288009.1	AL353135.2	lncRNA	1	0	1	0.0483	0.0141	0.0136
ENSG00000288010.1	AL035587.3	lncRNA	0	0	1	0.0000	0.0000	0.0000
ENSG00000288011.1	AC024597.1	lncRNA	7	3	4	0.2036	0.0596	0.0574
ENSG00000288012.1	AP003307.1	lncRNA	1	17	18	0.1404	0.0411	0.0396
ENSG00000288013.1	AP003486.2	lncRNA	1	1	0	0.0407	0.0119	0.0115
ENSG00000288014.1	AL121969.1	processed_pseudogene	0	0	0	0.0000	0.0000	0.0000
ENSG00000288015.1	AL159156.1	lncRNA	0	0	0	0.0000	0.0000	0.0000
ENSG00000288016.1	AL162493.1	lncRNA	0	0	0	0.0000	0.0000	0.0000
ENSG00000288017.1	AC011505.1	lncRNA	0	0	0	0.0000	0.0000	0.0000
ENSG00000288018.1	AP003120.1	lncRNA	16	6	10	0.9256	0.2711	0.2611
ENSG00000288019.1	AC093677.3	lncRNA	0	0	0	0.0000	0.0000	0.0000
ENSG00000288020.1	AP002991.2	lncRNA	0	67	77	0.0000	0.0000	0.0000
ENSG00000288021.1	AL450338.2	lncRNA	0	0	0	0.0000	0.0000	0.0000
ENSG00000288022.1	AC117488.1	lncRNA	0	0	0	0.0000	0.0000	0.0000
ENSG00000288023.1	AL157936.1	lncRNA	0	0	0	0.0000	0.0000	0.0000
ENSG00000288024.1	AC005301.2	lncRNA	0	2	4	0.0000	0.0000	0.0000
ENSG00000288025.1	AC093849.4	lncRNA	2	718	730	0.0329	0.0096	0.0093
ENSG00000288026.1	AC096996.3	lncRNA	0	0	0	0.0000	0.0000	0.0000
ENSG00000288028.1	AL049839.3	lncRNA	0	0	0	0.0000	0.0000	0.0000
ENSG00000288029.1	AC115282.2	lncRNA	0	0	0	0.0000	0.0000	0.0000
ENSG00000288030.1	AC066585.1	lncRNA	0	0	0	0.0000	0.0000	0.0000
ENSG00000288031.1	AC093838.2	transcribed_unprocessed_pseudogene	1	0	1	0.0394	0.0115	0.0111
ENSG00000288032.1	AC104472.5	lncRNA	1	0	1	0.0867	0.0254	0.0245
ENSG00000288033.1	AC137894.4	lncRNA	1	0	1	0.0900	0.0264	0.0254
ENSG00000288034.1	AL049833.4	lncRNA	0	0	0	0.0000	0.0000	0.0000
ENSG00000288035.1	AC022433.1	lncRNA	0	0	0	0.0000	0.0000	0.0000
ENSG00000288036.1	AC015943.1	lncRNA	0	0	0	0.0000	0.0000	0.0000
ENSG00000288037.1	AL118511.4	lncRNA	0	0	0	0.0000	0.0000	0.0000
ENSG00000288038.1	AL445588.1	lncRNA	0	0	0	0.0000	0.0000	0.0000
ENSG00000288039.1	AC098969.2	lncRNA	0	0	0	0.0000	0.0000	0.0000
ENSG00000288040.1	AC097713.2	lncRNA	0	0	0	0.0000	0.0000	0.0000
ENSG00000288041.1	AC092819.3	lncRNA	0	0	0	0.0000	0.0000	0.0000
ENSG00000288042.1	AL157703.1	lncRNA	0	0	0	0.0000	0.0000	0.0000
ENSG00000288043.1	AC006511.6	lncRNA	0	0	0	0.0000	0.0000	0.0000
ENSG00000288044.1	AL096870.12	lncRNA	4	30	34	1.0262	0.3006	0.2895
ENSG00000288045.1	AL352979.4	lncRNA	10	4	7	0.5926	0.1736	0.1671
ENSG00000288046.1	AL031123.5	lncRNA	2	2	0	0.0381	0.0112	0.0107
ENSG00000288047.1	AP001994.3	lncRNA	0	0	0	0.0000	0.0000	0.0000
ENSG00000288048.1	AC104088.3	lncRNA	0	0	0	0.0000	0.0000	0.0000
ENSG00000288049.1	AC010889.2	lncRNA	0	0	0	0.0000	0.0000	0.0000
ENSG00000288050.1	AC010727.1	lncRNA	0	0	0	0.0000	0.0000	0.0000
ENSG00000288051.1	AC008060.5	lncRNA	0	0	0	0.0000	0.0000	0.0000
ENSG00000288052.1	AL356952.1	lncRNA	0	0	0	0.0000	0.0000	0.0000
ENSG00000288053.1	AC231657.3	protein_coding	0	0	0	0.0000	0.0000	0.0000
ENSG00000288054.1	AL360178.2	lncRNA	0	0	0	0.0000	0.0000	0.0000
ENSG00000288055.1	AC107373.3	lncRNA	0	0	0	0.0000	0.0000	0.0000
ENSG00000288056.1	AL023806.4	lncRNA	1	1	0	0.0489	0.0143	0.0138
ENSG00000288057.1	AC010086.3	lncRNA	0	0	0	0.0000	0.0000	0.0000
ENSG00000288059.1	AL445213.2	lncRNA	4	0	4	0.6120	0.1793	0.1726
ENSG00000288060.1	AL355338.1	lncRNA	2	2	0	0.2229	0.0653	0.0629
ENSG00000288061.1	AP000926.2	lncRNA	1	6	20	0.1173	0.0344	0.0331
ENSG00000288062.1	AL136981.3	lncRNA	1	0	1	0.0291	0.0085	0.0082
ENSG00000288063.1	AC099050.1	lncRNA	1	2	8	0.0533	0.0156	0.0150
ENSG00000288064.1	AC067945.3	lncRNA	0	8	5	0.0000	0.0000	0.0000
ENSG00000288065.1	AC007881.4	lncRNA	10	6	5	0.7430	0.2176	0.2096
ENSG00000288066.1	AC097448.1	lncRNA	273	129	148	12.1251	3.5516	3.4200
ENSG00000288067.1	AC105180.2	lncRNA	1	1	0	0.0305	0.0089	0.0086
ENSG00000288068.1	AC027088.5	lncRNA	4	1	3	0.0848	0.0248	0.0239
ENSG00000288069.1	AF064866.1	lncRNA	0	0	0	0.0000	0.0000	0.0000
ENSG00000288070.1	AC016902.1	lncRNA	0	0	0	0.0000	0.0000	0.0000
ENSG00000288071.1	AL591135.2	lncRNA	0	0	0	0.0000	0.0000	0.0000
ENSG00000288072.1	AC008507.5	lncRNA	0	0	0	0.0000	0.0000	0.0000
ENSG00000288073.1	AC022463.1	lncRNA	0	0	0	0.0000	0.0000	0.0000
ENSG00000288074.1	AC026341.3	lncRNA	0	0	0	0.0000	0.0000	0.0000
ENSG00000288075.1	AC108519.1	lncRNA	4	1	3	0.0336	0.0099	0.0095
ENSG00000288076.1	AC018398.2	lncRNA	0	0	0	0.0000	0.0000	0.0000
ENSG00000288077.1	AC027129.1	lncRNA	0	0	0	0.0000	0.0000	0.0000
ENSG00000288078.1	AL133553.2	lncRNA	0	0	0	0.0000	0.0000	0.0000
ENSG00000288079.1	AC026329.1	lncRNA	0	0	0	0.0000	0.0000	0.0000
ENSG00000288080.1	AC005104.2	lncRNA	0	1	0	0.0000	0.0000	0.0000
ENSG00000288081.1	AC011374.3	lncRNA	0	0	0	0.0000	0.0000	0.0000
ENSG00000288082.1	AC023787.3	lncRNA	0	0	0	0.0000	0.0000	0.0000
ENSG00000288083.1	AL121888.2	lncRNA	0	0	0	0.0000	0.0000	0.0000
ENSG00000288084.1	AL590608.1	lncRNA	0	0	0	0.0000	0.0000	0.0000
ENSG00000288085.1	AL356094.2	lncRNA	0	0	0	0.0000	0.0000	0.0000
ENSG00000288086.1	AL157414.4	lncRNA	0	0	0	0.0000	0.0000	0.0000
ENSG00000288087.1	AC112770.1	lncRNA	0	0	0	0.0000	0.0000	0.0000
ENSG00000288088.1	AL606923.2	lncRNA	5	2	3	0.1627	0.0477	0.0459
ENSG00000288089.1	AC011303.1	lncRNA	0	0	0	0.0000	0.0000	0.0000
ENSG00000288090.1	AC010163.3	lncRNA	0	0	0	0.0000	0.0000	0.0000
ENSG00000288091.1	AC062022.2	lncRNA	0	0	0	0.0000	0.0000	0.0000
ENSG00000288092.1	AC026108.2	lncRNA	0	0	0	0.0000	0.0000	0.0000
ENSG00000288093.1	AL592295.5	lncRNA	11	7	4	0.4993	0.1462	0.1408
ENSG00000288094.1	AP000961.1	lncRNA	0	0	0	0.0000	0.0000	0.0000
ENSG00000288095.1	AC005618.4	lncRNA	3	2	1	0.1689	0.0495	0.0477
ENSG00000288096.1	AC109322.2	lncRNA	4	3	2	0.1637	0.0480	0.0462
ENSG00000288097.1	AP002448.1	lncRNA	0	0	0	0.0000	0.0000	0.0000
ENSG00000288098.1	AL031073.2	lncRNA	2	1	1	0.0633	0.0186	0.0179
ENSG00000288099.1	AL359259.1	lncRNA	0	0	0	0.0000	0.0000	0.0000
ENSG00000288100.1	AL161663.2	lncRNA	12	218	190	0.6080	0.1781	0.1715
ENSG00000288101.1	AL359987.1	lncRNA	0	0	0	0.0000	0.0000	0.0000
ENSG00000288102.1	AC112481.2	lncRNA	0	0	0	0.0000	0.0000	0.0000
ENSG00000288103.1	AL359538.4	lncRNA	2	2	0	0.0910	0.0266	0.0257
ENSG00000288104.1	AC008180.3	lncRNA	0	0	0	0.0000	0.0000	0.0000
ENSG00000288105.1	AC117461.1	lncRNA	1	0	1	0.0411	0.0120	0.0116
ENSG00000288106.1	AL022318.5	lncRNA	0	0	0	0.0000	0.0000	0.0000
ENSG00000288107.1	AL731769.2	lncRNA	1	1	0	0.0150	0.0044	0.0042
ENSG00000288108.1	AC126768.3	lncRNA	0	0	0	0.0000	0.0000	0.0000
ENSG00000288109.1	AC079331.3	lncRNA	1	0	1	0.1135	0.0333	0.0320
ENSG00000288110.1	AC010941.1	lncRNA	0	0	0	0.0000	0.0000	0.0000
ENSG00000288111.1	AC130888.1	lncRNA	0	0	0	0.0000	0.0000	0.0000
ENSG00000288139.1	AL031297.1	processed_pseudogene	0	0	0	0.0000	0.0000	0.0000
ENSG00000288153.1	AC003072.2	unprocessed_pseudogene	0	14	8	0.0000	0.0000	0.0000
ENSG00000288156.1	AC104530.1	lncRNA	28	18	10	0.9114	0.2670	0.2571
ENSG00000288162.1	AL596442.4	lncRNA	3	1	2	0.1487	0.0436	0.0419
ENSG00000288172.1	AL356419.1	lncRNA	0	0	0	0.0000	0.0000	0.0000
ENSG00000288177.1	AP006587.6	lncRNA	0	0	0	0.0000	0.0000	0.0000
ENSG00000288187.1	CU633906.5	lncRNA	0	0	0	0.0000	0.0000	0.0000
ENSG00000288208.1	AL451136.1	protein_coding	0	0	0	0.0000	0.0000	0.0000
ENSG00000288218.1	AL358787.2	processed_pseudogene	0	0	0	0.0000	0.0000	0.0000
ENSG00000288225.1	AL591926.7	processed_pseudogene	3	1	4	0.7986	0.2339	0.2253
ENSG00000288234.1	BX255925.4	lncRNA	0	6	6	0.0000	0.0000	0.0000
ENSG00000288235.1	FAM106C	lncRNA	0	0	0	0.0000	0.0000	0.0000
ENSG00000288245.1	AL355836.3	lncRNA	0	0	0	0.0000	0.0000	0.0000
ENSG00000288252.1	AL355836.4	lncRNA	0	0	0	0.0000	0.0000	0.0000
ENSG00000288253.1	AC010332.3	lncRNA	1	0	1	0.0162	0.0047	0.0046
ENSG00000288255.1	AP001153.2	unprocessed_pseudogene	0	0	0	0.0000	0.0000	0.0000
ENSG00000288258.1	BX470111.1	protein_coding	0	0	0	0.0000	0.0000	0.0000
ENSG00000288262.1	CT867976.1	unprocessed_pseudogene	1	1	0	0.0312	0.0091	0.0088
ENSG00000288266.1	AF064858.3	TEC	0	0	0	0.0000	0.0000	0.0000
ENSG00000288271.1	AL136981.4	lncRNA	0	0	0	0.0000	0.0000	0.0000
ENSG00000288300.1	FP325313.3	lncRNA	0	0	0	0.0000	0.0000	0.0000
ENSG00000288302.1	AL132709.8	lncRNA	0	1	1	0.0000	0.0000	0.0000
ENSG00000288321.1	AC079772.1	lncRNA	90	39	51	3.8195	1.1188	1.0773
ENSG00000288330.1	AL160391.1	lncRNA	0	0	0	0.0000	0.0000	0.0000
ENSG00000288349.1	AC139272.1	processed_pseudogene	0	0	0	0.0000	0.0000	0.0000
ENSG00000288393.1	AP003086.3	transcribed_processed_pseudogene	0	0	0	0.0000	0.0000	0.0000
ENSG00000288398.1	AL109627.1	lncRNA	336	161	176	10.7187	3.1397	3.0233
ENSG00000288434.1	AC084851.4	processed_pseudogene	0	0	0	0.0000	0.0000	0.0000
ENSG00000288437.1	AC108479.2	unprocessed_pseudogene	7	1	6	0.8077	0.2366	0.2278
ENSG00000288459.1	AL512357.2	lncRNA	0	0	0	0.0000	0.0000	0.0000
ENSG00000288460.1	SMIM42	protein_coding	0	0	0	0.0000	0.0000	0.0000
ENSG00000288473.1	AL669830.1	lncRNA	0	0	0	0.0000	0.0000	0.0000
ENSG00000288484.1	AC091135.2	unprocessed_pseudogene	0	0	0	0.0000	0.0000	0.0000
ENSG00000288520.1	AL357075.4	protein_coding	0	0	0	0.0000	0.0000	0.0000
ENSG00000288523.1	AC025160.1	lncRNA	0	0	0	0.0000	0.0000	0.0000
ENSG00000288524.1	AC013474.2	lncRNA	0	0	0	0.0000	0.0000	0.0000
ENSG00000288525.1	AC011228.3	processed_pseudogene	0	0	0	0.0000	0.0000	0.0000
ENSG00000288526.1	AL157834.4	lncRNA	0	0	0	0.0000	0.0000	0.0000
ENSG00000288527.1	AL365445.1	processed_pseudogene	0	0	0	0.0000	0.0000	0.0000
ENSG00000288528.1	AP000942.5	lncRNA	1	37	43	0.1367	0.0401	0.0386
ENSG00000288529.1	AL035699.1	protein_coding	0	0	0	0.0000	0.0000	0.0000
ENSG00000288530.1	AC078860.3	lncRNA	0	1	1	0.0000	0.0000	0.0000
ENSG00000288531.1	AL669831.7	lncRNA	1	0	1	0.0258	0.0076	0.0073
ENSG00000288532.1	AC055720.3	lncRNA	0	0	0	0.0000	0.0000	0.0000
ENSG00000288533.1	AP001178.4	lncRNA	2	1	2	0.0697	0.0204	0.0196
ENSG00000288534.1	AP001931.2	protein_coding	2	1	1	0.0272	0.0080	0.0077
ENSG00000288535.1	AC013442.1	lncRNA	0	0	0	0.0000	0.0000	0.0000
ENSG00000288536.1	AF222684.1	lncRNA	0	0	0	0.0000	0.0000	0.0000
ENSG00000288537.1	AL162391.2	lncRNA	0	0	0	0.0000	0.0000	0.0000
ENSG00000288538.1	AP002985.1	lncRNA	5	45	57	0.2422	0.0709	0.0683
ENSG00000288539.1	AC022133.2	lncRNA	0	0	0	0.0000	0.0000	0.0000
ENSG00000288540.1	AL008720.2	lncRNA	0	0	0	0.0000	0.0000	0.0000
ENSG00000288541.1	AL353732.2	lncRNA	0	0	0	0.0000	0.0000	0.0000
ENSG00000288542.1	AL133318.1	lncRNA	0	0	0	0.0000	0.0000	0.0000
ENSG00000288543.1	AL035409.2	lncRNA	1	0	1	0.1709	0.0500	0.0482
ENSG00000288545.1	AC023421.2	lncRNA	0	0	0	0.0000	0.0000	0.0000
ENSG00000288546.1	AC004470.2	lncRNA	2	2	0	0.1496	0.0438	0.0422
ENSG00000288547.3	C3orf36	lncRNA	19	11	8	0.9673	0.2833	0.2728
ENSG00000288548.1	AL035653.1	lncRNA	1	1	0	0.0557	0.0163	0.0157
ENSG00000288549.1	AC026412.4	lncRNA	0	0	0	0.0000	0.0000	0.0000
ENSG00000288550.1	AC018809.3	protein_coding	0	0	0	0.0000	0.0000	0.0000
ENSG00000288551.1	AL023806.5	lncRNA	0	0	0	0.0000	0.0000	0.0000
ENSG00000288552.1	AL162573.1	lncRNA	0	0	0	0.0000	0.0000	0.0000
ENSG00000288553.1	AC106870.3	lncRNA	12	8	4	1.6761	0.4909	0.4727
ENSG00000288554.1	AC009063.4	lncRNA	2	2	0	0.3001	0.0879	0.0846
ENSG00000288555.1	AF222685.1	lncRNA	1	0	1	0.0315	0.0092	0.0089
ENSG00000288556.1	AL158157.1	transcribed_processed_pseudogene	0	0	0	0.0000	0.0000	0.0000
ENSG00000288557.1	AC080097.1	lncRNA	0	0	1	0.0000	0.0000	0.0000
ENSG00000288558.2	DUS4L-BCAP29	protein_coding	356	174	182	4.1596	1.2184	1.1732
ENSG00000288559.1	AC016394.2	lncRNA	51	38	35	6.9518	2.0363	1.9608
ENSG00000288560.1	AL360015.1	lncRNA	0	0	0	0.0000	0.0000	0.0000
ENSG00000288561.1	AC103975.1	unprocessed_pseudogene	0	0	0	0.0000	0.0000	0.0000
ENSG00000288562.1	AL049198.1	lncRNA	1	1	0	0.0486	0.0142	0.0137
ENSG00000288563.1	AC097478.4	lncRNA	0	0	0	0.0000	0.0000	0.0000
ENSG00000288564.1	AL355385.2	protein_coding	0	0	0	0.0000	0.0000	0.0000
ENSG00000288565.1	AC068057.3	lncRNA	0	0	0	0.0000	0.0000	0.0000
ENSG00000288566.1	AL451164.3	lncRNA	0	0	0	0.0000	0.0000	0.0000
ENSG00000288567.1	AC074087.2	unitary_pseudogene	0	0	0	0.0000	0.0000	0.0000
ENSG00000288568.1	AC092720.3	lncRNA	2	1	1	0.0638	0.0187	0.0180
ENSG00000288569.1	LINC01949	lncRNA	0	0	0	0.0000	0.0000	0.0000
ENSG00000288570.1	AL359092.3	protein_coding	0	0	0	0.0000	0.0000	0.0000
ENSG00000288571.1	AL442063.1	lncRNA	0	0	0	0.0000	0.0000	0.0000
ENSG00000288573.1	AL357079.3	lncRNA	21	7	14	3.2017	0.9378	0.9030
ENSG00000288574.1	AL161734.2	lncRNA	0	0	0	0.0000	0.0000	0.0000
ENSG00000288575.1	AL159996.1	lncRNA	1	1	0	0.0312	0.0091	0.0088
ENSG00000288576.1	AC107294.4	lncRNA	0	0	0	0.0000	0.0000	0.0000
ENSG00000288577.1	AL117334.1	lncRNA	0	0	0	0.0000	0.0000	0.0000
ENSG00000288578.1	AF130248.1	lncRNA	0	0	0	0.0000	0.0000	0.0000
ENSG00000288579.1	AC025472.1	processed_pseudogene	0	0	0	0.0000	0.0000	0.0000
ENSG00000288580.1	AC023296.1	lncRNA	0	0	0	0.0000	0.0000	0.0000
ENSG00000288581.1	AL137139.3	lncRNA	0	0	0	0.0000	0.0000	0.0000
ENSG00000288582.2	NABP1-OT1	lncRNA	0	0	0	0.0000	0.0000	0.0000
ENSG00000288583.1	AL162231.5	lncRNA	1	0	1	0.1652	0.0484	0.0466
ENSG00000288584.1	Z97205.3	lncRNA	0	0	0	0.0000	0.0000	0.0000
ENSG00000288585.1	AC010184.1	lncRNA	2	2	1	0.0293	0.0086	0.0083
ENSG00000288586.1	AL357874.3	lncRNA	1	1	2	0.0499	0.0146	0.0141
ENSG00000288587.1	AL645933.3	lncRNA	0	0	1	0.0000	0.0000	0.0000
ENSG00000288588.1	AC116317.2	lncRNA	0	0	0	0.0000	0.0000	0.0000
ENSG00000288589.1	AC226119.3	lncRNA	0	0	0	0.0000	0.0000	0.0000
ENSG00000288591.1	AC078815.1	protein_coding	0	0	0	0.0000	0.0000	0.0000
ENSG00000288592.1	AC015871.7	transcribed_unitary_pseudogene	0	0	0	0.0000	0.0000	0.0000
ENSG00000288593.1	AP001054.1	protein_coding	0	0	0	0.0000	0.0000	0.0000
ENSG00000288595.1	AC236668.1	lncRNA	0	0	0	0.0000	0.0000	0.0000
ENSG00000288596.2	C8orf44	lncRNA	60	37	23	2.0340	0.5958	0.5737
ENSG00000288597.1	AC234782.2	lncRNA	1	1911	1845	0.0068	0.0020	0.0019
ENSG00000288598.1	AL354833.1	lncRNA	5	38	31	0.0720	0.0211	0.0203
ENSG00000288600.1	AL354833.2	lncRNA	2	1	1	0.2893	0.0848	0.0816
ENSG00000288601.1	5S_rRNA	rRNA_pseudogene	0	0	0	0.0000	0.0000	0.0000
ENSG00000288602.1	C8orf44-SGK3	protein_coding	0	0	0	0.0000	0.0000	0.0000
ENSG00000288603.1	SNORA74C-2	snoRNA	0	0	0	0.0000	0.0000	0.0000
ENSG00000288604.1	AC015871.8	transcribed_processed_pseudogene	0	6	6	0.0000	0.0000	0.0000
ENSG00000288605.1	AC007461.1	lncRNA	0	0	0	0.0000	0.0000	0.0000
ENSG00000288606.1	AC114744.2	lncRNA	0	0	0	0.0000	0.0000	0.0000
ENSG00000288607.1	ELOA3B	protein_coding	0	0	0	0.0000	0.0000	0.0000
ENSG00000288608.1	AC010973.3	protein_coding	0	0	0	0.0000	0.0000	0.0000
ENSG00000288610.1	AL161669.4	lncRNA	0	0	0	0.0000	0.0000	0.0000
ENSG00000288611.1	NPBWR1	protein_coding	0	0	0	0.0000	0.0000	0.0000
ENSG00000288612.1	AL133351.4	lncRNA	5	14	11	0.3086	0.0904	0.0870
ENSG00000288614.1	AL031178.1	protein_coding	0	0	0	0.0000	0.0000	0.0000
ENSG00000288615.1	AC034199.2	lncRNA	0	0	0	0.0000	0.0000	0.0000
ENSG00000288616.1	ELOA3D	protein_coding	0	0	0	0.0000	0.0000	0.0000
ENSG00000288617.1	AL049777.1	lncRNA	0	0	0	0.0000	0.0000	0.0000
ENSG00000288618.1	AC004510.2	lncRNA	0	0	0	0.0000	0.0000	0.0000
ENSG00000288620.1	AC092032.2	transcribed_unprocessed_pseudogene	0	0	0	0.0000	0.0000	0.0000
ENSG00000288622.1	PDCD6-AHRR	protein_coding	0	0	0	0.0000	0.0000	0.0000
ENSG00000288623.1	AC063943.2	protein_coding	0	0	0	0.0000	0.0000	0.0000
ENSG00000288625.1	AC068870.4	protein_coding	0	0	0	0.0000	0.0000	0.0000
ENSG00000288626.1	AC242628.1	protein_coding	0	0	0	0.0000	0.0000	0.0000
ENSG00000288627.1	AC139426.4	unprocessed_pseudogene	0	0	0	0.0000	0.0000	0.0000
ENSG00000288629.1	AC099569.1	protein_coding	0	0	0	0.0000	0.0000	0.0000
ENSG00000288630.1	AC009093.11	lncRNA	0	0	0	0.0000	0.0000	0.0000
ENSG00000288631.1	ELOA3	protein_coding	0	0	0	0.0000	0.0000	0.0000
ENSG00000288632.1	AC133555.6	lncRNA	0	0	0	0.0000	0.0000	0.0000
ENSG00000288633.1	AC092032.3	transcribed_unprocessed_pseudogene	0	0	0	0.0000	0.0000	0.0000
ENSG00000288634.1	AC079741.2	protein_coding	0	0	0	0.0000	0.0000	0.0000
ENSG00000288635.1	AC106873.8	protein_coding	0	0	0	0.0000	0.0000	0.0000
ENSG00000288636.1	AL049569.3	protein_coding	0	0	0	0.0000	0.0000	0.0000
ENSG00000288637.1	AC013477.1	protein_coding	0	0	0	0.0000	0.0000	0.0000
ENSG00000288638.1	LNCDAT	lncRNA	0	0	0	0.0000	0.0000	0.0000
ENSG00000288639.1	AC093246.1	protein_coding	0	0	0	0.0000	0.0000	0.0000
ENSG00000288640.1	AC005192.1	protein_coding	0	0	0	0.0000	0.0000	0.0000
ENSG00000288642.1	CDR1	protein_coding	0	4	1	0.0000	0.0000	0.0000
ENSG00000288643.1	AC114982.2	protein_coding	0	0	0	0.0000	0.0000	0.0000
ENSG00000288644.1	AC114402.2	protein_coding	0	0	0	0.0000	0.0000	0.0000
ENSG00000288645.1	AC084756.2	protein_coding	0	0	0	0.0000	0.0000	0.0000
ENSG00000288646.1	AL031178.2	protein_coding	0	0	0	0.0000	0.0000	0.0000
ENSG00000288648.1	AL139190.1	lncRNA	0	0	0	0.0000	0.0000	0.0000
ENSG00000288649.1	ACTL10	protein_coding	0	0	0	0.0000	0.0000	0.0000
ENSG00000288654.1	AC119733.1	protein_coding	0	0	0	0.0000	0.0000	0.0000
ENSG00000288656.1	AC020765.6	protein_coding	0	0	0	0.0000	0.0000	0.0000
ENSG00000288657.1	AL139280.3	lncRNA	0	0	0	0.0000	0.0000	0.0000
ENSG00000288658.1	AC010980.1	protein_coding	52	45	46	1.4883	0.4360	0.4198
ENSG00000288659.1	AC007511.1	lncRNA	0	0	0	0.0000	0.0000	0.0000
ENSG00000288660.1	AC004233.4	protein_coding	0	0	0	0.0000	0.0000	0.0000
ENSG00000288661.1	AL451106.1	protein_coding	0	0	0	0.0000	0.0000	0.0000
ENSG00000288662.1	AC092910.4	lncRNA	0	0	0	0.0000	0.0000	0.0000
ENSG00000288663.1	AC073611.1	lncRNA	9	6	3	0.1341	0.0393	0.0378
ENSG00000288665.1	AC136977.1	lncRNA	0	0	0	0.0000	0.0000	0.0000
ENSG00000288667.1	AC078856.1	lncRNA	0	0	0	0.0000	0.0000	0.0000
ENSG00000288669.1	AC008763.4	protein_coding	0	0	0	0.0000	0.0000	0.0000
ENSG00000288670.1	AL592295.6	lncRNA	162	89	82	7.6132	2.2300	2.1474
ENSG00000288671.1	AC006486.3	protein_coding	0	0	0	0.0000	0.0000	0.0000
ENSG00000288674.1	AL391628.1	protein_coding	3	3	0	0.0265	0.0078	0.0075
ENSG00000288675.1	AP006621.6	protein_coding	2	6	5	0.1011	0.0296	0.0285
